0 365
0 342
0 727
0 400
0 643
0 261
0 253
1 579
1 780
1 435
1 777
1 10
1 78
2 267
2 382
2 640
3 839
3 877
3 38
3 901
3 314
4 730
4 149
4 756
4 436
5 797
5 234
5 557
5 501
5 205
6 62
6 444
6 88
6 623
7 752
7 804
7 224
7 381
7 985
7 837
7 711
8 468
8 175
9 331
9 654
9 558
9 257
9 174
9 112
9 249
10 9
10 48
10 829
10 130
10 42
10 992
11 82
11 871
11 999
11 309
12 830
12 48
12 508
13 133
13 282
13 254
14 526
14 324
14 790
14 664
14 935
14 744
15 616
15 853
15 292
15 829
16 472
16 967
16 18
16 953
17 891
17 885
17 737
17 106
17 111
18 7
18 432
18 24
18 655
18 757
18 715
19 650
19 809
19 37
20 871
20 431
20 898
21 703
21 471
22 132
22 31
22 635
22 996
22 219
22 611
23 440
23 92
23 975
23 265
23 15
23 904
23 201
24 320
24 141
25 271
25 233
25 257
25 389
25 666
25 590
26 283
26 257
26 190
26 947
26 908
26 785
26 894
26 87
27 495
27 266
27 61
27 685
27 76
28 34
28 208
28 951
28 110
28 488
28 579
28 75
28 431
29 963
29 317
29 435
29 93
30 20
30 272
30 468
30 512
30 51
30 215
30 590
31 295
31 923
31 300
31 689
31 534
32 265
32 277
32 564
32 791
32 8
32 157
33 869
33 578
33 585
33 241
33 987
34 252
34 82
34 814
35 599
35 725
35 593
35 569
35 769
35 899
35 347
35 455
36 117
36 325
36 234
36 537
36 261
36 956
37 315
37 10
37 91
37 458
37 612
37 245
38 915
38 340
38 385
38 775
38 662
38 776
38 314
38 194
38 264
39 746
39 792
39 646
39 990
39 670
40 975
40 864
41 800
41 631
41 59
41 689
41 74
41 295
42 334
42 904
42 796
42 123
42 644
43 359
43 414
43 422
43 113
43 877
44 15
44 425
44 777
44 934
45 428
45 216
45 54
46 530
46 288
46 615
46 230
47 620
47 120
47 533
47 172
47 664
47 907
47 870
48 44
48 939
48 56
48 654
48 644
48 228
48 394
48 826
48 112
48 822
49 586
49 79
49 535
49 995
49 750
49 633
50 113
50 479
50 605
50 831
50 299
50 213
51 863
51 233
52 667
52 531
53 416
53 380
54 888
54 491
54 952
54 759
54 862
54 700
55 916
55 28
55 378
55 652
55 996
55 695
55 566
55 604
55 449
56 93
56 625
56 720
56 114
56 228
57 832
57 456
57 509
57 915
58 47
58 484
58 198
59 202
59 624
59 83
59 132
60 257
60 468
60 389
60 348
60 473
60 375
61 754
61 701
61 346
61 216
62 478
63 582
63 37
63 706
63 529
63 79
63 748
63 802
63 650
63 974
64 229
64 138
64 232
65 438
65 40
65 8
65 784
65 32
66 113
66 89
66 264
66 374
66 860
67 410
67 42
67 499
68 950
68 297
68 366
68 128
69 352
69 302
69 405
69 393
69 807
69 360
69 759
70 743
70 901
70 148
70 194
70 553
70 917
71 785
71 421
71 628
71 786
71 134
71 596
71 283
72 832
72 451
72 924
73 159
73 335
73 834
73 278
73 173
74 976
74 585
74 736
74 636
74 33
75 155
75 709
75 883
75 177
76 718
76 18
76 897
76 671
76 741
76 888
77 170
77 974
77 535
77 91
78 625
78 719
78 543
78 265
78 722
78 922
78 281
79 957
79 470
79 734
79 98
79 529
79 573
79 431
79 735
79 19
79 99
79 802
80 292
80 861
81 479
81 948
81 348
81 666
81 408
82 650
82 458
82 859
83 914
84 731
84 295
84 566
84 452
84 736
84 356
85 229
85 933
85 505
86 986
87 628
87 786
87 678
87 607
87 182
88 765
88 194
88 148
88 137
88 544
89 795
89 901
89 336
90 787
90 409
90 529
90 918
90 311
91 818
91 734
91 943
91 865
91 478
91 185
91 535
92 904
92 723
92 1
92 63
92 160
92 851
92 255
93 995
93 119
93 92
93 843
93 1
93 873
94 256
94 64
94 377
94 120
94 423
95 524
95 754
95 699
95 226
95 463
96 305
96 557
96 319
97 880
97 831
97 414
97 832
98 760
98 334
98 321
98 11
98 431
99 573
99 750
100 156
100 118
100 327
100 263
100 94
101 288
101 154
101 881
101 190
102 19
102 500
102 999
102 116
102 673
102 82
102 706
103 817
103 445
103 316
103 576
104 348
104 770
104 590
104 740
104 603
104 389
105 133
105 746
105 36
105 234
105 426
105 517
105 518
106 365
106 36
106 140
106 180
106 730
106 257
106 733
106 13
106 282
107 554
107 417
107 219
107 450
108 788
109 139
109 537
109 106
109 489
109 392
109 332
109 647
109 260
109 17
110 409
110 391
111 133
111 285
111 282
111 643
111 392
112 273
112 975
112 644
112 29
112 826
112 930
112 592
113 803
113 3
114 160
114 44
114 1
114 80
114 281
114 265
115 997
115 528
115 172
115 454
115 403
116 372
116 633
116 568
116 971
116 890
117 382
117 660
117 204
117 733
117 365
118 121
118 688
118 701
118 696
118 154
118 338
119 755
119 184
120 688
120 615
120 448
121 141
121 761
121 577
122 87
122 235
122 950
123 292
123 255
123 654
123 60
123 220
123 363
123 93
123 10
123 243
123 659
123 853
123 341
123 641
124 944
124 939
124 853
124 114
124 42
124 48
124 826
125 678
125 388
125 847
125 68
126 313
126 882
126 977
126 178
126 486
127 148
127 338
127 502
127 665
127 712
128 26
128 103
129 85
129 707
129 327
129 833
129 933
129 101
129 703
129 231
130 60
130 123
130 799
130 780
131 352
131 184
132 356
132 611
132 417
132 840
132 965
133 694
133 608
133 376
134 39
134 197
134 182
134 278
135 597
135 376
135 39
135 858
135 96
135 106
135 467
136 55
136 646
136 349
136 981
136 276
136 449
137 901
137 43
138 88
138 707
138 415
138 129
139 477
139 733
139 895
140 205
140 789
140 139
140 574
140 747
141 842
141 935
141 286
142 14
142 601
142 872
142 837
142 484
142 620
142 508
143 495
143 878
143 141
143 184
143 761
144 918
144 321
144 75
144 673
145 635
145 206
145 74
145 848
145 946
146 467
146 392
146 199
146 942
146 13
146 885
146 778
147 233
147 60
147 552
147 983
147 389
147 366
148 57
148 479
148 298
148 803
148 788
149 857
149 253
149 858
149 797
149 778
149 608
150 784
150 147
150 590
150 948
151 142
151 508
151 318
151 504
151 804
151 172
151 522
151 115
152 859
152 470
152 321
152 649
153 318
153 820
153 708
153 538
153 115
153 528
153 989
154 833
154 530
154 418
154 415
154 481
154 471
155 488
155 321
155 748
155 999
155 185
155 309
155 943
156 892
156 6
157 731
157 200
157 987
157 132
158 406
158 310
158 994
158 273
159 570
159 549
159 125
159 208
159 774
159 646
159 921
160 435
160 174
160 270
160 963
161 245
161 535
161 11
161 315
161 488
162 524
162 495
162 95
162 980
162 824
162 618
163 872
163 850
163 115
163 830
164 308
164 527
164 369
164 368
164 188
165 743
165 186
165 355
166 815
166 755
166 577
166 671
166 293
166 184
166 648
166 862
166 491
167 384
167 221
167 527
167 819
168 277
168 399
168 210
168 961
168 375
168 357
168 28
169 887
169 156
169 151
169 708
170 391
171 540
171 181
171 189
171 242
171 134
171 497
171 445
172 182
172 12
173 921
173 622
173 792
173 29
173 973
174 625
174 15
175 980
175 724
175 86
175 408
176 558
176 48
176 167
176 723
176 406
177 48
177 627
178 347
178 100
178 313
178 966
178 547
179 820
179 12
179 484
179 528
180 285
180 140
180 942
180 525
180 262
181 96
181 733
181 959
181 109
181 634
181 663
182 527
182 962
182 164
182 591
183 695
183 869
183 773
183 981
183 59
183 41
184 897
184 211
184 717
184 815
184 447
185 49
185 311
185 627
186 913
186 805
186 767
187 250
187 967
188 182
188 729
188 203
189 942
189 96
189 436
190 511
190 966
190 665
190 769
190 256
190 501
191 60
191 791
191 348
191 713
191 984
192 215
192 564
192 191
192 645
192 468
192 919
192 864
192 651
193 307
193 860
193 212
193 877
193 444
193 602
194 185
194 832
194 901
194 374
195 415
195 929
195 296
195 448
195 833
195 101
195 138
196 896
196 407
197 990
197 771
197 981
197 490
198 326
198 7
199 283
199 234
199 287
199 477
199 608
199 574
199 789
200 587
200 349
200 705
200 617
200 419
200 452
201 281
201 323
201 368
201 10
201 158
201 963
201 723
201 93
201 780
202 699
202 946
202 583
202 981
202 241
203 682
203 235
203 87
203 482
203 600
203 894
204 537
204 893
204 13
204 737
204 133
204 181
205 135
205 436
205 106
205 537
205 518
205 177
206 378
206 800
206 107
206 594
206 916
207 368
207 922
207 736
207 629
207 631
207 419
208 763
208 990
208 490
208 614
208 68
209 695
209 39
209 461
209 617
210 377
210 798
210 881
210 572
210 415
210 423
210 85
210 64
210 684
211 585
211 206
211 889
211 916
211 300
212 839
212 57
212 978
212 806
212 621
212 412
213 3
213 553
213 370
214 748
214 276
214 411
214 77
214 693
215 263
215 65
215 104
215 838
215 834
216 842
216 559
216 95
216 162
216 648
216 141
217 224
217 783
217 12
217 601
218 736
218 331
218 427
218 280
218 347
218 731
218 920
218 74
218 157
218 624
218 781
219 869
219 145
219 300
219 450
220 861
220 934
220 967
220 1
220 563
220 201
220 654
220 851
221 628
221 235
221 335
221 322
221 576
221 771
221 369
221 589
222 828
222 58
222 178
222 224
222 708
222 526
222 601
223 236
223 985
223 304
223 907
224 328
224 601
224 284
224 442
224 47
225 428
225 361
225 807
225 121
225 827
226 123
226 416
226 755
226 655
226 656
226 76
227 164
227 763
228 192
228 273
228 170
228 114
228 435
229 502
229 230
229 46
229 190
229 448
230 338
230 746
230 739
230 448
230 329
230 247
231 990
231 988
231 966
231 329
231 455
231 798
232 793
232 882
232 782
232 739
232 933
233 713
233 801
233 389
233 473
234 597
234 893
234 686
234 436
234 608
234 395
234 400
235 982
235 900
235 785
235 516
235 540
236 528
236 153
236 151
236 304
236 14
236 533
236 620
236 870
236 907
237 207
237 145
237 386
237 914
237 132
237 928
238 105
238 747
238 96
238 489
238 382
239 666
239 546
239 838
239 348
239 825
240 306
241 773
241 211
241 594
242 490
242 540
242 278
243 683
243 722
243 42
243 440
243 851
244 737
244 634
244 426
244 140
244 149
244 5
245 344
245 278
245 144
245 586
245 687
245 177
245 612
245 309
246 699
246 970
246 624
246 200
246 507
247 21
247 327
247 186
247 707
248 589
248 521
248 817
248 670
248 990
248 581
248 819
249 446
249 563
249 681
249 294
250 992
250 112
250 539
250 683
250 843
251 86
251 147
251 191
251 809
251 672
251 791
252 687
252 98
252 650
252 470
252 37
252 673
252 372
253 36
253 106
253 146
254 267
254 789
254 353
255 42
255 15
255 829
255 441
255 826
256 811
256 881
256 486
257 778
257 111
257 319
257 417
258 289
258 997
258 836
258 364
258 580
259 751
259 945
259 286
260 135
260 395
260 597
261 325
261 117
261 322
261 332
261 181
261 2
261 789
262 532
262 694
262 382
262 849
262 287
262 879
262 730
262 111
263 175
263 810
263 672
264 412
264 299
264 548
264 937
264 97
264 765
265 317
265 563
265 255
265 930
265 270
265 571
265 310
265 160
265 723
266 715
266 302
266 700
266 402
267 306
267 261
267 253
267 634
267 610
268 684
268 794
268 556
269 276
269 23
269 967
269 124
269 48
270 822
270 780
270 992
270 130
271 251
271 381
271 272
271 51
272 357
272 810
272 399
272 343
272 961
272 168
273 692
273 446
273 176
273 208
273 644
273 28
273 873
273 15
273 249
274 116
274 458
275 682
275 343
275 817
275 134
276 346
276 378
276 846
276 300
276 404
276 31
276 631
276 513
277 986
277 8
277 189
277 603
277 710
277 251
277 81
277 480
278 322
278 388
278 570
278 785
278 786
278 576
278 792
278 421
279 541
279 951
279 309
280 648
280 447
280 337
280 577
280 878
280 320
280 827
281 278
281 714
281 250
281 571
282 733
282 844
283 297
283 729
283 87
283 915
283 763
284 783
284 828
284 907
284 522
284 661
285 489
285 378
285 5
285 106
285 36
286 226
286 459
286 266
286 244
286 16
286 472
287 367
287 4
287 180
287 756
287 96
287 332
287 660
288 480
288 969
288 926
288 701
288 833
288 100
289 360
289 896
289 830
289 601
289 508
289 169
290 64
290 688
290 288
290 501
290 902
290 701
290 120
291 339
291 935
292 269
292 270
292 625
292 228
292 391
292 592
293 897
293 751
293 61
293 302
293 495
293 715
294 295
294 23
294 944
294 616
294 592
295 800
295 33
295 145
295 624
295 462
296 64
296 347
296 486
296 210
296 327
296 373
296 855
296 767
296 401
296 455
297 847
297 203
297 384
297 71
298 901
298 551
298 88
298 803
298 545
298 880
298 509
299 238
299 499
300 237
300 689
300 218
300 669
300 546
301 333
301 932
301 151
301 224
301 169
301 989
302 393
302 575
302 259
302 337
303 166
303 598
303 910
303 519
303 718
304 47
304 152
304 172
304 601
305 267
305 109
305 489
305 260
305 477
305 111
305 660
305 319
305 244
305 376
306 332
306 789
306 557
306 217
306 436
306 956
306 597
306 156
307 480
307 272
307 666
307 175
308 26
308 746
308 819
308 591
309 157
309 954
309 573
310 571
310 112
310 187
310 425
311 315
311 938
311 279
311 974
311 91
311 568
312 882
312 913
312 268
312 347
312 230
312 572
312 178
312 793
312 126
312 511
312 595
312 768
313 757
314 269
314 937
314 193
314 860
315 398
315 579
315 878
315 309
315 279
315 865
315 274
315 365
315 627
315 650
315 995
316 622
316 596
316 188
316 162
316 388
317 994
317 228
317 644
317 160
317 563
317 654
318 538
318 504
318 526
319 238
320 16
320 656
320 432
320 715
320 61
320 302
321 673
321 814
321 974
321 573
321 279
322 251
322 308
322 540
322 235
322 682
323 533
323 744
323 580
323 222
323 872
323 653
323 837
323 258
323 442
325 400
325 747
325 634
325 957
326 664
326 454
326 395
326 772
326 14
327 377
327 609
327 701
327 455
328 403
328 339
328 433
328 804
329 811
329 506
329 418
329 688
329 929
329 988
329 120
329 884
329 569
330 324
330 318
330 567
330 932
330 326
330 528
330 153
330 772
331 1
331 435
331 780
331 644
331 777
331 562
331 44
331 130
332 285
332 149
332 942
332 13
332 133
333 291
333 601
333 653
333 153
333 620
333 258
333 7
334 871
334 431
334 709
334 161
335 283
335 171
335 646
335 745
335 764
335 182
336 72
336 588
336 775
336 912
336 194
336 67
336 412
336 839
337 910
337 578
337 491
337 555
337 485
337 393
338 874
338 933
338 229
338 404
338 288
338 296
338 725
338 455
339 454
339 732
340 255
340 412
340 852
341 904
341 829
341 307
342 180
342 400
343 86
343 468
344 289
344 62
344 818
344 91
345 931
345 310
346 280
346 910
346 18
346 754
346 162
346 718
347 418
347 165
347 882
347 779
347 637
347 739
347 94
347 481
347 127
347 506
348 743
348 552
348 791
348 371
349 41
349 300
349 417
349 356
349 252
349 554
349 462
350 377
350 327
350 637
350 471
350 703
350 186
350 290
351 982
351 560
351 280
351 764
351 235
351 430
351 993
352 472
352 862
352 396
352 416
352 577
353 857
353 267
353 756
353 733
353 140
353 686
354 634
354 906
354 584
354 264
354 530
354 52
354 109
354 531
355 599
355 833
355 707
355 288
355 501
356 585
356 940
356 546
356 800
356 513
357 40
357 51
357 387
357 809
357 371
358 381
358 831
358 38
358 765
358 924
359 280
359 374
359 347
359 66
360 936
360 642
360 119
360 821
360 380
360 352
361 910
361 226
361 313
361 393
361 18
361 952
361 704
361 472
362 971
362 650
362 464
362 91
362 813
362 586
362 274
363 243
363 843
364 526
364 989
364 911
364 12
364 837
364 198
364 115
364 903
365 395
365 640
365 109
365 305
365 797
365 998
365 96
365 893
365 254
366 990
366 982
366 308
366 674
366 819
367 540
367 164
367 682
367 188
368 167
368 227
368 182
368 596
368 68
369 159
369 540
369 167
369 278
370 385
370 113
370 795
370 860
370 137
371 387
371 564
371 724
371 672
371 639
372 721
372 214
372 735
372 938
372 398
372 99
372 535
372 536
373 688
373 126
373 377
373 35
373 338
373 401
373 502
374 193
374 213
374 877
374 531
375 504
375 825
375 697
376 426
376 2
377 606
377 101
377 702
377 599
377 481
377 100
377 129
377 833
377 138
377 739
378 492
378 728
379 66
379 915
379 803
380 888
380 400
380 162
381 172
381 439
382 518
382 500
382 574
382 885
383 349
383 429
383 914
383 624
383 276
383 636
383 773
384 197
384 122
384 868
384 581
385 876
385 657
385 451
385 960
386 309
386 132
386 928
387 86
387 726
387 666
387 251
387 271
387 468
387 867
388 786
388 520
388 816
388 560
388 600
388 183
388 817
389 564
389 375
389 175
389 8
389 510
389 590
390 163
390 484
390 935
390 837
390 896
390 339
391 650
391 460
391 524
391 152
391 49
391 28
391 11
391 91
392 790
392 895
392 238
392 260
392 36
392 663
393 671
393 741
393 827
393 363
393 143
393 405
393 459
394 939
394 369
394 158
394 723
394 310
394 777
394 592
395 797
395 942
395 332
395 117
395 189
396 754
396 280
396 698
396 577
396 878
396 266
396 897
396 598
397 485
397 667
397 845
398 408
398 418
398 451
398 420
398 573
399 825
399 348
399 666
400 517
400 756
400 117
400 532
400 574
401 905
401 423
401 966
401 505
401 195
401 232
401 21
401 502
401 85
402 862
402 464
402 953
402 485
402 24
402 897
402 758
403 836
403 109
403 282
403 837
404 218
404 869
404 84
404 753
405 76
405 396
405 302
405 888
405 542
405 952
405 53
405 815
405 491
406 934
406 446
406 23
406 29
406 465
407 903
408 191
408 357
409 813
409 11
409 398
409 477
410 415
410 354
410 298
410 917
410 397
411 372
411 693
411 918
411 99
411 79
412 662
412 934
412 74
413 436
413 324
413 653
413 664
413 433
413 224
414 212
414 545
414 67
414 886
414 892
414 860
414 803
414 89
414 410
414 299
415 855
415 606
415 769
415 471
415 118
415 190
416 972
416 888
416 742
416 862
416 910
416 293
416 380
416 815
416 755
416 303
417 429
417 554
417 291
418 966
418 725
418 229
419 386
419 157
419 209
419 840
420 500
420 144
420 627
420 28
420 995
420 865
421 540
421 521
421 746
421 596
421 816
421 993
421 868
422 852
422 325
422 299
422 397
422 108
422 456
422 839
423 779
423 290
423 327
423 701
423 703
423 506
423 793
423 195
424 166
424 626
424 491
424 648
424 303
424 758
424 280
424 266
425 904
425 634
426 499
426 342
426 439
426 135
426 737
427 31
427 494
427 337
427 246
427 976
428 757
428 95
428 842
428 69
429 206
429 427
430 311
430 786
430 369
430 421
430 591
430 275
431 155
431 535
431 943
431 856
431 673
431 974
432 910
432 741
432 656
432 675
432 447
433 439
433 443
433 163
433 823
433 744
434 890
434 787
434 279
434 79
435 80
435 269
435 539
435 15
435 56
436 797
436 858
436 517
437 19
437 760
437 687
437 579
438 400
438 863
438 835
438 357
439 752
439 323
439 403
439 496
439 580
439 887
439 620
440 873
440 457
440 446
441 325
441 124
441 440
441 341
441 941
441 56
442 404
442 828
442 291
442 870
442 364
442 318
442 403
443 772
443 403
443 935
443 115
443 503
444 605
444 845
444 498
445 900
445 950
445 335
445 221
445 384
445 521
446 780
446 158
446 563
446 270
447 807
447 577
447 119
447 459
447 216
447 472
448 231
448 779
448 505
448 208
448 486
448 882
449 300
449 534
449 773
450 389
450 507
450 594
450 386
451 657
452 22
452 970
452 554
453 320
453 560
453 751
453 648
453 360
454 496
454 14
454 985
454 217
454 903
454 526
454 323
454 172
454 580
455 701
455 165
455 94
455 782
455 665
456 924
456 621
456 551
456 137
457 42
457 822
457 80
457 78
457 210
457 944
458 311
458 420
458 898
458 75
458 859
459 862
459 888
459 755
459 715
459 618
460 496
460 172
460 142
460 153
461 383
461 206
461 965
461 624
461 636
461 492
461 928
461 731
461 452
462 946
462 728
462 731
462 417
462 800
462 494
462 631
462 970
463 807
463 827
463 704
463 575
463 141
463 700
463 698
463 945
463 162
464 579
464 214
464 951
464 411
464 391
465 827
465 910
465 472
465 27
465 945
465 758
465 293
466 351
466 596
467 133
467 257
467 397
468 147
468 875
468 480
468 168
468 691
468 348
469 919
470 898
470 37
470 709
471 232
471 502
471 882
471 955
471 665
471 296
471 127
471 138
472 704
472 685
472 337
472 824
472 757
472 862
473 603
473 272
473 986
473 357
474 916
474 854
474 383
476 215
477 647
477 525
477 13
477 844
477 587
477 849
478 633
478 279
478 856
478 709
478 161
478 245
478 315
479 699
479 621
479 212
479 57
479 824
480 8
480 239
480 81
480 770
481 779
481 455
481 94
481 905
482 682
482 134
482 367
482 774
482 421
482 351
482 125
482 900
483 557
483 849
484 565
484 887
484 690
484 661
484 752
484 935
485 656
485 226
485 912
485 121
485 630
485 658
485 759
485 143
486 874
486 186
486 881
486 347
486 677
487 657
487 50
487 3
487 498
487 667
487 662
488 245
488 480
488 391
488 586
489 737
489 189
489 647
489 244
489 525
489 537
490 990
490 335
490 596
491 751
491 761
492 218
492 565
492 631
492 583
492 513
493 763
493 87
494 234
494 404
494 136
494 157
494 461
494 132
494 199
494 246
494 107
495 18
495 266
495 685
495 472
495 675
496 533
496 323
496 381
497 466
497 592
497 26
497 738
497 962
497 384
498 43
498 50
498 584
499 444
499 336
499 775
499 66
500 91
500 706
501 126
501 768
501 268
501 186
501 373
501 486
501 615
501 701
501 127
502 677
502 556
502 186
502 701
502 268
502 593
502 547
502 288
502 232
503 390
503 264
503 413
503 837
503 330
503 567
504 324
505 511
505 531
505 573
505 502
505 768
505 793
505 21
506 327
506 599
506 572
506 703
506 120
506 256
507 59
507 349
507 554
507 854
507 848
507 456
508 222
508 653
509 511
509 6
509 412
509 597
509 89
509 444
509 97
509 618
509 354
510 147
511 313
511 572
511 966
511 969
512 175
512 863
512 239
512 271
513 629
513 211
513 300
513 429
513 440
513 483
514 407
514 783
514 454
514 653
514 503
514 580
515 113
515 937
515 451
515 70
516 68
517 610
517 737
517 332
517 282
518 797
518 106
518 483
519 539
519 485
519 751
519 559
519 815
519 424
519 945
520 577
520 921
520 227
520 523
520 819
521 950
521 555
521 786
521 278
521 71
522 333
522 169
522 364
522 304
522 179
522 323
522 752
523 308
523 729
523 199
524 669
524 131
524 613
524 761
524 465
524 807
524 700
524 61
525 686
525 797
525 480
525 189
525 849
525 647
526 373
526 567
526 870
526 433
526 887
526 830
527 173
527 283
527 26
527 159
527 785
527 474
527 430
528 574
529 77
529 185
529 478
529 20
529 883
530 506
530 418
530 805
530 100
530 913
530 779
531 194
531 892
531 66
531 623
531 487
532 382
532 96
532 957
532 392
532 342
532 477
532 879
533 7
533 339
533 328
533 330
534 386
534 83
534 889
534 207
534 848
535 185
535 841
535 488
535 155
535 890
536 309
536 802
536 859
536 28
537 392
537 532
537 477
537 139
537 282
537 849
538 301
538 872
538 526
538 7
538 172
538 923
538 413
538 820
538 823
538 258
539 558
539 922
539 9
539 843
539 56
539 80
539 363
539 543
540 388
540 908
540 763
540 745
541 464
541 420
541 582
541 683
541 144
542 656
542 143
543 994
544 340
544 876
544 379
544 213
544 886
544 751
544 909
545 509
545 67
545 52
545 553
545 788
545 548
546 562
546 419
546 145
546 631
546 587
546 219
546 928
547 455
547 377
548 602
548 588
548 6
548 917
549 523
549 445
549 496
549 497
549 785
550 63
550 541
550 408
550 890
551 66
551 860
551 937
552 810
552 150
552 215
552 825
552 485
553 531
553 515
553 775
553 832
553 460
553 67
554 132
554 206
554 669
554 157
554 461
555 225
555 827
555 393
555 626
555 226
555 524
556 884
556 881
556 471
556 902
556 696
556 958
557 525
557 395
557 257
557 957
557 730
557 756
557 647
557 117
557 844
557 376
557 797
557 518
558 873
558 201
558 510
558 994
558 563
558 310
558 269
559 978
559 808
559 470
559 655
559 741
559 759
560 68
560 679
561 546
561 494
561 617
561 566
561 200
561 136
561 652
561 840
562 670
562 457
562 829
562 124
562 853
563 9
563 796
563 292
564 838
564 749
564 233
565 261
565 253
565 956
565 858
565 353
565 574
565 135
565 400
566 356
566 209
566 946
566 753
567 460
567 907
567 661
567 820
568 372
568 918
568 814
568 734
568 90
568 398
569 247
569 401
569 195
569 46
569 855
569 165
569 684
569 481
569 127
570 646
570 678
570 316
570 670
570 248
570 674
570 771
570 774
571 780
571 549
571 220
571 292
571 939
571 563
572 926
572 165
572 505
572 373
573 582
573 62
573 721
573 898
574 489
574 105
574 737
575 862
575 675
575 61
575 972
575 361
575 352
576 242
576 164
576 316
576 599
576 560
577 815
577 715
577 54
577 758
578 27
578 842
578 131
578 119
578 45
579 535
579 398
579 110
579 748
579 170
580 820
580 725
580 504
580 935
580 12
580 526
581 188
581 819
581 197
581 868
581 482
582 550
582 488
582 185
582 170
582 116
582 813
583 246
583 241
583 940
583 848
583 83
584 531
585 420
585 455
585 561
585 419
585 498
585 494
585 840
585 218
586 252
586 627
586 938
586 751
586 420
587 206
587 753
587 920
587 55
587 914
588 137
588 775
588 567
588 860
588 113
589 87
589 745
589 482
590 810
590 809
590 271
590 168
590 743
590 931
591 950
591 335
592 425
592 796
592 963
592 967
593 606
593 855
593 609
593 506
593 94
593 569
593 232
594 753
594 566
594 452
594 237
594 889
594 219
594 207
594 831
595 966
595 882
595 471
595 798
595 754
595 977
596 122
596 520
596 159
596 670
596 182
597 392
597 608
598 655
598 958
598 741
598 259
598 485
598 642
598 69
598 54
598 53
599 702
599 696
599 725
599 556
599 688
600 39
600 607
600 666
600 669
600 819
600 900
601 985
601 896
601 258
601 7
601 932
601 850
601 454
601 503
601 163
602 901
602 795
602 588
602 66
603 980
603 931
603 864
603 371
604 276
604 594
604 970
604 655
604 383
604 587
605 937
605 465
605 880
605 479
605 354
605 340
606 805
606 902
606 768
606 769
606 373
606 481
606 913
607 203
607 297
607 128
608 240
608 844
608 181
608 365
608 0
608 964
608 5
609 46
609 506
609 511
609 926
609 606
609 702
609 347
609 712
610 199
610 205
611 202
611 669
611 59
611 209
612 871
612 938
612 898
612 62
613 824
613 808
613 95
613 700
613 485
614 73
614 674
614 248
614 816
614 520
614 125
614 322
615 988
615 809
615 884
615 415
615 178
615 154
615 793
616 440
616 130
616 114
616 692
616 562
617 631
617 928
617 206
618 266
618 682
618 866
618 754
618 755
618 685
619 408
619 762
619 476
619 233
620 339
620 115
620 12
620 289
621 852
621 487
621 806
621 960
621 548
622 278
622 335
623 906
623 657
623 509
623 64
623 886
623 877
624 854
624 651
624 83
624 31
624 84
624 848
625 560
625 574
625 528
626 143
626 821
626 685
626 642
626 453
626 266
626 638
627 859
627 536
627 49
627 706
628 591
628 445
628 847
628 569
628 275
628 540
629 427
629 419
629 920
629 665
629 631
629 715
629 74
629 611
630 226
630 495
630 463
630 656
630 27
630 717
630 465
630 700
630 447
631 474
631 583
631 585
631 965
632 668
632 620
632 644
632 562
632 829
632 201
632 851
632 158
633 315
633 398
633 37
633 274
633 170
633 82
634 426
634 643
634 262
635 611
636 534
636 136
637 739
637 79
637 415
638 683
638 637
638 648
639 919
640 998
640 106
640 730
641 44
641 934
641 589
641 714
641 130
641 446
641 796
641 294
641 425
642 216
642 842
642 517
642 226
642 405
642 61
643 858
643 244
643 737
644 158
644 310
644 944
645 726
645 277
645 810
645 65
645 552
645 608
646 560
646 674
646 785
646 819
646 297
646 816
646 322
647 730
647 261
647 392
647 956
648 562
648 559
648 303
648 396
648 286
648 491
649 464
649 871
649 458
649 536
649 102
649 735
649 155
649 398
650 409
650 856
651 724
651 762
651 215
651 40
652 736
652 295
652 970
652 241
652 889
653 820
653 752
653 163
653 850
653 442
654 281
654 517
654 851
654 641
654 659
655 524
655 131
655 453
655 162
656 626
656 166
656 824
656 680
656 184
656 945
656 974
656 658
656 827
656 302
656 76
657 937
657 414
658 581
658 704
658 18
658 559
659 692
659 829
659 112
660 537
660 893
660 895
660 857
661 222
661 439
661 333
662 852
662 621
662 901
662 960
662 451
663 238
663 365
663 4
664 12
664 318
664 985
664 390
664 58
665 256
665 715
665 726
665 969
665 502
666 979
666 215
666 468
666 931
666 277
666 961
667 212
668 201
668 654
668 124
668 269
668 112
668 363
668 273
668 641
668 861
669 449
669 83
669 695
669 624
669 920
670 908
670 335
671 465
671 766
671 648
671 807
671 184
672 919
672 696
673 594
673 398
673 814
673 890
673 748
673 75
674 275
674 817
674 973
675 320
675 912
675 978
675 639
675 751
676 788
676 551
676 806
676 886
676 623
676 915
677 696
677 138
677 609
677 455
677 595
677 798
678 68
678 763
678 549
678 335
678 711
678 894
678 589
679 576
679 351
679 746
679 868
679 962
679 973
680 346
680 578
680 119
680 16
680 559
680 613
680 766
680 698
680 866
681 616
681 114
681 201
681 56
681 331
681 714
681 273
682 950
682 763
682 335
682 786
683 722
683 130
683 187
683 92
684 725
684 766
684 767
684 312
684 165
684 881
684 401
684 874
685 757
685 162
685 53
685 638
685 459
685 141
685 432
686 956
686 436
686 893
687 938
687 954
687 362
687 529
687 470
687 706
687 311
687 813
688 569
688 988
688 556
689 792
689 611
689 206
689 218
689 846
689 449
690 783
690 289
690 538
691 325
691 147
691 408
691 480
691 375
691 86
692 56
692 10
692 625
692 641
692 249
692 722
693 859
693 856
693 90
693 315
693 82
693 541
693 709
693 362
694 532
694 319
695 583
695 513
695 386
696 229
696 966
696 129
696 501
697 984
697 239
698 380
698 226
698 866
698 598
699 554
699 349
699 916
699 241
699 800
700 757
700 685
700 95
700 555
700 485
700 698
701 511
701 966
701 138
701 739
702 486
702 769
702 949
702 85
702 190
703 338
703 418
703 569
703 229
703 165
703 884
703 231
703 138
705 295
705 736
705 300
705 728
705 731
706 872
706 918
706 890
707 35
707 737
707 377
707 593
707 232
707 926
707 933
707 811
707 120
708 538
708 580
709 98
709 541
709 458
709 19
709 954
709 999
710 81
710 375
710 263
710 271
710 510
710 480
711 989
711 538
711 664
711 496
711 661
711 526
712 178
712 593
712 59
712 599
712 782
713 770
713 603
713 759
713 875
713 30
713 192
714 446
714 543
714 265
714 843
714 44
714 934
714 158
714 904
714 9
714 80
715 162
715 76
716 648
716 936
716 485
716 910
716 226
717 226
717 709
717 393
718 958
718 757
719 292
719 130
719 780
719 29
720 719
720 114
720 853
720 406
720 934
720 922
720 310
721 550
721 898
721 464
721 529
722 220
723 632
723 290
724 233
724 30
724 590
724 670
724 389
725 501
725 779
725 313
725 350
725 977
725 712
725 547
725 677
726 801
726 191
726 791
726 510
726 343
726 838
727 133
727 895
727 790
727 140
728 987
728 55
728 838
728 219
728 386
728 417
728 211
728 587
728 241
728 846
728 800
729 275
729 26
729 134
730 517
730 17
730 727
730 756
731 295
731 513
731 427
731 206
731 594
731 914
732 153
733 2
733 109
733 254
733 325
734 434
734 512
734 409
734 63
734 19
734 372
735 582
735 20
735 152
735 398
735 409
736 682
736 996
736 219
736 145
737 895
737 797
737 261
737 325
737 525
738 171
738 746
738 973
738 673
738 962
738 523
738 817
738 774
739 615
739 769
739 933
739 501
739 21
739 569
739 94
739 481
739 126
740 691
740 786
740 812
741 761
741 827
741 936
741 280
742 824
742 910
742 53
742 225
742 293
743 875
743 726
743 357
743 651
744 328
744 708
744 799
744 870
744 601
744 198
744 533
744 932
745 628
745 816
745 990
745 993
745 47
745 297
745 771
746 197
746 600
746 576
746 497
746 203
746 785
746 322
747 0
747 517
748 995
748 695
748 568
748 334
749 655
749 980
749 30
749 603
749 801
749 104
749 984
750 321
750 802
750 102
751 69
751 866
751 54
751 131
751 542
752 443
752 153
752 837
752 328
753 611
753 145
753 218
753 631
753 132
753 378
754 755
754 908
754 953
754 936
755 396
755 131
755 495
755 978
756 574
756 96
756 265
756 597
756 13
757 912
757 716
757 626
757 416
757 424
757 807
757 405
757 827
758 687
758 626
758 630
758 184
758 598
759 166
759 698
759 865
759 578
759 143
759 184
760 943
760 49
760 344
760 859
760 815
760 673
760 568
761 655
761 352
761 245
761 131
761 866
761 813
761 519
761 166
761 680
761 626
761 465
762 863
762 104
763 973
763 173
763 817
763 182
763 388
764 746
764 745
764 159
764 227
764 900
764 646
764 208
765 775
765 901
765 479
766 141
766 717
767 229
767 327
767 165
768 229
768 154
768 933
768 178
768 902
768 949
768 186
768 793
768 338
768 100
768 882
768 46
769 798
769 118
769 126
769 129
769 347
769 338
769 418
769 350
770 639
770 522
770 438
771 39
771 520
771 466
771 576
771 297
772 708
772 504
772 985
773 987
773 981
773 74
773 59
773 920
773 209
774 670
774 235
774 847
774 388
774 208
774 682
774 278
775 831
775 72
775 156
775 52
775 487
775 97
776 765
776 917
776 374
776 414
776 499
777 826
777 644
777 696
777 317
778 477
778 205
779 703
779 455
779 16
779 154
779 969
779 35
779 505
779 665
780 692
780 654
781 183
781 695
781 200
781 513
781 624
782 826
782 338
782 880
782 129
782 900
782 855
783 318
783 169
784 915
784 473
784 835
784 986
784 510
784 749
785 430
785 227
785 173
785 368
786 729
786 950
786 235
786 576
786 774
787 732
787 19
787 664
787 813
787 75
787 568
787 999
787 309
787 883
788 88
788 553
788 880
788 444
788 410
789 392
789 813
789 998
789 376
789 0
789 957
789 319
790 557
790 238
790 353
790 964
790 998
790 261
791 651
791 469
791 512
791 838
791 357
792 248
792 125
793 969
793 677
793 606
793 572
793 186
794 502
794 120
795 212
795 487
795 444
796 281
796 975
797 574
797 998
797 382
797 879
798 350
798 68
798 501
798 290
798 329
798 186
799 941
799 457
799 796
800 689
800 669
800 611
800 854
800 452
800 561
800 276
801 468
801 645
801 8
801 191
801 263
802 311
802 865
803 445
803 842
803 623
803 97
804 236
804 289
804 828
804 198
804 907
805 230
805 977
805 767
805 855
805 739
805 268
805 556
806 444
806 358
806 72
806 662
806 397
807 286
807 393
807 16
808 972
808 978
808 698
808 807
808 700
808 618
808 675
808 27
809 931
809 743
809 979
810 710
810 191
810 825
810 741
810 834
810 468
811 794
811 195
811 100
811 701
811 728
811 338
811 750
811 35
811 230
812 931
812 791
812 691
812 51
813 99
813 918
813 334
813 177
813 488
813 802
813 152
813 568
814 579
814 865
815 432
815 741
815 393
815 286
815 759
815 575
815 131
815 766
816 990
816 242
816 234
816 774
816 235
816 203
817 764
817 197
817 614
818 579
818 835
819 786
819 384
819 523
819 622
819 159
819 497
819 421
819 560
819 182
819 367
820 664
820 196
820 403
820 484
820 390
820 508
821 762
821 642
821 428
821 286
821 293
821 878
821 785
821 27
822 992
822 440
822 944
822 873
823 935
823 601
823 58
823 222
823 984
823 503
823 326
823 381
823 708
824 877
824 24
824 741
824 751
824 766
824 491
825 343
825 40
825 683
826 632
826 795
826 975
826 719
826 174
826 967
826 681
827 53
827 54
827 717
828 533
828 935
828 324
828 896
828 381
829 616
829 457
829 851
829 861
829 112
830 711
830 217
830 304
830 804
831 886
831 89
832 509
832 895
832 545
832 397
833 615
834 104
834 875
834 389
834 277
834 864
835 639
835 263
836 496
836 460
836 907
836 732
836 151
837 172
837 301
837 661
837 224
838 697
839 194
839 358
839 354
839 852
839 765
840 965
840 378
840 773
840 914
840 731
840 753
840 800
841 721
841 693
841 772
841 529
841 802
842 881
842 717
842 888
842 655
842 978
842 302
842 495
842 575
843 48
843 78
843 789
843 736
843 441
843 331
843 9
844 747
844 36
844 518
844 530
844 893
844 797
844 756
845 456
845 983
845 667
845 66
845 662
845 264
845 906
845 544
846 976
846 492
846 802
847 523
847 430
847 322
848 356
848 218
848 914
848 202
848 157
848 889
849 13
849 106
849 365
851 273
851 723
851 873
851 123
852 487
852 264
852 66
852 776
852 414
852 451
852 412
852 845
852 602
853 994
853 112
853 592
853 201
853 759
854 494
854 237
855 327
855 186
855 835
855 881
855 506
855 684
855 165
856 362
856 28
856 49
856 372
857 139
857 838
857 2
857 467
857 794
857 790
857 844
858 730
858 204
858 964
858 857
858 253
859 582
859 90
859 431
859 529
860 570
860 901
860 38
860 43
861 543
862 18
862 675
862 754
863 150
863 86
863 986
864 307
865 488
865 582
865 63
865 372
865 391
865 859
865 535
865 34
865 995
865 458
866 27
866 465
866 910
866 18
867 875
867 645
867 724
867 438
868 103
868 124
868 817
869 916
869 946
870 752
870 433
870 328
870 711
870 538
870 289
871 837
871 529
871 311
871 62
871 391
871 274
872 169
872 172
872 413
872 47
872 732
872 224
872 333
873 425
873 543
873 446
873 158
873 681
873 853
874 290
874 256
874 126
874 933
874 782
874 288
874 701
874 881
876 354
876 829
876 845
876 915
877 358
877 213
877 806
877 359
877 754
877 498
877 212
877 336
877 665
877 412
877 652
878 704
878 972
878 162
878 131
879 139
879 362
879 353
879 895
880 839
880 644
880 803
880 108
880 662
881 505
881 506
881 288
882 707
882 798
882 377
882 933
883 890
883 79
883 411
883 488
884 210
884 100
884 833
884 811
884 290
884 874
884 882
884 296
885 282
885 253
885 36
886 968
886 509
886 340
886 359
886 113
887 47
887 744
887 328
888 53
888 18
888 953
888 121
890 650
890 101
890 458
890 110
891 342
891 959
891 957
891 489
891 885
891 325
892 451
892 676
892 479
892 148
892 66
892 193
893 640
893 895
893 663
894 128
894 430
894 242
894 87
894 248
895 789
895 287
896 259
896 433
896 514
896 711
896 413
897 815
897 472
897 903
897 216
897 742
897 936
898 950
898 865
898 99
898 91
898 859
899 606
899 418
899 401
899 288
899 506
899 338
899 949
899 884
899 329
899 94
900 308
900 252
901 924
901 553
902 881
903 258
903 708
903 971
903 661
903 872
903 7
903 323
903 12
903 301
904 777
904 796
904 130
904 160
904 317
905 502
905 793
905 769
905 926
906 795
906 194
906 340
906 412
906 968
906 298
906 605
907 601
907 403
907 142
907 896
907 835
907 526
908 771
908 322
908 746
908 297
908 171
909 515
909 66
909 88
909 776
909 806
909 551
909 845
910 360
910 459
910 815
910 959
910 715
910 751
910 559
910 447
911 962
911 454
911 830
911 629
911 925
911 217
912 598
912 754
912 698
913 701
913 247
913 702
914 300
914 474
914 462
915 845
915 657
915 72
915 795
915 67
915 892
916 583
916 450
916 219
916 705
916 914
917 3
917 487
917 545
917 314
917 551
917 414
918 859
918 750
919 984
919 993
919 590
919 438
920 699
920 585
920 946
920 636
920 157
920 987
920 753
921 785
921 275
921 600
921 497
921 388
921 71
921 283
922 265
922 292
922 562
922 48
922 723
922 187
923 339
923 407
923 526
923 872
924 921
924 893
924 856
924 551
924 193
924 845
924 584
925 153
925 291
925 772
925 142
925 661
926 35
926 313
926 881
926 688
926 996
927 224
927 949
927 330
927 475
927 381
928 452
928 889
928 427
928 276
928 970
928 736
929 794
929 833
930 124
930 644
930 967
930 632
931 399
931 863
931 271
932 985
932 896
932 442
932 528
932 504
933 726
933 35
933 329
933 572
933 138
934 130
934 822
934 616
934 48
935 496
935 896
935 442
935 169
936 717
936 808
936 76
936 972
936 131
937 444
937 872
937 43
938 953
938 802
938 982
938 999
938 488
938 813
939 270
939 843
940 828
940 652
940 669
940 207
940 566
941 341
941 223
941 294
941 48
941 44
942 353
942 537
942 885
942 694
942 964
942 260
942 234
942 254
942 778
943 11
943 818
943 890
944 130
944 632
944 904
945 360
945 335
945 912
946 494
946 83
946 561
946 587
947 847
947 774
947 600
947 900
948 834
948 510
948 25
948 691
948 590
949 913
949 725
949 312
949 486
949 101
949 701
949 793
950 421
950 159
950 399
950 430
950 819
950 248
950 73
951 457
951 409
951 974
951 311
951 11
952 675
952 862
952 945
952 700
952 821
952 447
953 862
953 226
953 405
953 807
953 698
953 718
954 102
954 420
954 63
954 110
954 748
954 214
954 434
954 144
955 46
955 882
955 127
956 998
956 244
956 254
956 525
956 574
957 353
957 189
957 893
957 467
957 956
957 180
958 759
958 741
958 463
958 751
958 878
958 953
959 146
959 365
959 205
959 133
959 737
959 557
960 892
960 845
960 995
960 667
960 553
961 810
961 25
961 468
961 619
962 628
962 900
962 764
962 125
962 445
963 249
963 563
963 341
963 799
963 228
964 683
964 643
964 261
964 364
964 260
964 844
965 869
965 349
965 356
965 450
965 507
966 703
966 126
966 501
966 949
966 195
967 294
968 43
968 137
968 775
968 901
968 148
969 190
969 268
969 805
969 127
969 703
969 712
969 966
969 35
969 21
969 902
970 999
970 383
970 689
970 107
971 999
971 99
971 721
971 344
971 420
971 37
971 177
971 28
971 841
971 321
972 432
972 761
972 897
972 759
972 45
972 685
972 766
973 935
973 993
973 521
973 421
973 388
973 778
973 947
974 98
974 274
974 971
974 279
974 536
974 62
975 273
975 292
975 777
975 963
975 441
975 562
975 363
976 356
976 753
976 534
976 474
976 854
977 247
977 712
977 615
977 767
977 702
977 793
977 154
978 453
978 618
978 69
979 215
979 203
979 961
979 389
979 867
980 743
980 468
980 919
980 40
981 585
981 996
981 635
982 445
982 908
982 316
982 596
982 430
982 26
982 482
982 679
983 233
983 639
983 864
983 812
983 697
984 809
984 469
984 147
984 603
984 645
985 339
985 326
985 413
986 825
986 838
986 948
986 192
986 651
986 639
987 450
987 84
987 18
988 230
988 779
988 229
989 830
989 236
989 907
989 333
989 911
989 514
990 628
990 596
990 520
990 445
991 511
991 556
991 501
991 905
991 696
991 231
991 296
992 201
992 975
992 112
993 367
993 990
993 746
993 819
994 826
994 44
994 160
994 563
994 654
995 161
995 458
995 949
995 311
995 144
995 488
995 650
995 536
995 859
995 19
995 102
996 689
996 206
996 940
996 461
997 526
997 336
997 580
997 291
997 47
997 927
997 985
998 426
998 105
998 756
998 601
998 957
999 28
999 871
999 91
999 315
999 311
