0 1
0 135
1 246
1 357
2 147
2 158
3 138
3 139
14 140
14 141
25 142
25 143
29 144
29 145
30 146
30 148
31 149
31 150
32 151
32 152
33 153
33 154
34 155
34 156
35 157
35 159
36 169
36 180
37 160
37 161
38 162
38 163
39 164
39 165
40 166
40 167
41 168
41 170
42 171
42 172
43 173
43 174
44 175
44 176
45 177
45 178
46 179
46 181
47 191
47 202
48 182
48 183
49 184
49 185
50 186
50 187
51 188
51 189
52 190
52 192
53 193
53 194
54 195
54 196
55 197
55 198
56 199
56 200
57 201
57 203
58 213
58 224
59 204
59 205
60 206
60 207
61 208
61 209
62 210
62 211
63 212
63 214
64 215
64 216
65 217
65 218
66 219
66 220
67 221
67 222
68 223
68 225
69 235
69 247
70 226
70 227
71 228
71 229
72 230
72 231
73 232
73 233
74 234
74 236
75 237
75 238
76 239
76 240
77 241
77 242
78 243
78 244
79 245
79 248
80 258
80 269
81 249
81 250
82 251
82 252
83 253
83 254
84 255
84 256
85 257
85 259
86 260
86 261
87 262
87 263
88 264
88 265
89 266
89 267
90 268
90 270
91 280
91 291
92 271
92 272
93 273
93 274
94 275
94 276
95 277
95 278
96 279
96 281
97 282
97 283
98 284
98 285
99 286
99 287
100 288
100 289
101 290
101 292
102 302
102 313
103 293
103 294
104 295
104 296
105 297
105 298
106 299
106 300
107 301
107 303
108 304
108 305
109 306
109 307
110 308
110 309
111 310
111 311
112 312
112 314
113 324
113 335
114 315
114 316
115 317
115 318
116 319
116 320
117 321
117 322
118 323
118 325
119 326
119 327
120 328
120 329
121 330
121 331
122 332
122 333
123 334
123 336
124 346
124 358
125 337
125 338
126 339
126 340
127 341
127 342
128 343
128 344
129 345
129 347
130 348
130 349
131 350
131 351
132 352
132 353
133 354
133 355
134 356
134 359
135 468
135 579
136 369
136 380
137 360
137 361
138 362
138 363
139 364
139 365
140 366
140 367
141 368
141 370
142 371
142 372
143 373
143 374
144 375
144 376
145 377
145 378
146 379
146 381
147 391
147 402
148 382
148 383
149 384
149 385
150 386
150 387
151 388
151 389
152 390
152 392
153 393
153 394
154 395
154 396
155 397
155 398
156 399
156 400
157 401
157 403
158 413
158 424
159 404
159 405
160 406
160 407
161 408
161 409
162 410
162 411
163 412
163 414
164 415
164 416
165 417
165 418
166 419
166 420
167 421
167 422
168 423
168 425
169 435
169 446
170 426
170 427
171 428
171 429
172 430
172 431
173 432
173 433
174 434
174 436
175 437
175 438
176 439
176 440
177 441
177 442
178 443
178 444
179 445
179 447
180 457
180 469
181 448
181 449
182 450
182 451
183 452
183 453
184 454
184 455
185 456
185 458
186 459
186 460
187 461
187 462
188 463
188 464
189 465
189 466
190 467
190 470
191 480
191 491
192 471
192 472
193 473
193 474
194 475
194 476
195 477
195 478
196 479
196 481
197 482
197 483
198 484
198 485
199 486
199 487
200 488
200 489
201 490
201 492
202 502
202 513
203 493
203 494
204 495
204 496
205 497
205 498
206 499
206 500
207 501
207 503
208 504
208 505
209 506
209 507
210 508
210 509
211 510
211 511
212 512
212 514
213 524
213 535
214 515
214 516
215 517
215 518
216 519
216 520
217 521
217 522
218 523
218 525
219 526
219 527
220 528
220 529
221 530
221 531
222 532
222 533
223 534
223 536
224 546
224 557
225 537
225 538
226 539
226 540
227 541
227 542
228 543
228 544
229 545
229 547
230 548
230 549
231 550
231 551
232 552
232 553
233 554
233 555
234 556
234 558
235 568
235 580
236 559
236 560
237 561
237 562
238 563
238 564
239 565
239 566
240 567
240 569
241 570
241 571
242 572
242 573
243 574
243 575
244 576
244 577
245 578
245 581
246 690
246 801
247 591
247 602
248 582
248 583
249 584
249 585
250 586
250 587
251 588
251 589
252 590
252 592
253 593
253 594
254 595
254 596
255 597
255 598
256 599
256 600
257 601
257 603
258 613
258 624
259 604
259 605
260 606
260 607
261 608
261 609
262 610
262 611
263 612
263 614
264 615
264 616
265 617
265 618
266 619
266 620
267 621
267 622
268 623
268 625
269 635
269 646
270 626
270 627
271 628
271 629
272 630
272 631
273 632
273 633
274 634
274 636
275 637
275 638
276 639
276 640
277 641
277 642
278 643
278 644
279 645
279 647
280 657
280 668
281 648
281 649
282 650
282 651
283 652
283 653
284 654
284 655
285 656
285 658
286 659
286 660
287 661
287 662
288 663
288 664
289 665
289 666
290 667
290 669
291 679
291 691
292 670
292 671
293 672
293 673
294 674
294 675
295 676
295 677
296 678
296 680
297 681
297 682
298 683
298 684
299 685
299 686
300 687
300 688
301 689
301 692
302 702
302 713
303 693
303 694
304 695
304 696
305 697
305 698
306 699
306 700
307 701
307 703
308 704
308 705
309 706
309 707
310 708
310 709
311 710
311 711
312 712
312 714
313 724
313 735
314 715
314 716
315 717
315 718
316 719
316 720
317 721
317 722
318 723
318 725
319 726
319 727
320 728
320 729
321 730
321 731
322 732
322 733
323 734
323 736
324 746
324 757
325 737
325 738
326 739
326 740
327 741
327 742
328 743
328 744
329 745
329 747
330 748
330 749
331 750
331 751
332 752
332 753
333 754
333 755
334 756
334 758
335 768
335 779
336 759
336 760
337 761
337 762
338 763
338 764
339 765
339 766
340 767
340 769
341 770
341 771
342 772
342 773
343 774
343 775
344 776
344 777
345 778
345 780
346 790
346 802
347 781
347 782
348 783
348 784
349 785
349 786
350 787
350 788
351 789
351 791
352 792
352 793
353 794
353 795
354 796
354 797
355 798
355 799
356 800
356 803
357 912
357 2
358 813
358 824
359 804
359 805
360 806
360 807
361 808
361 809
362 810
362 811
363 812
363 814
364 815
364 816
365 817
365 818
366 819
366 820
367 821
367 822
368 823
368 825
369 835
369 846
370 826
370 827
371 828
371 829
372 830
372 831
373 832
373 833
374 834
374 836
375 837
375 838
376 839
376 840
377 841
377 842
378 843
378 844
379 845
379 847
380 857
380 868
381 848
381 849
382 850
382 851
383 852
383 853
384 854
384 855
385 856
385 858
386 859
386 860
387 861
387 862
388 863
388 864
389 865
389 866
390 867
390 869
391 879
391 890
392 870
392 871
393 872
393 873
394 874
394 875
395 876
395 877
396 878
396 880
397 881
397 882
398 883
398 884
399 885
399 886
400 887
400 888
401 889
401 891
402 901
402 913
403 892
403 893
404 894
404 895
405 896
405 897
406 898
406 899
407 900
407 902
408 903
408 904
409 905
409 906
410 907
410 908
411 909
411 910
412 911
412 914
413 924
413 935
414 915
414 916
415 917
415 918
416 919
416 920
417 921
417 922
418 923
418 925
419 926
419 927
420 928
420 929
421 930
421 931
422 932
422 933
423 934
423 936
424 946
424 957
425 937
425 938
426 939
426 940
427 941
427 942
428 943
428 944
429 945
429 947
430 948
430 949
431 950
431 951
432 952
432 953
433 954
433 955
434 956
434 958
435 968
435 979
436 959
436 960
437 961
437 962
438 963
438 964
439 965
439 966
440 967
440 969
441 970
441 971
442 972
442 973
443 974
443 975
444 976
444 977
445 978
445 980
446 990
446 1001
447 981
447 982
448 983
448 984
449 985
449 986
450 987
450 988
451 989
451 991
452 992
452 993
453 994
453 995
454 996
454 997
455 998
455 999
456 1000
456 1002
457 1012
457 3
458 1003
458 1004
459 1005
459 1006
460 1007
460 1008
461 1009
461 1010
462 1011
462 1013
463 1014
463 1015
464 1016
464 1017
465 1018
465 1019
466 1020
466 1021
467 1022
467 4
468 36
468 47
469 14
469 25
470 5
470 6
471 7
471 8
472 9
472 10
473 11
473 12
474 13
474 15
475 16
475 17
476 18
476 19
477 20
477 21
478 22
478 23
479 24
479 26
480 29
480 30
481 27
481 28
491 31
491 32
502 33
502 34
513 35
513 37
524 38
524 39
535 40
535 41
546 42
546 43
557 44
557 45
568 46
568 48
579 58
579 69
580 49
580 50
591 51
591 52
602 53
602 54
613 55
613 56
624 57
624 59
635 60
635 61
646 62
646 63
657 64
657 65
668 66
668 67
679 68
679 70
690 80
690 91
691 71
691 72
702 73
702 74
713 75
713 76
724 77
724 78
735 79
735 81
746 82
746 83
757 84
757 85
768 86
768 87
779 88
779 89
790 90
790 92
801 102
801 113
802 93
802 94
813 95
813 96
824 97
824 98
835 99
835 100
846 101
846 103
857 104
857 105
868 106
868 107
879 108
879 109
890 110
890 111
901 112
901 114
912 124
912 136
913 115
913 116
924 117
924 118
935 119
935 120
946 121
946 122
957 123
957 125
968 126
968 127
979 128
979 129
990 130
990 131
1001 132
1001 133
1012 134
1012 137
