419 1572
1 0 1
2 112 1
2 223 1
2 408 1
3 418 1
4 3 1
5 410 1
5 411 1
5 4 1
6 410 1
6 411 1
6 5 1
7 24 1
7 35 1
8 24 1
8 35 1
8 7 1
9 2 1
9 13 1
10 2 1
10 13 1
10 9 1
11 179 1
11 190 1
12 179 1
12 190 1
12 11 1
13 0 1
13 223 1
13 334 1
13 2 1
14 7 1
14 8 1
15 7 1
15 8 1
15 14 1
16 15 1
17 16 1
18 9 1
18 17 1
19 9 1
19 10 1
19 18 1
20 10 1
20 19 1
21 20 1
22 21 1
23 11 1
23 12 1
23 22 1
25 11 1
25 12 1
25 23 1
26 14 1
26 15 1
27 14 1
27 15 1
27 26 1
28 18 1
28 19 1
29 19 1
29 20 1
30 23 1
30 25 1
31 23 1
31 25 1
31 30 1
32 26 1
32 27 1
33 32 1
34 33 1
35 24 1
36 26 1
36 27 1
36 32 1
36 33 1
37 36 1
38 37 1
39 38 1
40 28 1
40 39 1
41 29 1
42 41 1
43 42 1
44 43 1
45 30 1
45 31 1
45 44 1
46 35 1
47 30 1
47 31 1
47 45 1
48 33 1
48 34 1
48 36 1
49 37 1
49 48 1
50 38 1
50 49 1
51 50 1
52 51 1
54 53 1
55 43 1
55 54 1
56 44 1
56 55 1
57 334 1
57 364 1
57 46 1
58 45 1
58 56 1
59 58 1
60 45 1
60 47 1
60 58 1
60 59 1
61 39 1
61 51 1
62 39 1
62 40 1
62 61 1
63 39 1
63 40 1
63 62 1
64 40 1
64 41 1
64 63 1
65 41 1
65 42 1
65 64 1
66 41 1
66 42 1
66 65 1
67 42 1
67 54 1
67 66 1
68 24 1
68 35 1
69 53 1
69 54 1
69 67 1
70 53 1
70 54 1
70 69 1
71 51 1
71 52 1
72 51 1
72 52 1
72 61 1
72 71 1
73 34 1
73 48 1
74 34 1
74 48 1
74 73 1
75 52 1
76 53 1
77 58 1
77 59 1
78 58 1
78 59 1
78 77 1
79 24 1
79 35 1
79 46 1
79 68 1
80 73 1
80 74 1
81 73 1
81 74 1
81 80 1
82 81 1
83 82 1
84 75 1
84 83 1
85 75 1
85 76 1
85 84 1
86 76 1
86 85 1
87 86 1
88 87 1
89 77 1
89 78 1
89 88 1
90 35 1
90 46 1
90 57 1
90 79 1
91 77 1
91 78 1
91 89 1
92 385 1
92 387 1
92 402 1
92 403 1
93 371 1
93 372 1
93 396 1
93 398 1
94 52 1
94 53 1
94 70 1
94 71 1
95 61 1
95 62 1
95 63 1
95 64 1
95 65 1
95 66 1
95 67 1
95 69 1
95 70 1
95 71 1
95 72 1
95 94 1
96 334 1
96 364 1
96 375 1
96 386 1
96 397 1
96 408 1
96 2 1
96 13 1
97 394 1
97 395 1
97 396 1
97 398 1
97 399 1
97 400 1
97 401 1
97 402 1
97 403 1
97 404 1
97 92 1
97 93 1
98 323 1
98 361 1
98 362 1
98 371 1
98 372 1
99 361 1
99 362 1
99 371 1
99 372 1
99 93 1
99 98 1
100 367 1
100 368 1
100 379 1
100 381 1
100 382 1
101 334 1
101 364 1
101 46 1
101 57 1
101 90 1
102 367 1
102 368 1
102 369 1
102 381 1
102 382 1
102 383 1
102 100 1
103 368 1
103 369 1
103 370 1
103 382 1
103 383 1
103 384 1
103 102 1
104 369 1
104 370 1
104 383 1
104 384 1
104 394 1
104 103 1
105 385 1
105 387 1
105 407 1
105 409 1
105 92 1
106 385 1
106 387 1
106 407 1
106 409 1
106 417 1
106 105 1
107 373 1
107 374 1
107 388 1
107 389 1
107 401 1
108 373 1
108 374 1
108 376 1
108 388 1
108 389 1
108 390 1
108 107 1
109 374 1
109 376 1
109 377 1
109 389 1
109 390 1
109 391 1
109 108 1
110 376 1
110 377 1
110 390 1
110 391 1
110 393 1
110 109 1
111 52 1
111 53 1
111 75 1
111 76 1
111 85 1
112 1 1
113 397 1
113 408 1
114 52 1
114 53 1
114 75 1
114 76 1
114 94 1
114 111 1
115 38 1
115 39 1
115 50 1
115 51 1
115 61 1
116 37 1
116 38 1
116 39 1
116 49 1
116 50 1
116 51 1
116 115 1
117 36 1
117 37 1
117 38 1
117 48 1
117 49 1
117 50 1
117 116 1
118 33 1
118 36 1
118 37 1
118 48 1
118 49 1
118 117 1
119 28 1
119 29 1
119 40 1
119 41 1
119 64 1
120 19 1
120 28 1
120 29 1
120 40 1
120 41 1
120 119 1
121 42 1
121 43 1
121 54 1
121 55 1
121 67 1
122 42 1
122 43 1
122 44 1
122 54 1
122 55 1
122 56 1
122 121 1
123 43 1
123 44 1
123 45 1
123 55 1
123 56 1
123 58 1
123 122 1
124 113 1
125 44 1
125 45 1
125 56 1
125 58 1
125 60 1
125 123 1
127 1 1
127 223 1
127 364 1
127 397 1
127 126 1
128 127 1
129 1 1
129 223 1
129 334 1
129 408 1
129 126 1
129 127 1
129 128 1
130 223 1
130 334 1
130 57 1
130 126 1
130 129 1
131 1 1
131 364 1
131 101 1
131 126 1
131 127 1
131 130 1
132 126 1
132 127 1
132 131 1
133 127 1
133 128 1
133 132 1
134 1 1
134 397 1
134 113 1
134 127 1
134 128 1
134 133 1
135 124 1
136 223 1
136 408 1
136 157 1
136 128 1
136 129 1
136 134 1
137 128 1
137 129 1
137 136 1
138 126 1
138 129 1
138 130 1
138 137 1
139 24 1
139 35 1
139 68 1
139 7 1
140 24 1
140 35 1
140 46 1
140 139 1
141 35 1
141 46 1
141 57 1
141 140 1
142 334 1
142 46 1
142 57 1
142 130 1
142 131 1
142 141 1
143 24 1
143 68 1
143 79 1
143 201 1
143 139 1
143 140 1
144 68 1
144 79 1
144 90 1
144 139 1
144 140 1
144 141 1
144 143 1
145 79 1
145 90 1
145 101 1
145 140 1
145 141 1
145 142 1
145 144 1
146 135 1
147 364 1
147 90 1
147 101 1
147 130 1
147 131 1
147 141 1
147 142 1
147 145 1
148 397 1
148 113 1
148 124 1
148 134 1
148 136 1
149 113 1
149 124 1
149 135 1
149 148 1
150 124 1
150 135 1
150 146 1
150 149 1
151 135 1
151 146 1
151 190 1
151 257 1
151 150 1
152 408 1
152 157 1
152 168 1
152 134 1
152 136 1
152 148 1
152 149 1
153 157 1
153 168 1
153 179 1
153 148 1
153 149 1
153 150 1
153 152 1
154 168 1
154 179 1
154 190 1
154 149 1
154 150 1
154 151 1
154 153 1
155 146 1
155 179 1
155 190 1
155 12 1
155 150 1
155 151 1
155 154 1
156 68 1
156 201 1
156 268 1
156 143 1
156 144 1
157 397 1
157 408 1
157 113 1
157 124 1
158 143 1
158 144 1
158 156 1
159 132 1
159 133 1
160 132 1
160 133 1
160 159 1
161 150 1
161 151 1
162 146 1
162 257 1
162 358 1
162 150 1
162 151 1
162 161 1
163 201 1
163 268 1
163 279 1
163 359 1
163 156 1
163 158 1
164 268 1
164 279 1
164 290 1
164 156 1
164 158 1
164 163 1
165 279 1
165 290 1
165 301 1
165 164 1
166 290 1
166 301 1
166 312 1
166 165 1
167 301 1
167 312 1
167 323 1
167 159 1
167 166 1
168 113 1
168 124 1
168 135 1
168 157 1
169 312 1
169 323 1
169 335 1
169 98 1
169 159 1
169 160 1
169 167 1
170 323 1
170 335 1
170 346 1
170 160 1
170 169 1
171 335 1
171 346 1
171 356 1
171 170 1
172 346 1
172 356 1
172 357 1
172 171 1
173 356 1
173 357 1
173 358 1
173 161 1
173 162 1
173 172 1
174 257 1
174 357 1
174 358 1
174 365 1
174 161 1
174 162 1
174 173 1
175 268 1
175 359 1
175 366 1
175 163 1
175 164 1
176 163 1
176 164 1
176 175 1
177 167 1
177 169 1
178 169 1
178 170 1
179 124 1
179 135 1
179 146 1
179 168 1
180 173 1
180 174 1
181 358 1
181 365 1
181 378 1
181 173 1
181 174 1
181 180 1
182 359 1
182 366 1
182 379 1
182 175 1
182 176 1
183 175 1
183 176 1
183 182 1
184 368 1
184 183 1
185 184 1
186 185 1
187 177 1
187 186 1
188 178 1
189 188 1
190 135 1
190 146 1
190 179 1
191 189 1
192 376 1
192 191 1
193 180 1
193 181 1
193 192 1
194 365 1
194 378 1
194 393 1
194 180 1
194 181 1
194 193 1
195 366 1
195 379 1
195 380 1
195 100 1
195 182 1
195 183 1
196 379 1
196 380 1
196 405 1
196 195 1
197 381 1
197 183 1
197 195 1
197 196 1
198 184 1
198 197 1
199 383 1
199 185 1
199 198 1
200 199 1
201 68 1
201 79 1
202 200 1
204 203 1
205 389 1
205 191 1
205 204 1
206 192 1
206 205 1
207 391 1
207 193 1
207 206 1
208 392 1
208 393 1
208 411 1
208 207 1
209 378 1
209 392 1
209 393 1
209 110 1
209 193 1
209 194 1
209 207 1
209 208 1
210 394 1
210 395 1
210 404 1
210 104 1
210 186 1
210 200 1
211 394 1
211 395 1
211 396 1
211 186 1
211 187 1
211 210 1
212 68 1
212 79 1
212 201 1
213 395 1
213 396 1
213 93 1
213 186 1
213 187 1
213 211 1
214 398 1
214 399 1
214 93 1
214 188 1
214 189 1
215 398 1
215 399 1
215 401 1
215 188 1
215 189 1
215 214 1
216 400 1
216 401 1
216 402 1
216 203 1
216 204 1
217 399 1
217 400 1
217 401 1
217 107 1
217 189 1
217 204 1
217 215 1
217 216 1
218 400 1
218 402 1
218 92 1
218 203 1
218 204 1
218 216 1
219 403 1
219 404 1
219 92 1
219 200 1
219 202 1
220 394 1
220 403 1
220 404 1
220 200 1
220 202 1
220 210 1
220 219 1
221 380 1
221 405 1
221 412 1
221 196 1
221 197 1
222 196 1
222 197 1
222 221 1
223 0 1
223 1 1
223 112 1
224 375 1
224 386 1
225 202 1
226 203 1
226 225 1
227 207 1
227 208 1
228 392 1
228 411 1
228 6 1
228 207 1
228 208 1
228 227 1
229 405 1
229 412 1
229 413 1
229 221 1
229 222 1
230 412 1
230 413 1
230 414 1
230 221 1
230 222 1
230 229 1
231 413 1
231 414 1
231 415 1
231 230 1
232 414 1
232 415 1
232 416 1
232 231 1
233 415 1
233 416 1
233 417 1
233 225 1
233 232 1
234 416 1
234 417 1
234 418 1
234 106 1
234 225 1
234 226 1
234 233 1
235 375 1
235 386 1
235 224 1
236 417 1
236 418 1
236 3 1
236 226 1
236 234 1
237 418 1
237 3 1
237 4 1
237 236 1
238 3 1
238 4 1
238 5 1
238 237 1
239 4 1
239 5 1
239 6 1
239 227 1
239 228 1
239 238 1
240 411 1
240 5 1
240 6 1
240 227 1
240 228 1
240 239 1
241 24 1
241 7 1
241 14 1
241 139 1
241 140 1
242 139 1
242 140 1
242 241 1
243 137 1
243 138 1
244 137 1
244 138 1
244 243 1
245 154 1
245 155 1
246 135 1
246 146 1
247 190 1
247 12 1
247 25 1
247 154 1
247 155 1
247 245 1
248 7 1
248 14 1
248 15 1
248 26 1
248 241 1
248 242 1
249 14 1
249 15 1
249 16 1
249 241 1
249 242 1
249 248 1
250 15 1
250 16 1
250 17 1
250 249 1
251 16 1
251 17 1
251 18 1
251 250 1
252 17 1
252 18 1
252 19 1
252 243 1
252 251 1
253 18 1
253 19 1
253 20 1
253 120 1
253 243 1
253 244 1
253 252 1
254 19 1
254 20 1
254 21 1
254 244 1
254 253 1
255 20 1
255 21 1
255 22 1
255 254 1
256 21 1
256 22 1
256 23 1
256 255 1
257 135 1
257 146 1
257 246 1
258 22 1
258 23 1
258 25 1
258 245 1
258 247 1
258 256 1
259 12 1
259 23 1
259 25 1
259 31 1
259 245 1
259 247 1
259 258 1
260 14 1
260 26 1
260 32 1
260 248 1
260 249 1
261 248 1
261 249 1
261 260 1
262 252 1
262 253 1
263 253 1
263 254 1
264 258 1
264 259 1
265 25 1
265 31 1
265 47 1
265 258 1
265 259 1
265 264 1
266 26 1
266 32 1
266 33 1
266 260 1
266 261 1
267 32 1
267 33 1
267 34 1
267 118 1
267 266 1
268 201 1
268 212 1
269 33 1
269 34 1
269 73 1
269 267 1
270 260 1
270 261 1
270 266 1
270 267 1
271 37 1
271 270 1
272 271 1
273 272 1
274 262 1
274 273 1
275 263 1
276 275 1
277 276 1
278 44 1
278 277 1
279 201 1
279 212 1
279 268 1
280 264 1
280 265 1
280 278 1
281 31 1
281 47 1
281 60 1
281 264 1
281 265 1
281 280 1
282 48 1
282 267 1
282 269 1
282 270 1
283 271 1
283 282 1
284 50 1
284 272 1
284 283 1
285 284 1
286 285 1
288 287 1
289 55 1
289 277 1
289 288 1
290 279 1
291 278 1
291 289 1
292 58 1
292 280 1
292 291 1
293 59 1
293 60 1
293 78 1
293 292 1
294 47 1
294 59 1
294 60 1
294 125 1
294 280 1
294 281 1
294 292 1
294 293 1
295 61 1
295 62 1
295 72 1
295 115 1
295 273 1
295 285 1
296 61 1
296 62 1
296 63 1
296 273 1
296 274 1
296 295 1
297 62 1
297 63 1
297 64 1
297 273 1
297 274 1
297 296 1
298 63 1
298 64 1
298 65 1
298 119 1
298 274 1
298 275 1
298 297 1
299 64 1
299 65 1
299 66 1
299 275 1
299 276 1
299 298 1
300 65 1
300 66 1
300 67 1
300 275 1
300 276 1
300 299 1
301 290 1
302 66 1
302 67 1
302 69 1
302 121 1
302 276 1
302 288 1
302 300 1
303 67 1
303 69 1
303 70 1
303 287 1
303 288 1
303 302 1
304 69 1
304 70 1
304 94 1
304 287 1
304 288 1
304 303 1
305 71 1
305 72 1
305 94 1
305 285 1
305 286 1
306 61 1
306 71 1
306 72 1
306 285 1
306 286 1
306 295 1
306 305 1
307 34 1
307 73 1
307 80 1
307 269 1
307 282 1
308 269 1
308 282 1
308 307 1
309 286 1
310 287 1
311 292 1
311 293 1
312 224 1
312 301 1
313 59 1
313 78 1
313 91 1
313 292 1
313 293 1
313 311 1
314 73 1
314 80 1
314 81 1
314 307 1
314 308 1
315 80 1
315 81 1
315 82 1
315 307 1
315 308 1
315 314 1
316 81 1
316 82 1
316 83 1
316 315 1
317 82 1
317 83 1
317 84 1
317 316 1
318 83 1
318 84 1
318 85 1
318 309 1
318 317 1
319 84 1
319 85 1
319 86 1
319 111 1
319 309 1
319 310 1
319 318 1
320 85 1
320 86 1
320 87 1
320 310 1
320 319 1
321 86 1
321 87 1
321 88 1
321 320 1
322 87 1
322 88 1
322 89 1
322 321 1
323 224 1
323 235 1
323 312 1
324 88 1
324 89 1
324 91 1
324 311 1
324 313 1
324 322 1
325 78 1
325 89 1
325 91 1
325 311 1
325 313 1
325 324 1
326 402 1
326 403 1
326 92 1
326 105 1
326 202 1
326 203 1
326 218 1
326 219 1
327 396 1
327 398 1
327 93 1
327 99 1
327 187 1
327 188 1
327 213 1
327 214 1
328 70 1
328 71 1
328 94 1
328 114 1
328 286 1
328 287 1
328 304 1
328 305 1
329 323 1
329 98 1
329 99 1
329 169 1
329 177 1
329 178 1
329 187 1
329 188 1
330 93 1
330 98 1
330 99 1
330 177 1
330 178 1
330 187 1
330 188 1
330 327 1
330 329 1
331 379 1
331 100 1
331 102 1
331 183 1
331 184 1
331 195 1
331 197 1
331 198 1
332 100 1
332 102 1
332 103 1
332 183 1
332 184 1
332 185 1
332 197 1
332 198 1
332 199 1
332 331 1
333 102 1
333 103 1
333 104 1
333 184 1
333 185 1
333 186 1
333 198 1
333 199 1
333 200 1
333 332 1
334 0 1
334 223 1
335 235 1
335 323 1
336 394 1
336 103 1
336 104 1
336 185 1
336 186 1
336 199 1
336 200 1
336 210 1
336 333 1
337 92 1
337 105 1
337 106 1
337 202 1
337 203 1
337 225 1
337 226 1
337 326 1
338 417 1
338 105 1
338 106 1
338 202 1
338 203 1
338 225 1
338 226 1
338 234 1
338 337 1
339 401 1
339 107 1
339 108 1
339 189 1
339 191 1
339 204 1
339 205 1
339 217 1
340 107 1
340 108 1
340 109 1
340 189 1
340 191 1
340 192 1
340 204 1
340 205 1
340 206 1
340 339 1
341 108 1
341 109 1
341 110 1
341 191 1
341 192 1
341 193 1
341 205 1
341 206 1
341 207 1
341 340 1
342 393 1
342 109 1
342 110 1
342 192 1
342 193 1
342 206 1
342 207 1
342 209 1
342 341 1
343 85 1
343 111 1
343 114 1
343 286 1
343 287 1
343 309 1
343 310 1
343 319 1
344 94 1
344 111 1
344 114 1
344 286 1
344 287 1
344 309 1
344 310 1
344 328 1
344 343 1
345 61 1
345 115 1
345 116 1
345 272 1
345 273 1
345 284 1
345 285 1
345 295 1
346 335 1
347 115 1
347 116 1
347 117 1
347 271 1
347 272 1
347 273 1
347 283 1
347 284 1
347 285 1
347 345 1
348 116 1
348 117 1
348 118 1
348 270 1
348 271 1
348 272 1
348 282 1
348 283 1
348 284 1
348 347 1
349 33 1
349 117 1
349 118 1
349 267 1
349 270 1
349 271 1
349 282 1
349 283 1
349 348 1
350 64 1
350 119 1
350 120 1
350 262 1
350 263 1
350 274 1
350 275 1
350 298 1
351 19 1
351 119 1
351 120 1
351 253 1
351 262 1
351 263 1
351 274 1
351 275 1
351 350 1
352 67 1
352 121 1
352 122 1
352 276 1
352 277 1
352 288 1
352 289 1
352 302 1
353 121 1
353 122 1
353 123 1
353 276 1
353 277 1
353 278 1
353 288 1
353 289 1
353 291 1
353 352 1
354 122 1
354 123 1
354 125 1
354 277 1
354 278 1
354 280 1
354 289 1
354 291 1
354 292 1
354 353 1
355 60 1
355 123 1
355 125 1
355 278 1
355 280 1
355 291 1
355 292 1
355 294 1
355 354 1
356 346 1
357 246 1
357 257 1
357 356 1
358 246 1
358 257 1
358 357 1
359 268 1
359 279 1
360 268 1
360 279 1
360 359 1
361 312 1
361 323 1
362 323 1
362 335 1
363 357 1
363 358 1
364 0 1
364 1 1
364 334 1
365 357 1
365 358 1
365 363 1
366 359 1
366 360 1
367 359 1
367 360 1
367 366 1
368 367 1
369 368 1
370 369 1
371 361 1
371 370 1
372 362 1
373 372 1
374 373 1
375 0 1
375 1 1
375 364 1
376 374 1
377 363 1
377 365 1
377 376 1
378 363 1
378 365 1
378 377 1
379 366 1
379 367 1
380 379 1
381 367 1
381 379 1
381 380 1
382 368 1
382 381 1
383 369 1
383 382 1
384 383 1
385 384 1
386 1 1
386 112 1
386 375 1
388 387 1
389 374 1
389 388 1
390 376 1
390 389 1
391 377 1
391 390 1
392 391 1
393 377 1
393 378 1
393 391 1
393 392 1
394 370 1
394 384 1
395 370 1
395 371 1
395 394 1
396 370 1
396 371 1
396 395 1
397 1 1
397 112 1
397 386 1
398 372 1
398 373 1
399 372 1
399 373 1
399 398 1
400 387 1
400 388 1
401 373 1
401 388 1
401 399 1
401 400 1
402 387 1
402 388 1
402 400 1
403 384 1
403 385 1
404 384 1
404 385 1
404 394 1
404 403 1
405 380 1
405 381 1
406 380 1
406 381 1
406 405 1
407 385 1
408 112 1
408 223 1
408 397 1
409 387 1
409 407 1
410 391 1
410 392 1
411 391 1
411 392 1
411 410 1
412 405 1
412 406 1
413 405 1
413 406 1
413 412 1
414 413 1
415 414 1
416 407 1
416 415 1
417 407 1
417 409 1
417 416 1
418 409 1
418 417 1
