115 613
0 1 1
0 20 1
0 21 1
0 71 1
0 22 1
0 23 1
0 24 1
0 25 1
0 26 1
0 28 1
0 29 1
0 30 1
1 27 1
1 38 1
1 49 1
1 60 1
1 71 1
1 82 1
1 93 1
1 104 1
1 2 1
1 13 1
1 19 1
2 45 1
2 68 1
2 46 1
2 79 1
2 55 1
2 80 1
2 56 1
3 7 1
3 12 1
3 5 1
4 11 1
4 6 1
4 17 1
4 18 1
5 14 1
5 12 1
5 15 1
5 10 1
5 16 1
6 14 1
6 11 1
6 17 1
6 15 1
6 18 1
8 12 1
8 16 1
9 15 1
9 10 1
10 14 1
10 15 1
10 16 1
11 14 1
11 17 1
11 18 1
13 9 1
13 76 1
13 10 1
13 19 1
14 15 1
17 18 1
19 46 1
19 96 1
19 41 1
19 99 1
19 95 1
20 79 1
20 22 1
20 23 1
20 6 1
20 25 1
20 28 1
20 29 1
20 44 1
20 30 1
21 83 1
21 47 1
21 7 1
21 98 1
21 8 1
21 113 1
21 3 1
21 100 1
21 101 1
22 86 1
22 23 1
22 9 1
22 25 1
22 100 1
22 28 1
22 29 1
22 30 1
23 34 1
23 110 1
23 98 1
23 25 1
23 28 1
23 29 1
23 30 1
24 106 1
24 110 1
24 14 1
24 7 1
24 114 1
24 15 1
24 10 1
24 94 1
24 16 1
25 66 1
25 18 1
25 92 1
25 28 1
25 29 1
25 30 1
26 103 1
26 108 1
26 109 1
26 78 1
26 66 1
26 51 1
26 111 1
26 112 1
27 45 1
27 38 1
27 49 1
27 60 1
27 55 1
27 93 1
27 56 1
27 13 1
27 19 1
27 57 1
28 113 1
28 54 1
28 29 1
28 30 1
29 98 1
29 9 1
29 30 1
30 109 1
30 8 1
30 111 1
31 32 1
31 45 1
31 46 1
31 47 1
31 48 1
31 50 1
31 51 1
31 41 1
31 42 1
31 52 1
31 53 1
31 54 1
32 33 1
32 34 1
32 35 1
32 36 1
32 37 1
32 39 1
32 40 1
32 41 1
32 42 1
32 43 1
32 44 1
33 63 1
33 64 1
33 65 1
33 37 1
33 66 1
33 51 1
33 39 1
33 40 1
33 67 1
33 43 1
33 44 1
34 81 1
34 36 1
34 64 1
34 65 1
34 39 1
34 40 1
34 43 1
34 44 1
34 89 1
35 81 1
35 36 1
35 47 1
35 87 1
35 88 1
35 90 1
35 91 1
35 67 1
35 92 1
36 64 1
36 65 1
36 37 1
36 39 1
36 72 1
36 94 1
36 43 1
36 44 1
36 95 1
37 70 1
37 64 1
37 65 1
37 4 1
37 39 1
37 107 1
37 40 1
37 43 1
38 68 1
38 49 1
38 70 1
38 60 1
38 93 1
38 40 1
38 13 1
38 19 1
38 57 1
39 58 1
39 65 1
39 12 1
39 40 1
39 91 1
39 44 1
40 64 1
40 8 1
40 43 1
40 44 1
40 77 1
41 58 1
41 48 1
41 50 1
41 91 1
41 42 1
41 52 1
41 54 1
41 62 1
42 45 1
42 58 1
42 48 1
42 50 1
42 73 1
42 76 1
42 53 1
42 54 1
43 64 1
43 65 1
43 76 1
43 92 1
43 54 1
44 64 1
44 65 1
44 7 1
44 94 1
45 58 1
45 46 1
45 50 1
45 52 1
45 53 1
45 59 1
45 61 1
45 62 1
46 58 1
46 79 1
46 55 1
46 80 1
46 56 1
46 59 1
47 81 1
47 85 1
47 87 1
47 106 1
47 88 1
47 107 1
47 67 1
48 63 1
48 78 1
48 50 1
48 52 1
48 61 1
48 54 1
48 62 1
49 83 1
49 60 1
49 87 1
49 93 1
49 96 1
49 52 1
49 13 1
49 19 1
50 6 1
50 53 1
50 61 1
50 54 1
50 16 1
51 83 1
51 86 1
51 12 1
51 8 1
51 18 1
51 59 1
51 95 1
52 58 1
52 76 1
52 17 1
52 53 1
52 61 1
52 62 1
53 58 1
53 79 1
53 11 1
53 17 1
53 61 1
53 62 1
54 58 1
54 61 1
54 62 1
55 79 1
55 87 1
55 80 1
55 56 1
55 75 1
55 102 1
56 79 1
56 80 1
56 113 1
56 17 1
56 18 1
56 10 1
56 100 1
57 63 1
57 69 1
57 70 1
57 78 1
57 72 1
57 74 1
57 75 1
57 77 1
58 61 1
58 62 1
59 12 1
59 8 1
59 15 1
59 61 1
59 16 1
60 70 1
60 93 1
60 75 1
60 2 1
60 13 1
60 19 1
60 77 1
61 14 1
61 74 1
61 62 1
62 114 1
62 18 1
63 68 1
63 69 1
63 70 1
63 72 1
63 73 1
63 74 1
63 75 1
63 76 1
63 77 1
64 69 1
64 105 1
64 65 1
64 11 1
65 87 1
65 90 1
65 76 1
66 103 1
66 108 1
66 109 1
66 105 1
66 90 1
66 111 1
66 112 1
67 81 1
67 105 1
67 87 1
67 88 1
67 9 1
67 92 1
68 69 1
68 70 1
68 78 1
68 72 1
68 74 1
68 75 1
68 77 1
69 97 1
69 70 1
69 4 1
69 78 1
69 72 1
69 74 1
69 77 1
70 78 1
70 72 1
70 74 1
70 75 1
71 103 1
71 20 1
71 22 1
71 23 1
71 25 1
71 28 1
71 29 1
71 30 1
72 80 1
72 78 1
72 96 1
72 75 1
72 77 1
73 4 1
73 11 1
73 6 1
73 96 1
73 74 1
73 17 1
73 18 1
73 89 1
73 95 1
74 78 1
74 75 1
74 76 1
74 77 1
75 80 1
75 78 1
75 77 1
76 108 1
76 109 1
76 9 1
76 112 1
77 4 1
77 78 1
78 80 1
79 80 1
79 5 1
79 99 1
79 89 1
80 109 1
81 83 1
81 84 1
81 85 1
81 86 1
81 87 1
81 88 1
82 103 1
82 108 1
82 109 1
82 85 1
82 110 1
82 66 1
82 111 1
82 94 1
82 112 1
82 26 1
83 97 1
83 98 1
83 99 1
83 100 1
83 101 1
83 102 1
84 103 1
84 105 1
84 85 1
84 86 1
84 87 1
84 106 1
84 90 1
84 107 1
84 91 1
84 92 1
85 105 1
85 106 1
85 90 1
85 107 1
85 91 1
85 112 1
85 92 1
86 103 1
86 97 1
86 88 1
86 12 1
87 88 1
87 90 1
87 91 1
88 105 1
88 106 1
88 107 1
88 113 1
88 111 1
89 4 1
89 11 1
89 6 1
89 96 1
89 9 1
89 17 1
89 18 1
89 95 1
90 105 1
90 107 1
90 91 1
90 92 1
91 105 1
91 107 1
91 92 1
92 105 1
92 107 1
93 68 1
93 48 1
93 96 1
93 13 1
93 19 1
94 14 1
94 107 1
94 5 1
94 114 1
94 15 1
94 10 1
94 16 1
95 4 1
95 11 1
95 6 1
95 96 1
95 17 1
95 18 1
96 4 1
96 11 1
96 6 1
96 17 1
96 18 1
97 98 1
97 113 1
97 114 1
97 3 1
97 99 1
97 101 1
97 102 1
98 7 1
98 107 1
98 113 1
98 3 1
98 99 1
98 100 1
99 7 1
99 15 1
99 100 1
99 101 1
99 102 1
100 7 1
100 113 1
100 3 1
100 102 1
101 14 1
101 7 1
101 3 1
101 16 1
101 102 1
102 12 1
102 113 1
102 3 1
103 108 1
103 109 1
103 110 1
103 111 1
103 112 1
104 83 1
104 97 1
104 21 1
104 7 1
104 8 1
104 5 1
104 113 1
104 99 1
104 101 1
104 102 1
105 107 1
105 111 1
106 108 1
106 8 1
108 109 1
108 111 1
108 9 1
108 10 1
108 112 1
109 110 1
109 111 1
109 112 1
110 14 1
110 5 1
110 114 1
110 15 1
110 10 1
110 16 1
111 9 1
111 112 1
112 9 1
113 7 1
113 3 1
114 14 1
114 5 1
114 3 1
114 15 1
114 16 1
