1220 2807
0 359 1
0 362 1
1 370 1
1 373 1
2 272 1
2 411 1
2 437 1
3 875 1
3 879 1
4 111 1
4 164 1
5 6 1
5 110 1
5 164 1
6 110 1
6 164 1
7 8 1
7 118 1
7 165 1
8 118 1
8 165 1
9 10 1
9 119 1
9 165 1
10 119 1
10 165 1
11 12 1
11 119 1
11 165 1
12 119 1
12 165 1
13 15 1
13 118 1
13 165 1
14 873 1
14 880 1
15 118 1
15 165 1
16 17 1
16 124 1
16 166 1
17 124 1
17 166 1
18 19 1
18 126 1
18 166 1
19 126 1
19 166 1
20 21 1
20 126 1
20 166 1
21 126 1
21 166 1
22 23 1
22 124 1
22 166 1
23 124 1
23 166 1
24 26 1
24 131 1
24 167 1
25 878 1
25 882 1
25 884 1
26 131 1
26 167 1
27 28 1
27 132 1
27 167 1
28 132 1
28 167 1
29 30 1
29 132 1
29 167 1
30 132 1
30 167 1
31 32 1
31 131 1
31 167 1
32 131 1
32 167 1
33 34 1
33 138 1
33 168 1
34 138 1
34 168 1
35 37 1
35 139 1
35 168 1
36 890 1
36 914 1
37 139 1
37 168 1
38 39 1
38 139 1
38 168 1
39 139 1
39 168 1
40 41 1
40 138 1
40 168 1
41 138 1
41 168 1
42 43 1
42 144 1
42 170 1
43 144 1
43 170 1
44 45 1
44 145 1
44 170 1
45 145 1
45 170 1
46 48 1
46 145 1
46 170 1
47 892 1
47 916 1
48 145 1
48 170 1
49 50 1
49 144 1
49 170 1
50 144 1
50 170 1
51 52 1
51 151 1
51 171 1
52 151 1
52 171 1
53 54 1
53 152 1
53 171 1
54 152 1
54 171 1
55 56 1
55 152 1
55 171 1
56 152 1
56 171 1
57 59 1
57 151 1
57 171 1
58 294 1
58 900 1
58 926 1
59 151 1
59 171 1
60 61 1
60 105 1
60 172 1
61 105 1
61 172 1
62 63 1
62 104 1
62 172 1
63 104 1
63 172 1
64 65 1
64 111 1
64 172 1
65 111 1
65 172 1
66 67 1
66 110 1
66 172 1
67 110 1
67 172 1
68 70 1
68 119 1
68 172 1
69 898 1
69 902 1
69 925 1
69 928 1
70 119 1
70 172 1
71 72 1
71 118 1
71 172 1
72 118 1
72 172 1
73 74 1
73 126 1
73 172 1
74 126 1
74 172 1
75 76 1
75 124 1
75 172 1
76 124 1
76 172 1
77 78 1
77 132 1
77 172 1
78 132 1
78 172 1
79 81 1
79 131 1
79 172 1
80 903 1
80 920 1
81 131 1
81 172 1
82 83 1
82 139 1
82 172 1
83 139 1
83 172 1
84 85 1
84 138 1
84 172 1
85 138 1
85 172 1
86 87 1
86 145 1
86 172 1
87 145 1
87 172 1
88 89 1
88 144 1
88 172 1
89 144 1
89 172 1
90 92 1
90 152 1
90 172 1
91 339 1
91 913 1
91 937 1
92 152 1
92 172 1
93 94 1
93 151 1
93 172 1
94 151 1
94 172 1
95 358 1
95 96 1
95 101 1
95 173 1
96 358 1
96 101 1
97 358 1
97 98 1
97 103 1
97 173 1
98 358 1
98 103 1
99 174 1
100 175 1
101 176 1
102 911 1
102 912 1
102 935 1
102 936 1
103 177 1
104 178 1
105 179 1
106 181 1
107 182 1
108 183 1
109 184 1
110 185 1
111 186 1
112 187 1
113 409 1
113 413 1
113 436 1
113 439 1
114 851 1
114 867 1
115 188 1
116 189 1
117 190 1
118 192 1
119 193 1
120 194 1
121 195 1
122 196 1
123 197 1
124 198 1
125 886 1
125 909 1
125 934 1
125 938 1
126 199 1
127 200 1
128 201 1
129 203 1
130 204 1
131 205 1
132 206 1
133 207 1
134 208 1
135 209 1
136 940 1
136 944 1
137 210 1
138 211 1
139 212 1
140 214 1
141 215 1
142 216 1
143 217 1
144 218 1
145 219 1
146 220 1
147 951 1
147 955 1
148 221 1
149 222 1
150 223 1
151 226 1
152 227 1
153 228 1
154 229 1
155 230 1
156 231 1
157 232 1
158 959 1
158 960 1
159 233 1
160 234 1
161 235 1
162 237 1
163 238 1
164 239 1
165 240 1
166 241 1
167 242 1
168 243 1
169 945 1
169 962 1
170 244 1
171 245 1
172 246 1
180 956 1
180 968 1
191 942 1
191 953 1
191 958 1
191 967 1
202 947 1
202 969 1
213 973 1
213 977 1
224 414 1
224 431 1
225 971 1
225 978 1
236 975 1
236 980 1
236 982 1
247 986 1
247 1012 1
248 989 1
248 1014 1
249 298 1
249 996 1
249 1024 1
250 995 1
250 1000 1
250 1023 1
250 1026 1
251 1001 1
251 1018 1
252 343 1
252 1011 1
252 1035 1
253 1008 1
253 1009 1
253 1033 1
253 1034 1
254 949 1
254 964 1
255 316 1
255 424 1
255 449 1
256 984 1
256 1007 1
256 1031 1
256 1036 1
257 1038 1
257 1041 1
258 1042 1
258 1053 1
259 1049 1
259 1059 1
260 1060 1
260 1064 1
261 1071 1
261 1095 1
262 1073 1
262 1097 1
263 303 1
263 1081 1
263 1107 1
264 1080 1
264 1083 1
264 1106 1
264 1111 1
265 1084 1
265 1102 1
266 422 1
266 423 1
266 447 1
266 448 1
267 348 1
267 1094 1
267 1119 1
268 1092 1
268 1093 1
268 1117 1
268 1118 1
269 1045 1
269 1056 1
270 1069 1
270 1091 1
270 1116 1
270 1120 1
271 405 1
271 1124 1
272 429 1
272 1123 1
272 1125 1
273 418 1
273 1128 1
274 412 1
274 438 1
274 442 1
274 1127 1
274 1129 1
275 503 1
275 1133 1
276 527 1
276 1131 1
276 1134 1
277 368 1
277 383 1
278 516 1
278 1137 1
279 509 1
279 536 1
279 540 1
279 1136 1
279 1138 1
280 601 1
280 1141 1
281 625 1
281 1140 1
281 1142 1
282 614 1
282 1146 1
283 607 1
283 634 1
283 638 1
283 1145 1
283 1147 1
284 698 1
284 1150 1
285 723 1
285 1149 1
285 1151 1
286 712 1
286 1155 1
287 705 1
287 731 1
287 736 1
287 1153 1
287 1156 1
288 398 1
288 420 1
288 446 1
288 450 1
289 796 1
289 1159 1
290 820 1
290 1158 1
290 1160 1
291 809 1
291 1163 1
292 803 1
292 829 1
292 834 1
292 1162 1
292 1164 1
293 894 1
293 1168 1
294 918 1
294 1167 1
294 1169 1
295 907 1
295 1172 1
296 901 1
296 927 1
296 931 1
296 1171 1
296 1173 1
297 991 1
297 1177 1
298 1016 1
298 1175 1
298 1178 1
299 452 1
299 456 1
300 1005 1
300 1181 1
301 997 1
301 1025 1
301 1029 1
301 1180 1
301 1182 1
302 1075 1
302 1185 1
303 1100 1
303 1184 1
303 1186 1
304 1089 1
304 1190 1
305 1082 1
305 1108 1
305 1114 1
305 1189 1
305 1191 1
306 1051 1
306 1194 1
307 1047 1
307 1199 1
308 1040 1
308 1058 1
308 1193 1
308 1197 1
309 1195 1
309 1200 1
310 463 1
310 467 1
311 1062 1
311 1203 1
312 1067 1
312 1202 1
312 1204 1
313 407 1
313 1207 1
314 434 1
314 1206 1
314 1208 1
315 416 1
315 1214 1
316 440 1
316 1211 1
316 1213 1
317 505 1
317 1216 1
318 531 1
318 1215 1
318 1217 1
319 514 1
319 6 1
320 538 1
320 1219 1
320 5 1
321 471 1
321 472 1
322 603 1
322 8 1
323 629 1
323 7 1
323 9 1
324 612 1
324 15 1
325 636 1
325 11 1
325 13 1
326 701 1
326 17 1
327 727 1
327 16 1
327 18 1
328 709 1
328 23 1
329 734 1
329 20 1
329 22 1
330 798 1
330 26 1
331 825 1
331 24 1
331 27 1
332 378 1
332 379 1
333 457 1
333 474 1
334 807 1
334 32 1
335 831 1
335 29 1
335 31 1
336 896 1
336 34 1
337 923 1
337 33 1
337 35 1
338 905 1
338 41 1
339 929 1
339 38 1
339 40 1
340 993 1
340 43 1
341 1020 1
341 42 1
341 44 1
342 1003 1
342 50 1
343 1027 1
343 46 1
343 49 1
344 468 1
344 480 1
345 1078 1
345 52 1
346 1104 1
346 51 1
346 53 1
347 1086 1
347 59 1
348 1112 1
348 55 1
348 57 1
349 60 1
349 62 1
350 64 1
350 66 1
351 68 1
351 71 1
352 73 1
352 75 1
353 77 1
353 79 1
354 82 1
354 84 1
355 454 1
355 465 1
355 470 1
355 479 1
356 86 1
356 88 1
357 90 1
357 93 1
358 392 1
358 394 1
358 396 1
359 998 1
359 360 1
359 99 1
360 998 1
360 99 1
361 776 1
361 362 1
361 99 1
362 776 1
362 99 1
363 998 1
363 364 1
363 99 1
364 998 1
364 99 1
365 388 1
365 367 1
365 99 1
366 459 1
366 481 1
367 388 1
367 99 1
368 665 1
368 369 1
368 99 1
369 665 1
369 99 1
370 443 1
370 371 1
370 99 1
371 443 1
371 99 1
372 388 1
372 373 1
372 99 1
373 388 1
373 99 1
374 443 1
374 375 1
374 100 1
375 443 1
375 100 1
376 388 1
376 378 1
376 100 1
377 485 1
377 489 1
378 388 1
378 100 1
379 998 1
379 380 1
379 100 1
380 998 1
380 100 1
381 998 1
381 382 1
381 100 1
382 998 1
382 100 1
383 665 1
383 384 1
383 100 1
384 665 1
384 100 1
385 776 1
385 386 1
385 100 1
386 776 1
386 100 1
387 388 1
387 389 1
387 100 1
388 483 1
388 490 1
389 388 1
389 100 1
390 1109 1
390 391 1
390 101 1
391 1109 1
391 101 1
392 388 1
392 393 1
392 101 1
393 388 1
393 101 1
394 388 1
394 395 1
394 103 1
395 388 1
395 103 1
396 1109 1
396 397 1
396 103 1
397 1109 1
397 103 1
398 277 1
398 400 1
398 104 1
399 487 1
399 492 1
399 494 1
400 277 1
400 104 1
401 314 1
401 402 1
401 104 1
402 314 1
402 104 1
403 272 1
403 404 1
403 104 1
404 272 1
404 104 1
405 314 1
405 406 1
405 104 1
406 314 1
406 104 1
407 113 1
407 408 1
407 104 1
408 113 1
408 104 1
409 349 1
409 411 1
409 104 1
410 498 1
410 523 1
411 349 1
411 104 1
412 224 1
412 413 1
412 104 1
413 224 1
413 104 1
414 349 1
414 415 1
414 104 1
415 349 1
415 104 1
416 274 1
416 417 1
416 104 1
417 274 1
417 104 1
418 266 1
418 419 1
418 104 1
419 266 1
419 104 1
420 349 1
420 422 1
420 104 1
421 501 1
421 525 1
422 349 1
422 104 1
423 224 1
423 424 1
423 104 1
424 224 1
424 104 1
425 314 1
425 426 1
425 105 1
426 314 1
426 105 1
427 272 1
427 428 1
427 105 1
428 272 1
428 105 1
429 314 1
429 430 1
429 105 1
430 314 1
430 105 1
431 349 1
431 433 1
431 105 1
432 276 1
432 508 1
432 535 1
433 349 1
433 105 1
434 113 1
434 435 1
434 105 1
435 113 1
435 105 1
436 224 1
436 437 1
436 105 1
437 224 1
437 105 1
438 349 1
438 439 1
438 105 1
439 349 1
439 105 1
440 274 1
440 441 1
440 105 1
441 274 1
441 105 1
442 266 1
442 445 1
442 105 1
443 363 1
443 381 1
444 507 1
444 511 1
444 534 1
444 537 1
445 266 1
445 105 1
446 224 1
446 447 1
446 105 1
447 224 1
447 105 1
448 349 1
448 449 1
448 105 1
449 349 1
449 105 1
450 277 1
450 451 1
450 105 1
451 277 1
451 105 1
452 410 1
452 453 1
452 106 1
453 410 1
453 106 1
454 366 1
454 456 1
454 106 1
455 512 1
455 529 1
456 366 1
456 106 1
457 410 1
457 458 1
457 106 1
458 410 1
458 106 1
459 599 1
459 460 1
459 106 1
460 599 1
460 106 1
461 355 1
461 462 1
461 106 1
462 355 1
462 106 1
463 333 1
463 464 1
463 106 1
464 333 1
464 106 1
465 599 1
465 467 1
465 106 1
466 320 1
466 522 1
466 546 1
467 599 1
467 106 1
468 333 1
468 469 1
468 107 1
469 333 1
469 107 1
470 599 1
470 471 1
470 107 1
471 599 1
471 107 1
472 410 1
472 473 1
472 107 1
473 410 1
473 107 1
474 410 1
474 475 1
474 107 1
475 410 1
475 107 1
476 355 1
476 478 1
476 107 1
477 519 1
477 520 1
477 544 1
477 545 1
478 355 1
478 107 1
479 366 1
479 480 1
479 107 1
480 366 1
480 107 1
481 599 1
481 482 1
481 107 1
482 599 1
482 107 1
483 399 1
483 484 1
483 108 1
484 399 1
484 108 1
485 421 1
485 486 1
485 108 1
486 421 1
486 108 1
487 599 1
487 489 1
487 108 1
488 461 1
488 476 1
489 599 1
489 108 1
490 399 1
490 491 1
490 109 1
491 399 1
491 109 1
492 599 1
492 493 1
492 109 1
493 599 1
493 109 1
494 421 1
494 495 1
494 109 1
495 421 1
495 109 1
496 488 1
496 497 1
496 110 1
497 488 1
497 110 1
498 318 1
498 500 1
498 110 1
499 496 1
499 518 1
499 542 1
499 547 1
500 318 1
500 110 1
501 276 1
501 502 1
501 110 1
502 276 1
502 110 1
503 318 1
503 504 1
503 110 1
504 318 1
504 110 1
505 444 1
505 506 1
505 110 1
506 444 1
506 110 1
507 350 1
507 508 1
507 110 1
508 350 1
508 110 1
509 455 1
509 511 1
509 110 1
510 549 1
510 552 1
511 455 1
511 110 1
512 350 1
512 513 1
512 110 1
513 350 1
513 110 1
514 279 1
514 515 1
514 110 1
515 279 1
515 110 1
516 477 1
516 517 1
516 110 1
517 477 1
517 110 1
518 350 1
518 519 1
518 110 1
519 350 1
519 110 1
520 455 1
520 522 1
520 110 1
521 561 1
521 564 1
522 455 1
522 110 1
523 318 1
523 524 1
523 111 1
524 318 1
524 111 1
525 276 1
525 526 1
525 111 1
526 276 1
526 111 1
527 318 1
527 528 1
527 111 1
528 318 1
528 111 1
529 350 1
529 530 1
529 111 1
530 350 1
530 111 1
531 444 1
531 533 1
531 111 1
532 569 1
532 570 1
533 444 1
533 111 1
534 455 1
534 535 1
534 111 1
535 455 1
535 111 1
536 350 1
536 537 1
536 111 1
537 350 1
537 111 1
538 279 1
538 539 1
538 111 1
539 279 1
539 111 1
540 477 1
540 541 1
540 111 1
541 477 1
541 111 1
542 455 1
542 544 1
542 111 1
543 553 1
543 572 1
544 455 1
544 111 1
545 350 1
545 546 1
545 111 1
546 350 1
546 111 1
547 488 1
547 548 1
547 111 1
548 488 1
548 111 1
549 621 1
549 550 1
549 112 1
550 621 1
550 112 1
551 577 1
551 552 1
551 112 1
552 577 1
552 112 1
553 621 1
553 556 1
553 112 1
554 374 1
554 386 1
555 565 1
555 578 1
556 621 1
556 112 1
557 810 1
557 558 1
557 112 1
558 810 1
558 112 1
559 566 1
559 560 1
559 112 1
560 566 1
560 112 1
561 543 1
561 562 1
561 112 1
562 543 1
562 112 1
563 810 1
563 564 1
563 112 1
564 810 1
564 112 1
565 543 1
565 567 1
565 115 1
566 551 1
566 563 1
566 568 1
566 576 1
567 543 1
567 115 1
568 810 1
568 569 1
568 115 1
569 810 1
569 115 1
570 621 1
570 571 1
570 115 1
571 621 1
571 115 1
572 621 1
572 573 1
572 115 1
573 621 1
573 115 1
574 566 1
574 575 1
574 115 1
575 566 1
575 115 1
576 577 1
576 578 1
576 115 1
577 557 1
577 579 1
578 577 1
578 115 1
579 810 1
579 580 1
579 115 1
580 810 1
580 115 1
581 610 1
581 582 1
581 116 1
582 610 1
582 116 1
583 632 1
583 584 1
583 116 1
584 632 1
584 116 1
585 810 1
585 586 1
585 116 1
586 810 1
586 116 1
587 610 1
587 589 1
587 117 1
588 583 1
588 586 1
589 610 1
589 117 1
590 810 1
590 591 1
590 117 1
591 810 1
591 117 1
592 632 1
592 593 1
592 117 1
593 632 1
593 117 1
594 699 1
594 595 1
594 118 1
595 699 1
595 118 1
596 323 1
596 597 1
596 118 1
597 323 1
597 118 1
598 281 1
598 600 1
598 118 1
599 581 1
599 587 1
600 281 1
600 118 1
601 323 1
601 602 1
601 118 1
602 323 1
602 118 1
603 654 1
603 604 1
603 118 1
604 654 1
604 118 1
605 351 1
605 606 1
605 118 1
606 351 1
606 118 1
607 666 1
607 608 1
607 118 1
608 666 1
608 118 1
609 351 1
609 611 1
609 118 1
610 585 1
610 590 1
610 592 1
611 351 1
611 118 1
612 283 1
612 613 1
612 118 1
613 283 1
613 118 1
614 688 1
614 615 1
614 118 1
615 688 1
615 118 1
616 351 1
616 617 1
616 118 1
617 351 1
617 118 1
618 666 1
618 619 1
618 118 1
619 666 1
619 118 1
620 323 1
620 622 1
620 119 1
621 596 1
621 620 1
622 323 1
622 119 1
623 281 1
623 624 1
623 119 1
624 281 1
624 119 1
625 323 1
625 626 1
625 119 1
626 323 1
626 119 1
627 351 1
627 628 1
627 119 1
628 351 1
628 119 1
629 654 1
629 630 1
629 119 1
630 654 1
630 119 1
631 666 1
631 633 1
631 119 1
632 598 1
632 623 1
633 666 1
633 119 1
634 351 1
634 635 1
634 119 1
635 351 1
635 119 1
636 283 1
636 637 1
636 119 1
637 283 1
637 119 1
638 688 1
638 639 1
638 119 1
639 688 1
639 119 1
640 666 1
640 641 1
640 119 1
641 666 1
641 119 1
642 351 1
642 644 1
642 119 1
643 281 1
643 606 1
643 633 1
644 351 1
644 119 1
645 699 1
645 646 1
645 119 1
646 699 1
646 119 1
647 832 1
647 648 1
647 120 1
648 832 1
648 120 1
649 788 1
649 650 1
649 120 1
650 788 1
650 120 1
651 832 1
651 652 1
651 120 1
652 832 1
652 120 1
653 1021 1
653 655 1
653 120 1
654 605 1
654 608 1
654 631 1
654 635 1
655 1021 1
655 120 1
656 777 1
656 657 1
656 120 1
657 777 1
657 120 1
658 754 1
658 659 1
658 120 1
659 754 1
659 120 1
660 1021 1
660 661 1
660 120 1
661 1021 1
661 120 1
662 754 1
662 663 1
662 121 1
663 754 1
663 121 1
664 1021 1
664 667 1
664 121 1
665 361 1
665 372 1
665 376 1
665 385 1
666 609 1
666 627 1
667 1021 1
667 121 1
668 832 1
668 669 1
668 121 1
669 832 1
669 121 1
670 832 1
670 671 1
670 121 1
671 832 1
671 121 1
672 777 1
672 673 1
672 121 1
673 777 1
673 121 1
674 788 1
674 675 1
674 121 1
675 788 1
675 121 1
676 1021 1
676 678 1
676 121 1
677 325 1
677 619 1
677 644 1
678 1021 1
678 121 1
679 821 1
679 680 1
679 122 1
680 821 1
680 122 1
681 843 1
681 682 1
681 122 1
682 843 1
682 122 1
683 1021 1
683 684 1
683 122 1
684 1021 1
684 122 1
685 821 1
685 686 1
685 123 1
686 821 1
686 123 1
687 1021 1
687 689 1
687 123 1
688 617 1
688 618 1
688 641 1
688 642 1
689 1021 1
689 123 1
690 843 1
690 691 1
690 123 1
691 843 1
691 123 1
692 910 1
692 693 1
692 124 1
693 910 1
693 124 1
694 327 1
694 695 1
694 124 1
695 327 1
695 124 1
696 285 1
696 697 1
696 124 1
697 285 1
697 124 1
698 327 1
698 700 1
698 124 1
699 559 1
699 574 1
700 327 1
700 124 1
701 865 1
701 702 1
701 124 1
702 865 1
702 124 1
703 352 1
703 704 1
703 124 1
704 352 1
704 124 1
705 876 1
705 706 1
705 124 1
706 876 1
706 124 1
707 352 1
707 708 1
707 124 1
708 352 1
708 124 1
709 287 1
709 711 1
709 124 1
710 594 1
710 616 1
710 640 1
710 645 1
711 287 1
711 124 1
712 899 1
712 713 1
712 124 1
713 899 1
713 124 1
714 352 1
714 715 1
714 124 1
715 352 1
715 124 1
716 876 1
716 717 1
716 124 1
717 876 1
717 124 1
718 327 1
718 719 1
718 126 1
719 327 1
719 126 1
720 285 1
720 722 1
720 126 1
721 647 1
721 650 1
722 285 1
722 126 1
723 327 1
723 724 1
723 126 1
724 327 1
724 126 1
725 352 1
725 726 1
725 126 1
726 352 1
726 126 1
727 865 1
727 728 1
727 126 1
728 865 1
728 126 1
729 876 1
729 730 1
729 126 1
730 876 1
730 126 1
731 352 1
731 733 1
731 126 1
732 658 1
732 661 1
733 352 1
733 126 1
734 287 1
734 735 1
734 126 1
735 287 1
735 126 1
736 899 1
736 737 1
736 126 1
737 899 1
737 126 1
738 876 1
738 739 1
738 126 1
739 876 1
739 126 1
740 352 1
740 741 1
740 126 1
741 352 1
741 126 1
742 910 1
742 744 1
742 126 1
743 667 1
743 668 1
744 910 1
744 126 1
745 1043 1
745 746 1
745 127 1
746 1043 1
746 127 1
747 999 1
747 748 1
747 127 1
748 999 1
748 127 1
749 1043 1
749 750 1
749 127 1
750 1043 1
750 127 1
751 14 1
751 752 1
751 127 1
752 14 1
752 127 1
753 987 1
753 755 1
753 127 1
754 651 1
754 670 1
755 987 1
755 127 1
756 965 1
756 757 1
756 127 1
757 965 1
757 127 1
758 14 1
758 759 1
758 127 1
759 14 1
759 127 1
760 965 1
760 761 1
760 128 1
761 965 1
761 128 1
762 14 1
762 763 1
762 128 1
763 14 1
763 128 1
764 1043 1
764 766 1
764 128 1
765 662 1
765 675 1
766 1043 1
766 128 1
767 1043 1
767 768 1
767 128 1
768 1043 1
768 128 1
769 987 1
769 770 1
769 128 1
770 987 1
770 128 1
771 999 1
771 772 1
771 128 1
772 999 1
772 128 1
773 14 1
773 774 1
773 128 1
774 14 1
774 128 1
775 1032 1
775 778 1
775 129 1
776 365 1
776 387 1
777 649 1
777 660 1
777 664 1
777 674 1
778 1032 1
778 129 1
779 1054 1
779 780 1
779 129 1
780 1054 1
780 129 1
781 14 1
781 782 1
781 129 1
782 14 1
782 129 1
783 1032 1
783 784 1
783 130 1
784 1032 1
784 130 1
785 14 1
785 786 1
785 130 1
786 14 1
786 130 1
787 1054 1
787 789 1
787 130 1
788 653 1
788 676 1
789 1054 1
789 130 1
790 1121 1
790 791 1
790 131 1
791 1121 1
791 131 1
792 331 1
792 793 1
792 131 1
793 331 1
793 131 1
794 290 1
794 795 1
794 131 1
795 290 1
795 131 1
796 331 1
796 797 1
796 131 1
797 331 1
797 131 1
798 1076 1
798 800 1
798 131 1
799 681 1
799 684 1
800 1076 1
800 131 1
801 353 1
801 802 1
801 131 1
802 353 1
802 131 1
803 1087 1
803 804 1
803 131 1
804 1087 1
804 131 1
805 353 1
805 806 1
805 131 1
806 353 1
806 131 1
807 292 1
807 808 1
807 131 1
808 292 1
808 131 1
809 1110 1
809 811 1
809 131 1
810 679 1
810 685 1
811 1110 1
811 131 1
812 353 1
812 813 1
812 131 1
813 353 1
813 131 1
814 1087 1
814 815 1
814 131 1
815 1087 1
815 131 1
816 331 1
816 817 1
816 132 1
817 331 1
817 132 1
818 290 1
818 819 1
818 132 1
819 290 1
819 132 1
820 331 1
820 822 1
820 132 1
821 683 1
821 687 1
821 690 1
822 331 1
822 132 1
823 353 1
823 824 1
823 132 1
824 353 1
824 132 1
825 1076 1
825 826 1
825 132 1
826 1076 1
826 132 1
827 1087 1
827 828 1
827 132 1
828 1087 1
828 132 1
829 353 1
829 830 1
829 132 1
830 353 1
830 132 1
831 292 1
831 833 1
831 132 1
832 694 1
832 718 1
833 292 1
833 132 1
834 1110 1
834 835 1
834 132 1
835 1110 1
835 132 1
836 1087 1
836 837 1
836 132 1
837 1087 1
837 132 1
838 353 1
838 839 1
838 132 1
839 353 1
839 132 1
840 1121 1
840 841 1
840 132 1
841 1121 1
841 132 1
842 36 1
842 844 1
842 133 1
843 696 1
843 720 1
844 36 1
844 133 1
845 1209 1
845 846 1
845 133 1
846 1209 1
846 133 1
847 36 1
847 848 1
847 133 1
848 36 1
848 133 1
849 225 1
849 850 1
849 133 1
850 225 1
850 133 1
851 1198 1
851 852 1
851 133 1
852 1198 1
852 133 1
853 1176 1
853 855 1
853 133 1
854 285 1
854 704 1
854 730 1
855 1176 1
855 133 1
856 225 1
856 857 1
856 133 1
857 225 1
857 133 1
858 1176 1
858 859 1
858 134 1
859 1176 1
859 134 1
860 225 1
860 861 1
860 134 1
861 225 1
861 134 1
862 36 1
862 863 1
862 134 1
863 36 1
863 134 1
864 36 1
864 866 1
864 134 1
865 703 1
865 706 1
865 729 1
865 733 1
866 36 1
866 134 1
867 1198 1
867 868 1
867 134 1
868 1198 1
868 134 1
869 134 1
870 134 1
871 225 1
871 872 1
871 134 1
872 225 1
872 134 1
873 25 1
873 874 1
873 135 1
874 25 1
874 135 1
875 47 1
875 877 1
875 135 1
876 707 1
876 725 1
877 47 1
877 135 1
878 225 1
878 879 1
878 135 1
879 225 1
879 135 1
880 25 1
880 881 1
880 137 1
881 25 1
881 137 1
882 225 1
882 883 1
882 137 1
883 225 1
883 137 1
884 47 1
884 885 1
884 137 1
885 47 1
885 137 1
886 114 1
886 889 1
886 138 1
887 390 1
887 393 1
888 329 1
888 717 1
888 741 1
889 114 1
889 138 1
890 337 1
890 891 1
890 138 1
891 337 1
891 138 1
892 294 1
892 893 1
892 138 1
893 294 1
893 138 1
894 337 1
894 895 1
894 138 1
895 337 1
895 138 1
896 69 1
896 897 1
896 138 1
897 69 1
897 138 1
898 354 1
898 900 1
898 138 1
899 715 1
899 716 1
899 739 1
899 740 1
900 354 1
900 138 1
901 80 1
901 902 1
901 138 1
902 80 1
902 138 1
903 354 1
903 904 1
903 138 1
904 354 1
904 138 1
905 296 1
905 906 1
905 138 1
906 296 1
906 138 1
907 102 1
907 908 1
907 138 1
908 102 1
908 138 1
909 354 1
909 911 1
909 138 1
910 656 1
910 672 1
911 354 1
911 138 1
912 80 1
912 913 1
912 138 1
913 80 1
913 138 1
914 337 1
914 915 1
914 139 1
915 337 1
915 139 1
916 294 1
916 917 1
916 139 1
917 294 1
917 139 1
918 337 1
918 919 1
918 139 1
919 337 1
919 139 1
920 354 1
920 922 1
920 139 1
921 692 1
921 714 1
921 738 1
921 742 1
922 354 1
922 139 1
923 69 1
923 924 1
923 139 1
924 69 1
924 139 1
925 80 1
925 926 1
925 139 1
926 80 1
926 139 1
927 354 1
927 928 1
927 139 1
928 354 1
928 139 1
929 296 1
929 930 1
929 139 1
930 296 1
930 139 1
931 102 1
931 933 1
931 139 1
932 745 1
932 748 1
933 102 1
933 139 1
934 80 1
934 935 1
934 139 1
935 80 1
935 139 1
936 354 1
936 937 1
936 139 1
937 354 1
937 139 1
938 114 1
938 939 1
938 139 1
939 114 1
939 139 1
940 247 1
940 941 1
940 140 1
941 247 1
941 140 1
942 202 1
942 944 1
942 140 1
943 756 1
943 759 1
944 202 1
944 140 1
945 247 1
945 946 1
945 140 1
946 247 1
946 140 1
947 260 1
947 948 1
947 140 1
948 260 1
948 140 1
949 191 1
949 950 1
949 140 1
950 191 1
950 140 1
951 169 1
951 952 1
951 140 1
952 169 1
952 140 1
953 260 1
953 955 1
953 140 1
954 763 1
954 764 1
955 260 1
955 140 1
956 169 1
956 957 1
956 141 1
957 169 1
957 141 1
958 260 1
958 959 1
958 141 1
959 260 1
959 141 1
960 247 1
960 961 1
960 141 1
961 247 1
961 141 1
962 247 1
962 963 1
962 141 1
963 247 1
963 141 1
964 191 1
964 966 1
964 141 1
965 749 1
965 767 1
966 191 1
966 141 1
967 202 1
967 968 1
967 141 1
968 202 1
968 141 1
969 260 1
969 970 1
969 141 1
970 260 1
970 141 1
971 236 1
971 972 1
971 142 1
972 236 1
972 142 1
973 248 1
973 974 1
973 142 1
974 248 1
974 142 1
975 260 1
975 977 1
975 142 1
976 760 1
976 772 1
977 260 1
977 142 1
978 236 1
978 979 1
978 143 1
979 236 1
979 143 1
980 260 1
980 981 1
980 143 1
981 260 1
981 143 1
982 248 1
982 983 1
982 143 1
983 248 1
983 143 1
984 254 1
984 985 1
984 144 1
985 254 1
985 144 1
986 341 1
986 988 1
986 144 1
987 747 1
987 758 1
987 762 1
987 771 1
988 341 1
988 144 1
989 298 1
989 990 1
989 144 1
990 298 1
990 144 1
991 341 1
991 992 1
991 144 1
992 341 1
992 144 1
993 250 1
993 994 1
993 144 1
994 250 1
994 144 1
995 356 1
995 996 1
995 144 1
996 356 1
996 144 1
997 251 1
997 1000 1
997 144 1
998 401 1
998 425 1
999 751 1
999 773 1
1000 251 1
1000 144 1
1001 356 1
1001 1002 1
1001 144 1
1002 356 1
1002 144 1
1003 301 1
1003 1004 1
1003 144 1
1004 301 1
1004 144 1
1005 253 1
1005 1006 1
1005 144 1
1006 253 1
1006 144 1
1007 356 1
1007 1008 1
1007 144 1
1008 356 1
1008 144 1
1009 251 1
1009 1011 1
1009 144 1
1010 779 1
1010 782 1
1011 251 1
1011 144 1
1012 341 1
1012 1013 1
1012 145 1
1013 341 1
1013 145 1
1014 298 1
1014 1015 1
1014 145 1
1015 298 1
1015 145 1
1016 341 1
1016 1017 1
1016 145 1
1017 341 1
1017 145 1
1018 356 1
1018 1019 1
1018 145 1
1019 356 1
1019 145 1
1020 250 1
1020 1022 1
1020 145 1
1021 775 1
1021 783 1
1022 250 1
1022 145 1
1023 251 1
1023 1024 1
1023 145 1
1024 251 1
1024 145 1
1025 356 1
1025 1026 1
1025 145 1
1026 356 1
1026 145 1
1027 301 1
1027 1028 1
1027 145 1
1028 301 1
1028 145 1
1029 253 1
1029 1030 1
1029 145 1
1030 253 1
1030 145 1
1031 251 1
1031 1033 1
1031 145 1
1032 781 1
1032 785 1
1032 787 1
1033 251 1
1033 145 1
1034 356 1
1034 1035 1
1034 145 1
1035 356 1
1035 145 1
1036 254 1
1036 1037 1
1036 145 1
1037 254 1
1037 145 1
1038 261 1
1038 1039 1
1038 146 1
1039 261 1
1039 146 1
1040 309 1
1040 1041 1
1040 146 1
1041 309 1
1041 146 1
1042 261 1
1042 1044 1
1042 146 1
1043 792 1
1043 816 1
1044 261 1
1044 146 1
1045 308 1
1045 1046 1
1045 146 1
1046 308 1
1046 146 1
1047 258 1
1047 1048 1
1047 146 1
1048 258 1
1048 146 1
1049 258 1
1049 1050 1
1049 148 1
1050 258 1
1050 148 1
1051 261 1
1051 1052 1
1051 148 1
1052 261 1
1052 148 1
1053 261 1
1053 1055 1
1053 148 1
1054 794 1
1054 818 1
1055 261 1
1055 148 1
1056 308 1
1056 1057 1
1056 148 1
1057 308 1
1057 148 1
1058 309 1
1058 1059 1
1058 148 1
1059 309 1
1059 148 1
1060 312 1
1060 1061 1
1060 149 1
1061 312 1
1061 149 1
1062 262 1
1062 1063 1
1062 149 1
1063 262 1
1063 149 1
1064 312 1
1064 1066 1
1064 150 1
1065 290 1
1065 802 1
1065 828 1
1066 312 1
1066 150 1
1067 262 1
1067 1068 1
1067 150 1
1068 262 1
1068 150 1
1069 269 1
1069 1070 1
1069 151 1
1070 269 1
1070 151 1
1071 346 1
1071 1072 1
1071 151 1
1072 346 1
1072 151 1
1073 303 1
1073 1074 1
1073 151 1
1074 303 1
1074 151 1
1075 346 1
1075 1077 1
1075 151 1
1076 801 1
1076 804 1
1076 827 1
1076 830 1
1077 346 1
1077 151 1
1078 264 1
1078 1079 1
1078 151 1
1079 264 1
1079 151 1
1080 357 1
1080 1081 1
1080 151 1
1081 357 1
1081 151 1
1082 265 1
1082 1083 1
1082 151 1
1083 265 1
1083 151 1
1084 357 1
1084 1085 1
1084 151 1
1085 357 1
1085 151 1
1086 305 1
1086 1088 1
1086 151 1
1087 805 1
1087 823 1
1088 305 1
1088 151 1
1089 268 1
1089 1090 1
1089 151 1
1090 268 1
1090 151 1
1091 357 1
1091 1092 1
1091 151 1
1092 357 1
1092 151 1
1093 265 1
1093 1094 1
1093 151 1
1094 265 1
1094 151 1
1095 346 1
1095 1096 1
1095 152 1
1096 346 1
1096 152 1
1097 303 1
1097 1099 1
1097 152 1
1098 335 1
1098 815 1
1098 839 1
1099 303 1
1099 152 1
1100 346 1
1100 1101 1
1100 152 1
1101 346 1
1101 152 1
1102 357 1
1102 1103 1
1102 152 1
1103 357 1
1103 152 1
1104 264 1
1104 1105 1
1104 152 1
1105 264 1
1105 152 1
1106 265 1
1106 1107 1
1106 152 1
1107 265 1
1107 152 1
1108 357 1
1108 1111 1
1108 152 1
1109 403 1
1109 427 1
1110 813 1
1110 814 1
1110 837 1
1110 838 1
1111 357 1
1111 152 1
1112 305 1
1112 1113 1
1112 152 1
1113 305 1
1113 152 1
1114 268 1
1114 1115 1
1114 152 1
1115 268 1
1115 152 1
1116 265 1
1116 1117 1
1116 152 1
1117 265 1
1117 152 1
1118 357 1
1118 1119 1
1118 152 1
1119 357 1
1119 152 1
1120 269 1
1120 1122 1
1120 152 1
1121 753 1
1121 769 1
1122 269 1
1122 152 1
1123 1124 1
1123 104 1
1123 153 1
1124 104 1
1124 153 1
1125 1126 1
1125 105 1
1125 153 1
1126 105 1
1126 153 1
1127 1128 1
1127 104 1
1127 153 1
1128 104 1
1128 153 1
1129 1130 1
1129 105 1
1129 153 1
1130 105 1
1130 153 1
1131 1133 1
1131 110 1
1131 154 1
1132 790 1
1132 812 1
1132 836 1
1132 840 1
1133 110 1
1133 154 1
1134 1135 1
1134 111 1
1134 154 1
1135 111 1
1135 154 1
1136 1137 1
1136 110 1
1136 154 1
1137 110 1
1137 154 1
1138 1139 1
1138 111 1
1138 154 1
1139 111 1
1139 154 1
1140 1141 1
1140 118 1
1140 155 1
1141 118 1
1141 155 1
1142 1144 1
1142 119 1
1142 155 1
1143 842 1
1143 846 1
1144 119 1
1144 155 1
1145 1146 1
1145 118 1
1145 155 1
1146 118 1
1146 155 1
1147 1148 1
1147 119 1
1147 155 1
1148 119 1
1148 155 1
1149 1150 1
1149 124 1
1149 156 1
1150 124 1
1150 156 1
1151 1152 1
1151 126 1
1151 156 1
1152 126 1
1152 156 1
1153 1155 1
1153 124 1
1153 156 1
1154 853 1
1154 857 1
1155 124 1
1155 156 1
1156 1157 1
1156 126 1
1156 156 1
1157 126 1
1157 156 1
1158 1159 1
1158 131 1
1158 157 1
1159 131 1
1159 157 1
1160 1161 1
1160 132 1
1160 157 1
1161 132 1
1161 157 1
1162 1163 1
1162 131 1
1162 157 1
1163 131 1
1163 157 1
1164 1166 1
1164 132 1
1164 157 1
1165 861 1
1165 862 1
1166 132 1
1166 157 1
1167 1168 1
1167 138 1
1167 159 1
1168 138 1
1168 159 1
1169 1170 1
1169 139 1
1169 159 1
1170 139 1
1170 159 1
1171 1172 1
1171 138 1
1171 159 1
1172 138 1
1172 159 1
1173 1174 1
1173 139 1
1173 159 1
1174 139 1
1174 159 1
1175 1177 1
1175 144 1
1175 160 1
1176 847 1
1176 864 1
1177 144 1
1177 160 1
1178 1179 1
1178 145 1
1178 160 1
1179 145 1
1179 160 1
1180 1181 1
1180 144 1
1180 160 1
1181 144 1
1181 160 1
1182 1183 1
1182 145 1
1182 160 1
1183 145 1
1183 160 1
1184 1185 1
1184 151 1
1184 161 1
1185 151 1
1185 161 1
1186 1188 1
1186 152 1
1186 161 1
1187 858 1
1187 870 1
1188 152 1
1188 161 1
1189 1190 1
1189 151 1
1189 161 1
1190 151 1
1190 161 1
1191 1192 1
1191 152 1
1191 161 1
1192 152 1
1192 161 1
1193 1194 1
1193 148 1
1193 162 1
1194 148 1
1194 162 1
1195 1196 1
1195 146 1
1195 162 1
1196 146 1
1196 162 1
1197 1199 1
1197 146 1
1197 162 1
1198 845 1
1198 856 1
1198 860 1
1198 869 1
1199 146 1
1199 162 1
1200 1201 1
1200 148 1
1200 162 1
1201 148 1
1201 162 1
1202 1203 1
1202 149 1
1202 162 1
1203 149 1
1203 162 1
1204 1205 1
1204 150 1
1204 162 1
1205 150 1
1205 162 1
1206 1207 1
1206 104 1
1206 163 1
1207 104 1
1207 163 1
1208 1210 1
1208 105 1
1208 163 1
1209 849 1
1209 871 1
1210 105 1
1210 163 1
1211 1212 1
1211 105 1
1211 163 1
1212 105 1
1212 163 1
1213 1214 1
1213 104 1
1213 163 1
1214 104 1
1214 163 1
1215 1216 1
1215 110 1
1215 164 1
1216 110 1
1216 164 1
1217 1218 1
1217 111 1
1217 164 1
1218 111 1
1218 164 1
1219 4 1
1219 111 1
1219 164 1
