379 914
1 0 1
2 357 1
2 368 1
3 378 1
3 341 1
4 378 1
4 341 1
4 3 1
5 378 1
5 3 1
6 168 1
7 6 1
7 168 1
8 6 1
8 7 1
8 168 1
8 362 1
8 363 1
8 365 1
9 6 1
9 7 1
9 8 1
9 168 1
10 6 1
10 168 1
10 9 1
11 246 1
11 113 1
12 341 1
12 378 1
12 330 1
13 357 1
13 368 1
13 2 1
14 341 1
14 12 1
14 378 1
16 15 1
16 0 1
17 15 1
17 16 1
18 15 1
18 16 1
18 17 1
19 326 1
20 19 1
20 326 1
22 21 1
22 348 1
22 345 1
23 21 1
23 22 1
24 223 1
25 358 1
25 342 1
26 25 1
26 358 1
26 342 1
27 25 1
27 26 1
27 358 1
27 342 1
28 168 1
29 28 1
29 168 1
29 10 1
30 223 1
31 30 1
31 223 1
32 30 1
32 31 1
32 223 1
33 30 1
33 31 1
33 32 1
34 369 1
34 370 1
35 24 1
35 223 1
36 34 1
36 369 1
36 370 1
36 16 1
36 17 1
36 0 1
37 34 1
37 36 1
37 369 1
37 370 1
38 34 1
38 36 1
38 369 1
38 37 1
38 370 1
39 34 1
39 36 1
39 369 1
39 37 1
39 370 1
39 38 1
40 36 1
40 16 1
40 17 1
41 36 1
41 16 1
42 346 1
43 42 1
45 44 1
45 146 1
46 24 1
46 35 1
46 223 1
46 313 1
47 374 1
49 48 1
50 48 1
50 49 1
51 48 1
51 49 1
51 50 1
51 378 1
52 223 1
53 52 1
54 52 1
54 53 1
56 55 1
56 349 1
56 345 1
57 24 1
57 35 1
57 46 1
57 223 1
57 313 1
57 0 1
58 55 1
58 56 1
59 223 1
60 223 1
60 57 1
61 60 1
61 223 1
61 57 1
62 10 1
62 168 1
63 62 1
63 10 1
64 62 1
65 62 1
65 10 1
66 4 1
67 325 1
68 24 1
69 67 1
70 67 1
70 69 1
71 67 1
71 70 1
72 336 1
72 223 1
73 72 1
73 336 1
73 223 1
74 72 1
74 73 1
74 336 1
74 223 1
76 75 1
77 75 1
77 76 1
77 26 1
77 342 1
77 326 1
77 325 1
77 352 1
78 75 1
78 76 1
78 77 1
78 326 1
78 325 1
78 352 1
78 315 1
78 327 1
79 24 1
79 68 1
81 80 1
81 68 1
81 79 1
81 18 1
82 312 1
83 82 1
83 312 1
84 82 1
84 83 1
84 312 1
85 223 1
85 46 1
85 313 1
85 319 1
85 57 1
85 318 1
85 320 1
86 85 1
86 223 1
86 46 1
86 313 1
86 319 1
86 57 1
86 318 1
86 320 1
87 373 1
87 375 1
88 87 1
88 373 1
89 87 1
89 373 1
90 24 1
91 322 1
92 91 1
92 322 1
93 91 1
93 92 1
93 322 1
95 94 1
95 8 1
96 94 1
96 95 1
97 94 1
97 95 1
97 96 1
98 369 1
98 37 1
98 370 1
99 16 1
99 40 1
99 346 1
100 335 1
101 24 1
101 90 1
102 100 1
102 335 1
103 100 1
103 335 1
104 100 1
104 335 1
104 103 1
105 330 1
105 12 1
105 378 1
105 51 1
106 105 1
106 330 1
106 12 1
106 378 1
107 105 1
108 168 1
109 168 1
110 313 1
111 110 1
112 0 1
112 1 1
114 110 1
114 111 1
114 313 1
114 68 1
114 79 1
115 110 1
115 111 1
115 114 1
115 313 1
116 110 1
116 114 1
116 115 1
117 110 1
117 313 1
117 114 1
117 115 1
118 76 1
118 77 1
119 45 1
120 119 1
120 45 1
121 90 1
122 21 1
124 113 1
125 123 1
126 123 1
126 125 1
127 123 1
127 125 1
127 126 1
128 123 1
128 125 1
128 126 1
128 127 1
128 345 1
128 22 1
129 123 1
129 125 1
129 126 1
129 127 1
129 128 1
130 235 1
131 130 1
131 235 1
132 130 1
132 235 1
132 131 1
133 246 1
133 212 1
133 235 1
133 268 1
134 246 1
134 113 1
134 135 1
134 146 1
135 113 1
135 124 1
136 246 1
136 134 1
136 113 1
137 126 1
138 126 1
138 137 1
139 126 1
139 137 1
139 138 1
140 126 1
140 137 1
140 138 1
140 139 1
141 322 1
141 93 1
142 135 1
143 142 1
143 135 1
144 45 1
144 146 1
145 45 1
146 113 1
146 124 1
146 135 1
147 313 1
147 168 1
148 147 1
148 113 1
148 146 1
149 147 1
149 148 1
149 113 1
149 146 1
150 147 1
150 168 1
150 29 1
151 147 1
151 313 1
152 147 1
152 313 1
153 147 1
153 152 1
153 313 1
154 147 1
154 152 1
154 153 1
154 313 1
155 147 1
155 152 1
155 312 1
156 147 1
156 155 1
156 152 1
156 312 1
158 315 1
158 314 1
159 158 1
159 315 1
159 314 1
160 158 1
160 159 1
160 315 1
160 314 1
161 158 1
161 159 1
161 315 1
161 160 1
161 314 1
162 152 1
162 117 1
162 114 1
163 162 1
163 152 1
163 155 1
163 147 1
163 156 1
164 162 1
164 152 1
164 163 1
165 26 1
165 342 1
165 77 1
166 313 1
166 223 1
166 57 1
167 313 1
167 0 1
167 57 1
167 223 1
168 157 1
168 346 1
169 109 1
169 168 1
170 114 1
171 170 1
171 114 1
172 114 1
172 313 1
173 29 1
174 173 1
174 29 1
175 152 1
175 155 1
175 147 1
175 156 1
175 163 1
176 110 1
176 114 1
176 115 1
176 68 1
176 79 1
177 36 1
177 0 1
177 16 1
178 8 1
178 362 1
178 363 1
178 365 1
179 157 1
179 168 1
180 68 1
180 79 1
181 360 1
181 362 1
181 363 1
181 365 1
182 360 1
182 362 1
182 363 1
182 181 1
182 365 1
183 340 1
184 183 1
184 340 1
185 78 1
185 326 1
186 185 1
186 78 1
186 326 1
187 149 1
187 148 1
187 113 1
187 146 1
189 188 1
189 56 1
189 55 1
190 157 1
190 168 1
190 179 1
191 188 1
191 189 1
191 56 1
192 188 1
192 189 1
193 168 1
194 24 1
194 223 1
195 315 1
195 316 1
196 315 1
196 316 1
196 195 1
197 315 1
197 316 1
197 195 1
197 196 1
198 46 1
199 198 1
199 46 1
200 4 1
201 68 1
202 200 1
203 84 1
203 312 1
204 9 1
205 204 1
205 9 1
206 351 1
206 344 1
206 342 1
207 373 1
208 113 1
209 208 1
209 113 1
210 77 1
211 77 1
211 210 1
213 77 1
213 211 1
213 326 1
214 77 1
214 211 1
215 56 1
215 55 1
215 189 1
216 56 1
216 189 1
216 191 1
217 168 1
218 168 1
218 217 1
219 168 1
219 147 1
220 117 1
220 162 1
220 114 1
220 313 1
221 184 1
221 340 1
222 221 1
222 184 1
222 340 1
223 0 1
224 212 1
225 221 1
225 222 1
225 184 1
225 340 1
226 221 1
226 340 1
226 184 1
227 348 1
227 22 1
227 345 1
227 128 1
228 301 1
228 334 1
229 301 1
229 228 1
230 168 1
231 325 1
231 235 1
232 325 1
232 373 1
233 94 1
233 95 1
233 96 1
234 233 1
234 94 1
234 95 1
234 96 1
235 212 1
235 224 1
236 3 1
237 16 1
237 17 1
238 57 1
238 313 1
238 167 1
238 223 1
239 238 1
239 57 1
239 313 1
239 167 1
239 223 1
240 168 1
241 240 1
241 168 1
242 240 1
242 241 1
242 168 1
243 19 1
244 243 1
244 19 1
245 243 1
245 19 1
245 244 1
246 212 1
246 224 1
246 235 1
246 113 1
247 243 1
247 19 1
247 244 1
247 245 1
248 67 1
248 325 1
249 318 1
249 57 1
249 223 1
250 318 1
250 249 1
250 57 1
250 223 1
251 81 1
252 155 1
252 156 1
252 312 1
253 30 1
253 31 1
253 32 1
254 227 1
254 345 1
255 254 1
255 227 1
255 345 1
256 30 1
256 31 1
256 223 1
256 32 1
257 212 1
257 224 1
257 235 1
257 246 1
259 258 1
260 258 1
260 259 1
261 258 1
261 259 1
261 260 1
261 46 1
262 258 1
262 259 1
262 260 1
262 261 1
263 78 1
264 373 1
264 325 1
264 232 1
265 373 1
266 373 1
266 265 1
267 32 1
268 212 1
268 235 1
268 246 1
269 267 1
269 32 1
270 346 1
270 42 1
271 346 1
271 270 1
271 42 1
272 346 1
273 340 1
274 273 1
274 340 1
275 18 1
275 81 1
276 227 1
276 345 1
276 22 1
276 128 1
277 276 1
277 227 1
277 345 1
277 22 1
277 128 1
278 276 1
278 227 1
278 277 1
278 345 1
278 22 1
278 128 1
279 212 1
279 268 1
279 235 1
279 246 1
280 276 1
280 227 1
280 277 1
280 345 1
280 22 1
280 278 1
280 128 1
281 16 1
281 40 1
282 281 1
282 16 1
282 40 1
283 281 1
283 282 1
283 16 1
283 40 1
284 281 1
284 282 1
284 16 1
284 283 1
284 40 1
285 281 1
285 282 1
285 16 1
285 283 1
285 40 1
285 284 1
286 334 1
286 228 1
287 334 1
287 286 1
287 228 1
288 334 1
288 286 1
288 228 1
288 287 1
289 4 1
289 200 1
291 289 1
291 4 1
291 200 1
292 375 1
292 373 1
293 342 1
294 78 1
294 315 1
294 326 1
295 68 1
295 79 1
296 46 1
296 261 1
297 46 1
297 296 1
297 261 1
298 46 1
298 296 1
298 261 1
298 297 1
299 235 1
300 299 1
300 235 1
301 290 1
302 57 1
302 223 1
303 9 1
304 313 1
304 223 1
304 57 1
305 304 1
305 313 1
305 223 1
306 120 1
307 306 1
307 120 1
308 306 1
308 120 1
308 307 1
309 227 1
309 345 1
310 309 1
310 227 1
310 345 1
312 311 1
312 168 1
313 0 1
313 223 1
315 314 1
316 314 1
316 315 1
317 223 1
317 0 1
317 313 1
318 223 1
318 313 1
318 46 1
318 57 1
319 223 1
319 313 1
319 318 1
319 46 1
319 57 1
320 223 1
320 313 1
320 318 1
320 319 1
320 46 1
320 57 1
322 321 1
323 135 1
325 323 1
325 135 1
325 235 1
325 212 1
326 323 1
326 135 1
326 325 1
326 315 1
327 323 1
328 135 1
329 135 1
329 328 1
331 330 1
332 68 1
332 79 1
333 332 1
334 332 1
334 333 1
335 324 1
336 223 1
337 346 1
338 337 1
338 346 1
339 337 1
339 338 1
339 346 1
340 337 1
340 346 1
341 317 1
342 368 1
342 322 1
343 342 1
343 368 1
344 342 1
344 343 1
344 368 1
345 342 1
345 344 1
346 324 1
346 335 1
347 342 1
347 345 1
347 344 1
348 342 1
348 345 1
348 347 1
349 342 1
349 345 1
349 347 1
349 348 1
350 342 1
350 322 1
351 342 1
351 347 1
351 345 1
351 344 1
352 325 1
352 235 1
352 212 1
352 326 1
354 353 1
355 353 1
355 354 1
355 146 1
356 343 1
356 342 1
356 344 1
358 343 1
358 342 1
358 356 1
358 344 1
360 359 1
361 359 1
361 360 1
362 359 1
362 360 1
362 361 1
363 359 1
363 360 1
363 361 1
363 362 1
364 359 1
364 360 1
364 361 1
364 362 1
364 363 1
365 359 1
365 360 1
365 361 1
365 362 1
365 363 1
365 364 1
366 359 1
366 360 1
366 361 1
366 362 1
366 363 1
366 364 1
366 365 1
368 357 1
369 367 1
370 367 1
370 369 1
372 371 1
373 371 1
373 372 1
373 168 1
373 325 1
374 371 1
374 372 1
374 373 1
375 371 1
375 372 1
375 373 1
375 374 1
376 371 1
376 372 1
376 373 1
376 374 1
376 375 1
377 371 1
377 372 1
377 373 1
377 374 1
377 375 1
377 376 1
378 341 1
378 325 1
378 326 1
378 330 1
