1000 1996
0 112 1
0 223 1
0 556 1
0 778 1
0 2 1
0 68 1
0 79 1
0 113 1
0 246 1
0 268 1
0 279 1
0 323 1
0 346 1
0 357 1
0 379 1
0 457 1
0 479 1
0 490 1
0 523 1
0 701 1
0 756 1
0 812 1
0 878 1
0 890 1
0 945 1
0 978 1
0 8 1
0 21 1
0 51 1
0 56 1
0 61 1
0 71 1
0 72 1
0 83 1
0 87 1
0 103 1
0 131 1
0 156 1
0 160 1
0 164 1
0 169 1
0 171 1
0 172 1
0 173 1
0 186 1
0 213 1
0 226 1
0 231 1
0 236 1
0 259 1
0 280 1
0 285 1
0 297 1
0 304 1
0 311 1
0 318 1
0 325 1
0 329 1
0 348 1
0 367 1
0 413 1
0 416 1
0 430 1
0 443 1
0 458 1
0 508 1
0 531 1
0 544 1
0 576 1
0 637 1
0 648 1
0 659 1
0 660 1
0 738 1
0 742 1
0 760 1
0 761 1
0 765 1
0 774 1
0 777 1
0 797 1
0 813 1
0 828 1
0 837 1
0 852 1
0 858 1
0 861 1
0 862 1
0 881 1
0 887 1
0 907 1
0 922 1
0 926 1
0 938 1
0 953 1
0 955 1
0 973 1
0 974 1
0 976 1
0 990 1
0 993 1
1 112 1
1 667 1
1 24 1
1 135 1
1 157 1
1 434 1
1 645 1
1 74 1
1 109 1
1 150 1
1 153 1
1 205 1
1 296 1
1 356 1
1 364 1
1 410 1
1 497 1
1 517 1
1 552 1
1 600 1
1 661 1
1 708 1
1 714 1
1 741 1
2 246 1
2 301 1
2 346 1
2 401 1
2 423 1
2 468 1
2 523 1
2 679 1
2 890 1
2 934 1
2 9 1
2 19 1
2 54 1
2 89 1
2 93 1
2 96 1
2 121 1
2 139 1
2 166 1
2 176 1
2 186 1
2 189 1
2 217 1
2 228 1
2 244 1
2 298 1
2 309 1
2 374 1
2 403 1
2 408 1
2 413 1
2 429 1
2 430 1
2 488 1
2 502 1
2 610 1
2 696 1
2 711 1
2 750 1
2 966 1
5 25 1
5 352 1
6 52 1
6 114 1
6 265 1
6 295 1
6 402 1
6 713 1
6 961 1
8 17 1
8 51 1
8 169 1
8 310 1
8 327 1
8 340 1
8 348 1
8 387 1
8 399 1
8 443 1
8 508 1
8 541 1
8 599 1
8 619 1
8 639 1
8 665 1
8 727 1
8 746 1
8 886 1
8 894 1
8 969 1
10 36 1
10 215 1
11 111 1
11 227 1
11 382 1
12 287 1
13 124 1
13 7 1
13 14 1
13 463 1
13 507 1
13 933 1
14 210 1
14 463 1
15 866 1
16 267 1
16 292 1
16 350 1
16 372 1
16 373 1
16 398 1
16 550 1
17 207 1
17 238 1
17 626 1
17 665 1
18 32 1
18 55 1
18 119 1
18 270 1
18 409 1
18 604 1
18 606 1
18 609 1
18 628 1
18 691 1
19 96 1
19 140 1
19 217 1
19 250 1
19 374 1
19 386 1
19 474 1
19 567 1
19 588 1
19 591 1
19 685 1
19 754 1
20 43 1
20 91 1
20 128 1
20 154 1
20 163 1
20 319 1
20 493 1
20 937 1
21 131 1
21 275 1
21 520 1
22 663 1
23 377 1
24 157 1
24 956 1
24 47 1
24 85 1
24 159 1
24 404 1
24 410 1
24 589 1
24 600 1
24 605 1
24 724 1
25 134 1
26 67 1
26 314 1
26 363 1
26 436 1
26 602 1
26 904 1
26 965 1
27 64 1
27 347 1
27 480 1
27 950 1
28 38 1
29 31 1
29 695 1
30 271 1
30 476 1
30 795 1
31 122 1
32 49 1
32 110 1
32 851 1
33 62 1
33 105 1
33 344 1
33 627 1
33 768 1
34 60 1
34 198 1
34 391 1
34 447 1
34 546 1
34 757 1
34 758 1
35 57 1
35 168 1
35 235 1
35 767 1
35 98 1
35 99 1
35 129 1
35 208 1
35 243 1
35 284 1
35 324 1
35 343 1
35 815 1
35 899 1
35 928 1
36 48 1
36 70 1
36 221 1
36 255 1
36 283 1
36 395 1
36 651 1
36 722 1
37 102 1
38 73 1
38 293 1
39 63 1
39 108 1
39 316 1
39 494 1
39 836 1
40 75 1
40 960 1
41 321 1
42 50 1
42 78 1
42 378 1
42 420 1
42 525 1
42 566 1
42 769 1
42 798 1
42 909 1
42 954 1
43 405 1
44 276 1
44 689 1
44 740 1
44 911 1
45 921 1
45 968 1
46 712 1
46 439 1
47 605 1
48 70 1
48 283 1
48 381 1
48 554 1
48 722 1
49 621 1
50 378 1
50 558 1
51 171 1
51 327 1
51 425 1
51 619 1
51 829 1
51 886 1
51 925 1
52 80 1
52 82 1
52 88 1
52 234 1
52 242 1
52 402 1
52 459 1
52 543 1
52 699 1
52 775 1
52 781 1
52 819 1
52 880 1
52 884 1
53 165 1
53 266 1
53 461 1
53 784 1
54 750 1
55 119 1
55 185 1
55 270 1
55 691 1
55 796 1
55 896 1
57 115 1
58 92 1
58 307 1
58 927 1
59 442 1
60 118 1
60 138 1
60 198 1
60 282 1
60 320 1
60 452 1
60 542 1
60 898 1
62 105 1
62 161 1
62 441 1
62 491 1
62 496 1
62 509 1
62 537 1
62 561 1
62 672 1
62 716 1
62 874 1
63 836 1
67 411 1
68 113 1
68 179 1
68 312 1
68 335 1
68 379 1
68 390 1
68 501 1
68 668 1
68 745 1
68 812 1
68 967 1
68 4 1
68 15 1
68 27 1
68 33 1
68 40 1
68 123 1
68 125 1
68 127 1
68 132 1
68 144 1
68 148 1
68 149 1
68 182 1
68 197 1
68 236 1
68 241 1
68 247 1
68 303 1
68 311 1
68 326 1
68 380 1
68 385 1
68 462 1
68 470 1
68 515 1
68 528 1
68 562 1
68 569 1
68 598 1
68 631 1
68 654 1
68 671 1
68 674 1
68 676 1
68 693 1
68 719 1
68 768 1
68 818 1
68 822 1
68 843 1
68 850 1
68 866 1
68 868 1
68 895 1
68 924 1
68 960 1
69 184 1
69 375 1
69 454 1
69 692 1
69 929 1
70 221 1
71 531 1
71 538 1
72 367 1
72 596 1
72 777 1
72 789 1
73 555 1
74 196 1
76 360 1
77 120 1
77 397 1
77 551 1
77 574 1
77 806 1
77 872 1
78 566 1
78 891 1
79 268 1
79 290 1
79 479 1
79 534 1
79 3 1
79 742 1
79 765 1
79 963 1
79 972 1
80 230 1
80 249 1
80 781 1
80 975 1
80 998 1
82 88 1
82 220 1
82 222 1
82 234 1
82 435 1
82 655 1
82 699 1
82 700 1
83 172 1
83 181 1
83 640 1
83 759 1
84 597 1
86 178 1
86 393 1
87 862 1
88 222 1
88 449 1
88 775 1
89 121 1
89 139 1
89 309 1
89 407 1
89 502 1
89 530 1
89 669 1
89 875 1
90 101 1
90 257 1
90 412 1
90 568 1
90 612 1
90 39 1
90 63 1
90 77 1
90 106 1
90 108 1
90 183 1
90 188 1
90 248 1
90 316 1
90 584 1
90 885 1
90 910 1
90 917 1
91 128 1
91 163 1
91 664 1
91 800 1
91 853 1
92 167 1
92 706 1
92 913 1
94 842 1
98 243 1
98 273 1
98 481 1
98 897 1
98 942 1
99 328 1
99 776 1
99 815 1
99 854 1
99 931 1
101 368 1
101 568 1
101 612 1
101 10 1
101 36 1
101 48 1
101 97 1
101 204 1
101 237 1
101 239 1
101 248 1
101 263 1
101 707 1
102 142 1
104 341 1
105 344 1
105 491 1
105 624 1
105 627 1
107 587 1
109 714 1
109 992 1
111 191 1
112 223 1
112 334 1
112 556 1
112 667 1
112 778 1
112 889 1
112 13 1
112 24 1
112 35 1
112 46 1
112 68 1
112 124 1
112 135 1
112 146 1
112 179 1
112 212 1
112 224 1
112 235 1
112 312 1
112 434 1
112 557 1
112 590 1
112 634 1
112 668 1
112 712 1
112 734 1
112 767 1
112 779 1
112 901 1
112 923 1
112 956 1
112 14 1
112 16 1
112 28 1
112 37 1
112 40 1
112 44 1
112 66 1
112 75 1
112 81 1
112 104 1
112 107 1
112 152 1
112 177 1
112 194 1
112 199 1
112 203 1
112 210 1
112 232 1
112 266 1
112 276 1
112 292 1
112 300 1
112 337 1
112 351 1
112 372 1
112 404 1
112 437 1
112 448 1
112 497 1
112 499 1
112 507 1
112 526 1
112 549 1
112 569 1
112 572 1
112 581 1
112 611 1
112 614 1
112 688 1
112 689 1
112 740 1
112 751 1
112 755 1
112 804 1
112 810 1
112 860 1
112 908 1
112 911 1
112 991 1
113 335 1
113 601 1
113 745 1
113 878 1
113 978 1
113 23 1
113 27 1
113 64 1
113 69 1
113 117 1
113 149 1
113 184 1
113 213 1
113 253 1
113 291 1
113 347 1
113 365 1
113 371 1
113 440 1
113 560 1
113 564 1
113 594 1
113 622 1
113 624 1
113 630 1
113 671 1
113 673 1
113 692 1
113 694 1
113 926 1
113 932 1
114 147 1
114 240 1
114 277 1
114 563 1
114 704 1
114 725 1
114 988 1
115 504 1
115 652 1
115 752 1
115 863 1
115 986 1
116 254 1
116 342 1
117 151 1
117 291 1
117 371 1
117 594 1
117 721 1
117 848 1
118 155 1
118 320 1
118 452 1
118 726 1
118 964 1
119 604 1
119 606 1
119 697 1
119 896 1
119 994 1
120 397 1
120 503 1
120 943 1
123 125 1
123 500 1
123 650 1
123 653 1
123 684 1
123 803 1
124 7 1
124 646 1
124 933 1
125 653 1
126 720 1
127 132 1
127 385 1
127 794 1
128 664 1
128 762 1
128 937 1
129 208 1
131 297 1
131 325 1
131 520 1
131 647 1
132 528 1
132 625 1
133 465 1
133 472 1
133 482 1
133 539 1
133 736 1
133 827 1
134 306 1
135 66 1
135 517 1
136 209 1
136 535 1
136 940 1
136 984 1
137 333 1
140 141 1
140 143 1
140 289 1
140 485 1
140 492 1
140 567 1
140 591 1
140 825 1
141 143 1
141 262 1
141 289 1
141 331 1
141 355 1
141 362 1
141 370 1
141 453 1
141 487 1
141 616 1
141 682 1
141 809 1
141 826 1
141 869 1
142 195 1
142 352 1
143 262 1
143 331 1
143 485 1
143 492 1
143 811 1
143 902 1
144 444 1
144 515 1
144 895 1
146 190 1
147 277 1
148 585 1
148 681 1
149 241 1
149 253 1
149 674 1
150 356 1
150 421 1
152 211 1
152 252 1
152 448 1
152 908 1
153 552 1
153 641 1
153 661 1
155 180 1
156 164 1
156 456 1
157 296 1
157 595 1
157 741 1
157 946 1
159 256 1
159 359 1
160 955 1
161 509 1
162 467 1
162 519 1
162 744 1
162 952 1
163 493 1
164 544 1
164 660 1
164 852 1
166 193 1
166 383 1
166 696 1
167 706 1
167 913 1
168 58 1
168 98 1
168 99 1
168 273 1
168 281 1
168 307 1
168 328 1
168 343 1
168 358 1
168 657 1
168 776 1
168 854 1
168 927 1
168 959 1
169 387 1
170 338 1
175 345 1
175 575 1
175 900 1
176 225 1
176 261 1
176 384 1
176 830 1
177 611 1
178 899 1
179 212 1
179 390 1
179 634 1
179 162 1
179 202 1
179 216 1
179 467 1
179 519 1
179 939 1
180 336 1
180 366 1
180 615 1
180 786 1
181 229 1
181 369 1
182 743 1
184 375 1
184 394 1
184 454 1
184 929 1
185 302 1
185 419 1
185 484 1
185 796 1
186 244 1
186 760 1
188 584 1
190 100 1
190 805 1
191 981 1
192 219 1
192 339 1
192 675 1
192 792 1
193 383 1
193 466 1
193 495 1
193 513 1
193 527 1
193 608 1
193 635 1
193 642 1
193 859 1
194 629 1
194 705 1
195 646 1
197 308 1
197 703 1
197 749 1
197 772 1
197 818 1
197 822 1
198 447 1
198 546 1
200 718 1
200 787 1
201 512 1
201 95 1
201 286 1
201 510 1
203 478 1
203 522 1
206 617 1
206 785 1
211 252 1
211 473 1
212 152 1
212 202 1
212 211 1
212 473 1
213 576 1
214 353 1
217 250 1
217 474 1
219 675 1
220 330 1
220 731 1
221 255 1
221 438 1
222 449 1
222 655 1
223 334 1
223 445 1
223 35 1
223 57 1
223 168 1
223 446 1
223 58 1
223 61 1
223 92 1
223 94 1
223 107 1
223 115 1
223 129 1
223 167 1
223 175 1
223 280 1
223 284 1
223 324 1
223 345 1
223 499 1
223 504 1
223 586 1
223 587 1
223 652 1
223 752 1
223 842 1
223 849 1
223 863 1
223 907 1
224 16 1
224 41 1
224 267 1
224 398 1
224 422 1
225 384 1
225 739 1
226 259 1
226 828 1
227 382 1
227 433 1
229 369 1
229 406 1
229 565 1
229 732 1
230 354 1
230 417 1
230 524 1
230 975 1
231 416 1
231 431 1
231 521 1
232 916 1
235 557 1
235 901 1
235 44 1
236 598 1
236 915 1
238 278 1
238 477 1
238 505 1
238 573 1
238 593 1
238 865 1
238 941 1
238 948 1
240 313 1
240 376 1
240 563 1
240 988 1
242 322 1
242 773 1
242 819 1
242 880 1
242 884 1
243 942 1
244 298 1
245 388 1
245 426 1
246 279 1
246 301 1
246 423 1
246 679 1
246 834 1
246 912 1
246 19 1
246 53 1
246 86 1
246 140 1
246 141 1
246 156 1
246 178 1
246 260 1
246 305 1
246 370 1
246 386 1
246 393 1
246 429 1
246 456 1
246 540 1
246 680 1
246 682 1
246 774 1
246 813 1
246 817 1
246 833 1
247 380 1
248 263 1
255 438 1
256 359 1
256 548 1
256 717 1
257 412 1
257 579 1
257 723 1
257 106 1
257 116 1
257 251 1
257 254 1
257 342 1
257 392 1
257 577 1
257 578 1
257 649 1
257 730 1
258 516 1
260 506 1
260 680 1
260 958 1
262 355 1
264 977 1
265 295 1
265 414 1
267 350 1
268 501 1
270 628 1
271 476 1
272 832 1
272 835 1
273 281 1
273 657 1
273 897 1
273 959 1
276 614 1
277 725 1
278 288 1
278 317 1
278 505 1
278 865 1
278 957 1
279 912 1
279 83 1
279 181 1
279 229 1
279 260 1
279 406 1
279 506 1
279 640 1
279 759 1
280 329 1
282 898 1
282 987 1
283 381 1
283 395 1
285 529 1
285 687 1
286 475 1
288 514 1
288 957 1
289 362 1
291 630 1
291 694 1
291 932 1
292 550 1
293 511 1
295 713 1
296 595 1
297 647 1
297 738 1
299 486 1
299 498 1
299 870 1
300 315 1
303 572 1
308 703 1
308 749 1
308 772 1
309 407 1
309 966 1
310 639 1
311 693 1
311 887 1
312 15 1
312 182 1
312 654 1
312 743 1
312 751 1
312 804 1
314 363 1
314 831 1
318 881 1
320 542 1
320 964 1
322 582 1
322 773 1
323 130 1
323 170 1
325 458 1
326 462 1
326 631 1
326 808 1
326 971 1
326 979 1
327 340 1
327 399 1
327 425 1
328 358 1
328 931 1
331 616 1
331 811 1
331 902 1
333 678 1
334 445 1
334 13 1
334 46 1
334 224 1
334 446 1
334 41 1
334 137 1
334 192 1
334 219 1
334 321 1
334 439 1
334 793 1
334 849 1
335 967 1
335 23 1
335 69 1
335 84 1
335 117 1
335 133 1
335 151 1
335 377 1
335 465 1
335 472 1
335 482 1
335 562 1
335 570 1
335 597 1
335 719 1
335 729 1
336 559 1
336 613 1
336 615 1
336 748 1
336 786 1
337 658 1
339 632 1
339 792 1
345 900 1
346 934 1
346 166 1
346 173 1
346 193 1
346 408 1
346 608 1
346 635 1
346 947 1
347 480 1
347 560 1
347 950 1
347 951 1
348 761 1
353 636 1
354 417 1
354 524 1
355 453 1
355 826 1
356 421 1
357 457 1
357 11 1
357 22 1
357 111 1
357 158 1
357 187 1
357 191 1
357 264 1
357 294 1
357 977 1
357 981 1
357 996 1
360 389 1
360 791 1
360 847 1
361 840 1
363 436 1
363 532 1
363 831 1
363 839 1
363 995 1
365 622 1
367 789 1
367 893 1
368 206 1
368 332 1
369 732 1
370 487 1
372 373 1
372 526 1
374 588 1
375 394 1
379 33 1
379 127 1
379 794 1
381 554 1
383 466 1
383 495 1
383 603 1
384 830 1
386 685 1
388 426 1
388 450 1
388 930 1
388 962 1
388 985 1
389 783 1
389 791 1
389 846 1
391 758 1
391 949 1
392 649 1
395 651 1
397 503 1
397 574 1
397 943 1
398 422 1
400 747 1
401 9 1
401 349 1
402 459 1
402 536 1
404 581 1
406 565 1
410 589 1
411 644 1
411 888 1
412 579 1
412 577 1
412 730 1
416 521 1
416 592 1
418 892 1
419 455 1
419 484 1
423 89 1
423 189 1
423 305 1
423 488 1
423 669 1
424 518 1
424 728 1
424 903 1
425 925 1
427 666 1
429 540 1
430 610 1
431 580 1
433 677 1
434 645 1
434 12 1
434 150 1
434 232 1
434 287 1
434 916 1
436 532 1
436 904 1
441 451 1
441 483 1
441 489 1
441 496 1
441 672 1
441 702 1
441 799 1
444 607 1
445 94 1
446 47 1
446 137 1
446 175 1
446 192 1
446 333 1
446 339 1
446 575 1
446 580 1
446 632 1
446 678 1
446 793 1
446 999 1
450 930 1
450 962 1
451 483 1
451 620 1
451 715 1
453 869 1
456 833 1
457 158 1
457 231 1
457 294 1
457 431 1
457 976 1
457 996 1
459 536 1
459 543 1
460 464 1
460 471 1
460 662 1
460 982 1
461 592 1
461 784 1
461 876 1
462 924 1
462 979 1
466 513 1
466 603 1
468 176 1
468 225 1
468 261 1
468 553 1
468 711 1
468 735 1
469 764 1
472 539 1
477 571 1
477 573 1
478 522 1
478 814 1
479 87 1
479 599 1
482 729 1
485 825 1
486 498 1
486 857 1
486 870 1
486 879 1
487 809 1
490 545 1
490 656 1
490 945 1
490 5 1
490 59 1
490 160 1
490 233 1
490 618 1
495 527 1
495 859 1
496 537 1
496 561 1
496 799 1
496 874 1
498 857 1
499 586 1
501 303 1
501 326 1
501 808 1
502 530 1
505 593 1
505 683 1
505 763 1
505 941 1
505 948 1
508 969 1
512 623 1
512 801 1
512 12 1
512 20 1
512 43 1
512 65 1
512 91 1
512 95 1
512 174 1
512 269 1
512 274 1
512 405 1
512 510 1
512 800 1
512 821 1
512 920 1
513 642 1
515 868 1
517 708 1
518 816 1
523 701 1
523 845 1
523 145 1
523 218 1
523 318 1
523 400 1
523 403 1
523 637 1
523 710 1
523 747 1
523 824 1
523 883 1
523 974 1
525 670 1
525 698 1
525 782 1
526 688 1
528 625 1
528 676 1
532 839 1
534 26 1
534 67 1
534 411 1
534 415 1
534 418 1
534 602 1
534 644 1
534 888 1
534 892 1
534 965 1
534 972 1
534 983 1
538 893 1
538 918 1
539 827 1
541 686 1
545 656 1
545 690 1
545 233 1
545 428 1
545 460 1
545 464 1
545 471 1
545 771 1
545 905 1
545 944 1
549 991 1
551 780 1
552 641 1
556 79 1
556 290 1
556 534 1
556 756 1
556 3 1
556 26 1
556 300 1
556 314 1
556 315 1
556 415 1
556 418 1
556 583 1
557 549 1
560 564 1
560 951 1
561 716 1
561 766 1
563 704 1
566 798 1
568 183 1
568 885 1
570 643 1
572 755 1
575 999 1
579 723 1
579 116 1
584 917 1
585 844 1
588 754 1
590 856 1
590 34 1
590 547 1
590 757 1
593 683 1
594 721 1
594 838 1
594 848 1
598 915 1
601 867 1
601 214 1
601 258 1
601 396 1
601 516 1
604 697 1
604 820 1
604 994 1
608 947 1
612 10 1
612 77 1
612 97 1
612 120 1
612 215 1
612 551 1
612 780 1
612 806 1
619 829 1
620 633 1
621 841 1
623 801 1
623 823 1
623 20 1
623 154 1
623 174 1
623 245 1
623 269 1
623 319 1
623 388 1
623 450 1
623 877 1
623 980 1
623 985 1
631 971 1
634 28 1
634 38 1
634 73 1
634 162 1
634 216 1
634 293 1
634 511 1
634 555 1
634 744 1
634 939 1
634 952 1
638 802 1
639 727 1
639 737 1
639 894 1
645 109 1
645 205 1
645 364 1
645 481 1
645 992 1
650 684 1
653 803 1
656 5 1
656 25 1
656 59 1
656 134 1
656 306 1
656 442 1
656 771 1
656 944 1
658 997 1
663 709 1
664 762 1
664 853 1
667 74 1
667 153 1
667 196 1
667 199 1
667 203 1
667 478 1
667 814 1
669 875 1
670 698 1
679 834 1
679 54 1
679 86 1
680 958 1
683 763 1
690 427 1
690 469 1
690 666 1
697 820 1
699 700 1
701 845 1
701 8 1
701 17 1
701 62 1
701 103 1
701 161 1
701 207 1
701 218 1
701 238 1
701 278 1
701 288 1
701 310 1
701 317 1
701 400 1
701 424 1
701 441 1
701 451 1
701 477 1
701 489 1
701 514 1
701 518 1
701 541 1
701 571 1
701 620 1
701 626 1
701 633 1
701 648 1
701 686 1
701 702 1
701 710 1
701 715 1
701 733 1
701 746 1
701 753 1
701 788 1
701 816 1
701 824 1
701 855 1
701 903 1
701 914 1
701 919 1
702 733 1
702 873 1
710 883 1
712 37 1
712 81 1
712 102 1
712 142 1
712 177 1
712 195 1
712 437 1
715 753 1
716 766 1
716 982 1
718 787 1
721 838 1
723 392 1
727 737 1
733 873 1
734 126 1
734 720 1
735 906 1
738 993 1
741 946 1
745 4 1
745 197 1
745 308 1
745 440 1
745 470 1
745 533 1
745 843 1
746 914 1
746 919 1
746 935 1
748 770 1
752 986 1
753 788 1
753 855 1
756 583 1
756 659 1
756 953 1
761 922 1
765 797 1
765 963 1
768 850 1
771 905 1
774 817 1
774 990 1
778 889 1
778 2 1
778 90 1
778 101 1
778 146 1
778 190 1
778 201 1
778 323 1
778 357 1
778 368 1
778 401 1
778 468 1
778 490 1
778 545 1
778 590 1
778 601 1
778 690 1
778 779 1
778 790 1
778 856 1
778 867 1
778 989 1
778 6 1
778 11 1
778 18 1
778 22 1
778 30 1
778 32 1
778 34 1
778 39 1
778 42 1
778 49 1
778 55 1
778 60 1
778 76 1
778 78 1
778 93 1
778 100 1
778 110 1
778 114 1
778 118 1
778 130 1
778 136 1
778 138 1
778 147 1
778 155 1
778 170 1
778 180 1
778 185 1
778 187 1
778 188 1
778 194 1
778 200 1
778 204 1
778 206 1
778 209 1
778 214 1
778 227 1
778 228 1
778 237 1
778 239 1
778 240 1
778 264 1
778 265 1
778 272 1
778 282 1
778 299 1
778 302 1
778 313 1
778 332 1
778 336 1
778 338 1
778 349 1
778 353 1
778 360 1
778 366 1
778 376 1
778 389 1
778 391 1
778 396 1
778 414 1
778 419 1
778 420 1
778 427 1
778 428 1
778 432 1
778 433 1
778 455 1
778 460 1
778 469 1
778 494 1
778 525 1
778 533 1
778 535 1
778 547 1
778 553 1
778 559 1
778 613 1
778 617 1
778 618 1
778 621 1
778 629 1
778 636 1
778 638 1
778 662 1
778 663 1
778 670 1
778 677 1
778 705 1
778 707 1
778 709 1
778 718 1
778 726 1
778 735 1
778 748 1
778 764 1
778 770 1
778 782 1
778 783 1
778 785 1
778 795 1
778 802 1
778 805 1
778 807 1
778 832 1
778 835 1
778 841 1
778 847 1
778 851 1
778 864 1
778 891 1
778 906 1
778 936 1
778 940 1
778 949 1
778 970 1
778 984 1
779 790 1
779 989 1
779 29 1
779 31 1
779 122 1
779 337 1
779 432 1
779 658 1
779 695 1
779 860 1
779 871 1
779 997 1
781 998 1
783 807 1
790 6 1
790 52 1
790 80 1
790 82 1
790 220 1
790 230 1
790 242 1
790 249 1
790 322 1
790 330 1
790 354 1
790 582 1
790 731 1
790 961 1
790 970 1
791 846 1
797 837 1
801 823 1
801 45 1
801 361 1
801 435 1
801 821 1
801 921 1
806 872 1
806 882 1
807 864 1
812 123 1
812 247 1
812 304 1
812 500 1
812 650 1
812 938 1
815 928 1
821 920 1
823 45 1
823 245 1
823 361 1
823 739 1
823 840 1
823 877 1
834 53 1
834 165 1
834 461 1
834 876 1
839 995 1
845 145 1
845 424 1
845 728 1
852 858 1
852 973 1
857 879 1
864 936 1
867 136 1
867 258 1
867 272 1
867 299 1
867 486 1
872 882 1
877 980 1
888 983 1
889 90 1
889 201 1
889 257 1
889 512 1
889 623 1
889 734 1
889 18 1
889 65 1
889 76 1
889 126 1
889 251 1
889 274 1
889 286 1
889 409 1
889 475 1
889 578 1
889 609 1
889 638 1
889 910 1
890 72 1
890 285 1
890 529 1
890 596 1
890 687 1
898 987 1
901 923 1
901 104 1
901 341 1
919 935 1
921 968 1
923 351 1
945 56 1
945 226 1
956 85 1
956 159 1
956 256 1
956 548 1
956 717 1
956 724 1
956 810 1
967 84 1
967 133 1
967 144 1
967 148 1
967 444 1
967 570 1
967 585 1
967 607 1
967 643 1
967 681 1
967 736 1
967 844 1
978 21 1
978 71 1
978 275 1
978 365 1
978 538 1
978 673 1
978 861 1
978 918 1
989 29 1
989 30 1
989 42 1
989 50 1
989 200 1
989 271 1
989 558 1
989 769 1
989 871 1
989 909 1
989 954 1
