0 112
0 234
0 245
0 267
0 35
0 46
0 68
0 79
0 225
0 235
0 237
0 238
0 253
0 281
0 291
0 295
0 297
0 298
0 5
0 26
0 38
0 55
0 62
0 81
0 85
0 102
0 132
0 143
0 164
1 112
1 223
1 13
1 24
1 57
1 113
1 168
1 236
1 246
1 248
1 250
1 251
1 258
1 280
1 299
1 4
1 16
1 18
1 25
1 36
1 49
1 64
1 66
1 67
1 80
1 111
1 125
1 127
1 136
1 153
1 177
1 195
1 213
2 146
2 157
2 243
2 265
2 9
2 10
2 23
2 70
2 109
2 115
2 172
2 215
2 222
4 36
4 150
5 14
5 55
5 129
5 203
6 174
8 22
8 91
8 97
10 215
13 135
13 240
13 11
13 52
13 217
15 86
16 111
17 20
19 138
19 158
19 160
19 175
20 130
21 40
21 44
22 91
22 97
22 128
23 70
24 113
24 168
24 231
24 292
25 127
26 177
26 197
27 209
28 89
29 110
35 224
35 225
35 237
35 238
35 253
35 7
35 19
35 28
35 62
35 74
35 132
35 138
35 151
35 158
36 105
37 104
37 133
38 143
42 216
46 68
46 124
46 190
46 235
46 241
46 244
46 247
46 249
46 252
46 255
46 257
46 264
46 298
46 54
46 220
50 200
51 61
51 63
51 106
51 183
51 218
55 129
57 246
57 119
58 117
63 69
63 106
64 152
66 80
66 192
68 124
68 190
68 241
68 272
68 276
68 281
68 284
68 286
68 34
68 65
68 73
68 99
68 103
68 142
68 149
68 184
69 92
69 163
70 109
70 172
71 72
71 210
72 210
73 156
74 151
75 100
76 137
76 161
76 181
77 155
79 85
80 192
81 83
82 87
82 134
83 84
88 194
90 101
90 229
90 260
90 271
90 275
90 277
90 53
90 71
90 72
90 78
90 141
90 176
90 184
90 199
91 128
91 188
93 173
96 159
96 166
98 180
98 189
99 103
100 114
101 179
101 229
101 230
101 233
101 260
101 261
101 268
101 37
101 82
101 104
105 140
107 221
112 223
112 234
112 256
112 278
112 289
112 24
112 57
112 90
112 101
112 179
112 230
112 233
112 236
112 254
112 262
112 263
112 277
112 283
112 285
112 292
112 294
112 12
112 15
112 30
112 32
112 38
112 56
112 78
112 84
112 86
112 88
112 121
112 147
112 191
112 193
112 195
115 198
120 123
124 244
124 272
124 276
124 54
124 126
136 169
136 205
137 181
137 206
140 148
146 10
149 165
150 194
157 201
157 227
157 243
157 296
157 17
157 21
157 29
157 33
157 40
157 43
157 45
157 47
157 76
157 110
157 137
157 161
157 171
157 204
157 206
157 219
158 160
158 175
158 185
163 208
167 196
168 231
168 258
168 270
168 299
168 93
168 107
168 108
168 136
168 144
168 169
168 173
168 182
168 221
169 205
170 186
171 204
172 222
175 185
177 213
179 261
179 266
179 268
179 293
179 3
179 31
179 120
179 122
179 178
180 189
183 218
187 214
190 73
190 142
190 156
201 212
201 227
201 296
201 45
201 50
201 58
204 219
212 226
212 228
212 232
212 242
212 287
212 50
212 116
212 145
212 200
223 256
223 278
223 2
223 157
223 201
223 212
223 226
223 228
223 239
223 262
223 273
223 42
223 47
223 60
223 125
223 145
223 216
225 164
226 232
226 242
226 273
226 39
226 75
226 116
226 131
226 187
226 214
227 33
227 58
227 76
227 117
228 60
229 271
229 275
229 282
229 297
229 6
229 41
229 170
231 93
232 287
232 118
233 254
233 77
233 155
234 245
234 267
234 35
234 224
234 191
235 247
235 252
235 255
235 81
235 83
235 139
236 248
236 269
236 88
237 291
237 295
238 74
239 274
239 202
240 11
240 27
240 209
242 39
242 75
242 100
242 114
242 131
243 265
243 29
243 43
243 171
243 211
244 249
245 46
246 250
246 251
246 8
246 22
246 119
247 257
247 259
247 288
247 94
247 95
247 167
247 196
250 8
250 18
251 280
251 16
252 264
252 139
252 220
253 5
253 7
253 14
253 19
253 203
254 56
254 77
256 285
256 30
257 259
257 288
257 290
257 59
257 96
257 166
257 167
258 270
258 279
258 48
258 153
259 96
259 159
261 266
261 31
261 37
261 82
261 87
261 120
261 123
261 133
261 134
262 263
262 15
262 154
263 147
263 154
265 23
265 211
266 293
266 122
266 188
266 207
267 13
267 79
267 135
267 240
267 269
267 27
267 217
268 3
268 178
270 279
270 48
270 51
270 67
270 105
270 107
270 108
270 140
270 148
270 162
271 6
271 174
271 199
272 284
272 65
272 98
272 126
272 149
272 165
272 180
273 283
273 42
273 187
274 202
275 282
275 71
275 176
277 141
278 289
278 2
278 146
278 239
278 274
278 9
278 32
278 115
278 198
279 51
279 61
279 63
279 69
279 92
279 162
279 163
279 183
279 208
280 4
280 64
280 66
280 150
280 152
281 99
281 102
282 41
284 286
284 98
285 294
285 121
286 34
287 118
288 290
288 94
288 95
289 90
289 53
290 59
290 144
291 26
291 52
291 197
292 28
292 89
293 207
294 12
294 193
296 17
296 20
296 21
296 44
296 130
297 170
297 186
299 25
299 49
299 182
