882 1533
0 1 1
0 112 1
0 223 1
1 334 1
1 445 1
2 13 1
2 24 1
3 4 1
3 5 1
4 6 1
5 29 1
5 55 1
5 418 1
5 6 1
6 30 1
6 56 1
6 420 1
7 8 1
7 9 1
7 10 1
8 11 1
8 12 1
9 47 1
9 188 1
9 639 1
9 641 1
9 11 1
10 184 1
10 610 1
10 613 1
10 619 1
10 621 1
10 624 1
10 626 1
10 12 1
11 48 1
11 189 1
11 640 1
11 642 1
12 185 1
12 611 1
12 614 1
12 620 1
12 622 1
12 625 1
12 627 1
13 35 1
14 15 1
16 17 1
16 18 1
17 19 1
18 20 1
18 25 1
18 27 1
18 29 1
18 695 1
18 19 1
19 21 1
19 26 1
19 28 1
19 30 1
19 696 1
20 21 1
20 22 1
21 23 1
22 31 1
22 60 1
22 691 1
22 23 1
22 822 1
22 827 1
22 751 1
23 32 1
23 61 1
23 692 1
23 822 1
23 827 1
23 755 1
24 135 1
24 179 1
24 876 1
24 880 1
24 195 1
24 365 1
24 35 1
24 785 1
24 789 1
24 711 1
25 26 1
27 28 1
29 30 1
31 32 1
31 33 1
32 34 1
33 36 1
33 38 1
33 40 1
33 42 1
33 44 1
33 210 1
33 686 1
33 688 1
33 34 1
34 37 1
34 39 1
34 41 1
34 43 1
34 45 1
34 211 1
34 687 1
34 689 1
35 146 1
35 190 1
35 877 1
35 881 1
35 196 1
35 367 1
35 785 1
35 789 1
35 716 1
36 37 1
38 39 1
40 41 1
42 43 1
44 45 1
46 57 1
46 68 1
47 48 1
49 50 1
49 51 1
50 52 1
51 53 1
51 193 1
51 643 1
51 646 1
51 52 1
52 54 1
52 194 1
52 644 1
52 647 1
53 54 1
55 56 1
57 79 1
58 59 1
60 61 1
62 63 1
62 64 1
63 65 1
64 66 1
64 69 1
64 199 1
64 372 1
64 648 1
64 65 1
65 67 1
65 70 1
65 200 1
65 375 1
65 649 1
66 67 1
68 90 1
68 113 1
68 268 1
68 75 1
68 80 1
68 82 1
68 186 1
68 79 1
68 860 1
68 864 1
68 721 1
69 70 1
71 72 1
71 73 1
72 74 1
73 693 1
73 74 1
74 694 1
75 76 1
75 77 1
76 78 1
77 80 1
77 82 1
77 610 1
77 613 1
77 628 1
77 78 1
78 81 1
78 83 1
78 611 1
78 614 1
78 629 1
79 101 1
79 124 1
79 279 1
79 76 1
79 81 1
79 83 1
79 187 1
79 860 1
79 864 1
79 726 1
80 81 1
82 83 1
84 85 1
86 87 1
88 89 1
90 101 1
91 92 1
91 93 1
91 94 1
92 95 1
92 96 1
93 153 1
93 213 1
93 352 1
93 547 1
93 95 1
94 303 1
94 403 1
94 596 1
94 96 1
95 154 1
95 214 1
95 351 1
95 546 1
96 302 1
96 402 1
96 595 1
97 98 1
97 99 1
97 100 1
98 102 1
98 103 1
99 166 1
99 549 1
99 659 1
99 102 1
100 173 1
100 354 1
100 551 1
100 661 1
100 103 1
102 167 1
102 548 1
102 660 1
103 174 1
103 353 1
103 550 1
103 662 1
104 105 1
104 106 1
104 107 1
105 108 1
105 109 1
106 233 1
106 238 1
106 680 1
106 108 1
107 322 1
107 603 1
107 109 1
108 234 1
108 239 1
108 681 1
109 321 1
109 602 1
110 111 1
110 114 1
110 115 1
111 116 1
111 117 1
112 556 1
112 778 1
112 2 1
112 46 1
112 90 1
112 113 1
112 665 1
112 334 1
113 124 1
114 118 1
114 695 1
114 116 1
115 144 1
115 298 1
115 405 1
115 594 1
115 117 1
116 119 1
116 696 1
117 145 1
117 297 1
117 404 1
117 593 1
118 119 1
118 120 1
119 121 1
120 166 1
120 169 1
120 398 1
120 589 1
120 691 1
120 121 1
121 167 1
121 170 1
121 397 1
121 588 1
121 692 1
122 123 1
122 125 1
122 126 1
123 127 1
123 128 1
125 286 1
125 127 1
125 136 1
126 129 1
126 686 1
126 128 1
127 287 1
127 138 1
128 130 1
128 687 1
129 130 1
129 131 1
130 132 1
131 288 1
131 132 1
131 142 1
132 289 1
132 143 1
133 134 1
133 136 1
133 137 1
134 138 1
134 139 1
135 146 1
135 157 1
136 286 1
136 138 1
137 140 1
137 605 1
137 139 1
138 287 1
139 141 1
139 604 1
140 141 1
140 142 1
141 143 1
142 288 1
142 143 1
143 289 1
144 145 1
144 147 1
145 148 1
146 168 1
147 149 1
147 153 1
147 576 1
147 148 1
148 150 1
148 154 1
148 575 1
149 150 1
149 151 1
150 152 1
151 247 1
151 252 1
151 383 1
151 565 1
151 677 1
151 152 1
152 248 1
152 251 1
152 382 1
152 564 1
152 678 1
153 154 1
155 156 1
155 158 1
155 159 1
156 160 1
156 161 1
157 179 1
157 201 1
157 246 1
157 268 1
157 168 1
157 765 1
157 770 1
157 731 1
158 162 1
158 394 1
158 581 1
158 160 1
159 665 1
159 161 1
160 163 1
160 393 1
160 580 1
161 666 1
162 163 1
162 164 1
163 165 1
164 256 1
164 567 1
164 165 1
165 255 1
165 566 1
166 167 1
168 190 1
168 212 1
168 257 1
168 279 1
168 765 1
168 770 1
168 736 1
169 170 1
169 171 1
170 172 1
171 283 1
171 387 1
171 572 1
171 172 1
172 282 1
172 386 1
172 571 1
173 174 1
173 175 1
174 176 1
175 291 1
175 294 1
175 400 1
175 592 1
175 663 1
175 176 1
176 292 1
176 293 1
176 399 1
176 591 1
176 664 1
177 178 1
177 180 1
177 181 1
178 182 1
178 183 1
179 190 1
180 318 1
180 414 1
180 600 1
180 635 1
180 637 1
180 684 1
180 182 1
181 378 1
181 561 1
181 693 1
181 183 1
182 317 1
182 413 1
182 599 1
182 636 1
182 638 1
182 685 1
183 377 1
183 560 1
183 694 1
184 185 1
186 187 1
188 189 1
191 192 1
193 194 1
195 196 1
197 198 1
199 200 1
201 212 1
201 224 1
202 203 1
204 205 1
206 207 1
208 209 1
210 211 1
212 235 1
213 214 1
213 215 1
214 216 1
215 217 1
215 350 1
215 544 1
215 673 1
215 216 1
216 218 1
216 349 1
216 543 1
216 674 1
217 218 1
217 219 1
218 220 1
219 598 1
219 220 1
220 597 1
221 222 1
221 225 1
221 226 1
222 227 1
222 228 1
223 556 1
223 778 1
223 84 1
223 86 1
223 88 1
223 445 1
223 841 1
223 846 1
223 702 1
224 246 1
224 47 1
224 49 1
224 53 1
224 191 1
224 235 1
225 229 1
225 669 1
225 227 1
226 396 1
226 587 1
226 228 1
227 230 1
227 670 1
228 395 1
228 586 1
229 230 1
229 231 1
230 232 1
231 381 1
231 563 1
231 232 1
232 380 1
232 562 1
233 234 1
233 236 1
234 237 1
235 257 1
235 48 1
235 50 1
235 54 1
235 192 1
236 389 1
236 574 1
236 237 1
237 388 1
237 573 1
238 239 1
238 240 1
239 241 1
240 243 1
240 559 1
240 241 1
241 242 1
241 558 1
242 243 1
242 245 1
243 244 1
244 438 1
244 245 1
245 437 1
246 257 1
247 248 1
247 249 1
248 250 1
249 333 1
249 607 1
249 250 1
250 332 1
250 606 1
251 252 1
251 254 1
252 253 1
253 518 1
253 254 1
254 517 1
255 256 1
255 259 1
256 258 1
258 425 1
258 259 1
259 424 1
260 261 1
260 262 1
260 263 1
261 264 1
261 265 1
262 266 1
262 271 1
262 671 1
262 264 1
263 392 1
263 578 1
263 265 1
264 267 1
264 272 1
264 672 1
265 391 1
265 577 1
266 267 1
266 269 1
267 270 1
268 279 1
269 540 1
269 270 1
270 539 1
271 272 1
271 273 1
272 274 1
273 422 1
273 609 1
273 274 1
274 421 1
274 608 1
275 276 1
275 277 1
275 278 1
276 280 1
276 281 1
277 291 1
277 385 1
277 570 1
277 280 1
278 507 1
278 281 1
280 292 1
280 384 1
280 569 1
281 506 1
282 283 1
282 285 1
283 284 1
284 427 1
284 285 1
285 426 1
286 287 1
288 289 1
290 301 1
290 312 1
290 323 1
291 292 1
293 294 1
293 296 1
294 295 1
295 509 1
295 296 1
296 508 1
297 298 1
297 300 1
298 299 1
299 520 1
299 300 1
300 519 1
301 335 1
301 346 1
302 303 1
302 305 1
303 304 1
304 514 1
304 305 1
305 513 1
306 307 1
306 308 1
306 309 1
306 310 1
306 311 1
307 313 1
307 314 1
307 315 1
307 316 1
308 313 1
308 309 1
308 310 1
309 314 1
309 310 1
310 315 1
311 511 1
311 316 1
312 357 1
312 379 1
312 423 1
312 468 1
312 490 1
312 204 1
312 341 1
312 335 1
313 314 1
313 315 1
314 315 1
316 510 1
317 318 1
317 320 1
318 319 1
319 461 1
319 320 1
320 460 1
321 322 1
321 325 1
322 324 1
323 357 1
323 36 1
323 38 1
323 40 1
323 58 1
323 208 1
323 663 1
323 346 1
324 516 1
324 325 1
325 515 1
326 327 1
326 328 1
326 329 1
327 330 1
327 331 1
328 628 1
328 630 1
328 632 1
328 330 1
329 615 1
329 617 1
329 331 1
330 629 1
330 631 1
330 633 1
331 616 1
331 618 1
332 333 1
332 337 1
333 336 1
334 667 1
334 871 1
334 13 1
334 57 1
334 101 1
334 124 1
334 666 1
335 368 1
335 390 1
335 434 1
335 479 1
335 501 1
335 205 1
335 343 1
336 440 1
336 337 1
337 439 1
338 339 1
338 340 1
338 341 1
339 342 1
339 343 1
340 342 1
340 341 1
341 343 1
342 343 1
344 345 1
344 348 1
345 347 1
346 368 1
346 37 1
346 39 1
346 41 1
346 59 1
346 209 1
346 664 1
347 542 1
347 675 1
347 348 1
348 541 1
348 676 1
349 350 1
351 352 1
353 354 1
355 356 1
355 358 1
355 359 1
356 360 1
356 361 1
357 368 1
358 360 1
358 359 1
359 361 1
360 361 1
362 363 1
362 364 1
362 365 1
363 366 1
363 367 1
364 366 1
364 365 1
365 367 1
366 367 1
369 370 1
369 371 1
369 372 1
369 373 1
370 374 1
370 375 1
370 376 1
371 374 1
371 372 1
371 373 1
372 375 1
372 373 1
373 376 1
373 443 1
374 375 1
374 376 1
375 376 1
376 444 1
377 378 1
379 390 1
379 401 1
380 381 1
382 383 1
384 385 1
386 387 1
388 389 1
390 412 1
391 392 1
393 394 1
395 396 1
397 398 1
399 400 1
401 55 1
401 58 1
401 60 1
401 206 1
401 310 1
401 412 1
402 403 1
404 405 1
406 407 1
406 408 1
406 409 1
407 410 1
407 411 1
408 410 1
408 409 1
409 411 1
410 411 1
412 56 1
412 59 1
412 61 1
412 207 1
412 315 1
413 414 1
415 416 1
415 417 1
415 418 1
416 419 1
416 420 1
417 419 1
417 418 1
418 420 1
419 420 1
421 422 1
423 434 1
423 446 1
424 425 1
426 427 1
428 429 1
428 431 1
429 430 1
430 659 1
430 431 1
431 660 1
432 433 1
432 436 1
433 435 1
434 457 1
435 661 1
435 436 1
436 662 1
437 438 1
439 440 1
441 442 1
441 444 1
442 443 1
443 444 1
445 667 1
445 871 1
445 85 1
445 87 1
445 89 1
445 841 1
445 846 1
445 706 1
446 468 1
446 490 1
446 62 1
446 66 1
446 69 1
446 202 1
446 409 1
446 457 1
447 448 1
447 450 1
448 449 1
449 652 1
449 450 1
450 653 1
451 452 1
451 454 1
452 453 1
453 654 1
453 454 1
454 655 1
455 456 1
455 459 1
456 458 1
457 479 1
457 501 1
457 63 1
457 67 1
457 70 1
457 203 1
457 411 1
458 657 1
458 459 1
459 658 1
460 461 1
462 463 1
462 465 1
463 464 1
464 615 1
464 465 1
465 616 1
466 467 1
466 470 1
467 469 1
468 479 1
469 617 1
469 470 1
470 618 1
471 472 1
471 474 1
472 473 1
473 624 1
473 474 1
474 625 1
475 476 1
475 478 1
476 477 1
477 621 1
477 478 1
478 622 1
480 481 1
480 483 1
481 482 1
482 626 1
482 483 1
483 627 1
484 485 1
484 487 1
485 486 1
486 619 1
486 487 1
487 620 1
488 489 1
488 492 1
489 491 1
490 501 1
491 641 1
491 492 1
492 642 1
493 494 1
493 496 1
494 495 1
495 639 1
495 496 1
496 640 1
497 498 1
497 500 1
498 499 1
499 643 1
499 500 1
500 644 1
502 503 1
502 505 1
503 504 1
504 646 1
504 505 1
505 647 1
506 507 1
508 509 1
510 511 1
512 523 1
512 534 1
512 545 1
513 514 1
515 516 1
517 518 1
519 520 1
521 522 1
521 525 1
522 524 1
523 557 1
523 568 1
524 630 1
524 525 1
525 631 1
526 527 1
526 529 1
527 528 1
528 632 1
528 529 1
529 633 1
530 531 1
530 533 1
531 532 1
532 635 1
532 533 1
533 636 1
534 579 1
534 690 1
534 734 1
534 673 1
534 675 1
534 557 1
535 536 1
535 538 1
536 537 1
537 637 1
537 538 1
538 638 1
539 540 1
541 542 1
543 544 1
545 579 1
545 42 1
545 44 1
545 71 1
545 684 1
545 568 1
546 547 1
548 549 1
550 551 1
552 553 1
552 555 1
553 554 1
554 682 1
554 555 1
555 683 1
556 667 1
557 590 1
557 701 1
557 745 1
557 674 1
557 676 1
558 559 1
560 561 1
562 563 1
564 565 1
566 567 1
568 590 1
568 43 1
568 45 1
568 72 1
568 685 1
569 570 1
571 572 1
573 574 1
575 576 1
577 578 1
579 590 1
580 581 1
582 583 1
582 585 1
583 584 1
584 688 1
584 585 1
585 689 1
586 587 1
588 589 1
591 592 1
593 594 1
595 596 1
597 598 1
599 600 1
601 612 1
601 623 1
601 634 1
602 603 1
604 605 1
606 607 1
608 609 1
610 611 1
612 645 1
612 656 1
613 614 1
615 616 1
617 618 1
619 620 1
621 622 1
623 668 1
623 645 1
624 625 1
626 627 1
628 629 1
630 631 1
632 633 1
634 668 1
634 14 1
634 671 1
634 656 1
635 636 1
637 638 1
639 640 1
641 642 1
643 644 1
645 679 1
646 647 1
648 649 1
648 650 1
649 651 1
650 652 1
650 654 1
650 657 1
650 651 1
651 653 1
651 655 1
651 658 1
652 653 1
654 655 1
656 679 1
656 15 1
656 672 1
657 658 1
659 660 1
661 662 1
663 664 1
665 666 1
668 679 1
669 670 1
671 672 1
673 674 1
675 676 1
677 678 1
680 681 1
682 683 1
684 685 1
686 687 1
688 689 1
690 701 1
690 712 1
691 692 1
693 694 1
695 696 1
697 223 1
697 703 1
698 223 1
698 697 1
698 833 1
698 704 1
699 223 1
699 697 1
699 698 1
699 836 1
699 705 1
700 223 1
700 445 1
700 697 1
700 703 1
700 698 1
700 704 1
700 699 1
700 705 1
700 837 1
701 723 1
702 706 1
702 847 1
703 445 1
704 445 1
704 703 1
704 832 1
705 445 1
705 703 1
705 704 1
705 835 1
706 848 1
707 24 1
707 713 1
708 24 1
708 707 1
708 776 1
708 714 1
709 24 1
709 707 1
709 708 1
709 780 1
709 715 1
710 24 1
710 35 1
710 707 1
710 713 1
710 708 1
710 714 1
710 709 1
710 715 1
710 781 1
711 716 1
711 791 1
712 16 1
712 682 1
712 723 1
713 35 1
714 35 1
714 713 1
714 775 1
715 35 1
715 713 1
715 714 1
715 777 1
716 792 1
717 68 1
717 722 1
718 68 1
718 717 1
718 852 1
718 724 1
719 68 1
719 717 1
719 718 1
719 854 1
719 725 1
720 68 1
720 79 1
720 717 1
720 722 1
720 718 1
720 724 1
720 719 1
720 725 1
720 855 1
721 726 1
721 865 1
722 79 1
723 17 1
723 683 1
724 79 1
724 722 1
724 851 1
725 79 1
725 722 1
725 724 1
725 853 1
726 866 1
727 157 1
727 732 1
728 157 1
728 727 1
728 758 1
728 733 1
729 157 1
729 727 1
729 728 1
729 760 1
729 735 1
730 157 1
730 168 1
730 727 1
730 732 1
730 728 1
730 733 1
730 729 1
730 735 1
730 761 1
731 736 1
731 771 1
732 168 1
733 168 1
733 732 1
733 757 1
734 745 1
734 756 1
735 168 1
735 732 1
735 733 1
735 759 1
736 772 1
737 878 1
737 742 1
738 878 1
738 737 1
738 796 1
738 743 1
739 878 1
739 737 1
739 738 1
739 798 1
739 744 1
740 878 1
740 879 1
740 737 1
740 742 1
740 738 1
740 743 1
740 739 1
740 744 1
740 799 1
741 746 1
741 809 1
742 879 1
743 879 1
743 742 1
743 795 1
744 879 1
744 742 1
744 743 1
744 797 1
745 767 1
746 810 1
747 22 1
747 752 1
748 22 1
748 747 1
748 815 1
748 753 1
749 22 1
749 747 1
749 748 1
749 817 1
749 754 1
750 22 1
750 23 1
750 747 1
750 752 1
750 748 1
750 753 1
750 749 1
750 754 1
750 818 1
751 755 1
751 828 1
752 23 1
753 23 1
753 752 1
753 814 1
754 23 1
754 752 1
754 753 1
754 816 1
755 829 1
756 845 1
756 27 1
756 88 1
756 677 1
756 767 1
757 758 1
759 760 1
762 761 1
762 766 1
763 761 1
763 762 1
763 768 1
764 761 1
764 762 1
764 763 1
764 769 1
765 761 1
765 762 1
765 763 1
765 764 1
767 856 1
767 28 1
767 89 1
767 678 1
770 765 1
771 773 1
771 772 1
772 774 1
773 774 1
775 776 1
777 780 1
778 871 1
779 790 1
779 801 1
779 812 1
782 781 1
782 786 1
783 781 1
783 782 1
783 787 1
784 781 1
784 782 1
784 783 1
784 788 1
785 781 1
785 782 1
785 783 1
785 784 1
789 785 1
790 823 1
790 834 1
791 793 1
791 792 1
792 794 1
793 794 1
795 796 1
797 798 1
800 799 1
800 805 1
801 845 1
801 867 1
801 874 1
801 680 1
801 823 1
802 799 1
802 800 1
802 806 1
803 799 1
803 800 1
803 802 1
803 807 1
804 799 1
804 800 1
804 802 1
804 803 1
808 804 1
809 811 1
809 810 1
810 813 1
811 813 1
812 14 1
812 669 1
812 834 1
814 815 1
816 817 1
819 818 1
819 824 1
820 818 1
820 819 1
820 825 1
821 818 1
821 819 1
821 820 1
821 826 1
822 818 1
822 819 1
822 820 1
822 821 1
823 856 1
823 870 1
823 875 1
823 681 1
827 822 1
828 830 1
828 829 1
829 831 1
830 831 1
832 833 1
834 15 1
834 670 1
835 836 1
838 837 1
838 842 1
839 837 1
839 838 1
839 843 1
840 837 1
840 838 1
840 839 1
840 844 1
841 837 1
841 838 1
841 839 1
841 840 1
845 856 1
846 841 1
847 849 1
847 848 1
848 850 1
849 850 1
851 852 1
853 854 1
857 855 1
857 861 1
858 855 1
858 857 1
858 862 1
859 855 1
859 857 1
859 858 1
859 863 1
860 855 1
860 857 1
860 858 1
860 859 1
864 860 1
865 868 1
865 866 1
866 869 1
867 870 1
867 872 1
868 869 1
870 873 1
872 874 1
872 84 1
872 86 1
872 359 1
872 873 1
873 875 1
873 85 1
873 87 1
873 361 1
874 875 1
876 877 1
876 878 1
877 879 1
878 880 1
878 3 1
878 25 1
878 197 1
878 879 1
878 804 1
878 808 1
878 741 1
879 881 1
879 4 1
879 26 1
879 198 1
879 804 1
879 808 1
879 746 1
880 881 1
