144 2
-1.411378 -2.299795
-1.467936 -2.219240
-2.215979 0.505515
0.472764 -0.577439
0.401890 -0.312291
0.412780 0.088712
0.355838 0.293310
0.185276 0.625956
0.006433 0.979459
-0.063849 1.237075
-0.127219 1.343899
0.878581 -1.573923
0.907812 -1.448745
-2.202670 0.593950
0.874189 -1.233505
0.831515 -0.780096
0.758673 -0.552216
0.709541 -0.254475
0.583462 0.137062
0.498056 0.399773
0.381536 0.700252
0.332663 0.984152
0.134400 1.292023
0.070778 1.391008
-1.332201 -2.301091
1.205171 -1.456014
1.197011 -1.408689
1.088228 -1.078373
1.056230 -0.747762
0.968807 -0.489887
0.937419 -0.152702
0.890645 0.144603
0.781364 0.565635
0.639497 0.808129
0.505586 1.063580
-1.346602 -2.224384
0.441720 1.329600
0.415179 1.458488
1.253879 -1.429959
1.266780 -1.351567
1.243309 -0.992872
1.214192 -0.747840
1.176106 -0.450217
1.083659 -0.123025
1.009829 0.111518
0.847350 0.524076
-1.445489 -1.946916
0.715649 0.839679
0.652048 0.998381
0.482188 1.387549
0.447747 1.484802
-1.520639 -1.707211
-1.590133 -1.387851
-1.701108 -0.988856
-1.806908 -0.652786
-1.863244 -0.381164
-1.513182 -1.965234
-1.966626 -0.054586
-2.080173 0.372763
-2.107144 0.532541
-2.131800 0.627945
-1.022281 -2.222734
-1.105379 -2.135564
-1.219549 -1.880008
-1.302994 -1.666844
-1.432197 -1.217713
-1.527132 -0.988242
-1.636119 -1.711863
-1.616694 -0.617715
-1.700210 -0.330777
-1.778054 0.083464
-1.883081 0.468703
-1.920338 0.623928
-1.893594 0.744779
-0.711248 -2.160666
-0.809450 -2.082726
-0.863243 -1.736992
-0.906823 -1.520698
-1.740334 -1.367818
-1.100103 -1.097356
-1.169768 -0.981429
-1.290539 -0.485041
-1.393897 -0.147315
-1.511797 0.245287
-1.546645 0.522407
-1.635969 0.723477
-1.628762 0.854486
-0.397310 -2.057650
-0.529501 -1.925591
-1.817500 -0.978778
-0.648111 -1.694744
-0.756972 -1.407596
-0.844447 -1.020312
-0.914729 -0.757054
-1.096549 -0.372767
-1.110332 0.025245
-1.244519 0.257666
-1.260564 0.616215
-1.232972 0.858501
-1.297272 1.025514
-1.886878 -0.758619
-0.209701 -1.967751
-0.155788 -1.830191
-0.212598 -1.569440
-0.303255 -1.227591
-0.397302 -0.880550
-0.605686 -0.651126
-0.667845 -0.306030
-0.844237 0.086738
-0.756720 0.419154
-0.921856 0.724210
-2.031197 -0.313600
-1.005109 0.951162
-1.012016 1.105003
0.176957 -1.840253
0.119060 -1.673797
0.007339 -1.454395
-0.138649 -1.229517
-0.245238 -0.776697
-0.329874 -0.549857
-0.474369 -0.266159
-0.526706 0.185198
-2.084028 -0.072206
-0.567760 0.495270
-0.611287 0.740292
-0.672090 1.058925
-0.862307 1.157010
0.413820 -1.740453
0.355761 -1.607564
0.373948 -1.356601
0.374114 -1.013073
0.287560 -0.584792
0.207358 -0.365437
-2.197382 0.386242
0.103462 -0.054756
-0.078949 0.299809
-0.187435 0.536547
-0.280436 0.852392
-0.323210 1.172580
-0.342887 1.317093
0.711951 -1.627061
0.691725 -1.516686
0.683296 -1.200522
0.670249 -0.936211
