144 2
2.447496 1.017187
2.373707 1.084324
0.067462 2.422310
0.604156 -0.499731
0.270873 -0.351964
0.011297 -0.243616
-0.280903 -0.099638
-0.618527 0.050483
-0.892328 0.216943
-1.135346 0.343533
-1.199481 0.447977
1.332905 -1.271668
1.236386 -1.256609
-0.053508 2.516220
1.052315 -1.103994
0.706048 -0.991618
0.477982 -0.839234
0.161153 -0.620096
-0.204752 -0.531753
-0.421258 -0.357991
-0.824575 -0.174645
-1.061962 -0.016916
-1.224355 0.109155
-1.370648 0.107705
2.414944 0.925427
1.194383 -1.468965
1.101721 -1.368914
0.926187 -1.280954
0.644922 -1.161991
0.382991 -0.960864
-0.134060 -0.912143
-0.346477 -0.741004
-0.551047 -0.569479
-0.939055 -0.290618
-1.144772 -0.229043
2.322304 0.975460
-1.364505 -0.100485
-1.462823 -0.094368
1.164113 -1.534082
0.970580 -1.478436
0.800162 -1.381950
0.662287 -1.306586
0.208321 -1.164140
-0.064276 -1.036264
-0.440768 -0.830908
-0.605363 -0.703061
2.026963 1.147239
-1.090816 -0.480008
-1.178952 -0.349854
-1.440246 -0.271337
-1.487100 -0.242534
1.822083 1.268347
1.618642 1.467564
1.240929 1.717585
1.044040 1.841528
0.772200 1.947529
2.105065 1.319066
0.512907 2.090011
0.318942 2.216319
0.041343 2.301712
-0.139253 2.350603
2.332354 0.703828
2.231221 0.779807
1.944359 1.029045
1.702729 1.163377
1.479841 1.261206
1.284801 1.397639
1.905362 1.432665
0.802740 1.559225
0.689707 1.804340
0.291339 1.918731
0.018840 2.032385
-0.176597 2.147885
-0.230657 2.206362
2.213078 0.432668
2.074608 0.455552
1.851181 0.585461
1.575730 0.780132
1.665054 1.593730
1.317864 0.974311
0.936089 1.093470
0.713741 1.290630
0.295752 1.470713
0.180125 1.633183
-0.153776 1.834211
-0.341991 1.892874
-0.378022 1.930980
2.091400 0.196360
2.015684 0.276125
1.376283 1.772140
1.706169 0.374608
1.387972 0.454938
1.187699 0.555592
0.892728 0.818578
0.576338 1.033155
0.215544 1.225771
-0.099546 1.357100
-0.340638 1.443937
-0.491688 1.683464
-0.520549 1.736728
1.111588 1.935557
1.963957 -0.100507
1.876202 -0.104391
1.541196 0.041199
1.289018 0.254947
1.051391 0.330031
0.707633 0.554063
0.469889 0.770472
0.034482 0.879373
-0.194722 1.119395
-0.377073 1.238764
0.847004 2.047073
-0.618227 1.289957
-0.712910 1.284538
1.784341 -0.417598
1.700801 -0.356694
1.475351 -0.189313
1.196711 -0.077639
0.915900 0.092784
0.569123 0.313671
0.311861 0.378821
-0.049637 0.617230
0.639948 2.182304
-0.297621 0.577026
-0.649449 0.706245
-0.755033 0.931241
-0.864283 1.028825
1.683996 -0.576103
1.582195 -0.584796
1.340506 -0.574534
1.087659 -0.383649
0.759508 -0.281796
0.314068 -0.146660
0.290622 2.343326
0.131437 -0.049597
-0.166310 0.074479
-0.428134 0.306331
-0.728459 0.554274
-0.909693 0.655996
-1.109953 0.637111
1.436425 -1.141723
1.388856 -1.001604
1.163219 -0.895812
0.913774 -0.688551
