144 2
1.450691 0.627298
1.472015 0.443641
0.914187 -2.195168
-0.948354 0.141701
-1.044886 -0.196071
-1.088646 -0.467530
-1.107972 -1.019738
-1.255477 -1.206437
-1.434360 -1.513251
-1.326273 -1.778743
-1.319020 -1.924130
-1.012321 1.203610
-1.059363 1.103046
0.825531 -2.297530
-1.014177 0.825617
-1.106381 0.534876
-1.191824 0.298918
-1.306428 -0.104136
-1.400408 -0.409938
-1.486709 -0.820920
-1.547150 -1.248575
-1.593640 -1.450269
-1.700024 -1.694490
-1.764109 -1.806137
1.339397 0.689887
-1.212992 1.188985
-1.266792 1.108294
-1.341724 0.866547
-1.404639 0.574043
-1.465298 0.313159
-1.569261 -0.123035
-1.613077 -0.327487
-1.620197 -0.800280
-1.716966 -1.096865
-1.811573 -1.364252
1.312516 0.595981
-1.894108 -1.571393
-1.914702 -1.721687
-1.401110 1.168366
-1.404222 1.106658
-1.514312 0.894687
-1.547560 0.693401
-1.602925 0.233253
-1.667979 -0.055508
-1.724790 -0.249187
-1.787154 -0.742620
1.295593 0.302382
-1.817232 -1.023951
-1.900925 -1.335356
-1.973355 -1.555473
-1.995630 -1.661286
1.229889 0.034152
1.152991 -0.258443
1.084037 -0.619897
0.990121 -1.048057
0.972890 -1.275873
1.424839 0.231601
0.866235 -1.646523
0.849578 -2.001274
0.875010 -2.207116
0.744902 -2.309321
1.095421 0.792239
1.060688 0.610292
1.010174 0.439748
0.980733 0.034810
0.944672 -0.176257
0.932253 -0.609554
1.386470 0.033604
0.872549 -1.071435
0.791281 -1.277024
0.757705 -1.663456
0.735172 -1.937995
0.665753 -2.102303
0.640796 -2.256622
0.875934 0.805018
0.819276 0.714953
0.696294 0.538469
0.769217 0.089456
1.324224 -0.265074
0.763227 -0.162090
0.691316 -0.477160
0.556060 -0.989643
0.452567 -1.271996
0.287763 -1.623170
0.199883 -1.880813
0.162061 -2.116844
0.114713 -2.208387
0.624013 0.940701
0.466129 0.713095
1.261513 -0.616705
0.489696 0.547534
0.344396 0.335711
0.239936 -0.126177
0.164992 -0.468985
0.166009 -0.871127
0.200052 -1.203538
0.073842 -1.543506
-0.011995 -1.913083
-0.116688 -2.099797
-0.133420 -2.210080
1.193366 -1.094519
0.169537 0.963380
0.158816 0.800792
0.132631 0.650034
0.125720 0.428987
0.082255 -0.088726
-0.039178 -0.468369
-0.106753 -0.826694
-0.165747 -1.106886
-0.154867 -1.433225
-0.288226 -1.850304
1.141847 -1.299752
-0.439665 -2.051832
-0.507828 -2.132050
-0.123877 0.986674
-0.067787 0.891459
-0.122856 0.695386
-0.254729 0.467005
-0.247568 -0.064845
-0.343420 -0.389737
-0.404380 -0.731860
-0.520864 -1.080250
1.047472 -1.662115
-0.672206 -1.430240
-0.669683 -1.666642
-0.805933 -1.916448
-0.753703 -2.093481
-0.388853 1.058190
-0.374539 0.958363
-0.423280 0.804596
-0.456551 0.436404
-0.575406 0.066042
-0.657276 -0.272795
0.960135 -2.084310
-0.808594 -0.644537
-0.871535 -1.001064
-0.895569 -1.412372
-0.939711 -1.617942
-1.072286 -1.859610
-1.098558 -1.961200
-0.838947 1.163046
-0.833729 1.103452
-0.842287 0.839851
-0.957148 0.521615
