144 2
-1.026528 -2.653634
-1.106263 -2.601494
-2.277817 -0.244088
0.667791 -0.795829
0.568313 -0.524060
0.407514 -0.297626
0.243631 0.083502
0.077619 0.324742
-0.112748 0.734005
-0.143941 0.906223
-0.261442 0.989699
1.320634 -1.603550
1.301253 -1.474081
-2.276195 -0.127974
1.252123 -1.268364
1.156837 -1.046942
0.935129 -0.663552
0.814525 -0.395014
0.688652 -0.137570
0.487893 0.229586
0.419857 0.446808
0.187676 0.799968
-0.002504 0.992076
-0.037703 1.097781
-0.877409 -2.610044
1.618044 -1.405773
1.552698 -1.332587
1.466890 -1.129794
1.336259 -0.898118
1.234693 -0.654279
1.074328 -0.300508
0.856186 -0.029057
0.672537 0.369622
0.515521 0.619528
0.380280 0.803730
-0.926115 -2.548281
0.228085 1.153623
0.167342 1.188888
1.680665 -1.350236
1.625352 -1.268199
1.525894 -1.102251
1.408675 -0.804096
1.365317 -0.681231
1.112079 -0.224297
0.976728 -0.041958
0.745700 0.503127
-1.084599 -2.321323
0.601306 0.689368
0.508447 0.836378
0.347409 1.164309
0.326492 1.234691
-1.320521 -2.090708
-1.403304 -1.769850
-1.585816 -1.461297
-1.667776 -1.191478
-1.766596 -0.879380
-1.194193 -2.422015
-1.922103 -0.677414
-2.052974 -0.363353
-2.169476 -0.148765
-2.152731 -0.054521
-0.745591 -2.560635
-0.730108 -2.422020
-0.861242 -2.222472
-0.948118 -1.951840
-1.168355 -1.638399
-1.338865 -1.387682
-1.328975 -2.180539
-1.409611 -1.128630
-1.635267 -0.750653
-1.688233 -0.478697
-1.865569 -0.253137
-1.944911 -0.045648
-1.962372 0.053493
-0.442808 -2.442724
-0.453280 -2.355555
-0.587436 -2.068011
-0.690431 -1.846565
-1.557442 -1.712302
-0.791144 -1.600060
-0.936375 -1.167608
-1.087041 -0.956519
-1.274918 -0.613095
-1.457883 -0.368236
-1.553867 0.000876
-1.618167 0.129978
-1.740281 0.244054
-0.128145 -2.347076
-0.250532 -2.297500
-1.670278 -1.528400
-0.300073 -1.970596
-0.398926 -1.696845
-0.536975 -1.484449
-0.790055 -1.084412
-0.912705 -0.847451
-1.045267 -0.498289
-1.118839 -0.197565
-1.272694 0.105792
-1.375448 0.282843
-1.527726 0.343757
-1.819497 -1.210714
0.118221 -2.228817
0.124882 -2.106547
-0.015125 -1.898572
-0.140417 -1.610847
-0.298710 -1.270399
-0.388099 -0.994218
-0.449190 -0.710012
-0.635710 -0.293089
-0.795677 -0.031380
-0.912086 0.246668
-1.896943 -0.985013
-0.974648 0.517805
-1.002570 0.612009
0.594591 -2.052620
0.498930 -1.883497
0.388170 -1.704692
0.242473 -1.514582
-0.023307 -1.115494
-0.178035 -0.924355
-0.260007 -0.544314
-0.416915 -0.180532
-2.018052 -0.740903
-0.595601 0.102325
-0.696419 0.355397
-0.802047 0.549459
-0.870888 0.677868
0.779123 -1.907517
0.703925 -1.796718
0.604978 -1.611111
0.485661 -1.344244
0.348008 -1.065626
0.247691 -0.689986
-2.201593 -0.410881
0.094493 -0.446017
-0.148285 0.009399
-0.256317 0.299031
-0.328158 0.498168
-0.510410 0.762889
-0.492293 0.858499
1.080503 -1.747872
1.025189 -1.656153
0.986316 -1.434648
0.856437 -1.223856
