144 2
-0.620249 1.961578
-0.569537 1.914478
1.584341 0.251251
-1.194809 -0.486024
-0.920634 -0.602478
-0.708317 -0.828936
-0.343464 -1.164807
-0.173393 -1.224949
0.140376 -1.502594
0.372591 -1.669216
0.445075 -1.703571
-2.106725 -0.015381
-1.955106 -0.120720
1.643236 0.170743
-1.836325 -0.259071
-1.555265 -0.521178
-1.383239 -0.695697
-1.196674 -0.921004
-0.810079 -1.145828
-0.508858 -1.350540
-0.312699 -1.520071
-0.074881 -1.713433
0.136384 -1.920564
0.235541 -1.987797
-0.702024 1.895699
-2.233487 -0.196371
-2.111240 -0.325768
-1.955630 -0.527731
-1.798120 -0.660784
-1.515137 -0.863146
-1.346840 -0.996436
-0.906783 -1.335030
-0.775306 -1.513439
-0.385244 -1.747091
-0.192918 -1.880017
-0.591357 1.796517
0.036779 -2.005600
0.135981 -2.091548
-2.271539 -0.343369
-2.211055 -0.452280
-2.046574 -0.614404
-1.871851 -0.797724
-1.614560 -0.970086
-1.266279 -1.245599
-1.053772 -1.392033
-0.856576 -1.572289
-0.412337 1.714919
-0.523758 -1.833980
-0.237150 -2.046650
-0.098312 -2.133032
0.059216 -2.175256
-0.166935 1.554461
0.103910 1.335634
0.428249 1.055430
0.605077 0.854269
0.881988 0.619776
-0.393534 1.805192
1.185160 0.417480
1.331853 0.285558
1.548881 0.209755
1.604997 0.049053
-0.909796 1.651246
-0.757308 1.611145
-0.559566 1.543164
-0.294713 1.355251
-0.012100 1.158777
0.219514 0.911794
-0.039689 1.588672
0.464358 0.691255
0.672323 0.429387
1.062234 0.222007
1.210415 0.010727
1.378201 -0.105447
1.482347 -0.138597
-1.005117 1.538634
-0.895629 1.419919
-0.704135 1.195323
-0.508769 1.109583
0.184612 1.394629
-0.209706 0.839516
0.111486 0.726887
0.275269 0.399822
0.524265 0.223767
0.789173 -0.055659
1.092775 -0.118719
1.207106 -0.365992
1.332295 -0.479950
-1.167748 1.200285
-1.101833 1.150117
0.457638 1.204471
-0.833335 0.981970
-0.669781 0.890381
-0.409923 0.568156
-0.241799 0.415736
0.105228 0.167199
0.420477 -0.017088
0.618151 -0.240636
0.898043 -0.512314
1.099227 -0.528090
1.184001 -0.724391
0.678425 0.979459
-1.441921 0.902391
-1.234983 0.818393
-1.045641 0.725358
-0.901526 0.568662
-0.585582 0.467264
-0.361534 0.214724
-0.004474 -0.052958
0.120947 -0.210450
0.518317 -0.512465
0.771079 -0.726390
0.957376 0.717686
0.916275 -0.875546
1.030645 -0.967284
-1.564755 0.648984
-1.493679 0.592043
-1.309041 0.415072
-1.077176 0.307378
-0.837159 -0.032225
-0.684168 -0.169345
-0.280088 -0.369358
0.034020 -0.564970
1.225010 0.508975
0.245128 -0.814222
0.502808 -0.986814
0.710035 -1.200817
0.760795 -1.258613
-1.712439 0.455444
-1.670980 0.405531
-1.447318 0.189651
-1.165557 0.047749
-0.990852 -0.188252
-0.792711 -0.338677
1.417285 0.354162
-0.453625 -0.596655
-0.070137 -0.850363
0.052543 -0.992228
0.334922 -1.274404
0.480468 -1.437529
0.597031 -1.467172
-1.869283 0.285847
-1.833263 0.078819
-1.661369 0.020198
-1.385446 -0.383661
