144 2
1.777839 2.483409
1.843733 2.397293
2.643690 -0.199583
-0.219042 0.925923
-0.000967 0.461986
0.059338 0.260741
0.145100 -0.211621
0.297329 -0.514105
0.352317 -0.742298
0.440319 -0.949974
0.598843 -1.092943
-0.644980 1.787003
-0.627477 1.656408
2.653225 -0.351238
-0.587640 1.389178
-0.523485 1.161332
-0.426951 0.810961
-0.291637 0.431269
-0.189766 0.086354
-0.116949 -0.249049
-0.041017 -0.533879
0.138419 -0.854554
0.236807 -1.013301
0.222350 -1.155123
1.667501 2.499844
-0.815383 1.697496
-0.835010 1.533290
-0.792837 1.244795
-0.728515 0.969377
-0.633592 0.663694
-0.524230 0.350016
-0.434972 0.048759
-0.331640 -0.271448
-0.208778 -0.537700
-0.141752 -0.939301
1.690607 2.390039
-0.019468 -1.088985
0.007167 -1.179802
-0.965135 1.606560
-0.977215 1.454072
-0.906206 1.152695
-0.824191 0.923524
-0.750693 0.646200
-0.638592 0.289183
-0.567351 0.012786
-0.439030 -0.260797
1.802742 2.103805
-0.306131 -0.675707
-0.230938 -0.892860
-0.164618 -1.084403
-0.066288 -1.202135
1.895671 1.844295
1.905040 1.692215
2.022876 1.223561
2.192536 0.829982
2.275971 0.572357
1.972054 2.164351
2.378958 0.253610
2.441583 -0.022311
2.539567 -0.311309
2.526055 -0.411990
1.512634 2.476305
1.582728 2.378106
1.645507 2.055463
1.690263 1.844505
1.788949 1.617001
1.916291 1.164401
2.017982 1.891151
1.969465 0.839242
2.034382 0.561202
2.204329 0.179626
2.286943 -0.167471
2.372963 -0.380903
2.354416 -0.486801
1.206519 2.395164
1.193443 2.159209
1.210034 1.974559
1.357901 1.758947
2.085981 1.661173
1.473067 1.399168
1.550933 1.160599
1.754722 0.747062
1.783377 0.422827
1.929725 0.110390
1.985083 -0.289414
2.029440 -0.471122
2.091948 -0.618570
0.786396 2.282514
0.905356 2.165199
2.168139 1.430543
0.983711 1.901646
1.088156 1.626908
1.073180 1.418380
1.248851 0.965735
1.290763 0.641440
1.484373 0.346681
1.589748 -0.089035
1.733047 -0.371942
1.706689 -0.641198
1.722016 -0.725234
2.321064 0.825840
0.542830 2.231826
0.594082 2.114435
0.616219 1.807994
0.680286 1.550584
0.892066 1.261455
0.957441 0.863103
1.024844 0.595615
1.179481 0.180629
1.254762 -0.102365
1.397818 -0.450498
2.421913 0.546669
1.431949 -0.710534
1.423047 -0.858428
0.188879 2.090606
0.292814 2.008938
0.414434 1.761841
0.421854 1.511500
0.511220 1.110541
0.598702 0.851161
0.709999 0.366815
0.816482 0.103253
2.508807 0.231031
0.934502 -0.154864
0.831520 -0.553927
1.112035 -0.833835
1.296581 -0.940266
-0.122437 1.976726
-0.148109 1.916794
-0.040466 1.594909
0.119417 1.376248
0.289726 1.055986
0.276799 0.666915
2.582176 0.094547
0.487861 0.320687
0.526116 -0.082694
0.523020 -0.456420
0.614840 -0.573450
0.753844 -0.945343
0.755969 -1.039118
-0.378467 1.896805
-0.430438 1.769033
-0.329130 1.469253
-0.313487 1.267059
