144 2
-0.789344 1.436470
-0.846701 1.351780
-1.666610 -1.342202
0.975115 -0.223124
0.753838 -0.660628
0.765850 -0.849840
0.700388 -1.265043
0.496233 -1.655986
0.501388 -1.839610
0.429892 -2.088493
0.366586 -2.176509
1.621205 0.584006
1.572188 0.476103
-1.682909 -1.389902
1.453744 0.212930
1.345682 -0.250497
1.323948 -0.477275
1.203906 -0.750629
1.062479 -0.951066
0.998321 -1.402738
0.980362 -1.713485
0.908641 -1.929504
0.920046 -2.185795
0.834594 -2.313031
-0.637121 1.404689
1.829092 0.461062
1.797780 0.342655
1.743912 0.127596
1.670911 -0.283932
1.525518 -0.577133
1.470231 -0.826699
1.332205 -1.164775
1.299163 -1.383513
1.216836 -1.761098
1.124434 -1.974991
-0.712878 1.317509
1.028952 -2.236268
1.003060 -2.332251
1.857914 0.412342
1.841022 0.268416
1.790738 0.103422
1.667708 -0.349525
1.588020 -0.576371
1.520113 -0.843137
1.426153 -1.160682
1.331913 -1.433060
-0.810537 1.086199
1.287130 -1.777976
1.241290 -1.949157
1.201172 -2.319766
1.126717 -2.379907
-0.901023 0.858931
-1.017546 0.540679
-1.189664 0.190894
-1.277023 -0.167197
-1.361760 -0.522659
-0.942937 1.090186
-1.399489 -0.830578
-1.483839 -1.170533
-1.570863 -1.385682
-1.610929 -1.460850
-0.379474 1.362248
-0.458243 1.285216
-0.546365 1.002643
-0.668176 0.716784
-0.791297 0.504649
-1.003874 0.055083
-1.062806 0.934844
-1.034557 -0.152633
-1.205944 -0.576705
-1.289664 -0.957830
-1.318276 -1.191066
-1.421086 -1.454704
-1.339643 -1.612853
-0.192978 1.312681
-0.195187 1.116840
-0.284196 0.928151
-0.449325 0.602271
-1.169990 0.669456
-0.434124 0.274047
-0.526953 0.071975
-0.701492 -0.318022
-0.819689 -0.819469
-0.931464 -1.059591
-1.011409 -1.342257
-1.069983 -1.539739
-1.142182 -1.667848
0.189452 1.154300
0.155715 1.037318
-1.245678 0.268880
-0.004875 0.802725
-0.066020 0.539710
-0.225692 0.272172
-0.356068 -0.100480
-0.418594 -0.474680
-0.571065 -0.798743
-0.658303 -1.158316
-0.759648 -1.470585
-0.851184 -1.717163
-0.855762 -1.816533
-1.373889 -0.112409
0.538990 1.047483
0.430502 0.945039
0.352347 0.712584
0.265898 0.452477
-0.001563 0.114660
0.004715 -0.273929
-0.118881 -0.599825
-0.158466 -0.927921
-0.376596 -1.316005
-0.441734 -1.580425
-1.478566 -0.558503
-0.524744 -1.826150
-0.607123 -1.924359
0.740344 0.990895
0.686423 0.801125
0.635330 0.647941
0.513895 0.340728
0.388033 -0.177256
0.205002 -0.362611
0.105412 -0.609634
0.029444 -1.104849
-1.555942 -0.780225
-0.124634 -1.469648
-0.230652 -1.652409
-0.332786 -1.856600
-0.338469 -2.012986
1.015891 0.831362
0.990426 0.718717
0.829393 0.478087
0.744173 0.253406
0.686149 -0.172059
0.585032 -0.545460
-1.619883 -0.984524
0.568549 -0.661058
0.336216 -1.265096
0.276468 -1.585690
0.146937 -1.782855
0.068230 -1.952367
0.111478 -2.089506
1.389803 0.636192
1.339274 0.582971
1.231921 0.337486
1.065444 0.024490
