144 2
1.134069 2.067622
1.327787 1.926321
2.477595 -0.435862
-0.543196 0.298618
-0.365981 -0.248929
-0.179092 -0.513730
-0.038844 -0.783145
0.190104 -0.988155
0.469716 -1.344330
0.553662 -1.537036
0.647790 -1.620519
-1.194245 0.898053
-1.195758 0.803785
2.510814 -0.530302
-1.036223 0.466888
-0.946784 0.370434
-0.757251 0.092481
-0.567549 -0.328814
-0.327069 -0.639277
-0.211091 -0.820928
0.036912 -1.245253
0.181259 -1.480342
0.229864 -1.594287
0.434528 -1.749386
1.021593 2.048737
-1.414466 0.849789
-1.306051 0.748622
-1.165329 0.323088
-1.099607 0.172207
-0.919681 -0.070223
-0.757238 -0.346360
-0.508461 -0.739123
-0.453273 -0.913710
-0.200144 -1.346244
-0.040301 -1.526667
1.136752 1.916345
0.111760 -1.673448
0.231673 -1.815035
-1.464210 0.781718
-1.404511 0.647902
-1.282888 0.300013
-1.191338 0.119841
-1.019812 -0.203156
-0.837249 -0.488116
-0.742805 -0.710894
-0.596779 -0.995166
1.230770 1.745106
-0.277530 -1.379288
-0.197581 -1.607082
-0.077603 -1.700130
0.135561 -1.869007
1.356946 1.522226
1.570211 1.180984
1.709543 0.891897
1.885621 0.532244
1.945145 0.266058
1.374068 1.813147
2.067861 0.113009
2.311422 -0.363287
2.301275 -0.526731
2.375330 -0.620259
0.821312 1.962439
0.861973 1.776109
1.049178 1.620247
1.171403 1.361278
1.263986 1.134735
1.494273 0.769739
1.482481 1.601810
1.604563 0.394870
1.696739 0.169457
1.915531 -0.127785
2.032506 -0.427051
2.074593 -0.635484
2.180325 -0.748685
0.578956 1.847048
0.629176 1.723279
0.738082 1.505176
0.888038 1.214877
1.649057 1.211888
0.958831 1.017712
1.172159 0.680002
1.348324 0.283814
1.536834 0.103719
1.653803 -0.317578
1.799072 -0.563308
1.891752 -0.743317
1.951277 -0.925158
0.342397 1.698691
0.398415 1.568112
1.768848 0.994457
0.398594 1.380314
0.517416 1.103283
0.852055 0.871031
0.917632 0.537940
1.052236 0.188519
1.198758 -0.110693
1.396658 -0.445321
1.467107 -0.735181
1.694031 -0.895676
1.741741 -1.004920
2.027127 0.552666
-0.047009 1.500971
0.072328 1.435027
0.261026 1.231911
0.336342 0.994478
0.428146 0.744088
0.559391 0.287487
0.709236 0.027996
0.954891 -0.338741
1.124809 -0.530560
1.276171 -0.821002
2.143219 0.418821
1.411479 -1.110429
1.430215 -1.204623
-0.317760 1.383191
-0.258503 1.229487
-0.193947 1.057302
-0.000689 0.753505
0.102089 0.531551
0.292561 0.200060
0.505829 -0.175359
0.693276 -0.431804
2.194314 0.128697
0.784067 -0.721261
1.008919 -0.880637
1.136219 -1.279126
1.179722 -1.350712
-0.538971 1.230016
-0.519556 1.155584
-0.511845 0.838578
-0.302507 0.668465
-0.240493 0.470073
0.056379 -0.086166
2.390762 -0.282961
0.185108 -0.374913
0.281948 -0.623226
0.463781 -0.853595
0.644691 -1.194836
0.868073 -1.346479
0.887540 -1.510124
-0.855384 1.128419
-0.795974 0.886982
-0.731269 0.755446
-0.691730 0.495813
