144 2
2.254443 0.613688
2.145244 0.679984
-0.649043 0.749464
1.163285 -1.702882
0.824578 -1.682380
0.366473 -1.732979
-0.050146 -1.726657
-0.271102 -1.686184
-0.535909 -1.727073
-0.842571 -1.655394
-0.915774 -1.646973
2.127829 -2.065405
1.957423 -2.010631
-0.754218 0.714999
1.737436 -2.074864
1.373175 -2.022185
1.143148 -1.933531
0.725068 -1.900203
0.424297 -1.975855
-0.009462 -1.914093
-0.338051 -1.950535
-0.529850 -1.952983
-0.853478 -1.920982
-0.911396 -1.977214
2.232479 0.490509
2.089443 -2.196990
2.009666 -2.247096
1.661901 -2.265869
1.363023 -2.252334
1.122894 -2.259674
0.740865 -2.262683
0.393651 -2.165963
0.031071 -2.166677
-0.300420 -2.175164
-0.557607 -2.183886
2.088714 0.499578
-0.779886 -2.202596
-0.931467 -2.092178
1.975646 -2.347952
1.869600 -2.384653
1.583631 -2.370006
1.413412 -2.347507
1.143014 -2.350065
0.660777 -2.336082
0.330767 -2.345516
-0.012027 -2.296721
1.872542 0.556983
-0.232655 -2.323821
-0.534956 -2.305611
-0.797724 -2.280438
-0.908777 -2.264302
1.577461 0.637413
1.161529 0.650868
0.883394 0.655093
0.483262 0.668914
0.250852 0.632516
1.866418 0.715389
-0.148685 0.632048
-0.417606 0.663083
-0.690054 0.654841
-0.869792 0.559526
2.229512 0.317356
2.104472 0.355224
1.858418 0.394555
1.519700 0.370531
1.183852 0.362401
0.880869 0.363114
1.470758 0.751175
0.479765 0.290698
0.131412 0.363004
-0.116557 0.399461
-0.553389 0.402651
-0.741878 0.329341
-0.864976 0.428319
2.237672 0.109932
2.109976 0.053029
1.904505 0.016854
1.524821 0.039187
1.224117 0.764624
1.179033 0.091975
0.890118 0.077128
0.521211 0.115733
0.190210 0.132526
-0.238672 0.044935
-0.536509 0.012514
-0.752857 0.051948
-0.883768 0.029608
2.262483 -0.322674
2.081115 -0.356868
0.972244 0.760690
1.862343 -0.376766
1.484607 -0.196483
1.290755 -0.237703
0.760592 -0.149258
0.497168 -0.251666
0.192883 -0.271883
-0.197385 -0.240272
-0.555338 -0.229553
-0.742818 -0.312892
-0.884053 -0.151920
0.537770 0.762713
2.223061 -0.680340
2.153527 -0.654082
1.735360 -0.637949
1.580539 -0.639914
1.312783 -0.625031
0.757799 -0.721281
0.518251 -0.654234
0.086624 -0.635698
-0.230837 -0.691101
-0.548628 -0.564977
0.101453 0.754073
-0.739277 -0.569113
-0.886199 -0.658401
2.199833 -0.923248
2.111914 -0.987162
1.745618 -0.945147
1.520360 -0.911486
1.260026 -1.049958
0.757776 -0.987475
0.558256 -0.952635
0.008203 -0.988045
-0.086892 0.734740
-0.209127 -0.954222
-0.550797 -0.990116
-0.739158 -0.948178
-0.909881 -0.861594
2.166216 -1.446079
2.048482 -1.428515
1.770304 -1.423521
1.502907 -1.445961
1.247590 -1.364291
0.865536 -1.300575
-0.435952 0.745954
0.385173 -1.309892
0.118370 -1.295332
-0.270816 -1.267828
-0.559905 -1.219285
-0.827793 -1.319399
-0.891931 -1.273221
2.140188 -1.785840
2.020351 -1.759116
1.780368 -1.683211
1.475915 -1.733687
