144 2
1.480684 0.318164
1.400322 0.365780
-0.760382 1.748903
-0.514505 -1.149407
-0.875125 -1.039443
-1.197607 -0.846062
-1.429977 -0.719839
-1.680599 -0.546826
-1.943643 -0.332171
-2.180632 -0.117895
-2.288998 -0.139368
0.271754 -1.882606
0.098668 -1.816603
-0.898975 1.778360
-0.124266 -1.641967
-0.376044 -1.557725
-0.708559 -1.450650
-0.955252 -1.288063
-1.299012 -1.095478
-1.516823 -1.006396
-1.920961 -0.755730
-2.168378 -0.599849
-2.358651 -0.429021
-2.399049 -0.325973
1.434820 0.209693
0.194322 -2.010076
0.013361 -1.965921
-0.267139 -1.844049
-0.508175 -1.705890
-0.759058 -1.584388
-1.168605 -1.414935
-1.439814 -1.335990
-1.674361 -1.161235
-2.028022 -0.946899
-2.261871 -0.778413
1.362972 0.254525
-2.430757 -0.608820
-2.502954 -0.532580
0.109739 -2.124706
0.059038 -2.072299
-0.386085 -1.911990
-0.590569 -1.852211
-0.995066 -1.666322
-1.217774 -1.578971
-1.504101 -1.398639
-1.848974 -1.180249
1.211545 0.440502
-2.031957 -1.081709
-2.376501 -0.855421
-2.451403 -0.774735
-2.576189 -0.792057
0.930619 0.585332
0.731180 0.725543
0.385341 0.960162
0.087166 1.129616
-0.140755 1.306919
1.245216 0.545333
-0.416485 1.426582
-0.800020 1.548235
-0.874425 1.624207
-1.013845 1.656408
1.341628 0.027107
1.281279 0.130800
1.050379 0.205438
0.845178 0.389392
0.509757 0.603630
0.272724 0.683711
0.968712 0.728302
-0.069728 0.948922
-0.296094 1.024760
-0.535305 1.280669
-0.828719 1.367511
-1.094154 1.421732
-1.185353 1.513342
1.198599 -0.338901
1.110654 -0.145144
0.999786 0.067836
0.661659 0.169681
0.754918 0.896460
0.349236 0.262283
0.064920 0.427961
-0.270780 0.569802
-0.548144 0.828123
-0.717287 0.888930
-0.967824 1.089264
-1.334952 1.165548
-1.405135 1.254328
1.039864 -0.586456
0.944995 -0.549704
0.535034 1.010805
0.701370 -0.372017
0.556894 -0.101069
0.148077 -0.047176
-0.072253 0.097851
-0.356245 0.369964
-0.715739 0.627360
-0.923565 0.718122
-1.148219 0.820435
-1.490624 0.889467
-1.586949 1.022268
0.235938 1.187935
0.896790 -0.801460
0.803665 -0.738859
0.544711 -0.626621
0.313363 -0.476696
0.048266 -0.247707
-0.270623 -0.054338
-0.573227 0.073572
-0.944908 0.262263
-1.169576 0.365675
-1.430814 0.482199
-0.075483 1.421336
-1.609782 0.665854
-1.705481 0.797248
0.809070 -1.013159
0.691838 -0.997242
0.375100 -0.868069
0.137692 -0.789619
-0.149404 -0.551980
-0.429761 -0.454055
-0.808372 -0.225962
-1.030556 -0.107588
-0.398912 1.511750
-1.279061 0.116839
-1.629184 0.307224
-1.745207 0.419379
-1.856475 0.524565
0.545634 -1.399040
0.493885 -1.246945
0.226719 -1.074057
0.093741 -1.009962
-0.336786 -0.861522
-0.617908 -0.692339
-0.602534 1.662910
-0.936656 -0.505009
-1.307328 -0.429460
-1.496383 -0.376754
-1.798737 -0.033862
-2.011633 0.110708
-2.076537 0.149131
0.439331 -1.575164
0.312615 -1.520050
0.000355 -1.416207
-0.135927 -1.342352
