144 2
0.823979 -2.725725
0.681969 -2.658364
-1.719196 -1.589566
0.944853 -0.173758
0.490732 0.037523
0.266295 0.170785
-0.112198 0.235068
-0.373573 0.333207
-0.630248 0.494257
-0.875039 0.503318
-0.973505 0.533445
1.822434 -0.425306
1.754397 -0.299042
-1.778905 -1.547051
1.529357 -0.226914
1.129360 -0.043209
0.995099 0.092380
0.742148 0.237136
0.341184 0.368822
0.144518 0.501024
-0.169666 0.659728
-0.528585 0.784044
-0.700543 0.880447
-0.860400 0.936595
0.857114 -2.601744
1.910899 -0.151181
1.797636 -0.138893
1.582813 0.018068
1.373514 0.216857
1.160466 0.329287
0.874516 0.523966
0.511227 0.620822
0.190319 0.786720
-0.050945 0.797749
-0.475429 1.019019
0.742781 -2.594584
-0.625772 1.074298
-0.677581 1.092061
1.934589 -0.021990
1.856900 0.096005
1.757876 0.145679
1.425270 0.333844
1.203099 0.429275
0.896802 0.584416
0.566699 0.734682
0.223334 0.862922
0.524126 -2.445760
-0.040812 0.920370
-0.335293 1.091912
-0.496387 1.175846
-0.559623 1.183766
0.193096 -2.424932
-0.138122 -2.313261
-0.391504 -2.147750
-0.627034 -2.028039
-1.042503 -1.834401
0.436940 -2.593673
-1.307082 -1.673034
-1.460064 -1.590478
-1.656361 -1.502106
-1.783823 -1.281938
0.980906 -2.375794
0.895538 -2.299595
0.658243 -2.228326
0.208898 -2.155554
-0.014510 -2.036097
-0.237783 -1.838138
0.166733 -2.498077
-0.488113 -1.748349
-0.975221 -1.587450
-1.212321 -1.498558
-1.444317 -1.242869
-1.579277 -1.146244
-1.792352 -1.102983
1.102937 -2.131617
0.978192 -2.115461
0.777862 -2.006762
0.401892 -1.837930
-0.059632 -2.402856
0.170638 -1.808221
-0.131986 -1.537989
-0.379775 -1.439775
-0.758815 -1.257786
-1.081974 -1.167705
-1.317758 -1.025463
-1.536543 -0.914775
-1.694430 -0.879654
1.211506 -1.914962
1.141959 -1.784110
-0.427571 -2.260836
0.904521 -1.751648
0.539361 -1.619409
0.292529 -1.361705
-0.040143 -1.308896
-0.287279 -1.227705
-0.664402 -1.086345
-0.862886 -0.953984
-1.163072 -0.761590
-1.484235 -0.547334
-1.536037 -0.503449
-0.616298 -2.145550
1.366122 -1.625589
1.235679 -1.537879
1.080174 -1.350971
0.746286 -1.284135
0.470118 -1.097060
0.159060 -1.017369
-0.208139 -0.856077
-0.452339 -0.620271
-0.744721 -0.501898
-1.045800 -0.440055
-1.156310 -1.890829
-1.342578 -0.304536
-1.424744 -0.293358
1.542067 -1.133836
1.420436 -1.176130
1.212788 -1.171385
0.828033 -0.952727
0.682168 -0.855019
0.240282 -0.687124
-0.001543 -0.597697
-0.349850 -0.435772
-1.299867 -1.795537
-0.660643 -0.271644
-0.993861 -0.154106
-1.164053 -0.051437
-1.258355 0.112855
1.594747 -0.964612
1.538226 -0.909634
1.300869 -0.755995
0.958583 -0.636506
0.839856 -0.565986
0.351989 -0.407571
-1.489453 -1.718591
0.115060 -0.303935
-0.215853 -0.126927
-0.479707 0.089800
-0.806163 0.155501
-0.983765 0.327823
-1.100570 0.360132
1.732856 -0.582842
1.663311 -0.543609
1.422258 -0.488297
1.078347 -0.254807
