144 2
3.720728 -1.040723
3.635358 -1.113194
0.949975 -1.657689
2.444900 1.023350
2.061683 1.004419
1.714827 0.907177
1.381061 0.901855
0.925322 0.944446
0.656538 0.848710
0.470920 0.826055
0.367516 0.812328
3.457498 1.456357
3.240309 1.401637
0.811461 -1.691013
3.060837 1.372880
2.725751 1.330976
2.383915 1.269939
1.995914 1.270127
1.797236 1.330505
1.284219 1.259123
0.975703 1.192703
0.576026 1.095322
0.435398 1.036739
0.274421 1.181846
3.747272 -0.953851
3.379835 1.633029
3.213151 1.640684
3.009218 1.603312
2.665831 1.571261
2.311512 1.605074
2.010094 1.605185
1.692981 1.545173
1.291104 1.510284
1.026134 1.442713
0.598070 1.360866
3.627936 -1.064284
0.387600 1.323558
0.301155 1.344876
3.357341 1.717668
3.163004 1.735259
2.983847 1.713946
2.598049 1.691931
2.396759 1.711663
1.962007 1.672609
1.683803 1.624911
1.236826 1.585215
3.442036 -1.105587
1.017401 1.562288
0.621941 1.495457
0.445434 1.442670
0.347993 1.408802
3.111496 -1.119705
2.810073 -1.161790
2.524271 -1.228732
2.138402 -1.266338
1.751990 -1.334245
3.389107 -1.183499
1.442436 -1.426165
1.109629 -1.517626
0.914298 -1.584796
0.795694 -1.581202
3.763903 -0.647216
3.635380 -0.660038
3.397876 -0.727640
3.084848 -0.813886
2.833386 -0.899252
2.389495 -0.987493
3.179497 -1.196102
2.182228 -1.051881
1.711981 -1.131881
1.372517 -1.182904
1.060730 -1.249586
0.839328 -1.325852
0.767127 -1.369486
3.769753 -0.365288
3.582628 -0.430514
3.336180 -0.526694
3.048090 -0.618031
2.895991 -1.289084
2.712425 -0.630668
2.435592 -0.714505
2.044640 -0.852086
1.694877 -0.879098
1.302320 -0.929989
1.054690 -0.992786
0.823654 -1.006454
0.681341 -0.989844
3.731794 -0.143401
3.578030 -0.145365
2.416311 -1.380918
3.336533 -0.213567
2.984914 -0.298452
2.718456 -0.303854
2.368584 -0.340658
1.890585 -0.392087
1.540699 -0.601149
1.308708 -0.624436
1.007774 -0.647597
0.799541 -0.638631
0.639724 -0.818272
2.240999 -1.394233
3.636482 0.218905
3.515988 0.183171
3.288010 0.153019
3.020561 0.132461
2.601918 -0.040245
2.291638 -0.107361
1.928893 -0.217398
1.455696 -0.235334
1.266925 -0.314275
0.875743 -0.377754
1.747204 -1.454480
0.714224 -0.390386
0.580575 -0.335812
3.618957 0.458827
3.423545 0.468879
3.164728 0.540819
2.927739 0.540745
2.573773 0.349988
2.254881 0.249283
1.756467 0.183203
1.462241 0.146692
1.456301 -1.559008
1.076709 0.109308
0.832698 0.065888
0.640267 -0.024437
0.504905 -0.022282
3.505702 1.010741
3.356686 0.931524
3.163723 0.862512
2.848653 0.801257
2.419862 0.844098
2.040041 0.773776
1.150061 -1.628870
1.796392 0.721476
1.372910 0.616737
1.085113 0.536944
0.712020 0.330919
0.540739 0.373518
0.464249 0.207325
3.467915 1.233057
3.349362 1.177332
3.094447 1.137979
2.791156 1.041797
