144 2
1.711008 1.629897
1.688333 1.469975
0.825132 -1.084718
-0.802465 1.610058
-0.976849 1.340152
-0.943805 0.950701
-1.069924 0.633769
-1.160099 0.213220
-1.257462 -0.046406
-1.389723 -0.261110
-1.410720 -0.383076
-0.588068 2.619125
-0.578229 2.544502
0.792255 -1.154074
-0.763626 2.274680
-0.924568 2.051272
-1.017907 1.674636
-1.126592 1.466329
-1.270616 1.068638
-1.361201 0.703895
-1.427491 0.320675
-1.508184 0.161925
-1.657009 -0.155195
-1.754364 -0.272832
1.639386 1.690020
-0.831206 2.681390
-0.868574 2.595973
-1.004467 2.329369
-1.040572 2.097307
-1.201205 1.833098
-1.280750 1.556801
-1.476429 1.089163
-1.572091 0.809890
-1.735019 0.520951
-1.758424 0.257042
1.583483 1.609107
-1.802527 -0.032294
-1.884003 -0.144560
-0.898071 2.685013
-0.957011 2.590256
-1.093913 2.366058
-1.176011 2.187518
-1.281578 1.913699
-1.441701 1.622413
-1.624949 1.212208
-1.725948 0.854471
1.492663 1.370534
-1.797287 0.641887
-1.993257 0.165653
-1.990053 0.086224
-2.025037 -0.007849
1.400045 0.997829
1.258114 0.710663
1.164548 0.403233
1.027497 -0.000772
0.984033 -0.271192
1.616001 1.217875
0.931689 -0.537785
0.874609 -0.756902
0.711300 -1.033487
0.616993 -1.127358
1.519008 1.794763
1.460650 1.670371
1.278257 1.422410
1.109120 1.114077
1.075016 0.813490
0.956127 0.550408
1.515997 0.933917
0.852565 0.006862
0.777601 -0.169053
0.697204 -0.380317
0.552921 -0.783518
0.452031 -0.945027
0.414272 -1.075987
1.175184 1.957758
1.169872 1.869622
1.029802 1.521615
0.952392 1.258068
1.394373 0.661872
0.855324 0.967374
0.760309 0.557703
0.630663 0.166863
0.429866 -0.010443
0.446752 -0.311944
0.373919 -0.631082
0.089490 -0.858316
0.103600 -0.941057
1.054014 2.004724
0.929397 1.959315
1.267664 0.367647
0.853549 1.697895
0.691511 1.453866
0.504310 1.136701
0.409712 0.746852
0.216324 0.330429
0.118876 0.105877
0.024700 -0.231414
-0.086962 -0.541168
-0.098999 -0.766986
-0.155967 -0.820522
1.180764 -0.004897
0.776803 2.140542
0.652380 2.072548
0.579369 1.891621
0.372424 1.557904
0.215552 1.248333
-0.005319 0.919438
-0.076515 0.515856
-0.169288 0.193356
-0.345280 -0.096385
-0.371200 -0.332866
1.129089 -0.327540
-0.473536 -0.635095
-0.397913 -0.747165
0.276266 2.349862
0.317285 2.215423
0.240391 2.021940
0.179270 1.639855
0.046907 1.369032
-0.159529 0.922982
-0.416989 0.616133
-0.401003 0.357670
1.020656 -0.585318
-0.543359 0.004432
-0.645026 -0.273040
-0.657654 -0.532638
-0.907264 -0.581301
0.019159 2.440161
0.063665 2.331378
-0.102792 2.077130
-0.274012 1.848678
-0.385120 1.583063
-0.423150 1.029673
0.971962 -0.754884
-0.709453 0.766296
-0.852923 0.504577
-0.979704 0.222930
-1.043603 -0.118921
-1.083579 -0.386092
-1.136619 -0.504928
-0.261196 2.536187
-0.315769 2.439424
-0.448870 2.238781
-0.542235 2.012372
