144 2
-2.112793 1.684142
-1.952315 1.696720
0.542853 2.636512
-0.398358 -0.306521
-0.135966 -0.176721
0.116098 -0.165957
0.500326 0.185859
0.828697 0.197476
1.049417 0.281104
1.273674 0.271464
1.390568 0.384477
-1.351757 -0.823546
-1.260842 -0.782702
0.601964 2.659747
-0.985298 -0.716043
-0.707762 -0.636937
-0.322311 -0.524651
-0.137758 -0.419611
0.230475 -0.342140
0.636193 -0.275842
0.892050 -0.165055
1.133860 -0.044252
1.373665 0.054497
1.460541 0.003195
-2.063690 1.497119
-1.269991 -1.075437
-1.165532 -1.015721
-0.868896 -0.881037
-0.631246 -0.783647
-0.246968 -0.752967
-0.073613 -0.724822
0.301133 -0.524251
0.598931 -0.477163
0.972874 -0.346800
1.301136 -0.310156
-1.922021 1.561396
1.402240 -0.242368
1.492763 -0.181820
-1.249310 -1.099900
-1.098174 -1.090737
-0.914927 -1.060934
-0.557974 -0.934253
-0.237113 -0.848699
-0.029417 -0.804236
0.360710 -0.733197
0.547781 -0.606198
-1.772761 1.632643
1.116774 -0.457676
1.252707 -0.419225
1.391506 -0.409047
1.490663 -0.340567
-1.413775 1.845114
-1.189945 1.929045
-0.914099 1.982869
-0.664713 2.093984
-0.166370 2.266183
-1.702844 1.795843
0.169944 2.303480
0.358906 2.438396
0.587379 2.535850
0.688657 2.555564
-2.040124 1.331109
-1.957241 1.318267
-1.675939 1.415839
-1.320261 1.517943
-1.096228 1.647576
-0.827610 1.801779
-1.589879 1.872563
-0.542833 1.962609
-0.091441 2.027560
0.183434 2.131544
0.471365 2.192934
0.662469 2.256194
0.829107 2.300129
-1.952158 0.979717
-1.864328 0.979136
-1.632642 1.171355
-1.198197 1.337841
-1.180843 2.032028
-0.995374 1.463515
-0.721665 1.517479
-0.364006 1.650325
-0.053289 1.760783
0.309696 1.832484
0.540916 1.943818
0.856251 1.951383
0.930049 2.007676
-1.857028 0.712742
-1.788189 0.720310
-1.028739 2.082822
-1.570145 0.851196
-1.091660 0.950649
-0.806821 1.043057
-0.596740 1.239914
-0.256257 1.237172
-0.038800 1.354367
0.411063 1.493227
0.749559 1.533061
0.914549 1.647455
1.026809 1.779128
-0.723947 2.191750
-1.760038 0.334788
-1.710988 0.450213
-1.475165 0.591394
-0.997633 0.666061
-0.757966 0.629886
-0.439540 0.746172
-0.174590 0.995909
0.103332 1.059471
0.430936 1.177034
0.829152 1.348035
-0.183013 2.360936
1.016925 1.443748
1.098759 1.469194
-1.695662 0.132929
-1.614041 0.182846
-1.391207 0.135648
-0.982661 0.242751
-0.688918 0.362950
-0.256107 0.476933
-0.045458 0.587462
0.228492 0.740428
0.024246 2.543264
0.559071 0.933331
0.938463 0.962569
1.130155 1.003289
1.230754 0.973150
-1.597541 -0.190029
-1.507496 -0.234526
-1.250088 -0.082233
-0.952134 -0.010369
-0.569942 0.180401
-0.231330 0.142516
0.351933 2.617560
0.196665 0.354252
0.391793 0.376034
0.666244 0.445912
1.046759 0.585434
1.218990 0.649888
1.321170 0.631929
-1.449669 -0.503488
-1.349983 -0.523864
-1.172072 -0.518969
-0.808694 -0.396138
