494 2
-2.511156 -1.280449
0.539941 0.075593
0.772563 3.109171
2.033517 -0.138562
2.021450 -0.182508
0.381764 0.263746
-3.564324 0.568468
-3.586341 0.598512
-3.028634 -2.039461
-2.865053 -0.578575
-3.523890 0.833910
4.031561 -2.117203
4.023006 -2.076047
-2.687934 -1.255256
4.056904 -2.096745
4.019189 -2.091272
-3.757288 0.489385
1.930937 -1.679270
1.992062 -1.692260
-1.417556 -0.885963
-1.584015 -0.768794
-1.497766 -0.651217
-1.598280 -0.709040
0.552437 0.124389
-2.716866 -1.256948
3.897001 -1.976559
3.674279 -2.079487
3.852602 -2.028457
-1.392139 -0.668833
-3.169068 -2.232841
-3.159036 -2.219549
-0.810043 -0.232612
-1.006025 -0.137162
-0.752405 -0.240893
-1.980453 1.745774
-2.703132 -1.267301
-1.982533 1.734654
-1.980086 1.730417
-1.860136 1.389868
-1.514730 1.125953
2.971042 -2.941518
-1.900964 1.574323
-1.915432 1.593604
1.599197 0.739103
0.211889 3.546807
3.014203 -2.918554
-2.608073 -1.230796
-1.958633 1.689024
-1.869164 1.378070
-1.523837 1.141330
-1.923678 1.615259
-1.951147 1.617304
-0.535303 -1.931809
0.215834 3.528766
0.551587 3.713288
1.426675 -0.357336
1.726086 -0.552579
-2.571234 -1.215313
3.138030 -2.507823
3.114388 -2.493894
3.152557 -2.337679
3.093343 -2.501830
3.124543 -2.632260
1.676097 -0.907481
1.612259 -1.097201
0.402690 0.097003
-0.692564 -1.839027
-0.497826 -1.029648
-2.796909 -0.835864
0.846595 4.365653
0.019734 3.572809
-2.758868 0.230232
-2.691400 0.671802
-1.240738 3.021867
-2.288432 0.201669
-2.715454 0.442034
1.227486 -2.396461
1.231702 -2.367889
1.543320 -1.292157
-1.287796 3.078730
3.332856 -1.349314
3.319966 -1.355672
-1.611476 -1.287864
2.791029 -1.697482
2.811103 -1.666559
-0.906893 2.640587
-0.820990 -0.229426
1.890716 0.100503
3.983554 -2.057993
1.999851 0.011131
-2.611513 -1.220209
1.984536 -0.014290
2.590063 -0.351451
-0.642501 -1.978438
-0.632654 -1.979285
-0.602111 -2.010208
2.517837 -0.380560
3.690586 -2.040000
-0.798626 2.329706
0.334115 1.995656
0.347840 2.016660
-2.825421 -0.825281
-3.640931 0.748118
-3.804624 0.872550
-3.859833 0.906630
-3.836695 0.901417
-3.628806 0.784668
-3.691676 0.833184
3.199663 -3.022567
-0.800481 2.307007
1.618040 0.752956
-2.874013 -0.730526
2.405425 -0.419610
-2.775625 -0.891308
-0.808994 2.294993
-1.433731 -1.376677
3.257216 -2.170301
-0.388609 -0.130172
-0.196833 -0.402261
-0.394557 -0.117298
-0.687806 0.220009
-0.144988 -0.416159
-0.116510 -0.429582
3.502043 -3.162188
3.030885 -2.899959
3.460097 -3.116379
-0.765335 2.417359
-0.860881 2.628619
-0.167400 2.708126
-0.503404 2.791393
1.383806 -0.142692
1.200594 -0.214227
1.365178 -0.146602
1.602611 -0.074338
0.146901 -0.005321
3.065599 -2.881799
-1.094617 2.830539
0.740475 2.877669
-2.115812 -0.633572
-1.124032 -0.682005
-0.981164 -0.251575
-0.865196 -0.236526
2.162789 -1.706072
2.139496 -1.700722
0.933587 2.878532
0.894776 2.914342
1.578499 -1.181430
-2.288733 0.943896
1.802520 -0.050061
1.917969 -0.071861
1.760256 -0.035102
1.701682 -0.065200
-0.432840 -0.696516
-0.541357 -1.532710
1.354679 -1.817703
1.275777 1.077638
0.626413 2.794962
1.582758 -1.180713
3.207740 -2.712074
-1.201561 0.927333
2.248517 -2.476702
2.243700 -2.489566
-0.532029 -1.725182
-2.803151 -0.013990
-1.277976 -1.437823
-0.677235 -1.974700
-0.691812 -2.149427
-0.704599 -2.223310
-1.083067 -0.824636
-0.710512 -2.209001
0.219258 3.202078
-2.804026 -1.722400
-2.919932 -1.876642
-3.009786 -2.014256
-2.913283 -1.870462
-3.373083 0.317192
-1.144213 0.862001
-1.116833 0.872819
-1.167750 0.837624
-1.521719 -1.124168
-1.219285 0.872571
0.435886 3.706591
-3.647499 0.428524
3.591346 -1.952006
3.745430 -1.950190
-3.393837 0.333468
-2.341079 -1.105169
0.384071 2.851676
0.397180 2.839760
-0.682411 -1.406828
-1.475588 -1.080952
-0.068081 0.121599
-0.124695 0.132563
-0.111822 0.143508
-0.111321 0.132857
-1.884380 -0.736258
0.812028 2.507777
0.751941 -0.178542
-0.847244 0.409263
-0.914324 0.490299
-2.873045 -0.710975
0.783238 3.626256
-2.803708 -0.638453
-0.960204 -0.246074
-0.137208 -0.288686
2.595094 -1.765206
2.656036 -1.643139
2.125977 -0.477191
2.512191 -1.932586
2.566713 -1.758453
2.331175 -0.860657
2.529749 -1.286078
2.611385 -0.347481
2.355468 -0.880424
2.535865 -1.285394
1.359309 -1.707514
1.374547 -1.703408
0.450336 -1.168530
3.740636 -2.194558
3.473814 -2.276594
3.924109 -2.137298
3.746042 -2.210532
-0.547234 -1.551879
0.551522 0.092250
2.576149 -0.357500
0.377059 0.452425
0.434455 0.558220
0.420968 0.568350
0.482616 0.583244
0.520834 0.633557
0.253191 0.317057
0.712255 3.665816
-0.567919 -1.488321
2.274914 -2.418074
0.059838 0.433263
-1.030866 2.768072
-0.302029 1.130587
-0.181446 0.907930
-0.078831 0.733353
-0.119322 0.879141
0.920946 2.703383
0.849911 3.518831
-0.185606 0.942178
-0.042217 0.683983
-0.129074 0.881016
-0.317655 1.402925
1.306712 1.125874
-0.091706 1.600593
1.254297 1.053407
1.240670 0.986229
1.503973 -1.399112
1.512318 -1.376665
0.531050 2.416412
3.210863 -1.450037
3.180332 -1.474357
3.345107 -2.880142
1.334134 -1.921468
1.320761 1.156389
1.336358 -1.941743
0.749088 4.067800
-1.094483 -1.486696
-2.832145 -0.759473
0.720809 3.982614
-3.520566 0.369621
-3.801506 0.474133
0.707725 2.353254
-0.499218 -1.970825
1.542856 0.723579
0.721582 2.844578
-2.292386 0.201739
-0.419619 -2.020778
-3.784725 0.495912
1.219893 -2.406504
-1.923996 -0.564975
-1.645125 -0.638253
-1.498778 -0.497091
-1.952571 -0.558684
-1.678410 -0.588818
-1.926665 -0.545069
1.466620 -1.491385
-1.663851 -0.575879
-1.687675 -0.458605
-1.898068 -0.307634
2.057262 -1.694069
0.098151 3.491518
-3.078009 -2.126904
-0.191387 -0.622283
-0.096982 -0.729017
-0.203209 -0.668154
-0.067986 -0.750170
0.280053 3.603818
-0.174440 -0.658004
-0.081387 -0.739408
0.309951 3.021228
1.623809 0.760874
-1.029814 0.038314
-1.189841 2.932168
-1.180008 2.934136
-0.703150 -0.808343
-0.558965 -1.099234
-0.665812 -0.808497
-2.575867 -0.518014
-0.898668 -0.436542
-0.599451 -1.369379
-0.658885 -1.398118
-3.538821 0.679001
-1.731638 -0.668829
-1.114352 2.854711
-1.102360 -0.338840
-3.728355 0.466607
-3.138772 0.792875
-3.465921 0.885928
-2.734565 -0.457857
-2.823596 0.665465
-3.501340 0.991109
-3.103607 0.798459
-3.490818 0.953340
-3.078803 -2.123558
-2.076741 0.813016
-2.052076 0.350550
-0.704308 -1.799431
-0.703603 -1.806387
-0.388341 2.906626
-2.828842 -0.063789
0.142320 0.339467
-0.756187 -1.515429
-0.088707 3.145212
0.720536 2.371581
-1.415735 -0.407711
3.443338 -2.996186
1.893556 -0.546220
-2.395035 -0.584679
-0.350102 -0.733639
1.266229 -2.227675
1.991794 -1.682135
3.051525 -1.584605
0.129642 1.811970
-3.210837 0.191960
-2.958247 0.034952
-0.745038 -1.468477
-0.040297 3.813145
-0.031252 3.773882
-2.151207 -0.882966
-3.493947 0.582378
2.314710 -2.327621
0.827149 4.331000
3.272137 -1.397172
0.637773 3.322458
0.629094 3.304511
3.069018 -1.579940
-3.085237 0.582421
-3.140596 0.574930
-3.718977 0.546700
-2.849803 0.579420
0.809998 4.292180
1.421540 -1.594597
2.104956 -1.702370
2.805073 -1.663743
0.538757 2.772362
0.514364 2.733786
-2.262951 0.221170
2.167318 -1.743842
-1.044872 -0.863214
-1.218648 2.982528
-3.432191 0.439434
0.886037 3.388783
0.504310 0.179372
-1.334911 0.684550
2.070952 -0.327981
-1.115919 0.664927
0.619669 -0.068432
1.753624 -0.599222
0.623172 3.683588
0.735881 2.679268
0.844006 2.966684
0.456480 3.428795
-1.026108 0.000152
-0.236584 3.026863
-0.642657 2.645670
3.084890 -1.898433
1.296787 -2.103018
1.301923 -2.074553
0.486456 3.727241
-0.947000 2.695287
0.437974 -0.969638
0.440138 -1.074685
0.436819 -1.149505
0.553600 -1.201066
0.369052 -0.693613
0.531737 -1.166471
-2.648000 -1.512747
0.371255 -0.691854
0.374007 -0.701462
0.368032 -0.659915
-0.986420 -0.856735
0.367987 -1.177284
3.532902 -2.748946
3.543241 -3.025044
3.558366 -2.813878
3.570315 -3.094806
3.529656 -3.079996
2.910056 -1.707168
3.582456 -3.042354
3.537538 -3.069135
3.534591 -3.056473
-0.913323 2.670637
3.367472 -3.078364
-1.017266 0.961587
-0.952256 1.003565
-2.333407 1.183699
-2.193870 1.256893
-2.657925 0.778340
-0.068482 -0.127424
-2.614587 0.870199
-2.478425 1.037728
-2.123665 1.192014
-2.157013 1.189337
-2.174263 1.180045
-2.152416 1.230615
-2.135278 1.195408
-2.209571 1.271845
-0.899872 0.474789
-1.021101 1.009743
1.438122 -1.684860
-0.884826 1.055766
-0.844814 1.059745
-0.922186 1.086549
-0.918667 1.143310
-0.914972 1.107425
-0.860633 1.062488
-1.837943 1.409586
0.633543 0.770633
0.692070 0.992377
0.685258 0.924253
1.333566 -1.940891
0.692284 1.018813
0.690410 0.930126
0.573171 0.697334
0.606665 0.720711
1.751661 -0.597454
2.367375 -2.228919
2.297101 -0.452093
-0.043746 0.296107
-0.012073 3.688019
0.352194 2.898900
-1.231633 -0.662300
-2.180691 -1.284998
-1.319581 -0.357666
-1.329334 -0.402788
-1.309325 -0.359279
-1.237997 3.011572
0.785971 4.198372
-1.028194 0.013162
0.498600 2.163605
0.564072 2.228769
0.910814 3.181402
0.951986 3.209440
-1.071657 1.412234
-0.509213 2.462462
-1.084213 1.473715
-0.818055 1.439090
0.585934 0.086177
-1.270010 1.153703
-0.738998 2.559769
-0.441194 2.475542
-1.277482 1.269272
-1.282749 1.263990
-1.279741 1.263894
3.654301 -1.963273
3.728493 -1.941671
0.132152 2.949759
0.198774 3.328455
0.540228 2.704474
3.505797 -3.021620
2.436398 -2.075377
-2.163565 0.281291
-1.782565 -1.296077
-1.293954 -0.899348
-0.976586 -0.880709
-0.543585 -0.737823
-1.111421 -0.907652
0.546918 2.320695
-1.789047 0.719783
0.433485 -0.263681
-1.538563 0.669984
-1.919082 0.422422
-1.578348 0.595250
-1.541827 0.606517
-1.782149 0.488709
-1.810928 0.478457
0.506771 2.580475
1.709854 -0.771665
-1.116165 -0.724233
0.251714 0.130938
