494 2
1.281894 1.656696
-0.711558 -0.367134
2.581628 -1.846998
-1.877121 -0.958705
-1.834712 -0.958299
-0.452847 -0.379933
-0.150576 3.269029
-0.206331 3.371609
2.557571 2.022966
1.275621 2.283973
0.091494 3.480769
-4.469360 -1.035398
-4.474564 -1.029683
1.446723 1.792159
-4.464099 -1.042100
-4.464769 -1.034204
-0.218159 3.371907
-2.443355 -1.319754
-2.545640 -1.273926
0.365313 0.824106
0.454406 0.843531
0.522863 0.599499
0.515887 0.817193
-0.723837 -0.364939
1.468481 1.798267
-4.333653 -1.068265
-4.135248 -0.949346
-4.294074 -1.075717
0.472814 0.448595
2.765062 2.104744
2.757787 2.106660
0.863220 -0.799161
0.919630 -0.637790
0.874151 -0.841326
1.405799 3.096432
1.519671 1.821871
1.384853 3.094375
1.391395 3.082662
1.091158 2.717081
0.299944 2.391649
-4.206936 0.150842
1.320072 2.949461
1.295661 3.026223
-0.409223 -1.392500
3.019386 -1.332989
-4.229033 0.139203
1.373420 1.764877
1.397257 3.089476
1.075617 2.732546
0.353805 2.418192
1.352080 2.972086
1.243697 3.018178
-1.299211 1.246606
3.003590 -1.368660
3.174933 -1.785453
-1.222924 -1.310133
-1.267781 -2.099478
1.280840 1.780999
-3.949411 -0.270985
-3.888046 -0.329658
-3.824638 -0.381096
-3.934048 -0.274351
-4.069176 -0.198097
-1.482585 -2.277997
-1.575467 -2.338535
-0.508667 -0.385344
-1.142305 1.039006
-0.758745 0.629543
1.286505 2.004519
3.694235 -2.223715
3.189348 -1.147946
1.145230 2.405764
0.842741 2.600315
3.105239 0.223040
2.047448 1.097246
0.979229 2.522840
-2.583704 -2.119062
-2.581116 -2.117010
-1.846902 -2.457731
3.126127 0.235580
-3.153855 -0.115585
-3.167582 -0.136624
0.239276 1.231919
-3.317626 -0.895869
-3.303827 -0.912692
2.520101 -0.067717
0.838772 -0.702299
-1.641559 -1.027073
-4.390275 -1.051390
-1.736271 -0.996229
1.340960 1.773998
-1.726544 -0.979748
-1.031432 -2.663999
-1.362965 1.161917
-1.414042 1.155057
-1.424098 1.206501
-1.077023 -2.541548
-4.119576 -1.010827
2.317349 0.022498
1.676347 -1.159529
1.674878 -1.148946
1.299722 2.038356
0.014863 3.464776
0.006499 3.669405
-0.009072 3.668677
0.005061 3.678297
0.018129 3.500674
-0.034816 3.545531
-4.438800 0.093482
2.307662 0.040752
-0.418110 -1.480451
1.081504 2.107302
-1.116129 -2.438857
1.299617 2.005374
2.304333 0.046873
-0.223834 1.221053
-3.982334 -0.691972
-0.447247 0.841574
-0.604226 0.301357
-0.437948 0.888626
-0.304366 1.496961
-0.688248 0.215129
-0.695499 0.221908
-4.696363 -0.013915
-4.247093 0.119098
-4.637590 0.009307
2.321597 -0.037966
2.599501 -0.011534
2.403397 -0.771575
2.551168 -0.478293
-1.279973 -0.760849
-1.179632 -0.702677
-1.286280 -0.787233
-1.392608 -0.822056
-0.212448 -0.461416
-4.279809 0.104240
2.824403 0.073135
2.361782 -1.803995
0.790931 1.300745
0.367516 0.184956
0.830930 -0.599698
0.826151 -0.723226
-2.640632 -1.133264
-2.621164 -1.164422
2.140776 -1.881025
2.166189 -1.851130
-1.702186 -2.430144
1.001461 2.549706
-1.579331 -0.898138
-1.711999 -0.943858
-1.583485 -0.898776
-1.490317 -0.865862
-0.349350 0.314106
-0.947195 1.052599
-2.254892 -2.119216
0.155592 -1.447168
2.351599 -1.657277
-1.688114 -2.406615
-4.245486 -0.165449
-0.118811 2.167746
-3.397412 -1.756648
-3.394699 -1.765817
-1.117009 1.175568
1.241887 2.337918
-0.335168 1.206862
-1.469322 1.056755
-1.556201 1.079600
-1.593030 1.072092
0.404465 0.176561
-1.546572 1.106903
2.799673 -1.275872
2.238980 1.914858
2.464468 1.988077
2.576692 2.030339
2.468123 1.990545
-0.123782 3.096076
-0.157933 2.128254
-0.173615 2.116633
-0.180072 2.136416
0.253813 1.058976
-0.167377 2.098305
3.173949 -1.635563
-0.231145 3.336089
-3.951343 -1.016628
-4.100348 -1.077114
-0.141943 3.075788
1.043829 1.463476
2.442179 -1.435543
2.442336 -1.459502
-0.888288 1.006924
0.252104 1.009806
0.175335 -0.205381
0.144695 -0.258013
0.169213 -0.254645
0.159998 -0.216553
0.591959 0.965382
1.959974 -1.716586
-0.960178 -0.296468
-0.231746 1.670530
-0.237088 1.653471
1.129979 2.072257
2.950966 -2.050844
1.154645 2.044441
0.837588 -0.535671
-0.367924 0.078347
-3.171837 -1.102092
-3.198221 -0.908719
-1.986224 -0.868323
-3.188635 -1.243000
-3.122857 -1.117416
-2.374527 -0.886749
-2.821436 -0.901556
-1.028619 -2.670714
-2.341336 -0.889803
-2.798982 -0.902466
-2.183610 -2.267524
-2.191365 -2.250963
-0.617541 -0.803223
-4.367687 -0.769909
-4.224648 -0.693737
-4.413787 -0.884182
-4.383274 -0.741058
-1.017653 1.092361
-0.706449 -0.360732
-1.033415 -2.655679
0.011290 -0.662571
-0.024834 -0.862799
-0.031881 -0.929432
0.000147 -0.808062
0.013339 -0.844708
-0.067819 -0.377968
3.041874 -1.978226
-0.858144 0.956178
-3.360721 -1.695180
0.295459 -0.381310
2.801738 0.073536
0.969449 -0.246599
0.727700 -0.338082
0.524337 -0.393906
0.732396 -0.273566
2.029488 -1.795137
2.823768 -2.088040
0.766499 -0.327199
0.507900 -0.369527
0.716025 -0.279021
1.249632 -0.243980
0.162522 -1.530837
1.449325 -0.627345
0.136611 -1.305983
0.075003 -1.189787
-1.920925 -2.483824
-1.912331 -2.479073
2.051196 -1.404910
-3.264128 -0.281166
-3.262219 -0.270211
-4.359591 -0.124261
-2.304754 -1.901157
0.162064 -1.573102
-2.317574 -1.918028
3.443588 -2.087040
-0.590619 1.160875
1.298199 2.120697
3.321661 -2.021895
-0.179291 3.151907
-0.219516 3.382638
1.823714 -1.557634
-1.360427 1.308019
-0.374794 -1.247229
2.351812 -1.830939
2.031452 1.100639
-1.391009 1.334436
-0.137264 3.369965
-2.587768 -2.128951
0.739965 1.065523
0.579082 0.811105
0.641063 0.432005
0.769090 1.030292
0.597929 0.745707
0.765531 1.047818
-1.984949 -2.449756
0.584236 0.752515
0.749333 0.568976
0.635460 1.133264
-2.605463 -1.230229
3.088884 -1.171270
2.701714 2.076104
-0.706137 0.404858
-0.892791 0.335496
-0.748266 0.419738
-0.926046 0.317964
3.091766 -1.477866
-0.721426 0.401202
-0.915475 0.324190
2.671710 -1.340754
-0.435527 -1.512216
0.979019 -0.704015
2.962765 0.141392
2.954431 0.138094
-0.432440 0.794775
-0.664408 0.632256
-0.441397 0.809093
0.789758 1.807033
0.917854 0.985274
-0.937862 1.006951
-0.820140 0.919223
-0.008648 3.408565
0.586191 0.860554
2.879126 0.108138
0.520945 0.036956
-0.262243 3.348798
0.234342 2.980465
0.132514 3.405289
0.763007 1.995561
0.260859 2.665801
0.268903 3.498231
0.250732 2.940176
0.195983 3.481830
2.681620 2.067109
1.042705 2.002358
1.857510 1.075973
-1.223898 1.032828
-1.237548 1.006532
2.645045 -0.652781
0.596222 2.388465
0.122837 -0.404327
-0.929552 1.088006
2.796793 -1.029187
1.838726 -1.559120
0.623724 0.148411
-4.514428 -0.091967
-1.210057 -2.189433
0.795244 1.555101
-0.707195 0.492762
-2.543940 -2.075583
-2.550604 -1.273930
-3.369897 -0.445573
1.536363 -0.800691
0.003736 2.835972
0.260100 2.223693
-0.876857 1.035785
3.392828 -1.113930
3.364847 -1.117859
0.844821 1.272653
0.006432 3.313201
-3.334165 -1.615191
3.644054 -2.199103
-3.198250 -0.184900
2.820758 -1.820794
2.823165 -1.802881
-3.371139 -0.395300
0.227173 2.941291
0.192679 2.987581
-0.082114 3.364418
0.363625 2.732510
3.570213 -2.164535
-2.111464 -2.336345
-2.611640 -1.175923
-3.292066 -0.943390
2.386160 -1.470698
2.336477 -1.538371
1.989770 1.089415
-2.588355 -1.154376
0.398511 0.180599
3.007675 0.169397
-0.091971 3.177114
2.676263 -2.057599
-0.673816 -0.382845
0.091437 2.403843
-1.921636 -0.929734
-0.082050 2.063364
-0.903201 -0.331911
-1.274333 -2.081228
3.127429 -1.905903
2.275903 -1.662659
2.386539 -1.822765
2.936657 -1.723443
0.958766 -0.688627
2.731970 -0.838384
2.479357 -0.353915
-3.488415 -0.914894
-2.503306 -2.026835
-2.475633 -2.026093
3.187856 -1.721118
2.701626 0.031030
-0.507195 -0.717563
-0.620359 -0.822443
-0.611011 -0.740596
-0.585924 -0.897745
-0.323589 -0.623342
-0.611504 -0.911018
2.104669 1.869175
-0.302709 -0.648431
-0.298478 -0.641642
-0.277179 -0.608041
0.103072 0.167657
-0.671244 -0.741673
-4.442176 -0.490603
-4.633528 -0.141990
-4.492511 -0.481167
-4.653378 -0.139273
-4.690479 -0.142739
-3.400963 -0.594695
-4.665866 -0.135469
-4.686117 -0.161038
-4.677749 -0.146411
2.472438 -0.081031
-4.540998 0.050286
-0.279493 2.213942
-0.396569 2.279775
0.950912 2.963187
1.030785 2.799369
0.848140 2.755787
-0.245648 -0.016221
0.872253 2.924550
0.903515 2.966867
1.049218 2.660478
1.063235 2.669075
1.061550 2.693972
1.054743 2.686539
1.052446 2.673766
1.005202 2.844898
-0.243346 1.646871
-0.359085 2.278705
-2.245930 -1.384905
-0.470263 2.343528
-0.503256 2.367847
-0.502733 2.357104
-0.513376 2.381153
-0.519998 2.373945
-0.484119 2.361541
1.076167 2.774451
-0.064346 -1.033911
-0.151632 -1.401694
-0.134289 -1.364181
-2.356386 -1.956861
-0.150774 -1.422352
-0.137459 -1.368387
-0.035658 -0.939815
-0.019681 -0.912386
-1.259366 -2.088622
-3.296463 -1.522476
-1.154934 -2.329303
0.201588 -0.321476
3.316759 -1.125401
2.545517 -1.406965
0.418844 0.318392
0.999154 1.662840
0.705775 0.178890
0.656242 0.230632
0.721861 0.130114
3.068804 0.202894
3.493517 -2.114253
0.970403 -0.718721
1.790848 -1.389499
1.809711 -1.418235
2.522362 -1.990040
2.525559 -2.027401
1.421536 0.379769
2.160045 -0.270448
1.426963 0.406875
1.503597 0.047936
-0.712451 -0.339943
1.288979 0.649656
2.371994 -0.153067
2.148540 -0.198840
1.282179 0.672125
1.286737 0.647890
1.286358 0.666612
-4.118822 -1.062190
-4.198114 -1.076166
2.557665 -1.150364
2.878372 -1.275260
2.361712 -1.533117
-4.594325 -0.106422
-3.242749 -1.426763
1.940944 1.086301
0.773396 1.531298
0.255696 0.765649
0.073105 0.612279
-0.127539 0.485967
0.078134 0.628878
2.010136 -1.407450
1.110456 1.471843
-0.812659 0.023102
1.194854 0.988353
1.713323 1.056628
1.191112 0.996813
1.174188 0.996305
1.612626 1.031049
1.631958 1.037477
2.249489 -1.471333
-1.368111 -2.188272
0.393962 0.161479
-0.199268 -0.408000
