494 2
-0.897622 2.465873
0.401839 -0.603786
-1.654566 -2.857626
1.524506 -1.300714
1.526460 -1.271221
0.149143 -0.521478
-2.984905 1.655740
-3.023465 1.651795
-0.661585 3.422527
-1.665208 2.013055
-3.024546 1.364715
4.095520 -1.818435
4.109883 -1.819228
-1.054596 2.505046
4.117724 -1.828866
4.102649 -1.776939
-2.904114 1.718313
2.730500 -0.058031
2.758110 -0.072560
-0.345049 1.307634
-0.450998 1.310186
-0.623407 1.157658
-0.607187 1.273202
0.320897 -0.604444
-1.045994 2.539476
3.923733 -1.647005
4.003178 -1.505907
3.990886 -1.681341
-0.398828 1.085272
-0.626670 3.556434
-0.631623 3.537066
0.694849 1.016399
0.671359 1.149692
0.696148 0.982605
-2.240939 -0.237176
-1.061331 2.526942
-2.280041 -0.185249
-2.248897 -0.221893
-1.961463 -0.090442
-1.595268 -0.085028
4.819864 -0.677358
-2.143390 -0.151678
-2.139554 -0.184527
0.599824 -1.705228
-2.362662 -2.874978
4.818181 -0.696141
-1.028504 2.406473
-2.233694 -0.213512
-1.988832 -0.051442
-1.687871 -0.084649
-2.186809 -0.164362
-2.166865 -0.255920
0.734034 2.040009
-2.352946 -2.875774
-2.239836 -3.183362
1.562045 -0.885670
1.820843 -0.881178
-1.007420 2.412860
4.334712 -0.886014
4.304623 -0.895203
4.173241 -0.950619
4.324382 -0.880490
4.540003 -0.866360
1.968820 -0.656077
2.051313 -0.500686
0.320738 -0.444659
0.511382 2.102610
0.334180 1.500209
-1.392660 2.217845
-2.452612 -3.796401
-2.502072 -2.657024
-1.926699 1.543859
-2.058080 1.127050
-3.167229 -1.279350
-2.081202 2.099441
-2.004165 1.326684
2.480570 0.943135
2.481607 0.930031
2.184488 -0.165371
-3.099215 -1.295977
3.989612 -0.405008
3.973693 -0.424867
-0.400636 2.032197
3.394216 -1.107213
3.405508 -1.127230
-2.667491 -1.382690
0.705656 1.036143
1.399359 -1.382125
4.028445 -1.734049
1.388553 -1.504338
-0.984248 2.424307
1.379458 -1.474768
2.121852 -1.451239
0.640415 2.130489
0.672671 2.122828
0.670956 2.106878
2.086051 -1.382055
3.871240 -1.494941
-2.383645 -1.224823
-1.257321 -1.640719
-1.259158 -1.701153
-1.372767 2.253635
-3.030154 1.430066
-3.231654 1.399280
-3.263268 1.399390
-3.278316 1.379161
-3.060533 1.437928
-3.063971 1.415803
4.871736 -0.914823
-2.344167 -1.133745
0.643434 -1.730354
-1.417647 2.031682
2.058740 -1.314097
-1.396995 2.231773
-2.357374 -1.140656
-0.230359 2.037530
4.129049 -1.154375
-0.151481 0.133636
0.171697 0.145940
-0.142979 0.127781
-0.375111 0.111077
0.267050 0.150477
0.327816 0.142234
4.944588 -1.108213
4.793352 -0.689301
4.920122 -1.117506
-2.383376 -1.274278
-2.467345 -1.320575
-2.093081 -1.534583
-2.431951 -1.799444
1.290926 -1.003962
1.296554 -0.881304
1.269174 -1.005381
1.304632 -1.132717
0.475959 -0.133965
4.767061 -0.746991
-2.886333 -1.314292
-1.552009 -2.691978
-1.011055 1.590213
-0.060942 1.035742
0.480024 1.089771
0.648501 1.045572
2.909560 -0.141336
2.911709 -0.145630
-1.350959 -2.687981
-1.369815 -2.688794
2.144172 -0.331803
-1.976256 0.762651
1.324604 -1.324344
1.391879 -1.398561
1.314322 -1.347378
1.312311 -1.215047
0.058426 0.471852
0.517507 1.821953
2.371224 0.393212
-0.183143 -1.927599
-1.608536 -2.601512
2.133486 -0.334555
4.626518 -0.910111
-1.294491 -0.126385
3.430259 -0.273800
3.435291 -0.275324
0.636333 1.880064
-1.772142 1.870227
-0.001234 2.015933
0.576596 2.260555
0.598787 2.312962
0.576164 2.322045
0.082941 0.979386
0.625239 2.382334
-2.123223 -2.574461
-0.749811 3.062997
-0.707867 3.232865
-0.663552 3.411119
-0.712912 3.213720
-2.741512 1.636280
-1.170516 -0.131676
-1.124360 -0.081338
-1.141358 -0.091775
-0.352803 1.842595
-1.126206 -0.070979
-2.343518 -3.064310
-2.939886 1.744019
3.794213 -1.452767
3.846954 -1.572307
-2.708874 1.681597
-0.898103 2.121445
-1.833516 -2.466931
-1.815878 -2.447378
0.343800 1.809312
-0.339630 1.821399
-0.072347 -0.257425
-0.079578 -0.190013
-0.090775 -0.196566
-0.115416 -0.126054
-0.788751 1.517977
-1.232668 -2.423615
0.784839 -0.630287
-0.778223 0.070977
-0.761148 0.074581
-1.444971 2.021530
-1.903693 -3.252659
-1.450189 2.025837
0.533573 1.108595
0.158230 -0.040226
3.209037 -0.832668
3.195761 -0.950094
1.612122 -1.153845
3.263420 -0.689000
3.220618 -0.837679
2.912019 -1.001548
2.635104 -1.029060
2.133693 -1.467173
2.831354 -1.036846
2.630428 -1.030906
2.306576 0.311889
2.313156 0.319688
1.062648 0.449934
4.250443 -1.556852
4.226807 -1.422855
4.223232 -1.655122
4.286773 -1.542044
0.548789 1.816024
0.415595 -0.602123
2.131172 -1.464315
-0.007038 -0.635404
0.020326 -0.945763
0.031654 -1.016946
0.024060 -0.837861
0.032590 -0.873936
0.069522 -0.450867
-2.029390 -3.237082
0.440794 1.815602
3.407802 -0.334556
-0.283074 -0.503826
-2.689081 -1.293565
-0.776676 -0.591755
-0.576747 -0.593044
-0.673603 -0.587494
-0.423503 -0.549114
-1.260009 -2.494804
-1.794420 -3.202864
-0.556402 -0.574074
-0.682746 -0.576758
-0.422698 -0.545132
-1.165567 -0.748832
-0.166236 -1.939855
-1.191801 -1.238694
-0.221632 -1.864383
-0.206697 -1.799528
2.219494 -0.048149
2.211696 -0.043454
-1.526445 -2.162467
3.920253 -0.578593
3.917856 -0.564554
4.724913 -0.973742
2.428325 0.505916
-0.149641 -1.947727
2.447136 0.511732
-2.294478 -3.542346
0.119554 1.987439
-1.556199 2.140119
-2.210190 -3.378638
-2.822142 1.725985
-2.919032 1.699518
-1.187574 -2.248235
0.816312 2.060739
0.542831 -1.680298
-1.568517 -2.696851
-2.073488 2.085670
0.859946 2.066414
-2.928016 1.594924
2.478681 0.930615
-0.950349 1.432196
-0.781660 1.229174
-0.561766 1.075527
-0.979993 1.438681
-0.788835 1.239553
-0.973741 1.418506
2.231791 0.064746
-0.786639 1.234449
-0.551268 1.212707
-1.096542 1.329546
2.808115 -0.100737
-2.381850 -2.626951
-0.636494 3.512123
0.300023 0.431239
0.418554 0.509127
0.307389 0.445764
0.428437 0.516780
-2.362931 -2.987144
0.331783 0.435700
0.427867 0.516221
-2.060966 -2.549110
0.647785 -1.726619
0.866398 1.197149
-2.928021 -1.307612
-2.952720 -1.304466
-0.141283 1.535921
0.212386 1.596835
-0.093974 1.568318
-1.374742 1.717579
-1.153682 1.214531
0.398460 1.719795
0.310155 1.769048
-2.961646 1.428485
-0.766389 1.350033
-2.789946 -1.275395
-0.125980 1.045369
-2.941881 1.789542
-2.538109 1.086762
-2.872117 1.237599
-1.551101 1.743438
-1.941509 0.840895
-2.936086 1.126374
-2.526044 1.094046
-2.928339 1.145665
-0.642389 3.494906
-1.843201 0.845929
-1.871137 1.699629
0.432520 2.124519
0.382448 2.114866
-2.407683 -1.970479
-1.742978 1.589181
-0.021570 -0.458831
0.259057 1.970291
-2.324933 -2.287611
-1.213810 -2.186285
-0.405176 1.144897
4.832239 -1.102939
1.944438 -1.080017
-1.206420 1.685232
0.188889 0.620148
2.476819 0.872106
2.772219 -0.098865
3.855145 -0.690791
-1.219434 -1.440876
-2.295964 1.586560
-1.918157 1.487188
0.273420 1.918964
-2.743392 -2.740494
-2.698832 -2.727100
-0.902279 1.657028
-2.883836 1.484156
3.380596 -0.426570
-2.446666 -3.786718
3.948775 -0.480402
-1.894949 -2.959413
-1.949516 -2.909799
3.860595 -0.678835
-2.516797 1.399105
-2.528066 1.372858
-2.843221 1.546164
-2.124284 1.292211
-2.406607 -3.720936
2.250064 0.165157
2.903358 -0.152317
3.401631 -1.135138
-1.731934 -2.418755
-1.715161 -2.410741
-2.045708 2.039488
2.921895 -0.171499
0.101909 0.963938
-3.027362 -1.303049
-2.808997 1.555879
-1.655371 -3.090956
0.229745 -0.600591
-1.388637 0.358019
1.564586 -1.222653
-0.976427 0.006152
0.592629 -0.621535
1.834866 -0.905577
-2.161143 -3.232939
-1.462543 -2.498394
-1.507156 -2.768582
-2.058894 -2.886365
0.830749 1.209671
-2.379112 -2.113873
-2.427845 -1.712025
3.462818 -1.154619
2.452364 0.736750
2.460267 0.713133
-2.304614 -3.114216
-2.602547 -1.311324
0.974243 0.325443
1.096757 0.479146
1.056055 0.478603
1.261285 0.547702
0.790450 0.089592
1.191772 0.518281
-0.798286 2.884593
0.854808 0.127298
0.801348 0.088856
0.799214 0.080333
0.081043 1.079095
1.064817 0.549265
4.443534 -1.343928
4.859879 -1.211991
4.453646 -1.344950
4.874378 -1.241078
4.879398 -1.247139
3.795726 -0.799303
4.914351 -1.270129
4.917315 -1.226630
4.866258 -1.258874
-2.657838 -1.354244
4.908690 -0.975998
-1.228362 -0.258072
-1.231112 -0.412945
-2.172074 0.409499
-2.073585 0.264036
-2.144739 0.893421
0.103783 -0.159910
-2.180971 0.734373
-2.194730 0.570337
-2.056057 0.364718
-2.059416 0.335716
-2.080131 0.356589
-2.064951 0.349197
-2.057465 0.361636
-2.083135 0.189031
-0.779151 0.071940
-1.322148 -0.354093
2.491658 0.260539
-1.287929 -0.459547
-1.299386 -0.496220
-1.315068 -0.431139
-1.318653 -0.449238
-1.284579 -0.504348
-1.301395 -0.503821
-1.999402 -0.073675
0.067010 -1.134316
0.117231 -1.351610
0.098751 -1.281991
2.458214 0.498170
0.122937 -1.365191
0.073368 -1.319527
0.054477 -1.112765
0.035422 -0.952183
1.825352 -0.893883
3.350696 -0.511654
1.997447 -1.174471
-0.175001 -0.406412
-2.646019 -2.710225
-1.876140 -2.469368
-0.266559 1.038900
-0.793425 2.311748
-0.485112 0.985607
-0.451721 1.035095
-0.486685 0.964656
-3.060567 -1.299476
-2.341326 -3.611396
0.834416 1.198363
-1.262795 -1.968795
-1.275961 -1.974908
-1.549956 -2.943958
-1.529727 -2.933368
-1.537811 0.160416
-2.148230 -1.300652
-1.515082 0.166693
-1.589921 -0.417525
0.415823 -0.612862
-1.468257 0.588075
-2.350198 -1.307734
-2.154414 -1.383464
-1.459324 0.611248
-1.432222 0.653037
-1.460646 0.617361
3.834348 -1.526860
3.872324 -1.629720
-1.997290 -2.330530
-2.196924 -2.590225
-1.659164 -2.371287
4.865065 -1.154233
3.318215 -0.594046
-1.996691 1.944638
-0.590460 2.180770
-0.208187 1.283535
-0.113693 0.847985
-0.053640 0.695574
-0.105072 0.859563
-1.356373 -2.030439
-1.680598 0.972063
0.419659 -0.110898
-1.481940 1.099845
-1.769766 1.531279
-1.474943 1.057384
-1.499244 1.114950
-1.629708 1.305552
-1.661122 1.330370
-1.623487 -2.266300
1.899922 -0.757921
0.024382 0.995010
0.260934 -0.395552
