494 2
1.610681 1.836953
-0.651438 -0.764498
-3.246410 -0.655473
-0.765292 -2.208824
-0.749356 -2.175608
-0.732848 -0.462082
0.725140 3.290052
0.723329 3.257830
2.594757 2.246986
0.797809 2.219148
0.454242 3.365277
-0.027080 -4.801929
-0.036425 -4.781751
1.567333 1.969528
-0.049048 -4.774133
-0.046741 -4.752549
0.683447 3.159548
0.611998 -2.873595
0.588807 -2.956290
1.074801 0.766040
1.125423 0.794321
1.353017 0.801866
1.227909 0.863726
-0.668183 -0.665371
1.603546 1.994239
-0.053913 -4.601772
-0.260244 -4.501645
-0.085636 -4.586986
1.382270 0.561054
2.725442 2.329054
2.697437 2.312772
2.092132 0.259693
1.943763 0.170628
2.137716 0.283644
-1.502743 2.396574
1.596561 1.990678
-1.461884 2.333362
-1.487513 2.298705
-1.169808 2.273700
-0.971254 2.624824
-1.309134 -4.537683
-1.347347 2.273889
-1.327740 2.300900
-1.249624 -1.513273
-3.756051 -0.146122
-1.295594 -4.549744
1.424309 1.916196
-1.434362 2.317123
-1.196936 2.271071
-0.974991 2.587136
-1.354842 2.259664
-1.342854 2.282579
0.405877 0.178194
-3.716559 -0.134795
-3.935931 -0.440851
-0.014711 -1.661087
0.310103 -1.743822
1.428313 1.915167
-0.847609 -4.224053
-0.832966 -4.241963
-0.687172 -4.095156
-0.858108 -4.227593
-0.985962 -4.436584
0.699376 -1.787489
0.870568 -1.811320
-0.537854 -0.579787
0.282536 0.285627
0.052091 0.385571
1.150385 2.183263
-4.521982 -0.717442
-3.765306 0.142437
0.395012 2.290207
-0.047493 2.355760
-2.963646 1.405092
-1.688743 1.565984
0.170594 2.325796
1.656901 -2.716950
1.649730 -2.717391
1.217693 -1.897489
-2.974607 1.416628
-0.902245 -3.574827
-0.883887 -3.585546
0.876054 1.041891
-0.331854 -3.707354
-0.308410 -3.697227
-2.716486 1.007547
2.053411 0.231526
-0.969740 -1.905110
-0.060768 -4.665040
-0.879116 -2.080575
1.445671 1.894552
-0.858336 -2.089628
0.447724 -2.231400
0.368019 0.192416
0.439300 0.162877
0.423030 0.172109
0.422965 -2.162965
-0.227733 -4.422652
-2.514165 0.871430
-2.209500 -0.122563
-2.219729 -0.142459
1.203039 2.143508
0.570097 3.392340
0.595687 3.597962
0.599785 3.632779
0.597858 3.626431
0.629108 3.403764
0.504597 3.461723
-1.211802 -4.708508
-2.462415 0.925521
-1.305399 -1.501459
1.171428 2.375712
0.396822 -2.062674
1.195013 2.161970
-2.449294 0.925020
0.732946 0.978579
-0.516002 -4.088514
-0.372667 0.957262
-0.378832 0.187308
-0.351351 0.883024
-0.377771 1.542786
-0.393851 0.266768
-0.397839 0.289479
-1.120604 -5.011463
-1.263495 -4.558311
-1.062533 -5.009442
-2.536552 0.870686
-2.696664 0.969294
-2.761992 0.258850
-3.082798 0.508839
-0.455870 -1.663353
-0.348411 -1.621563
-0.477967 -1.645055
-0.612123 -1.770710
-0.361501 -0.385409
-1.206849 -4.564670
-2.818541 1.173303
-3.052165 -0.559986
1.317258 1.529592
1.383757 0.355900
1.864840 0.272099
2.026142 0.241409
0.818062 -3.112708
0.785637 -3.096241
-2.807914 -0.764152
-2.826959 -0.740642
1.104684 -1.844505
-0.487939 2.125105
-0.718946 -1.892033
-0.801377 -2.115362
-0.736951 -1.902787
-0.642616 -1.807508
-0.126401 0.234345
0.181317 0.458879
1.374967 -2.335639
-1.602571 -1.132485
-3.022684 -0.438705
1.059449 -1.844323
-0.962856 -4.544384
-0.730155 2.763338
0.303614 -3.662150
0.306889 -3.662362
0.323557 0.256794
0.556986 2.258192
0.562840 0.843557
0.392711 0.145842
0.457677 -0.040180
0.458844 -0.085012
1.406779 0.214164
0.465047 -0.057838
-3.448879 -0.058283
2.309555 2.121104
2.461563 2.192336
2.628848 2.273422
2.447890 2.185403
0.908470 3.178804
-0.665642 2.798005
-0.636054 2.790274
-0.640870 2.793658
0.951415 0.951867
-0.673302 2.822924
-3.938471 -0.292043
0.771334 3.183511
-0.217542 -4.272163
-0.115632 -4.457970
0.938547 3.149686
1.502684 1.661040
-3.122013 -0.185063
-3.110737 -0.198218
0.119631 0.621258
0.938154 0.942724
-0.498525 -0.209423
-0.522663 -0.160575
-0.573134 -0.147765
-0.505825 -0.116980
1.340278 1.264730
-2.579355 -0.597866
-0.385196 -0.749463
-0.393862 1.887578
-0.393367 1.860014
1.146086 2.336495
-3.612204 -0.752299
1.093907 2.278040
1.888966 0.256816
-0.461782 0.079407
-0.177138 -3.422700
-0.341823 -3.603930
-0.558289 -2.267444
-0.081346 -3.428452
-0.145627 -3.355314
-0.426782 -2.818162
-0.494840 -2.617087
0.449369 -2.225813
-0.399778 -2.844774
-0.495522 -2.620750
1.438355 -2.236424
1.416346 -2.242546
0.891658 -0.861151
-0.350628 -4.776424
-0.487127 -4.696827
-0.178827 -4.807703
-0.358451 -4.790658
0.191421 0.423847
-0.595319 -0.711049
0.441848 -2.211802
-0.906788 -0.462731
-1.078707 -0.513177
-1.087705 -0.518050
-1.124616 -0.569016
-1.143890 -0.612322
-0.773432 -0.284261
-3.742514 -0.682862
0.146864 0.507630
0.303768 -3.652254
-0.929039 -0.145993
-2.821060 1.150145
-1.305844 0.183292
-1.175275 0.061382
-1.218979 0.133977
-1.053558 0.019461
-2.702543 -0.696096
-3.476766 -0.798916
-1.162253 0.058361
-1.168697 0.064896
-1.080265 -0.008881
-1.639139 0.323100
-1.631331 -1.140468
-1.853046 0.141124
-1.494425 -1.101048
-1.374134 -1.105834
1.403784 -2.008089
1.324831 -1.958926
-2.651107 -0.294780
-0.794246 -3.639374
-0.802767 -3.640162
-0.978650 -4.732213
1.363103 -2.590674
-1.655427 -1.142180
1.335086 -2.566828
-4.198757 -0.674330
0.429289 0.728769
1.015664 2.183917
-4.051567 -0.633675
0.882507 3.189601
0.578887 3.102588
-2.492515 -0.522520
0.532534 0.121750
-1.205477 -1.523262
-3.076049 -0.586257
-1.686492 1.570606
0.533814 0.124060
0.550711 3.108766
1.667425 -2.735178
1.325591 1.294345
1.360836 0.887889
1.431209 0.792214
1.386097 1.316079
1.352832 0.934245
1.368098 1.272900
1.350914 -2.004989
1.333495 0.906903
1.512825 1.009676
1.187840 1.239710
0.626679 -3.005090
-3.669991 0.066889
2.673221 2.301819
-0.324336 0.316237
-0.397141 0.472910
-0.325819 0.319430
-0.393753 0.501601
-3.816237 -0.205095
-0.353111 0.381792
-0.452654 0.482948
-3.332686 -0.110563
-1.343024 -1.495438
2.036074 0.089656
-2.899104 1.295470
-2.908348 1.306008
-0.480512 0.787024
-0.063161 0.528028
-0.465300 0.776258
1.020272 2.150104
-0.667873 0.903637
0.045663 0.576534
0.104030 0.548631
0.643678 3.420848
1.371331 1.056522
-2.853400 1.207730
1.498314 0.499949
0.733857 3.170810
0.162297 3.037445
0.364558 3.303612
0.935619 2.320765
0.064063 2.798939
0.260265 3.400694
0.130492 3.022785
0.268865 3.383703
2.660478 2.292393
-0.637372 1.875644
-1.451071 1.426742
0.282710 0.341601
0.310259 0.364715
-3.197017 0.396383
0.518284 2.502339
-0.664358 -0.376027
0.316629 0.623431
-3.366194 0.200909
-2.499906 -0.494833
1.510139 0.895444
-1.025065 -4.872811
0.333681 -1.839751
1.193782 1.776822
-0.165968 0.287209
1.545327 -2.652604
0.541398 -2.977198
-0.703001 -3.703412
-2.034602 -0.005290
0.959271 2.950728
1.108448 1.683277
0.233032 0.638602
-3.942971 0.227334
-3.914258 0.221125
1.384428 1.458552
0.818921 3.387200
0.230932 -3.581234
-4.485994 -0.713876
-0.859883 -3.602031
-3.417801 -0.607151
-3.438461 -0.602690
-0.678187 -3.697822
0.297913 2.810606
0.374288 2.892289
0.529767 3.154016
0.184587 2.623413
-4.415181 -0.706365
1.422086 -2.158407
0.761600 -3.086300
-0.271154 -3.726638
-2.924667 -0.226542
-2.967630 -0.260046
-1.665824 1.553134
0.770959 -3.094841
1.404201 0.188072
-2.957808 1.377059
0.886635 3.307312
-3.315440 -0.823434
-0.688972 -0.597788
-0.348520 2.655733
-0.655437 -2.240008
-0.458224 2.581193
-0.441251 -0.767063
0.339696 -1.731095
-3.901253 -0.540120
-2.882182 -0.652511
-3.019454 -0.683200
-3.620514 -0.438464
2.029512 0.090361
-3.281246 0.305017
-2.957654 0.605434
-0.352137 -3.894734
1.413631 -2.575653
1.418168 -2.580308
-3.954154 -0.383801
-2.762760 1.066325
0.684652 -0.796888
0.818669 -0.839669
0.854330 -0.843752
0.877255 -0.856258
0.388141 -0.706782
0.854995 -0.855285
2.101628 2.017362
0.335117 -0.682550
0.378390 -0.716249
0.368112 -0.717837
1.191259 0.232993
0.906760 -0.874751
-0.664399 -4.857147
-0.987876 -5.042662
-0.702996 -4.908449
-0.966367 -5.125946
-0.981934 -5.095129
-0.620726 -3.767730
-0.989441 -5.074965
-0.935283 -5.117653
-0.970770 -5.086267
-2.724326 1.026953
-1.094859 -4.882600
-0.737704 2.948752
-0.778655 3.025994
-0.737296 2.303539
-0.906447 2.224180
-0.291031 2.365208
-0.520525 -0.030002
-0.354563 2.352647
-0.521599 2.334073
-0.920570 2.154702
-0.931486 2.145498
-0.971789 2.058622
-0.920218 2.157557
-0.940029 2.150267
-0.871148 2.278751
-0.393968 1.838688
-0.815899 3.028166
0.934933 -2.490491
-0.842588 3.139098
-0.872752 3.203140
-0.864410 3.142521
-0.871597 3.122331
-0.875437 3.149846
-0.875736 3.222205
-1.247379 2.190309
-1.313948 -0.574036
-1.465346 -0.616653
-1.409938 -0.595940
1.307199 -2.507534
-1.503605 -0.631890
-1.464105 -0.610368
-1.224164 -0.552730
-1.204750 -0.570538
0.333772 -1.743533
0.179058 -3.543951
0.360992 -1.950459
-0.782858 -0.156591
-3.826383 0.176899
-3.201623 -0.160935
1.383979 0.428398
1.229017 1.634017
1.597943 0.638459
1.516900 0.675493
1.633050 0.632030
-2.950093 1.385437
-4.316934 -0.692400
2.035306 0.081393
-2.404114 -0.293722
-2.436054 -0.315724
-3.215486 -0.801125
-3.191495 -0.801080
-1.447113 0.847223
-2.335443 0.653678
-1.408451 0.872494
-1.672671 0.755467
-0.587454 -0.730384
-1.229754 0.949315
-2.585404 0.852587
-2.366487 0.629247
-1.271475 0.940436
-1.287820 0.936559
-1.289070 0.912261
-0.192473 -4.383126
-0.131307 -4.454303
-3.019690 0.045769
-3.487484 -0.042221
-2.960109 -0.267151
-0.996295 -4.966356
0.087476 -3.483158
-1.595839 1.515005
1.091225 1.409462
0.991886 0.771194
0.762978 0.598539
0.468133 0.485585
0.676051 0.568951
-2.532580 -0.309620
-0.801075 1.651134
-0.353300 -0.166155
-1.046834 1.151917
-1.338710 1.337055
-1.028090 1.161302
-1.034543 1.153487
-1.176254 1.216890
-1.191317 1.253384
-2.762443 -0.267608
0.486444 -1.756391
1.415960 0.235371
-0.516909 -0.442461
