494 2
-0.681112 -2.234273
-0.071185 0.442926
3.886108 0.708745
-1.421442 1.357406
-1.312238 1.353724
0.285824 0.355185
0.639391 -3.263352
0.622520 -3.269744
-1.289405 -2.821606
0.155641 -2.312783
1.085033 -3.148313
-3.852705 2.014686
-3.853766 1.972812
-0.638673 -2.313141
-3.876353 1.978213
-3.838313 1.940445
0.610286 -3.220212
-2.368172 1.321137
-2.315585 1.186078
-0.427086 -0.687880
-0.370898 -0.865352
-0.409916 -1.078343
-0.340412 -1.007930
0.033652 0.436005
-0.622994 -2.262241
-3.688101 1.907655
-3.623377 1.708916
-3.703867 1.901193
-0.544364 -0.979091
-1.394511 -2.924510
-1.383373 -2.913661
-1.368312 -1.148290
-1.466853 -1.034368
-1.371803 -1.150163
2.090116 -1.538911
-0.671672 -2.354201
2.110988 -1.552435
2.176759 -1.575841
1.824940 -1.387933
1.464964 -1.301159
-4.124400 0.735935
1.986410 -1.499026
1.910748 -1.460193
0.884923 1.288734
3.772349 1.316777
-4.094617 0.759060
-0.594467 -2.228383
2.065833 -1.531675
1.786884 -1.437254
1.435533 -1.286476
1.977055 -1.491599
1.947582 -1.434495
0.390694 1.920892
3.801650 1.321466
4.181189 1.229094
-0.890082 2.294218
-0.992140 2.691173
-0.580031 -2.230310
-3.698406 1.053920
-3.711226 1.052095
-3.515500 1.184564
-3.718913 1.031849
-3.909763 0.971782
-1.244263 2.870960
-1.377333 2.970164
-0.057353 0.351960
0.251725 1.789752
0.356991 1.223764
-0.236003 -2.305584
4.843116 1.467737
3.683669 1.493053
0.628359 -2.236612
1.032883 -2.075116
2.500445 1.578624
2.635099 -0.884939
0.914975 -2.132956
-1.911505 2.122360
-1.897603 2.140019
-1.642609 3.007798
2.498983 1.583526
-3.180766 0.733317
-3.180037 0.739832
-0.432777 -0.438186
-2.939184 1.387612
-2.931668 1.383209
2.498814 1.007723
-1.307104 -1.126557
-0.160559 1.295517
-3.757412 1.943868
-1.162376 1.526734
-0.552025 -2.242429
-1.189284 1.536789
-0.730760 3.323259
0.285072 1.933313
0.278384 1.966881
0.302427 1.980464
-0.764279 3.226516
-3.561750 1.741085
2.360373 0.869146
3.065092 0.028409
3.020123 0.044887
-0.302844 -2.329418
0.939135 -3.236628
1.060175 -3.438453
1.082039 -3.490392
1.070620 -3.457129
0.968589 -3.279923
0.985080 -3.282829
-4.241796 0.900705
2.386922 0.907572
0.950684 1.373711
-0.013804 -2.350656
-0.789245 3.159536
-0.259538 -2.319330
2.389953 0.905459
-0.382023 -0.170736
-3.453424 1.378114
0.519200 -0.207132
0.287153 0.674333
0.520803 -0.162031
0.574139 -0.328023
0.236132 0.665798
0.247692 0.672843
-4.490855 1.006849
-4.104552 0.771461
-4.441544 1.053105
2.330336 0.810428
2.404132 0.962565
2.910136 0.745842
2.724255 0.947976
-0.730832 1.265608
-0.593823 1.134956
-0.696866 1.248552
-0.808359 1.337977
0.012384 0.146711
-4.094877 0.815335
2.483049 1.239928
3.757815 0.579729
-0.247028 -1.691985
-0.731049 -0.773931
-1.354188 -1.031412
-1.353670 -1.097698
-2.247009 0.830834
-2.251096 0.844828
3.822942 0.395815
3.792652 0.399453
-1.521684 3.059169
1.452090 -1.711780
-1.001092 1.448471
-1.145521 1.430341
-0.956716 1.443019
-0.940421 1.432033
0.354363 0.446298
0.382345 1.530748
-1.994286 2.285991
1.227676 1.204442
3.615818 0.602170
-1.513650 3.037904
-4.041955 0.980834
1.016122 -1.109385
-2.737591 2.161336
-2.738137 2.178813
0.418817 1.751224
0.516961 -2.260112
-0.009528 1.194447
0.258211 2.003574
0.220350 2.096432
0.199355 2.117573
-0.934641 -0.746781
0.198330 2.144548
3.580376 1.078331
-1.042157 -2.569874
-1.139083 -2.660961
-1.262205 -2.787395
-1.146459 -2.663469
0.461799 -3.061189
0.904334 -1.019284
0.882487 -0.971546
0.905040 -1.016889
-0.446351 -0.496393
0.906312 -1.016413
3.999665 1.320553
0.592468 -3.262481
-3.485616 1.701982
-3.586984 1.865379
0.455437 -3.053797
-0.574799 -2.066269
3.539520 0.755592
3.509032 0.735547
0.331459 1.502306
-0.454057 -0.523005
0.241703 0.085233
0.264206 0.009624
0.253467 -0.019224
0.273273 -0.006086
-0.369955 -1.435561
3.570673 0.155322
-0.259456 0.801266
0.697385 -0.597791
0.688700 -0.577247
-0.033600 -2.321222
4.351356 0.920296
-0.077061 -2.272059
-1.325021 -1.032260
0.321986 0.523401
-2.739098 1.500075
-2.790175 1.390277
-1.565030 1.318560
-2.690114 1.667540
-2.681966 1.545829
-1.760723 1.321494
-2.507219 1.377708
-0.729244 3.322586
-1.800833 1.324770
-2.398841 1.379665
-1.946437 2.622312
-1.952180 2.556764
-1.037694 0.121320
-3.891210 1.692816
-3.814872 1.545202
-3.888304 1.806158
-3.887437 1.676662
0.400696 1.592190
-0.063572 0.455074
-0.733128 3.312522
0.657620 0.524554
0.802216 0.541629
0.782312 0.529217
0.865702 0.569548
0.896288 0.586718
0.507833 0.352937
4.284241 1.095927
0.372332 1.477062
-2.728206 2.109583
0.727546 0.169859
2.411455 1.294758
1.204015 0.147666
1.069559 0.164694
0.819907 0.110557
0.974082 0.113779
3.687968 0.274867
4.332431 0.828635
1.044507 0.163043
0.879264 0.140277
0.954894 0.144235
2.140521 0.148492
1.295044 1.251689
2.506207 0.099481
1.157058 1.147811
1.013330 1.022941
-1.749427 3.007187
-1.729340 2.973546
3.379327 0.286940
-3.185191 0.852458
-3.181534 0.882346
-4.178483 1.011818
-2.041312 2.025248
1.326570 1.265146
-2.039599 2.015115
4.605531 1.328225
0.103073 1.381860
-0.065924 -2.320014
4.418587 1.228114
0.433640 -3.110219
0.695770 -3.195087
3.407007 0.035796
0.411293 2.001538
0.811826 1.229445
3.764221 0.561220
2.639374 -0.884207
0.420547 2.042836
0.739003 -3.155580
-1.899086 2.141720
-0.311128 -1.513224
-0.316818 -1.230391
-0.508790 -1.139311
-0.290687 -1.501239
-0.355656 -1.170109
-0.315484 -1.525342
-1.825461 2.855330
-0.357784 -1.157265
-0.456411 -1.345040
-0.174776 -1.471753
-2.277722 0.991092
3.648330 1.354684
-1.331716 -2.861638
0.279502 0.802478
0.229773 0.923061
0.321045 0.824799
0.216934 0.941692
3.913989 1.330768
0.286896 0.875565
0.205238 0.970511
3.554384 0.936728
0.963365 1.399331
-1.609906 -1.046218
2.492072 1.522060
2.479597 1.480617
0.698263 0.966813
0.390691 1.202087
0.692287 0.994280
-0.000180 -2.001280
1.072165 0.592718
0.379277 1.474403
0.317638 1.356043
0.849218 -3.136925
-0.354605 -1.353749
2.426520 1.349980
-0.678154 -0.994542
0.568775 -3.240209
1.050939 -2.791558
1.085863 -3.078365
0.101096 -2.135910
0.877534 -2.199174
1.223099 -3.122213
1.065542 -2.814169
1.192956 -3.119925
-1.331653 -2.861183
1.613659 -1.178676
2.434155 -0.783524
0.179130 1.798757
0.138222 1.785568
2.999691 1.081407
0.619039 -2.214608
0.394606 0.176903
0.209529 1.491140
3.414819 1.183620
3.392370 0.065871
-0.588453 -1.123161
-4.349460 1.065320
-0.900709 2.901454
-0.069081 -1.922492
0.320453 0.760225
-1.930942 2.107540
-2.297549 1.167706
-3.177638 1.013209
2.780134 0.063543
0.341980 -2.827038
0.240839 -2.589303
0.255305 1.507468
3.768464 1.674611
3.759807 1.646125
-0.379264 -1.663616
0.765755 -3.086303
-2.710439 1.974901
4.840072 1.466739
-3.176129 0.780647
3.916510 0.963263
3.924716 0.944052
-3.202928 1.005884
0.800833 -2.804304
0.806273 -2.767307
0.789247 -3.035244
0.801787 -2.245824
4.816450 1.454852
-1.899894 2.718844
-2.266510 0.897474
-2.929929 1.379758
3.350421 0.736717
3.479643 0.630316
2.601223 -0.866600
-2.234155 0.858156
-0.961022 -0.734751
2.491907 1.561665
0.592027 -3.061674
4.211386 0.680864
0.135704 0.422877
0.824334 -1.659395
-1.505325 1.322100
0.866127 -0.973662
-0.183233 0.648289
-0.968643 2.655988
4.227885 1.150827
3.356114 0.710913
3.835382 0.585476
3.935097 1.113102
-1.597276 -1.046016
3.275069 1.173434
2.573447 0.844026
-3.262578 1.495295
-1.947268 2.091241
-1.953427 2.077907
4.107304 1.288504
2.389677 1.106609
-0.976794 0.134895
-1.076778 0.111042
-1.055337 0.148718
-1.168605 0.059998
-0.712161 0.149834
-1.146851 0.073236
-0.875854 -2.420688
-0.687832 0.154207
-0.697918 0.148735
-0.696824 0.150992
-0.730810 -0.568643
-1.073315 0.131275
-4.093444 1.401371
-4.435721 1.193142
-4.109171 1.400305
-4.469506 1.191551
-4.467826 1.226002
-3.164991 1.156960
-4.453934 1.218914
-4.488547 1.242637
-4.457595 1.212867
2.474311 0.992299
-4.337650 0.985017
0.859365 -1.243262
0.842177 -1.289107
1.628458 -1.846586
1.728252 -1.614780
1.174684 -2.076625
0.378224 0.430620
1.439779 -2.021122
1.531378 -1.977210
1.638129 -1.637509
1.600052 -1.686267
1.619556 -1.700955
1.640829 -1.642972
1.651402 -1.639069
1.730863 -1.638658
0.694780 -0.593450
0.910229 -1.280125
-2.042346 1.475717
0.847688 -1.350013
0.867568 -1.398847
0.927055 -1.317427
0.901668 -1.361410
0.911820 -1.362297
0.832832 -1.400420
1.749340 -1.351219
1.079143 0.667540
1.288861 0.788540
1.223328 0.747609
-2.023569 1.939893
1.318744 0.803758
1.235540 0.757502
1.005991 0.633553
0.961639 0.615744
-0.967586 2.649855
-2.703298 1.908360
-0.829885 3.059179
0.413841 0.109466
3.719285 1.562546
3.537793 0.839933
-0.595459 -0.931798
-0.566144 -2.150803
-0.739609 -1.177900
-0.668445 -1.107627
-0.764610 -1.196414
2.497182 1.580844
4.722007 1.393678
-1.615694 -1.047291
3.264514 0.084738
3.255625 0.078498
4.080020 0.630078
4.125337 0.643339
2.009289 0.062725
2.428826 0.601287
2.005759 0.029279
2.109468 0.215248
-0.100993 0.447887
1.873164 -0.147847
2.388764 0.725565
2.406923 0.569523
1.865834 -0.172735
1.862718 -0.165560
1.874322 -0.168508
-3.480652 1.746154
-3.551391 1.845681
3.318268 0.897643
3.623149 1.159829
3.488569 0.615685
-4.396651 1.115779
-2.684355 1.779004
2.509373 -0.821990
-0.578872 -1.867711
-0.462263 -0.609726
-0.235353 -0.315305
0.074972 0.141561
-0.242783 -0.321860
3.329993 0.192017
1.679599 -0.958895
0.075629 0.722720
1.750556 -0.454749
2.209987 -0.667663
1.783981 -0.452078
1.758031 -0.436341
1.941726 -0.557494
1.901414 -0.585094
3.439845 0.476092
-1.152706 2.799911
-0.849453 -0.773225
0.045592 0.219821
