494 2
-2.079095 -2.542763
-0.215255 0.503017
2.419152 0.340397
-0.171343 1.753793
-0.138705 1.764643
-0.136543 0.189794
-0.793549 -3.855510
-0.810168 -3.865653
-2.885436 -2.947939
-1.398606 -2.926150
-0.565524 -4.003291
-1.714058 4.336998
-1.732997 4.349400
-2.128822 -2.611648
-1.709638 4.341966
-1.693704 4.327360
-0.639307 -3.683872
-1.412710 2.624796
-1.571925 2.579684
-1.564167 -1.616943
-1.484725 -1.701901
-1.178933 -1.675465
-1.362759 -1.754178
-0.193341 0.413731
-2.158889 -2.618044
-1.551213 4.097005
-1.370118 4.073120
-1.538764 4.109404
-1.161472 -1.539358
-3.020464 -3.004325
-3.012120 -3.001660
-1.682732 -1.074334
-1.799472 -1.155918
-1.679294 -1.045746
0.947428 -2.293859
-2.138139 -2.606967
0.981966 -2.330245
0.983867 -2.328881
0.645700 -2.188219
0.455457 -1.977577
-0.532858 4.646839
0.782860 -2.254025
0.862918 -2.314174
0.586284 1.168313
2.838016 -0.184075
-0.582513 4.605486
-1.963010 -2.565551
0.941231 -2.305604
0.633833 -2.268232
0.407743 -1.928354
0.816995 -2.260196
0.918150 -2.359061
-2.309886 -0.078919
2.815767 -0.202430
3.011800 0.174102
-0.204105 1.690215
-0.083001 2.057207
-1.990590 -2.580321
-0.813964 4.262131
-0.749448 4.316730
-0.939554 4.080868
-0.749525 4.280684
-0.731822 4.433331
-0.355852 2.180598
-0.530843 2.182510
-0.315730 0.373136
-2.268938 -0.278828
-1.531293 -0.274261
-1.735907 -2.779565
3.579459 0.475538
2.976441 -0.420445
-0.936567 -2.947317
-0.411502 -2.871894
2.222975 -1.760388
0.878854 -3.201431
-0.669803 -2.910570
-2.136700 1.813564
-2.099776 1.820281
-0.830786 2.147700
2.226385 -1.763960
-0.472702 3.555165
-0.490705 3.548420
-1.968987 -1.540183
-1.176066 3.472929
-1.220435 3.438698
1.895199 -1.456344
-1.676094 -1.119994
0.230501 1.425484
-1.657820 4.231015
-0.077725 1.794307
-2.011298 -2.625655
-0.059134 1.747498
0.678330 2.396415
-2.412472 -0.180154
-2.496228 -0.191149
-2.455717 -0.190534
0.570746 2.357845
-1.408062 4.007777
1.672296 -1.264458
1.372418 -0.297536
1.378150 -0.285088
-1.711622 -2.805249
-0.676624 -3.970061
-0.657484 -4.191410
-0.664448 -4.213829
-0.655544 -4.245093
-0.627100 -4.088669
-0.678501 -4.041084
-0.692143 4.693236
1.673190 -1.270794
0.599321 1.199601
-1.563368 -2.870672
0.494491 2.328843
-1.733859 -2.800340
1.638192 -1.247330
-2.103540 -1.356906
-1.091794 4.050755
-0.622772 -0.347072
-0.758682 -0.112665
-0.627791 -0.398044
-0.465868 -0.728744
-0.745562 -0.109948
-0.760176 -0.113339
-0.786647 5.009445
-0.579430 4.576973
-0.814865 4.957042
1.667337 -1.251013
1.732835 -1.279369
1.924701 -0.579153
2.197333 -0.914268
-0.257835 1.279054
-0.290717 1.169015
-0.263114 1.271419
-0.232576 1.373407
-0.535140 0.223018
-0.654243 4.603254
2.003695 -1.548607
2.189422 0.327299
-1.381841 -2.242947
-1.285306 -1.238273
-1.566241 -1.156058
-1.627156 -1.119304
-1.855354 2.630390
-1.848758 2.634670
1.981871 0.387176
2.000015 0.358801
-0.641670 2.189990
0.107156 -2.496810
-0.141074 1.617915
-0.109218 1.692598
-0.155833 1.623997
-0.202797 1.469214
-1.187654 -0.448872
-1.974263 -0.224775
-1.518341 1.932370
0.908869 0.753629
2.135142 0.192948
-0.645898 2.177684
-0.781278 4.572218
-0.038334 -1.427468
-2.004564 3.264088
-2.018080 3.266101
-2.115551 -0.097063
-1.081938 -2.949323
-2.149992 -1.055275
-2.407018 -0.153163
-2.614203 -0.094991
-2.642329 -0.083815
-1.134374 -1.110366
-2.638543 -0.086348
2.605449 -0.291200
-2.668775 -2.825505
-2.781719 -2.885286
-2.912753 -2.947506
-2.751375 -2.866935
-0.902318 -3.738161
-0.118341 -1.347808
-0.137584 -1.344234
-0.167631 -1.355561
-1.876543 -1.584740
-0.163237 -1.314593
3.001876 0.001020
-0.759075 -3.743241
-1.365257 3.925379
-1.493735 4.028979
-0.924672 -3.729760
-1.877457 -2.382040
2.304703 -0.067681
2.241236 -0.036496
-1.898698 -0.258854
-1.822132 -1.545347
-0.339369 -0.158312
-0.345435 -0.257539
-0.371694 -0.284172
-0.354185 -0.280860
-1.429093 -1.937885
1.685583 0.121356
-0.392222 0.675183
-0.383430 -0.891528
-0.398899 -0.863897
-1.551709 -2.861406
2.744051 0.510656
-1.548499 -2.815825
-1.571499 -1.140328
-0.548129 -0.091410
-1.306890 3.069865
-1.133332 3.004354
-0.541691 2.197470
-1.549242 3.123456
-1.350933 3.087989
-0.857206 2.689270
-0.710539 2.452950
0.676365 2.395946
-0.869969 2.726710
-0.706834 2.463014
-1.405692 1.961858
-1.387789 1.975059
-1.294402 0.674166
-1.443747 4.344671
-1.259067 4.226957
-1.550410 4.368946
-1.430601 4.345294
-2.048162 -0.125776
-0.241219 0.462969
0.638083 2.383171
0.037798 0.153756
0.184487 0.258464
0.210234 0.267539
0.170091 0.229000
0.246548 0.242418
-0.077854 0.080165
2.817472 0.432749
-1.957770 -0.276686
-1.951805 3.248246
0.065204 -0.190937
1.907327 -1.419933
0.496973 -0.485775
0.329205 -0.371666
0.368002 -0.457066
0.276635 -0.400920
1.819171 0.253476
2.703559 0.545034
0.312368 -0.356371
0.364931 -0.433896
0.321770 -0.397832
0.866014 -0.597082
0.954303 0.741582
1.009797 -0.543147
0.871373 0.757905
0.681933 0.792529
-1.058028 2.092901
-1.047984 2.092355
1.830859 -0.073209
-0.588418 3.533907
-0.603974 3.538995
-0.809399 4.672171
-1.728913 1.852656
0.980828 0.729198
-1.705039 1.860929
3.303597 0.352002
-2.144972 -0.650662
-1.563732 -2.878324
3.197676 0.321091
-0.845799 -3.717347
-0.595304 -3.673029
1.613723 0.055462
-2.352524 -0.009484
0.530330 1.139468
2.215322 0.385206
0.887829 -3.208738
-2.361141 0.017554
-0.562477 -3.661651
-2.122458 1.815522
-1.282102 -2.014748
-1.202567 -1.779910
-1.265206 -1.579902
-1.288717 -2.087309
-1.224216 -1.809756
-1.257426 -2.071256
-1.154695 2.056453
-1.176098 -1.794541
-1.303461 -1.755379
-1.049950 -2.019523
-1.691055 2.602392
2.810844 -0.363389
-2.987591 -2.982797
-1.115536 -0.131558
-1.168751 -0.101544
-1.131640 -0.127733
-1.173634 -0.095113
2.934199 -0.094178
-1.195514 -0.177461
-1.195579 -0.088010
2.475167 -0.178881
0.608150 1.207699
-1.982645 -1.118616
2.108449 -1.645990
2.090364 -1.628425
-1.202357 -0.612471
-1.525044 -0.337206
-1.157311 -0.657258
-1.343663 -2.634005
-0.061369 -1.716763
-1.862836 -0.225480
-1.952842 -0.376814
-0.789012 -4.017106
-1.341062 -1.887668
2.024455 -1.549501
-1.341070 -1.286037
-0.697091 -3.687902
-0.492160 -3.308405
-0.521478 -3.935747
-1.374929 -2.762033
-0.504278 -3.068372
-0.434846 -4.045361
-0.475895 -3.283154
-0.456231 -4.017210
-2.952578 -2.959528
0.092302 -2.363226
0.767911 -2.949252
-2.356596 -0.322215
-2.382307 -0.356202
2.383840 -0.746045
-1.117434 -2.892860
0.011446 -0.172888
-2.092672 -0.425264
2.553939 -0.488478
1.624731 0.027566
-1.325256 -1.507088
-0.834917 4.810669
0.230569 2.207915
-1.364497 -2.429336
-1.338518 -0.223128
-2.015866 1.832542
-1.579842 2.576625
-0.760079 3.530610
1.201681 -0.424223
-0.982813 -2.996529
-1.006842 -2.648587
-2.021139 -0.346299
3.163741 -0.492114
3.155510 -0.494594
-1.531904 -2.189236
-0.867495 -4.009362
-1.886237 3.226633
3.562810 0.468888
-0.526387 3.544930
2.583561 0.294116
2.546978 0.294515
-0.766517 3.550264
-0.583700 -3.352891
-0.572118 -3.328644
-0.597968 -3.643006
-0.568084 -3.063397
3.523474 0.447668
-1.273527 2.013716
-1.759480 2.614568
-1.223875 3.431339
2.090919 -0.005776
2.131237 0.026965
0.860250 -3.169834
-1.797882 2.623444
-1.088222 -1.090929
2.160841 -1.697576
-0.917793 -3.862249
2.572042 0.547810
-0.140951 0.293052
-0.363234 -2.004923
-0.383065 1.977422
-0.212658 -1.183644
-0.303675 0.580875
-0.044202 2.177554
2.908223 0.282997
2.059449 0.288639
2.232910 0.369454
2.801092 0.154642
-1.940727 -1.130707
2.478376 -0.627728
1.981802 -1.055556
-1.205124 3.718757
-1.811772 1.866600
-1.864998 1.854419
3.022959 0.111465
1.817122 -1.343539
-1.164868 0.613382
-1.319480 0.705020
-1.265416 0.653191
-1.357930 0.766719
-0.896055 0.469789
-1.370007 0.767856
-2.303689 -2.648690
-0.886385 0.475756
-0.897445 0.473026
-0.919444 0.500460
-1.468654 -1.148541
-1.345429 0.690619
-1.195986 4.511532
-0.986047 4.903797
-1.174076 4.598814
-1.013831 4.936242
-1.003469 4.919031
-0.906265 3.537082
-1.015719 4.886094
-1.009521 4.913868
-1.006260 4.900487
1.862315 -1.435008
-0.794272 4.831136
-0.027099 -1.376611
0.027782 -1.381216
0.280308 -2.684355
0.443911 -2.529916
-0.156333 -2.837913
-0.436860 -0.102044
0.013530 -2.796824
0.154566 -2.745620
0.433337 -2.455019
0.453849 -2.472984
0.424485 -2.472341
0.414191 -2.521328
0.416601 -2.504542
0.456392 -2.535828
-0.376171 -0.897701
0.019906 -1.418406
-1.575846 1.929745
0.107179 -1.389123
0.151330 -1.378443
0.060127 -1.463860
0.036165 -1.458554
0.069257 -1.494733
0.168787 -1.386391
0.652205 -2.201980
0.351148 0.363882
0.473465 0.490092
0.409396 0.417497
-1.640374 1.887758
0.494451 0.524104
0.433012 0.439675
0.292501 0.334626
0.275773 0.300301
-0.057220 2.111359
-1.792772 3.195953
0.365199 2.274240
-0.082014 -0.211545
3.104964 -0.471959
2.407527 -0.146382
-1.192784 -1.379934
-2.024042 -2.334244
-1.269505 -1.472021
-1.279865 -1.464894
-1.238490 -1.439370
2.207265 -1.745475
3.444180 0.414012
-1.957785 -1.122428
1.577675 -0.126811
1.557387 -0.128643
2.415531 0.513790
2.407556 0.529661
0.801332 -1.370188
1.512465 -1.064108
0.783488 -1.371695
1.111417 -1.251302
-0.242463 0.482137
0.640481 -1.483120
1.614180 -1.202421
1.464701 -1.039245
0.593498 -1.489575
0.573008 -1.506349
0.564806 -1.518480
-1.477385 3.980453
-1.535810 4.058237
2.172676 -0.324519
2.696293 -0.282461
2.118114 0.007285
-0.934521 4.877277
-1.664364 3.151116
0.819883 -3.062266
-2.040985 -1.812572
-1.646973 -1.491753
-1.365945 -0.839499
-1.306041 -0.617147
-1.376691 -0.805442
1.668622 -0.103202
0.159899 -2.159260
-0.528734 0.485364
0.261504 -1.991093
0.593542 -2.585732
0.225756 -1.888261
0.240330 -1.995211
0.390727 -2.173160
0.444324 -2.214534
1.925562 -0.041548
-0.193614 2.127257
-1.177536 -1.140441
-0.395512 0.220595
