494 2
0.980498 -1.696361
-0.897215 0.986022
-3.712818 0.489325
-0.180241 2.531286
-0.224630 2.469069
-0.991271 0.761326
-0.087116 -3.045479
-0.117935 -3.054224
1.867268 -2.120981
0.308301 -2.154065
-0.388402 -3.089826
1.583284 4.688778
1.495010 4.583151
1.101955 -1.886510
1.532571 4.636269
1.562661 4.642461
-0.150822 -2.935241
1.674165 2.347172
1.761865 2.339564
0.594182 -0.701422
0.554262 -0.782913
0.430532 -0.778466
0.475472 -0.886470
-0.890027 0.986797
1.121256 -1.890072
1.413600 4.472036
1.512346 4.353485
1.423158 4.450297
0.487549 -0.565919
2.042689 -2.245650
2.043388 -2.249137
1.325821 -0.373111
1.147348 -0.559007
1.319503 -0.375077
-1.852692 -1.947504
1.112689 -1.893863
-1.864402 -1.964302
-1.866297 -1.959654
-1.611265 -1.758513
-1.293051 -1.490328
2.482120 3.935575
-1.749446 -1.857086
-1.679554 -1.819336
-1.314426 1.878996
-4.064735 0.003001
2.450838 3.953632
0.985662 -1.803166
-1.851141 -1.949081
-1.605600 -1.728387
-1.325522 -1.551287
-1.778526 -1.848407
-1.737070 -1.856161
0.039046 0.959529
-3.980906 0.034520
-4.280244 0.286552
-0.006862 1.829744
0.576762 1.865348
0.956254 -1.765082
1.966545 3.889303
1.974728 3.884592
1.809332 3.840141
2.004889 3.889420
2.115089 3.957340
0.893491 1.780612
1.130962 1.748625
-0.912839 0.744362
0.191060 0.858773
-0.079170 0.671413
0.699879 -2.016388
-4.820622 0.722643
-4.055844 -0.315235
-0.110997 -2.184469
-0.716248 -2.139403
-3.253420 -1.744657
-2.314768 -0.818350
-0.397201 -2.157387
2.376067 1.133711
2.350603 1.140226
1.430586 1.670561
-3.260964 -1.752520
0.859204 3.802284
0.878131 3.796506
0.867983 -0.901853
1.304660 3.540435
1.306688 3.464724
-3.011257 -1.285853
1.232060 -0.440053
-0.889682 2.091892
1.423284 4.542648
-0.297085 2.564688
0.969247 -1.756919
-0.298830 2.538365
0.864973 2.288802
0.196882 0.993951
0.171353 0.981895
0.197229 1.003223
0.803479 2.208222
1.428773 4.371559
-2.816574 -1.227595
-2.617097 0.114799
-2.627904 0.123123
0.732799 -2.035492
-0.326063 -3.118789
-0.360744 -3.302369
-0.380228 -3.323333
-0.370800 -3.325224
-0.318936 -3.155196
-0.307947 -3.172975
2.420278 4.124406
-2.770857 -1.284855
-1.326028 1.913803
0.592379 -2.138969
0.743611 2.128982
0.751144 -2.043893
-2.743474 -1.312207
0.656433 -0.281966
1.646547 3.986367
-0.592619 -0.139962
-0.516848 0.523803
-0.589063 -0.099550
-0.614195 -0.277167
-0.480786 0.524000
-0.469105 0.534720
2.526466 4.479698
2.448761 3.928593
2.514505 4.436702
-2.853533 -1.174195
-2.987499 -1.197245
-2.959098 -0.530428
-3.306868 -0.738795
-0.269681 1.940289
-0.237147 1.791401
-0.287241 1.966044
-0.295646 2.085172
-0.620855 0.287473
2.397027 4.004113
-3.102947 -1.452911
-3.501369 0.538558
0.513375 -1.425368
0.599153 -0.330058
1.012770 -0.493490
1.239921 -0.416238
2.039539 2.429817
2.035458 2.431024
-3.340768 0.704229
-3.380283 0.655854
1.273140 1.716456
-1.211365 -1.813213
-0.314075 2.382619
-0.281195 2.470016
-0.335491 2.384139
-0.311182 2.247219
-0.394066 0.348170
-0.035722 0.699714
1.865498 1.391973
-1.667533 1.506636
-3.419333 0.416866
1.242499 1.721628
2.189973 4.041019
-0.954950 -1.311385
1.722328 2.952379
1.759269 2.932453
0.022044 0.889738
0.146322 -2.175920
0.565001 -0.112435
0.244880 1.055571
0.290286 1.186603
0.303893 1.225098
0.673244 -0.221323
0.286527 1.193515
-3.699957 0.003618
1.558169 -1.960121
1.765850 -2.063547
1.871508 -2.128257
1.746697 -2.056173
0.048272 -3.011346
-0.825978 -1.250678
-0.809148 -1.247734
-0.776967 -1.252276
0.797132 -0.735088
-0.733766 -1.230520
-4.173519 0.097871
-0.074152 -2.971888
1.427402 4.245502
1.397460 4.381727
0.069711 -3.025417
0.818618 -1.528607
-3.497982 0.154338
-3.495046 0.158191
0.056897 0.515134
0.770555 -0.739536
-0.804878 0.198453
-0.818507 0.129548
-0.830709 0.115338
-0.809074 0.106049
0.522172 -1.103338
-3.077285 0.573175
-0.542933 1.211385
-0.678629 -0.599415
-0.666755 -0.594815
0.569252 -2.117328
-4.122587 0.658602
0.480073 -2.053176
0.999580 -0.481480
-0.663352 0.504114
1.276564 3.209636
1.205132 3.318087
0.148507 2.637894
1.373474 3.126304
1.278915 3.188251
0.531327 2.936122
0.394072 2.839745
0.876499 2.298217
0.509362 2.918944
0.390744 2.840820
1.831304 1.472646
1.827770 1.480925
0.982705 0.461869
1.707669 4.464627
1.699407 4.302359
1.664889 4.516688
1.724754 4.469538
-0.018618 0.766770
-0.856727 0.999916
0.857375 2.279038
-1.179991 0.786170
-1.352115 0.818540
-1.353653 0.801992
-1.415510 0.853116
-1.447119 0.859510
-1.059067 0.651600
-4.193782 0.567345
-0.011087 0.623276
1.632414 3.001662
-1.191623 0.302154
-3.097265 -1.443393
-1.656991 -0.080329
-1.443795 0.130603
-1.586461 0.027598
-1.497866 0.044001
-3.139916 0.613719
-4.064015 0.692042
-1.409593 0.125869
-1.561617 0.048669
-1.505104 0.030148
-2.056285 -0.294563
-1.718722 1.558928
-2.204870 -0.194483
-1.575483 1.420741
-1.507014 1.330416
1.583718 1.630375
1.560867 1.636020
-3.062908 0.283367
1.036150 3.736220
1.063007 3.726624
2.271116 4.140961
1.910023 1.244131
-1.738752 1.587814
1.892353 1.250046
-4.516721 0.547414
0.329660 0.322888
0.548066 -2.090210
-4.427365 0.501415
0.025044 -3.009519
-0.250642 -2.897035
-2.977754 0.478664
0.009884 1.131885
-1.241783 1.844801
-3.513753 0.580417
-2.311150 -0.811420
0.009241 1.140431
-0.294967 -2.900123
2.367663 1.136069
0.428286 -1.252705
0.379261 -0.978103
0.327685 -0.753125
0.406660 -1.321717
0.357271 -0.956016
0.400499 -1.294032
1.663366 1.595285
0.352501 -0.989800
0.410375 -1.198342
0.234574 -1.229693
1.858164 2.376830
-3.995282 -0.254691
1.985276 -2.202867
-0.448425 0.638998
-0.486226 0.787053
-0.411963 0.676860
-0.485841 0.805449
-4.100370 0.055915
-0.473552 0.693627
-0.499783 0.810694
-3.665758 0.013867
-1.329539 1.932181
1.302027 -0.608126
-3.217346 -1.671840
-3.192359 -1.626581
-1.173660 -0.470639
-0.151676 0.550095
-1.155085 -0.461054
0.391348 -1.835152
-1.381936 -0.668719
-0.073522 0.609137
0.036255 0.566945
-0.081589 -3.215132
0.490047 -1.021376
-3.147590 -1.552791
0.462831 -0.551144
-0.109869 -2.945418
-0.510413 -2.764629
-0.439326 -3.043085
0.343724 -2.009917
-0.449566 -2.232389
-0.541222 -3.004419
-0.515129 -2.789349
-0.521409 -3.013489
1.962215 -2.185048
-1.354558 -1.526455
-2.167112 -0.797433
0.244473 0.910394
0.232962 0.919209
-3.421664 -0.627718
-0.053953 -2.173455
-1.061367 0.340601
0.198282 0.547386
-3.700272 -0.260000
-2.975967 0.483625
0.438190 -0.941869
2.393440 4.338913
0.684128 2.028286
0.439215 -1.689151
-0.300550 0.608307
2.241623 1.161657
1.774444 2.339846
1.144202 3.707909
-2.349822 -0.090228
0.140428 -2.081651
0.184920 -1.859849
0.160407 0.513861
-4.180442 -0.395420
-4.153317 -0.381369
0.642065 -1.384853
0.006948 -3.229667
1.557826 3.025602
-4.797780 0.698860
0.975696 3.758118
-3.933623 0.372927
-3.913572 0.350421
1.161315 3.723688
-0.307825 -2.549754
-0.312602 -2.587294
-0.268165 -2.907696
-0.320930 -2.287060
-4.763101 0.674103
1.740808 1.551546
2.012988 2.427445
1.319124 3.446756
-3.397326 0.210147
-3.365479 0.297344
-2.294525 -0.814007
1.990612 2.428365
0.688778 -0.225883
-3.221664 -1.685108
0.078853 -3.138049
-3.923962 0.726688
-0.983863 0.855557
-0.540239 -1.847289
0.014231 2.591595
-0.804776 -1.057261
-0.689812 1.127697
0.591215 1.868175
-4.195379 0.381842
-3.372302 0.484817
-3.548014 0.592509
-4.016272 0.275604
1.279139 -0.599780
-3.574129 -0.443900
-3.035694 -0.970534
1.416734 3.801044
2.059417 1.157473
2.065783 1.194366
-4.257632 0.193314
-3.050376 -1.352830
0.976382 0.424259
1.058844 0.380300
0.986999 0.435946
1.170984 0.356481
0.713900 0.454319
1.132678 0.376232
1.338873 -1.846386
0.739856 0.461869
0.759367 0.454381
0.735106 0.471206
0.803921 -0.128783
1.060572 0.419102
2.017408 4.438425
2.395039 4.502643
2.043593 4.447271
2.413922 4.509658
2.419080 4.518822
1.370861 3.644720
2.428133 4.483828
2.427644 4.493165
2.435137 4.545916
-3.014918 -1.276039
2.472983 4.317510
-0.893889 -1.263919
-0.947722 -1.190197
-1.226513 -2.136604
-1.445232 -1.934734
-0.841801 -2.192786
-0.709250 0.519877
-0.950219 -2.212803
-1.152255 -2.171468
-1.437139 -1.893844
-1.442319 -1.893403
-1.444834 -1.889262
-1.429890 -1.924207
-1.428361 -1.917608
-1.498852 -1.894459
-0.659128 -0.566917
-0.970796 -1.195660
1.677925 1.173723
-0.960648 -1.117228
-0.938882 -1.045124
-1.018464 -1.108650
-1.023856 -1.097513
-1.044719 -1.098916
-0.926364 -1.021688
-1.631301 -1.754663
-1.640573 0.878465
-1.799240 0.902169
-1.745683 0.898859
1.852637 1.248785
-1.803137 0.898951
-1.760276 0.902895
-1.452357 0.841668
-1.535663 0.862935
0.593013 1.867501
1.501891 3.050914
0.699868 2.064270
-0.953797 0.210039
-4.130068 -0.368560
-3.569010 0.077884
0.560944 -0.376164
0.977092 -1.305588
0.279236 -0.682838
0.321616 -0.672866
0.266515 -0.690869
-3.240257 -1.715721
-4.698513 0.640747
1.313133 -0.616333
-2.871630 0.310956
-2.845971 0.308869
-3.755710 0.715334
-3.762628 0.775330
-2.041294 -0.872187
-2.719440 -0.752465
-2.062880 -0.875647
-2.086437 -0.810461
-0.866657 1.000637
-1.855157 -0.918514
-2.920778 -1.091418
-2.690634 -0.788438
-1.813035 -0.928111
-1.822297 -0.952509
-1.885432 -0.916867
1.367862 4.366409
1.377738 4.436439
-3.427811 -0.019914
-3.838001 -0.018388
-3.348083 0.286331
2.387571 4.406378
1.437739 3.081854
-2.258871 -0.810086
0.946939 -1.132207
0.621931 -0.620147
0.228261 -0.323258
-0.158781 0.038559
0.228891 -0.321706
-2.962277 0.298258
-1.413813 -1.360084
-0.503642 0.858156
-1.584584 -0.867954
-1.970801 -0.797302
-1.560744 -0.865795
-1.587678 -0.854144
-1.800865 -0.805596
-1.762253 -0.780222
-3.233586 0.283622
0.790956 1.797277
0.664917 -0.250203
-0.878746 0.459335
