494 2
2.418636 -1.300637
-0.341326 0.684456
-2.841839 -0.335274
-0.970985 1.834353
-0.949421 1.836384
-0.364144 0.270432
1.621785 -3.035370
1.695725 -3.022758
3.435847 -1.242881
1.934669 -2.004653
1.226984 -3.195835
-0.426537 4.401441
-0.424870 4.418783
2.538448 -1.509264
-0.421425 4.392089
-0.451927 4.372214
1.504959 -2.948973
-0.345665 2.974921
-0.293440 2.963715
1.464160 -0.540021
1.433487 -0.560939
1.279161 -0.442921
1.375248 -0.605429
-0.394964 0.608887
2.596725 -1.551554
-0.441884 4.211017
-0.602573 4.181338
-0.485280 4.202489
1.227110 -0.180494
3.619468 -1.215732
3.590691 -1.222537
1.588813 0.708737
1.473153 0.796424
1.620630 0.712989
-0.559851 -1.985546
2.600242 -1.552760
-0.559511 -1.975390
-0.567616 -1.978210
-0.176731 -1.921929
-0.177222 -2.250185
-1.642166 4.664808
-0.382648 -1.973044
-0.430671 -1.975589
-1.569697 0.870100
-3.161296 -0.935722
-1.624685 4.654917
2.405892 -1.411867
-0.556778 -1.976460
-0.196807 -1.925916
-0.193096 -2.201841
-0.404905 -1.995801
-0.460673 -1.986151
2.293567 0.112797
-3.045325 -0.940683
-3.433929 -0.684878
-0.047565 1.717691
0.173041 1.833663
2.400153 -1.378439
-1.376629 4.273491
-1.376530 4.290741
-1.227960 4.039572
-1.380945 4.265871
-1.407699 4.435542
0.418525 2.095461
0.546078 2.229373
-0.259478 0.586430
2.252707 0.208678
1.182491 0.007964
2.138364 -1.782813
-4.061972 -0.761956
-3.005936 -1.201432
1.415077 -2.111917
0.859306 -2.168474
-2.071800 -2.162567
0.990870 -1.596150
1.305423 -2.138036
0.660064 3.308740
0.653691 3.300151
0.750916 2.474336
-2.045627 -2.132516
-1.612424 3.631892
-1.580803 3.628080
2.036793 -0.652563
-0.861194 3.472832
-0.878605 3.372856
-1.849056 -1.668172
1.492687 0.704634
-1.246363 1.433560
-0.457779 4.272759
-1.044416 1.785176
2.395087 -1.418432
-1.013427 1.760222
0.980293 1.997647
2.337388 0.240315
2.331531 0.225320
2.302813 0.223168
0.878028 1.988107
-0.580786 4.139539
-1.619225 -1.567255
-1.743404 -0.479600
-1.773307 -0.466806
2.219905 -1.769769
1.356787 -3.186306
1.384597 -3.324529
1.381231 -3.395334
1.386531 -3.399210
1.350149 -3.211688
1.349606 -3.190709
-1.391673 4.814260
-1.539963 -1.625727
-1.577340 0.901253
2.072608 -1.788884
0.773107 1.977556
2.215534 -1.748586
-1.545293 -1.624852
2.111290 -0.512043
-0.938962 3.970492
0.091743 -0.900260
0.298891 0.161864
0.105880 -0.876389
0.047774 -1.085820
0.330594 0.139967
0.371723 0.108855
-1.250908 4.966866
-1.621506 4.640868
-1.244559 4.938776
-1.646798 -1.529778
-1.738534 -1.589689
-2.074667 -1.021473
-2.259164 -1.342964
-0.545092 1.567425
-0.384187 1.414119
-0.561836 1.539925
-0.617955 1.596034
-0.018249 0.395248
-1.555881 4.643621
-1.900313 -1.807911
-2.581092 -0.270508
1.740319 -1.149370
1.190287 0.217589
1.411715 0.619666
1.502683 0.681290
-0.104138 3.079715
-0.120483 3.066710
-2.488131 -0.062298
-2.458224 -0.091616
0.676715 2.358914
0.540675 -1.957815
-0.866172 1.692428
-0.964112 1.743883
-0.857935 1.680225
-0.758745 1.646988
0.806143 -0.052159
1.943350 -0.007677
0.507769 2.865634
-1.778234 0.519006
-2.508506 -0.362425
0.658846 2.339901
-1.342891 4.618931
-0.194746 -2.442190
-1.610361 2.928387
-1.617640 2.932042
2.187827 0.060298
1.554595 -2.094144
2.147689 -0.392119
2.366338 0.276288
2.492196 0.352741
2.518874 0.356030
1.230621 0.329810
2.522476 0.373175
-2.810687 -0.867954
3.124083 -1.273171
3.262248 -1.262838
3.437603 -1.244548
3.253453 -1.263774
1.712253 -2.935974
-0.107402 -2.424390
-0.139101 -2.505886
-0.067577 -2.501078
1.848003 -0.554437
-0.070885 -2.417045
-3.345345 -0.858581
1.613677 -2.944629
-0.628013 4.028134
-0.547360 4.098436
1.768468 -2.915341
2.022845 -1.178533
-2.569155 -0.613958
-2.587822 -0.618295
1.972604 0.012205
1.808596 -0.564098
-0.091279 0.105485
-0.030747 0.043019
-0.007712 0.004511
0.014244 0.036427
1.608445 -0.875165
-2.197492 -0.198224
-0.168753 0.852440
-0.000904 -1.442097
-0.022045 -1.514645
2.049780 -1.796953
-3.332624 -0.388937
2.014570 -1.790700
1.408302 0.639827
0.200816 0.167083
-1.039446 3.187162
-0.882173 3.254744
-0.833704 2.127608
-1.210145 3.112841
-1.102288 3.165516
-0.854551 2.902144
-0.831935 2.293279
0.961934 2.005388
-0.850014 2.920222
-0.832337 2.327775
0.677586 2.825053
0.679987 2.825067
0.617133 1.186724
-0.667250 4.472258
-0.834324 4.475264
-0.551863 4.442457
-0.675889 4.481418
2.035184 0.031128
-0.331672 0.681114
0.947947 2.000192
-0.550727 0.271951
-0.725509 0.320202
-0.700986 0.312761
-0.669379 0.295192
-0.695087 0.313684
-0.269307 0.169907
-3.386551 -0.455491
1.860034 -0.031750
-1.536677 2.974014
-0.413443 -0.006504
-1.859282 -1.880605
-0.610057 -0.404147
-0.539927 -0.350525
-0.517538 -0.298441
-0.523251 -0.239683
-2.346916 -0.126658
-3.164299 -0.257942
-0.554189 -0.319160
-0.533502 -0.285722
-0.536250 -0.255841
-0.890262 -0.760572
-1.803999 0.549256
-1.068771 -0.686472
-1.744006 0.488588
-1.646127 0.488553
0.826097 2.571470
0.804360 2.589866
-2.191121 -0.474416
-1.478742 3.592418
-1.473898 3.622630
-1.279730 4.770480
0.429567 2.864964
-1.828605 0.588376
0.415950 2.869461
-3.762491 -0.682433
2.134375 -0.216349
2.084400 -1.866208
-3.617208 -0.638103
1.708975 -2.917928
1.438317 -2.954909
-2.047284 -0.239938
2.387472 0.100535
-1.565713 0.810891
-2.589995 -0.238479
0.986099 -1.591108
2.457233 0.100939
1.368172 -2.980464
0.685683 3.342980
1.569291 -0.993824
1.325764 -0.644984
1.322832 -0.477944
1.594004 -1.010225
1.333168 -0.677351
1.571719 -1.003531
0.781182 2.692960
1.343049 -0.666979
1.565762 -0.836793
1.185029 -1.037018
-0.197981 2.983545
-2.926333 -1.080662
3.559452 -1.228888
0.571683 0.136919
0.605848 0.193531
0.577719 0.145088
0.619945 0.217455
-3.272033 -0.897919
0.579495 0.125703
0.637404 0.238176
-2.768541 -0.796090
-1.577465 0.910523
1.517237 0.943004
-1.960054 -1.979964
-1.985899 -2.006613
0.952562 -0.596296
1.351329 -0.074764
0.939944 -0.596681
1.848437 -1.637240
0.706628 -0.944009
1.893545 0.005690
1.868387 -0.023805
1.534237 -3.200818
1.507221 -0.777458
-1.923868 -1.937025
1.270053 0.148570
1.593324 -2.939234
0.994245 -2.795287
1.188192 -3.130686
1.839975 -1.812184
0.946639 -2.625621
1.111775 -3.231539
1.010919 -2.811064
1.115889 -3.217325
3.524944 -1.233250
0.509420 -1.621200
0.825027 -1.420508
2.214839 0.282537
2.193858 0.301939
-2.383456 -1.294732
1.439055 -2.192765
-0.337317 0.113856
2.087439 -0.024610
-2.628033 -1.132407
-2.078032 -0.264833
1.468414 -0.380973
-1.212606 4.880664
0.432614 1.903190
1.829420 -1.488905
0.841403 0.029472
0.586440 3.208915
-0.279987 3.003708
-1.346209 3.660400
-1.333952 -0.596523
1.624092 -2.427081
1.443011 -1.799071
2.094009 -0.020820
-3.099174 -1.349730
-3.079883 -1.326768
1.826053 -1.122190
1.644424 -3.152080
-1.496614 2.987070
-4.038988 -0.755835
-1.538259 3.621764
-2.963615 -0.436758
-2.957182 -0.456221
-1.340677 3.647475
1.265532 -2.660033
1.264008 -2.697692
1.371774 -2.962660
1.157107 -2.388470
-3.954096 -0.731826
0.734378 2.774476
-0.165577 3.036749
-0.879118 3.332472
-2.358151 -0.577482
-2.414962 -0.474927
0.969803 -1.570555
-0.176988 3.037788
1.227794 0.348392
-2.022991 -2.068194
1.702950 -3.043495
-3.035362 -0.182244
-0.430046 0.492258
0.780392 -2.489878
-0.848875 1.982108
-0.044924 -2.226655
-0.239925 0.826576
0.183468 1.835962
-3.426180 -0.609503
-2.189714 0.020738
-2.712078 -0.170515
-3.086212 -0.622299
1.516188 0.912862
-2.468538 -1.250356
-1.895341 -1.412356
-0.820957 3.745614
0.462127 3.021041
0.502920 3.067769
-3.394341 -0.803360
-1.799605 -1.775694
0.495036 1.083967
0.616822 1.160049
0.601168 1.163603
0.657675 1.247185
0.348533 0.972917
0.646555 1.223483
2.915069 -1.281731
0.331373 0.968849
0.334681 0.970887
0.316406 0.959299
1.089666 0.367674
0.669131 1.192144
-0.932882 4.688125
-1.104012 4.915560
-0.938336 4.747366
-1.099579 4.965148
-1.116147 4.979554
-1.181392 3.700788
-1.093111 4.969120
-1.086498 4.973623
-1.094665 4.952580
-1.827500 -1.621013
-1.307732 4.885966
-0.211851 -2.619540
-0.271224 -2.738348
0.212553 -2.093443
0.147697 -1.985997
0.723209 -2.169913
0.008599 0.154044
0.617695 -2.151689
0.400761 -2.116376
0.181719 -1.958714
0.153626 -1.961400
0.191777 -1.961214
0.195904 -1.974652
0.167256 -1.963038
0.055598 -1.997978
-0.004839 -1.487060
-0.262595 -2.661892
0.185471 2.748499
-0.313725 -2.790528
-0.318290 -2.837919
-0.326288 -2.792717
-0.319690 -2.807349
-0.388426 -2.863389
-0.335830 -2.841194
-0.175393 -1.963302
-0.970132 0.269037
-1.099808 0.220690
-1.061810 0.241190
0.408657 2.875859
-1.110952 0.214899
-1.088740 0.229631
-0.857193 0.292882
-0.871732 0.283085
0.173262 1.836192
-1.409774 3.026113
0.575671 1.937198
-0.221650 0.026387
-3.054226 -1.274979
-2.684369 -0.703723
1.203051 0.061058
2.318751 -1.194734
1.257466 -0.038119
1.271165 -0.015906
1.230376 -0.109421
-2.067297 -2.144346
-3.881602 -0.714213
1.522613 0.883625
-1.920086 -0.418799
-1.952418 -0.398181
-2.886014 -0.137760
-2.882385 -0.096713
-0.573605 -1.015112
-1.737468 -1.178257
-0.624298 -1.005545
-0.730842 -1.011067
-0.324789 0.713663
0.365227 -1.076234
-1.703203 -1.477718
-1.678641 -1.200314
0.356698 -1.066628
0.293941 -1.061007
0.354877 -1.068157
-0.592218 4.083164
-0.514382 4.101538
-2.387658 -0.899359
-2.827361 -0.950810
-2.432262 -0.457235
-1.148078 4.942996
-1.294047 3.069877
0.902938 -1.494648
2.212864 -0.916721
1.526069 -0.516194
1.172679 -0.317504
0.902770 -0.144951
1.196630 -0.335471
-2.058561 -0.460514
0.525281 -1.408491
-0.036524 0.681061
0.542192 -1.142233
0.757332 -1.355450
0.525432 -1.154565
0.586405 -1.123358
0.639649 -1.235037
0.642816 -1.248667
-2.291345 -0.465490
0.350405 2.034953
1.209234 0.268827
-0.213737 0.423023
