494 2
-1.042410 -2.817006
0.400991 0.421772
-0.700551 3.052356
1.636865 1.177729
1.680563 1.150758
0.072665 0.420837
-2.836484 -2.052773
-2.851026 -2.056465
-0.832777 -3.799426
-1.853580 -2.208393
-3.021073 -1.725187
3.652746 1.872853
3.656385 1.866385
-1.264440 -2.833910
3.671361 1.902677
3.663215 1.860801
-2.720306 -1.969795
2.668864 0.122285
2.723885 0.070016
-0.195339 -1.864864
-0.143250 -1.961982
0.086198 -2.006391
-0.101019 -2.018050
0.332884 0.469497
-1.267660 -2.866937
3.427907 1.831734
3.524175 1.620072
3.496079 1.780862
0.156645 -1.950142
-0.754678 -3.956456
-0.767827 -3.937455
0.832770 -2.436083
0.915806 -2.317513
0.850927 -2.483452
-2.809756 0.212984
-1.279779 -2.892780
-2.796673 0.224871
-2.836090 0.240140
-2.535938 0.064652
-2.216110 0.031663
4.425390 0.881076
-2.752126 0.199396
-2.677208 0.145864
0.729668 1.707504
-1.300407 3.284247
4.416369 0.912718
-1.190118 -2.728826
-2.783890 0.206297
-2.541022 0.075484
-2.175691 0.053804
-2.747845 0.210596
-2.697156 0.175474
-0.982090 -1.074240
-1.294635 3.258722
-1.124256 3.530739
1.372808 0.492635
1.588538 0.390880
-1.201070 -2.700100
3.953326 1.057517
3.988500 1.054801
3.860063 1.111073
3.967469 1.041499
4.086185 1.054417
1.860281 0.044763
1.961522 -0.080082
0.301285 0.263460
-0.798833 -1.120899
-0.626572 -0.868787
-1.630125 -2.435034
-1.092323 4.245105
-1.571465 3.148102
-2.118560 -1.661036
-2.388475 -1.194617
-2.297516 2.010224
-1.835453 -1.024654
-2.191478 -1.440848
2.495873 -1.297579
2.477726 -1.274717
2.121566 -0.270229
-2.286356 2.004807
3.622988 0.480944
3.566111 0.537168
-0.711504 -1.933036
3.017574 0.955881
3.007700 1.003022
-1.799586 1.753232
0.783077 -2.365528
0.907457 1.509557
3.556386 1.853451
1.494730 1.317650
-1.189778 -2.743851
1.527979 1.266917
2.073756 0.508219
-0.954873 -1.189572
-0.994409 -1.204738
-0.965507 -1.202156
1.986798 0.461734
3.429976 1.673625
-1.796347 1.526873
-0.665375 1.721390
-0.658408 1.725413
-1.613986 -2.462912
-2.981694 -1.852686
-3.182148 -1.845119
-3.222084 -1.844362
-3.239774 -1.848382
-3.026006 -1.846002
-3.065589 -1.836879
4.417700 1.096086
-1.845086 1.503468
0.732427 1.727674
-1.729227 -2.501587
1.925023 0.440986
-1.600722 -2.464950
-1.862511 1.492357
-0.728814 -1.772160
3.785134 1.185275
-0.794956 -0.193194
-0.268956 -0.236269
-0.699426 -0.208050
-1.038561 -0.165826
-0.320566 -0.240139
-0.302718 -0.237653
4.632432 1.353179
4.399481 0.934146
4.580127 1.292975
-1.747193 1.573100
-1.673518 1.709736
-1.381113 1.971593
-1.551349 2.110634
1.269380 0.813677
1.171049 0.549739
1.249742 0.781797
1.310006 0.903916
0.365209 -0.229891
4.344997 0.997886
-1.995492 1.843091
-0.566260 2.792639
-0.673514 -2.328320
0.492847 -1.795002
0.734901 -2.209759
0.800924 -2.372105
2.891530 -0.159912
2.883367 -0.154809
-0.377344 2.823834
-0.372354 2.810693
2.051495 -0.186807
-2.371147 -0.533872
1.461391 1.138328
1.537529 1.209359
1.460244 1.166137
1.355178 0.992183
-0.187032 -0.525157
-0.764986 -0.824023
2.325992 -0.864714
0.095708 1.849154
-0.630415 2.721512
2.051260 -0.182829
4.283336 1.167819
-1.956197 0.060410
3.560691 -0.017208
3.568932 -0.029865
-0.897211 -0.965000
-2.012723 -1.947815
-0.733741 -1.640132
-0.903907 -1.229567
-0.975198 -1.432658
-0.963377 -1.447833
0.656628 -1.757926
-0.986051 -1.446169
-1.151446 2.873125
-0.923418 -3.371803
-0.860544 -3.629701
-0.830273 -3.806587
-0.879810 -3.556576
-2.677871 -2.183519
-1.895060 0.031385
-1.915250 -0.019965
-1.868029 -0.032520
-0.572603 -1.915763
-1.895564 -0.010045
-1.234998 3.459291
-2.758406 -2.065727
3.351808 1.544477
3.422341 1.733896
-2.725198 -2.227571
-0.842094 -2.717808
-0.859362 2.679053
-0.841814 2.686359
-0.673042 -0.985682
-0.527167 -1.882367
0.048216 -0.069755
0.075085 -0.041336
0.064269 -0.023144
0.087259 -0.053563
-0.341750 -2.229290
-0.322465 2.636539
0.429270 0.150881
-1.313583 -0.137629
-1.337915 -0.144324
-1.718133 -2.491892
-0.761655 3.502447
-1.698624 -2.324922
0.734334 -2.191442
-0.222796 -0.151132
3.049310 0.637658
2.955297 0.786912
1.943527 1.009127
3.108303 0.454904
3.055897 0.577984
2.232240 0.926506
2.254499 0.915347
2.075617 0.516606
2.243032 0.926065
2.323768 0.891608
2.313567 -0.705655
2.312253 -0.726084
1.040808 -1.007692
3.787970 1.623463
3.771674 1.489612
3.732285 1.742020
3.837094 1.605766
-0.821281 -0.882434
0.376189 0.390056
2.060094 0.503548
0.000982 0.501998
-0.030976 0.818727
-0.031271 0.813695
0.035167 0.890027
0.018363 0.924670
-0.024348 0.415645
-0.898527 3.550696
-0.725852 -0.813817
3.532946 0.020509
-0.088124 0.409457
-1.959072 1.808006
-0.640674 0.663001
-0.551428 0.659132
-0.334816 0.518560
-0.535542 0.649086
-0.333768 2.713505
-0.686665 3.448938
-0.530376 0.625979
-0.332609 0.523840
-0.561009 0.657222
-0.980519 0.891714
0.069664 1.898323
-0.817210 1.228432
0.121762 1.785860
0.158630 1.685881
2.235849 -0.413430
2.222006 -0.407588
-0.625782 2.285476
3.514125 0.608897
3.531237 0.599638
4.401109 1.256830
2.274240 -1.037143
0.045810 1.934329
2.292043 -1.010498
-1.043050 3.875705
-0.731422 -1.375191
-1.737019 -2.349923
-1.036448 3.701638
-2.713164 -2.182523
-2.685523 -1.928808
-0.393965 2.363350
-1.133782 -1.077971
0.751713 1.590351
-0.535545 2.812459
-1.845424 -1.037264
-1.165183 -1.069080
-2.686286 -1.876873
2.470706 -1.268106
-0.313407 -2.231000
-0.024773 -2.101193
0.144857 -2.110918
-0.291790 -2.228609
-0.021887 -2.133145
-0.304295 -2.233146
2.249738 -0.506725
-0.022828 -2.099334
0.088852 -2.170103
-0.489140 -2.099296
2.808501 -0.070918
-1.472427 3.078886
-0.835679 -3.850353
-0.251303 -0.538857
-0.192511 -0.613739
-0.260684 -0.529088
-0.163469 -0.652400
-1.265702 3.360004
-0.275036 -0.524173
-0.182452 -0.641572
-1.064400 2.818056
0.737082 1.730978
0.956285 -2.359605
-2.162502 1.922893
-2.118662 1.898119
-0.907089 -0.604012
-0.674953 -0.750718
-0.877703 -0.596999
-1.258423 -2.297251
-1.166833 -0.530923
-0.743778 -0.851930
-0.681811 -0.912707
-3.021305 -1.984359
-0.144124 -2.159806
-2.069049 1.866102
0.486717 -1.991353
-2.739202 -2.026008
-2.720091 -1.438171
-2.977277 -1.683798
-1.699204 -2.211235
-2.450366 -1.333853
-3.079290 -1.551241
-2.755791 -1.416895
-3.023478 -1.606985
-0.815144 -3.869999
-2.230397 -0.552570
-1.729447 -0.845668
-0.895668 -1.200937
-0.984556 -1.248804
-1.512097 2.287183
-2.062973 -1.780827
0.037842 0.321078
-0.724177 -1.094479
-1.330403 2.754815
-0.393041 2.341913
0.222949 -2.114477
4.471476 1.322600
1.746794 0.415103
-0.983303 -2.331711
-0.359572 -0.655266
2.426357 -1.187627
2.734657 0.059809
3.462257 0.697119
-0.716222 1.534393
-1.350068 -2.138715
-0.742442 -2.123743
-0.662407 -1.049079
-1.665674 3.229451
-1.660293 3.216476
-0.508774 -2.348863
-2.980504 -2.129747
3.454527 0.096782
-1.086701 4.206033
3.568102 0.548572
-0.872678 3.151186
-0.852063 3.137475
3.534469 0.739125
-2.469123 -1.596486
-2.471172 -1.662956
-2.716444 -1.842103
-2.385882 -1.430751
-1.075384 4.123744
2.278557 -0.594219
2.832255 -0.106552
3.009629 0.992628
-0.796802 2.574853
-0.761915 2.615215
-1.835581 -1.021381
2.828824 -0.105074
0.674324 -1.745146
-2.190511 1.937460
-2.901187 -2.194123
-0.537889 3.251244
0.269836 0.462954
-2.133963 -0.842165
1.775473 1.046007
-1.674277 -0.084770
0.421973 0.308636
1.584981 0.364564
-1.020923 3.532380
-0.507113 2.552051
-0.525783 2.954909
-1.042893 3.250467
0.962907 -2.363691
-1.437660 2.509878
-1.599343 1.812438
3.131551 0.955544
2.392140 -1.124861
2.386814 -1.101887
-1.175467 3.520577
-1.819984 1.746395
0.843435 -0.788121
0.993611 -0.952766
0.962440 -0.978497
1.060751 -1.022996
0.587154 -0.466845
1.045695 -0.985393
-0.972669 -3.168723
0.624466 -0.489647
0.608219 -0.472447
0.601526 -0.477946
0.459026 -1.583402
0.988735 -1.085549
3.946003 1.472640
4.458493 1.428905
3.979226 1.470611
4.513309 1.473086
4.496896 1.418847
3.239011 0.815313
4.518633 1.421819
4.473043 1.436185
4.468364 1.433031
-1.813381 1.759130
4.503912 1.265729
-1.944011 0.135793
-1.966867 0.230286
-2.666170 -0.370272
-2.621908 -0.231877
-2.462564 -0.954383
-0.165766 -0.093927
-2.547692 -0.767246
-2.605056 -0.610004
-2.522939 -0.323656
-2.556466 -0.259408
-2.558716 -0.306342
-2.568181 -0.244575
-2.469211 -0.291834
-2.649513 -0.151442
-1.348705 -0.143264
-1.981860 0.193168
2.194857 -0.453799
-2.003413 0.304360
-2.014893 0.388919
-2.030008 0.316131
-2.038421 0.339262
-2.037133 0.331071
-2.012957 0.374714
-2.617334 0.077236
-0.024005 1.017848
-0.072664 1.216232
-0.043125 1.138017
2.316435 -0.926969
-0.093102 1.260765
-0.019715 1.147588
-0.057050 0.967888
0.010169 0.963026
1.602628 0.358029
3.310601 0.242805
1.865635 0.427400
-0.020599 0.225363
-1.615177 3.181337
-0.957963 2.757488
0.402992 -1.842421
-1.118049 -2.603215
0.359965 -2.130840
0.347616 -2.093138
0.370004 -2.155203
-2.268614 1.989395
-1.057404 3.992712
0.958847 -2.361628
-0.543328 2.142181
-0.537215 2.142296
-0.501745 3.148055
-0.470734 3.151599
-1.334788 0.605486
-1.492043 1.722722
-1.353645 0.616033
-1.272796 0.674948
0.369348 0.380753
-1.334560 0.474702
-1.613037 1.699025
-1.471485 1.669690
-1.349084 0.477143
-1.364955 0.506563
-1.356258 0.494571
3.344635 1.653067
3.394038 1.713953
-1.159341 2.571303
-1.244239 2.871332
-0.755053 2.583956
4.473465 1.362066
3.210614 0.351750
-1.813672 -0.977010
-0.956498 -2.393947
-0.181876 -1.744796
-0.208950 -1.508467
-0.185752 -1.310821
-0.202567 -1.540902
-0.583740 2.203414
-1.813157 -0.490564
0.271050 0.022919
-1.581267 -0.453403
-1.670861 -0.746448
-1.542653 -0.427292
-1.519858 -0.428401
-1.602177 -0.612489
-1.580358 -0.654066
-0.688586 2.492761
1.725600 0.207765
0.565928 -1.794606
0.227441 0.206310
