494 2
-0.304270 -2.823879
-0.290144 0.765521
1.875336 2.665934
-1.027942 1.934293
-1.005396 1.937782
0.013605 0.720167
1.453581 -3.066860
1.501979 -3.081003
-0.714889 -3.514155
0.888286 -2.491783
1.868241 -2.757661
-2.232681 3.567630
-2.227507 3.564654
-0.242145 -2.940581
-2.246790 3.581859
-2.263859 3.514248
1.560519 -3.033691
-2.235545 1.793607
-2.343677 1.677500
-0.515382 -1.827375
-0.380152 -1.941739
-0.306382 -1.854634
-0.298153 -1.980008
-0.206243 0.798824
-0.224251 -2.949833
-2.203878 3.350228
-2.373564 3.283455
-2.266112 3.371162
-0.366105 -1.787500
-0.860526 -3.759184
-0.840248 -3.728909
0.167485 -1.214219
0.022036 -1.320862
0.152080 -1.219050
2.553829 -1.081212
-0.256934 -2.957874
2.538270 -1.084064
2.538710 -1.070564
2.226733 -1.063111
2.027004 -1.026131
-3.431229 3.243641
2.432323 -1.058372
2.417966 -1.053967
0.003388 2.033016
2.502754 2.542868
-3.414932 3.231711
-0.237689 -2.786823
2.495304 -1.069581
2.222290 -1.100383
1.988824 -1.036460
2.483240 -1.015322
2.412592 -1.044606
-0.814064 -0.594998
2.508534 2.561199
2.397343 3.014813
-1.048164 0.934175
-1.657271 0.852737
-0.250759 -2.788453
-3.023427 3.067368
-3.045486 3.075320
-2.799429 2.950085
-3.038502 3.070417
-3.174469 3.162849
-2.125349 0.729039
-2.382616 0.637243
-0.212329 0.634372
-0.649268 -0.437822
-0.377041 -0.345443
0.521663 -2.656006
2.484777 3.612743
2.810562 2.446579
1.245283 -2.273725
1.583223 -2.026950
3.123336 0.948756
2.556933 -0.136482
1.380183 -2.158456
-2.873730 -0.368572
-2.845932 -0.342862
-2.598275 0.531388
3.107488 0.945711
-2.981113 2.388143
-2.957828 2.390482
-0.693438 -1.910340
-2.245665 2.518146
-2.271194 2.501479
2.590024 0.895838
0.134617 -1.245136
-0.432743 1.945427
-2.263666 3.433510
-0.969237 1.889877
-0.271404 -2.754623
-0.963073 1.846921
-1.981340 1.021012
-0.817632 -0.514400
-0.859654 -0.519706
-0.840572 -0.513458
-1.914777 0.965204
-2.353947 3.242833
2.347285 1.057677
1.534564 1.534411
1.541949 1.598918
0.522487 -2.678860
1.807679 -2.946763
1.889217 -3.086785
1.950841 -3.126919
1.940207 -3.099849
1.769246 -2.956302
1.786975 -2.987278
-3.384509 3.459272
2.357100 1.086573
0.008046 2.067394
0.574318 -2.763854
-1.815405 0.913419
0.537798 -2.664060
2.369569 1.122971
-0.759226 -1.580825
-2.645267 3.039762
0.291440 -0.259859
0.068406 -0.063844
0.312067 -0.275696
0.510636 -0.437515
0.150417 -0.157283
0.158270 -0.172297
-3.351771 3.712182
-3.384785 3.254730
-3.319097 3.695860
2.303819 0.963959
2.435576 0.861148
2.097786 1.320924
2.414512 1.412742
-0.764450 1.183616
-0.723312 1.061901
-0.759661 1.209558
-0.816873 1.309007
-0.159438 0.303500
-3.314034 3.246725
2.749760 0.902264
1.782555 2.449340
0.080789 -2.289084
-0.526926 -1.525105
0.008718 -1.339328
0.110193 -1.266801
-2.580027 1.415488
-2.544637 1.459700
1.595112 2.425893
1.634067 2.441369
-2.523085 0.603340
1.924602 -1.116593
-0.918250 1.653040
-0.950198 1.786301
-0.913882 1.616830
-0.883884 1.510545
-0.179014 -0.078169
-0.340538 -0.592224
-2.647153 0.039311
0.400084 2.007313
1.855368 2.326419
-2.545255 0.566857
-3.234677 3.362692
1.342843 -1.023183
-3.017505 1.855132
-3.027445 1.854478
-0.576077 -0.602185
1.086664 -2.378104
-0.755508 -1.337180
-0.815732 -0.474652
-0.950158 -0.438202
-1.024465 -0.394188
-0.803881 -1.557377
-0.981548 -0.409474
2.340855 2.389890
-0.571822 -3.243625
-0.691313 -3.457763
-0.743978 -3.554336
-0.680284 -3.440036
1.335959 -3.038726
1.244356 -0.975274
1.239609 -0.959829
1.243532 -0.972942
-0.709304 -1.853579
1.281201 -0.998207
2.546560 2.795804
1.500539 -3.073394
-2.296633 3.101831
-2.238374 3.220495
1.342925 -3.060447
-0.211839 -2.608875
1.992052 2.283231
1.974880 2.277883
-0.448496 -0.600083
-0.675892 -1.847743
0.240302 0.166058
0.341595 0.179511
0.362982 0.187408
0.372488 0.174813
-0.222341 -2.100473
1.515226 1.979298
-0.510590 0.813189
0.935340 -0.764909
0.925241 -0.776663
0.575104 -2.700699
2.055608 3.085597
0.570753 -2.646319
-0.011752 -1.347370
0.106869 -0.007401
-2.424789 2.075474
-2.214203 2.203063
-1.296368 1.883384
-2.523372 2.037105
-2.429203 2.066138
-1.887204 2.102458
-1.911168 2.097003
-1.968004 0.991787
-1.821913 2.092734
-1.857221 2.081974
-2.759875 0.134314
-2.734158 0.123949
-1.468818 -0.194762
-2.529721 3.484428
-2.633541 3.363499
-2.353576 3.564425
-2.531287 3.462150
-0.436236 -0.574848
-0.264522 0.761347
-1.963499 0.994411
0.209078 0.787410
0.274932 0.957266
0.298415 1.021130
0.266248 1.005624
0.257523 1.039742
0.267035 0.641068
2.186849 3.110943
-0.298285 -0.593727
-2.948150 1.896930
0.447472 0.549837
2.744872 0.892031
0.900092 0.594174
0.730348 0.565523
0.770361 0.540695
0.778999 0.588835
1.525444 2.101271
1.976079 3.045502
0.681577 0.568770
0.709098 0.564412
0.718337 0.590701
1.596647 0.769716
0.433220 2.064092
1.531651 1.008456
0.364040 1.883661
0.296983 1.792927
-2.740016 0.445618
-2.720762 0.441073
1.742077 1.968354
-2.847430 2.415328
-2.827749 2.438517
-3.248062 3.482346
-2.525031 -0.100872
0.479314 2.116915
-2.520459 -0.083411
2.388803 3.360886
-0.690364 -1.061578
0.730086 -2.562988
2.328598 3.176565
1.368643 -3.083565
1.638013 -2.974657
1.523500 1.837890
-0.876038 -0.636537
-0.007659 1.914621
1.768369 2.466264
2.550412 -0.135443
-0.886683 -0.659547
1.650620 -2.940949
-2.862377 -0.359462
0.042878 -2.125504
-0.166246 -1.996355
-0.154591 -1.794029
0.043799 -2.136741
-0.188431 -1.956282
0.095194 -2.177834
-2.757357 0.363051
-0.163479 -2.006171
0.060908 -1.937481
0.203811 -2.143580
-2.438729 1.571592
2.686149 2.417783
-0.779357 -3.628029
-0.084271 -0.144830
-0.123522 -0.116821
-0.056741 -0.185023
-0.132157 -0.103578
2.542456 2.729619
-0.077345 -0.153799
-0.121766 -0.123618
2.171200 2.334907
0.015023 2.086251
0.006845 -1.270456
2.958449 0.919113
2.950336 0.919249
0.741661 -0.327356
-0.217701 -0.412455
0.775189 -0.322433
0.462413 -2.419879
1.386956 -0.228532
-0.380782 -0.544559
-0.275304 -0.569145
1.724993 -3.077826
-0.207851 -2.054758
2.875475 0.903444
-0.119057 -1.424438
1.535246 -3.037969
1.736330 -2.454898
1.879478 -2.722511
0.624919 -2.450843
1.466421 -2.129626
1.987383 -2.703583
1.757044 -2.475758
1.969676 -2.695760
-0.790158 -3.640938
1.858464 -0.836044
2.233711 -0.169035
-0.732241 -0.331757
-0.737297 -0.281251
2.460410 1.683293
0.961630 -2.336388
0.163548 0.533339
-0.584371 -0.747410
2.466230 2.082098
1.523237 1.843442
-0.015243 -1.695063
-3.265919 3.638041
-1.742473 0.877955
0.192492 -2.354147
-0.250187 -0.174721
-2.779864 -0.285360
-2.361766 1.644860
-2.721492 2.468868
1.522112 1.136597
0.972808 -2.745010
0.760111 -2.572582
-0.523954 -0.683793
3.011192 2.484572
2.985481 2.475888
-0.111818 -2.362936
1.575981 -3.147955
-2.862172 1.919918
2.478327 3.599547
-2.910026 2.410166
2.008474 2.760718
2.056099 2.742332
-2.688012 2.481767
1.556562 -2.613403
1.566297 -2.641085
1.638331 -2.939869
1.435959 -2.214609
2.462339 3.565064
-2.762633 0.238673
-2.503330 1.506981
-2.269551 2.483464
1.964043 2.327102
1.908272 2.259623
2.521061 -0.136719
-2.525030 1.479665
-0.865213 -1.555299
3.011265 0.912549
1.511302 -3.153434
1.851031 2.941582
-0.133897 0.797167
1.362063 -1.651017
-1.238442 1.917774
1.164844 -0.935467
-0.407698 0.797497
-1.673476 0.868316
2.294205 3.060708
1.667866 2.468732
1.744830 2.573807
2.243361 2.751584
0.047393 -1.298136
2.469220 1.869693
2.378981 1.266535
-2.322551 2.764927
-2.656381 -0.163211
-2.635164 -0.157636
2.480484 2.948920
2.556737 0.877819
-1.353646 -0.109331
-1.479424 -0.237060
-1.462873 -0.208623
-1.599427 -0.275984
-1.130089 0.058227
-1.549920 -0.261995
-0.475059 -3.075051
-1.148982 0.061395
-1.140954 0.084040
-1.129899 0.089507
-0.646753 -1.507769
-1.527403 -0.301458
-2.846571 3.570174
-3.179735 3.742269
-2.885242 3.606124
-3.173322 3.795483
-3.199035 3.814737
-2.549252 2.449287
-3.152903 3.789020
-3.174775 3.753493
-3.226554 3.813347
2.585909 0.889259
-3.378999 3.593160
1.311111 -1.090070
1.359394 -1.197345
2.130953 -1.483578
2.136203 -1.289953
1.758129 -1.955081
0.146561 0.089789
1.864996 -1.886324
1.976948 -1.784210
2.103610 -1.195294
2.107196 -1.239759
2.107434 -1.226019
2.114687 -1.230396
2.092348 -1.250951
2.164173 -1.316042
0.955045 -0.782533
1.354882 -1.143072
-2.210857 0.029897
1.387876 -1.261862
1.380824 -1.296744
1.448255 -1.313085
1.455785 -1.329280
1.474499 -1.325953
1.390334 -1.285365
2.232885 -1.061199
0.345763 1.163031
0.431844 1.325298
0.418780 1.287327
-2.549511 -0.080882
0.425050 1.321605
0.440298 1.326091
0.338381 1.111760
0.303872 1.103727
-1.666937 0.862631
-2.787496 1.942867
-1.779682 0.897154
0.393456 0.367079
2.924952 2.466538
2.118351 2.306414
-0.444030 -1.667544
-0.459797 -2.500749
-0.136811 -1.634450
-0.126349 -1.620108
-0.154466 -1.663892
3.082651 0.947913
2.430589 3.472040
0.089676 -1.300361
1.555912 1.699888
1.558171 1.698555
1.774747 2.799325
1.759848 2.795291
1.784297 0.341626
2.075274 0.850955
1.785509 0.369617
1.845056 0.630142
-0.288757 0.752927
1.741029 0.204852
2.251302 0.873297
2.067686 0.915596
1.732348 0.156290
1.710520 0.148050
1.731927 0.148238
-2.292736 3.154510
-2.233721 3.227730
2.221402 2.215619
2.419321 2.369417
1.878825 2.230810
-3.244904 3.691658
-2.661458 1.989006
2.410759 -0.151865
-0.650435 -2.088047
-0.539504 -1.749860
-0.542396 -1.312230
-0.484702 -1.141708
-0.538199 -1.369528
1.660271 1.845514
1.748800 -0.360443
-0.224588 0.296055
1.671749 -0.184971
2.083502 -0.175090
1.716443 -0.193592
1.682076 -0.184408
1.982684 -0.174181
1.947274 -0.165457
1.841951 2.121856
-1.919586 0.774266
-0.666906 -1.559452
-0.075297 0.514264
