494 2
0.607997 -2.370082
-0.467620 1.045513
-3.440657 1.349596
0.236791 2.112833
0.220987 2.081784
-0.631160 0.798567
-0.746335 -3.209957
-0.736765 -3.181452
1.186579 -3.017551
-0.283580 -2.464972
-1.085650 -3.260904
3.105541 2.734603
3.154074 2.739471
0.777615 -2.477510
3.179058 2.809754
3.131363 2.773792
-0.808699 -3.036326
1.591193 1.910490
1.702894 1.800847
0.246687 -1.423066
0.122411 -1.502213
-0.103442 -1.439877
0.036303 -1.513265
-0.514405 1.017375
0.836552 -2.498332
2.964709 2.831103
2.847594 2.878771
2.954481 2.790965
0.022815 -1.316464
1.346976 -3.163704
1.334385 -3.151652
-0.005561 -0.730250
-0.176400 -0.790682
-0.012755 -0.725686
-2.274959 -1.307502
0.852102 -2.499154
-2.313385 -1.354640
-2.312531 -1.338472
-2.011473 -1.300937
-1.656569 -0.855168
2.535174 3.987021
-2.156148 -1.336675
-2.192009 -1.309800
-0.784412 1.879979
-3.821225 0.835557
2.533639 3.919516
0.655652 -2.460151
-2.270415 -1.332439
-2.005116 -1.346098
-1.624174 -0.834661
-2.201591 -1.315241
-2.207132 -1.310727
1.212630 -0.317533
-3.772979 0.855514
-4.018057 1.162481
-0.076964 2.093025
-0.023910 2.933630
0.683103 -2.424483
2.415030 3.514944
2.412651 3.489877
2.362241 3.306682
2.427653 3.508207
2.516576 3.667151
0.227512 2.946009
0.353188 2.930824
-0.541755 0.805445
1.049384 -0.212182
0.492524 -0.107311
0.214472 -2.541400
-4.578386 1.515735
-3.832561 0.599816
-0.785397 -2.294509
-1.203356 -2.144186
-3.566769 -0.658397
-2.016419 -2.459101
-0.978723 -2.242997
1.320494 1.502247
1.331781 1.511802
0.579793 2.813536
-3.538364 -0.639674
1.680661 3.350303
1.703091 3.332901
0.707479 -1.501116
1.998787 2.569949
2.042159 2.592542
-3.105640 -0.452759
-0.065880 -0.779879
-0.411036 1.950848
3.076793 2.747841
0.063344 2.190146
0.687053 -2.454697
0.081978 2.173800
-0.176738 3.583560
1.260309 -0.219322
1.287581 -0.233086
1.321760 -0.246077
-0.156049 3.482050
2.769821 2.826061
-2.899348 -0.590137
-2.357866 0.828151
-2.372541 0.842837
0.240304 -2.551992
-0.984591 -3.281258
-1.073146 -3.490372
-1.077973 -3.507334
-1.090152 -3.489982
-0.999334 -3.334937
-0.987068 -3.310357
2.754241 3.898753
-2.926851 -0.672477
-0.823920 1.892915
0.156153 -2.625116
-0.140608 3.411957
0.221690 -2.555158
-2.924640 -0.701039
0.820570 -1.339550
2.457891 3.120984
-0.289986 0.081871
-0.144226 0.310631
-0.258081 0.115280
-0.488925 -0.057171
-0.057180 0.212074
-0.060434 0.170905
2.983822 3.907604
2.538394 3.925114
2.994512 3.873357
-2.891046 -0.498202
-3.027428 -0.434924
-2.903518 0.075194
-3.199311 0.033672
-0.069733 1.775699
-0.066750 1.749139
-0.099442 1.753916
-0.043963 1.831340
-0.590383 0.495023
2.539336 3.867127
-3.302515 -0.532862
-3.181056 1.293526
0.137521 -1.975286
0.160461 -1.191016
-0.094194 -0.854733
-0.046792 -0.775567
1.966764 1.466833
1.948935 1.493988
-2.956074 1.468475
-3.056983 1.439017
0.438950 2.924331
-1.441915 -1.762308
0.061766 2.027438
0.130591 2.108016
0.039787 2.019613
0.011385 1.964578
0.071993 0.015973
0.894767 -0.278477
1.067103 1.997291
-1.221959 1.739360
-3.129319 1.198716
0.464794 2.893503
2.640594 3.714603
-1.247093 -0.510661
2.419951 1.966129
2.446855 1.932561
1.123935 -0.297452
-0.594646 -2.370538
0.874705 -1.186624
1.254849 -0.161853
1.360276 -0.145884
1.410944 -0.134191
0.293428 -1.102376
1.404562 -0.137877
-3.567339 0.845411
1.044379 -2.870950
1.124207 -2.951017
1.202109 -3.028252
1.110127 -2.935400
-0.649159 -3.186737
-1.153952 -0.436397
-1.125016 -0.410257
-1.154498 -0.432269
0.599358 -1.495127
-1.170419 -0.425619
-3.958250 1.008384
-0.766014 -3.097217
2.676728 2.758953
2.797471 2.736576
-0.620680 -3.182892
0.516108 -2.259334
-3.212456 0.991521
-3.182140 1.004248
0.767125 -0.337207
0.573878 -1.469172
-0.588455 0.292101
-0.539187 0.321156
-0.533773 0.285143
-0.504698 0.348914
0.189942 -1.777873
-2.716142 1.314552
-0.186016 1.231538
-0.727955 -0.214898
-0.740856 -0.206075
0.092820 -2.632457
-3.874335 1.508560
0.079786 -2.586246
-0.096074 -0.848106
-0.246428 0.331384
1.942506 2.397983
1.771484 2.410729
0.720924 2.144886
2.062610 2.286134
1.978384 2.399442
1.081447 2.265988
0.950073 2.241259
-0.175297 3.591345
1.125003 2.275958
0.923497 2.220447
0.959480 2.345629
0.958454 2.340074
0.799242 1.011458
3.013617 3.004823
2.864943 3.136175
3.104276 2.870224
3.033526 3.034789
0.933335 -0.283025
-0.450237 1.010747
-0.172000 3.563224
-0.815788 0.876280
-0.916518 0.941952
-0.922285 0.929684
-0.918195 0.977413
-0.919368 1.004919
-0.704474 0.658984
-3.947764 1.415486
0.792726 -0.317136
2.380524 2.006287
-0.956531 0.481558
-3.323763 -0.571299
-1.361662 0.313567
-1.294097 0.322253
-1.261289 0.383771
-1.310312 0.373132
-2.876085 1.433046
-3.732802 1.580283
-1.291050 0.335901
-1.244671 0.402376
-1.255225 0.354423
-1.874526 0.266750
-1.307776 1.786937
-2.052872 0.487497
-1.114921 1.666039
-0.980198 1.505319
0.687299 2.732054
0.682499 2.720092
-2.778830 0.992100
1.796913 3.240443
1.780918 3.260789
2.814262 3.783122
1.182942 1.813621
-1.332309 1.797015
1.195450 1.776997
-4.317027 1.423479
0.892232 -0.800563
-0.081259 -2.516736
-4.205367 1.389767
-0.681800 -3.180258
-0.824651 -3.023762
-2.560470 1.144966
1.291922 -0.343313
-0.689335 1.848076
-3.192154 1.340735
-2.034010 -2.480932
1.353560 -0.381785
-0.910866 -2.953022
1.350786 1.465480
-0.020204 -1.743583
-0.129458 -1.552678
-0.177560 -1.344680
-0.015795 -1.809843
-0.157828 -1.505243
0.001144 -1.806821
0.785553 2.607597
-0.152390 -1.572785
-0.068570 -1.495648
-0.223677 -1.740335
1.785668 1.676470
-3.768304 0.664480
1.307108 -3.127992
0.062262 0.212566
0.190083 0.276038
0.082792 0.212500
0.210386 0.295805
-3.895875 0.944660
0.070420 0.199017
0.215430 0.293700
-3.463038 0.884697
-0.849337 1.894557
-0.263309 -0.758561
-3.417786 -0.592401
-3.400614 -0.582455
-0.040996 -0.506702
0.465068 -0.270011
-0.085366 -0.516991
-0.055728 -2.339848
-0.598096 -0.857099
0.707555 -0.297446
0.707603 -0.342909
-0.884580 -3.381830
0.111794 -1.705596
-3.365659 -0.583325
-0.158195 -0.939010
-0.783902 -3.092947
-1.168086 -2.964931
-1.134942 -3.173745
-0.064032 -2.489996
-1.026990 -2.397424
-1.258114 -3.244358
-1.190006 -2.918118
-1.218912 -3.243277
1.301614 -3.121343
-1.454408 -1.598620
-1.841375 -2.220074
1.053759 -0.206818
1.082433 -0.242339
-3.333685 0.234698
-0.729534 -2.535477
-0.805573 0.552647
0.868261 -0.455533
-3.548515 0.601265
-2.559992 1.153764
-0.093128 -1.368270
2.942709 3.804511
-0.081939 3.176302
-0.002228 -2.199406
0.141604 0.064662
1.275176 1.591723
1.663056 1.761697
1.909090 3.127770
-2.166785 0.612671
-0.541818 -2.864414
-0.399562 -2.111765
0.810635 -0.398405
-3.942268 0.495215
-3.950113 0.493612
0.230032 -1.925745
-0.755587 -3.382725
2.345367 2.048306
-4.556698 1.507213
1.719926 3.318050
-3.595611 1.334368
-3.596222 1.310955
1.916617 3.138410
-0.931259 -2.709234
-0.943914 -2.711575
-0.921450 -2.992701
-0.954413 -2.469505
-4.464756 1.471250
0.858156 2.514585
1.831425 1.616580
2.069887 2.627821
-3.110514 0.997976
-3.082768 1.049046
-1.993007 -2.425516
1.832383 1.610616
0.313330 -1.086719
-3.496899 -0.622143
-0.694846 -3.309405
-3.627788 1.578466
-0.575897 0.955084
-0.958859 -0.807544
0.470541 2.101919
-0.946598 -0.375930
-0.320957 1.140578
-0.061715 2.982823
-3.983346 1.316230
-3.080752 1.149180
-3.262329 1.427696
-3.818027 1.190624
-0.254503 -0.757232
-3.487047 0.481554
-3.045831 -0.180027
2.215136 2.671891
1.234951 1.665506
1.230580 1.653617
-4.010561 1.095601
-3.227377 -0.540358
0.725374 0.977831
0.831690 1.012585
0.808937 1.010096
0.830998 1.023808
0.385981 0.901011
0.834256 1.018058
0.850887 -2.664571
0.355020 0.880151
0.353346 0.875383
0.335244 0.911413
0.282414 -1.205227
0.880361 1.028575
2.965225 3.397260
3.058506 3.725381
2.987449 3.405219
3.128281 3.717096
3.069485 3.753649
1.970126 3.037412
3.085526 3.657363
3.120726 3.684748
3.122725 3.733758
-3.109988 -0.444791
2.870213 3.877297
-1.338948 -0.458942
-1.363046 -0.423326
-1.785670 -1.825753
-1.937739 -1.578297
-1.328914 -2.149728
-0.369703 0.368263
-1.518212 -2.075036
-1.649880 -1.997462
-1.851634 -1.582822
-1.889649 -1.570041
-1.897146 -1.582752
-1.903893 -1.585481
-1.907902 -1.572980
-1.926149 -1.567705
-0.724086 -0.199954
-1.360386 -0.477880
1.201249 1.659484
-1.415066 -0.423490
-1.456387 -0.380606
-1.444456 -0.459593
-1.456380 -0.462692
-1.467170 -0.467318
-1.484198 -0.362212
-2.002428 -1.291133
-1.122877 1.077805
-1.336119 1.223496
-1.292882 1.189894
1.168579 1.728389
-1.365325 1.237752
-1.303298 1.194796
-1.059878 1.033675
-1.054128 1.056133
-0.047858 2.953889
2.205807 2.167503
-0.121160 3.321724
-0.708944 0.366194
-3.880169 0.557165
-3.312304 0.934157
0.076114 -1.274403
0.722683 -2.273158
-0.257059 -1.107252
-0.194907 -1.140427
-0.277316 -1.089106
-3.526222 -0.634936
-4.398338 1.446404
-0.266834 -0.752372
-2.494583 0.955327
-2.487104 0.946382
-3.355198 1.500890
-3.328820 1.523256
-1.785240 -0.803481
-2.785041 -0.173448
-1.793943 -0.789965
-1.923477 -0.623467
-0.466425 1.019794
-1.573251 -0.997612
-2.927527 -0.328033
-2.778555 -0.200356
-1.555961 -1.010838
-1.562612 -0.982099
-1.532427 -1.042235
2.779662 2.783427
2.839188 2.741281
-3.180317 0.834590
-3.676478 0.849706
-3.069711 1.032629
2.979239 3.788069
2.118174 2.241850
-1.921670 -2.326820
0.744862 -2.048696
0.341523 -1.371020
0.364696 -1.209344
0.268391 -0.907272
0.331969 -1.175801
-2.658855 0.969807
-1.430197 -1.470905
-0.130788 0.854177
-1.413910 -1.356544
-1.687171 -1.978901
-1.404249 -1.344097
-1.368948 -1.365513
-1.554063 -1.731731
-1.518351 -1.774976
-2.915499 1.032138
0.086432 2.938961
0.174256 -1.152722
-0.655796 0.591075
