494 2
2.902794 0.787987
0.028366 -0.945899
-2.382118 1.250331
-1.252179 -2.022262
-1.250417 -1.987086
0.072780 -0.694197
2.384698 2.351613
2.498047 2.336856
4.074243 0.783994
2.428886 1.482100
1.942133 2.471404
-2.416614 -4.085411
-2.421334 -4.086677
3.167420 0.930916
-2.395081 -4.094276
-2.413572 -4.036134
2.280443 2.278479
-0.815428 -3.039046
-0.869437 -3.186138
2.080977 0.334603
2.037190 0.418740
1.855068 0.492075
1.982508 0.509898
0.009809 -0.902917
3.187304 0.921608
-2.340318 -3.948678
-2.290910 -3.702395
-2.317677 -3.919610
1.874552 0.277053
4.245145 0.793984
4.222935 0.791916
2.355613 -0.433477
2.416926 -0.354827
2.377352 -0.451535
0.175594 1.910156
3.190850 0.942241
0.177616 1.916319
0.189309 1.899339
0.275486 1.695638
0.217731 1.374308
-3.113640 -3.049330
0.238478 1.812331
0.253388 1.794824
-1.356368 -1.021400
-2.241261 1.901918
-3.080536 -3.068350
2.947510 0.927493
0.185579 1.899934
0.264659 1.618439
0.219841 1.411316
0.242030 1.818852
0.239451 1.846815
2.075704 -1.328358
-2.196479 1.877478
-2.673864 1.847721
-0.220020 -2.404009
-0.170616 -2.631652
2.930710 0.922698
-2.630262 -3.163309
-2.593514 -3.157630
-2.434680 -3.176558
-2.604703 -3.159537
-2.832973 -3.163316
-0.000220 -2.951968
0.088219 -3.132829
0.135497 -0.906963
1.888403 -1.151140
1.502495 -0.858733
2.788488 1.179250
-3.182294 2.308411
-2.043641 2.011103
2.164806 1.589492
1.650426 1.688356
-0.884390 2.665978
0.982370 2.340047
2.035364 1.622726
1.094813 -3.340005
1.080461 -3.323892
0.257070 -3.358754
-0.877657 2.662040
-1.511081 -3.631300
-1.519536 -3.618036
2.575069 0.127496
-1.798389 -3.022208
-1.813688 -3.035578
-0.758152 2.075590
2.334855 -0.373219
-1.265793 -1.738421
-2.388877 -4.035000
-1.159367 -1.941219
2.946827 0.921000
-1.116656 -1.943452
-0.303848 -2.977045
2.043519 -1.400140
2.057745 -1.442090
2.042833 -1.415174
-0.282237 -2.941653
-2.248557 -3.729782
-0.895555 1.806597
-1.400595 0.776872
-1.424974 0.772410
2.818334 1.174973
2.117288 2.513817
2.131023 2.765924
2.116847 2.809200
2.161870 2.757678
2.131944 2.511694
2.129560 2.558202
-3.153646 -3.271384
-0.937673 1.804206
-1.403912 -1.016630
2.696103 1.360298
-0.244712 -2.812752
2.808048 1.210186
-0.949761 1.794048
2.449491 -0.137545
-2.312723 -3.357366
0.772482 -0.199495
0.836251 -0.704797
0.775839 -0.190292
0.678865 0.011949
0.818399 -0.708877
0.812057 -0.711408
-3.320521 -3.532782
-3.079754 -3.064271
-3.267464 -3.494013
-0.828736 1.797743
-0.765954 2.006226
-1.226513 1.557208
-1.258769 1.799783
-0.554710 -1.762785
-0.306932 -1.578097
-0.598159 -1.814478
-0.697814 -1.848158
0.392389 -0.956150
-3.034062 -3.116231
-0.785899 2.253618
-2.213357 1.061292
2.340352 0.792595
1.952869 -0.004572
2.264870 -0.261821
2.315193 -0.350417
-0.806216 -3.427757
-0.810165 -3.416875
-2.287253 0.843919
-2.260544 0.897440
0.152181 -3.288290
1.245549 1.641965
-0.933075 -1.914808
-1.111874 -1.954630
-0.931838 -1.914219
-0.820043 -1.888581
1.166789 -0.556748
1.757699 -1.029021
0.746805 -3.214162
-1.306004 -0.477192
-2.115276 1.086087
0.160167 -3.282583
-2.911015 -3.247260
0.075900 0.828350
-2.201003 -2.360237
-2.208996 -2.354494
1.962857 -1.180591
2.331793 1.539621
2.277510 -0.494565
2.026030 -1.395945
2.096412 -1.548481
2.119638 -1.592439
1.832836 -0.153402
2.121460 -1.593993
-2.028251 1.676601
3.552881 0.772792
3.903026 0.780945
4.046300 0.783702
3.833622 0.779267
2.465355 2.273857
0.146677 0.759444
0.119889 0.780511
0.158206 0.752582
2.449787 0.097855
0.144554 0.765438
-2.519555 1.913843
2.344585 2.282882
-2.227860 -3.687285
-2.263018 -3.844707
2.492110 2.253780
2.631178 0.730804
-2.021059 1.329701
-2.006408 1.339561
1.839600 -0.894881
2.434097 0.114238
0.458180 -0.473444
0.523182 -0.434459
0.526246 -0.432495
0.571053 -0.427134
2.188166 0.520984
-2.091433 0.707621
-0.031359 -1.297014
0.537301 0.284505
0.570591 0.236798
2.688529 1.344594
-2.804910 1.473956
2.638887 1.294544
2.262654 -0.260063
0.680345 -0.669128
-1.784972 -2.762919
-1.695726 -2.935513
-1.255377 -2.169428
-1.833540 -2.716715
-1.773797 -2.783840
-1.470600 -2.580896
-1.402747 -2.410391
-0.337015 -3.019449
-1.492016 -2.605883
-1.412210 -2.433045
0.666766 -3.347209
0.651111 -3.349762
0.569401 -2.008674
-2.499658 -3.761937
-2.514729 -3.555484
-2.464974 -3.876426
-2.514468 -3.728265
1.840020 -1.043627
0.045040 -0.978101
-0.310362 -2.989177
-0.061751 -0.535109
-0.207118 -0.535669
-0.240568 -0.539684
-0.174003 -0.484183
-0.242680 -0.454089
0.170297 -0.547187
-2.790241 1.604571
1.744878 -0.992964
-2.164741 -2.404470
0.206422 -0.343768
-0.812871 2.316740
0.117846 0.158180
0.118429 0.111074
0.099306 -0.043471
0.148990 -0.004449
-2.168535 0.766268
-2.744855 1.367839
0.141106 0.085715
0.120969 -0.018358
0.155380 0.009125
0.001412 0.804964
-1.362845 -0.472273
-1.042228 0.797500
-1.167954 -0.477724
-1.078283 -0.518372
0.311235 -3.414386
0.289551 -3.386689
-1.803575 0.955289
-1.569571 -3.548334
-1.598892 -3.514408
-3.033991 -3.327088
0.739967 -3.065690
-1.359773 -0.468052
0.756695 -3.085264
-2.976075 2.041652
2.145325 -0.715351
2.600823 1.359370
-2.828144 1.884940
2.424022 2.293465
2.210109 2.316385
-1.990448 0.637492
2.178855 -1.303498
-1.251498 -1.041704
-2.245928 1.074222
0.980137 2.336555
2.218489 -1.292973
2.146246 2.361897
1.100059 -3.339803
2.177486 0.670660
1.864984 0.580614
1.831003 0.359373
2.227166 0.676011
1.872522 0.586759
2.224545 0.675527
0.527754 -3.407565
1.864853 0.588195
2.160728 0.503474
1.755070 0.851434
-0.846346 -3.290893
-2.037852 1.919428
4.194079 0.785847
1.049470 -0.857338
1.049199 -0.935631
1.047880 -0.856348
1.031415 -0.985845
-2.305688 1.903288
1.063976 -0.871003
1.062999 -0.949583
-2.023581 1.579756
-1.424020 -1.009967
2.551688 -0.416988
-0.841940 2.532463
-0.823310 2.439026
1.190492 0.309514
1.492815 -0.752951
1.182790 0.328243
2.355723 1.227358
1.079446 0.802572
1.775074 -0.905026
1.789550 -0.929622
2.250890 2.568106
1.984791 0.581611
-0.821896 2.389674
1.985174 -0.018083
2.314148 2.261176
1.683523 2.079597
1.882987 2.425692
2.367822 1.336625
1.578174 1.823389
1.803004 2.509646
1.702523 2.176770
1.814165 2.490277
4.148391 0.786893
1.192048 1.520378
1.007146 2.031603
1.921654 -1.219690
1.909567 -1.223282
-1.364351 1.804662
2.004014 1.570550
0.233454 -0.669398
1.936656 -0.942691
-1.748242 1.815221
-1.923599 0.671689
2.056699 0.148273
-3.197330 -3.455564
-0.197404 -2.672317
2.375970 1.013756
1.332905 -0.737997
1.030706 -3.282912
-0.874197 -3.183545
-1.684478 -3.409077
-1.174981 0.791205
2.263395 1.941248
1.866311 1.242703
1.905312 -0.893966
-2.146252 2.238253
-2.131497 2.220052
2.390353 0.686568
2.351210 2.515455
-2.098956 -2.468343
-3.156116 2.278273
-1.543667 -3.585576
-2.409277 1.508511
-2.429381 1.472285
-1.654325 -3.456165
1.972691 2.210978
2.017274 2.289901
2.130667 2.416979
1.804051 1.768475
-3.102443 2.210876
0.601642 -3.381298
-0.826307 -3.363005
-1.824084 -3.043545
-1.948810 1.277318
-1.950791 1.179177
0.982957 2.310997
-0.816317 -3.382370
1.822083 -0.149083
-0.854564 2.591160
2.428849 2.381971
-2.647702 1.251764
-0.012889 -0.818835
1.246086 1.465177
-1.255161 -2.056718
0.297893 0.587590
0.001125 -1.209609
-0.166018 -2.566175
-2.720935 1.793561
-2.040352 1.076223
-2.285730 1.041400
-2.493159 1.715247
2.525029 -0.408101
-1.616349 1.821221
-1.067010 1.785808
-2.086543 -3.283531
0.892446 -3.173132
0.869992 -3.169324
-2.602909 1.882144
-0.796969 2.184622
0.629310 -1.931252
0.698197 -2.077587
0.605524 -2.031402
0.736886 -2.146882
0.528801 -1.566960
0.712056 -2.112844
3.214694 0.767368
0.552962 -1.603869
0.527888 -1.575622
0.516204 -1.572388
1.996634 0.008112
0.660363 -2.123759
-2.995199 -3.583301
-3.186102 -3.570050
-2.998593 -3.599856
-3.198453 -3.595842
-3.162987 -3.641116
-1.829210 -3.165142
-3.258761 -3.577466
-3.235051 -3.616180
-3.202257 -3.618079
-0.750608 2.045292
-3.220990 -3.385242
-0.187966 0.862791
-0.263653 0.868652
0.843635 1.790644
0.609636 1.771788
1.456045 1.769661
0.514877 -0.608319
1.361603 1.789066
1.230533 1.802623
0.673152 1.782631
0.619161 1.796284
0.636098 1.797853
0.647385 1.808401
0.624444 1.829661
0.616674 1.763510
0.563974 0.253830
-0.177162 0.850622
0.457712 -2.656412
-0.322392 0.874559
-0.355218 0.882900
-0.247712 0.747486
-0.292060 0.720604
-0.265721 0.730983
-0.364456 0.903243
0.346600 1.681788
-0.447535 -0.526503
-0.637007 -0.568921
-0.564806 -0.559722
0.759713 -3.125278
-0.662686 -0.572173
-0.555449 -0.571683
-0.378960 -0.535127
-0.323711 -0.496280
-0.171567 -2.572635
-2.071576 -2.493366
-0.235817 -2.761820
0.348602 -0.431657
-2.074763 2.130944
-2.016871 1.447287
1.889336 0.113640
2.801730 0.508403
1.803218 0.187963
1.831014 0.208151
1.777732 0.205503
-0.862467 2.617049
-3.033579 2.115404
2.560182 -0.410552
-1.686003 0.765988
-1.625045 0.766214
-2.510266 1.140134
-2.550654 1.138744
0.482274 1.184519
-0.715556 1.603055
0.426252 1.200046
0.036908 1.295859
0.014308 -0.956399
0.848799 1.116811
-0.722273 1.819705
-0.715235 1.608515
0.835428 1.123819
0.797836 1.152221
0.863591 1.104512
-2.225677 -3.744122
-2.256889 -3.830577
-1.869987 1.583706
-2.049373 1.792684
-1.918008 1.146523
-3.217490 -3.532186
-1.920582 -2.630884
0.992215 2.181550
2.689888 0.272084
2.082648 0.196649
1.853523 0.023048
1.582663 -0.230932
1.919288 0.033595
-1.744779 0.868948
1.081069 1.293151
0.526053 -0.971443
1.021626 1.159160
1.002209 1.617396
1.006510 1.175668
0.983468 1.148275
1.002137 1.457243
0.999994 1.475961
-1.882159 1.072799
-0.073770 -2.812952
1.878115 -0.126710
0.232502 -0.828785
