494 2
-0.182950 -3.053932
0.450453 0.307835
-1.512020 2.149677
1.454596 1.234215
1.423984 1.259772
0.125500 0.246619
0.952974 -3.249450
0.930032 -3.224352
-0.852171 -4.154137
-0.907761 -2.968529
0.606009 -3.403012
4.270974 0.771124
4.253607 0.785278
-0.326327 -3.262353
4.210115 0.809252
4.221071 0.809298
0.979506 -3.362386
2.628147 0.803271
2.732835 0.674976
0.474038 -1.452453
0.525997 -1.534421
0.837237 -1.411343
0.556192 -1.579654
0.370433 0.358743
-0.325802 -3.261680
4.002372 0.856241
3.942816 1.025502
4.003371 0.888910
0.939801 -1.312636
-0.980588 -4.306532
-0.941604 -4.262993
1.740672 -1.470998
1.651705 -1.346880
1.768506 -1.490120
-2.210128 -2.121916
-0.332342 -3.303004
-2.252704 -2.128693
-2.243180 -2.147876
-1.994082 -2.114345
-1.300936 -1.895969
4.421010 2.074015
-2.157553 -2.158123
-2.084663 -2.098398
0.505786 1.463974
-2.203971 2.040124
4.387812 2.023483
-0.316535 -3.087247
-2.203728 -2.130468
-1.922334 -2.143089
-1.278033 -1.900948
-2.153890 -2.174047
-2.099341 -2.074944
-1.115443 -0.560594
-2.182062 2.065555
-2.057852 2.468862
0.925148 1.175044
1.166541 2.115140
-0.307477 -3.051231
4.047349 1.713997
4.050988 1.717721
3.848247 1.567094
4.045630 1.721763
4.185477 1.780674
1.427954 2.162180
1.507120 2.156963
0.379507 0.160979
-0.837592 -0.562013
-0.618434 -0.514596
-0.530922 -3.003254
-2.163971 3.270869
-2.407837 1.919702
-1.144498 -2.833717
-1.241254 -2.627070
-2.997434 0.488250
-2.740310 -1.049806
-1.207296 -2.762579
2.104826 0.505336
2.133275 0.544619
1.826686 2.003542
-3.002958 0.490896
3.498846 2.105444
3.492667 2.069388
-0.157568 -1.796792
3.105662 1.260842
3.116338 1.230787
-2.476395 0.496068
1.701086 -1.453755
0.993563 1.315819
4.121976 0.826258
1.217424 1.284108
-0.305053 -3.104813
1.229224 1.259123
1.099916 2.789645
-1.023575 -0.454891
-1.044427 -0.434198
-1.017518 -0.435801
1.115553 2.687750
3.855723 0.981461
-2.149323 0.565964
-1.177459 1.125145
-1.187047 1.170888
-0.546591 -3.036685
0.683264 -3.400744
0.710337 -3.603627
0.710373 -3.627704
0.711222 -3.648673
0.698546 -3.407729
0.687916 -3.405222
4.482465 1.837484
-2.194021 0.633793
0.513428 1.497537
-0.626070 -2.982074
1.128939 2.599867
-0.559582 -3.045326
-2.204953 0.671387
-0.197037 -1.684085
3.796711 1.364255
-0.311197 -1.038029
-0.122843 -0.396055
-0.289133 -1.019821
-0.408993 -1.203976
-0.134045 -0.458840
-0.154025 -0.531471
4.745746 1.746551
4.364361 1.975727
4.731026 1.751611
-2.138874 0.526016
-2.357029 0.464014
-2.000901 1.352191
-2.237283 0.991277
0.890365 0.879203
0.815187 0.795659
0.906568 0.894981
0.988901 0.992775
0.408788 -0.042000
4.331825 1.887118
-2.675528 0.529418
-1.412651 2.006560
0.259342 -2.215607
1.042945 -1.142523
1.564807 -1.443836
1.676026 -1.454277
2.894310 0.363831
2.889871 0.382085
-1.191572 1.988455
-1.173076 1.911400
1.703164 2.131623
-1.566983 -2.265646
1.152377 1.174648
1.248673 1.242390
1.158073 1.179747
1.068987 1.080928
-0.180783 -0.200452
-0.954135 -0.817199
2.134178 1.109196
-0.102684 1.498651
-1.522089 1.830809
1.718453 2.096499
4.348092 1.754510
-0.987400 -1.848629
2.868370 2.145445
2.874039 2.143924
-1.036089 -0.685996
-1.010827 -2.919699
-0.498747 -1.166583
-0.977522 -0.423238
-1.112749 -0.283823
-1.109883 -0.284155
1.208978 -1.079952
-1.123635 -0.280520
-2.035080 1.799428
-0.636480 -3.873605
-0.710534 -3.971233
-0.818700 -4.112409
-0.740762 -4.011933
0.946814 -3.017728
-0.821309 -1.781801
-0.811852 -1.762723
-0.833000 -1.772437
0.043280 -1.664683
-0.796264 -1.776249
-2.162897 2.315055
1.027777 -3.283286
3.808215 0.986578
3.861737 0.897432
0.965734 -2.989919
0.013959 -2.775325
-1.729212 1.720448
-1.702688 1.736647
-0.759360 -0.791602
0.047459 -1.654761
0.173875 -0.154235
0.314049 -0.262272
0.353438 -0.281403
0.359355 -0.293399
0.404327 -1.924945
-1.134519 1.717581
0.566044 0.304589
-0.582241 -1.478391
-0.566116 -1.459120
-0.566745 -2.960667
-1.741135 2.588599
-0.478513 -2.932032
1.622370 -1.445496
-0.081521 -0.329547
2.881066 1.585567
3.032664 1.308245
1.644647 1.194325
2.874944 1.694067
2.874778 1.615071
2.235898 1.235012
2.395467 1.236869
1.098464 2.793964
2.238095 1.220085
2.361210 1.218063
2.056698 1.388387
2.069200 1.345094
1.353990 -0.330984
4.201610 1.034888
4.065039 1.212855
4.227746 0.915660
4.237463 1.027138
-0.924051 -0.739297
0.416883 0.307830
1.103525 2.771629
-0.007989 0.374410
0.007860 0.589623
-0.003556 0.637418
-0.026753 0.523277
-0.059109 0.542743
0.012411 0.197219
-1.844310 2.568107
-0.897072 -0.862756
2.866669 2.093324
-0.101045 0.121197
-2.601597 0.436290
-0.783347 0.258311
-0.422456 0.305737
-0.505124 0.215603
-0.505329 0.212936
-1.157934 1.843727
-1.628779 2.561944
-0.503207 0.273921
-0.487232 0.211135
-0.540889 0.223088
-1.073405 0.371160
-0.107019 1.562388
-1.083549 0.671665
-0.059532 1.432038
0.041974 1.358758
1.916808 1.902088
1.916889 1.874023
-1.431890 1.539038
3.466203 1.905608
3.474074 1.903882
4.477139 1.744184
2.238438 0.874352
-0.105355 1.591456
2.219136 0.871610
-2.063589 2.989677
-0.591647 -1.034983
-0.720921 -3.016551
-2.017529 2.822284
1.024504 -3.182719
0.922791 -3.420290
-1.137479 1.580086
-1.191928 -0.535414
0.453874 1.388339
-1.425061 2.019791
-2.736127 -1.049844
-1.239949 -0.511804
0.833326 -3.404197
2.115826 0.519052
0.436185 -1.985724
0.638702 -1.679981
0.782032 -1.640488
0.429407 -1.990454
0.684797 -1.674384
0.456915 -2.003494
1.964013 1.733784
0.653752 -1.684734
0.729142 -1.772466
0.509409 -1.863623
2.798512 0.567371
-2.319986 1.888230
-0.911628 -4.230762
-0.317832 -0.382974
-0.361090 -0.381430
-0.324966 -0.399693
-0.385568 -0.368940
-2.183843 2.220356
-0.354226 -0.421306
-0.379298 -0.350154
-1.946229 1.777242
0.512423 1.516665
1.694090 -1.272741
-2.841599 0.523883
-2.820214 0.503789
-1.210491 -0.827812
-0.818564 -0.729837
-1.261068 -0.827877
-0.135777 -2.601150
-1.706091 -0.907191
-0.830913 -0.752230
-0.824431 -0.828007
0.747988 -3.323605
0.516185 -1.785391
-2.708041 0.434200
1.037456 -1.443968
1.023705 -3.353703
0.138324 -3.017172
0.479588 -3.326679
-0.301203 -2.768059
-0.053801 -2.826419
0.438290 -3.411558
0.171309 -3.039493
0.436725 -3.376463
-0.893510 -4.204981
-1.675504 -1.739011
-2.381753 -0.994666
-0.849321 -0.486188
-0.852483 -0.504199
-2.254289 1.200795
-0.282687 -2.760319
0.154043 0.137302
-0.709588 -0.826083
-2.218480 1.595473
-1.136600 1.626378
0.847563 -1.671006
4.636275 1.716393
1.177488 2.267250
0.112910 -2.366735
-0.398811 -0.342167
2.154814 0.609805
2.754768 0.690125
3.464570 1.740262
-1.128136 0.925526
0.876309 -2.805492
0.822558 -2.678601
-0.736033 -0.816529
-2.577372 1.991558
-2.549805 1.981175
0.209532 -2.331486
0.831317 -3.209741
2.867343 2.006755
-2.162748 3.267292
3.493117 2.046308
-1.751938 2.236794
-1.748982 2.235304
3.465103 1.765782
0.541964 -3.179975
0.517826 -3.171308
0.754540 -3.329871
-0.232909 -2.808418
-2.133916 3.188931
1.996584 1.620884
2.859035 0.460206
3.136324 1.213478
-1.585573 1.705896
-1.601061 1.718216
-2.693089 -1.042424
2.866021 0.446196
1.185982 -1.067695
-2.913685 0.498575
0.865529 -3.109302
-1.531774 2.500247
0.340059 0.403926
-0.151710 -2.665941
1.585544 1.230745
-0.694544 -1.755248
0.474106 0.276967
1.143687 2.155775
-1.964973 2.548796
-1.362053 1.791144
-1.406351 2.082592
-1.930335 2.263665
1.692440 -1.285282
-2.247207 1.450211
-2.196270 0.756832
3.244130 1.257635
2.156713 0.712029
2.185495 0.747506
-2.105662 2.422457
-2.467120 0.450846
1.295819 -0.339338
1.367022 -0.392691
1.379757 -0.352911
1.444666 -0.432901
1.063130 -0.246375
1.432340 -0.432457
-0.524622 -3.715763
1.067169 -0.256567
1.063628 -0.245205
1.080947 -0.256486
0.984864 -1.045333
1.394353 -0.406567
4.464972 1.400277
4.713145 1.610273
4.496714 1.422706
4.771721 1.572278
4.743793 1.604304
3.418795 1.586816
4.772353 1.614084
4.713394 1.614813
4.750981 1.582213
-2.401197 0.512464
4.664213 1.776195
-0.892555 -1.885799
-0.941484 -2.045232
-1.770831 -2.439156
-1.815200 -2.285439
-1.445040 -2.619872
-0.019531 -0.233517
-1.537301 -2.595486
-1.688116 -2.512733
-1.788277 -2.221817
-1.820397 -2.231951
-1.775090 -2.217950
-1.775059 -2.186338
-1.766849 -2.222222
-1.883908 -2.255236
-0.583628 -1.467804
-0.936210 -1.991906
2.231591 0.694769
-0.961504 -2.114564
-0.986963 -2.197991
-0.918620 -2.065140
-0.911273 -2.062039
-0.887682 -2.090185
-0.984973 -2.201962
-1.981229 -2.095997
0.020649 0.797879
0.038652 0.967480
0.022834 0.904643
2.195507 0.882950
0.045811 0.983535
0.022863 0.927299
0.019836 0.712210
-0.012792 0.653608
1.162042 2.156913
2.875077 1.935711
1.161447 2.350945
0.071504 -0.014119
-2.497321 1.961444
-1.782697 1.743019
1.013467 -1.211911
-0.220776 -2.385704
1.080202 -1.540269
0.951515 -1.556009
1.106585 -1.547895
-2.955810 0.496308
-2.093870 3.081227
1.688466 -1.277347
-1.229493 1.312333
-1.185961 1.362916
-1.437919 2.373127
-1.445678 2.414622
-1.677562 -0.083727
-1.989902 0.552286
-1.684425 -0.064540
-1.552660 0.157335
0.480855 0.328287
-1.642624 -0.230832
-2.139088 0.493805
-1.981643 0.524507
-1.655526 -0.288496
-1.659965 -0.277518
-1.662210 -0.294073
3.807431 0.940095
3.866760 0.880511
-2.009842 1.629381
-2.101955 1.852414
-1.631273 1.730397
4.683320 1.649958
2.874163 1.831939
-2.519795 -1.015661
-0.173836 -2.028101
0.458537 -1.363226
0.236121 -1.152896
0.174139 -0.978787
0.261333 -1.144302
-1.322094 1.440654
-1.797101 -1.116617
0.245040 -0.045528
-1.832221 -0.946609
-2.224816 -0.967891
-1.857758 -0.943843
-1.845473 -0.946257
-2.049027 -0.943721
-2.068945 -0.942715
-1.520862 1.627350
1.302668 2.157450
1.169460 -1.102623
0.328950 0.060216
