1000 2
-1.022654 0.122879
1.694103 1.013746
-1.193048 -0.073101
-0.429193 1.072425
-1.222415 -0.216527
-0.967150 0.006861
-0.592426 0.890440
-0.969134 -1.271570
0.691043 0.552110
1.784742 1.128920
1.811508 0.824892
0.385777 -0.470457
-0.727550 -1.356075
-1.223961 -0.102752
-0.911662 -1.326418
1.988175 1.012406
0.672841 1.999115
-1.158119 0.000269
0.714117 1.977018
0.206707 -0.379123
0.429884 -0.171933
-1.242638 2.037289
1.029249 -1.602199
1.805913 0.940783
0.758622 1.941768
0.602862 0.584588
1.730317 -0.348111
0.546675 2.028370
0.503515 -0.379278
1.784327 1.129318
0.637228 0.629179
0.892484 -1.565636
0.779386 0.561398
1.095936 -1.310150
0.488735 -0.441709
-1.193348 1.989310
-1.152674 -0.065950
0.333970 -0.297162
-0.373382 0.950732
1.430322 -0.426396
0.764003 0.810160
0.983992 -1.503452
1.816550 0.792010
-0.514710 1.205603
1.952443 1.013827
0.452672 2.190351
-1.127787 2.006436
-0.999355 -1.269758
1.741389 1.014512
0.116519 -0.388701
-0.569318 1.149134
0.767134 0.596134
-0.700508 1.088068
0.779318 2.156949
0.704302 2.206610
0.998033 -1.593864
1.774732 1.159499
-0.404679 0.990142
-0.949776 -1.391216
1.037744 -1.582999
0.787454 0.674709
0.467682 2.012260
0.178175 -0.221676
0.164052 -0.378742
-1.268351 2.097527
0.566625 0.718834
-0.523553 1.138216
-0.610737 0.913399
1.782248 -0.143543
0.589029 2.196138
-0.396504 0.923904
1.584092 -0.279512
-0.457283 1.097613
1.549573 -0.027232
1.068748 -1.410976
0.253331 -0.498903
0.776619 1.978434
0.328756 -0.606858
1.738712 1.178180
0.196553 -0.434793
1.811297 1.111884
0.552719 0.530354
0.353656 -0.448393
1.111441 -1.637428
1.058123 -1.424627
-1.042500 2.131654
0.606240 0.598460
1.822085 -0.246932
-0.598226 1.159432
-0.526063 1.196495
0.198936 -0.638464
0.162192 -0.648753
1.711479 0.968017
1.630238 1.049790
-1.237948 2.044689
0.421851 1.879507
-1.113188 -0.126999
-0.610097 1.098211
0.455840 -0.364939
0.192963 -0.494857
-1.302686 1.762316
-0.940006 2.039208
0.202809 -0.542430
1.801387 -0.214593
0.638984 0.741089
-0.928753 -0.031476
-1.179445 -0.116445
0.847632 -1.611760
-0.731589 1.091473
-1.249814 -0.121904
0.359605 -0.311645
-1.054281 0.017133
1.865886 1.032100
-0.448485 1.211971
1.832422 1.017931
-1.004743 -1.418626
0.119218 -0.500272
-1.160496 -0.039128
-1.100118 1.990679
0.627006 2.182881
-1.332494 2.121196
0.630628 2.245499
1.759238 -0.216370
1.820489 0.859353
1.968362 0.930952
1.651199 -0.269771
-1.054733 2.268579
-0.984426 1.944577
1.851063 -0.286122
-1.280645 1.992581
1.900737 0.827669
0.564285 1.884245
0.913563 -1.639569
-1.125460 0.041785
1.615190 -0.385780
-1.006220 -0.031216
0.964250 -1.576377
-0.431664 1.206078
-1.324531 2.049934
-1.158447 -0.157336
-0.929053 -0.064163
0.552786 2.085245
-0.895880 -1.301150
0.688803 2.087509
0.328079 -0.389073
1.105289 -1.617493
-1.098840 -0.012781
0.767116 0.639879
-0.573788 1.234205
-1.077386 -0.093181
0.656366 0.724211
-0.690850 -1.404761
0.173065 -0.512505
-0.801003 -1.537941
-1.087638 2.046386
0.286998 -0.571482
-0.826224 0.816722
0.917629 -1.504182
1.967180 1.037168
1.665810 -0.204973
1.849092 1.093244
0.363864 -0.410383
0.521106 1.792022
-1.000424 -1.420576
1.760407 -0.095404
-1.259525 2.284951
0.893239 2.109832
1.846920 -0.151044
0.574882 0.562946
-0.712920 -1.219020
0.341675 -0.361555
1.467617 -0.425230
-0.956758 -1.211262
1.773537 -0.075378
1.694982 1.137625
0.719607 0.611633
1.855159 1.141211
0.074282 -0.385698
-1.035072 2.147797
-0.813377 -1.526897
-1.105687 -0.121349
-1.182702 0.038124
1.724619 -0.342196
1.092629 -1.350669
0.750678 2.111087
0.200495 -0.540737
-1.261259 2.283007
1.593835 1.052376
1.738742 -0.320016
-0.988838 -0.168246
-0.940638 2.046786
0.651857 0.662145
0.678938 0.748768
-0.472309 1.030955
-0.578293 1.175782
-1.296471 2.117090
-0.798617 -1.596954
1.795653 -0.408718
-0.917296 -1.250725
-0.811717 -0.140784
0.909690 -1.461903
1.930115 0.976224
1.226062 -1.527421
1.640484 -0.266334
-1.169047 0.073021
-0.957101 -0.108032
1.088866 -1.657273
1.145728 -1.404808
1.715765 -0.206723
1.138710 -1.323792
-1.039797 2.131704
1.079185 -1.676518
-0.378795 1.071369
-0.481047 1.174259
0.424193 -0.561931
0.606158 0.669950
0.592406 2.003924
-0.703635 -1.290169
0.939053 -1.401069
1.128434 -1.655322
1.878732 1.109475
1.743696 -0.288154
-0.971052 -1.346289
-0.623411 -1.395371
-0.964284 -1.271948
0.633461 2.159990
0.607930 2.013503
1.762576 -0.077527
1.606131 1.043902
-1.159707 1.990489
-1.136182 1.991372
-1.342322 2.037584
-1.195698 2.033195
0.702363 0.768756
-0.953079 -0.012922
1.649173 -0.259997
-0.701602 -1.464938
0.946867 -1.589933
-1.002353 0.074748
0.694891 0.495977
-0.911842 -0.146387
1.153526 -1.549852
1.735046 -0.197970
1.709642 0.857084
-0.907969 -0.035219
0.337254 -0.287625
0.932497 -1.534809
-1.260223 2.255177
1.804034 -0.251140
1.833734 1.144796
1.682132 1.089588
0.593210 0.513761
0.469725 -0.298969
-1.210191 -0.023214
-1.212257 -0.064057
1.689793 0.844344
-1.033072 2.202008
-0.799511 -0.006893
-0.711927 -1.387889
0.420361 2.056652
-1.225596 -0.081368
-1.171330 0.107973
-1.078647 -0.198636
0.564561 0.825790
-0.607467 0.889181
1.692654 0.978906
0.620873 2.100848
-1.115237 0.015926
-1.083026 2.257663
1.694360 0.977110
1.816578 1.057800
0.628683 0.624274
0.572776 0.653551
1.957455 0.989076
0.196956 -0.343584
1.621922 -0.204291
0.852873 -1.303710
0.537543 0.512742
1.551575 -0.069480
0.422321 -0.348547
0.846040 1.878833
1.889142 0.891057
-1.150252 -0.043902
1.607060 -0.356197
-1.012712 -1.368068
-1.147711 -0.172859
0.627693 2.007120
-1.046436 -0.050134
-1.079862 2.144695
-0.807208 -1.323083
-1.174155 2.342714
-0.834818 -1.477539
1.767733 1.002903
0.750041 2.090388
1.869209 0.959459
1.084403 -1.460779
-1.213061 2.284658
1.595856 -0.411965
-0.578128 1.162382
-0.708759 0.813978
0.937121 -1.619163
-0.745078 -1.480143
0.559775 2.172343
0.881478 1.930605
-0.632286 -1.239179
-1.202942 -0.071946
-1.019155 -0.026488
0.724653 0.655254
1.506593 -0.128551
0.427450 -0.621136
1.809498 0.975239
0.295553 -0.443897
-0.991513 2.227822
-0.808682 2.149799
-0.457847 0.856594
0.130216 -0.301155
1.749584 -0.146193
1.842347 1.151790
-0.829803 -1.465623
-1.052883 -0.100779
0.655069 2.026175
0.308644 -0.486226
1.410934 -0.215973
-0.816906 -1.315326
-0.813153 -1.512156
-0.816236 0.171667
-0.909722 -1.351310
-1.316961 2.032103
-1.060585 -1.380483
-1.344524 2.098141
-0.865932 -1.479618
1.905548 0.972265
-1.119337 -0.004649
-0.779169 -1.459619
0.433033 -0.370371
1.702427 -0.358220
-0.351934 1.196207
0.715329 1.973130
-1.147435 1.954433
-0.951523 -1.420899
-0.320953 1.105713
1.651808 0.855436
-1.032183 -0.024226
0.807786 0.718072
0.015248 -0.482476
1.195947 0.857968
0.526785 1.834278
-1.032570 2.103615
0.608745 0.696881
0.892424 -1.618391
-1.307250 2.167408
1.667318 -0.214806
0.709070 2.197411
-1.068570 -0.081186
-0.627202 1.059062
-1.258688 2.180242
1.047082 -1.585780
0.491901 0.585139
-0.488446 0.934169
-0.531152 1.295707
0.676269 2.225458
0.413890 2.045394
0.173118 -0.370781
1.763861 0.835819
-0.685636 -1.398938
-1.192848 -0.045775
1.452363 -0.026067
1.479766 -0.263103
1.776459 -0.095829
1.834288 -0.126235
-0.446153 1.200180
0.488041 0.731203
0.287709 -0.523251
-1.104503 2.219915
-0.601234 1.214725
0.712698 0.581757
-1.198790 0.042127
-1.190144 2.002729
0.846067 -1.504963
-0.459388 1.160646
0.683496 2.044032
-1.005862 -1.141262
-1.007133 -0.274015
0.919261 -1.434372
1.837758 -0.370710
-0.458262 0.923817
0.921061 -1.413150
0.533930 0.607277
1.592463 -0.118163
0.696209 0.560545
-0.967750 -1.439506
0.203958 -0.346836
-1.273139 -0.099495
0.678239 2.093879
1.801064 0.996811
-1.202088 -0.113167
0.717170 2.108033
-0.653220 0.894388
0.216151 -0.281859
0.821685 0.502500
-0.934021 0.061530
-1.182289 2.149642
0.732367 2.034760
-0.994963 -1.144759
0.771848 -1.376506
0.706882 2.150356
1.846369 1.310106
-0.734445 -1.542158
0.590361 0.425907
0.171831 -0.319899
-0.665695 1.034255
0.264774 -0.593207
-0.364384 1.102035
-0.976918 -1.277540
-0.647642 1.045461
-1.111154 2.025574
0.684188 2.163816
0.782481 -1.599172
-1.238561 1.906350
0.996998 -1.381094
0.352501 -0.412105
1.511429 -0.197861
-0.682781 0.825153
-1.189549 2.089414
0.873851 2.016769
1.910509 0.877490
-0.905985 -0.090836
0.973639 -1.417802
0.504850 2.207724
0.868759 -1.550192
1.641400 -0.191664
0.389759 -0.335788
0.646885 1.993269
-1.029407 -1.402291
0.132021 -0.441978
1.835902 1.176358
-0.927034 -0.118439
0.316117 -0.323673
0.392168 0.634430
-0.936707 -1.207358
1.760820 0.840531
1.694629 0.858289
-0.751720 -1.427252
-1.021168 -1.485310
-0.517658 1.024550
1.527251 -0.319928
1.890171 1.103019
0.676042 2.080788
-1.193712 2.101425
1.084916 -1.711896
1.069474 -1.553137
-0.408500 1.005898
0.961452 -1.571822
0.766140 1.878432
-0.915534 -1.311499
-1.283113 2.062041
-0.418899 0.860668
1.743614 0.904665
0.277535 -0.337112
0.679602 2.155083
-0.746613 -1.066018
1.026212 -1.458411
0.905931 -1.530217
0.471414 2.004410
0.358087 -0.400645
0.805125 1.831149
1.792112 -0.363868
-0.912328 0.063438
0.707182 0.658306
0.712713 0.498848
0.386111 -0.264655
-1.154524 2.114949
0.626873 2.101259
0.665908 0.732748
1.250713 -1.635568
-1.112272 -1.293216
0.664604 0.597618
-1.067501 -0.268685
0.250228 -0.302173
-0.325122 0.995233
0.635469 0.544632
-1.190143 2.088769
1.563369 -0.262471
-1.090218 -0.358891
-0.941566 -1.512433
0.652896 1.806974
-1.087006 2.279546
-0.467969 1.076683
0.341401 -0.460224
-1.046618 -0.156539
1.874064 -0.258896
0.841210 2.076124
0.820156 -1.430467
1.836348 -0.155515
0.882608 -1.495389
0.492484 2.106317
-0.864699 -1.198511
1.489774 -0.322833
-0.385022 1.071929
-0.704098 0.904908
-0.072297 -0.506793
-1.128749 2.134088
-1.083853 2.102409
-0.913734 -1.262743
-0.649006 -1.479615
-0.959493 2.072443
-1.137613 2.138477
0.948729 -1.590184
-0.755105 -1.396295
-0.555559 1.232919
0.576292 0.764941
-0.942067 2.096526
0.640633 0.500850
0.873453 -1.451807
-0.753126 -1.421014
-0.438364 0.950798
1.745767 -0.152984
-0.899938 -0.031343
-1.060872 -0.221284
0.919663 1.906852
1.704734 -0.085355
1.576976 -0.067651
-0.698882 -1.250902
1.579887 -0.301304
0.518100 1.829639
-1.066125 -0.201981
-0.916760 -1.386317
1.744045 -0.360853
-0.752122 -1.487778
0.200120 -0.511448
-1.113909 1.811171
-0.611839 1.145396
-1.171028 -0.162739
-1.017357 -1.315386
1.077984 -1.639904
0.240284 -0.563462
0.360232 -0.502383
-1.142513 -0.200847
-0.850527 -1.439522
1.704016 1.181177
1.564144 -0.259885
0.398340 -0.409241
0.766908 2.038460
1.895574 1.202806
-0.431361 1.113860
-0.700502 0.986399
1.069115 -1.564589
-1.296266 1.989747
-0.581895 0.890986
1.630245 -0.346192
0.214344 -0.154813
-0.475179 0.899155
0.654387 0.787021
-0.640500 0.953155
0.937121 -1.591834
0.641999 2.038184
-1.061774 2.222198
-1.088132 -0.062975
1.843105 1.145419
0.561255 1.850848
1.709339 -0.025376
0.999023 -1.577517
1.862616 0.846229
1.863348 1.096455
0.678755 0.569392
-1.136788 -0.096748
1.104805 -1.551468
-0.865587 -1.338836
0.186184 -0.581557
-1.317519 2.274634
1.679409 -0.208983
1.923550 0.957556
-1.026291 2.199141
0.229527 -0.361454
-0.932944 -0.177968
0.459716 2.093946
1.728971 -0.128291
0.896635 2.135852
0.438898 2.093292
0.412957 -0.366668
-0.783550 -1.337208
1.877741 -0.316091
0.291074 -0.370297
1.103769 -1.474799
-0.588089 1.030613
1.020199 -1.325565
0.272679 -0.166466
0.929913 -1.511231
-0.407322 0.986034
1.811154 -0.221864
0.598824 0.661019
1.697611 -0.329006
1.774597 0.951701
-1.243536 2.079331
1.100492 -1.613329
-0.967266 2.256556
1.734603 -0.270531
-1.065736 0.003241
0.767139 2.007014
-1.196258 2.118882
1.433787 -0.254394
-0.899306 -1.271512
-0.403832 1.138768
0.644755 0.780638
0.891334 -1.464686
-0.447710 1.223816
-0.983455 2.071619
1.819180 -0.318341
-1.017516 0.056894
-1.094180 1.999956
-0.818691 -0.132825
1.177180 -1.586157
0.346493 -0.235837
0.396256 1.881765
1.698337 -0.180438
-1.180087 2.133588
1.913005 0.907553
1.076653 -1.415885
0.402654 1.982687
0.763517 0.740187
-0.872648 -1.341426
-0.390966 0.926192
1.702893 -0.183502
-0.553923 1.285066
1.043882 -1.411499
1.614055 1.104250
0.743558 2.001633
0.196489 -0.432382
1.602299 -0.406541
1.077145 -1.338106
0.602360 2.072121
1.026995 -1.430403
1.993543 0.974009
0.280351 -0.309777
-0.884043 0.095172
1.248924 -1.587836
1.044818 -1.559285
-1.158714 1.854257
0.873422 1.944367
0.520791 0.859672
-1.232860 -0.241406
1.944128 0.914227
0.532281 2.163868
-0.982332 0.140558
1.928480 1.012708
0.537890 0.726329
1.503773 -0.226738
-1.068294 -0.246616
0.846877 1.917687
0.226749 -0.575308
0.227409 -0.306897
0.638261 0.755727
1.115806 -1.518376
-0.855003 -1.422432
2.004469 1.022449
0.579314 1.779586
0.667329 1.899981
-0.525731 1.049159
0.721517 1.789047
1.951972 0.862505
-1.217803 0.016916
-0.950462 -1.381985
-0.500297 1.031260
-1.286858 -0.052872
-0.828570 -1.385206
-0.993188 1.916655
0.749681 0.488998
-0.606067 1.019453
2.011797 0.948168
1.115896 -1.421856
1.533197 -0.319831
0.897248 2.028302
0.484954 0.755750
0.339406 -0.574648
1.568871 -0.130616
0.513898 1.958463
-0.566581 1.047967
-1.232966 2.221059
1.864323 -0.274481
1.704279 -0.087477
0.531567 1.978429
1.912716 1.021698
1.509590 -0.263343
1.380173 0.921331
-1.185336 2.276135
0.541651 2.036969
-1.250545 0.090628
0.391707 -0.322580
-1.281872 2.221411
0.978886 -1.535162
-0.737235 -1.499798
0.601015 0.484440
1.878542 1.010288
0.301852 -0.542039
-1.086773 -0.098468
1.031329 -1.373410
-1.189597 2.096570
0.748012 0.529796
0.536514 2.044989
1.106933 -1.633803
0.505854 2.069877
-1.257956 2.156100
-1.031381 2.165299
-1.313207 2.081928
0.727486 1.894259
1.010377 -1.461034
-0.001267 -0.533682
-1.300971 2.005390
-0.857249 -1.419200
0.343519 -0.397159
0.623550 0.622833
-0.736396 -1.362685
-1.130805 1.960395
0.566155 0.708492
1.896462 0.966730
0.786709 2.063497
0.709859 1.834580
0.658703 2.062101
0.726619 1.912039
1.761779 1.081297
1.860256 1.193041
0.213433 -0.521598
1.670037 1.072729
1.766123 1.073344
0.564524 0.616212
-1.239077 2.078274
0.438630 0.726598
-1.058966 0.161656
0.894546 -1.388628
1.654076 -0.408396
-1.180354 -0.168682
0.942900 -1.462022
-0.734929 -1.178761
-1.218595 -0.058365
0.096982 -0.394747
0.295333 -0.377992
1.149468 -1.431135
-0.929710 0.087038
1.480304 -0.304323
-1.213578 2.117795
0.990587 0.339385
0.690022 1.912823
0.786673 2.074027
0.451738 0.675218
-1.019660 -1.310728
1.592883 -0.349648
1.475847 -0.218277
-0.945182 0.073125
0.400750 -0.526383
0.672000 0.737227
0.068644 -0.550485
0.656351 1.874585
-0.940617 -1.437296
0.830513 -1.536185
0.350367 1.918935
0.593799 2.116057
-1.028806 -0.130767
0.612343 2.128313
0.817396 2.015594
0.602624 2.110942
0.224668 -0.494085
0.724706 1.931004
0.666244 0.991379
1.712998 -0.153125
1.646143 -0.289848
-0.564360 1.008848
0.402876 2.100920
-1.219791 2.315340
-1.005609 2.076154
-1.054157 2.022061
0.396725 0.661436
1.721088 -0.278153
-0.821354 -1.491478
1.122666 -1.394964
1.555708 -0.198800
-0.640156 1.012995
-0.616980 1.053352
1.885812 1.058199
-0.863305 -0.192679
-1.211739 2.005119
1.936042 0.971296
0.915076 -1.432752
-1.058982 1.832591
-0.682549 -1.313309
0.577465 0.815928
1.683560 -0.215705
1.628653 -0.115974
0.068303 -0.602628
-0.667630 1.067201
-0.982803 0.016118
-1.139569 0.020064
0.573225 0.551222
1.597660 -0.531426
-0.983206 2.121225
-1.386653 1.992461
-0.345086 1.148778
1.862976 0.882126
-0.927170 -0.199468
-1.335222 2.241184
1.645149 0.803967
1.050608 -1.584588
0.595503 0.696712
0.227044 -0.549679
-0.467865 1.162495
-0.960741 -1.323350
-1.080538 2.296760
-0.522960 1.013748
0.523394 2.173226
0.418442 2.023755
0.494038 0.489972
0.649296 0.754765
-1.307984 1.949775
0.729300 0.558779
0.115921 -0.485119
0.404878 -0.501062
0.730357 2.109666
1.562732 -0.263841
1.655866 -0.195926
-0.022448 -0.423918
1.674019 -0.152098
-0.868370 -1.530922
0.660988 1.734471
1.811310 0.925014
-0.924063 -1.363840
0.548588 1.817030
0.811436 0.672557
1.722131 1.044670
0.726086 2.066271
-0.999808 -1.416809
1.948526 0.900422
-0.760026 -1.397996
-0.608766 1.089674
-0.665043 1.035588
-1.356098 2.068004
0.704408 0.642840
0.368434 0.831956
-0.836055 -1.098731
-0.767452 -1.327358
0.540439 0.466207
-0.528831 0.992282
0.944625 -1.576742
0.091105 -0.627832
0.444721 2.129689
1.738074 0.948641
-1.067334 -0.051206
-0.475094 0.992935
0.842503 -1.407167
1.579656 -0.258270
1.009202 -1.595611
-1.107326 -0.287459
-0.961537 -1.452290
1.962252 0.913483
-0.442822 1.013077
1.938861 1.104802
1.020349 -1.549237
-1.278037 2.225976
0.188396 -0.306723
-1.041268 0.132334
-1.082631 0.090809
0.199895 -0.431961
-0.446946 0.948592
1.925981 1.182167
0.648888 2.177395
0.706075 0.672931
0.725895 0.709916
0.235708 -0.476648
0.598862 1.961982
0.454913 0.617262
1.817800 -0.123184
1.061583 -1.475657
-0.969126 -1.403631
0.348969 -0.350569
-0.810696 -1.186175
1.864224 1.190987
-1.129076 2.299598
0.484396 0.616448
-0.367418 0.906277
-0.357152 1.238761
0.769682 1.896490
-1.015184 -0.263089
-0.661118 1.256653
-1.023204 2.263563
-1.214918 2.209230
0.172143 -0.530617
-1.198927 2.157602
-1.133516 0.017902
-0.534222 1.295061
-1.059902 -1.307700
0.656959 2.141162
1.116986 -1.670504
0.112472 -0.503854
-0.954346 -0.033387
-0.537931 1.034633
-1.167086 0.025515
1.852439 -0.282901
-1.034385 0.217840
-0.971278 -1.364960
0.744032 2.066460
0.290197 -0.440071
-1.157277 2.120093
1.390380 -0.266067
-0.525420 1.128178
-1.067498 2.366463
-0.762208 -1.429718
1.866583 0.859819
-1.104203 2.182486
-0.452270 1.268329
-0.929584 -1.305137
1.538143 -0.444943
-0.585933 1.146548
0.702295 1.944735
-0.631594 -1.400261
0.410576 1.868635
-1.118172 2.267838
0.992999 -1.632221
-0.393122 1.009190
1.128782 -1.689275
-0.457180 0.933772
0.188268 -0.612058
0.603202 0.874642
1.042898 -1.430737
1.677478 -0.142389
1.710985 0.999169
-0.909705 -1.379101
-0.481419 0.837199
-0.871629 -1.540807
-0.995782 2.203372
-0.981945 -1.255564
0.990040 -1.447908
-1.407539 2.117876
1.953828 1.050869
0.791994 0.637411
-0.809717 -1.468097
-1.151907 2.149576
1.804004 0.945688
-0.833272 -1.385441
0.463582 1.961488
-0.526792 0.865328
0.479479 -0.366107
1.894726 1.014542
1.225698 -1.588852
1.684704 0.854792
-1.165966 -0.091474
0.176241 -0.539832
1.972163 0.856889
0.532662 1.914146
1.062500 -1.562236
1.474636 -0.206794
0.634534 0.696992
-0.890534 2.119303
1.540050 -0.153366
0.478315 -0.323877
0.574069 2.112826
0.591957 1.993686
0.320756 -0.397242
-1.073976 1.889141
-1.020581 -0.197048
-0.964868 -0.155508
0.586018 1.903096
-1.014318 0.047437
-0.477180 0.902157
0.695093 0.597825
1.521405 -0.388784
1.649880 1.111675
-1.099299 0.147799
1.020437 -1.533382
-1.098642 2.209671
1.674239 1.021892
-0.541888 1.199243
-1.005611 2.106293
0.834671 -1.448863
0.119300 -0.539209
0.486126 2.100755
1.489720 -0.148724
0.319781 -0.441132
1.732677 0.927769
1.084581 -1.482574
-1.169417 2.187795
0.413859 1.981435
0.675428 0.462411
0.665171 0.828546
1.277135 -1.387269
1.598304 -0.273429
0.666864 0.553860
0.690182 0.648159
-0.802220 -1.395895
0.586534 0.760014
1.062270 -1.298605
-1.149364 1.981737
-0.667519 -1.494803
1.690658 -0.328562
-1.168721 2.266607
1.823715 0.947717
1.432627 -0.171857
1.984351 1.165185
0.181494 -0.304671
1.184708 -1.482850
-0.989280 -1.360572
-1.093580 -0.195482
0.360467 -0.572659
