500 2
1.580167 -0.693515
-0.064673 -0.180930
-0.059657 2.473859
-0.497496 1.135248
1.231542 0.871467
-0.182386 2.561579
1.768831 1.848729
1.000058 0.189708
0.741289 0.137564
1.601206 -0.851837
2.259690 0.192245
2.290069 0.387628
1.741719 -0.899583
0.941203 0.057011
0.128541 0.053553
-0.410365 1.205634
-0.043303 0.112517
1.699682 1.685761
0.156470 0.159623
-0.339384 1.103561
2.303292 0.116588
1.098570 0.755314
0.769836 -0.706143
-0.164874 2.456431
1.063668 0.900652
-0.540330 0.894114
-0.162011 2.259427
-0.296572 2.489588
0.890972 0.081705
0.483999 -0.638343
-0.392834 1.072670
-0.068037 0.147391
0.604443 -0.743579
0.667158 -0.929246
0.528786 1.497656
0.368977 -0.807963
-0.352880 0.904924
2.226276 0.447617
1.710064 -0.766133
1.722832 1.767673
2.187169 0.114586
-0.265473 2.338814
0.057227 -0.004332
1.501804 1.918059
0.878146 0.216429
1.738119 -0.830765
0.649359 1.379544
1.035504 0.841337
0.574227 -0.802511
0.327072 1.344834
0.839976 -0.853065
0.402092 1.601577
0.933850 0.707681
0.924395 0.832416
1.088057 0.833346
0.410910 -0.778267
0.903268 0.148071
-0.056578 0.185529
2.289385 0.496562
-0.576019 1.050080
0.867379 0.012132
0.300272 1.454886
-0.231438 2.384046
2.128335 0.388882
0.634971 -0.879326
-0.692561 1.078698
0.007829 0.022867
1.367397 1.660008
0.615243 -0.947472
1.594175 1.715216
1.727208 1.996687
2.068240 0.279422
-0.580330 1.030797
1.954510 0.433528
0.341715 1.556966
2.351041 0.372065
0.832009 -0.852264
0.550833 1.519390
0.603563 -0.673943
0.002118 2.313717
1.759751 -0.587762
1.574369 1.948434
-0.088549 0.272847
2.158400 0.484897
-0.489083 0.908049
1.692995 -0.762647
0.408892 1.537889
-0.274846 2.204240
-0.097551 0.013465
1.601735 1.832952
-0.119146 -0.036726
1.931404 0.104798
-0.454694 1.049300
1.055028 0.047328
2.160505 0.420653
0.706928 -0.836974
-0.137640 2.444413
0.603877 1.240109
-0.522917 0.937315
0.667699 -0.982325
2.163660 0.312720
0.598289 -0.718247
-0.046518 2.356870
-0.164800 2.295448
2.100539 0.408655
-0.127824 2.498724
0.701421 1.623782
0.423871 1.176482
1.569105 1.964135
-0.546374 1.019079
0.330680 1.343814
0.478650 1.700431
0.608651 1.331670
2.015669 0.314437
2.275135 0.395516
-0.075458 2.479460
0.355913 1.364604
0.951316 0.751475
2.210644 0.334789
-0.394554 0.938121
0.471542 -0.720758
2.312323 0.326737
1.478807 1.837906
1.108892 0.966708
1.753795 -0.668635
1.775218 -0.738909
1.680978 1.815769
1.728143 1.709452
0.852857 0.811867
-0.220631 2.381483
0.946875 0.861256
0.457348 -0.843736
0.749668 0.919375
0.583796 -0.627151
-0.047493 2.196200
0.963527 0.904536
-0.423546 0.970267
-0.084693 0.047159
1.691035 1.899531
2.145074 0.289628
1.125408 0.827340
-0.343396 0.985528
0.485876 1.233083
1.538861 -0.730720
1.208066 0.789251
0.763915 0.104068
0.125776 -0.067451
0.671197 -0.860601
0.913513 0.127063
0.530150 1.447066
-0.299673 2.454722
-0.101806 2.461521
1.211669 0.976582
-0.497939 0.828716
-0.040905 2.077751
-0.021642 2.505056
2.131567 0.569597
1.447420 1.810804
1.524190 1.671844
1.048420 0.802598
1.948702 -0.768279
0.475670 -0.900002
0.842646 0.075096
0.467109 1.578466
0.900893 -0.694718
1.554993 1.754123
0.650749 -0.710175
0.821349 -0.068377
1.116182 0.670960
0.450412 -0.753914
0.649592 1.716606
1.707134 1.794945
1.647806 -0.849457
2.219860 0.363052
2.092149 0.424599
-0.143561 2.358702
1.602048 -0.788858
0.768722 -0.034375
2.259399 0.252117
2.023472 0.173485
2.136459 0.113604
0.591847 1.257145
0.592976 -0.937826
0.809570 0.037321
0.315133 1.691170
0.487181 -0.887217
0.827734 0.317121
1.721961 -0.740377
1.557580 -0.849956
-0.363763 1.095204
2.316323 0.455098
1.580183 -0.737261
1.724849 1.852003
0.432742 1.488658
1.766265 -0.658555
1.878164 -0.847085
-0.616901 0.910456
0.979511 0.032524
1.609732 -0.706049
0.154313 0.143810
-0.075880 -0.001049
1.537211 1.674322
0.846054 0.183619
1.513252 1.866918
-0.528505 0.995599
0.178123 -0.207624
0.565239 -0.891497
-0.163601 2.319767
0.063019 -0.023577
1.047853 0.717414
2.001749 0.286175
0.360209 1.438927
0.621305 -0.582651
-0.147163 2.514715
0.000741 -0.131739
0.069170 -0.099572
0.683753 -0.839094
0.858600 0.207707
1.737783 -0.905788
-0.282432 0.945856
0.877240 0.889227
1.587886 2.005672
1.771745 -0.883399
-0.061319 0.067610
2.398743 0.546480
1.789515 1.746133
1.670195 -0.602430
-0.657067 1.243927
-0.672510 0.969180
0.507394 1.628993
-0.667505 1.096693
0.465471 1.270717
-0.448337 1.180844
0.903397 -0.058925
0.001016 -0.004933
-0.029497 2.343176
1.186491 0.037420
1.519301 1.885948
-0.034966 2.308490
1.207552 0.844097
1.426971 1.641905
0.571460 -0.995351
1.193621 1.031918
0.706799 -0.521145
-0.111392 2.459807
-0.162086 2.602116
0.692251 -0.950591
0.616787 -0.595246
0.763530 -0.744893
1.668709 2.079719
0.032311 0.047158
-0.415415 0.855397
0.675146 1.452987
1.899462 0.202615
1.071706 0.012911
1.695004 1.773139
1.133540 0.827970
1.330797 1.808441
-0.473124 1.158767
1.005765 0.849770
0.567822 -0.823855
0.540515 1.343976
1.063693 -0.004814
1.079846 0.964825
1.892051 -0.663775
1.029268 0.739047
1.388406 1.849989
0.434248 1.279492
1.193145 0.888676
0.540633 -0.499473
0.743597 0.805578
1.816144 -0.872758
1.723020 -0.856206
0.270077 -0.211076
-0.367292 0.863910
2.308034 0.273552
0.311544 1.569084
0.041193 0.024389
1.707108 -0.537411
1.954368 -0.878958
1.871720 -0.978813
1.655386 1.582809
1.575348 1.743733
1.789545 1.895448
1.224698 0.894955
1.078876 -0.053037
-0.129703 -0.098083
2.161932 0.468174
1.590250 1.672894
0.032559 0.000478
-0.290424 2.318327
0.096705 0.132923
0.582366 -0.998257
1.026996 0.087708
1.782941 -0.853623
1.027121 0.159332
-0.645948 1.178726
-0.545577 1.029861
0.041663 0.227975
0.576116 -0.712271
1.478226 1.762074
0.607535 -0.888426
-0.303834 1.005259
1.194469 0.759655
-0.111486 0.122021
0.001485 2.404716
1.014234 0.798588
-0.601715 0.913830
0.616771 1.394366
0.340143 1.380736
-0.597105 0.940117
0.855089 0.219081
0.846071 0.219940
2.248882 0.360643
0.639276 -0.889282
-0.245756 2.456513
0.871927 0.214669
1.678689 -0.600481
1.691938 -0.680081
-0.551677 1.161883
-0.439412 1.184467
1.610840 1.974680
1.593144 -0.758478
0.822644 -0.720670
-0.176501 -0.159472
1.878628 -0.759814
0.813398 -0.895985
1.075243 0.981826
1.725296 1.704386
0.800297 -0.680898
-0.391846 1.152399
1.648757 2.023501
0.780432 0.047023
1.693207 -0.875570
0.531000 1.453939
1.198562 0.674766
2.036454 0.394232
1.903224 -0.812888
0.524214 1.594141
1.582102 1.971793
1.264726 1.773288
0.153177 0.058137
-0.119317 2.464211
0.841433 0.130529
1.501789 1.845091
-0.462209 0.787885
-0.011863 -0.092175
-0.160717 0.034835
0.489323 1.498461
0.476685 1.296465
-0.216077 2.326155
0.770332 0.149352
0.823903 0.679790
-0.343156 0.729444
-0.439979 0.843914
1.531517 1.628045
2.225251 0.222651
1.112328 0.807696
0.419154 1.452598
2.166183 0.296211
2.270113 0.518929
0.366254 1.246617
2.385697 0.321010
-0.356084 1.068959
1.648691 -0.833491
-0.143138 2.204866
0.620632 0.063378
0.509055 1.583289
1.533312 1.891126
-0.757730 1.043469
2.335556 0.345077
-0.036394 -0.117563
1.680253 2.014333
2.250154 0.527274
2.123204 0.507740
1.818741 -0.733110
0.206950 1.441668
-0.240345 2.314423
1.772034 1.837336
2.287359 0.348908
0.473911 -0.723784
0.489372 1.438894
1.816342 -0.677426
-0.089109 2.430152
1.405733 1.775496
-0.120047 -0.053673
0.324402 1.502847
-0.711997 0.970141
2.156618 0.589052
-0.161981 -0.028144
0.328952 1.627423
0.594648 1.412026
1.755373 -0.948085
0.832724 0.030410
0.874188 0.101467
0.423689 1.633774
0.479476 1.338894
1.489898 1.593110
0.284318 0.195229
1.220054 0.947049
0.973950 0.121565
-0.491457 0.713201
0.576609 1.558228
-0.639077 1.077783
2.227608 0.571178
-0.046226 2.437823
2.044533 0.247595
0.069443 -0.103431
2.342003 0.419873
1.591821 1.993504
2.065127 0.398196
-0.345168 2.345807
1.034752 0.863956
0.128482 -0.004235
2.037991 0.337135
0.470730 -1.013758
1.167511 -0.028387
1.767125 -0.748269
-0.442864 1.176162
1.669142 2.035149
2.136999 0.610627
0.579395 -0.529928
1.650345 1.411544
-0.117050 2.399312
-0.603060 1.077534
1.104501 0.609722
-0.087888 0.199412
2.073844 0.531640
0.875640 0.106257
-0.649289 0.972549
1.814440 -0.765994
2.105160 0.493520
0.536563 -0.918980
2.027662 0.251194
0.967439 0.051884
1.613251 -0.545182
0.678188 -0.804907
2.224555 0.291137
1.539803 1.588572
-0.702456 0.967430
-0.050501 0.065910
-0.146549 2.319126
-0.686015 0.934168
-0.139577 -0.077520
1.734275 1.675802
2.074330 0.298869
0.661724 1.137272
-0.289653 2.375418
-0.601629 1.122556
1.261696 0.682505
0.483142 1.381118
0.562806 -0.765307
2.235388 0.388536
-0.058231 0.012927
1.632499 1.963160
0.069736 -0.043743
1.079252 0.748939
-0.472055 0.983023
-0.253606 2.484415
0.836163 0.020225
1.861486 -0.730159
0.911021 0.863874
1.405502 1.719940
0.574610 -0.994222
0.581455 -0.676124
-0.182151 2.324929
1.514515 -0.788299
1.777364 1.887855
0.071645 -0.047603
-0.016406 2.365581
0.970308 0.565721
1.438012 1.920633
0.448254 -0.979494
1.878208 -0.795336
0.350929 1.403417
1.555434 -0.892990
1.419925 1.866011
0.380770 -0.756030
0.532008 1.432897
-0.741503 1.074834
-0.642874 1.089420
0.628978 -0.911735
-0.131934 2.542938
0.909133 0.752458
0.993215 0.746244
2.283010 0.263759
1.219422 0.849489
1.146101 0.796348
0.909770 0.955891
2.236872 0.542129
-0.648231 0.777219
2.299448 0.241951
-0.317266 2.353159
0.075857 -0.009641
0.653066 -0.770965
-0.168064 -0.102537
1.460581 1.648869
-0.160666 2.334319
-0.304245 2.437808
-0.552957 0.833845
