1000 2
-1.606255 -1.668920
-0.339842 -1.164859
-1.778240 -1.810635
0.386421 0.698287
-1.922157 -1.716649
-1.935034 -1.635296
0.139632 0.537584
-0.129406 -2.616918
-0.628161 -0.105963
-0.698084 -1.302607
-0.385123 -1.267749
1.840154 -1.246738
-0.108082 -2.601372
-1.827992 -1.788089
-0.114810 -2.630020
-0.337006 -1.256352
0.571487 -0.713815
-1.697074 -1.772130
0.684315 -0.678603
1.619163 -1.395575
1.943856 -1.381938
-0.434367 1.555205
1.693864 0.695498
-0.376056 -1.282369
0.756031 -0.701366
-0.808604 -0.126440
-1.780391 -0.263399
0.647080 -0.609506
1.607558 -1.358736
-0.688832 -1.259146
-0.672684 -0.199668
1.665383 0.519174
-0.664762 -0.303405
1.436498 0.369606
1.598351 -1.336052
-0.555965 1.674635
-1.668791 -1.622705
1.608919 -1.319434
0.354065 0.591252
-1.752868 -0.501820
-0.497727 -0.297461
1.487088 0.545263
-0.222669 -1.192447
0.275544 0.671894
-0.584189 -1.274831
0.558795 -0.628740
-0.587320 1.425439
-0.006758 -2.514673
-0.596853 -1.281881
1.642655 -1.274831
0.443376 0.427878
-0.720327 -0.125706
0.203204 0.435919
0.613047 -0.776305
0.496861 -0.725465
1.657872 0.409399
-0.569027 -1.388834
0.254272 0.387765
-0.327308 -2.522609
1.634411 0.543174
-0.789503 -0.466484
0.620749 -0.534980
1.653778 -1.285179
1.777533 -1.259782
-0.511681 1.461251
-0.620783 -0.163427
0.285238 0.536226
0.188670 0.629481
-1.718134 -0.163067
0.452823 -0.777450
0.369534 0.526287
-1.761268 -0.261425
0.349973 0.405257
-1.621252 -0.401749
1.340205 0.435822
1.691312 -1.377940
0.601805 -0.759655
1.795942 -1.225196
-0.508516 -1.324138
1.699520 -1.470829
-0.444881 -1.302817
-0.619329 0.027347
1.821852 -1.370632
1.659465 0.427797
1.393619 0.463000
-0.438826 1.541462
-0.728630 0.084148
-1.795773 -0.131123
0.133040 0.570841
0.322143 0.651151
1.765630 -1.293446
1.607575 -1.260518
-0.319573 -1.192374
-0.249558 -1.248086
-0.431193 1.577421
0.755626 -0.488125
-1.777689 -1.567181
0.049451 0.428066
1.777445 -1.457070
1.859406 -1.258387
-0.687601 1.442373
-0.699081 1.452909
1.826614 -1.291916
-1.687246 -0.175357
-0.628371 -0.123560
-1.789449 -1.753573
-1.789198 -1.764032
1.649198 0.705222
0.054355 0.404601
-1.764827 -1.720351
1.648356 -1.164925
-1.693881 -1.637865
-0.548352 -1.230470
0.377366 0.534989
-0.465481 -1.202746
-0.049944 -2.470697
1.813250 -1.280916
-1.738869 -1.675001
-0.693378 1.257159
0.504010 -0.636194
-0.699717 1.543530
0.753916 -0.697891
-1.869390 -0.272288
-0.347575 -1.200212
-0.346923 -1.150130
-1.872333 -0.305536
-0.524642 1.388080
-0.384698 1.317602
-1.789995 -0.110467
-0.692039 1.557899
-0.505833 -1.314498
0.856133 -0.648418
1.735517 0.609094
-1.832733 -1.825000
-1.770859 -0.265081
-1.647306 -1.543149
1.564807 0.499741
0.194094 0.688983
-0.547246 1.573228
-1.599591 -1.658429
-1.529155 -1.676950
0.720510 -0.796480
-0.084685 -2.671352
0.780531 -0.690612
1.683262 -1.214171
1.481739 0.508799
-1.758342 -1.464487
-0.820869 -0.178805
0.057801 0.421594
-1.828536 -1.553833
-0.768754 0.027202
-0.000254 -2.613178
1.812870 -1.384845
0.021100 -2.501042
-0.612680 1.650082
1.821084 -1.280265
0.027069 0.508473
1.451679 0.329853
-0.475797 -1.293299
-1.655418 -0.405530
-0.552631 -1.275814
1.731220 -1.277881
0.653463 -0.566284
-0.191210 -2.670217
-1.683851 -0.374177
-0.755397 1.685870
0.755535 -0.742756
-1.548109 -0.480294
-0.839531 -0.006081
-0.071784 -2.499520
1.763757 -1.182846
-1.848877 -0.411968
-0.150157 -2.470971
-1.556150 -0.493756
-0.502706 -1.409368
-0.635864 -0.005102
-0.606494 -1.090511
1.557590 -1.347274
-0.546657 1.396593
-0.349208 -2.471298
-1.756546 -1.675109
-1.867661 -1.530629
-1.727002 -0.399795
1.569733 0.392503
0.817823 -0.676017
1.722988 -1.170690
-0.718974 1.632979
-0.590093 -1.094656
-1.773811 -0.294805
-1.815778 -1.476839
-0.486297 1.285253
-0.647717 -0.080393
-0.638600 -0.210328
0.224986 0.463754
0.343472 0.600697
-0.649349 1.551394
-0.181641 -2.724338
-1.724634 -0.414937
-0.217114 -2.552753
-1.831793 -1.400296
1.584982 0.571208
-0.480580 -1.281109
1.721592 0.502245
-1.910623 -0.165510
-1.824730 -1.573257
-1.702273 -1.556037
1.620679 0.524696
1.420646 0.295326
-1.589380 -0.351625
1.755190 0.413014
-0.590986 1.300184
1.435492 0.270660
0.318576 0.427399
0.436423 0.612126
1.780213 -1.132556
-0.673274 -0.120807
0.640375 -0.582730
-0.217964 -2.516839
1.302408 0.381407
1.613153 0.531983
-0.518208 -1.177767
-1.797864 -0.213659
-0.212520 -2.683159
-0.174621 -2.266809
-0.105017 -2.749831
0.723488 -0.824142
0.597930 -0.588917
-1.694479 -0.296768
-0.489662 -1.249494
-0.587055 1.434618
-0.730759 1.477335
-0.688682 1.467867
-0.445552 1.455604
-0.679746 -0.196286
-1.915099 -1.516385
-1.920413 -0.257599
-0.123617 -2.457728
1.600874 0.490347
-1.520683 -1.628990
-0.765607 0.042049
-1.672006 -1.615342
1.697252 0.388156
-1.893112 -0.223210
-0.277763 -1.259646
-1.535805 -1.646265
1.591677 -1.268559
1.636689 0.514298
-0.686341 1.710441
-1.616251 -0.384355
-0.398025 -1.400541
-0.584213 -1.233107
-0.791111 0.056545
1.564604 -1.210482
-1.704470 -1.607282
-1.756148 -1.787380
-0.323875 -1.174700
-0.702770 1.280656
-1.487961 -1.160914
-0.021304 -2.667388
0.668316 -0.877075
-1.815723 -1.694911
-1.601671 -1.708537
-1.710495 -1.701149
-0.652374 0.016109
0.361881 0.493552
-0.624812 -1.094412
0.657572 -0.705635
-1.602924 -1.714290
-0.590917 1.589703
-0.364747 -1.076163
-0.465041 -1.431280
-0.751456 -0.032230
-0.726870 -0.043920
-0.349733 -1.323292
1.669946 -1.385163
-1.629618 -0.114974
1.543824 0.284832
-0.754317 -0.039144
-1.696242 -0.259460
1.808494 -1.354454
0.775863 -0.588220
-0.592334 -1.226891
-1.692300 -1.835923
-1.753720 -0.261673
-0.340522 -2.671001
-1.721080 -1.758237
0.496824 -0.742940
-1.816818 -1.576372
-0.604512 1.328880
-0.204146 -2.664067
-0.649200 1.405843
0.051365 -2.541646
-0.405269 -1.289499
0.472582 -0.689084
-0.434573 -1.429021
1.445193 0.495160
-0.809385 1.552913
-1.932523 -0.213113
0.127439 0.467561
0.327563 0.295285
1.574009 0.502982
-0.030962 -2.530928
0.716602 -0.813939
0.639521 -0.880048
-0.140660 -2.394933
-1.763343 -1.660006
-1.593297 -1.845423
-0.435760 0.067042
-1.647139 -0.258564
1.733426 -1.074131
-0.666683 -1.103807
1.634514 -1.314311
-0.630148 1.343267
-0.408898 1.348370
0.290477 0.605820
1.617796 -1.257464
-1.784469 -0.231370
-0.640188 -1.289116
-0.054842 -2.634347
-1.550424 -1.556877
0.546471 -0.549873
1.872890 -1.362714
-1.738511 -0.181355
-0.148326 -2.701309
-0.073557 -2.816915
-1.554306 -1.598550
-0.113628 -2.661603
-0.673471 1.701603
-0.109102 -2.769350
-0.751584 1.538231
0.007370 -2.671431
-0.650930 -1.261727
-1.758381 -1.670512
-0.084178 -2.502761
1.733336 -1.457106
-1.770171 -0.453004
0.318793 0.620927
0.768149 -0.523978
-0.686675 1.419404
-0.017114 -2.561590
0.219038 0.277029
-0.382244 -1.305527
-1.645932 -1.675833
-0.907468 -0.006816
1.538761 -1.198754
-0.787207 -0.309608
0.726290 -0.498057
-0.460150 1.501661
-0.675452 -0.028932
1.643469 0.643266
-0.587363 1.461113
-1.850683 -0.211234
0.648187 -0.806251
-1.632532 -1.693915
0.127041 0.380878
-0.799320 1.554027
1.587187 0.411652
-0.673653 0.073482
0.399204 0.426401
0.217313 0.720283
0.440800 -0.757993
0.633349 -0.810770
1.555041 -1.204935
-0.337264 -1.209607
-0.279627 -2.430199
-1.849316 -1.715706
-1.584201 -0.198330
-1.866336 -0.460082
-1.510828 -0.401706
-1.660217 -0.480846
0.373502 0.619450
-0.677880 -0.020552
1.779985 -1.171758
-0.622444 1.724481
0.398137 0.628190
-0.868856 -0.095877
-1.677219 -1.765029
-0.616661 1.628818
1.626648 0.326675
0.125870 0.413336
0.478971 -0.765455
-0.274491 -2.531527
-1.683483 -1.775654
1.591750 0.621923
-1.653950 -0.360983
0.363168 0.459103
1.788958 0.487060
-0.716328 0.092280
-1.854182 -0.345082
-0.695081 -0.141510
-0.246410 -2.750819
1.483499 -1.207857
-1.688380 -1.765645
0.700337 -0.760017
-0.731298 -1.119007
-1.864306 -1.686074
0.728928 -0.801808
0.244604 0.322909
1.721030 -1.047477
-0.782318 -0.072280
-1.588289 -1.688741
-0.510563 1.548660
0.597438 -0.828995
-0.338537 -2.656715
1.197383 0.358982
0.694414 -0.824838
-0.393524 -1.288065
0.119495 -2.569463
-0.652214 0.040064
1.841352 -1.192540
0.081627 0.489783
1.852521 -1.345353
0.363085 0.442375
-0.154004 -2.787000
0.112935 0.559596
-0.503723 1.377776
0.582166 -0.794420
1.654009 0.657370
-0.414479 1.534577
1.532207 0.336213
1.718950 -1.093458
-1.778224 -0.394285
0.339276 0.365274
-0.590260 1.656431
0.687732 -0.870251
-0.719347 -1.269658
-1.589866 -1.791354
1.461274 0.491870
0.537955 -0.566846
1.570283 0.562739
-1.689549 -0.308138
1.783322 -1.309351
0.566447 -0.643142
-0.206422 -2.683803
1.658968 -1.350602
-0.590731 -1.314970
-1.801815 -1.705379
1.474912 -1.235385
-0.595443 0.018764
-0.323253 -2.718573
-0.263110 -1.328441
-0.386326 -1.342313
-0.184222 -2.726606
-0.195868 -2.718635
0.213309 0.497942
-1.617758 -0.167372
-0.382976 -1.328016
0.608416 -0.681060
-0.580401 1.405326
1.612643 0.427467
1.697917 0.662826
0.444772 0.399360
1.640033 0.631848
0.486597 -0.753016
-0.184854 -2.503136
-0.623358 1.557401
0.525647 0.520154
-0.318585 -1.288844
1.754654 -1.408448
0.531877 -0.644085
0.089585 -2.468290
1.554799 0.606352
1.672348 0.579307
0.666294 -0.647643
1.738896 -1.235185
0.670478 -0.705784
-1.798807 -0.194385
-1.649320 -1.412981
-0.776832 -0.101962
-0.757878 -0.169653
1.629856 -1.451684
-0.464913 1.478802
0.669667 -0.825877
-0.621403 0.057747
1.652260 0.384973
-0.022015 -2.571022
-0.709875 0.034194
-1.697442 -1.714323
1.648456 -1.313797
0.383814 0.295121
-0.724094 -0.100844
-0.512800 1.659404
-1.721800 -0.233093
-1.806812 -1.676215
-0.388405 -2.555610
0.605429 -0.622746
-0.643861 1.352777
0.378310 0.448470
1.565915 -1.256201
-1.689971 -1.752145
-1.781845 -0.380822
0.745021 -0.769931
1.477999 0.308768
-1.898057 -0.313499
1.451104 0.675556
0.640871 -0.541215
-0.220802 -2.577071
-1.735996 -0.349910
0.456327 0.492189
0.308963 0.573063
1.755094 -1.181506
-0.676968 1.512470
-0.413000 1.450079
-0.119277 -2.472485
-0.037664 -2.687299
-0.419225 1.483442
-0.645310 1.616672
1.577396 0.705451
-0.109445 -2.711055
0.133650 0.444287
-0.696744 0.006172
-0.489790 1.349149
-0.612128 0.051926
1.442890 0.275450
-0.209319 -2.523144
0.468792 0.512822
-1.960137 -0.246692
-1.596718 -1.602682
-1.857277 -1.771034
0.599668 -0.845034
-1.685306 -0.141476
-1.602013 -0.279155
-0.210158 -2.549464
-1.775620 -0.343728
0.859581 -0.595374
-1.796663 -1.775576
-0.112334 -2.599046
-1.583806 -0.362551
-0.198466 -2.421130
1.870625 -1.423266
-0.603654 1.644211
0.339896 0.621340
-1.641689 -1.730855
-0.084158 -2.618610
1.641819 0.425701
1.708793 -1.230515
1.759993 -1.303414
-1.771419 -1.752783
-0.092206 -2.535121
-0.556104 -1.262983
-1.902019 -0.394590
1.782742 -1.199789
0.727297 -0.845722
-0.419145 -1.304155
0.233993 0.414193
0.138895 0.446622
1.573501 0.385527
-0.488856 1.605778
0.386452 0.562983
-1.564375 -0.413405
1.754796 -1.244632
0.389463 0.519972
-0.665115 -0.131306
0.229222 0.511544
1.617615 0.705970
0.748111 -0.740811
-0.616949 1.573286
-1.713338 -1.764166
-0.685853 -1.125322
0.538296 -0.716021
-1.893429 -0.211941
1.643460 0.557652
-0.348944 -1.097669
-0.567646 -1.311783
-0.587008 -0.182036
-1.539402 -1.733797
1.564292 0.384019
-0.080701 -2.484868
1.768927 -1.244725
-0.695083 1.660487
-1.679745 -0.235325
-0.650835 -1.129512
-0.545134 1.466670
1.826909 -1.177328
-1.612071 -1.709558
0.610532 -0.763132
-1.806704 -0.177512
0.750982 -0.760776
0.777455 -0.593818
1.576208 -1.194052
-0.290209 -2.626573
-1.672687 -0.412984
1.874532 -1.228779
1.635417 0.303142
0.288686 0.398712
1.427943 0.397575
1.560684 -1.166495
1.544247 0.400910
0.320991 0.623484
-1.634917 -0.492520
-0.755234 -0.071001
-1.567726 -0.346600
-0.494856 -1.216313
-0.480244 1.614840
1.504459 0.452052
-0.594141 1.387822
-1.954511 -0.246188
-1.731529 -1.564134
0.666839 -0.845384
-0.666515 1.631900
-1.893233 -0.276866
-0.150396 -2.641185
0.322490 0.671845
-0.609721 -0.120848
1.508920 0.434561
0.285862 0.291086
-0.517850 1.617093
-1.907322 -0.143522
-1.820819 -1.486416
-0.556497 1.595665
-1.585300 -1.621168
1.681568 0.592509
1.711737 -1.230498
0.817773 -0.542736
-1.791948 -0.275664
-0.638099 1.412893
-0.334674 -1.268222
1.707381 0.538722
0.482489 -0.518577
-0.629091 0.016077
-0.105200 -2.536341
0.397933 0.487438
-1.678119 -0.402949
0.079311 0.575245
1.427467 0.569079
-0.696613 -1.469458
0.651064 -0.845917
1.691260 -1.318960
-1.701264 -0.123769
1.319599 0.304253
0.622681 -0.624025
1.607004 0.386794
-0.483629 -1.312098
1.623694 -1.315019
-1.537038 -1.545863
1.527631 0.626785
1.488885 0.584113
-0.387392 1.378301
0.244322 -0.657847
-0.480229 -0.192123
-1.857500 -1.928545
-0.681967 -1.302557
0.402004 -0.657644
-1.668819 -1.584127
-0.524977 -1.293132
-0.784025 -0.160478
-1.654121 -0.339914
-1.705382 -1.809326
0.621124 -0.811642
1.851710 -1.325338
1.638506 -1.202929
-0.500927 -0.213992
1.458722 0.558054
-0.152882 -2.686666
-0.580075 -1.213548
0.740544 -0.521975
0.716714 -0.711325
0.172646 0.508407
0.583601 -0.887928
-0.561106 -1.259297
-1.889938 -1.631499
-0.254384 -2.597898
0.398927 0.379356
-1.871584 -1.615666
-0.058111 -2.636663
-0.335675 1.204182
-0.775831 -0.042183
0.313877 0.422475
-0.434238 -1.138936
1.488622 0.525172
-1.506589 -0.392889
0.713293 -0.810943
-0.773571 0.077055
1.741017 -1.144354
-1.661618 -0.220043
0.384117 -0.608727
0.131769 0.530822
-0.566301 1.439168
-1.782361 -0.295689
-1.942570 -0.168550
0.759094 -0.628619
-0.483813 -1.282901
-1.709222 -0.099394
-0.371210 -1.072659
-0.687767 1.556234
0.703037 -0.671114
-1.922919 -1.715690
1.502477 -1.271806
-0.685760 1.686065
1.718997 0.478100
-0.311128 -2.577369
-0.830930 -0.035398
-0.607797 -1.362746
1.703760 -1.339450
-1.652848 -1.827646
1.655481 0.321076
-0.733838 1.300012
-0.794678 -0.084860
0.655404 -0.613866
1.725375 0.522100
0.633100 -0.626966
-0.679832 1.497481
-0.623489 1.541687
-0.623177 1.658580
0.615614 -0.903823
1.454691 0.468507
1.876943 -1.367919
-0.644632 1.597966
-0.074735 -2.559676
1.760020 -1.456596
-0.748182 -0.014534
-0.217912 -2.534013
-0.374248 1.422624
-0.522561 -0.272070
-0.487930 -1.307384
0.509732 -0.480402
0.607079 -0.664878
0.852834 -0.682934
0.687593 -0.809435
-0.554072 -1.365521
-0.445166 -1.278948
1.850698 -1.293997
-0.539598 -1.409427
-0.550341 -1.024233
-0.794114 -0.134813
-0.536728 1.461354
-0.707506 0.126901
-1.539275 -1.776546
1.620415 0.439964
-1.790626 -0.279037
-1.678549 -1.716917
1.502553 0.455814
0.154967 -2.456006
-1.697027 -1.680127
1.633437 -1.302260
1.952265 -1.273972
1.302308 0.434889
-1.610655 -1.680332
-1.726417 -0.308551
-0.564449 1.604337
-0.994715 -0.094445
0.572386 -0.700775
0.600273 -0.855923
-0.597662 0.107845
-0.094119 -2.618829
-1.877455 -0.431891
-1.771659 -0.318077
-1.569783 -1.550168
1.680537 -1.046868
-0.569991 -0.134741
1.931664 -1.309355
0.513118 -0.827750
-0.183836 -2.791054
1.495564 0.415750
0.496026 -0.369741
0.590783 -0.589488
-1.699280 -1.712150
0.600471 -0.872789
0.797477 -0.817256
0.501672 -0.779964
1.648391 -1.280346
0.809902 -0.664474
-0.526140 -0.120408
-1.862125 -0.417845
-1.776426 -0.345869
0.323395 0.638811
0.843308 -0.706211
-0.737416 1.718418
-0.592303 1.560362
-0.467475 1.427528
-0.531463 -0.170279
-1.851910 -0.175028
0.036110 -2.750966
1.543375 0.437942
-1.900277 -0.336102
0.237815 0.571428
0.401330 0.543842
-0.671471 -1.208200
-1.781200 -1.369016
-0.500766 1.626195
-0.527218 -1.250661
1.482717 0.439284
-0.665035 1.382140
-0.227424 -2.481899
-0.499747 -0.084100
-1.660551 -0.355169
-1.731739 -0.171580
1.544255 -1.442990
0.087743 0.480971
-1.497529 -1.664180
-1.569965 -1.766129
-0.774279 0.020762
-1.621662 -0.426125
-0.542125 1.497422
-0.818641 1.420052
0.361811 0.633420
-0.512062 -1.318585
-1.793590 -1.743161
-0.617121 1.443795
-0.497374 -1.420381
1.653321 0.593803
-0.622981 -0.049290
1.769864 -1.266660
-0.002257 0.340182
-0.125812 -2.560741
-0.591992 1.691279
0.290675 0.382159
0.515455 -0.660845
0.478728 -0.570444
-0.746567 0.140558
-0.738755 -0.146409
-0.712223 1.406981
-0.905005 -0.014047
1.641759 -1.268760
1.748999 -1.253916
0.761359 -0.771383
-1.956637 -0.420716
-1.625235 -0.285694
1.507246 -1.102646
-1.741320 -0.378645
-0.287406 -2.666848
0.374194 -0.708799
-0.340457 -1.411325
-0.240666 -2.572552
0.794044 -0.573747
-0.726473 -0.188756
-0.528843 -1.307921
0.659574 -0.752441
-0.239296 -2.763422
-0.387147 -1.192309
-0.182581 -2.539487
0.334283 0.420768
0.219202 0.425404
-0.780999 1.615689
-0.790343 -0.157190
-0.391832 -0.181891
0.066554 -2.559305
-0.161760 -2.701344
-0.752897 0.016410
0.257767 0.654313
1.630450 0.453166
1.777971 -1.312838
0.592495 -0.491680
-0.649920 -1.304754
-1.798587 -1.533810
0.290400 0.367346
1.592749 0.378094
-1.902203 -0.270471
1.514497 0.499688
-1.824154 -1.736666
-0.148287 -2.805074
-0.419069 -1.156024
0.417606 0.446788
-0.352081 -1.178459
1.473113 0.601916
-0.704150 1.593728
1.623025 -1.194464
-1.604443 -1.450292
-1.702039 -1.603044
1.821266 -1.285880
0.273457 0.663216
-0.437460 -1.238303
0.489288 -0.767284
-0.642469 -0.024130
-0.615481 -0.211643
1.696708 -1.199132
0.694525 -0.506846
-0.777223 -0.064014
-1.725318 -0.319647
1.713112 0.572049
-0.132251 -2.614892
1.800469 -1.447669
-0.001694 -2.593932
-0.307237 -1.315717
-0.623779 1.382433
-0.811064 -0.134926
0.217561 0.367071
0.450021 0.555282
0.767744 -0.844380
-1.571884 -1.723984
0.068784 0.402882
-0.698433 1.327125
-0.507600 1.535342
1.711374 -1.400385
-0.755920 1.464269
-1.736092 -1.578055
0.195916 0.505381
-0.107522 -2.632654
0.595671 -0.745711
1.465603 0.433458
1.712469 -1.294870
-1.645350 -1.716679
0.206782 0.578413
-1.879059 -1.510028
-1.797969 -0.176446
-1.538741 -1.603946
-0.218145 -2.761291
0.735477 -0.846954
1.818304 -1.370810
-0.594207 1.521602
-1.742666 -0.171786
0.265886 0.649351
-0.604264 1.544185
-0.032839 -2.591289
-0.401095 -1.404767
-0.381016 1.494871
0.264826 0.482462
-0.148871 -2.462464
-1.952355 -0.203855
0.352428 0.517460
0.552137 -0.598003
-0.183989 -2.360042
0.541765 -0.467007
-0.685528 1.685603
1.711774 0.503289
0.098075 0.430474
1.566723 0.421603
0.312977 0.586761
1.915956 -1.344134
-0.701471 -0.182527
1.467315 0.393171
-1.568715 -0.386534
-0.477906 -1.070746
0.093306 -2.529071
0.337421 0.326624
-0.044715 -2.641384
-0.399912 1.466128
-0.091872 -2.647821
1.498586 0.511481
-0.771770 1.602034
-0.516136 -1.164268
-0.763727 -0.035592
-0.070302 -2.644836
-0.561829 1.579779
-0.382247 -1.374098
-0.258217 -2.630365
0.661625 -0.621434
0.245174 0.472689
1.551970 -1.163666
-0.685357 -1.178002
1.530289 0.399268
-0.372165 -1.532811
-1.837032 -1.564042
1.694592 -1.256830
-0.490008 -1.494750
0.451712 -0.704921
1.704187 0.486600
-1.934441 -0.378028
-0.831260 -0.017350
-0.636540 1.388857
-1.630260 -0.317253
1.768682 -1.491926
0.450004 -0.748953
0.701490 -0.807721
1.674539 -1.149237
-0.395105 1.300905
-1.762922 -1.792889
-1.648207 -1.640172
0.548884 -0.856791
-1.758494 -1.669834
0.419905 0.406532
-0.790170 -0.050399
-1.774828 -0.177643
-0.600655 -1.288691
-1.342696 -1.689688
1.711729 0.637436
-0.645604 1.516823
-0.425364 -1.115082
0.162332 0.638924
-0.390537 1.482675
1.621669 0.561486
1.812109 -1.399942
0.592268 -0.700565
-1.868546 -0.427164
1.776902 -1.386694
-0.466329 -1.184505
1.555843 0.423851
-0.432315 1.626463
0.437873 -0.567907
-0.828761 -0.073115
-0.422597 -0.174783
1.550002 0.565497
-1.827855 -0.198550
-0.746211 -0.086537
-0.745416 -0.134577
-0.139815 -2.701533
-0.638075 -0.066232
1.433685 0.302915
-0.702586 1.660453
-0.098216 -2.362023
-1.791096 -0.352696
-0.777504 1.421839
-0.474623 -1.361337
-1.855368 -0.416330
-0.569178 -1.217159
1.572916 -1.113589
1.560120 0.555054
-0.072379 -2.516922
-1.711053 -1.837340
1.725022 -1.297695
