2000 2
-1.136726 2.082351
1.877808 -2.606773
1.868473 0.170889
-1.369698 -0.588095
-1.420116 -0.523336
1.055770 2.054177
-0.510508 -2.498194
2.010660 -2.692423
-2.033239 1.041585
-2.099446 0.882486
0.712730 1.926470
-0.412416 0.203665
2.076936 0.196434
1.956002 -2.739542
1.898138 0.284606
2.029580 -2.928379
1.025033 1.840747
-0.329353 -2.324125
3.871074 -1.013930
-0.159395 0.293835
0.761185 -1.231322
0.936223 1.811963
3.818463 -0.924257
-1.103668 2.024304
2.101539 -2.840312
2.021797 0.192470
1.890301 -2.875364
-0.960066 2.028978
-0.368657 0.507185
-0.249894 0.236798
-0.299600 -2.448464
2.062297 -2.735263
2.091604 -2.959879
0.897454 1.782239
-1.578693 -0.704720
-1.614033 -0.652813
-0.380310 -2.505260
2.031411 0.108239
-0.290085 0.397965
1.696703 0.257829
-2.165125 0.753835
2.022336 -2.921816
3.797914 -1.025570
0.787860 1.862947
2.139629 -2.657547
3.836241 -1.130116
-1.078272 1.982690
4.036739 -0.883532
-2.079558 0.899276
-0.348263 -2.635044
-1.163712 2.134778
0.818572 1.754562
-0.345804 -2.598677
-0.279837 -2.346023
0.988253 1.891577
0.856018 1.927967
-1.921100 1.012960
2.203098 -2.766930
-0.380172 -2.344717
0.956753 1.800608
-0.319326 -2.521209
-1.607546 -0.811828
1.779521 0.212316
1.696652 0.340257
0.811147 1.940482
3.663389 -1.001882
-2.195578 0.935243
1.929911 -0.010657
2.125592 -2.847035
1.807245 0.318670
-0.313558 0.426162
-0.341070 0.364894
-0.969230 2.207173
-0.351390 -2.543772
1.137398 2.082446
-2.012175 0.758255
-0.449295 -2.528889
-0.299639 0.393811
-1.509846 -0.746973
0.816125 2.076694
-0.177964 -2.303731
0.745937 -1.098008
0.739800 -1.020339
-1.759027 -0.843295
-1.554184 -0.719650
0.763059 -1.267841
-0.429786 -2.573770
-0.198132 0.342396
-0.499389 -2.486567
-0.385830 0.406929
0.875782 1.930546
-1.656609 -0.825985
-0.087358 0.212256
-0.328229 -2.323966
-0.226696 0.283509
-2.033485 0.795489
-0.279984 -2.230680
1.859790 0.114111
-1.914914 0.728210
0.582911 -1.073846
0.761675 -0.935694
3.726635 -1.079819
0.928977 -1.049777
-0.445400 -2.382717
1.952919 0.197607
1.743078 0.164008
0.840524 1.987193
0.967655 2.081326
-0.131835 0.380965
-0.266805 0.425036
0.993070 1.841369
-1.677248 -0.997797
0.882688 1.732789
-1.006986 2.149425
-2.228732 0.839811
0.798274 2.072487
-0.258599 0.210705
-0.267429 0.217915
0.942092 1.928273
-0.989235 2.282173
3.886549 -0.843426
-1.022824 2.010839
2.083972 -2.613887
-1.719353 -0.699793
1.848598 0.082836
-2.179143 0.755187
-0.116139 0.374187
-0.392510 -2.341858
3.998403 -0.852484
3.852598 -0.746871
3.917887 -0.808049
-0.530962 -2.453357
-2.024149 1.023538
-1.023558 1.976438
-1.142202 2.022906
0.506717 -1.154124
-0.402981 -2.476117
-0.392200 0.430420
-1.137614 2.110167
0.959837 2.141543
3.946733 -0.814788
-1.499239 -0.691976
-2.157356 0.693357
-0.383352 0.314156
1.897179 0.026807
-0.312556 0.262948
-0.412313 -2.300976
-1.542955 -0.655036
1.851825 0.069025
-0.131739 0.384952
-1.649385 -0.539433
0.726719 -1.354130
-1.959445 0.735546
-1.166806 2.256039
0.942519 -1.060604
-0.152537 0.488563
1.906028 -2.835752
-1.885603 0.904304
-0.995000 2.100921
-1.533007 -0.766640
-1.697530 -0.947735
1.071376 1.981949
-0.097637 0.391517
-1.021840 2.201449
3.731173 -0.966765
0.725888 2.044042
0.882434 -1.009167
0.709701 -1.189788
1.971847 0.160608
3.756989 -0.975460
3.930131 -1.062358
-0.976377 1.993772
-1.022239 2.149057
-1.979254 0.964703
1.983022 -2.929828
-2.015531 1.050847
-0.318491 -2.342191
1.922212 0.116435
-1.547454 -0.824307
-1.406374 -0.701455
3.624049 -0.966052
-1.630321 -0.843983
-0.552720 -2.437812
1.889030 0.094179
1.829344 0.120094
1.025076 1.842337
2.141617 -2.709482
-1.637219 -0.999712
2.037066 -2.608273
0.565853 -1.250340
1.011972 2.046329
-1.443386 -0.741023
-1.876884 0.957724
-1.044130 2.156629
-1.172694 1.972746
1.892858 -2.839297
-0.078995 0.369140
0.778330 1.867267
2.023163 0.247924
-1.770836 -1.041093
3.769005 -0.767106
1.942945 -2.706517
-1.972376 0.839293
-0.574447 -2.537634
1.924787 0.239073
-0.190056 0.514938
-0.102058 0.228351
-0.492406 -2.342352
3.879450 -0.778473
1.888863 -2.692374
1.954808 0.186978
0.874399 1.831945
-1.525322 -0.608614
3.961909 -1.021626
0.761646 1.815840
-2.085483 0.871818
-0.228947 0.483637
-0.338077 -2.630178
-2.017955 0.798731
-0.414782 -2.633905
0.578854 -1.140363
-1.931852 0.940166
1.878292 0.135075
-2.229186 0.771262
-1.185668 2.164592
-0.067789 0.332797
-0.444365 -2.553400
-0.451376 -2.295621
1.913619 -2.745210
-2.093549 0.792439
2.132239 -2.803558
-0.415087 -2.595747
-0.246240 0.281351
-2.045480 0.774590
0.844955 1.828858
1.801376 0.103478
-1.631717 -0.567803
0.701798 -0.918841
-0.994658 2.130376
1.844281 0.053382
0.565856 -1.150733
1.096653 2.115455
-0.081279 0.319634
0.893590 2.035623
2.124585 -2.985846
0.916602 1.858808
-1.114725 2.170967
0.984224 1.831481
1.818023 0.010130
-0.952138 2.336303
3.981544 -0.920150
0.651308 -1.013180
1.915770 0.307716
1.962107 0.377441
3.809221 -0.890558
0.654035 -1.043360
-0.503338 -2.248079
0.627093 -0.996221
-2.041429 0.915362
3.967594 -1.020731
3.758914 -0.907722
-0.231161 0.201638
-0.366997 -2.531879
0.763515 -1.197915
-0.915188 2.224313
-0.887976 2.020603
-0.106184 0.291297
-1.684114 -0.971852
1.858690 0.258463
-0.246063 0.123510
0.762795 -0.999082
-2.028861 0.923016
1.962462 -2.682863
1.810962 0.374873
0.815150 -1.068577
-1.124840 2.233879
4.074348 -0.905885
-1.461290 -0.694146
-0.157941 0.296388
2.113124 -2.697084
0.812720 1.782507
3.843912 -0.987281
-2.148202 0.782616
1.871591 0.266850
-0.465365 -2.548861
2.083687 -2.829823
-1.642130 -0.755818
0.511226 -1.177225
-0.145868 0.251468
1.830156 0.076323
1.070817 1.986633
1.986445 -2.888336
1.837918 0.173579
1.966596 0.175211
0.581904 -1.189748
2.102463 -2.489228
0.843839 -1.041008
-1.355478 -0.848675
3.897830 -1.077108
-0.127251 0.533878
-2.025735 0.700172
-0.232254 0.502865
2.007530 0.006274
-1.533918 -0.835537
0.869111 1.919646
0.608067 -1.011623
-0.286861 0.293497
-1.648824 -0.786916
0.644977 -1.201728
0.777883 -0.911339
0.789593 -1.187878
3.905235 -0.859315
2.016337 -2.619343
-0.296298 0.318031
1.075705 1.919117
3.664239 -0.775217
-0.358195 -2.540130
-0.181433 0.385833
-0.216229 -2.490147
0.829694 1.928781
0.869070 2.021834
-1.824326 0.817077
3.757268 -0.870624
-0.368901 -2.440391
-2.108537 0.870307
4.007921 -1.032370
0.955269 1.812663
3.894141 -1.000133
-0.915370 2.048744
-2.013711 0.837110
0.891881 1.794653
3.900914 -1.048923
-1.869903 1.023160
0.892451 1.855781
1.941311 0.020131
-0.156439 0.212538
0.564624 -1.013346
3.765502 -0.870891
3.929068 -0.823722
-1.556921 -0.739558
-2.190283 0.961115
-0.182752 0.219577
-1.115465 1.933924
3.972724 -0.845427
1.896765 0.254236
-0.373158 -2.606215
-0.294004 0.234907
-0.475186 -2.512691
3.959923 -0.887333
-2.198064 0.868942
0.901610 2.048484
-2.122471 0.822518
-1.661351 -0.736153
2.113677 -2.785017
0.895861 1.855583
0.789061 -1.156121
1.077235 1.920147
-0.860782 2.025239
-1.984128 0.711549
0.595526 -1.004422
-2.144145 0.758574
-0.272689 -2.320951
0.794013 -1.090318
0.759308 -1.246967
1.905185 -2.843790
-1.096728 2.108892
-1.889736 1.041231
-1.403344 -0.697118
0.733461 -1.085349
2.170299 -2.813965
-0.268774 0.454026
-1.674442 -0.853461
-0.232302 0.286596
-0.080579 0.386677
3.972591 -0.899286
-1.770409 -0.760694
0.846066 2.067867
1.997279 0.108967
-0.242839 -2.358243
-0.893288 2.207691
-1.914972 1.052758
-1.976363 1.028523
-0.396447 0.407286
1.789763 0.235104
1.940045 0.125266
-1.449688 -0.685980
-1.551837 -0.919385
0.929926 2.049442
3.782070 -1.070683
0.833413 -1.115475
-1.007431 2.160668
0.764109 -1.302640
-2.077895 1.047506
2.093403 -2.993868
3.967836 -0.952821
-1.104409 2.256184
-0.268588 0.226026
0.976209 2.017941
-0.320093 0.526487
-0.246202 -2.440991
0.784289 -1.111018
0.819283 2.072429
1.978413 -2.720526
-1.080886 2.208788
0.714518 -1.176993
-2.120555 0.752239
0.860257 -1.049662
-0.367222 0.189959
-1.594547 -0.755932
-0.074106 0.286136
-2.023135 0.659361
1.031963 2.034723
2.152363 -2.907656
3.631108 -0.685082
-2.192372 0.739563
-0.240227 -2.386186
2.067325 -2.882623
2.049733 -2.596689
-1.067352 2.109823
3.846331 -0.819339
-0.323078 -2.602751
-0.023600 0.406299
3.733584 -1.010166
3.880354 -0.726128
-1.679254 -0.737716
2.102543 -2.607024
1.016333 1.977586
-1.511236 -0.719025
-1.007114 2.083303
-0.988178 2.208528
-2.108037 0.981732
-1.553411 -0.952574
1.814425 0.017706
1.841745 0.107609
-1.089500 2.398913
2.184999 -2.778258
0.545317 -0.964627
-2.067874 0.982846
-0.874254 2.288462
-1.820294 -0.473413
3.867651 -0.757275
0.555178 -1.236372
-1.704600 -0.649157
-1.727034 -0.803178
-0.986900 2.163908
3.897460 -0.888022
2.077236 -2.940426
3.862237 -0.781080
1.912520 -2.691571
-0.265196 -2.536934
0.776900 2.071749
2.125392 0.006168
0.770647 -1.145720
0.798284 -1.089321
1.985282 -2.903888
-1.681243 -0.697977
-0.119207 0.368906
3.838672 -0.819938
-1.041709 2.131877
2.125927 -2.845767
0.900676 1.812042
-0.323210 -2.489310
-0.945499 2.214261
-0.054951 0.358605
-0.489186 -2.553824
3.928617 -0.777945
-1.710491 -0.977030
3.877132 -0.744723
1.684737 0.345265
-0.431742 0.425810
-0.348299 -2.554646
0.988787 1.847740
-0.281020 0.553406
0.846095 1.854717
1.081922 1.996218
1.828932 -2.663901
0.995559 1.994743
0.645797 -0.936233
1.763552 0.131441
0.696012 -1.144603
-0.994311 2.173796
-1.677243 -0.604062
-0.434960 -2.242281
-1.906550 0.797771
1.008404 2.170943
-0.478918 -2.352460
-1.161054 2.342384
1.933286 -2.878736
1.049481 2.011194
-0.407429 -2.385774
-0.328128 -2.532410
4.008713 -0.883980
2.195640 -2.726463
2.028544 0.099540
-2.171069 0.898075
-1.982716 0.826860
0.714963 -1.042789
-2.121019 1.008152
1.916396 0.219081
-2.106120 0.743468
-1.726416 -0.860874
-1.717080 -0.980378
-1.667360 -0.506271
1.836129 0.154335
2.136863 -2.635970
2.020672 0.085369
1.951995 -2.646448
-0.944037 2.306533
0.697341 -1.309000
1.985193 -2.622793
-0.318963 0.449272
-1.660825 -0.956395
-0.276530 -2.397697
-0.195037 0.332205
-0.506344 -2.458869
2.033922 0.133881
-1.181525 1.946563
-1.454113 -1.026571
3.933993 -0.843746
0.583651 -1.136203
-1.036379 2.140656
2.153004 -2.793318
-1.996754 0.882380
-1.539793 -0.873768
2.161422 -2.717673
-0.198244 -2.467490
-0.348719 -2.391664
-1.119851 2.001891
-0.168359 0.464623
-0.821426 2.223533
-1.999006 1.078235
-2.129335 0.949671
3.932922 -0.965756
0.864644 2.073486
3.836059 -0.945817
-1.912154 0.934200
-0.417911 -2.350556
-2.199858 0.955476
-1.963055 1.019736
-0.356296 -2.419516
1.142803 2.007147
-2.026278 0.751688
-1.511714 -0.867647
-2.100335 0.859355
1.871324 0.097159
-0.119956 0.505068
-1.665247 -0.683533
-0.908419 2.166104
-0.402568 -2.329197
0.809039 2.028975
-0.530391 -2.373667
0.848018 -1.203763
-1.011646 2.173695
-1.986486 1.070900
3.774686 -1.073463
2.029657 0.250815
0.831274 -1.068307
-0.188071 0.153121
0.804270 -1.083449
-1.728856 -0.791583
-1.056779 2.138808
-1.711767 -0.763518
-0.208941 0.476508
-1.583318 -0.792554
-0.522514 -2.668163
-0.439693 -2.567337
-0.982172 2.073090
-1.999993 1.031678
-2.185607 0.949061
-2.140692 0.758796
1.826212 0.026844
2.009265 0.149049
-1.133951 2.317356
-0.313352 0.439962
0.896973 2.012505
-0.183223 -2.554746
-1.609971 -0.674183
2.087472 -2.704064
-2.172426 0.686973
0.636043 -1.057158
2.079937 -2.708447
1.716351 0.008760
-0.960517 2.092599
-1.945020 0.937973
2.020775 -2.778415
0.663382 -1.045179
1.712671 0.269157
-1.026370 2.179748
3.977603 -0.932440
1.838747 -2.513205
0.723004 -0.980794
-0.197784 -2.529614
2.063471 0.102559
-1.126030 2.245827
-0.981696 2.076666
1.020322 2.082227
2.151812 -2.781633
0.922299 1.936478
-2.158534 0.893529
2.038148 -2.910942
0.744597 -0.998127
-2.240510 0.986286
-1.731144 -0.960579
-0.082975 0.366604
1.885900 0.154712
3.949795 -0.940581
-1.562307 -0.627882
-2.146651 0.982523
-0.367700 0.509470
0.623963 -1.191911
-2.067795 0.760276
1.700326 0.174285
3.808842 -1.010634
-1.166442 2.133621
-2.126857 0.812480
-1.550621 -0.995786
-2.105913 1.006870
3.865799 -1.052160
3.940181 -0.951820
0.730810 1.968728
4.007294 -0.994587
0.845124 -1.079810
2.064274 -2.942816
1.980148 0.333333
-0.451010 -2.476712
-1.986859 0.925991
1.958337 0.232127
-1.067616 2.341077
-0.906522 2.240577
1.915555 0.083388
3.802500 -0.893569
3.773669 -1.055393
2.132772 0.112175
-0.331775 -2.412224
2.204932 -2.765811
-1.137045 2.085953
1.929670 0.088527
0.937714 1.800375
3.782872 -0.898862
-1.047904 1.941168
1.793456 0.254427
2.041559 -2.815789
-0.946936 1.991254
0.654480 -1.171926
1.950966 0.180131
1.955089 -2.670483
2.005145 -2.456246
1.899236 -2.677022
2.095926 -2.828343
-1.652370 -0.927618
-2.148412 1.022255
-0.162465 0.294096
3.919312 -0.792814
-0.962252 2.191625
1.795710 0.063878
1.925158 0.224849
1.815184 0.178973
-0.175259 -2.374638
-0.506087 -2.325461
-2.097443 0.893826
-2.039511 0.830785
0.958898 2.108083
1.850803 0.122442
0.934054 2.122991
-0.505863 -2.273708
-0.271596 0.313449
-2.263942 0.918579
-0.315881 -2.283979
-1.105305 2.015541
-0.957165 2.263237
-1.456830 -0.985298
-1.007722 2.306982
0.919827 2.191621
-1.699856 -1.030023
0.655396 -0.969685
1.930398 0.041053
-1.722394 -0.982819
-1.155323 2.145529
-0.480709 -2.362101
-0.336599 0.329129
1.965571 0.311190
1.944819 0.279985
-0.158047 -2.401553
3.740949 -0.941634
2.084979 -2.838808
0.934930 2.106216
3.683240 -0.938919
2.021469 0.118653
2.125103 -2.843970
-0.051640 -2.478837
-2.140346 0.972208
1.010438 1.985029
3.860202 -0.892960
-0.523567 -2.291645
-1.866050 1.020513
1.021158 1.928560
-0.347973 -2.471125
-1.130061 2.183130
3.763668 -0.890111
-0.117694 0.247189
1.870290 0.155240
-0.273923 0.231102
3.826442 -1.068140
3.733465 -0.796175
-0.313455 0.481064
1.851709 0.381942
-1.493501 -0.808976
-0.426547 -2.389124
3.853080 -1.004274
1.938806 0.058578
1.982969 0.140532
1.020378 2.052634
1.844860 -0.011805
0.939817 2.117817
1.027350 1.819914
-0.274415 0.389745
-0.160234 0.433714
-0.148478 0.513214
0.919814 1.988482
-1.578776 -0.956946
0.763681 -1.099859
-0.844736 2.119635
-0.145235 -2.569612
2.034419 -2.618512
-2.181267 0.863877
-1.739684 -0.722423
2.109208 0.203986
-1.757470 -0.736611
-0.227327 -2.371624
-1.053561 2.293086
1.835138 0.311694
-0.292294 -2.447330
1.915287 -2.832976
2.119804 -2.792768
-0.182373 0.277854
2.088216 0.281526
-0.494739 -2.386183
3.741151 -0.976496
0.760605 -0.971730
-0.251108 -2.386787
1.050404 1.913033
3.718673 -0.935994
0.949331 2.086390
-0.225677 0.310018
-1.157822 2.207911
-0.502564 -2.468737
1.898985 0.255619
1.999696 0.119192
1.859590 -2.659841
0.824141 -0.961764
0.955280 2.084504
2.217129 -2.743912
0.590874 -0.981131
-0.371113 -2.551321
-0.908873 2.159525
-1.514133 -0.938142
-0.925382 2.053015
0.620710 -0.906114
2.038570 -2.729726
1.912137 0.259077
1.118304 1.942937
1.018410 1.859650
-1.103044 2.250971
-1.767176 -0.928215
-0.996048 2.097695
-1.499338 -0.584790
1.974115 -2.812937
3.733545 -0.847346
-0.447579 0.267946
1.077418 2.030631
-0.291243 -2.581830
1.925336 0.352987
0.904153 1.748360
0.572558 -1.084149
-1.596962 -0.701243
0.637385 -1.175241
3.759628 -0.801280
0.820590 2.063114
-1.583066 -0.674864
3.933429 -0.686737
1.012587 1.946522
0.707908 -1.021376
-2.144627 0.887130
0.591278 -1.258161
2.050388 -2.553737
1.962876 -2.867525
0.887328 1.831624
-0.037939 -2.371404
1.919874 -2.719657
-1.707126 -0.902382
-0.841821 2.135988
-0.264939 0.188527
1.990399 -2.545399
1.981827 -2.681406
0.919908 1.914015
1.848290 0.187136
-1.654883 -0.723603
-2.084710 1.022998
2.054536 -0.007580
0.918954 2.106757
1.065923 1.886815
1.998473 0.154947
2.030797 0.257452
0.934864 2.070664
-1.366832 -0.603061
-1.092734 2.321712
0.698636 -1.079044
0.630016 -1.056889
-2.289085 0.877547
-0.875388 2.294170
3.883410 -0.993209
-0.155970 0.292851
0.955679 1.838272
-1.545937 -0.915452
-0.104826 0.253391
1.952092 0.060367
0.599657 -1.186944
-1.896523 0.840379
1.071848 2.092913
0.873356 -1.101317
-1.795589 -0.921546
-1.102711 2.164707
-0.219863 0.484620
-1.553380 -0.921225
-0.317004 -2.494566
-1.633022 -0.745258
1.009403 2.073651
1.905733 -2.897996
3.915874 -0.861635
-1.072079 2.277168
-0.350826 0.135220
0.602653 -1.190748
-1.516850 -0.860139
0.723899 -1.016874
1.707097 0.351379
1.081159 1.827899
0.903347 2.019513
-1.326348 -0.819660
-0.248650 0.469719
3.911679 -0.916905
0.855994 1.979633
1.048544 2.047995
0.656086 -1.035235
0.997434 -1.009721
1.878029 -0.025012
-0.982317 2.181999
-0.463213 -2.483415
-0.201208 0.552230
-1.037005 2.287460
3.875000 -0.774758
-2.057947 0.727175
3.952259 -0.920142
-2.159305 0.770766
0.662715 -1.168967
0.519040 -1.260730
-1.552331 -0.719813
-0.951408 2.153200
1.942060 0.039113
0.996545 1.812154
3.774402 -0.702931
2.097119 -2.811136
1.873722 -2.649941
0.928603 1.930747
-0.229887 0.417309
-0.997678 1.991241
-0.155175 0.438787
-1.429309 -0.858774
-0.077908 0.503083
-1.436451 -0.751388
-0.916002 2.152980
-1.455091 -0.687627
-1.134964 2.266772
-1.504058 -0.976653
-0.448862 -2.474753
-1.662935 -0.741267
-0.263987 0.434494
1.934046 -2.830514
1.986826 -2.536052
2.066622 -2.695676
-0.133255 0.311920
-0.210632 -2.433218
1.999533 -2.752805
3.844485 -0.936460
-0.283404 0.351022
0.847717 -1.121236
-0.416454 -2.546653
0.433801 -1.155843
-1.688126 -0.900211
-0.287325 -2.569848
-1.015446 2.052608
-0.159429 0.207899
-1.002798 2.031778
-0.407820 0.507850
1.709426 0.072602
-0.302736 -2.469898
-0.977436 2.010133
-0.152078 0.433334
1.134367 1.954987
-0.402814 0.516973
3.799205 -0.780476
3.715802 -0.991484
0.779731 -1.262924
3.951441 -0.936104
-1.466267 -0.689580
2.110723 -2.681732
0.664981 -1.255602
0.614198 -0.998318
1.061531 2.019212
0.885590 1.947837
-0.188300 -2.476577
2.086263 -2.861178
0.829432 -1.261872
0.707376 -1.103160
1.938159 -2.860567
2.061459 0.154654
-0.153591 0.157786
3.885460 -0.752130
-1.970131 0.896782
-2.112907 0.845736
-1.974458 0.708565
3.923623 -0.976335
2.111291 0.276347
2.014720 -2.871146
0.946326 2.048724
1.073066 1.944769
4.028426 -1.043544
2.062359 -2.566874
-1.581433 -0.671346
0.581347 -1.116894
-0.349285 -2.463246
-0.989981 2.225522
1.958433 -2.676426
-0.163393 0.151107
0.811819 -1.039649
3.802072 -1.085913
-0.114956 -2.548504
-1.740149 -0.788079
1.849315 0.020253
0.863349 1.845388
-1.512924 -0.665688
-1.962065 0.878855
1.787999 0.250114
-0.167157 0.244902
1.994306 -2.901705
-1.073570 2.199232
-1.484558 -0.705301
-0.254949 -2.565292
1.760342 0.173148
0.695517 -1.256054
-0.095944 0.448578
0.860273 -0.980446
-2.216239 0.898283
-1.509929 -0.908313
-1.069176 2.160398
3.946060 -0.765948
-2.253372 0.916162
-2.010194 0.921967
0.892473 1.999406
0.778960 1.845379
-1.585554 -0.981559
3.857910 -1.020426
1.879060 0.107006
3.908585 -0.968239
-0.556335 -2.442614
-0.379809 -2.591512
-1.718035 -0.743098
-2.205270 0.896793
-0.402219 -2.296298
3.634309 -0.884660
1.025000 2.119622
-1.731402 -0.808144
0.792306 -1.376197
1.973868 -2.685495
0.843360 1.965090
-0.031146 0.355788
-1.117006 2.215541
2.006554 -2.840633
-0.225827 -2.474819
-1.018375 2.207882
-2.177198 0.866287
3.706506 -0.898755
3.942719 -0.851263
1.981975 -2.824287
-2.168180 0.929458
-1.613113 -0.828389
-0.465317 -2.543530
2.141873 -2.606217
0.688861 -1.369299
-1.022122 2.235714
3.769218 -1.052407
-1.067589 2.168808
3.798065 -0.937350
0.569799 -1.054837
-0.319880 -2.438695
-1.736650 -0.574500
-0.363343 -2.496453
-2.010401 0.866231
-0.245831 0.162260
0.719429 -1.143308
0.818059 1.772341
3.972477 -0.952839
2.067476 0.195704
-1.104766 2.216863
4.013044 -0.910477
-1.939800 0.847891
-1.428161 -0.776118
0.863593 1.843499
0.720530 -1.238075
-0.915696 1.986402
1.766904 0.240241
2.023256 0.117923
-1.605482 -0.982060
0.699314 -1.134163
-2.041441 0.896999
0.899748 1.983610
3.658334 -1.041469
1.839323 0.324841
-0.319226 0.383067
-1.769818 -0.751202
-2.057184 0.731960
0.720555 -1.318768
2.177626 -2.553445
0.946314 1.768613
-1.712221 -0.884978
-1.656551 -0.958177
-0.207742 0.244405
-1.518442 -0.920029
1.990002 -2.656860
0.748482 -0.896832
-0.244131 0.196088
2.152970 -2.580352
2.165811 -2.950849
0.842077 1.905753
-1.561557 -0.701555
0.489582 -0.984190
0.900334 -1.185846
0.772648 -1.144868
-1.472496 -0.748760
3.858946 -0.788335
3.834548 -0.837605
-1.527496 -0.894172
0.727441 -1.220841
-1.387132 -0.875526
-0.157370 0.475008
-0.458960 0.221389
-0.995607 1.928970
1.123109 1.969620
2.128659 -2.688560
-2.081137 0.811128
2.174228 -2.668460
-1.033727 2.059654
3.949675 -0.847270
-0.992513 1.985865
-1.961469 0.996557
2.220184 -2.720262
-1.383364 -0.764804
-0.323853 0.536631
3.743855 -0.985356
-0.978602 2.014838
2.055451 0.189688
1.798838 0.246645
0.718005 -1.104104
0.681414 -1.223549
2.182429 -2.908081
0.702921 -1.211966
2.172451 0.125596
-0.205247 0.508360
1.927377 -2.779778
3.943800 -0.922616
0.905822 1.916362
0.600859 -1.034959
0.753903 1.835850
-1.639264 -0.664305
3.806163 -0.786228
-1.897281 0.585940
-1.768908 -0.845181
1.956130 0.342048
2.018942 -2.616152
1.748136 0.046570
-1.933160 0.955681
3.760579 -0.972478
-0.959551 2.085493
-1.597706 -0.817565
1.990929 0.292737
-0.567158 -2.400908
-1.966610 0.838498
1.955573 0.267459
-2.136687 0.806341
-0.156070 0.469870
-1.121916 2.008083
-0.145461 0.449939
1.898834 0.290129
-1.077270 2.169075
3.689354 -0.802824
2.086870 0.176841
-0.404584 0.371418
0.746540 -1.044341
-1.861353 0.741757
0.767568 -1.161319
2.137793 -2.763733
-0.408432 0.370225
-1.429603 -0.743810
-1.664046 0.705611
1.759122 0.287618
2.070825 -2.899074
1.898375 -2.780907
0.855707 1.911849
1.907714 -2.753537
3.890389 -1.016450
-0.261548 -2.373021
1.887387 0.301453
-0.394731 -2.615580
-0.326528 -2.424773
-2.041050 1.086047
-1.534211 -0.895085
-1.604654 -0.960289
-1.646213 -0.580708
-0.890550 1.906417
0.679796 -1.012925
2.103788 -2.816378
-0.114351 0.376210
1.886603 0.126475
-0.331943 0.450297
-0.327522 -2.320390
3.720960 -0.957689
0.860452 -1.098178
-1.114768 2.114319
1.830670 0.031311
3.883142 -1.067354
-1.134574 2.089763
-0.858410 2.123747
0.869798 1.893394
1.882652 -0.033278
-0.100396 0.294502
0.945957 1.764352
-0.893406 2.183884
-1.927815 0.686967
-0.258063 -2.528196
-1.196973 2.192070
-0.308448 -2.503727
-1.548802 -0.753848
1.942288 0.084046
3.816769 -0.758928
2.039125 -2.529095
3.888812 -0.740369
0.805789 2.046520
1.855540 0.009040
-0.316950 0.416461
-1.559816 -0.685784
-1.103873 2.022018
2.195806 -2.831539
0.938208 2.129342
-0.324878 -2.414223
1.029374 1.897601
1.177290 1.855433
-0.176036 0.453617
-0.318172 0.124954
2.233780 -2.795527
0.719657 -1.230635
-0.996842 2.345562
0.671726 -1.192719
-1.083035 2.260311
-1.058527 2.303108
4.010706 -0.892243
-1.057151 2.246820
-1.066571 2.084787
0.901199 1.673227
0.610497 -1.113009
1.893229 -2.787233
0.822605 -1.240429
-1.531611 -0.788465
1.887103 0.055523
1.995446 0.181009
1.832104 0.013876
2.075491 -2.823056
3.965698 -0.927038
0.781182 -1.072058
-1.587180 -0.618414
-1.055289 1.957827
-0.308729 -2.276637
-0.203449 0.306580
-0.285740 -2.447468
3.907048 -0.927064
0.793306 -1.116386
-0.359497 -2.490262
-1.668221 -0.903011
-0.020532 0.431721
-0.296673 0.482386
-0.417000 -2.205403
3.793777 -0.852702
-0.289378 0.492054
-1.766343 -0.829691
2.169518 -2.666963
0.791140 -1.153097
2.141026 -2.775425
0.947794 1.866289
-2.108021 0.851411
1.834275 0.225338
-0.351653 0.537627
-1.744080 -0.685450
1.878572 -2.696299
-1.455411 -0.845625
2.040288 -2.918780
0.698150 -1.060340
0.868436 -1.073917
0.881968 2.173092
3.890019 -0.920158
0.924641 -1.130988
0.967634 2.137940
-0.223233 0.233590
2.197721 -2.826988
3.641697 -0.880373
-0.484693 -2.554683
-1.700757 -0.861732
-1.155822 2.085158
-0.429424 -2.367600
-0.421514 0.590158
-1.650759 -0.666102
3.893205 -0.791663
0.851289 -1.181355
-1.758712 -1.033667
0.660565 -1.276034
-1.717323 -0.626938
-1.712733 -0.827326
0.595147 -1.228079
0.718229 1.749396
-0.333784 0.237334
1.817522 0.070843
0.526265 -1.142404
0.865610 -1.279305
2.056556 -2.760535
-0.304654 -2.431819
1.883014 -2.792865
3.796857 -0.898542
1.962773 -2.920920
-0.903471 2.288837
1.130368 1.927809
-1.545871 -0.679650
2.040974 -2.744405
2.198424 -2.705773
0.827861 -1.322223
-0.406902 -2.532734
0.972180 1.874704
-2.030626 0.902123
-0.382764 0.546000
0.885712 1.988852
2.045235 -2.758441
-0.457165 -2.592370
-1.479516 -1.042548
-0.943879 2.243019
0.772271 1.809649
-1.220536 2.015101
1.126670 1.922490
2.220342 -2.866919
2.128653 -2.877181
1.050229 1.787510
-0.197836 0.318755
1.980906 -2.922349
-0.973105 2.086055
0.730276 -1.155220
2.164182 -2.547243
1.008787 1.885412
3.894919 -0.890334
-2.250088 0.806809
-0.490769 -2.584368
3.894330 -0.927160
0.809108 -0.948252
-0.181326 0.358435
3.885376 -0.977908
2.212817 -2.666273
3.766511 -0.717075
-1.436365 -0.803288
-1.309210 -0.785449
0.816552 1.725504
0.853063 -0.962250
3.830420 -0.839393
-0.031246 0.293135
2.061926 -2.835977
1.793885 0.194073
0.960955 2.021967
-1.746407 -0.954838
1.122678 1.829062
2.079689 -2.545838
0.502875 -1.259557
3.849159 -0.766729
-1.936890 1.056209
-0.896872 2.225619
2.168503 -2.725327
-0.216312 -2.550944
-0.104869 0.505748
-0.193606 0.349898
-0.298277 -2.603457
-1.039503 2.229464
-1.433254 -0.815775
-1.578244 -0.780463
2.070076 -2.577723
0.777526 -1.001057
-1.099434 2.141047
-0.278319 0.311187
3.742536 -0.996071
-0.254975 0.496415
0.654397 -1.020264
-0.988941 2.247916
1.973645 0.065199
-0.319067 -2.597595
-0.310768 0.478243
2.031180 -2.913590
2.056402 -2.930238
3.752079 -0.911047
-1.579755 -0.871575
-0.225328 0.265976
-0.009062 0.386527
0.615108 -0.924756
0.794994 -1.279661
-0.438267 -2.320688
-2.146845 0.817315
0.749770 -1.015710
-1.989439 1.085003
-1.443656 -0.667876
1.845917 0.128152
-0.919503 2.229047
2.199612 -2.876388
3.748895 -1.074474
0.831729 2.043586
0.767173 2.024002
-0.318371 -2.316461
0.604472 -1.273213
-1.475771 -0.750484
-1.089307 2.104806
0.798312 -1.296058
0.876603 -1.170809
0.819217 1.927167
-1.536707 -0.959870
2.246291 -2.717874
1.137515 2.015606
-0.920016 2.327730
0.892095 -1.011653
-2.235388 0.904181
2.209704 -2.944682
-0.395073 -2.309040
-0.330057 -2.610120
-0.201700 -2.305161
1.984439 0.276170
-0.077652 -2.323972
-1.616519 -0.786990
3.988342 -0.796908
-2.002527 0.751559
0.879873 1.768717
-0.258915 -2.408560
3.757516 -0.906006
-1.141461 2.317907
0.844194 -1.069102
-0.300134 0.438513
-2.247500 0.937617
-2.054531 0.804316
-2.090576 0.852729
2.014549 -2.655198
-1.620212 -0.983034
-0.283667 0.423843
-1.041555 2.306852
1.923591 0.144312
2.008142 -2.822697
0.971288 2.076613
-0.253197 -2.394113
-1.560045 -0.661361
2.128220 -2.783538
1.709062 0.106420
-0.223340 -2.358740
-1.578490 -0.625634
-1.088094 2.224565
1.779780 0.066061
-1.089699 2.065781
0.864155 1.772329
3.751239 -0.912206
-1.052632 2.183609
-0.399317 -2.375616
-2.103357 0.833164
-0.312820 -2.422668
1.937726 0.222281
-0.207545 0.463545
2.167384 -2.667485
-0.407900 -2.668513
1.830518 0.211565
-0.432885 0.336523
3.969083 -1.046417
-2.147538 0.837789
0.626134 -1.295758
-0.035733 0.366096
3.989861 -1.077785
1.926987 -2.872925
0.861043 2.028185
3.945592 -0.865741
-1.527919 -0.818979
-0.864640 2.298245
1.965132 -2.683993
0.559568 -0.988891
-0.999078 2.044928
2.041193 -2.634551
0.663165 -0.861923
-0.079148 0.400432
2.070165 -2.680576
-2.013050 1.126604
1.937022 -2.877367
-1.621231 -0.775812
0.945392 1.997438
-2.015665 0.819396
2.065485 -2.583452
3.789359 -1.022565
1.098163 1.924324
0.651409 -1.241349
-2.061358 0.881171
0.844144 -1.183066
-1.953458 0.858217
3.951977 -0.986557
-0.946428 2.225610
-2.211070 0.996674
-1.019191 2.082480
-1.761448 -0.765207
0.666017 -1.140645
2.170940 -2.807065
1.948429 0.081172
0.733816 -1.241171
1.777724 0.170656
-0.301560 -2.410488
2.148826 -2.893126
2.051579 -2.686640
0.900200 -1.061686
-0.460282 -2.513379
-1.604952 -0.971957
-1.516053 -0.609808
-0.306403 0.373812
-0.958071 1.976072
-1.543044 -0.763959
-1.897964 0.752558
0.977034 2.103889
-2.114048 0.688144
-1.136680 2.306813
0.592813 -0.997577
-1.650952 -0.595758
-1.585753 -0.732846
-1.931923 0.893971
-1.382625 -0.704862
-0.267186 0.594860
2.031179 -2.580081
2.022537 -2.833820
-1.544122 -0.629166
1.934493 -2.858706
-0.393573 -2.379304
1.725533 0.158712
-1.030755 2.268904
-0.897037 2.134909
-1.493290 -0.669836
-0.948711 1.899930
1.989065 0.057670
-1.930556 0.833062
1.738812 0.233939
-2.082897 0.947565
0.641957 -1.267080
-1.158739 2.204316
3.941595 -0.829120
1.129014 1.940479
3.716604 -1.091865
1.716351 0.047343
-2.260080 0.897819
-0.243872 -2.486782
-1.114444 2.106165
2.019905 -2.774019
-0.379496 -2.359738
1.939516 -0.027483
-0.288783 -2.363972
-0.194619 -2.544472
1.933302 -0.097465
2.100316 -2.671831
0.938937 1.897279
0.822606 -1.142836
3.811503 -0.858347
-1.936045 0.901070
1.820120 0.110291
-0.302971 0.261238
-0.143410 0.388172
-1.160576 1.993279
1.093984 1.864240
3.936817 -0.729435
1.950417 0.058653
-0.260936 -2.611670
-0.294503 0.359816
0.709280 -0.948426
0.589627 -1.002799
0.820969 2.044987
-2.095452 0.848566
0.892228 1.844539
1.873153 0.265730
-1.105451 2.310796
-1.140813 2.188669
-1.090845 2.279861
-1.512334 -0.691586
-0.906185 2.143791
-2.123368 0.874757
-2.147149 0.706459
-0.228414 0.483638
-1.765351 -0.694383
-0.159561 0.466089
-1.529177 -0.954735
0.772056 -1.019091
0.843220 -1.049589
-0.110280 0.386051
0.555214 -1.088300
0.541157 -1.101121
-0.155726 0.526727
0.761992 -1.351558
-0.974965 2.308066
-0.186047 0.465013
3.893631 -1.046501
1.977965 -0.027213
-0.965600 2.065008
-1.694604 -0.918902
-0.186985 0.394881
3.818300 -0.888022
-0.846715 2.024437
-0.094920 0.262204
-0.244803 0.139935
3.730229 -1.084867
-0.113153 0.225433
-0.177501 -2.604009
2.216366 0.128681
-0.193720 0.284325
-0.241715 0.292072
1.892307 0.174088
-1.684061 -0.904821
-1.709557 -0.842923
4.023349 -0.972191
-1.577957 -0.771064
3.634597 -0.918405
-0.204049 0.233451
-1.008648 2.208529
-0.282091 0.156822
1.935616 0.307386
2.144226 -2.763221
-1.653249 -0.618240
-2.023516 0.639804
-1.940291 0.990783
-0.870856 2.087776
0.776271 -1.256307
-2.240093 0.803127
0.987176 1.864644
0.745981 -1.146198
-0.932653 2.164721
-1.709100 -0.829938
1.900426 0.261004
-2.051830 0.794896
-0.215819 -2.333731
-0.456753 -2.409196
3.830503 -0.753515
1.814569 0.180810
2.203387 -2.510899
2.153405 -2.849551
-0.406275 -2.372725
-2.057416 0.917223
1.810405 0.272325
-2.182156 0.780544
0.687998 -0.913598
-0.456169 -2.492775
-1.996572 0.987479
-0.404257 0.366250
-0.373011 -2.569481
2.208046 -2.604545
3.957915 -0.938035
-0.075531 0.430608
-0.193882 -2.409621
-0.039040 0.411857
-2.145466 0.933659
0.991648 1.812095
-0.465962 -2.472618
2.190832 -2.912108
-1.050744 2.093522
-1.026754 2.149920
0.863044 2.031738
-0.962098 2.256196
-0.185881 -2.464166
1.919359 -2.764568
-1.491214 -0.803880
-1.716129 -0.780717
1.924077 0.098825
1.858686 -2.807370
-1.556356 -0.822256
0.832763 1.990302
-1.649350 -0.713108
2.113310 0.265827
-0.219227 -2.441001
0.748738 -0.957139
-1.549664 -0.658876
0.974761 2.066389
1.865266 0.259769
0.799500 1.944501
-0.346464 -2.462411
-0.298941 0.202543
3.742089 -0.917973
-2.034746 0.809677
0.910754 1.868429
-0.285109 0.252719
0.754054 -1.343339
-2.122294 0.662773
-0.239240 -2.474835
-0.207671 -2.607304
-1.919937 0.616410
-1.466248 -0.773674
1.696845 0.071170
0.875649 1.793858
-0.279936 0.492993
2.028127 0.139778
0.870314 2.013273
3.771489 -0.760965
-0.223342 -2.416484
1.003646 1.982043
-0.401911 0.351803
-2.205939 0.963347
-1.024788 2.053095
-1.585993 -0.957777
-2.181824 0.905283
-1.778319 -0.775285
-2.058252 0.775272
2.056269 0.020992
0.918199 1.727234
1.012989 1.910157
-0.137573 0.481261
-0.508625 -2.370278
0.604342 -0.898577
0.504123 -1.099452
-1.576303 -0.601597
3.686370 -0.883841
3.732544 -0.789878
0.677258 -1.155417
0.658314 -1.314923
-0.486606 -2.481798
-1.977254 1.001332
2.096246 -2.900243
-1.203697 2.247274
-1.903028 0.906880
2.246608 -2.894880
1.956934 -2.886683
1.922585 -2.768795
-0.943478 2.071079
0.353864 -0.977577
-0.906412 2.088721
-0.996416 2.143455
-1.588716 -0.579316
0.830535 1.851742
1.944581 -2.698547
3.849096 -0.918636
1.871771 0.301115
2.020661 -2.516012
3.939986 -1.064146
-1.635834 -0.596006
3.751895 -1.066972
0.802024 1.925972
2.110743 -2.776812
-0.498219 -2.473069
1.056805 2.107258
2.037407 -2.752145
0.840500 1.885800
-0.156489 0.367920
2.072907 -2.674264
0.880936 1.757244
2.019869 -2.899045
1.765604 0.078243
-0.193828 -2.326750
-0.188120 0.508978
-1.038967 2.185752
-0.336814 -2.396135
-1.633317 -0.532983
-2.027721 1.028391
-0.126586 -2.327001
2.112244 0.286968
0.720840 -1.018865
-0.361721 -2.428721
1.928216 0.265213
-0.133686 0.383076
-0.356159 -2.339423
1.047807 1.889255
0.682913 -1.126989
-0.307402 0.282258
0.927939 1.898132
-1.496857 -0.697391
-0.372409 -2.311421
0.940878 2.054420
2.185286 -2.709918
2.019757 -2.878664
-1.089505 2.272537
-1.640986 -0.834683
-1.672546 -0.831444
3.747015 -0.828660
-1.577344 -0.730905
-0.182368 -2.353865
-0.391714 0.225487
3.922335 -0.823131
0.985720 1.871749
3.858642 -0.884121
1.917184 -2.839931
1.981288 -2.634619
-2.247200 0.911674
-0.214171 0.290393
0.817455 2.020283
-0.268920 -2.506663
0.968959 1.829747
3.933856 -0.965231
3.752523 -0.996008
0.716040 -1.278072
-1.130793 2.081845
-0.427164 -2.548426
1.812617 0.167265
-1.059729 2.016147
3.809085 -0.819434
-1.534235 -0.872976
-1.913998 0.832909
-0.435513 -2.600838
-2.156120 0.997408
-0.426046 -2.458532
-1.992920 0.825569
0.761162 -0.839836
0.785962 -0.973936
0.812155 -0.991823
-2.094098 0.868647
-0.403410 -2.416660
-1.822603 0.827843
3.870600 -0.889987
-0.270628 0.460115
-0.097045 0.393915
1.730945 0.089064
-1.446418 -0.756407
-0.510442 -2.543823
2.066597 -2.926011
0.708984 -1.220163
0.993541 2.024143
3.906412 -0.865275
1.974365 -2.925958
-2.040767 1.071039
2.114821 -2.732849
2.107197 0.081962
-2.215284 0.665101
3.782137 -0.955472
0.968923 1.909904
0.856959 -1.143514
-0.372761 -2.390503
3.825552 -0.755041
-0.239449 0.290417
1.841243 0.336880
0.675616 -1.144254
0.771188 1.942202
-0.321330 -2.449843
1.878274 0.038616
0.685148 -1.313654
3.856919 -0.931515
-0.213003 0.387607
-0.250241 0.198525
0.575616 -1.188847
2.007673 0.188297
2.079109 -2.687606
-1.000345 2.276575
0.844710 2.014208
-0.426979 -2.538648
-1.518694 -0.990811
-1.891643 0.992002
-0.109655 0.511944
1.824612 0.284861
-1.579975 -0.778139
1.985395 -2.783050
-0.497661 -2.256770
3.945270 -1.017139
-1.623520 -0.690649
0.750694 1.911591
-0.297896 0.159200
-0.172499 -2.400585
2.022950 0.303965
-1.663949 -0.872630
-1.856736 0.738469
-0.988395 2.099917
2.098959 0.061157
0.743779 -1.151953
-1.754463 -0.728644
3.947495 -0.963533
1.779281 0.173428
0.823680 -0.901356
1.071452 1.923572
2.033001 -2.568818
-0.359000 -2.438369
-2.059060 1.045836
-1.098511 2.011919
-0.312996 0.275722
-1.166750 2.234357
-1.500176 -0.593224
-1.079923 2.069639
-0.455096 -2.457860
4.052250 -0.874969
-0.385410 -2.304686
2.100961 -2.513747
-0.333793 0.289579
-1.557679 -0.758747
-0.482339 0.175485
2.207539 -2.776922
-1.592226 -0.707940
3.769523 -0.791526
-2.054128 0.818204
2.105721 0.063856
0.923667 2.007123
-0.098995 -2.392634
0.758695 -1.083592
-1.640970 -0.723904
-0.989843 2.246372
1.837139 0.283349
1.865622 0.193033
1.037413 1.765115
-0.280648 0.234093
3.846162 -0.935668
-1.199859 2.169941
1.113222 1.888688
-2.180428 0.930380
1.787658 0.104187
1.084906 1.986165
-1.893955 0.926635
2.154914 -2.569831
-2.179959 0.819828
-0.184108 0.334638
0.907249 2.073828
0.752782 -1.069153
0.823700 -1.165975
-1.493018 -0.636700
-0.522369 -2.406830
0.894793 2.055515
3.840176 -1.027401
-0.036448 0.284543
-0.833264 2.086550
-1.128041 2.057090
-2.132383 0.630948
1.019543 2.094508
-1.519373 -0.790056
2.081221 -2.759154
0.631559 -1.255476
0.927193 1.966950
2.147607 0.149405
0.861709 1.749615
-0.209952 -2.506808
0.959292 2.026666
0.705684 1.971635
-0.317750 0.499577
-0.868480 1.870591
3.765912 -0.923810
-1.479927 -0.872418
1.863994 0.007079
0.593924 -1.120296
-1.895434 0.788254
-1.013230 2.258928
0.998666 1.618454
0.888082 2.023734
1.093218 1.959964
0.429976 -1.141571
3.963523 -0.932042
0.793388 2.152307
-0.392492 -2.355668
-1.181706 2.117885
-1.667505 -0.925397
-1.722170 -0.704655
-1.043409 2.260740
-2.144950 0.946473
-0.369012 -2.577315
-2.073561 0.916259
1.951486 0.282003
0.621144 -1.345035
-0.916750 2.255195
-1.067849 1.985932
2.056832 -2.732550
0.879614 1.688763
-0.359391 -2.441113
0.761337 -1.044576
-1.713708 -0.551880
-0.286204 0.394531
2.060776 -2.648323
1.996357 -2.809726
0.834520 2.022292
0.954718 1.971765
2.207475 -2.827138
0.646168 -1.057544
1.150316 1.880885
-0.102670 0.329333
0.757797 -0.929511
-0.919335 2.155700
1.020715 2.031667
-0.349089 -2.354277
1.049884 2.069339
-1.029983 2.223054
3.678976 -1.007657
0.759267 -1.335711
3.832200 -1.026808
2.198984 -2.578177
-0.303753 0.221327
-2.129349 0.773049
0.703186 -1.143189
-1.732812 -0.801552
3.783485 -1.136032
0.783417 2.098874
0.552956 -1.154459
-0.255048 -2.301329
2.025296 0.241182
-2.196484 1.046713
4.033870 -0.898456
-1.496052 -0.904801
1.845640 0.189915
0.741165 -1.111481
-1.670786 -0.634810
-0.032126 0.370836
2.033054 0.136175
-0.248012 0.346179
2.035936 -2.736486
-1.629716 -0.885314
-2.208269 0.951119
1.876248 0.327783
-2.041398 0.866009
0.808997 -0.985372
1.843842 0.322232
-1.566056 -0.654000
0.939315 2.016406
-2.174057 0.866536
0.886144 1.897901
-2.061239 0.709354
0.855382 -1.159880
-1.126914 2.121188
0.703178 -1.060759
-1.754191 -0.927905
-0.219197 0.194877
0.668500 -1.076398
-0.924071 2.187315
1.898203 0.246890
-0.177803 0.194346
0.926798 2.127544
-2.099269 0.934017
3.966114 -0.977482
-1.134715 2.033534
-1.916537 0.858460
0.782904 1.875307
1.995783 0.015804
-1.389198 -0.913680
0.727313 -1.335530
1.896384 0.214215
-1.797846 -0.676854
1.951489 0.105812
-1.947749 0.954342
-0.543539 -2.391100
-0.225251 -2.463725
3.833001 -0.749337
2.198364 -2.604287
-0.278300 0.406179
-2.162862 0.846063
-1.638801 -0.780765
-0.128780 0.356575
1.982099 -2.742744
-1.995761 0.939953
3.772871 -0.856381
-1.075823 2.047982
0.590779 -1.000981
0.845235 1.960407
3.911953 -0.781038
3.974329 -0.758686
2.007617 -2.900414
-0.320993 -2.273619
-1.095652 2.268058
-1.451297 -0.713222
-2.213168 0.929389
-0.217007 0.546185
-2.234605 0.842665
-1.477747 -0.886037
1.844812 0.023710
0.766019 1.992346
-1.620431 -0.643272
-1.141250 2.212309
-2.079510 0.813248
0.724258 -1.043219
1.834705 0.085541
-2.035956 0.884613
0.647574 -1.107417
1.743622 0.157321
-2.087327 0.970130
-1.924206 0.904231
-2.059675 0.875802
-0.377399 -2.614996
-1.673489 -0.829296
-0.207979 0.370410
1.900496 0.128185
2.041847 0.184945
0.696736 -1.217672
-0.911385 2.308359
0.859681 -1.170719
0.748249 1.815911
-0.373201 0.336738
0.965689 1.978910
-1.940319 0.879839
-1.429815 -0.606758
2.185790 -2.903134
1.764175 0.235078
2.002796 -2.615752
0.811729 1.896216
-0.977362 2.117216
