500 2
-0.739840 2.301271
-1.196602 1.202322
-1.699397 -0.328844
1.115340 -0.125627
0.230986 -0.721133
-1.628385 -0.388633
0.768332 2.153350
0.321871 0.195947
0.199087 0.279617
-0.594465 2.273285
-0.654947 -0.235272
-0.765989 -0.216403
-0.586465 2.290142
0.170664 0.420101
-1.215621 0.952110
1.174479 0.001837
-1.323670 1.077413
0.665607 2.122879
-1.091050 1.080744
1.232548 -0.158060
-0.722286 -0.039817
0.488172 -0.907257
-0.147056 1.086488
-1.733407 -0.275423
0.384397 -0.736241
1.079047 -0.100374
-1.877265 -0.504793
-1.866829 -0.409388
0.164647 0.453476
-0.351939 1.078907
1.210065 0.018623
-1.312459 0.926192
-0.427840 0.905791
-0.145357 1.319440
1.074874 1.089119
-0.435792 1.179391
0.956281 -0.166278
-0.682141 -0.122831
-0.674477 2.222261
0.680945 2.019037
-0.704761 0.105479
-1.815636 -0.385751
-1.141568 1.022986
0.623272 2.041311
0.304208 0.360328
-0.746948 2.096177
0.971224 1.096791
0.178562 -0.809972
-0.300484 1.141990
1.083278 1.132449
-0.007824 1.112282
1.261161 1.065656
0.394896 -0.842671
0.247278 -0.896387
0.260596 -0.719983
-0.283402 1.259619
0.265608 0.331363
-1.425089 1.082383
-0.703192 -0.152028
1.124859 -0.062311
0.201335 0.437659
1.275038 0.835625
-1.934766 -0.419569
-0.479244 -0.127746
-0.242497 1.070427
1.282658 -0.143147
-1.352732 1.060192
0.527337 1.870569
-0.361396 0.994186
0.537469 1.913740
0.795611 2.228743
-0.665268 -0.156574
1.281878 -0.277240
-0.438524 -0.214113
1.264696 1.131763
-0.685726 -0.287066
-0.288649 1.275151
1.288775 1.160060
-0.255805 1.174007
-1.601400 -0.274541
-0.594677 2.246457
0.938804 2.024062
-1.216669 0.776426
-0.601393 0.048084
1.055759 -0.025164
-0.637528 2.097944
1.224829 0.941476
-2.012815 -0.334290
-1.306255 1.201533
0.668695 2.098572
-1.249979 1.040005
-0.489956 -0.057349
1.309500 -0.109998
0.368991 0.302461
-0.683704 -0.295121
-0.288819 1.108981
-1.678309 -0.382486
0.785580 1.068309
0.945800 0.053040
-0.147370 1.122470
-0.750888 -0.124600
-0.176827 1.007245
-1.608144 -0.510718
-1.701149 -0.429664
-0.753817 -0.101499
-1.716580 -0.302753
1.068649 1.340185
1.078602 1.051644
0.749602 2.139052
1.279674 -0.175043
1.183743 1.117750
1.314087 1.162028
1.138412 1.054252
-0.603738 0.014704
-0.696595 -0.042826
-1.918845 -0.456963
1.099715 0.968291
0.572782 -0.719611
-0.746656 -0.224828
1.037838 -0.169974
-0.427177 0.900624
-0.714688 -0.283007
0.619619 2.065232
0.418639 -0.783085
-0.581169 2.238733
-0.570281 2.184257
0.676060 2.108740
0.523951 1.885332
0.432506 -0.794257
-1.792038 -0.189655
0.407664 -0.905055
-0.180140 1.227023
0.325902 -0.614708
-0.426610 0.986579
-1.841239 -0.484163
0.225086 -0.736467
0.999215 -0.076477
-1.362529 1.071043
0.761357 2.143046
-0.554914 -0.208676
0.400396 -0.910131
1.154423 0.062880
0.948648 1.121127
-0.652667 2.080160
0.186785 -0.690852
-0.023218 0.834612
-1.127632 1.022519
-0.262586 1.097199
0.218689 0.301129
1.013852 1.131502
-1.755005 -0.341035
-1.757188 -0.419299
0.417005 -0.779620
0.979582 -0.268348
-2.050110 -0.447002
-1.514884 -0.401017
-0.718538 -0.173911
0.584855 2.098974
0.446962 2.011589
0.334715 -0.919278
-0.866384 2.236689
-0.327855 1.217645
0.335297 0.222360
1.067686 0.972882
0.047257 1.264247
0.572369 2.143492
-0.114613 1.072657
-0.068852 0.489708
0.275168 -0.728734
-0.021651 1.008316
1.262458 1.068517
0.673278 2.036027
-0.667664 1.937852
-0.524009 -0.111296
-0.486984 -0.253220
-1.652704 -0.410549
-0.638292 2.287596
-0.046362 0.270762
-0.847087 -0.078904
-0.630880 0.183091
-0.590776 0.039781
1.237031 1.084590
-0.206213 0.990679
0.127132 0.320457
1.268036 1.049465
-0.302063 1.222856
0.407291 0.152171
-0.658636 1.937503
-0.656963 2.053132
1.093392 -0.002063
-0.572691 -0.128776
-0.619831 2.032168
0.647833 2.103801
1.320380 1.160097
-0.572976 2.266184
-0.801437 2.072608
1.231125 -0.153705
0.271331 0.421847
-0.572776 2.207339
-1.246863 0.884790
-1.279654 1.189403
0.586311 1.784366
0.240450 0.292692
0.396950 1.997350
1.103920 -0.238020
-1.062791 1.032474
-0.174672 1.245398
-1.759355 -0.212088
-1.335454 1.062226
0.224608 -0.365558
-0.533218 -0.185945
1.184893 1.171320
-0.138885 0.881106
-1.739501 -0.497238
-1.188286 0.926779
-1.222245 0.940711
-0.233526 1.020085
0.287028 0.295146
-0.764844 2.070059
0.954839 -0.109205
0.263160 -0.937953
0.707622 2.159629
-0.496589 2.179797
-1.234011 1.188452
-0.775224 -0.189658
0.809460 2.028592
-0.690888 2.165648
1.131368 0.125974
1.159154 0.021847
1.235824 1.040373
1.183242 -0.146983
1.037929 1.035545
1.158777 0.141093
0.146981 0.390563
-1.322213 1.140161
-1.664640 -0.397626
0.189612 0.136032
0.731852 2.039176
-1.700285 -0.373684
0.205974 -0.820516
0.405626 1.687000
-0.299606 1.199098
0.268797 -0.755297
-0.299002 1.112834
-1.787305 -0.453729
-1.673857 -0.448531
-0.235862 1.030070
-0.054264 1.120783
-0.069975 1.079127
0.812626 2.239819
-1.315606 1.163043
0.970055 0.067870
1.189289 1.042556
-0.458340 0.095336
0.266044 0.586728
0.674193 1.914384
0.449717 -0.872584
0.747083 1.980229
1.272086 -0.082342
0.419986 -0.806655
-0.347767 1.154457
0.988236 0.931109
0.044118 0.632319
0.349679 -0.840838
-0.758604 2.217775
0.330527 -0.967569
0.541946 2.125837
0.969868 1.119282
0.213999 -0.895593
-0.368180 0.855600
0.519500 -0.708549
-0.675702 2.011214
-0.565133 2.013758
-0.950613 1.216927
0.911127 0.036333
-0.633193 -0.039819
1.200123 1.118885
-1.090344 1.220106
-0.665027 2.182550
-0.435660 2.055837
-0.700263 2.209362
0.530766 1.891679
0.774050 1.963745
0.828716 2.116928
0.480844 -0.713406
0.090347 0.428009
-1.272844 1.248922
-0.785965 -0.052441
0.541778 1.896004
-1.245508 1.064524
-1.779823 -0.411590
-1.170489 1.014970
-0.339717 1.189352
0.355600 0.356803
-0.704889 2.071551
0.360904 0.462441
1.166263 -0.249779
1.299897 -0.073318
-1.360196 0.983365
-0.212742 0.997502
0.879740 1.927557
-0.153426 1.212483
1.021502 0.109719
0.321877 -0.949664
-1.126929 1.042055
-1.670107 -0.315341
0.366445 -0.839233
1.277232 -0.221154
1.164432 1.083528
1.146097 0.806578
1.156486 -0.153364
0.385214 0.310260
0.392580 0.190831
-0.689646 -0.017910
-0.325095 1.021137
-1.833863 -0.366863
0.284432 0.304616
-0.644447 2.371155
-0.718593 2.288643
1.261294 -0.157338
1.342668 -0.133099
0.844920 2.173288
-0.735736 2.092968
-0.113633 1.002758
-1.391262 1.198275
-0.453020 2.154672
-0.106480 1.115417
0.402788 -0.862115
0.804445 1.957853
-0.103724 1.040804
1.183039 -0.005445
0.701500 2.252952
0.064092 0.378720
-0.608872 2.259171
1.214691 1.187949
0.240591 -0.599114
-0.543526 -0.029723
-0.715278 2.268870
1.256608 1.052219
0.713480 2.212767
0.488474 1.887814
-1.062328 1.368449
-1.677088 -0.220661
0.246814 0.332404
0.693210 2.053683
1.026322 -0.232449
-1.282688 1.101784
-1.400635 1.186613
1.157712 1.035522
1.014574 1.150363
-1.906430 -0.510667
0.110097 0.372182
0.249894 -0.751549
0.912086 -0.073039
1.166651 -0.124001
0.691637 1.898247
-0.784499 -0.053837
0.503120 -0.728893
1.204730 0.992097
-0.614888 -0.203813
-0.700311 -0.249524
1.010513 1.141301
-0.830623 -0.013427
1.130188 -0.015696
-0.621179 2.018270
-1.788978 -0.484414
0.358044 0.237992
1.155320 1.085341
0.769687 2.068612
1.235896 -0.246908
-0.819085 -0.132862
-1.243929 1.237106
0.793801 2.226381
-0.653031 -0.291852
-0.556360 -0.321157
-0.614994 2.261130
1.123060 1.157086
-1.840882 -0.371501
0.826917 2.106904
-0.691440 -0.337233
-0.189914 1.318961
1.001242 1.000640
-0.836620 2.190948
-1.648444 -0.344409
0.494585 2.144521
-1.306228 1.215823
1.116965 0.943137
1.261789 0.028958
-0.616454 -0.290654
-1.392592 1.094023
1.209266 1.040869
0.954585 1.129118
-0.567992 2.160784
0.214624 0.318055
0.293983 0.235632
1.187494 1.194390
1.178274 1.130191
0.316890 1.830156
-1.074824 1.261181
0.457733 -0.808265
0.061498 0.429645
0.992436 -0.114051
0.875468 0.984661
1.090559 -0.147177
-0.831611 -0.111256
-1.783621 -0.518637
-0.565089 0.153777
-1.078584 1.405817
-0.570117 -0.175295
0.644985 2.191216
-0.463230 -0.193068
-1.735226 -0.287367
0.360189 -0.707601
-1.265014 1.198044
-0.549210 -0.167082
-0.408534 0.925882
0.227123 0.494507
-0.618789 2.133868
1.165972 0.142880
0.766909 2.230579
-0.470647 -0.219108
-0.065686 1.340313
0.488927 2.204434
-1.604857 -0.399474
1.277286 0.007650
0.281096 -0.777033
-1.281200 0.993977
-0.668260 0.069535
0.076288 0.389072
1.285927 -0.298918
-0.793721 2.309546
-0.889259 -0.202737
-0.269457 0.994278
-0.548991 0.087354
0.145299 0.258254
-0.617873 1.938321
-0.314823 1.014559
-0.619885 -0.269084
0.739853 1.972661
1.308141 -0.123753
-1.205454 1.166972
-1.868724 -0.222814
1.010112 -0.163275
-1.255940 1.249666
0.491420 1.812187
-0.476591 0.054069
0.943255 0.873634
-1.817371 -0.460798
1.242178 0.041298
0.274153 -0.690457
1.204900 1.199401
-0.449472 0.984241
-0.624912 -0.055007
-1.120884 1.228859
0.674104 2.159140
-1.147861 1.161353
0.525312 -0.920182
1.096842 -0.078413
-1.601704 -0.467574
0.185449 0.413367
-0.756210 2.279723
0.265673 -0.511918
0.605828 1.946418
-0.187052 1.178010
-0.324639 0.934243
-1.825276 -0.280440
-0.649325 2.081563
0.656975 2.123237
-1.300407 1.140860
-1.670962 -0.492446
0.427401 -0.695200
0.745273 2.195116
-0.275876 1.067842
-0.607516 2.036550
1.099882 0.936788
-0.630611 2.090942
0.723549 2.011250
-0.306884 0.870338
1.108518 1.082827
1.336058 -0.275144
1.199662 -0.067104
-0.307733 1.144073
-1.796746 -0.369205
0.384058 -0.760596
0.479962 -0.813623
-0.634104 -0.210846
0.416921 -0.729233
0.571671 -0.585180
0.313063 -0.844935
-0.618909 -0.268498
1.229149 -0.342398
-0.631140 -0.206011
-1.843867 -0.409653
-1.209601 1.223833
-0.121058 1.130093
-1.381579 1.068487
0.521410 2.148910
-1.859389 -0.510529
-1.692088 -0.324654
0.968506 -0.182690
