300 2
-0.203910 1.014171
0.714107 1.614016
-1.109467 0.109119
-1.139451 0.240421
-0.651447 1.077106
-0.759208 -0.030814
0.106648 1.983988
-0.106670 0.803558
0.190318 1.208881
-0.037477 1.309672
0.875137 0.970254
-0.334866 1.273995
0.868782 1.955939
0.091805 2.001992
0.346148 0.295277
0.229342 0.443832
-0.966870 0.117646
0.099856 1.881181
0.837809 1.913834
-0.812700 0.709144
-0.943968 0.045016
0.067502 -0.326660
1.180704 1.122053
-1.248237 0.212305
0.421422 0.484311
0.777074 2.012740
-0.110451 1.807848
0.781944 1.763587
0.795878 2.066453
-0.794539 2.005191
-0.606959 1.905740
-0.846636 1.893587
-0.934231 0.127762
0.619060 1.569371
-0.078465 0.886106
0.843224 2.013173
-0.797690 1.981125
0.575103 1.779398
1.290000 1.013443
1.058676 1.071999
0.262070 0.218517
-0.069632 1.709140
-0.108215 -0.274195
0.309531 0.289047
-0.749409 1.734258
0.075306 1.061742
-0.808436 1.101837
-0.020046 -0.145384
-1.009357 0.365294
-0.990155 0.025337
1.040112 1.228172
-0.038999 -0.071831
0.103579 0.183096
-0.736215 1.629290
0.455454 0.377834
-0.950199 -0.094926
-1.176984 -0.011050
-0.513094 0.916700
-1.170117 0.070556
0.749317 1.951016
0.144687 -0.446196
-0.598229 0.948702
0.010139 -0.375426
0.058253 -0.250124
-1.208220 0.247068
0.138876 1.812194
1.115925 1.269869
-0.156477 1.374331
-0.831708 1.196742
-0.531063 1.920023
0.139536 2.073958
0.341725 0.621814
1.126925 1.302278
0.493515 1.818301
0.946758 1.780546
-0.960605 1.813495
1.126497 1.006822
0.328122 2.020315
0.013963 2.055184
-0.875830 0.080716
-0.865260 0.112640
-0.653675 1.057355
-0.929036 1.950009
0.663827 2.084852
-0.146897 0.935100
1.248363 1.141665
-1.145741 0.028851
0.030297 1.935209
0.925704 1.890152
-1.201803 0.007822
-0.054303 2.021334
-1.106478 -0.005959
-0.466003 0.997712
0.613397 1.965743
0.203053 -0.156204
0.481454 0.585869
0.597306 2.103430
-0.231734 0.728154
0.002660 2.083602
1.345109 0.951715
0.652230 2.031082
-0.733680 0.030620
0.056688 2.131567
-0.002159 1.837166
0.200331 1.832466
-0.076458 -0.192833
-0.963535 1.157804
0.017880 1.864241
-0.596763 1.888643
-0.664998 1.908649
0.129001 1.267420
1.088061 1.145173
0.789273 1.891777
0.097257 -0.163632
-0.950181 1.752060
1.260376 0.940414
-0.385072 0.724697
0.379345 0.365096
0.273798 1.691517
-0.866572 1.921358
-0.858172 0.311546
0.089360 0.300800
0.430656 0.845998
0.047882 1.246243
-1.067964 0.279382
-0.255444 1.152240
-0.828036 0.214835
-0.066652 1.864763
0.126392 1.262543
-0.467523 1.096948
0.000194 1.845739
-0.398034 1.043290
-0.798241 1.990745
-1.161641 0.297863
-0.281718 1.303596
-0.173747 1.166685
-0.236473 0.682858
-0.156242 0.802391
0.035283 -0.333839
0.976882 1.979709
1.144460 1.210118
0.861309 1.165422
0.007458 -0.252879
-0.284556 0.887554
0.150419 1.859787
-0.754907 2.054692
1.105931 1.229141
0.253073 1.228913
-0.951280 1.164359
0.574741 0.628704
0.021791 -0.262983
-0.003795 -0.342716
-0.778660 0.292891
0.090878 0.421330
0.363546 0.357243
1.129231 1.218771
0.308896 0.346553
0.105910 1.243476
-0.794892 1.821104
0.302662 0.558164
0.029770 2.062305
0.814643 1.951307
0.296652 0.436506
-1.021921 0.897540
-0.902046 1.064609
0.268953 0.378050
-0.789418 0.107537
-0.521490 2.119201
0.221748 1.995848
-0.905083 0.202834
-0.337437 0.677799
0.358811 0.852336
0.297031 0.476117
-0.554112 1.799201
-0.116792 0.735262
0.179602 0.451100
0.085480 1.648839
-1.066717 0.089315
-0.629645 1.948303
0.129947 1.970503
1.045350 1.097763
-0.306738 1.395992
0.349176 0.309778
-0.408321 0.715078
0.574457 1.965454
-0.359088 0.668397
-0.138609 1.730464
1.291141 1.129519
-0.118003 -0.162941
-0.968874 0.971199
-1.042222 0.362251
0.769638 1.985450
0.844012 1.784703
-0.377968 0.777651
1.136299 0.905871
0.251996 0.994316
-0.806381 2.095166
0.328465 0.603831
-0.036111 2.122412
-0.691805 1.054141
-0.900510 0.956458
-0.564180 1.611681
-0.941449 1.826564
0.109297 1.963933
-0.741637 1.722811
-0.977965 1.091449
-0.209657 0.890516
-0.877312 1.008446
-0.749515 1.708005
0.687841 1.955417
-0.120607 -0.064711
-0.859801 1.163394
0.373943 0.331526
-0.048387 -0.082813
0.255907 1.774663
0.065392 0.964112
-1.038948 0.319826
0.688860 1.856848
1.175068 1.034339
0.985802 1.245871
1.194073 0.921627
-0.841252 0.083821
0.401695 0.423074
1.027169 1.869876
0.093616 -0.141279
0.862892 0.851553
-0.046871 1.767856
-0.206499 0.790257
-0.045801 1.947928
-0.973344 0.100154
1.021417 0.943649
-0.577232 1.834820
-0.956852 1.049888
0.859621 1.195989
1.146182 1.046098
-0.853270 2.022408
0.980427 1.959474
-0.153464 0.753341
-0.786637 1.091446
-0.863416 1.042072
-0.694553 1.757001
1.185328 1.157297
-0.257804 0.982125
-0.643315 2.072053
-0.197323 -0.155736
-0.940315 1.146598
0.107855 2.128193
0.404192 0.591481
-0.923509 1.811787
-0.889828 -0.067290
-0.827045 1.930396
0.138911 -0.191127
-0.393627 1.877006
-0.155479 2.011063
-1.193623 0.024684
-0.151437 0.666831
1.278756 1.005372
-0.750117 2.179353
0.128050 1.787243
1.075452 0.860181
-0.314549 0.740697
-0.035463 -0.277631
1.003649 1.118801
-0.079297 0.570881
-1.159039 0.134154
-0.157255 0.936806
-0.113354 1.969422
0.221563 0.446199
-0.112825 0.787756
-1.016703 1.108043
0.969049 0.966415
-0.294412 0.717054
0.135625 1.912422
-0.876236 0.311911
-0.814205 1.748843
-0.925520 1.168311
-0.694121 1.951836
1.305485 1.104871
-1.033826 0.281538
-0.629556 1.982226
-1.088489 0.031643
1.058281 0.994471
-0.508605 1.750026
0.257801 0.390249
0.604138 2.074842
-0.149709 0.724826
-0.155842 0.766207
0.066830 1.419975
1.092573 1.270336
0.068732 1.791299
-0.066519 -0.242143
-0.320034 1.213628
-0.248418 1.220490
-0.056234 1.183410
0.016884 0.515683
-0.931927 0.177082
0.412204 0.602648
-0.214920 1.278790
-0.900871 0.132110
-0.909975 0.854639
