300 2
-0.850217 0.643294
-1.918097 1.144913
-1.324373 -0.980588
-1.197334 -0.839058
-0.796634 0.157386
-0.879613 -0.951423
-1.100985 1.399343
-0.679018 0.621539
-1.512846 0.308174
-1.230473 0.434690
-2.532523 0.405423
-1.127636 0.375262
-1.930671 1.529245
-1.098224 1.222673
-1.958698 -0.346396
-1.734101 -0.427857
-1.309767 -0.908166
-1.128595 1.170423
-2.149493 1.490223
-1.212401 -0.089084
-1.276734 -0.769665
-0.230692 -0.163812
-2.708109 0.132980
-0.980151 -0.927466
-2.037088 -0.382610
-1.861990 1.568132
-1.284864 1.182842
-2.089079 1.248860
-1.977477 1.434645
-2.070462 0.714352
-1.742721 0.881057
-1.931639 0.477447
-1.317397 -1.034038
-1.882936 1.061903
-0.934953 0.680101
-1.966271 1.577990
-1.771875 0.686756
-1.881095 1.167173
-2.768060 0.240119
-2.533977 0.343171
-1.554005 -0.096822
-1.017855 1.076199
-0.263256 -0.083286
-1.887630 -0.490068
-1.549123 0.453824
-1.547908 0.090672
-1.000813 -0.001226
-0.229841 0.065707
-1.150758 -0.783578
-1.210668 -1.061859
-2.913820 0.264463
-0.274207 -0.112987
-0.493838 0.098502
-1.879623 0.405833
-2.283458 -0.315454
-0.944676 -1.072856
-0.949430 -1.118683
-0.863105 0.622196
-1.125003 -1.062924
-2.028290 1.422526
-0.215721 -0.177209
-1.488434 -0.130248
-0.246823 0.040677
-0.310744 -0.111167
-1.075816 -0.854111
-1.011092 1.210793
-2.827001 0.167834
-1.297543 0.438505
-1.055349 0.172448
-1.688490 0.841918
-1.083792 1.279906
-1.873883 -0.279284
-2.596629 0.302157
-1.844341 1.376952
-2.136806 1.324255
-1.738553 0.461406
-2.769846 0.234989
-1.250345 1.510273
-1.086116 1.226973
-1.199721 -0.971721
-1.067461 -1.155515
-1.231658 -0.043321
-1.846570 0.734962
-1.967057 1.479736
-0.755452 0.505046
-2.560479 0.407677
-1.261078 -1.105657
-1.098067 1.387996
-2.212914 1.368270
-1.019553 -1.124841
-1.239055 1.457629
-1.008715 -1.089608
-1.194955 0.362531
-1.970997 1.294852
-0.419737 -0.163696
-1.812183 -0.216657
-2.048075 1.403817
-0.869787 0.589169
-1.138654 1.431784
-3.006965 0.320505
-2.012111 1.464334
-1.136810 -0.845340
-1.266053 1.525641
-1.325185 1.308099
-1.084488 1.066139
-0.125348 -0.078749
-1.059989 0.047878
-1.336147 1.294781
-1.813398 0.711998
-1.689973 0.759522
-1.450462 0.221570
-2.579072 0.442316
-1.917940 1.379855
-0.310519 -0.045671
-1.801501 0.460448
-2.951219 0.335109
-0.596899 0.729152
-1.983272 -0.449453
-1.452001 1.300310
-2.085292 0.435374
-1.442827 -0.813574
-1.259446 -0.471605
-1.916406 -0.029329
-1.360943 0.374918
-1.003478 -0.888950
-1.214868 0.382450
-1.218005 -1.066615
-1.173141 1.425385
-1.420679 0.274318
-1.100806 0.177144
-1.353077 1.154340
-0.933750 0.691865
-1.902545 0.731715
-1.202867 -0.698621
-1.191462 0.346488
-1.584780 0.086653
-0.678785 0.542241
-0.597552 0.517426
-0.255868 -0.170596
-2.143455 1.587077
-2.763093 0.297448
-2.568098 0.230974
-0.259733 0.092236
-0.512238 0.682686
-1.479993 1.203616
-2.010175 0.758799
-2.760524 0.226833
-1.808189 0.285863
-1.097882 0.037330
-2.181930 -0.109349
-0.225047 -0.085995
-0.084894 -0.187517
-1.298425 -1.007972
-1.667602 -0.595629
-1.944319 -0.357744
-2.709132 0.507375
-1.851833 -0.359559
-1.509496 0.344482
-1.823599 0.635527
-1.963950 -0.360313
-1.339326 1.244729
-1.969993 1.415652
-1.783057 -0.213575
-0.900166 -0.310498
-0.963060 -0.017435
-2.016041 -0.320525
-0.870843 -0.790259
-1.971005 0.640273
-1.178559 1.369314
-1.097600 -0.878778
-0.660819 0.602399
-2.019482 -0.253541
-1.968277 -0.377353
-1.907674 0.878103
-0.526280 0.721213
-1.779559 -0.370447
-1.256959 1.122942
-1.110390 -1.002544
-1.831094 0.638122
-0.837577 1.148604
-2.598430 0.532946
-1.529341 0.344574
-1.926103 -0.264913
-0.712618 0.429169
-1.895250 1.510837
-0.538277 0.430749
-1.352545 1.155563
-2.899642 0.212570
-0.266110 -0.255369
-1.019258 -0.082286
-0.928115 -0.902952
-2.116618 1.510805
-2.128836 1.189748
-0.773937 0.686856
-2.861777 0.439524
-1.922233 -0.247663
-1.974783 0.880318
-1.799207 -0.354020
-1.226769 1.421826
-0.855905 0.159069
-0.804005 -0.072891
-1.684195 0.630738
-1.770788 0.596534
-1.190081 1.359733
-1.773495 0.558531
-1.095584 -0.030537
-0.636817 0.475686
-0.877302 -0.113089
-1.858683 0.529737
-1.946713 1.459402
-0.190159 0.074958
-0.930139 0.059958
-2.068853 -0.411760
-0.292263 0.172027
-1.398334 1.301199
-0.915806 0.661334
-1.278993 -0.793720
-2.046317 1.249675
-2.804064 0.350083
-2.768682 0.381364
-2.710751 0.425078
-1.155268 -1.201676
-1.850002 -0.401202
-2.224568 1.454016
-0.460460 -0.084579
-2.486521 0.167852
-1.209420 1.511958
-0.681359 0.611322
-1.281607 1.430649
-1.059769 -1.137434
-2.739075 0.444406
-1.782977 0.764774
-0.787527 0.085738
-2.681797 0.461247
-2.837087 0.254073
-1.996780 0.665335
-2.091235 1.445046
-0.573833 0.717262
-1.163067 0.037986
-0.887756 -0.154267
-2.002739 0.515627
-2.672286 0.241729
-1.251920 0.176710
-1.848191 0.685559
-0.119348 0.015127
-1.098710 0.024414
-1.227576 1.510725
-2.098228 -0.200007
-1.662828 0.544586
-0.916788 -1.014586
-1.827864 0.660137
-0.340156 -0.092192
-1.681146 0.791193
-1.145667 1.327518
-1.029055 -1.134075
-0.550543 0.479187
-2.849206 0.344213
-1.867772 0.605608
-1.293292 1.332054
-2.411835 0.363011
-0.540982 0.755624
-0.106454 -0.001833
-2.729607 0.390771
-0.574582 0.743533
-0.995557 -0.913632
-0.882862 0.505692
-1.075285 1.335318
-1.842080 -0.288910
-0.624595 0.643662
-0.906004 -0.039476
-2.635057 0.408977
-0.540541 0.503739
-0.999877 1.332678
-1.253364 -0.855568
-1.743249 0.504788
-1.265725 -0.053450
-1.911785 0.539176
-2.725822 0.202312
-1.192940 -1.039247
-1.447685 0.670528
-1.260699 -1.035023
-2.643514 0.340941
-1.606895 0.788265
-1.821932 -0.477830
-1.927439 1.647509
-0.937324 0.683288
-0.522663 0.649094
-1.504237 0.492166
-2.560055 0.050451
-1.109338 1.474570
-0.217585 0.044603
-1.359907 0.253421
-1.584967 0.270839
-1.233563 0.172432
-1.681983 -0.488293
-1.058533 -0.749824
-2.029393 -0.471634
-1.135257 0.426355
-1.221386 -0.942370
-1.015305 -0.122470
