500 2
0.300620 1.086916
0.004645 0.309588
-1.178621 -2.387711
-1.332194 -1.022889
-1.477214 -0.147701
-1.156772 -2.396595
1.205862 0.304595
-0.616473 -0.379731
-0.557324 -0.315516
0.361581 1.160008
-0.002153 -1.654849
0.261102 -1.986591
0.295537 1.267166
-0.490987 -0.374320
0.144879 0.128698
-1.299992 -1.127806
0.056208 0.050606
1.032327 0.257730
0.141156 0.220092
-1.200783 -0.879346
0.283296 -1.950210
-1.702532 -0.043765
0.339739 -0.813967
-1.361507 -2.373482
-1.576905 -0.164727
-0.986401 -1.162859
-1.197778 -2.427344
-1.373547 -2.424479
-0.510916 -0.233537
0.341590 -0.729563
-1.063383 -0.999345
0.076581 0.047070
0.294874 -0.847582
0.564790 -0.777301
-0.790861 0.820224
0.537806 -0.602740
-1.048798 -1.184443
0.101517 -1.965009
0.292017 1.042001
1.108952 0.286807
0.166319 -1.593049
-1.270355 -2.314317
0.147915 -0.004593
1.248260 0.050505
-0.616931 -0.324137
0.333458 1.366205
-0.897399 0.561884
-1.429673 -0.141800
0.290495 -0.840897
-0.804651 0.634990
0.562120 -0.907569
-0.979817 0.726866
-1.484196 -0.168150
-1.406610 -0.051157
-1.407784 -0.221160
0.541018 -0.503324
-0.656561 -0.598205
-0.008785 0.284613
0.019921 -1.754564
-1.212478 -1.053727
-0.577379 -0.321721
-0.913332 0.548096
-1.376854 -2.337937
-0.006213 -1.725717
0.527794 -0.806928
-1.321308 -1.157366
0.043458 0.317835
0.997899 0.087721
0.319700 -0.706493
1.110977 0.092963
1.311476 0.242843
0.254525 -1.817129
-1.306817 -0.979861
-0.065414 -1.638137
-0.840529 0.771921
0.082722 -2.023400
0.216509 -0.867197
-0.834496 0.789238
0.505294 -0.787834
-1.320926 -2.453987
0.279787 1.339863
1.334261 0.238724
0.082771 -0.123016
0.090568 -1.587179
-0.984723 -1.180723
0.182302 1.170318
-1.003729 0.622310
-1.203532 -2.322126
-0.039035 0.292777
1.258694 0.147294
0.051972 0.034310
0.246316 -1.719620
-1.156690 -1.236299
-0.625316 -0.323693
0.130730 -1.846169
0.422028 -0.877046
-1.323011 -2.353392
-0.747831 0.652909
-0.959418 -1.126921
0.606571 -0.887948
0.196890 -1.957901
0.559969 -0.766124
-1.212987 -2.210686
-1.188022 -2.505638
0.189530 -1.716363
-1.256943 -2.369088
-0.748732 0.694109
-0.771747 0.533806
1.361440 0.169244
-1.245793 -1.070098
-0.862891 0.912676
-0.861583 0.798782
-0.835985 0.751036
0.198342 -1.719016
0.174672 -1.669813
-1.261654 -2.475586
-0.847934 0.689292
-1.593789 -0.213705
0.274610 -1.775437
-0.902526 -1.051037
0.320137 -0.790100
0.285813 -1.924494
1.286681 0.068543
-1.497878 -0.079410
0.261563 1.119842
0.285026 1.113132
1.093802 0.209158
0.906173 0.222704
-1.463630 0.043934
-1.264480 -2.391070
-1.499945 -0.026160
0.527514 -0.844930
-1.413921 0.016422
0.467315 -0.977392
-1.168599 -2.142199
-1.402058 -0.131772
-1.092238 -1.038839
0.091190 -0.201811
1.345136 0.159539
0.090202 -1.824932
-1.556555 -0.172239
-1.179092 -0.864752
-0.784392 0.547285
0.183587 0.997978
-1.581891 -0.248645
-0.274030 -0.329840
0.006252 0.129135
0.357914 -0.732908
-0.656209 -0.310552
-0.888032 0.768559
-1.364977 -2.299530
-1.228183 -2.298105
-1.611729 0.128331
-1.092888 -1.313655
-1.114562 -2.265370
-0.975424 -2.290333
-0.007559 -1.864967
1.254045 0.136024
0.727641 0.334782
-1.551555 -0.121427
0.289520 1.329467
0.409910 -0.647430
-0.679714 -0.394296
-0.993511 0.665781
0.647322 -0.752697
1.149370 0.241707
0.436550 -0.973596
-0.208553 -0.607741
-1.449341 -0.100459
0.133651 -0.756708
-0.723767 0.841986
1.078802 0.135184
0.251196 1.064950
0.200742 -1.768636
0.174022 -1.823298
-1.177255 -2.382472
0.261095 1.166239
-0.308577 -0.376141
0.027849 -2.095014
0.224295 -1.561338
0.079016 -1.829371
-1.174015 0.617140
0.383409 -0.935148
-0.656896 -0.311781
-0.890030 0.800707
0.490058 -0.719493
-0.680435 -0.554465
0.274658 1.096908
0.208994 1.406012
-1.068751 -0.952240
0.228082 -1.951135
0.226008 1.330484
1.184440 0.245448
-0.971909 0.675762
0.409039 1.183397
0.403826 1.262137
-1.178369 -1.183048
-0.536270 -0.230020
0.094149 1.221762
-0.131957 0.211830
-0.066382 0.243934
0.974340 -0.003222
-0.622539 -0.491497
1.200614 0.366616
-1.015218 -1.101559
0.088907 0.047908
0.541469 -0.750331
-1.395141 -2.324935
0.154517 0.163294
-1.085571 -0.181376
-0.025560 -1.885283
-0.779766 0.729426
0.159887 -0.520834
-1.315658 -2.321100
0.053730 0.180473
0.025446 0.288280
0.436663 -0.941298
-0.636196 -0.267319
0.263366 1.377172
-1.135698 -0.942533
-1.359254 -0.036277
1.341380 0.306876
0.504452 0.975810
0.028739 0.262174
0.094433 -1.737525
1.141917 0.145561
0.209193 1.252685
-1.036473 -1.174154
-0.981970 -1.162618
-0.792675 0.835807
-1.242670 -1.181190
-0.871453 0.576829
-1.218266 -1.074021
-0.407564 -0.345218
0.080314 0.208009
-1.314252 -2.301523
-0.674562 -0.168734
1.239544 0.255455
-1.179009 -2.146773
-1.343931 -0.017662
1.063762 -0.074698
0.434153 -0.709670
-1.505191 -0.012090
0.409968 -0.818858
-1.106322 -2.199540
-1.256620 -2.516141
0.424886 -0.876259
0.474277 -0.827315
0.341070 -0.786978
1.343794 0.333330
0.188301 0.196231
-0.948680 -1.135929
-0.894455 0.787639
0.150272 -1.629512
-0.513080 -0.133409
1.164581 0.291432
-1.640836 -0.079778
1.209146 -0.010536
-1.219343 -1.146597
-1.633809 -0.085344
0.445892 -0.828105
-0.826462 0.620414
-0.335069 -0.455069
-1.526147 0.107817
0.367265 1.172011
-1.610522 -0.108341
1.199285 0.306468
-0.808112 0.822728
-1.495435 -0.050621
0.172532 -0.645819
-1.646036 -0.193594
0.333526 1.299038
0.238296 1.131489
0.208683 0.358421
-0.890628 -1.319004
-0.057768 -1.782951
-0.958207 0.695061
0.187969 0.070654
0.233704 1.232429
0.468135 1.008448
0.321398 1.399888
1.125170 -0.023483
1.086409 0.150180
1.303867 0.209229
-1.646326 -0.065280
-0.378900 -0.416709
0.074528 0.357439
0.181511 -1.943184
1.061278 0.094765
0.099052 0.259299
-1.341955 -2.266388
0.099268 0.162490
0.454674 -0.683405
-0.627783 -0.333504
0.309191 1.138463
-0.535681 -0.429699
-1.320391 -1.083222
-1.182427 -1.123874
0.240811 0.002105
0.346031 -0.798602
1.027743 0.420182
0.590310 -0.748717
-0.909688 -1.116323
-1.446906 -0.259984
-0.048978 -0.084395
-1.103296 -2.365173
-1.672337 -0.063294
-1.218614 -1.192735
-0.843669 0.695122
-0.916991 0.537853
-1.064877 -1.256971
-0.659270 -0.285631
-0.695343 -0.322858
-0.046093 -1.766173
0.384698 -0.949585
-1.235803 -2.255935
-0.533901 -0.486297
0.144786 1.193231
0.100858 1.244176
-1.367669 -1.095969
-1.164970 -1.141130
1.339622 0.183637
0.397041 0.925067
0.253635 -0.773010
0.110402 0.261277
0.403925 1.090952
0.471333 -0.922590
-1.432656 0.049175
1.141258 0.215409
0.258160 -0.946344
-1.073863 -1.024874
1.252267 0.401494
-0.419845 -0.377934
0.318991 1.140880
-0.784440 0.669514
-1.397611 -0.158606
0.061351 -1.752149
0.350938 1.111838
-0.879398 0.912461
1.375916 0.124644
1.089618 0.019493
0.076312 0.277274
-1.251467 -2.358805
-0.514536 -0.533475
1.312840 0.098681
-1.160205 -1.129111
0.139732 0.281074
0.078859 0.330050
-0.919633 0.740925
-0.775587 0.595316
-1.133109 -2.341088
-0.511164 -0.527449
-1.322203 -0.104643
-0.813745 -0.881896
-1.271361 -1.199215
1.048953 0.097232
0.094238 -1.990651
-1.696671 -0.091634
-0.798740 0.831096
0.042330 -1.942948
0.255250 -1.849065
-0.875180 0.638268
0.215245 -1.930761
-0.896530 -0.931930
0.423660 1.038189
-1.297812 -2.364144
-0.480175 -0.285569
-0.968978 0.806928
1.354105 0.205553
-1.176770 -1.123456
0.245001 -1.947272
0.069883 0.377736
1.321687 0.293598
0.213662 -1.786350
0.104402 -1.877181
0.380146 1.205126
-0.832491 0.683981
-1.233641 -2.232132
1.190657 0.187678
0.265509 -1.841069
0.464154 -0.681936
-0.935885 0.510309
0.236923 1.230978
-1.132459 -2.358169
1.237729 0.241811
-0.009220 0.227303
-0.978227 0.862580
-1.119194 -1.254979
0.058760 -1.818426
0.039393 0.333801
-0.790627 0.652661
-0.959221 0.721750
0.462197 1.211582
-0.554197 -0.406333
-0.738282 -0.453902
-0.858196 0.839509
-0.834300 0.898542
0.956056 0.144389
0.097675 0.029849
-1.645177 -0.016146
-0.457449 -0.435196
-0.975518 -0.924696
-0.700542 0.746795
-0.907856 -1.309605
0.057841 -1.749919
-1.216903 -2.273062
0.103922 -1.599308
0.004365 0.354611
0.112208 -1.789216
1.317242 0.415631
0.016990 -1.833336
-1.405521 -2.427315
-1.542407 -0.072265
0.075009 0.177232
-0.028201 -1.627904
0.349161 -0.944141
-0.423178 -0.260278
0.316699 1.284396
-1.271841 -0.949838
1.347685 0.250985
0.092127 -1.711269
0.616300 -0.682564
1.091303 0.439206
-1.272723 -2.212546
-1.115294 -1.281765
-1.251090 -0.105724
-0.175017 0.251075
0.002478 -1.632653
-0.463526 -0.494821
-1.110925 -1.131760
0.294061 1.113806
0.102126 -1.984867
0.583201 -0.976522
0.106066 -1.520243
-0.697047 -0.286514
0.111164 1.193640
0.417572 -0.938390
0.091684 -2.083768
1.039103 0.167582
-1.303164 -1.233728
0.126740 0.279878
-1.315101 -2.470217
-1.019765 -1.196771
-0.035104 0.255659
0.956986 0.251341
0.156754 -1.472186
-1.075800 0.427399
-1.161585 -2.336331
-1.260764 -1.125458
-1.464779 -0.158400
-0.813135 0.734732
0.312621 -0.948593
0.190467 -1.757025
0.013686 0.146482
1.356747 0.055991
0.026857 0.012188
-1.488152 -0.182085
-0.874156 -1.230710
-1.120993 -2.300581
-0.446001 -0.318455
0.438465 1.053010
-1.240156 -0.149370
1.059496 0.061558
0.637294 -0.813049
0.333730 -0.909351
-1.291722 -2.441313
0.161511 1.228325
1.142190 0.295498
0.069762 0.110443
-1.254169 -2.392113
-1.732752 -0.112704
1.308480 0.198668
0.343280 -0.680644
0.310287 1.015871
-1.011643 0.564762
0.400328 1.245744
1.326009 0.181029
0.205078 -0.722933
-0.742186 0.792003
-1.255940 -1.273043
-1.136635 -1.178153
0.460325 -0.790149
-1.221530 -2.434356
-1.284085 -0.174469
-1.613346 -0.069512
0.007450 -1.964676
-1.667506 -0.021340
-1.533774 -0.224800
-1.344989 0.128530
0.161850 -1.979820
-1.148584 -1.274863
0.346220 -1.897607
-1.121395 -2.309065
0.066303 0.098218
0.589365 -0.874804
0.147546 0.364135
1.188407 0.307204
-1.176052 -2.497248
-1.208636 -2.150866
-0.912235 -1.028957
