300 2
-1.249685 -1.687590
-0.234484 -1.465342
-0.674978 0.347676
-0.853401 0.186459
-0.698770 -1.423280
-1.022514 -0.042809
-1.058089 -2.321590
-1.332016 -1.704054
-0.732528 -1.481211
-0.847450 -1.513067
0.237920 -0.953646
-0.834603 -1.607998
0.008724 -1.581976
-0.865123 -2.017368
-1.262938 -0.700685
-1.174775 -0.813955
-0.982161 0.174107
-0.950666 -2.179718
0.368917 -1.557938
-0.469238 -0.722247
-1.045487 0.154606
-2.006711 -1.084095
0.269178 -0.875467
-0.863763 0.043324
-1.034430 -0.852161
0.156527 -1.585759
-0.888462 -2.278883
0.043598 -1.568564
0.223744 -1.557568
0.047105 -2.221263
-0.156961 -2.193916
0.021769 -2.241918
-0.662723 0.208228
-0.211210 -1.443082
-0.580961 -1.502362
0.086210 -1.552917
-0.090361 -2.079554
-0.174965 -1.354575
0.417038 -0.634107
0.238034 -0.837586
-1.046138 -0.996323
-0.990734 -2.056031
-1.832587 -1.078929
-1.124905 -0.920213
-0.245341 -1.988825
-0.910776 -1.221913
-0.544061 -1.014585
-1.868976 -1.276878
-0.745872 0.214067
-0.713258 0.185972
0.388075 -0.871556
-1.790272 -1.339161
-1.409703 -1.113138
-0.044092 -2.346148
-1.115385 -0.558138
-0.963559 -0.037413
-1.086566 0.053826
-1.169082 -1.653595
-0.851374 0.135345
-0.001870 -1.590870
-1.887958 -0.979042
-0.847605 -0.955302
-2.057389 -1.128546
-1.981866 -1.024341
-0.871845 0.098674
-0.898010 -2.317086
0.514833 -0.612678
-0.722672 -1.667389
-0.441505 -1.165904
-0.208604 -2.284676
-0.942800 -2.016013
-1.101468 -0.902092
0.481590 -0.827333
-0.027366 -1.681170
0.335405 -1.541944
0.267432 -2.288467
0.396403 -0.760950
-0.926781 -2.140488
-0.946763 -2.208103
-1.029760 0.061983
-0.953396 0.292461
-0.372392 -0.975344
0.057639 -2.017000
0.021055 -1.495240
-1.170985 -1.584111
0.652288 -0.710604
-0.639882 0.255527
-0.892637 -2.123499
0.324480 -1.486930
-0.998263 0.186286
-0.858677 -2.426015
-0.962245 0.225785
-0.841241 -1.372724
-0.043831 -1.757746
-1.751169 -1.083668
-1.038338 -0.829468
0.270491 -1.529905
-1.256927 -1.559006
-0.894409 -2.332933
0.385907 -0.604300
0.282595 -1.538330
-0.781776 -0.008170
-0.861954 -1.981207
-1.008394 -2.312480
-0.748995 -2.276782
-1.955048 -1.262430
-0.637176 -1.019936
-0.810588 -2.325772
-0.010438 -2.158132
-0.130537 -2.231476
-0.813717 -1.311880
0.411261 -0.923652
-0.024067 -1.503129
-1.967132 -1.098541
0.114476 -2.390939
0.470945 -0.697312
-1.430516 -1.503831
-1.139692 -0.497786
-0.849568 -2.028753
0.033015 -2.053877
-0.849873 -0.003892
-1.374676 -0.721933
-0.771569 -1.029324
-0.782896 -1.412135
-0.824653 -0.065068
-0.830254 -1.521135
-0.881802 0.248558
-1.034495 -2.205249
-0.768660 -1.424406
-0.480352 -0.958575
-0.733717 -2.460205
-1.221521 -1.787357
-0.029978 -2.246030
-0.818913 -0.011201
-0.866593 -1.543005
-0.857343 -1.171772
-1.452540 -1.599834
-1.502527 -1.675907
-1.901510 -1.031485
0.309971 -1.509468
0.567747 -0.710057
0.470244 -0.702226
-1.928226 -1.098651
-1.371277 -1.776919
-0.625178 -2.051423
0.111271 -2.211808
0.409596 -0.728721
-0.772573 -1.394519
-0.378176 -1.147737
-0.767172 -0.822775
-1.922256 -1.179188
-2.009185 -1.089152
-0.821443 0.237059
-1.056367 -0.447152
-1.229531 -0.854866
0.464927 -1.036811
-1.202284 -0.682178
-0.676568 -1.519406
0.210432 -2.305786
-1.008191 -0.731572
-0.688944 -2.346451
0.239548 -1.481044
-1.127991 -0.640361
-0.511243 -0.624500
-0.543805 -1.136816
-1.038481 -0.561931
-0.875159 -0.151894
-0.060924 -2.199420
-0.943039 -2.297626
-0.799522 -0.058623
-1.360494 -1.532929
-0.954010 -0.929306
-1.150714 -0.727109
0.000123 -1.958152
-1.439733 -1.767582
-1.061483 -0.603975
-0.685287 -2.088116
-0.879621 0.081051
-0.122540 -2.151080
-1.132417 -2.082920
0.202557 -1.019251
-0.650300 -1.474172
-1.354920 -0.850572
-1.286823 -1.427825
0.133209 -1.595341
-1.395927 -1.527986
-0.785303 -2.327132
0.385896 -0.663813
-1.786665 -0.920820
-0.512345 -0.965619
-0.799468 -0.038365
0.278798 -1.477000
0.215990 -1.488090
-1.435421 -1.643793
0.334492 -0.734638
-0.867416 -0.917883
0.024089 -2.167804
-1.039662 -0.882989
-1.040153 -2.164648
-0.420207 -1.275465
-0.517923 -0.828980
-0.141210 -1.952261
0.148303 -2.019786
-0.948610 -2.269997
0.080533 -2.355184
-0.375863 -0.985739
-1.275997 -1.741662
-0.422276 -0.906277
-0.232018 -2.088627
0.156957 -1.466924
-1.607309 -1.218624
-0.550924 -1.148209
-1.035915 -0.796929
-1.844678 -1.251183
-0.861625 -2.338872
-0.610004 -1.529839
-0.847499 0.208172
0.038180 -1.367984
0.452095 -0.761910
0.461328 -0.826576
0.390466 -0.878564
-0.811120 0.074213
-1.209877 -0.713924
0.434871 -1.563901
-1.945959 -1.076881
0.316756 -0.573515
-0.762744 -2.040668
-1.364508 -1.720351
-1.031224 -2.339676
-0.775633 0.133964
0.490512 -0.846625
-0.250120 -2.287030
-0.835983 -1.073862
0.197135 -0.932095
0.479373 -0.698258
0.063593 -2.081415
0.388130 -1.621659
-1.510176 -1.768561
-0.324137 -1.010306
-0.333521 -0.926706
-0.034622 -2.189334
0.632187 -0.672006
-0.561963 -0.465084
-0.164374 -2.347131
-2.079660 -1.269058
-0.360042 -1.072661
-0.943291 -2.360764
-0.869989 -0.806215
-0.089489 -2.178345
-0.938777 -0.042894
-0.126141 -2.408444
-1.803150 -1.022108
-0.250788 -2.332633
-0.755662 -2.477540
-0.973296 0.305968
-1.347652 -1.610690
0.360218 -0.750615
0.004876 -2.338317
-0.791286 -2.420016
0.256570 -0.949485
-1.486334 -1.673937
-1.985798 -1.197753
0.422755 -0.661880
-1.444154 -1.547325
-0.971275 0.181735
-1.072063 -1.551599
-0.851224 -2.371064
-1.099580 -0.798007
-1.392278 -1.484626
-0.322369 -1.047484
0.355387 -0.591452
-1.400871 -1.727071
-1.049080 -2.108277
-0.596241 -0.008158
-0.239597 -2.363054
-0.479415 -1.015506
0.039978 -2.355831
0.548066 -0.601044
-0.622224 0.100240
-0.332820 -2.061500
-0.916935 0.080006
0.292813 -0.690251
-0.284828 -2.307874
-1.077201 -0.646831
0.217763 -1.676983
-1.121404 -1.577334
-1.442937 -1.553364
-0.519392 -1.560105
0.465179 -0.963765
-0.771562 -2.328065
-1.795221 -1.229707
-0.686968 -1.343452
-0.649317 -1.397790
-0.826376 -1.321435
-0.977846 -0.662065
-0.885996 -0.086513
-0.991166 -0.894203
-0.837926 -1.636590
-0.697598 0.087842
-0.580414 -0.788165
