300 2
0.963775 -0.262309
-0.350857 -0.230139
1.666728 1.166630
1.629699 0.936061
1.129656 -0.092315
1.667039 1.206166
0.495265 -0.537861
0.806983 -0.168834
0.593743 0.514544
0.740345 0.445639
-0.109359 1.220245
0.867628 0.224849
-0.498323 -0.323363
0.300090 -0.728828
0.862842 1.186057
0.734418 0.992368
1.556618 1.103013
0.361218 -0.425280
-0.554472 -0.248543
1.037194 0.546205
1.500440 1.083485
2.024445 -0.088004
-0.386430 1.178477
1.802768 0.859191
0.783708 1.227589
-0.424311 -0.403131
0.186475 -0.419587
-0.495537 -0.086201
-0.630940 -0.150555
-0.198338 0.378304
0.015893 0.252776
0.165424 0.631428
1.738499 1.200378
-0.087026 0.009756
0.846201 -0.132490
-0.395815 -0.396010
-0.055299 0.266471
-0.182038 -0.196627
-0.399494 1.497570
-0.235312 1.153986
1.135065 0.864691
0.462083 -0.380711
1.876383 -0.218643
0.958854 1.152775
0.134788 0.521562
0.724855 0.691407
1.118600 0.369017
1.839069 -0.302598
1.663779 0.861969
1.808490 1.104512
-0.353060 1.393360
1.741333 -0.317393
1.531990 -0.074079
0.152004 0.596854
0.669647 1.365341
1.968923 1.074941
2.001754 1.147193
1.107720 -0.290278
1.826933 1.031944
-0.341086 -0.378914
2.018052 -0.128294
1.074327 0.664493
2.064576 -0.155810
1.984632 -0.147059
1.619203 0.976755
0.357635 -0.550459
-0.389626 1.457369
0.608443 0.213087
1.128311 0.270247
0.045004 0.466078
0.212182 -0.585513
0.646824 1.017280
-0.434515 1.351306
-0.283772 -0.261117
-0.517533 -0.107716
0.016334 0.496727
-0.263545 1.247602
0.075122 -0.579707
0.434005 -0.540748
1.644940 1.111047
1.844847 1.211080
1.004802 0.276526
-0.014129 0.335855
-0.591663 -0.351821
0.876420 -0.031144
-0.530635 1.365010
1.807473 1.224194
0.271810 -0.625659
-0.504802 -0.215655
1.937777 1.231924
0.245974 -0.483750
1.905026 1.084606
1.083709 0.546310
-0.374353 -0.272640
1.923426 -0.083795
0.652193 0.985621
-0.550343 -0.262117
0.970720 -0.348053
0.392409 -0.441015
-0.331521 1.206780
-0.551557 -0.421983
1.659476 1.088838
0.203992 -0.732535
0.294597 -0.485185
0.236740 -0.318714
1.817274 -0.272706
1.268394 0.167861
0.240730 -0.484272
0.099669 0.188884
-0.049271 0.324136
0.611687 0.529275
-0.324021 1.352892
-0.365266 -0.414239
2.004732 -0.196231
0.125321 0.466671
-0.344234 1.268072
1.183915 -0.288901
0.852484 1.279285
0.044018 -0.142258
0.094509 0.588981
1.478075 0.980678
0.753375 1.222624
0.330283 0.646573
0.651539 0.413524
1.659879 1.012135
0.831796 0.388026
1.915713 1.108814
0.465190 -0.542425
0.700065 0.488464
0.885864 0.352087
0.359293 -0.305396
1.004903 -0.255671
-0.021711 0.383214
1.654000 0.895522
0.777209 0.187803
0.714980 0.484178
1.098940 -0.408226
0.978857 -0.335608
1.949044 -0.130531
-0.482017 -0.353058
-0.503604 1.370422
-0.035586 1.345776
1.955037 -0.227366
1.121514 -0.398346
0.177901 -0.368430
-0.222892 0.379225
-0.380950 1.107326
0.587263 0.598907
1.267534 0.160192
0.574243 1.060830
1.952148 -0.266233
2.042049 -0.131344
1.469728 1.068217
0.828851 1.013709
0.833544 0.938207
-0.074307 1.369402
0.854338 1.207031
0.466604 0.597104
0.037833 0.256909
0.651613 1.218111
0.260265 -0.392790
-0.483028 -0.311233
0.662484 1.104094
1.411073 0.445900
1.221528 0.176736
0.695458 1.255346
1.589385 0.970858
-0.263034 0.423938
0.153937 -0.727504
1.643598 0.996732
1.135615 -0.267543
0.583051 1.123838
0.887848 1.042824
-0.104058 0.212398
1.076326 -0.457549
0.982365 1.067624
0.419779 -0.395217
1.735482 1.091083
-0.086197 0.498523
0.705882 -0.670617
-0.185467 1.126673
0.610598 0.495148
0.865254 1.126635
1.347580 -0.096660
-0.509388 -0.332391
1.225777 -0.270237
0.364956 -0.250935
-0.430993 1.369376
1.811213 -0.126076
1.209245 0.341434
1.724410 0.823555
-0.596589 -0.294675
-0.400008 -0.056427
1.073990 -0.253889
-0.300588 1.322474
0.426767 1.150072
-0.181628 0.371910
0.763154 1.058830
0.174843 -0.652118
1.228384 0.117326
1.206945 0.357161
0.161851 0.269720
-0.122929 0.218930
0.153934 -0.685930
0.014878 0.584339
1.173006 0.294124
1.079683 -0.350509
1.318362 0.231515
0.255426 0.385646
-0.553669 -0.402083
1.564021 -0.148966
1.065223 0.203547
0.819520 1.113451
1.623948 -0.215132
0.103733 -0.459461
0.659526 -0.068996
1.547282 0.973262
-0.327234 -0.207774
-0.344855 1.239885
-0.328101 1.314590
-0.220004 1.239688
1.816808 1.230391
0.754996 1.214098
-0.542807 -0.203829
1.803202 0.025464
0.146708 1.436211
0.336641 -0.722242
0.996024 -0.447992
0.432091 -0.545187
1.875914 1.168881
-0.138011 1.223640
0.297623 0.449627
1.342885 0.031959
-0.163732 1.050085
-0.246530 1.382859
-0.148912 0.469168
-0.642790 -0.160290
1.021390 -0.395200
1.106456 0.380228
1.343410 0.353150
0.115369 0.528152
-0.432553 1.365448
0.892958 0.559919
0.129721 0.396095
1.796999 -0.377284
1.205505 0.144790
0.098983 -0.556187
0.616992 1.135015
0.160069 0.454081
1.988137 1.063910
0.240755 0.313199
1.938239 -0.044667
0.199875 0.115637
0.153323 -0.305933
1.853350 1.136644
1.109415 -0.497869
-0.275456 1.320187
-0.048642 0.471945
0.340828 -0.378060
-0.166609 1.246544
1.063451 -0.354993
1.833701 -0.287827
-0.114661 1.454853
1.166511 -0.563845
1.758167 0.786336
0.995845 -0.132087
0.387319 -0.494958
0.739515 1.073581
1.067369 -0.283633
1.245766 0.206467
-0.141004 1.430061
1.097464 -0.399506
0.400183 -0.691846
1.673148 0.872794
0.257834 0.429501
1.184492 0.573304
-0.044344 0.397235
-0.424830 1.381050
1.795963 1.021932
0.113608 0.366376
1.791573 0.918305
-0.153046 1.314885
0.155312 0.294174
0.734291 1.074941
-0.539459 -0.304747
0.928712 -0.286094
1.063969 -0.386674
0.527226 0.326896
-0.546439 1.281352
0.122988 -0.602694
1.722074 -0.163708
0.846108 0.248948
0.777007 0.631162
0.870999 0.421400
0.727168 1.115062
1.558319 1.194656
0.652689 1.103066
0.814058 0.181090
1.836165 1.002593
1.282272 0.324034
