1000 2
0.473573 1.558421
-0.598245 -0.469776
0.693311 1.410480
1.250193 -0.023275
0.540629 1.619890
0.440904 1.272904
1.164219 0.221753
1.561238 -1.181594
0.223446 0.268015
-0.687942 -0.496154
-0.515673 -0.485244
0.111555 -1.177287
1.501694 -1.305120
0.472468 1.594215
1.461773 -1.132390
-0.595318 -0.431148
-1.747698 -0.490300
0.614312 1.602929
-1.896664 -0.529769
0.177429 -1.473065
0.190150 -1.146996
2.470526 0.643274
-1.154661 -2.035925
-0.745355 -0.382712
-1.842000 -0.398945
0.150058 0.362967
-0.724631 1.186833
-1.983144 -0.576251
-0.027399 -1.148231
-0.671255 -0.183630
0.095190 0.052694
-1.228002 -1.709391
-0.039027 -0.021097
-1.377525 -1.604543
0.118382 -1.667912
2.374919 0.742268
0.517761 1.364461
-0.014436 -1.499184
1.249467 -0.050127
-0.829660 0.967758
0.003676 0.084907
-1.199481 -1.758670
-0.516966 -0.390982
1.269297 -0.043689
-0.678794 -0.484809
-1.981436 -0.438637
2.235851 0.670964
1.642474 -1.106737
-0.665593 -0.337822
0.238757 -1.390342
1.223560 -0.053082
0.072375 0.146559
1.221283 0.341673
-2.182884 -0.457743
-2.078548 -0.363187
-1.215365 -1.695666
-0.550680 -0.399495
1.154344 0.289803
1.628826 -1.215359
-1.147152 -1.990358
0.058408 0.292549
-1.935290 -0.541786
0.296784 -1.325729
0.032294 -1.197319
2.459357 0.552513
0.183730 0.088334
1.147385 0.058025
1.228765 0.241984
-0.921242 0.876518
-2.139186 -0.463271
1.269345 0.255541
-0.823178 1.073466
1.118794 0.218271
-0.822579 0.864235
-1.233887 -1.725308
0.156753 -1.504622
-2.104206 -0.487848
-0.101413 -1.371242
-0.776270 -0.384223
0.286767 -1.347467
-0.492726 -0.492941
0.277232 0.171473
0.141892 -1.520150
-1.213290 -1.781772
-1.147592 -1.628486
2.539262 0.520293
0.166183 0.137795
-0.848462 1.202526
1.364580 0.226483
1.136792 0.063072
0.137899 -1.437318
0.196939 -1.261528
-0.619563 -0.574885
-0.766449 -0.452493
2.367858 0.736074
-1.904026 -0.483951
0.461823 1.483857
1.274429 0.122068
-0.049960 -1.288180
0.201098 -1.497457
2.101960 0.617515
2.193769 0.642563
0.108218 -1.511658
-0.959322 1.073449
0.018163 0.218364
0.315795 1.401210
0.602540 1.544553
-1.099292 -1.977904
1.363339 0.169315
0.723012 1.433328
0.108640 -1.195159
0.474842 1.473442
-0.626513 -0.392741
1.229472 -0.121754
-0.584899 -0.379209
1.355190 -1.199720
0.235702 -1.421222
0.557728 1.401023
2.345839 0.670727
-1.705763 -0.573573
2.275559 0.768874
-1.967664 -0.346512
-0.977515 1.008151
-0.745701 -0.310231
-0.638435 -0.230350
-0.783195 1.003982
2.380218 0.375484
2.269995 0.515308
-0.887861 1.251021
2.282394 0.678621
-0.547405 -0.345723
-2.002219 -0.469489
-1.174355 -2.002132
0.444008 1.506008
-0.772959 0.996296
0.524852 1.458881
-1.231170 -1.755267
1.314936 0.036598
2.367561 0.515274
0.634947 1.440964
0.484507 1.632067
-1.783557 -0.437970
1.534867 -1.217807
-1.783877 -0.430882
0.060074 -1.490978
-1.266050 -1.813504
0.354481 1.582453
0.005100 0.230673
1.294179 0.232474
0.614073 1.544983
0.042294 0.280065
1.446484 -1.301460
0.356861 -1.521550
1.403914 -1.322750
2.300221 0.733056
-0.006485 -1.446628
1.569538 -0.004173
-1.063370 -1.891501
-0.780000 -0.441372
-0.859627 0.910067
-0.633638 -0.327690
0.088274 -1.269503
-1.858225 -0.291224
1.555109 -1.465845
-0.859230 1.173826
2.517924 0.695473
-1.970457 -0.255372
-1.013657 0.752175
0.262923 0.240114
1.738346 -1.318324
0.205259 -1.352778
-0.617906 1.141715
1.504800 -1.143909
-0.873156 1.027371
-0.562663 -0.374266
0.054897 0.069461
-0.899383 -0.407777
-0.000644 -0.958670
2.323505 0.313505
1.429417 -1.312245
0.506759 1.530958
0.599907 1.314025
-0.876268 1.183412
-1.160892 -1.897262
-1.783905 -0.539335
0.142957 -1.218163
2.505356 0.595219
-0.777957 -0.307466
-0.880667 1.184021
0.424583 1.221632
2.226193 0.421962
0.089577 0.148995
0.046304 0.086891
1.056211 0.100789
1.260222 0.105063
2.416918 0.792721
1.581269 -1.430318
-0.967128 0.965204
1.536244 -1.162052
0.198068 1.436341
-1.087123 -1.923093
-0.680203 -0.489089
-1.290403 -1.915250
-0.841519 1.097280
0.541209 1.451018
0.306917 1.426272
-1.314289 -1.938475
-1.135971 -1.646168
-0.872766 0.717701
-1.212612 -2.013374
2.533600 0.578070
-1.375096 -1.785053
1.143476 0.105983
1.281139 -0.009763
-0.022463 -1.458136
0.112475 0.204196
-2.001090 -0.394586
1.632466 -1.184160
-1.219930 -1.722485
-1.230364 -1.818443
-0.707737 -0.308765
-0.903000 0.968790
1.758143 -1.302936
1.235301 -1.194348
1.672855 -1.118939
-2.148281 -0.388590
-1.954096 -0.437697
-1.089082 1.061969
-0.527153 -0.346395
2.482064 0.504887
2.323874 0.638774
2.314308 0.850927
2.446987 0.681441
0.033971 0.066417
0.398673 1.301054
-0.825910 0.978565
1.337802 -1.303980
-1.307027 -1.919248
0.554731 1.379636
0.091519 0.130611
0.558073 1.280619
-1.322837 -1.742344
-0.764897 1.009636
-0.861816 -0.310325
0.573496 1.336248
-0.045827 -1.328996
-1.118721 -1.911713
2.551929 0.649961
-0.892449 0.918715
-0.687971 -0.570774
-0.654969 -0.442005
0.107239 0.203151
-0.070291 -1.592719
0.584620 1.594440
0.554873 1.493381
-0.486899 -0.305490
2.201144 0.498561
0.308657 1.226860
1.585494 -1.161290
-2.114830 -0.334724
0.687798 1.407356
0.652648 1.411564
0.405114 1.530974
0.322496 0.115624
1.206664 -0.024699
-0.526481 -0.206584
-1.970472 -0.314908
0.728738 1.293419
2.317024 0.586525
-0.804089 -0.477286
-0.701648 -0.415081
0.241981 0.259407
0.191728 0.122084
-0.783745 -0.367504
0.100021 -1.454891
-0.701470 1.055659
-1.224475 -1.649227
0.182867 0.177974
-0.819063 0.869466
0.015244 -1.293841
-2.005151 -0.248004
-0.751525 -0.360950
0.456045 1.431020
-0.760797 1.196625
1.672962 -1.289325
0.454971 1.348602
-2.022461 -0.461964
0.404964 1.597370
2.168346 0.693579
1.541440 -1.274338
2.395551 0.575801
1.452410 -1.143254
-0.646222 -0.534411
-2.094931 -0.432486
-0.721609 -0.562242
-1.192926 -1.694753
2.437806 0.646253
-0.928613 1.090674
1.300478 0.325938
1.357876 0.126050
-1.327394 -1.742279
1.700338 -1.292680
-2.076840 -0.475121
-2.077035 -0.115558
1.453301 -1.377291
0.630826 1.330294
0.604002 1.300945
0.185051 0.024889
-0.699461 1.158648
-0.169512 -1.472882
-0.572561 -0.238005
-0.000747 -1.304829
2.344898 0.416087
2.278268 0.256587
1.141138 -0.055933
0.055255 -1.383863
-0.996051 0.937664
-0.738398 -0.257925
1.616162 -1.327244
0.359108 1.348931
-1.839803 -0.503643
0.021309 -1.423381
-0.818033 0.932051
1.488138 -1.050370
1.512317 -1.368881
0.532879 1.312499
1.424370 -1.145178
2.406703 0.613968
1.500263 -1.113305
2.459251 0.751255
1.429301 -1.390546
-0.633640 -0.535268
0.390885 1.515490
1.519330 -1.274515
-0.052736 -1.257289
-0.931106 1.017434
1.197700 0.086211
-2.045655 -0.255546
2.297848 0.682196
1.387991 -1.200320
1.086225 0.037805
-0.543443 -0.156376
0.457624 1.411424
0.132845 0.447291
0.298824 -1.367376
-0.189484 -0.165746
-1.761376 -0.608827
2.277030 0.584763
0.129728 0.201901
-1.092103 -1.897228
2.255002 0.552821
-0.917302 0.830434
-2.030496 -0.417496
0.513076 1.352730
1.242779 0.233387
2.256327 0.777659
-1.119400 -1.796494
0.169993 0.072933
1.211675 0.025048
1.309918 -0.032305
-2.124239 -0.361177
-1.967443 -0.632775
0.012929 -1.422413
-0.913714 -0.370592
1.538784 -1.166601
0.583262 1.483340
-0.670427 0.862115
-0.823289 1.086323
-0.977385 0.796351
-0.906643 0.800002
1.237799 -0.049394
0.114085 -0.000853
0.201566 -1.462883
2.333897 0.640132
1.262743 0.080109
0.174933 0.328249
0.639401 1.395447
2.267192 0.552757
-1.342073 -1.718956
1.112441 0.189237
-2.195522 -0.460026
1.492584 -0.982829
0.449106 1.492313
-1.326618 -1.848777
-0.986278 1.118525
1.031618 0.134319
-0.998150 -1.773730
0.224089 0.232754
-0.882713 1.012293
0.026317 0.295924
1.486476 -1.396319
0.135472 -1.166220
0.556426 1.512517
-1.998532 -0.538606
-0.757910 -0.361783
0.480319 1.266192
-2.092303 -0.337137
1.066586 0.313167
0.320553 -1.463042
0.140711 0.314060
0.366889 1.416427
2.515201 0.567436
-1.922176 -0.337503
1.419577 -1.097613
-1.184825 -1.780354
-2.132780 -0.405185
-0.750927 -0.155768
1.564763 -1.468675
0.139664 0.051871
0.133434 -1.243639
1.374462 0.313694
0.229702 -1.550838
1.122495 0.105426
1.580919 -1.481315
1.257699 0.166133
2.294276 0.710368
-2.137353 -0.476423
-1.112598 -1.918116
2.289878 0.659220
-1.069145 -1.897134
0.022554 -1.462400
-0.758134 0.987239
1.190648 0.169899
2.539936 0.647489
-1.950698 -0.154064
-0.666821 -0.411785
0.568738 1.325437
-1.207810 -1.643748
-2.016016 -0.498744
-1.295354 -1.911437
-0.871042 0.905680
0.085771 -1.321582
-1.862636 -0.313246
1.621767 -1.289014
0.287000 -1.202489
-0.632573 -0.494212
0.501938 1.410257
0.122954 -1.571261
0.253203 -0.064794
1.494901 -1.007014
-0.795241 -0.513397
-0.636345 -0.267446
1.523999 -1.100131
1.549017 -1.193804
1.185077 0.265147
-0.763533 0.955404
-0.849107 -0.551024
-1.970014 -0.503210
2.354923 0.782751
-1.290639 -1.677868
-1.013561 -1.813601
1.024336 0.006224
-1.049271 -1.873495
-1.938338 -0.144722
1.446629 -1.077680
2.327547 0.768727
1.185183 0.183566
-0.464725 -0.571439
0.123049 -1.557583
-1.907804 -0.516620
1.373978 -1.190609
-1.168344 -1.916998
-1.185925 -1.940966
-1.940016 -0.269706
0.117075 -1.469952
-1.864740 -0.299603
-1.019533 0.990683
0.560046 1.340232
0.091728 0.280776
0.047106 0.165906
-0.000170 -1.543133
2.407271 0.632815
-2.020470 -0.405017
0.159846 0.077493
-1.409103 -1.907617
1.622846 -1.008465
0.030803 0.198582
0.227276 1.395915
0.160474 -1.434646
1.085357 0.060546
0.284902 0.140402
2.369510 0.720176
-0.770784 0.936365
0.415427 1.488131
1.606818 -1.282745
-1.863562 -0.309342
2.264128 0.463626
1.146386 0.010781
0.092469 -1.263754
0.510431 1.358227
-0.873548 0.774817
-2.123202 -0.232512
-1.300214 -1.618291
-1.008668 1.231973
-1.132104 -1.969919
-1.971548 -0.411360
1.373132 -1.041880
-0.885268 1.169286
1.240555 0.013642
1.337355 0.113155
0.196844 -1.269550
2.311881 0.593166
2.524297 0.607077
1.456547 -1.384291
1.431347 -1.269869
2.412234 0.452803
2.228716 0.683053
-1.096237 -1.955814
1.617765 -1.259043
1.218010 0.292415
-0.037979 0.235960
2.319218 0.435731
0.134827 0.039999
-1.307472 -1.722040
1.449375 -1.364304
1.216597 0.106295
-0.941631 0.923346
0.372379 1.485869
0.390668 1.499153
-1.937627 -0.139610
-1.059545 1.051059
-0.792764 0.869316
1.570537 -1.169694
-0.695825 1.250118
-1.797010 -0.407739
0.405272 1.374603
1.703561 -1.188815
-0.845580 1.109595
1.275017 -1.201998
0.221939 -1.378107
2.119102 0.698936
1.249083 0.224490
0.377451 1.466833
1.442267 -1.177953
-1.241619 -1.794877
0.115599 -1.379295
-0.058490 -1.473611
0.457305 1.455024
1.625805 -1.246125
-0.870246 -0.496884
-0.690200 1.023100
0.049810 -1.383579
-1.921375 -0.327087
-0.724784 -0.532257
1.220560 -0.040361
1.287134 0.240096
-1.147140 -1.760346
2.245291 0.393562
1.158726 0.045742
-0.663696 0.843768
0.140290 -1.210049
1.176799 0.154957
-0.026822 0.268005
1.280383 0.136669
-1.110084 -1.938391
-2.047590 -0.221925
2.276724 0.531629
0.515349 1.348202
-0.816181 -0.411226
-1.914578 -0.204338
-1.026564 0.786263
-1.107311 -1.871414
-0.639531 -0.230828
-0.809866 -0.524464
0.041868 0.020757
0.576898 1.406129
-1.145595 -1.765485
1.498729 -1.220194
0.219263 -1.428562
2.449679 0.686902
-0.860624 1.001898
-0.629283 -0.302260
2.378623 0.543129
0.305771 -1.441705
0.409086 1.297550
-2.010535 -0.531858
-0.847755 0.885778
-2.022063 -0.265454
-1.853969 -0.632557
0.085439 -1.419820
1.536849 -1.014832
-1.041654 1.057180
0.203114 -1.307333
-1.281111 -1.793338
1.132277 0.339317
-1.073867 -1.908802
-0.097733 -1.363733
-1.166407 -1.820245
1.270577 -0.178929
-0.738151 0.908446
0.050867 0.211089
-0.806438 1.170179
-0.672493 -0.376423
2.514143 0.715911
-1.138852 -1.732332
2.461308 0.401100
-0.883774 0.875020
0.619768 1.444281
-2.075154 -0.308199
2.216537 0.587373
-0.877546 1.072352
1.611095 -1.302191
1.124098 0.007005
0.070522 0.103858
-1.126546 -1.616451
1.120874 0.258630
2.299535 0.512589
-0.813615 1.203751
0.429239 1.374998
2.337825 0.464383
0.276153 1.534986
-1.276150 -1.971811
-0.047749 -1.388584
-1.854905 -0.423145
-0.920606 0.909145
2.285812 0.761026
-0.554713 -0.417391
-1.207445 -2.029734
-1.836605 -0.286498
0.124420 0.225443
1.525587 -1.238830
1.092782 -0.017462
-0.962947 1.021309
1.150368 0.270128
-1.240073 -1.798629
-0.470317 -0.297273
-1.798680 -0.220470
0.133735 -1.400301
-0.696627 1.104877
-1.191222 -1.628378
-1.782802 -0.414418
-1.161119 -1.736945
-0.615843 -0.453103
0.186168 -1.452238
0.679887 1.245822
-1.211403 -2.030868
-1.233178 -1.909090
2.044083 0.584551
-1.559097 -0.169349
0.014132 0.057279
0.631983 1.527201
-0.688612 -0.452362
-2.072144 -0.419399
0.612852 1.498656
-0.526247 -0.479850
0.067729 0.192600
-0.945301 1.024827
0.654296 1.537226
-2.015772 -0.263177
0.241712 -1.554659
0.105279 -1.350672
0.036653 0.124160
-1.125816 -1.660267
1.544057 -1.229294
-0.780736 -0.362748
-1.813006 -0.384040
-1.823515 -0.380938
1.073980 0.116457
-1.819217 -0.092049
-0.582793 -0.308828
0.571788 1.364164
1.685179 -1.321967
1.203754 -0.015409
0.623247 1.508434
1.550282 -1.289541
2.091417 0.415402
0.125200 0.323355
1.047435 0.227835
-0.877195 -0.328814
-1.285105 -1.744489
-0.810373 0.739586
-1.936400 -0.452440
0.283888 0.069835
0.051763 -1.564775
-0.881675 0.914147
-1.887646 -0.488850
1.157186 0.202719
2.355947 0.466527
-0.771218 0.980546
-0.934556 0.967461
-1.742274 -0.509537
-0.638251 -0.503195
-0.984939 0.837159
-0.868926 -0.241744
2.367568 0.579951
-1.806792 -0.360149
0.410299 1.223103
-0.057333 -1.372118
2.401488 0.699718
-1.301311 -1.726638
1.649008 -1.389970
0.099408 0.352450
-0.614104 -0.400289
0.063460 -1.503331
0.328886 1.430973
-1.226254 -1.772704
2.406199 0.459693
0.187382 0.166827
-1.845417 -0.453563
-1.180585 -1.908491
-1.855345 -0.378751
2.498962 0.529532
2.234294 0.379861
2.457018 0.704166
-1.927849 -0.170000
-1.345018 -1.805363
0.211462 -1.432830
2.352875 0.815973
1.608180 -1.406931
0.016557 -1.360212
0.288604 0.212125
1.582500 -1.293513
2.325114 0.445608
-0.004013 0.056534
-0.643334 -0.527824
-1.914842 -0.560343
-1.916230 -0.327098
-1.951544 -0.637890
-2.142715 -0.494557
-0.649725 -0.369855
-0.556053 -0.332545
0.137368 -1.473674
-0.841940 -0.280941
-0.720889 -0.439227
0.019780 0.037550
2.293444 0.394032
0.264417 0.243301
0.518116 1.634788
-1.348658 -1.812383
-0.749524 1.166756
0.578729 1.628597
-1.229204 -1.841104
1.269313 -1.366176
0.655220 1.411107
0.258997 -1.086504
0.303307 -1.424380
-1.150036 -1.612838
0.548417 1.379150
-0.732871 1.080200
2.299002 0.735793
-0.168026 0.594161
-2.010450 -0.243392
-2.150750 -0.484425
0.176248 0.155720
1.632319 -1.158827
-0.743369 1.123991
-0.729319 1.053885
0.500214 1.501928
0.029972 -1.475465
-0.010970 0.072901
0.062806 -1.577544
-1.988272 -0.272470
1.564411 -1.153673
-1.197256 -1.786589
-1.873670 -0.583337
-2.025884 -0.540923
0.572244 1.501652
-1.982197 -0.450220
-1.913072 -0.294193
-1.741796 -0.483080
0.148532 -1.466051
-1.844501 -0.373733
-0.066159 0.195109
-0.993080 1.021000
-0.944470 1.020867
1.278158 -0.055480
-1.873422 -0.500034
2.520529 0.681478
2.330797 0.455779
2.218158 0.629850
0.266995 -0.030208
-0.991652 1.057667
1.395786 -1.373916
-1.313861 -1.906610
-0.774182 0.875997
1.310070 -0.054740
1.319561 0.067410
-0.586288 -0.383622
0.290200 1.410686
2.481257 0.714727
-0.686418 -0.444870
-1.233373 -1.758974
2.039914 0.561318
1.694365 -1.346617
0.280826 0.132480
-0.820837 0.924356
-0.799968 0.938210
0.316772 -1.391307
1.320822 0.285847
0.437715 1.353481
0.638873 1.487380
0.133423 0.105774
-0.843130 0.851786
2.426745 0.449931
2.203738 0.901808
0.989589 0.065248
-0.637681 -0.440018
0.503464 1.415698
2.270051 0.591477
-0.448200 -0.405693
-1.270897 -1.792812
0.164107 0.174868
0.081891 -1.398807
1.176902 0.245524
1.426002 -1.251444
2.415417 0.577314
1.094428 0.242155
-2.006407 -0.536321
-1.937092 -0.477326
0.056738 0.080417
0.111287 0.217882
2.245821 0.724489
0.035894 0.362660
0.105666 -1.300857
0.170501 -1.546278
-2.062600 -0.362364
-0.802978 1.106828
-0.991629 1.030858
0.360283 -1.217531
-0.975578 1.050347
1.507601 -1.232389
-2.114840 -0.342093
-0.728973 -0.558934
1.638549 -1.239467
-2.034065 -0.305021
0.091998 0.353146
-0.583008 -0.275760
-2.058297 -0.279974
1.614866 -1.219623
-0.493684 -0.340230
1.589634 -1.373704
1.247201 -0.129909
1.157348 0.407149
2.306002 0.822077
-0.057606 0.364189
0.391643 -0.235108
1.353886 -1.170917
1.476830 -1.190361
0.206291 0.074656
1.230462 0.104511
-1.205595 -1.922634
0.118839 -1.385133
-1.884949 -0.576897
-0.732304 -0.461248
0.537462 1.377352
1.061612 0.182962
-1.223228 -1.646151
-0.835814 1.145795
-1.172498 -1.944517
0.432761 1.478324
1.569790 -1.425957
-0.766660 -0.485117
1.186214 0.017492
-0.784197 -0.255159
-1.304179 -1.941308
2.393411 0.597487
0.112840 -1.341848
0.718058 1.433083
0.651463 1.571675
0.118219 -1.562956
1.211321 -0.099453
-0.581357 -0.324883
-2.030597 -0.510075
0.118281 0.072078
0.110101 0.050699
0.164126 -1.477468
-1.801275 -0.447368
0.139738 0.116954
-1.028779 1.023196
-1.246288 -1.803379
1.662259 -1.209681
0.175802 -1.299531
1.565753 -1.223437
-0.822334 -0.515907
2.258476 0.447912
0.168767 0.103795
0.948984 0.150097
1.205317 0.090258
-2.037525 -0.322754
0.426118 1.439242
1.310872 0.195096
2.309868 0.497785
2.467187 0.475012
0.329589 -1.455511
2.492399 0.643479
0.498574 1.552101
1.234233 -0.081627
1.676956 -1.181393
-2.050000 -0.454342
-1.209579 -1.983802
0.263829 -1.384691
0.431542 1.396022
1.136364 0.038084
0.625319 1.362485
-0.781345 1.144545
0.583792 1.327364
1.570904 -1.390618
-2.082473 -0.490381
0.110700 -1.595475
2.284133 0.680096
-0.675191 0.945192
1.258107 0.031760
2.286978 0.468354
1.631286 -1.292980
-0.598517 -0.350987
2.458086 0.583471
1.133314 0.290093
1.362095 -1.215514
-0.881933 0.944327
1.182935 0.240094
-1.955045 -0.482194
1.491271 -1.151354
-1.798853 -0.376201
2.409402 0.472016
-1.347043 -1.936826
1.049806 0.158459
-1.306975 -1.843195
1.266745 0.126144
0.144959 -1.467253
-0.000077 0.166274
-1.220228 -1.860609
-0.768862 1.059659
-0.704498 -0.530182
1.477954 -1.318649
1.058332 0.309951
1.529525 -1.309811
2.528424 0.682388
1.633932 -0.958320
-1.094779 -1.943410
2.333427 0.881638
-0.659334 -0.331485
0.052781 0.154953
1.440742 -1.228983
2.380918 0.668419
-0.568490 -0.469788
1.551212 -1.149311
-2.060243 -0.497656
1.211457 -0.181201
-0.121395 -1.323722
-0.776036 -0.304782
-1.146220 -1.685190
-0.346866 -0.382549
0.417520 1.328958
0.230349 -1.273143
-0.602842 -0.528463
-2.009490 -0.229941
-1.238941 -1.861678
-0.813764 1.035539
0.107115 0.326122
2.276537 0.378545
-0.945156 0.871947
-0.036293 -1.179199
-1.986956 -0.500584
-1.981761 -0.528149
0.075453 -1.344752
2.442468 0.437958
0.520094 1.338857
0.511183 1.302208
-2.110388 -0.231403
0.405570 1.532258
1.053901 0.081370
0.161689 0.272775
-0.667557 1.106704
-0.749391 -0.351574
0.645904 1.365102
-1.112843 -1.873746
2.369745 0.450655
-0.907375 -0.393541
1.303821 -0.069563
2.357176 0.524862
-1.020063 -1.889522
0.078198 -1.460399
-1.987811 -0.449560
-0.643633 1.036937
-0.050712 -1.292437
-0.771997 -0.345586
-1.208137 -1.691576
2.445967 0.466582
-2.053127 -0.492830
0.078065 0.295235
-0.015981 0.188554
-1.244061 -1.915201
-0.759992 0.882022
0.282007 0.088438
0.074828 0.204841
1.413661 -1.257374
0.205715 0.017913
-1.318732 -1.734924
2.406077 0.854736
1.588423 -1.287368
-0.807162 0.939840
2.423958 0.526311
-0.617827 -0.454983
-0.683948 0.978648
-0.809860 -0.335093
0.003057 -1.474162
-1.027693 -1.868341
1.574533 -1.067139
0.573387 1.528934
-0.141337 -1.316679
