500 2
0.772413 0.881092
-0.207167 -0.646617
-2.080239 -0.630591
-1.211243 -0.017164
-0.600241 1.242929
-2.214929 -0.600707
0.476383 -1.714601
-0.104624 0.629261
-0.163756 0.333931
0.791439 1.063782
1.714297 -0.139561
1.610215 -0.153353
0.849399 0.947925
0.049916 0.282203
-0.433328 -0.479178
-1.194545 0.205629
-0.205177 -0.597327
0.402730 -1.723178
-0.352039 -0.701482
-1.257118 0.069726
1.674257 -0.078959
-0.649832 1.320237
0.601368 -0.358355
-2.117138 -0.759000
-0.724282 1.169339
-1.165048 0.146721
-1.875239 -0.883447
-2.035977 -0.663600
0.038525 0.475135
0.583440 -0.607302
-1.261307 -0.143719
-0.465662 -0.612709
0.613204 -0.408006
0.548373 -0.397377
-0.914037 -1.342968
0.294187 -0.349936
-1.199018 0.003117
1.608879 0.003885
0.874832 0.915429
0.410677 -1.710090
1.477139 -0.120168
-1.968209 -0.796343
-0.267432 -0.470273
0.226631 -1.729385
-0.191070 0.374843
0.721105 1.064057
-0.844357 -1.199019
-0.540601 1.027609
0.589536 -0.386994
-0.855532 -1.231434
0.641925 -0.502840
-0.815930 -1.466184
-0.745237 0.980903
-0.631572 1.026244
-0.640338 1.087084
0.485782 -0.390161
-0.054500 0.229606
-0.456420 -0.732764
1.490068 -0.030630
-1.113521 0.088914
0.023341 0.324188
-1.006019 -1.162282
-2.000178 -0.514873
1.474448 -0.004195
0.512402 -0.447746
-1.272812 0.158085
-0.514928 -0.625015
0.220563 -1.508766
0.621670 -0.441190
0.257778 -1.592075
0.322043 -1.916134
1.589602 -0.213815
-1.331932 0.192944
1.506553 -0.016661
-0.982715 -1.472438
1.580987 -0.228613
0.586669 -0.154514
-0.748114 -1.316888
0.568535 -0.678981
-2.083805 -0.736458
0.602340 0.974209
0.258562 -1.919319
-0.524414 -0.577577
1.411158 -0.187897
-1.221751 -0.007457
0.664409 0.788467
-0.944754 -1.383535
-2.054300 -0.922335
-0.222192 -0.649255
0.339585 -1.774315
-0.305385 -0.525921
1.380920 -0.171397
-1.321394 0.007892
-0.048506 0.474475
1.744863 -0.079120
0.691725 -0.546087
-2.136626 -0.679902
-0.735772 -1.127193
-1.038678 0.091232
0.619280 -0.333117
1.635993 -0.281521
0.596276 -0.658806
-1.962726 -0.483351
-2.033327 -0.829126
1.686857 -0.149161
-2.162824 -0.727512
-0.682010 -1.424746
-0.625247 -1.344120
0.200563 -1.836901
-1.341595 0.148835
-0.746113 -1.417389
-0.857837 -1.450024
-0.957734 -1.198996
1.501019 -0.316685
1.488757 -0.314282
-1.974637 -0.625829
-0.926905 -1.230552
-0.697555 1.033400
1.759423 -0.185661
-1.174901 -0.070422
0.671566 -0.621763
1.821960 -0.109608
0.118290 -1.639749
-0.666615 1.002165
0.703363 1.071431
0.877213 0.966198
0.453724 -1.738557
0.403076 -1.590962
-0.803238 0.994996
-2.092484 -0.584722
-0.525896 1.109703
0.490698 -0.562091
-0.770568 0.955698
0.503432 -0.349367
-1.873022 -0.510397
-0.496633 1.093215
-1.112053 0.075898
-0.513254 -0.514145
0.353070 -1.879072
1.659681 -0.021274
-0.686279 1.090337
-1.163939 -0.355480
-0.770495 -1.196904
0.841315 0.848484
-0.594284 1.071722
0.012595 -0.290806
-0.371080 -0.563965
0.503928 -0.439980
-0.082786 0.456877
-0.924637 -1.235174
-2.200815 -0.582147
-2.135503 -0.590369
-0.767633 1.186341
-1.124042 -0.118531
-1.961492 -0.964802
-2.242447 -0.730421
1.436876 0.002209
0.162586 -1.760943
0.100855 -1.533742
-0.573969 1.063347
0.881172 0.724250
0.550264 -0.293320
-0.053924 0.450737
-0.984879 -1.394817
0.447037 -0.630459
0.427479 -1.811258
0.461868 -0.485546
-0.013121 0.047369
-0.538523 1.141851
0.494480 -0.556814
-0.695355 -1.503238
0.259568 -1.706874
0.717798 0.748242
1.543798 -0.300736
1.701067 -0.038294
-2.174605 -0.744538
0.725284 0.915307
0.000872 0.041128
1.537722 -0.042389
1.382530 -0.156071
1.486855 -0.051716
-1.014793 -1.399533
0.675703 -0.454371
-0.078549 0.432751
-1.154373 -1.317829
0.516163 -0.406924
-0.104962 0.478176
0.583146 0.792322
0.881298 0.994658
-1.009170 0.095453
1.735500 -0.234610
0.799925 0.992432
0.364433 -1.832544
-0.828448 -1.397103
0.679925 1.019707
0.776026 0.886198
-1.188886 0.104908
-0.004906 0.510621
0.941336 1.084927
-0.480825 -0.505272
-0.327163 -0.699974
0.128044 -1.633625
-0.034882 0.461131
0.096038 -1.604449
-1.244049 0.035386
-0.468083 -0.604553
0.466645 -0.543116
-1.960772 -0.733026
-0.428566 -0.642913
-0.330707 0.855018
1.519429 -0.001045
-0.984442 -1.400968
0.556819 -0.782158
-2.193638 -0.570227
-0.226034 -0.553656
-0.231385 -0.551605
0.634915 -0.541272
-0.142630 0.360123
0.745229 0.915149
-1.062641 0.089326
-0.609124 0.890140
0.187620 -1.910964
0.782100 1.074678
-0.485374 -0.729945
1.555767 -0.358037
0.496871 -1.696521
0.667337 0.985681
-1.420405 -0.086539
-1.057038 0.208198
-0.989522 -1.390845
-1.255228 0.203816
-0.753918 -1.297023
-1.234807 0.120705
0.011292 0.241577
-0.461678 -0.552637
-1.962449 -0.650317
0.191761 0.481345
0.127344 -1.820022
-1.870489 -0.598251
-0.532455 1.080703
0.179378 -1.609267
0.529066 -0.419793
-0.734965 1.231396
0.472199 -0.551636
-2.206906 -0.779735
-2.324195 -0.577059
0.715129 -0.429287
0.303544 -0.619002
0.509259 -0.561451
0.142642 -1.998216
-0.398033 -0.481542
-1.027082 -0.005194
-0.838121 -1.474990
1.300764 0.069285
0.174487 0.323086
0.155541 -1.768818
-0.690230 1.213558
0.175224 -1.717337
-1.263908 -0.032599
-0.673619 1.102095
0.458077 -0.329912
-0.798002 -1.078624
0.402133 0.124546
-0.563907 0.898102
0.613008 0.843705
-0.581517 1.168266
0.430122 -1.669377
-0.733570 -1.213710
-0.663626 1.130512
0.598971 -0.658646
-0.749498 1.126559
0.895281 1.111573
0.722827 0.845900
-0.182099 -0.334652
-1.057564 0.122017
1.445525 -0.172785
-0.987978 -1.465817
-0.423541 -0.611713
0.739229 1.012996
0.727183 0.899284
0.912953 1.103766
0.249259 -1.767495
0.315462 -1.763633
0.314402 -1.865056
-0.620738 1.183255
0.127812 0.238911
-0.453693 -0.698817
1.699641 -0.218070
0.284983 -1.515452
-0.459985 -0.621558
-1.963405 -0.789262
-0.423414 -0.624547
0.729350 -0.315277
-0.051185 0.335431
0.810331 0.771361
0.026349 0.220921
-1.296824 0.229164
-1.304440 0.041580
-0.482531 -0.554900
0.574586 -0.691546
0.324749 -1.587952
0.411635 -0.457152
-1.096085 -0.149604
-0.585190 1.086868
-0.679889 -0.450160
-2.073287 -0.755189
-0.706931 1.221854
-1.386862 0.170334
-0.977512 -1.302905
-0.911970 -1.127711
-1.073220 0.105898
-0.160834 0.258507
-0.104202 0.505671
1.696048 -0.057646
0.631010 -0.476101
-2.180602 -0.666841
-0.088179 0.333546
0.669209 1.059847
0.617767 0.988367
-1.375604 0.065944
-1.333579 -0.038681
0.243324 -1.915671
0.814416 0.833827
0.440196 -0.704847
-0.385930 -0.516717
0.893458 0.812232
0.680062 -0.400190
-0.430590 1.128022
0.362869 -1.713585
0.456417 -0.491325
-1.221423 -0.012520
0.294746 -1.982364
-0.066977 0.203768
0.763181 0.827610
-0.838430 -1.446388
-0.448416 1.123515
1.401774 -0.053683
0.773534 0.783022
-0.915801 -1.295290
0.184829 -1.801695
0.052698 -1.702999
-0.226436 -0.299861
-2.035992 -0.603860
-0.141631 0.356128
0.170410 -1.648318
-1.011025 -0.043283
-0.261734 -0.591214
-0.417967 -0.567724
-0.792163 -1.412052
-0.763203 -1.490632
-2.001134 -0.859247
-0.124571 0.323959
-0.665429 0.990972
-0.918074 -0.021901
-1.252419 0.245578
0.458698 -1.645932
1.446832 -0.075874
-0.598341 1.279418
-1.020501 -1.458553
1.587484 -0.112909
1.548383 -0.154420
-0.685590 -1.230150
1.614236 0.015748
-1.117313 -0.188875
0.809687 1.043157
-1.916540 -0.737899
-0.270597 0.196193
-0.943702 -1.227809
0.182162 -1.908940
-1.226170 0.234864
1.570729 -0.278043
-0.190419 -0.647196
0.282746 -1.915520
1.836661 -0.172076
1.663685 -0.259546
0.779198 0.915047
-1.035027 -1.411161
-2.017196 -0.624888
0.392236 -1.650319
1.747491 -0.214558
0.391150 -0.564906
-0.803163 -1.119000
0.661402 0.857590
-2.116313 -0.678842
0.178436 -1.771131
-0.340996 -0.751935
-1.014197 -1.386486
-1.317128 -0.020695
1.491559 -0.142329
-0.572953 -0.549258
-0.896060 -1.555209
-0.896208 -1.307518
0.913220 1.021743
-0.084217 0.350142
-0.146116 0.426569
-0.972510 -1.491649
-0.722970 -1.461418
0.212540 -1.471799
-0.101374 -0.411015
-0.632398 1.237754
0.064469 0.300947
-1.048743 -0.001531
-0.915046 -1.167881
-1.091631 0.025679
1.551133 -0.271527
-1.993415 -0.485304
1.398598 -0.069127
-0.186660 -0.443143
1.746711 -0.087340
0.105872 -1.947540
1.447555 -0.096842
-2.104511 -0.663596
-0.525572 1.193077
-0.363642 -0.453551
1.481704 -0.032659
0.682061 -0.548511
0.156670 0.422705
0.720793 1.019692
-1.181184 -0.141704
0.174297 -1.874083
1.574251 -0.088457
0.491779 -0.706785
0.516813 -1.626695
-1.933505 -0.772649
-1.178515 0.167407
-0.507461 1.070496
-0.459766 -0.816267
1.606873 -0.246449
-0.006123 0.179492
-1.280730 0.236119
0.789088 0.730885
1.480038 -0.203077
0.568867 -0.448559
1.508897 -0.074104
0.039745 0.355486
0.637627 1.012915
0.652641 -0.425101
1.607860 -0.107217
0.410354 -1.589928
-1.169165 0.183629
-0.340753 -0.717905
-2.045903 -0.789529
-1.226719 0.008595
-0.240698 -0.586002
0.413576 -1.454028
1.367790 -0.167340
-0.655530 -1.109135
-2.139411 -0.647367
-1.290135 0.034631
-0.368139 0.983585
-1.033196 -1.398553
0.858571 -0.490570
1.654103 -0.166438
-0.506795 -0.524507
0.165607 -1.854461
-0.227441 -0.473545
-0.724795 1.044637
-1.221283 -0.033259
-2.214456 -0.753267
0.043601 0.325488
0.804728 0.772585
-0.514214 0.802694
0.231795 -1.519038
0.598451 -0.505878
0.651918 -0.622435
-2.015135 -0.795123
0.847587 0.973434
0.451033 -1.850462
-0.349520 -0.563272
-2.043460 -0.646546
-0.558285 1.288389
0.143704 -1.833064
0.687635 -0.435983
0.961572 0.892446
-0.668045 -1.294238
0.830462 0.979422
0.053947 -1.722741
0.596110 -0.621109
-0.931202 -1.314789
-1.331734 0.096215
-1.126207 0.100388
0.509582 -0.368613
-1.977226 -0.632334
-0.556251 0.965074
-0.589462 1.237078
1.560811 0.008889
-0.581543 1.229642
-0.676316 1.002809
-0.504517 1.026531
1.677531 -0.247528
-0.931178 0.094212
1.852548 -0.122987
-2.099522 -0.706473
-0.193075 -0.441677
0.495875 -0.545544
-0.545694 -0.506636
0.314861 -1.710865
-2.037752 -0.913366
-2.119301 -0.558304
-1.097937 0.200319
