300 2
-1.328940 0.629543
-2.348412 0.051346
-0.082489 -0.739540
-0.190956 -0.700864
-1.115585 0.278424
0.046192 -0.641228
-1.936051 0.783935
-1.240617 0.583712
-1.186038 -0.614287
-1.098081 -0.480626
-2.096964 -0.917493
-1.034746 -0.280417
-2.370834 0.242218
-1.792070 0.812569
-0.963003 -1.004937
-0.893175 -1.063275
-0.195782 -0.495872
-1.949649 0.657373
-2.664305 0.026594
-0.637952 -0.347645
-0.268141 -0.668373
-0.248708 0.598884
-2.254586 -1.112708
-0.105735 -0.752371
-1.138227 -1.148646
-2.386637 0.190479
-1.789055 0.464772
-2.264529 -0.116873
-2.581044 0.167707
-1.748150 -0.330310
-1.737203 -0.142424
-1.701602 -0.487193
-0.090857 -0.637048
-2.113962 0.048671
-1.769174 0.498984
-2.397991 0.314061
-1.824400 -0.045602
-2.348820 0.127351
-2.265498 -1.106644
-2.044283 -1.085414
-0.838542 -0.476787
-1.645268 0.618886
-0.175784 0.511126
-0.965423 -1.190354
-1.500131 -0.288744
-1.089795 -0.483561
-0.792718 0.098930
-0.386360 0.704819
-0.268849 -0.683374
-0.089551 -0.823479
-2.203635 -0.920552
-0.484961 0.641920
-0.531523 0.580000
-1.571545 -0.496232
-1.145613 -1.189955
0.103489 -0.764952
0.033613 -0.562680
-1.262860 0.623918
-0.044205 -0.709993
-2.287390 0.359264
-0.203448 0.596517
-0.698849 -0.154819
-0.241191 0.694820
-0.197268 0.615502
-0.128935 -0.534262
-1.809184 0.872665
-2.376870 -1.103965
-1.056912 -0.348272
-0.821997 0.090612
-1.743578 -0.052447
-1.762030 0.822866
-1.187376 -0.885157
-2.257705 -0.960317
-2.244156 0.261913
-2.553895 -0.047313
-1.700999 -0.429058
-2.246255 -1.132487
-2.042801 0.790199
-1.695102 0.637430
-0.021467 -0.718869
-0.028386 -0.863645
-0.666184 -0.061336
-1.887066 -0.151700
-2.422013 0.230024
-1.130785 0.420071
-2.118958 -1.230902
-0.133020 -0.613320
-1.905298 0.657363
-2.683978 0.148957
0.064838 -0.497319
-1.911981 0.605523
0.107409 -0.561385
-0.848337 -0.330785
-2.316100 0.238549
-0.265619 0.571666
-1.083073 -0.914349
-2.397733 0.147767
-1.194899 0.413304
-1.767350 0.757226
-2.383305 -1.133803
-2.550725 0.249298
0.030508 -0.749167
-1.967375 0.699427
-1.791328 0.696579
-1.736539 0.492229
-0.218287 0.691890
-0.748813 0.067747
-1.936667 0.679472
-1.771392 -0.183620
-1.888024 -0.052396
-1.168828 -0.467456
-2.419764 -0.961246
-2.342348 0.359283
-0.315215 0.590018
-1.700895 -0.348383
-2.359054 -1.124869
-0.891083 0.758842
-0.918703 -1.211156
-1.754241 0.601627
-1.876582 -0.319147
-0.266639 -0.786136
-0.827512 -0.944321
-1.376851 -0.953200
-1.162661 -0.490676
-0.149342 -0.839358
-0.917998 -0.178857
-0.071683 -0.644912
-1.595240 0.825174
-1.150224 -0.505514
-1.030322 -0.034853
-1.671868 0.699485
-1.127458 0.632753
-1.756440 -0.249768
-0.225520 -0.596600
-1.047575 -0.247799
-1.159323 -0.466908
-0.939236 0.805579
-1.041717 0.749776
-0.269327 0.529161
-2.668429 0.199340
-2.348769 -1.208835
-2.183556 -0.902217
-0.210141 0.598697
-1.055820 0.693321
-1.753717 0.585416
-1.924928 -0.381011
-2.348628 -1.037699
-1.198612 -0.644191
-0.647981 0.139080
-1.278816 -1.055641
-0.277976 0.639919
-0.226979 0.544673
-0.172877 -0.622639
-0.949638 -1.204742
-0.981041 -1.056189
-2.371398 -0.972065
-0.884480 -1.178436
-1.226878 -0.505183
-1.806848 -0.194478
-1.088475 -1.163738
-1.899407 0.618497
-2.470491 0.118340
-1.021433 -1.225267
-0.545956 -0.030088
-0.900503 -0.032270
-1.217594 -1.225433
0.100178 -0.697679
-1.974715 -0.324359
-1.894325 0.859292
-0.148062 -0.709677
-0.961671 0.800189
-1.291093 -0.961972
-0.961459 -1.025132
-2.049922 -0.221831
-0.972810 0.638334
-0.812507 -1.056158
-1.894625 0.482724
-0.122186 -0.628148
-1.794493 -0.348408
-1.462864 0.811378
-2.281187 -0.805102
-1.183777 -0.418150
-1.105092 -0.922931
-0.955406 0.571083
-2.505343 0.308871
-0.761431 0.543493
-1.686624 0.669165
-2.374945 -1.244535
-0.349152 0.482869
-0.620587 -0.082815
0.055866 -0.611144
-2.341547 0.230035
-2.423326 0.008717
-1.059589 0.700441
-2.149316 -0.953551
-1.358177 -0.899642
-1.857149 -0.224576
-0.983000 -0.987864
-1.943728 0.719448
-1.034734 0.296069
-0.520718 0.005024
-1.610032 -0.008423
-1.960103 -0.171341
-1.781628 0.686623
-1.746415 -0.484971
-0.685926 0.018129
-1.105941 0.540193
-0.681563 0.024179
-1.584238 -0.314791
-2.444133 0.227157
-0.519023 0.563062
-0.741944 0.092129
-1.002714 -1.194581
-0.393762 0.480427
-1.759071 0.640424
-1.500843 0.300050
-0.237296 -0.541817
-2.399856 0.127492
-2.202118 -1.212224
-2.193931 -0.980922
-2.317066 -0.823415
0.016202 -0.873589
-1.189006 -1.063268
-2.604128 -0.010370
-0.287302 0.475545
-2.002431 -1.147873
-1.742579 0.842090
-1.117654 0.777725
-1.785744 0.787276
0.005367 -0.768791
-2.141249 -1.023179
-1.649418 -0.223368
-0.771877 0.324193
-2.274671 -0.813134
-2.220622 -1.078166
-1.902813 -0.325102
-2.643197 0.107881
-1.036582 0.653637
-0.844118 -0.056041
-0.702910 0.090069
-1.658405 -0.411321
-2.076938 -1.043044
-0.780081 -0.455442
-1.794027 -0.263375
-0.262531 0.642307
-0.694365 0.141573
-1.998567 0.729137
-1.396870 -1.120788
-1.582327 -0.320355
0.150731 -0.663987
-1.616110 -0.337684
-0.167565 0.532176
-1.659416 -0.056502
-1.843015 0.575840
0.020555 -0.433969
-0.973418 0.612032
-2.173135 -1.007805
-1.711037 -0.249454
-1.615690 0.534721
-1.983213 -0.918678
-0.968935 0.481952
-0.286271 0.666071
-2.327360 -1.217451
-0.801380 0.706267
-0.136033 -0.522571
-1.241648 0.489017
-1.678553 0.794459
-1.068263 -1.191658
-1.179834 0.625681
-0.704136 0.191221
-2.252790 -1.174282
-0.963723 0.651683
-1.730410 0.901925
-0.278872 -0.554340
-1.609881 -0.398840
-0.892305 -0.140375
-1.924737 -0.269313
-2.167958 -1.240295
-0.108174 -0.802835
-1.708067 -0.238480
-0.159465 -0.748579
-2.040450 -1.064162
-1.671067 -0.223725
-0.925604 -1.150801
-2.378518 0.155482
-1.173639 0.354581
-1.152651 0.781324
-1.233534 -0.518423
-2.245323 -1.265754
-1.696577 0.757827
-0.478195 0.537609
-1.052490 -0.282904
-1.089606 -0.497663
-0.990898 -0.361464
-0.944044 -1.067827
0.053344 -0.626178
-1.155287 -1.043684
-1.027853 -0.289716
-0.159204 -0.648554
-0.582813 -0.061184
