500 2
-1.146908 -0.607363
-1.789300 0.135096
-2.083571 2.691707
-2.876497 1.839767
-3.123165 0.784964
-2.017505 2.523710
-2.292655 -1.181646
-2.519676 0.834396
-2.207429 1.011417
-1.167110 -0.503067
-1.162452 1.761241
-1.280748 1.774676
-1.002762 -0.592049
-2.091771 0.814214
-1.891157 0.053186
-2.939470 1.744103
-1.774014 0.255739
-2.327425 -0.936506
-1.822510 0.119747
-2.879469 1.803129
-1.303265 1.572163
-3.256228 0.777279
-0.992843 0.667958
-2.216335 2.818619
-3.230880 0.613448
-2.793525 1.655350
-2.232131 2.876674
-2.130626 2.724433
-2.131483 0.777622
-1.131641 0.763355
-2.838438 1.568197
-1.653975 -0.007021
-1.089184 0.808998
-0.910388 0.539429
-2.854602 -0.255600
-0.824568 0.509412
-2.691784 1.697179
-1.187221 1.666146
-1.068010 -0.675430
-2.258670 -0.861547
-1.143742 1.532615
-2.220232 2.923254
-1.704651 0.193546
-2.140833 -1.079937
-2.276901 0.859441
-1.017199 -0.464244
-2.733675 -0.068139
-3.226835 0.907883
-0.955833 0.652481
-2.735159 -0.029128
-0.961039 0.469573
-2.972833 -0.088155
-3.145825 0.717758
-3.289562 0.857172
-3.104456 0.725007
-0.977366 0.395777
-2.109828 0.942814
-2.034068 0.223976
-1.354023 1.810346
-2.822294 1.679345
-2.169630 0.776706
-2.849855 -0.248610
-2.063671 2.569368
-1.338604 1.629780
-0.775116 0.610467
-2.804710 1.859370
-1.841433 0.138467
-2.305588 -0.735006
-1.061547 0.674331
-2.275741 -1.058320
-2.386376 -1.089543
-1.288870 1.694979
-2.853992 1.821146
-1.537802 1.730105
-3.077841 -0.324351
-1.515858 1.756838
-0.989209 0.372403
-2.924444 -0.379148
-1.058383 0.735398
-2.193846 2.663388
-1.080148 -0.506082
-2.364704 -1.280042
-1.814607 0.290730
-1.282126 1.483496
-2.968636 1.602658
-1.004239 -0.596213
-3.036580 -0.152588
-2.261776 2.919435
-1.860713 0.123023
-2.213321 -1.064870
-1.707585 0.197878
-1.262211 1.645248
-2.813696 1.631697
-2.290673 0.919443
-1.319307 1.606837
-0.814081 0.800509
-2.097365 2.747810
-2.691060 0.024979
-2.565761 1.724417
-0.954923 0.493648
-1.286036 1.727316
-0.941017 0.559379
-2.221721 2.827956
-2.222236 2.899228
-1.345799 1.766897
-2.112674 2.712861
-2.824385 -0.407910
-3.018011 -0.073032
-2.404176 -1.050279
-2.962350 1.660919
-2.994591 -0.277496
-2.862291 -0.361102
-3.038943 -0.037005
-1.064457 1.582438
-1.138411 1.645486
-2.158599 2.596635
-2.912628 -0.191663
-3.316883 0.761261
-1.344674 1.801616
-2.759854 1.540025
-1.095341 0.780952
-1.291623 1.765758
-2.267823 -1.246017
-3.267648 0.537426
-1.046371 -0.444882
-1.182841 -0.526668
-2.258616 -1.038199
-2.256179 -0.900300
-3.312758 0.595418
-2.250809 2.809888
-3.346920 0.715291
-0.754097 0.712435
-3.192271 0.602911
-0.904794 0.818502
-2.283275 2.550451
-3.167480 0.429398
-2.719311 1.761891
-1.866017 0.252258
-2.368273 -1.211941
-1.352262 1.775640
-3.340009 0.779263
-2.715183 1.407249
-2.784549 -0.020517
-1.034061 -0.669373
-3.108045 0.740804
-2.049628 0.608568
-1.748837 0.278188
-0.874312 0.541925
-2.263377 0.837399
-2.816855 -0.031385
-2.178989 2.571441
-2.149752 2.598964
-3.225843 0.585582
-2.615860 1.909055
-2.171708 2.995885
-1.924957 2.629785
-1.452868 1.777134
-2.343193 -1.097420
-2.178485 -0.829200
-3.436511 0.610572
-0.880671 -0.427825
-0.816855 0.559555
-2.352865 0.840853
-2.965675 -0.177062
-0.842438 0.465761
-2.220684 -1.136719
-0.993384 0.615849
-1.971428 0.920312
-3.074505 0.693974
-1.024130 0.638182
-2.975124 -0.350334
-2.244161 -1.073935
-1.040465 -0.309788
-1.290080 1.558354
-1.352669 1.642878
-2.106772 2.683950
-1.094916 -0.664207
-2.011286 0.792565
-1.570339 1.964769
-1.180312 1.467214
-1.435269 1.615406
-3.116182 -0.216719
-0.928645 0.561362
-2.267923 0.789776
-3.050529 -0.036543
-0.744652 0.651994
-2.246187 1.030642
-1.122004 -0.295626
-0.936646 -0.606708
-2.713445 1.606499
-1.369721 1.707672
-1.117503 -0.645394
-2.259940 -1.052930
-3.040111 -0.405425
-1.154478 -0.511200
-0.937857 -0.472677
-3.037510 1.732291
-2.191114 0.779123
-1.047342 -0.656947
-1.986519 0.290548
-1.739807 -0.079181
-2.249947 -0.822611
-2.373371 0.881474
-2.163115 -1.232314
-2.759421 1.703908
-1.746944 0.097373
-0.850999 0.557153
-2.284265 2.774026
-1.805907 -0.038706
-2.974575 0.736752
-1.508095 1.755728
-2.961012 -0.185049
-1.016153 0.776432
-2.166270 2.549611
-1.712609 0.101358
-1.886293 0.252551
-1.018595 0.576513
-2.198802 0.851674
-1.088394 -0.616582
-2.621945 1.593510
-3.303671 0.783829
-2.323020 -1.131824
-1.280505 -0.639497
-1.757466 -0.029335
-1.273839 1.804109
-2.278096 -0.988152
-1.150360 -0.586240
-2.741242 1.898207
-2.716734 1.811757
-3.017003 -0.251707
-2.879808 1.789737
-2.818329 -0.121807
-2.947869 1.703936
-2.083069 0.807383
-1.940698 0.082166
-2.171584 2.595860
-2.188767 0.778127
-2.349760 -1.104423
-2.245329 2.629396
-3.178319 0.643897
-2.124494 -1.125907
-0.919582 0.546635
-3.232142 0.827853
-1.045715 0.722048
-2.016595 2.765688
-2.048197 2.563443
-0.876174 0.701590
-0.848537 0.572282
-1.026358 0.578868
-2.464403 -1.158491
-1.879499 0.058630
-2.646127 1.784665
-3.018941 -0.326045
-1.216040 1.258543
-2.168196 0.601155
-2.179609 -1.077036
-3.279015 0.835768
-2.291968 -1.090795
-2.797971 1.580085
-3.279258 0.698958
-0.850992 0.687810
-2.764443 -0.009747
-1.941565 0.698317
-3.136994 0.532193
-0.949112 -0.425195
-3.409090 0.833390
-2.173950 -0.846452
-2.821421 -0.255643
-3.352526 0.679396
-1.134990 0.822951
-3.145190 0.663738
-1.093352 -0.411008
-1.148897 -0.361768
-1.694993 -0.002626
-2.495416 1.783083
-1.544268 1.691460
-3.042599 -0.338456
-1.856692 -0.024808
-1.038026 -0.557405
-1.298617 -0.541397
-0.938414 -0.589680
-2.295496 -1.004991
-2.353880 -1.067363
-2.299465 -1.118800
-3.291918 0.656088
-1.964987 0.887831
-1.908806 0.016339
-1.284366 1.746384
-2.180686 -0.911604
-1.770263 0.134099
-2.215690 2.850679
-1.733928 0.195171
-1.013703 0.731095
-2.237438 0.817593
-0.948450 -0.614044
-2.226258 0.754822
-2.970515 1.890181
-2.946574 1.597965
-1.851512 0.233310
-0.854872 0.845321
-2.379321 -0.916047
-0.706871 0.564297
-2.930124 1.613505
-3.364778 0.849695
-1.877080 0.222491
-1.947015 2.763121
-3.219733 0.739997
-2.940021 1.781881
-2.932783 -0.119597
-2.875235 0.048025
-2.780713 1.761812
-2.257491 0.876270
-2.311472 0.901406
-1.271716 1.808423
-0.787139 0.732849
-2.050168 2.764567
-2.130701 0.970842
-0.981813 -0.350820
-1.054685 -0.448826
-2.917333 1.741205
-2.939983 1.745400
-2.378061 -1.137209
-1.053411 -0.712422
-0.959376 0.539925
-1.878602 -0.028196
-1.222344 -0.601588
-0.928162 0.835292
-3.309479 0.602158
-2.203814 -1.015666
-0.931168 0.774517
-2.890004 1.723054
-2.440685 -1.157810
-2.094903 0.828942
-1.110228 -0.409564
-3.042005 -0.317042
-3.022774 0.850218
-1.265201 1.505564
-1.122721 -0.650310
-3.008124 -0.311357
-2.243048 -1.262460
-2.187062 -1.231608
-1.661093 -0.088313
-2.167648 2.698882
-2.124592 0.977640
-2.184888 -1.161144
-2.686228 1.730588
-1.779972 0.189982
-1.967074 0.045350
-2.944497 -0.246182
-2.888782 -0.346944
-2.200861 2.940133
-2.103106 0.980640
-3.197900 0.696377
-2.679270 1.763830
-2.941204 1.631443
-2.200296 -1.050846
-1.560569 1.715400
-3.337698 0.656137
-2.864500 -0.256457
-1.497338 1.728021
-1.266484 1.709123
-2.714022 -0.230654
-1.287635 1.819653
-2.862959 1.446514
-1.069649 -0.479694
-2.189317 2.819188
-2.348951 0.787380
-2.939506 -0.267545
-2.258619 -1.286838
-2.930860 1.866334
-1.173180 1.763826
-1.721547 0.256565
-2.313754 -1.248582
-1.387308 1.648096
-1.473562 1.685380
-1.047223 -0.532361
-2.979477 -0.124521
-2.185384 2.800225
-2.282634 -0.927341
-1.439727 1.540157
-0.873012 0.417361
-2.707428 0.019207
-1.016103 -0.626351
-2.014391 2.676241
-2.270455 -1.172068
-1.759096 0.009119
-2.780468 -0.085338
-2.850014 1.732839
-1.566580 1.452874
-1.816390 0.113921
-3.041043 -0.343087
-2.888033 -0.086112
-1.075603 -0.578567
-2.158508 0.889523
-2.462234 0.963186
-2.938478 -0.186107
-2.904549 -0.341322
-2.085589 -0.572883
-1.732565 0.053396
-3.287979 0.674765
-2.038963 0.950934
-2.675966 1.769650
-2.720897 -0.143580
-2.766346 1.644944
-1.495312 1.770437
-2.130744 2.630780
-1.274415 1.494742
-1.745362 -0.059096
-1.271919 1.634472
-2.353777 -1.251709
-1.454451 1.493809
-2.181295 2.708811
-3.330778 0.685426
-1.820792 -0.050409
-1.245000 1.817745
-1.012399 0.821993
-1.971707 0.856243
-1.059010 -0.516953
-2.921996 1.582049
-2.413481 -1.189528
-1.429845 1.722134
-0.754623 0.523907
-2.196034 -1.145565
-2.138769 2.795514
-2.825610 1.778091
-3.228976 0.806879
-2.014904 0.185188
-1.241709 1.584646
-2.089282 0.906025
-3.003353 1.746184
-1.062632 -0.681423
-1.514156 1.768881
-0.807437 0.689180
-1.404357 1.411615
-2.315048 0.815048
-1.079060 -0.292393
-0.874225 0.734013
-1.340871 1.750485
-2.175591 -0.970176
-3.003407 1.757515
-1.646632 0.013772
-2.270702 2.873701
-2.694609 1.724295
-1.913891 0.160533
-2.367607 -0.932187
-1.225128 1.410246
-2.807618 0.042863
-2.098445 2.790032
-2.982605 1.684951
-3.020787 0.826842
-3.026651 -0.412517
-0.890967 0.800538
-1.394308 1.713504
-1.901296 -0.034937
-2.124765 -1.175736
-1.840884 0.207499
-3.354200 0.886942
-2.822850 1.597853
-1.992390 2.702314
-2.042806 0.827993
-1.127987 -0.689609
-2.896050 0.678179
-2.136396 -1.056178
-0.748675 0.571294
-0.927866 0.880287
-2.305431 2.828385
-0.999993 -0.517594
-2.414978 -1.068267
-1.719154 0.120199
-1.992125 2.764580
-3.079915 0.783760
-2.153639 -1.252282
-1.092298 0.623667
-1.061803 -0.491284
-2.851049 -0.016249
-0.957027 -0.554226
-2.290570 -1.177965
-1.063270 0.804498
-2.823696 -0.292453
-2.889018 1.710708
-2.848671 1.834977
-0.945815 0.501617
-2.083763 2.684450
-3.334903 0.704213
-3.248669 0.771709
-1.263605 1.922238
-3.190461 0.745762
-3.135892 0.749241
-3.374790 0.551913
-1.430683 1.721958
-2.615995 1.535264
-1.318636 1.739551
-2.042226 2.769186
-1.802601 0.049057
-0.800826 0.668216
-1.852151 0.036871
-2.412209 -1.011966
-2.161515 2.927210
-2.216101 2.693226
-2.726047 1.677397
