500 2
-0.309245 2.102397
0.297372 1.659158
0.081544 -1.465160
1.005603 -0.713707
1.473113 0.217116
0.260391 -1.301243
-1.089893 1.226617
0.293997 0.726733
0.130883 0.710877
-0.309450 2.215680
-0.581530 -0.159200
-0.662546 -0.316495
-0.442431 2.205734
0.146513 0.935533
0.518566 1.570879
1.034431 -0.897553
0.407180 1.704331
-0.770933 1.214838
0.431608 1.549319
1.178841 -0.694169
-0.688783 -0.162291
1.711400 0.164113
1.262051 1.102738
0.134133 -1.536062
1.567109 0.035379
0.796078 -0.754657
-0.059389 -1.581634
0.204443 -1.466418
0.059322 0.977573
1.241137 1.145434
0.908388 -0.734145
0.519847 1.651844
1.125535 1.056080
1.142955 1.112322
0.337467 0.120077
1.030645 1.389324
0.949059 -0.616342
-0.703656 -0.233164
-0.555126 2.098830
-0.873246 1.207955
-0.639590 -0.165611
-0.008269 -1.557081
0.622048 1.616318
-1.021023 1.044488
0.093280 0.795733
-0.568344 2.042927
0.570455 0.315303
1.496690 0.189433
1.383976 1.235276
0.496272 0.035936
1.400314 1.065630
0.336096 0.040182
1.553437 0.241337
1.493524 0.243191
1.608568 0.220639
1.222063 1.198727
0.205435 0.708770
0.483336 1.741470
-0.767136 -0.136559
0.951355 -0.639431
0.264689 0.937735
0.463772 0.080403
0.249652 -1.515477
-0.557446 -0.110982
1.315695 1.304014
1.162666 -0.797249
0.615533 1.712144
-0.734559 0.910346
1.161839 1.131977
-0.927336 1.069221
-0.991632 1.128222
-0.477310 -0.236157
1.140192 -0.597260
-0.776478 -0.385544
0.475496 0.030962
-0.754584 -0.416639
1.225147 1.005392
0.384671 0.016548
1.022133 1.224842
0.195455 -1.412029
-0.513858 1.951159
-0.836560 1.149812
0.706186 1.508173
-0.619829 -0.074151
0.898190 -0.489885
-0.553792 1.981844
0.626393 0.132886
0.169767 -1.471410
0.372609 1.768470
-1.142171 1.069346
0.580624 1.710495
-0.602007 -0.038344
0.803706 -0.772731
0.076548 0.736367
-0.615625 -0.205403
1.332061 1.189713
0.133552 -1.356810
0.505328 0.484317
1.034060 -0.665119
1.210305 1.120075
-0.551678 -0.237376
1.056545 1.266787
0.133113 -1.281747
-0.066074 -1.487269
-0.757899 -0.203591
0.086000 -1.390744
0.266904 0.271553
0.795172 0.238797
-0.905025 0.952770
0.885844 -0.804101
0.434413 0.090634
0.383700 0.046497
0.626920 0.084983
-0.402151 -0.145518
-0.603563 -0.238479
0.267348 -1.376632
0.582304 0.183097
1.632910 0.104441
-0.812459 -0.271399
0.852619 -0.724786
1.126333 1.156293
-0.814996 -0.272210
-1.050891 1.047375
1.557661 0.260946
-0.303649 2.075473
-0.571379 2.136299
-0.964380 1.270063
-0.920370 1.094494
1.427710 0.136824
0.196708 -1.545368
1.543738 0.313907
1.325312 1.219676
1.277193 0.094475
0.965729 1.318250
0.435225 -1.205206
1.256514 0.194938
0.779142 -0.672005
0.658967 1.754752
-1.019385 1.133535
-0.727351 -0.321121
1.579436 0.199748
0.806627 -0.755376
0.379230 0.346512
-0.496331 2.007178
1.498741 0.165491
0.263176 0.998304
0.402011 1.520616
1.359550 1.132350
0.171380 0.901649
0.370742 0.178214
0.347612 -1.444628
0.080140 -1.538447
1.552060 0.255610
0.900466 -0.940368
0.268838 -1.314278
-0.099409 -1.180155
-0.811079 -0.415801
-1.156735 0.878875
-0.743684 1.081942
1.348217 0.156560
-0.571132 1.939121
1.261827 1.373124
0.320863 0.938527
0.442611 0.189993
1.303890 1.104300
-1.075402 1.312408
1.124296 1.319416
0.164825 0.804530
1.640173 0.289590
1.181858 1.024661
0.327319 0.074767
-1.096530 0.962984
-0.316006 2.043869
-0.635424 -0.289745
-0.703426 -0.344714
0.178098 -1.398661
-0.505702 2.057076
0.104940 1.029558
-0.711797 -0.066459
-0.428987 -0.182240
-0.771973 -0.119340
0.450443 0.174604
1.133160 1.164187
0.212104 0.907991
0.387976 -0.008155
1.191489 1.304018
0.107891 0.530822
-0.361060 2.121354
-0.553513 2.238353
0.940496 -0.752190
-0.705467 -0.367863
-0.557188 2.181864
-0.930566 1.115397
0.409405 -0.111562
-0.355085 2.075776
-0.592105 2.079817
1.060293 -0.641592
0.139473 0.933625
-0.419389 2.084337
0.358690 1.625681
0.328242 1.820143
-0.762340 0.987338
0.171681 0.848869
-0.764540 1.066537
0.867386 -0.639103
0.603236 1.835488
1.398753 1.196148
0.173879 -1.502404
0.547341 1.807696
1.284841 0.466171
-0.731162 -0.125617
0.508116 0.205287
1.087464 0.867981
0.256537 -1.329299
0.370604 1.806578
0.315634 1.731072
1.137781 1.229808
0.055512 0.901186
-0.608464 2.092729
0.934507 -0.568381
1.443733 0.274071
-1.034287 0.940482
-0.506494 2.164662
0.454335 1.972110
-0.515479 -0.170970
-1.044846 1.033125
-0.373726 2.027335
0.898456 -0.837783
0.963263 -0.929501
0.512649 0.141723
1.101085 -0.888349
0.325839 0.266518
1.165381 -0.748014
0.075944 0.868465
0.578383 1.729107
0.169372 -1.278634
0.123778 0.705531
-0.821168 1.058658
0.267196 -1.353454
1.373778 0.322273
-1.095885 0.994066
1.214809 1.161032
1.550310 0.348196
1.101608 1.340076
0.086062 -1.430294
0.209195 -1.357903
1.220704 1.075776
1.280764 1.207770
1.164418 1.347836
-0.963726 1.122519
0.485405 1.858618
0.951493 -0.554732
0.371102 -0.016552
-0.420050 -0.032315
-0.070477 0.769584
-0.708403 1.018678
1.711099 0.117054
-1.166943 0.951277
1.011331 -0.755618
1.517879 0.153609
1.213771 1.256604
0.485970 0.293569
-0.027812 0.835939
1.554644 0.454884
-0.406537 1.971122
1.626372 0.122243
-0.947939 0.932313
0.453050 0.214233
1.429645 0.162204
1.061724 1.027895
1.501419 -0.038212
-0.482881 2.309475
-0.394756 2.179792
0.424253 1.971286
0.918961 -0.841695
-0.782160 -0.065470
0.485909 0.094292
0.491877 1.788723
-0.497556 2.087718
-0.583171 2.209539
-0.429961 2.260803
-1.015516 0.836272
-0.973565 1.102565
-0.917925 1.234616
1.531916 0.193053
0.012973 0.823482
0.462284 1.718303
-0.743925 -0.290376
-1.083900 0.978387
0.481932 1.732660
0.209000 -1.583882
0.388924 1.598200
1.247758 1.367949
0.153333 0.604965
-0.482502 1.965346
0.148062 0.772153
1.270264 -0.809625
0.990136 -0.702278
0.558501 1.584312
1.092138 1.115690
-1.047796 1.115009
1.334186 1.136752
0.797986 -0.555876
1.647755 0.163839
0.445303 1.697267
0.016772 -1.411678
1.646314 0.216205
0.871054 -0.725860
0.487169 0.093788
0.539726 0.315224
1.182357 -0.676234
0.029008 0.762509
0.046868 0.813670
-0.637280 -0.212472
1.278135 1.302685
0.081142 -1.497993
0.116578 0.696482
-0.331478 2.076644
-0.484128 2.042171
1.169049 -0.735943
1.016193 -0.616211
-1.112922 1.125746
-0.669395 2.057857
1.137765 0.985321
0.513948 1.839514
-0.498348 2.103061
1.366818 1.087330
1.562581 0.321431
-0.752404 1.099813
1.126341 1.307553
0.957909 -0.816526
-0.997473 1.117027
0.217373 0.987830
-0.393212 2.116387
0.430113 0.208694
1.603150 0.310913
-0.594710 -0.110499
-0.374673 2.201631
0.562926 0.155311
-1.128369 0.945738
-1.019102 0.983850
0.210300 1.937218
0.159676 -1.470895
0.090778 0.797462
-0.891895 1.066942
1.041464 -0.663277
0.415607 1.799370
0.500437 1.857569
0.424048 0.065334
0.443113 0.318507
0.061148 -1.548392
0.127023 0.837243
1.388094 0.291753
1.016614 -0.580982
1.268741 -0.626150
-1.053007 1.254711
-0.800743 -0.090006
1.652731 0.147431
0.595042 0.214753
-0.866143 -0.280557
-0.678745 -0.275773
0.522592 0.349874
-0.835714 -0.153733
0.929982 -0.553609
-0.471554 2.373320
-0.000337 -1.512602
0.284710 0.906551
0.380186 0.220911
-0.837265 0.979754
1.169824 -0.829806
-0.730763 -0.337711
0.257751 1.805408
-1.165358 0.933415
-0.807804 -0.287890
-0.873452 -0.265426
-0.600326 2.089091
0.535766 0.029506
0.151997 -1.538178
-1.034757 1.145753
-0.743190 -0.161967
1.124401 1.230628
0.493572 0.350325
-0.535421 2.021982
-0.053931 -1.423025
-0.959038 0.993975
0.446066 1.890094
0.426640 -0.019323
0.981549 -0.750845
-0.717820 -0.361735
0.523280 1.728330
0.504150 0.208245
0.283342 0.177743
-0.526554 2.226494
0.091730 0.889328
0.243769 0.643414
0.572458 0.111457
0.514229 0.122150
-0.522391 0.997136
0.266166 1.628507
1.701956 0.178129
0.029777 0.769671
1.020250 -0.774041
0.262165 0.013628
0.812951 -0.700458
-0.665087 -0.471691
0.183443 -1.356428
-0.452569 0.002037
0.311189 1.853395
-0.805129 -0.159542
-0.853979 1.127265
-0.639702 -0.149404
0.248469 -1.508563
1.534797 0.063884
0.376317 1.926804
-0.795933 -0.416535
1.163803 1.030829
-0.068260 0.886307
-0.454737 2.157603
1.038430 -0.783031
-0.871783 1.089604
-0.835673 -0.298079
1.287264 1.196323
-0.981398 1.465026
0.128706 -1.364069
1.055130 -0.822737
1.517437 0.288439
0.428412 1.604124
-0.586219 0.068413
0.135584 0.768172
1.216558 -0.816127
-0.530748 2.101689
-0.715759 -0.323691
1.357101 1.309778
-0.675947 0.070941
0.255496 0.846225
-0.462442 1.988876
1.141586 1.362005
-0.531383 -0.273376
-1.012063 0.916417
1.180782 -0.850900
0.410911 1.945274
0.055081 -1.580516
1.021906 -0.758348
0.362679 1.755284
-0.907162 1.230095
-0.511950 -0.124316
0.637598 0.196844
-0.032383 -1.591424
1.096887 -0.587559
1.445745 0.227027
0.344183 0.087388
1.102229 1.179199
-0.757104 -0.175733
0.362024 1.859725
-1.062081 1.100164
0.446980 1.739150
1.643498 0.065810
0.800601 -0.583814
-0.021631 -1.412272
0.032512 0.939781
-0.627629 1.919208
1.115746 0.307542
-1.114896 0.949774
1.418233 1.312009
1.076583 1.235729
0.017557 -1.542952
-0.482996 2.146937
-1.054490 1.163990
0.518354 1.808057
0.034709 -1.346930
1.505609 0.042382
-0.927249 0.905788
1.123285 1.189055
-0.531203 2.150477
0.552988 0.228565
-0.351429 2.216549
-0.931295 1.027301
1.067393 0.831174
0.405542 0.174544
1.144964 -0.873654
1.072048 -0.725160
1.104536 1.311007
0.279717 -1.347965
1.360851 0.204578
1.629999 0.058859
-0.707640 -0.328591
1.667675 0.172239
1.489213 0.071918
1.335871 0.170861
-0.710047 -0.384553
1.188942 -0.758105
-0.614566 -0.170059
0.114862 -1.582968
0.456672 1.846811
1.330770 1.351838
0.613076 1.700753
-1.000512 0.996813
-0.017121 -1.467236
-0.012489 -1.481259
1.019229 -0.807678
