1000 2
0.575561 -1.704780
1.473573 -1.109348
0.339626 -1.749712
0.406445 1.117272
0.582312 -1.603900
0.364890 -1.563998
0.158222 0.854570
-0.850474 -1.498531
0.693931 -0.261040
1.423518 -1.229320
1.442871 -1.044469
-0.413801 -0.334824
-0.888549 -1.519329
0.521636 -1.753898
-1.074804 -1.682425
1.525000 -1.092321
-0.610256 1.503722
0.406201 -1.835260
-0.592781 1.566857
-0.459872 -0.278177
-0.436885 -0.174910
-1.814856 0.349816
1.638995 1.615524
1.605621 -1.054804
-0.590309 1.625350
0.674340 -0.451765
1.611293 -0.081834
-0.455996 1.532593
-0.318525 -0.236999
1.525694 -1.200030
0.468636 -0.327385
1.601081 1.395886
0.821900 -0.283158
1.402513 1.521839
-0.543057 -0.168718
-1.886485 0.508799
0.424093 -1.845191
-0.413684 -0.089044
0.596769 1.075855
1.631231 -0.059114
0.613604 -0.367530
1.577026 1.493238
1.420241 -1.132453
0.438995 1.072458
1.640004 -1.159157
-0.765593 1.322453
-1.882067 0.347532
-0.819894 -1.530245
1.526832 -1.168420
-0.478069 -0.030113
0.432121 1.074206
0.504159 -0.329961
0.337761 1.114486
-0.873662 1.419444
-0.739908 1.318059
1.490240 1.373719
1.376227 -1.172430
0.401721 1.057894
-0.994860 -1.573712
1.673077 1.576282
0.700205 -0.471280
-0.614970 1.247692
-0.370251 -0.209050
-0.615322 -0.203246
-1.694138 0.521174
0.571351 -0.141249
0.525010 1.022327
0.282572 0.955030
1.756265 0.148412
-0.643120 1.550829
0.386994 0.981889
1.650462 0.146628
0.399226 0.896092
1.508549 0.089307
1.503671 1.512279
-0.570655 -0.263402
-0.733124 1.642610
-0.468035 -0.276510
1.367607 -1.006430
-0.558706 -0.261860
1.368359 -1.146407
0.595397 -0.305505
-0.685897 -0.250774
1.830310 1.383662
1.539668 1.308784
-1.637505 0.394825
0.578332 -0.290060
1.755763 0.088575
0.359975 1.044454
0.504636 1.052391
-0.586915 -0.334384
-0.386715 -0.211778
1.545236 -1.225909
1.363695 -1.012223
-1.977597 0.583421
-0.426650 1.350092
0.362985 -1.511663
0.257785 1.060619
-0.416724 -0.092675
-0.602534 -0.183161
-1.835383 0.697474
-1.700275 0.486486
-0.552641 -0.252693
1.858451 0.308867
0.668059 -0.235151
0.437760 -1.461982
0.471243 -1.811569
1.529794 1.321737
0.362933 1.277491
0.292197 -1.743513
-0.517838 -0.314992
0.467994 -1.855467
1.581337 -1.136597
0.493685 0.974205
1.542849 -1.188897
-0.806425 -1.508995
-0.477302 -0.216532
0.304345 -1.747009
-1.757737 0.742801
-0.463451 1.267171
-2.043880 0.497043
-0.724226 1.277302
1.628063 0.178708
1.407814 -1.002968
1.571292 -1.135714
1.665124 0.196892
-1.757004 0.564745
-1.618859 0.416053
1.856993 0.139323
-1.673120 0.516648
1.547911 -0.975615
-0.583825 1.415430
1.735488 1.513581
0.570153 -1.600385
1.722755 -0.057841
0.425755 -1.576919
1.687896 1.237157
0.484169 1.109353
-1.690293 0.394816
0.384125 -1.712568
0.500444 -1.670957
-0.742347 1.273136
-0.881279 -1.473416
-0.460936 1.434661
-0.690124 -0.111256
1.607892 1.520865
0.464320 -1.776810
0.726196 -0.284508
0.333493 1.077587
0.612746 -1.674736
0.643350 -0.328764
-0.899618 -1.411359
-0.564390 -0.413140
-0.834676 -1.471385
-1.816240 0.505720
-0.495908 -0.171358
0.129500 0.695293
1.624878 1.212564
1.798421 -1.156636
1.636110 0.135675
1.530947 -1.271315
-0.392062 -0.160617
-0.480329 1.326150
-0.889476 -1.737118
1.796280 -0.102238
-1.915125 0.572135
-0.641450 1.542094
1.840657 -0.008821
0.440318 -0.295820
-0.965154 -1.359962
-0.312734 -0.345007
1.727787 -0.115157
-0.798315 -1.368267
1.686330 0.016676
1.390865 -1.294322
0.548125 -0.217250
1.678672 -1.138133
-0.296212 -0.385193
-1.627954 0.546488
-0.770838 -1.608486
0.485013 -1.803611
0.458266 -1.634170
1.794050 -0.000268
1.760051 1.349785
-0.444833 1.420110
-0.439366 -0.086423
-1.997368 0.396082
1.364348 -0.941965
1.780148 -0.017153
0.255037 -1.626399
-1.802322 0.355016
0.529256 -0.211203
0.578475 -0.136920
0.607178 0.980550
0.343861 0.970168
-1.809238 0.344734
-0.952754 -1.746008
1.810607 0.231457
-0.931182 -1.624286
0.525813 -1.484082
1.578314 1.281587
1.630155 -1.020560
1.671029 1.596517
1.501029 -0.005137
0.478338 -1.726483
0.399477 -1.462378
1.658715 1.562561
1.720148 1.437546
1.544378 0.069717
1.705329 1.498873
-1.631443 0.553768
1.421391 1.534459
0.432610 1.200250
0.429117 1.104701
-0.539392 -0.086951
0.623436 -0.136004
-0.633465 1.272679
-0.974880 -1.423196
1.453773 1.375123
1.533615 1.486426
1.544019 -1.096185
1.780003 0.064821
-1.056857 -1.491802
-0.913525 -1.444123
-0.992917 -1.508369
-0.801612 1.452400
-0.620136 1.436000
1.752457 0.120542
1.365952 -1.258333
-1.796441 0.384605
-1.818392 0.250156
-1.884013 0.578790
-1.680680 0.427917
0.702674 -0.206790
0.307774 -1.507785
1.548491 0.008956
-0.916956 -1.506993
1.689555 1.508410
0.318457 -1.563490
0.682557 -0.145505
0.503884 -1.454757
1.443469 1.503370
1.831433 0.024761
1.340723 -1.000782
0.569119 -1.644924
-0.392557 -0.020919
1.567570 1.264003
-1.917498 0.507144
1.688508 0.204966
1.709613 -1.261160
1.405654 -1.049970
0.437992 -0.239032
-0.387524 0.059544
0.515379 -1.834289
0.399923 -1.743773
1.412424 -1.095416
-1.658032 0.689634
0.669017 -1.362512
-1.031661 -1.488037
-0.646760 1.319807
0.265231 -1.636752
0.407885 -1.640870
0.502747 -1.761323
0.392559 -0.111459
0.535453 1.098854
1.390735 -1.096697
-0.460479 1.578078
0.305799 -1.613679
-1.643219 0.628844
1.538779 -1.046821
1.579487 -1.105573
0.582898 -0.438742
0.567364 -0.378412
1.753354 -1.127779
-0.473414 -0.244037
1.648243 0.139917
1.614934 1.257421
0.704964 -0.229122
1.671602 0.039808
-0.470506 -0.196252
-0.341227 1.425228
1.635808 -0.896695
0.262160 -1.903435
1.684257 0.146149
-0.927286 -1.528252
0.401654 -1.734908
-0.613268 1.421923
0.466535 -1.589159
-1.728822 0.630470
-1.066278 -1.496629
-1.983780 0.685171
-0.990832 -1.760943
1.477836 -1.016597
-0.637066 1.536427
1.705544 -1.157418
1.586794 1.252540
-1.827049 0.542488
1.727526 0.087354
0.305190 1.094449
0.451403 1.131386
1.548645 1.373328
-0.970169 -1.393960
-0.657037 1.518614
-0.566861 1.555718
-0.845160 -1.339432
0.348871 -1.590380
0.301252 -1.561200
0.699122 -0.341861
1.632243 -0.088102
-0.472320 -0.239910
1.626846 -1.090376
-0.448272 -0.186504
-1.781960 0.341195
-1.429487 0.766440
0.643041 1.019176
-0.430710 -0.173122
1.743762 0.172945
1.577693 -1.342142
-0.939975 -1.505432
0.484129 -1.645148
-0.570240 1.621304
-0.678253 -0.204627
1.564831 -0.142592
-0.956433 -1.530714
-1.046611 -1.668526
0.631686 -1.507977
-0.965200 -1.694453
-1.927325 0.645569
-0.868847 -1.686221
-2.029133 0.480171
-0.973313 -1.617628
1.548373 -1.124981
0.355035 -1.612648
-0.978668 -1.623151
-0.340831 -0.170979
1.694546 0.012308
0.281582 0.948727
-0.392253 1.455671
-1.753199 0.620421
-0.953409 -1.601991
0.569727 0.879304
1.386050 -1.112930
0.545508 -1.841892
0.569733 -0.293422
-0.355035 -0.135493
1.083172 -0.659347
-0.502915 1.421271
-1.811550 0.464052
0.545802 -0.223771
1.548210 1.334046
-1.782792 0.429834
1.600397 -0.064637
-0.696160 1.284903
0.281153 -1.705296
0.319050 0.961044
-1.857560 0.536462
1.678248 1.299796
0.422135 -0.355449
0.518790 1.169039
0.390847 1.166223
-0.622017 1.185855
-0.782145 1.302603
-0.404008 -0.218001
1.280373 -0.980237
-0.783619 -1.485211
0.364186 -1.698882
1.664620 -0.008881
1.737566 -0.149352
1.762741 0.017914
1.771852 -0.089700
0.524206 1.063781
0.468712 -0.261147
-0.530171 -0.078352
-1.968194 0.407048
0.439048 1.133125
0.664135 -0.297073
0.519109 -1.647151
-1.919305 0.535916
1.472802 1.375056
0.449138 0.872532
-0.698725 1.133806
-0.870672 -1.362914
0.286087 -1.536562
1.696139 1.359654
1.806361 0.184637
0.517923 1.008010
1.714687 1.452822
0.471595 -0.335188
1.586298 0.153558
0.730626 -0.223096
-0.913417 -1.731557
-0.457450 -0.293426
0.323961 -1.758328
-0.644408 1.548495
1.770032 -1.111958
0.133660 -1.663953
-0.586136 1.379186
0.216380 0.993993
-0.430647 -0.289760
0.670430 -0.313513
0.389122 -1.421938
-1.780947 0.417059
-0.637518 1.499255
-0.694916 -1.687728
1.534142 1.251507
-0.702049 1.478374
1.800540 -1.050896
-1.103180 -1.359234
0.409418 -0.253605
-0.467972 -0.406184
0.175719 1.063582
-0.552434 -0.164984
0.471600 0.988356
-0.968398 -1.670401
0.369910 1.092138
-1.885906 0.414247
-0.869233 1.477270
1.643257 1.225137
-1.945862 0.483652
1.760120 1.437802
-0.462796 -0.248661
1.553828 0.163828
0.469472 1.196416
-1.804151 0.555509
-0.458825 1.502738
1.656046 -1.211128
0.641041 -1.662033
1.520422 1.404385
-0.794740 1.394124
1.724810 1.261099
1.572114 -0.022284
-0.513409 -0.094865
-0.736581 1.569987
-0.858489 -1.679670
-0.458364 -0.332969
1.376433 -1.158745
0.288250 -1.595356
-0.342435 -0.023021
0.388733 -0.250703
-0.817902 -1.615096
1.650429 -1.059893
1.329296 -1.216471
-0.928665 -1.607301
-0.897004 -1.750263
0.358337 0.912037
1.763227 0.038307
1.672881 -1.158571
-0.629631 1.575309
-1.788025 0.399099
1.602696 1.321545
1.476359 1.414580
0.483916 0.871562
1.494416 1.418509
-0.522150 1.475397
-0.992549 -1.592312
-1.831440 0.659556
0.515646 1.045303
1.338342 -1.051376
-0.622487 -0.168669
-0.717188 1.575589
-0.774793 -1.314459
1.689783 1.429737
1.555949 1.235975
-0.469126 1.413750
-0.522197 -0.314113
-0.438592 1.431652
1.823560 0.067077
0.470208 -1.669128
0.563948 -0.348669
0.456273 -0.116965
-0.497427 0.069021
-1.704128 0.484516
-0.727903 1.423685
0.649552 -0.316788
1.761162 1.294050
-1.160869 -1.282833
0.572791 -0.034483
0.348050 -1.600679
-0.438044 -0.173966
0.362466 1.153779
0.553765 -0.419042
-2.009131 0.631850
1.491166 -0.009026
0.386773 -1.603308
-0.859150 -1.658090
-0.386862 1.291647
-1.730170 0.587081
0.389716 1.050068
-0.385877 -0.116584
0.432166 -1.705884
1.786986 0.166348
-0.517652 1.541134
1.595691 1.297336
1.866704 0.110035
1.548342 1.147565
-0.467697 1.535783
-0.890598 -1.464883
1.759655 -0.054731
0.364946 0.891969
0.430421 1.065766
-0.486120 -0.412440
-1.795180 0.540768
-1.655471 0.432614
-0.981649 -1.723061
-1.095168 -1.510696
-1.671569 0.321841
-1.913551 0.539440
1.638860 1.398046
-1.026950 -1.575940
0.173715 0.987939
0.806150 -0.483030
-1.720245 0.418079
0.543847 -0.410868
1.686887 1.318033
-1.101080 -1.683000
0.436520 0.909604
1.641423 -0.055950
0.499759 -1.410808
0.319269 -1.626187
-0.479563 1.274902
1.687794 0.180442
1.545697 0.226724
-0.757996 -1.442253
1.662343 -0.179502
-0.338698 1.378576
0.319041 -1.609557
-0.907902 -1.440206
1.748696 0.081783
-0.646048 -1.524973
-0.582492 -0.297867
-1.903300 0.400884
0.315274 0.929233
0.412204 -1.852160
-0.875044 -1.630131
1.767652 1.418517
-0.513619 -0.164437
-0.564321 -0.108448
0.329686 -1.860777
-0.875578 -1.458708
1.327329 -1.121323
1.756043 -0.067600
-0.679855 -0.174672
-0.713966 1.475203
1.447985 -1.057211
0.427097 0.986448
0.270474 1.089027
1.618093 1.360763
-1.732629 0.585909
0.354696 1.093332
1.784046 -0.045809
-0.677423 -0.297413
0.506758 0.979049
0.564610 -0.080113
0.375655 0.984545
1.683959 1.300604
-0.446151 1.402873
-1.834977 0.695953
0.244673 -1.693070
1.580941 -1.151600
-0.580080 1.255025
1.665071 -0.056923
1.626260 1.287201
1.588377 -0.964463
1.605373 -1.186878
0.665489 -0.191064
0.401685 -1.737682
1.677475 1.268014
-0.849796 -1.410116
-0.445197 -0.297101
-1.951367 0.504446
1.671706 0.175414
1.504155 -1.051285
-1.841221 0.398556
-0.639439 -0.293294
0.410120 -1.503077
-0.649024 1.311148
1.764433 0.121005
-0.712799 1.285762
-0.395650 1.336786
-0.454953 -0.197703
-1.088192 -1.498228
1.809391 0.284835
-0.606728 -0.204757
1.706898 1.496770
0.374214 0.872297
1.537271 1.458577
-0.404578 0.042259
1.416702 1.351047
0.457060 1.073733
1.758361 0.071028
0.592731 -0.303623
1.640534 -0.023328
1.710922 -0.990174
-1.931672 0.547666
1.476337 1.468586
-1.828062 0.381619
1.740290 0.150052
0.428610 -1.519648
-0.626378 1.414647
-1.927862 0.687619
1.420982 -0.031451
-1.050545 -1.581593
0.585791 1.091257
0.602586 -0.191621
1.357045 1.406024
0.364478 0.997846
-1.966236 0.453748
1.798582 0.157012
0.469789 -1.551841
-1.802790 0.419550
0.350787 -1.458923
1.738060 1.546822
-0.413300 0.002793
-0.362552 1.311482
1.544397 0.131512
-1.878619 0.338760
1.605235 -1.037364
1.648684 1.438422
-0.423576 1.279772
0.585393 -0.228953
-0.884165 -1.564478
0.413301 1.185237
1.626238 0.089640
0.238424 1.010410
1.734979 1.333341
1.232714 -1.047594
-0.590567 1.455173
-0.538506 -0.225219
1.802235 0.074871
1.565944 1.481576
-0.442909 1.514400
1.713689 1.410476
1.634826 -1.180388
-0.444741 -0.240118
0.654480 -1.577822
1.802334 1.530140
1.719855 1.352632
-1.514303 0.361019
-0.728208 1.272349
0.343448 -0.161988
0.348951 -1.799363
1.653725 -1.031008
-0.683589 1.200150
0.580867 -1.710773
1.811886 -1.175160
0.539609 -0.276601
1.704858 -0.067399
0.286800 -1.685140
-0.544202 1.571510
-0.580875 -0.372770
-0.598897 -0.111398
0.557729 -0.077182
1.389241 1.356904
-0.990051 -1.829397
1.540983 -1.155921
-0.459360 1.382608
-0.537025 1.459991
0.395142 1.010952
-0.432418 1.394834
1.565723 -1.017837
0.253834 -1.695507
-0.893860 -1.657764
0.543747 1.021343
0.491334 -1.573872
-0.842799 -1.649540
-1.542234 0.483158
0.747893 -0.247037
0.338168 1.005340
1.588840 -1.139031
1.688706 1.343438
1.532140 -0.066120
-0.717178 1.639765
0.305134 -0.179151
-0.530937 -0.023286
1.743070 0.181280
-0.437236 1.300389
0.428889 0.918781
-1.788786 0.501897
1.734897 0.069113
1.655991 0.036404
-0.449269 1.412965
1.706767 -1.203084
1.548850 0.081150
1.266228 -1.000042
-1.813234 0.609653
-0.721937 1.455366
0.228903 -1.645993
-0.421731 0.066467
-2.024975 0.539613
1.628874 1.474303
-0.858585 -1.490884
0.612556 -0.359101
1.603119 -1.063715
-0.606189 -0.196980
0.420053 -1.843920
1.763139 1.322942
-1.731996 0.610505
0.581436 -0.160717
-0.521198 1.388895
1.425694 1.396324
-0.364806 1.384833
-1.770470 0.674316
-1.769710 0.404302
-1.958679 0.545992
-0.677911 1.215076
1.593818 1.460799
-0.590736 -0.376176
-1.850831 0.474830
-1.038156 -1.482899
-0.580599 -0.099061
0.585949 -0.378032
-0.845744 -1.500233
-1.688957 0.527730
0.436683 -0.128506
1.567288 -1.115266
-0.633882 1.707123
-0.761911 1.508341
-0.673091 1.388432
-0.696463 1.397620
1.548146 -1.121411
1.577853 -1.035920
-0.648982 -0.312381
1.466570 -1.071265
1.683680 -1.265397
0.592937 -0.180927
-1.782327 0.598999
0.498371 -0.189853
0.555170 -1.701956
1.461267 1.380638
1.513915 0.054576
0.490419 -1.673709
1.681301 1.424328
-0.875471 -1.424452
0.360890 -1.812631
-0.449123 -0.405089
-0.584955 -0.396849
1.534150 1.457597
0.566336 -1.599673
1.655259 0.040191
-1.832763 0.438498
0.796152 -0.220130
-0.671003 1.401695
-0.826686 1.531737
0.451510 -0.154011
-0.871462 -1.677021
1.699912 0.000187
1.594530 -0.054104
0.637246 -1.676445
-0.584151 -0.032340
0.559157 -0.123241
-0.741417 0.003212
-0.498891 1.319509
-0.803382 -1.719537
1.561561 1.437826
-0.552199 1.279941
-0.501909 1.398525
0.425565 -1.556685
-0.796167 1.398969
-0.438481 1.410048
-0.552765 1.242748
-0.357544 -0.022107
-0.498912 1.328364
0.606958 -0.071196
1.671510 0.159881
1.633877 -0.000388
0.476553 1.182739
-0.846656 1.393544
-1.979546 0.505524
-1.791091 0.420217
-1.907974 0.376870
0.310560 -0.271837
1.788926 0.124932
-0.951658 -1.699577
1.630819 1.464469
1.472666 0.055159
0.440015 1.176217
0.480539 1.096275
1.643604 -1.219569
0.501461 -1.474207
-1.814828 0.457865
1.632680 -1.140482
1.784375 1.272239
-1.539813 0.606246
-0.991393 -1.385087
0.569928 -0.207270
1.640479 0.042751
1.566985 0.167885
-0.564918 -0.499535
0.286741 1.190737
0.426850 -1.684499
0.297180 -1.665632
0.483448 -0.143922
1.628188 0.280836
-1.801039 0.360271
-1.740639 0.317235
0.528544 0.933951
1.608955 -0.988198
0.309583 -1.652353
-1.985684 0.483490
1.381018 -1.039437
1.542274 1.368573
0.504424 -0.186699
-0.446167 -0.063919
0.257468 1.137775
-0.975461 -1.531413
-1.926270 0.424915
0.436475 1.184311
-0.599156 1.592432
-0.442700 1.384882
0.374567 -0.338116
0.521736 -0.227853
-1.689152 0.516054
0.658696 -0.242102
-0.461778 -0.259709
-0.634507 -0.175252
-0.756035 1.410019
1.460175 0.117484
1.740877 0.216965
-0.377366 -0.170658
1.660960 0.128701
-0.906465 -1.612304
-0.675465 1.199801
1.696353 -1.063007
-1.089375 -1.562424
-0.517290 1.474653
0.690048 -0.307976
1.604073 -1.101286
-0.742076 1.430834
-1.032675 -1.608801
1.414666 -1.073814
-0.873199 -1.485128
0.577618 1.187973
0.201449 0.976106
-1.816561 0.453603
0.789646 -0.208518
0.199999 -0.155949
-0.789457 -1.389508
-0.802011 -1.500197
0.669757 -0.182719
0.459826 1.172315
1.656278 1.422397
-0.650292 -0.417618
-0.638118 1.310306
1.307900 -1.149064
0.227347 -1.801470
0.451368 0.945063
1.493904 1.264895
1.597841 -0.118729
1.613379 1.468919
0.446334 -1.783509
-0.980096 -1.783898
1.586413 -1.180683
0.535514 1.064062
1.626979 -1.006444
1.685290 1.245411
-1.821366 0.674137
-0.535242 -0.049621
0.227392 -1.598816
0.503360 -1.752723
-0.651735 -0.129315
0.607999 1.028903
1.437162 -1.057976
-0.653392 1.433052
0.558749 -0.260018
0.643909 -0.247935
-0.547640 -0.090717
-0.474408 1.471556
0.448122 -0.263109
1.809268 0.244932
1.520133 1.534954
-0.835337 -1.614707
-0.509708 -0.339472
-0.911325 -1.407175
1.724151 -1.170119
-1.678413 0.694386
0.445355 -0.106770
0.513733 0.831683
0.300126 1.171001
-0.625255 1.191274
0.255372 -1.708104
0.309359 1.124493
-1.745856 0.719992
-1.849331 0.395197
-0.511939 -0.305396
-1.854608 0.625141
0.360344 -1.844525
0.442739 0.961765
-0.738950 -1.663052
-0.779020 1.399952
1.536127 1.578353
-0.604092 -0.285704
0.434862 -1.689952
0.307305 0.985987
0.330459 -1.705701
1.830185 0.068973
0.494500 -1.628108
-1.046898 -1.650476
-0.768323 1.481154
-0.542016 -0.072680
-1.897913 0.590207
1.437049 -0.021550
0.533035 1.073326
-1.923393 0.611039
-1.022206 -1.427058
1.606079 -1.220228
-1.817085 0.439433
0.388387 0.922347
-0.937698 -1.400174
1.622582 -0.109053
0.576855 1.010240
-0.674145 1.577558
-0.896087 -1.519499
-0.644404 1.357399
-1.887683 0.323235
1.727056 1.474447
0.482370 0.883638
1.616811 1.485543
0.401129 1.081341
-0.575326 -0.258288
0.461146 -0.097026
1.429202 1.383042
1.540570 0.174304
1.474202 -1.055420
-0.883337 -1.314812
0.526114 0.926480
-0.918702 -1.698640
-1.834474 0.615123
-1.057003 -1.322477
1.513137 1.476686
-1.787055 0.305926
1.731760 -1.145741
0.643688 -0.376002
-1.086123 -1.575493
-1.762256 0.435185
1.634259 -1.046335
-1.072387 -1.680865
-0.787236 1.446780
0.405238 0.955548
-0.390661 0.078644
1.515532 -1.195233
1.625486 1.363536
1.433654 -1.260663
0.398110 -1.783738
-0.424487 -0.181644
1.619632 -1.147458
-0.456741 1.188954
1.551067 1.219288
1.447719 0.003398
0.730153 -0.366921
-1.698160 0.365608
1.502229 0.120163
-0.369214 -0.289415
-0.564737 1.295613
-0.658912 1.366440
-0.677278 -0.069882
-1.770938 0.287115
0.326465 -1.716049
0.317978 -1.742117
-0.671417 1.240720
0.325823 -1.537423
0.328097 1.014502
0.608895 -0.371216
1.706022 0.002730
1.659843 -1.252829
0.436627 -1.736967
1.713268 1.462673
-1.894535 0.605576
1.692385 -1.053648
0.404879 1.120115
-1.756391 0.454860
1.359015 1.358699
-0.417077 -0.287060
-0.816823 1.366343
1.546159 0.147033
-0.597496 -0.137374
1.585668 -1.078002
1.661017 1.401963
-1.884563 0.465947
-0.452431 1.269684
0.694746 -0.193606
0.473840 -0.186171
1.803826 1.418149
1.609242 -0.047124
0.696228 -0.185525
0.492421 -0.153662
-0.987620 -1.692656
0.623957 -0.255623
1.357006 1.353124
-1.892444 0.316976
-0.874409 -1.438025
1.690018 0.151213
-1.777915 0.564545
1.492361 -1.109897
1.572904 0.018104
1.687107 -1.231268
-0.526086 -0.104227
1.570377 1.554169
-1.019637 -1.422196
0.261360 -1.757067
-0.392668 -0.278971
