1000 2
-2.359422 -0.073078
-1.372433 -0.887771
-2.329095 -0.027025
0.443360 0.139838
-2.293446 0.330093
-2.236380 0.093229
0.438172 -0.028744
-1.907447 1.562413
-0.182580 -0.806032
-1.608467 -0.922090
-1.350547 -0.827601
-0.301952 1.524243
-1.831642 1.430629
-2.352893 -0.155876
-1.997867 1.299888
-1.511935 -0.939108
0.939369 0.798854
-2.167855 -0.065183
1.077060 0.846233
-0.346687 1.608887
-0.078936 1.486912
1.589467 -1.037173
-0.851930 0.290683
-1.520873 -0.977442
1.060437 0.915522
-0.275280 -0.977092
-0.786695 -2.071069
0.961934 0.908483
-0.363654 1.345722
-1.356137 -1.034535
-0.099758 -0.951113
-1.059438 0.261151
-0.131368 -0.795983
-0.537832 0.388664
-0.389803 1.396653
1.348196 -0.961255
-2.321859 -0.067562
-0.192729 1.419780
0.284045 0.067820
-0.712999 -1.681500
-0.188301 -0.857853
-0.910931 0.285524
-1.291208 -0.811440
0.552547 0.032685
-1.494876 -1.004501
1.168863 1.001543
1.454339 -1.105834
-1.776515 1.444500
-1.389756 -1.027580
-0.255931 1.429927
0.263576 -0.021417
-0.006538 -0.963789
0.268920 -0.124761
1.273449 0.923637
1.128667 1.034328
-0.649077 0.324673
-1.495952 -0.820198
0.385805 0.097697
-1.741863 1.488201
-0.792303 0.223490
-0.347688 -0.925208
1.126185 0.781751
-0.094173 1.409781
-0.313612 1.552581
1.152975 -1.066786
-0.058810 -0.859237
0.349005 0.002607
0.356461 -0.161854
-0.360041 -2.042039
1.262029 0.983067
0.446003 -0.131612
-0.760450 -2.019926
0.220441 0.019154
-0.482086 -1.775092
-0.780206 0.155584
-0.510339 1.506363
1.103175 1.089268
-0.228790 1.425105
-1.461677 -0.825736
-0.300998 1.625660
-1.614270 -0.937649
-0.037614 -0.820832
-0.250680 1.700249
-0.864242 0.293104
-0.868358 0.315802
1.329680 -1.111309
-0.152198 -1.005046
-0.778096 -2.125828
0.542398 -0.164639
0.302885 0.081898
-0.487636 1.656472
-0.200740 1.333075
-1.229250 -0.837250
-1.337735 -0.703052
1.373484 -0.896131
1.218444 0.872741
-2.130736 0.031543
0.331201 -0.023303
-0.247747 1.646999
-0.331315 1.596537
1.208061 -0.817346
1.461231 -1.151775
-0.450277 1.605742
-0.587986 -1.998963
-0.115454 -1.017119
-2.348775 0.147173
-2.287087 -0.097162
-0.759884 0.511447
0.395594 -0.254693
-2.252496 0.054073
-0.470488 1.526031
-2.197246 -0.131365
-1.280511 -0.998698
0.518363 0.062513
-1.565679 -0.962172
-1.891203 1.362744
-0.275058 1.588818
-2.249544 0.064433
1.336362 -0.828543
0.880075 0.946634
1.331710 -1.208029
1.265117 0.903216
-0.719579 -2.101351
-1.347401 -0.781759
-1.289099 -1.018314
-0.448329 -1.988014
1.560729 -0.815456
1.307347 -0.993259
-0.860240 -2.116159
1.264819 -1.095018
-1.446732 -0.825218
0.928053 1.037104
-0.805307 0.441486
-2.403271 -0.076754
-0.742286 -1.976386
-2.143473 -0.091860
-0.783975 0.231349
0.516945 0.085364
1.170132 -1.050386
-2.237005 0.079242
-2.363885 0.036578
1.199633 0.990164
-1.925175 1.377982
1.025904 1.082757
-0.412896 1.500148
-0.930242 0.194005
-2.267008 -0.109746
-0.270818 -0.985179
0.493238 -0.078013
-2.401414 -0.059339
-0.140365 -0.930769
-1.875918 1.377285
-0.287883 1.552522
-1.943520 1.472449
1.563989 -0.959237
-0.339428 1.408226
0.528216 -0.209672
-0.794732 0.380182
-1.291876 -1.106919
-0.623381 -1.859449
-1.568224 -1.035861
-0.138586 1.404817
1.073378 0.758834
-1.835827 1.462220
-0.502636 -2.099664
1.161917 -0.972879
1.007865 0.790692
-0.720108 -2.021717
-0.175234 -0.815749
-1.923062 1.480747
-0.183739 1.298172
-0.730992 -1.891417
-1.796381 1.295661
-0.586314 -2.002493
-1.591827 -0.911082
-0.174513 -0.874365
-1.214381 -1.095358
-0.545640 1.315796
1.364838 -0.786116
-1.942943 1.290696
-2.405763 -0.061366
-2.188553 -0.092805
-0.520840 -2.107547
-0.788322 0.137890
1.003960 1.021048
-0.230458 1.294856
1.500632 -0.928725
-1.179986 -0.869347
-0.570187 -2.187950
-2.152530 0.166177
1.399744 -0.916390
-0.061017 -0.927909
-0.131211 -1.011997
0.217462 0.031854
0.397352 0.029785
1.427140 -1.212699
-2.047227 1.552669
-0.678116 -1.826347
-2.099493 1.521601
-2.024297 -0.027709
-0.922721 0.311600
-1.350125 -1.000375
-0.774017 0.197856
-0.693768 -2.068250
-2.408268 -0.096777
-2.299999 0.084096
-0.809599 0.402366
-1.000463 0.112253
-0.345941 -1.820768
-0.837060 0.125182
1.221542 -1.030694
-0.878369 0.430781
0.288689 0.091822
0.372922 0.051256
-0.302213 1.539157
-0.045323 -1.031161
1.202247 0.916155
-1.743657 1.478730
-0.981726 0.183955
-0.809361 0.382987
-1.323904 -0.943606
-0.740039 -1.895297
-1.852128 1.566027
-1.840326 1.201124
-1.937710 1.564263
1.311185 1.029119
1.183828 1.070388
-0.426738 -2.026446
-1.416437 -0.989447
1.389643 -1.091351
1.441694 -0.995116
1.392993 -1.218369
1.220115 -1.088591
-0.221190 -0.957367
-2.138000 0.146665
-0.703825 -1.961742
-1.898127 1.293686
-0.874029 0.475902
-2.319567 0.277010
-0.186577 -0.887960
-2.015308 0.053214
-0.777570 0.407136
-0.780472 -2.056739
-1.289019 -0.697756
-2.242543 -0.003223
-0.192762 1.317336
-0.897487 0.463843
1.551635 -0.910771
-0.680501 -2.093180
-1.509819 -1.062666
-1.393887 -0.780473
-0.084756 -1.059359
-0.152236 1.473843
-2.351197 -0.068284
-2.416749 0.125991
-1.288351 -0.793798
1.369934 -0.863983
-1.994459 -0.228557
-1.828917 1.568847
1.218239 0.769350
-2.163173 0.110581
-2.256354 -0.064123
-2.272990 -0.006321
0.069900 -0.963567
0.155378 0.071764
-1.442407 -0.973496
1.050924 0.803515
-2.259295 0.099599
1.394618 -1.071209
-1.352849 -0.810265
-1.530263 -0.934844
-0.203447 -0.930647
-0.185249 -0.855172
-1.438944 -1.097965
-0.148484 1.621315
-0.616772 -1.923315
-0.982007 0.413064
-0.063130 -0.816640
-0.784985 -1.889731
-0.235370 1.599655
1.083920 0.800043
-1.465563 -1.028911
-2.309500 -0.181762
-0.777440 -2.021310
-1.874363 1.583878
-2.242699 -0.083034
1.049840 0.838805
-2.194477 0.062684
1.257912 -1.041029
-1.765896 1.556984
1.386978 -1.115775
-1.944339 1.460132
-1.429658 -0.927124
0.987585 0.822979
-1.370486 -1.022945
-0.997985 0.219061
1.276167 -1.037418
-0.798746 -1.907511
0.496850 -0.206186
0.162242 0.018050
-0.958102 0.338281
-2.007373 1.567398
1.213722 0.783005
1.006259 0.932166
-1.677685 1.351547
-2.192420 0.046827
-2.088336 0.220416
-0.259346 -0.861483
-0.531879 -1.922471
-0.376358 1.495928
-1.229504 -1.076936
-0.271478 1.397613
1.602610 -0.887194
1.429869 -0.274035
0.444171 0.097070
-0.114329 1.461175
-0.514929 -2.034827
-1.523712 -1.087942
-1.837264 1.319171
-2.106648 -0.021630
1.154601 0.779411
-0.306522 1.612733
-0.689780 -1.826028
-1.963675 1.614783
-1.930134 1.289824
-2.080069 -0.097431
-1.975219 1.365157
1.288624 -0.974052
-2.017349 1.608399
1.329235 -1.228624
-1.951175 1.344684
-1.493779 -0.891386
-2.347330 -0.077161
-1.945865 1.514715
-0.341940 1.619808
-0.590206 -1.827907
0.349166 0.164761
1.118396 0.907639
1.254539 -0.922453
-1.910887 1.564062
0.136258 -0.188733
-1.195749 -0.942006
-2.307443 0.009419
-0.257138 -1.059033
-0.205380 1.246498
-0.800521 -1.071136
1.011167 0.811014
1.300594 -0.901667
-0.094750 -0.958317
-0.813056 0.501420
1.351004 -0.919304
-0.501065 -1.891722
1.233618 0.896495
-2.268772 0.118307
0.235866 -0.071770
1.280783 -0.997794
-0.915933 0.332514
0.006180 -0.922448
0.228964 0.133448
0.625254 -0.100525
1.227766 0.810314
1.254006 0.841013
-0.184929 1.571302
-1.323980 -0.757864
-1.997491 1.387839
-2.372128 0.155969
-0.445434 -1.842821
-0.588673 -2.137831
-0.503704 -2.079456
-0.797020 -1.938882
0.472312 0.119825
-0.002381 -0.955070
-0.270851 1.528326
1.342419 -1.094542
0.419190 0.016561
-0.417985 -0.837475
-2.269945 0.022486
1.359877 -0.917190
-0.957938 0.356230
0.379583 -0.130520
1.258954 0.834789
-1.727313 1.390312
-2.326550 0.213000
-0.745893 0.517964
-0.762640 -1.902017
0.326363 0.176020
-0.842533 0.447939
-0.054209 -1.014634
-0.646348 -1.984471
-0.308596 -0.967833
-1.992599 1.543056
-0.239631 1.354657
-2.297343 0.210385
1.149946 1.058848
-1.197329 -1.122306
-2.219218 0.196650
0.982249 0.823563
0.427794 0.048732
-0.340112 1.395111
-0.237266 -1.008405
-2.087200 0.012072
1.506504 -1.102706
0.973531 1.001981
-2.028285 1.370380
-0.896707 0.305744
1.202281 0.912094
-1.359153 -1.100393
-1.919830 1.369992
-0.100097 -0.772474
-0.479449 1.532226
0.452023 -0.144536
-0.228374 1.635787
0.167891 -0.022602
-1.942119 1.477369
0.491224 -0.047591
1.334212 -0.758336
1.308990 0.883485
-1.000722 0.598007
1.358288 -1.039093
-0.842453 0.182487
-0.391207 1.432947
-0.582978 -2.011323
0.123642 0.033875
1.461769 -0.999513
1.011254 0.786440
-1.516047 -1.156242
-2.135257 0.084480
-1.002955 0.299842
1.197753 0.911362
-1.112513 0.527205
-0.559584 -1.969478
-0.325721 1.573022
1.248214 0.920630
-2.066872 1.589730
-0.419149 1.633477
-1.520378 -1.003912
-2.266706 0.236852
-0.366020 1.578622
-0.042473 -0.939469
-2.044489 1.508454
-1.455547 -0.684482
-1.519389 -0.718846
-2.044764 1.507304
-2.068595 1.379568
0.288489 -0.022713
-0.550662 -1.793107
-1.479696 -1.108213
1.141116 0.775218
1.524296 -1.099325
-0.708479 0.236949
-0.625867 0.443713
0.302894 0.209090
-0.821309 0.380966
1.094300 0.732505
-1.807499 1.362470
1.279678 -0.842776
0.114279 0.199461
-1.439878 -0.804324
-0.268484 1.546121
1.085437 0.754412
-1.777014 1.372942
-0.790754 0.351671
-0.958070 0.460839
1.228205 0.968231
-0.102812 1.433631
0.978146 1.060930
-0.608245 -1.764625
-2.111410 -0.218597
-0.166063 -0.914907
0.037216 -0.973980
-0.072285 1.515853
1.334481 -1.093010
1.061864 0.871633
-0.200904 -0.881698
-0.911710 0.284699
-1.928985 1.624054
0.022885 -1.050449
-2.190026 -0.062405
-0.097878 1.463300
0.324653 0.132641
-0.130390 -0.804376
1.391173 -0.869912
-0.544156 -2.029698
-2.153276 0.088482
-1.909016 1.494422
1.205939 0.958896
1.591372 -0.963171
0.278318 0.070796
-0.360899 1.346264
-2.313469 0.060696
-0.496623 -1.942410
0.935615 0.941389
-1.070516 0.306514
-0.623987 -2.170151
-0.883806 0.365348
1.082725 0.781335
-1.739692 1.446697
-0.752455 -1.842206
0.191172 0.006351
0.188064 -0.023884
-0.639533 1.485440
1.462316 -1.018457
1.450584 -1.051670
-1.776276 1.441009
-1.848885 1.250451
1.573965 -0.971424
1.333503 -1.009778
-0.730211 0.425594
-1.893224 1.583608
0.451942 0.086152
-0.227482 -0.955965
1.522777 -0.895534
-0.203301 -0.833934
-1.071358 0.269761
-1.833390 1.370770
0.467092 -0.061723
-0.538440 -2.143493
-2.298623 -0.082022
-2.232005 0.147185
1.037810 0.975077
-0.574354 -1.943102
-0.538202 -1.928268
-1.952559 1.435783
-0.771854 -1.905806
0.959501 1.055351
-2.338516 0.198548
-1.923332 1.553372
-0.615292 -2.025660
-1.999187 1.183046
-0.132114 1.569339
1.519793 -0.877008
0.394725 -0.120624
-2.273481 0.071790
-1.920233 1.537731
-0.787255 0.338855
-0.303942 1.361412
-0.287726 1.484672
-2.344321 -0.061182
-1.869250 1.600906
-1.476978 -0.784040
-0.771949 -2.034824
-0.356005 1.412064
1.132506 1.128718
-1.574069 -1.008779
0.322923 -0.084691
0.447156 -0.086336
-1.007837 0.142221
1.458339 -0.963749
0.406660 0.125558
-0.731211 -1.699537
-0.194576 1.307075
0.397248 -0.006196
-0.182850 -0.945065
0.398860 -0.081023
-0.771876 0.439441
1.267993 1.105623
1.322867 -1.121147
-2.192930 0.056350
-1.435646 -1.092033
1.003217 0.991782
-0.537183 -1.955429
-0.916771 0.204550
-1.247382 -0.842727
-1.491249 -1.129057
-0.187782 -0.842947
-2.133676 0.085106
-0.681030 0.310034
-1.903177 1.488630
-0.423061 1.630539
1.419469 -1.031791
-0.701032 -1.783077
-1.390648 -1.144704
1.491887 -0.949615
-0.313804 1.498784
-2.197216 0.100010
1.264847 0.773967
-0.671099 -1.941986
0.929056 0.801390
0.912799 0.867179
-0.345823 1.380869
-1.897452 1.633746
-0.620716 -2.012932
-0.252302 1.362653
-0.902551 0.237253
0.165750 -0.021063
-0.826351 0.311378
-0.203574 1.382299
-0.753867 0.291710
0.463694 0.106254
-0.726556 -2.052652
-0.115405 -0.965935
-0.498193 -1.954524
-1.275283 -1.101361
1.331711 -0.965785
-0.775142 0.488356
1.575068 -1.014652
-0.576470 -1.936875
-2.145682 0.066561
1.196862 1.005583
1.411880 -1.043300
-0.608972 -1.850604
-1.886520 1.481462
0.359853 0.179720
-0.133676 -0.960692
-0.712154 0.411546
0.243707 -0.061556
1.458308 -0.878091
-0.852881 -2.063564
-2.177631 0.012377
1.482302 -1.026203
-2.213288 -0.063663
-0.834163 0.172419
-0.109904 1.376533
1.077655 1.100106
-0.461357 -1.950809
1.399849 -1.055329
-1.490558 -0.852854
-0.904655 0.258597
0.947833 0.640506
-0.030072 -0.890393
-1.794770 1.435850
0.281599 0.124286
-0.658753 -2.108754
0.559467 -0.101828
-0.860410 0.288453
-1.716800 -0.609812
1.175552 0.927794
-0.393040 1.440200
-0.668144 -1.911953
-0.895604 0.201311
1.065312 1.051305
-0.967332 0.325807
-1.238083 -0.971103
-0.192998 1.495630
-2.066229 -0.133720
-0.847338 0.190120
-0.699936 0.362715
1.282526 -0.541935
1.231783 0.650019
0.029492 -0.774369
-2.426136 0.091866
-1.498786 -0.918443
1.206313 0.893672
-2.211932 -0.158872
-1.246924 -1.113391
-0.152039 -0.910617
-0.712709 -1.838822
-2.419342 0.175897
1.110476 0.811236
-0.156672 1.463629
-0.122114 1.593115
-0.096205 -0.954252
-0.843298 0.267859
-2.033052 1.626298
-1.472397 -0.967482
0.965690 0.875338
1.248250 1.011610
0.387157 0.060235
1.220531 0.873077
-1.388765 -0.854267
-2.151247 0.103818
-1.880107 1.508415
0.196105 0.086190
-2.298812 0.281159
-1.765850 1.432840
1.096311 -0.828114
-0.200140 -1.005422
0.218946 -0.013610
-1.378324 -0.868403
-0.790328 0.269964
-0.623769 -1.690984
0.990166 1.025410
0.099470 -1.005541
-0.475627 1.560490
-0.506465 -1.957020
1.215237 0.703150
0.489144 -0.171314
1.431000 -1.050462
-0.636778 -2.018332
-0.448745 -1.915670
0.958255 1.059820
-1.518094 -0.959980
-0.638420 -1.838609
-1.162094 -0.720751
1.175820 -1.011073
1.246243 0.859378
-2.285107 0.219707
-0.237601 1.501520
1.278515 -1.173070
-0.947399 0.263336
-1.827100 1.561008
-0.334422 -0.920846
-1.571340 -0.804934
-0.223998 1.668630
-2.219993 -0.054196
-0.888642 0.209696
1.278170 -1.058709
-0.206862 -0.852884
0.991140 0.995424
-0.666127 0.417856
1.143658 1.062512
1.380314 -0.880386
1.570450 -0.959229
1.343461 -1.089129
1.118271 0.904849
-1.044256 0.415916
-0.529694 1.550272
1.225179 -1.002823
-1.870560 1.504435
-0.276319 1.607659
-0.068171 -0.901901
-1.956312 1.625474
1.347279 -0.896688
-0.031196 -0.981198
-1.519462 -1.040763
0.956578 0.748628
1.198204 0.960819
1.154930 1.160345
0.985430 0.903750
-1.267672 -0.992247
-1.322850 -1.041924
-0.122136 1.486432
-1.279359 -0.823649
-1.179530 -0.978632
-0.215766 -1.114588
1.448083 -0.924628
0.158834 -0.971069
-2.481867 0.008922
-0.854326 0.434739
-0.765202 -2.086975
-2.380922 0.008524
-0.941277 0.414643
-1.843001 1.622347
-2.230404 -0.087139
-0.403949 1.621092
-0.262193 1.471551
-0.950512 0.030790
-2.173014 0.032397
-0.498620 -1.909340
1.451482 -0.863084
-0.283021 -1.069240
1.076468 1.113259
1.208079 0.849971
0.097271 -0.967101
-2.092969 1.559185
-0.724994 -1.935552
-0.634092 -1.806087
-2.401902 -0.089249
-0.469083 1.556263
0.027022 -0.781445
-0.377988 1.581870
0.948088 0.939197
-2.040991 1.535902
-0.835761 0.343093
0.974274 0.715695
0.981375 0.732192
-2.221591 0.037233
1.228813 0.918019
0.912366 1.030625
0.941885 0.934715
-0.306724 1.634239
0.977827 1.059273
0.121061 -0.956874
-0.542752 -2.129214
-0.512799 -1.872408
0.204967 0.111772
1.146574 1.178385
1.396724 -0.980086
1.554091 -0.974757
1.385088 -0.902768
-0.063239 -0.786939
-0.756677 -1.849501
-1.965992 1.290910
-0.717696 0.244950
-0.643419 -1.898137
0.275808 0.010560
0.315964 0.098618
-1.272049 -1.000614
-2.200142 -0.156802
1.392042 -0.864677
-1.454486 -0.871657
-0.934371 0.225871
1.153678 -0.917556
-1.761153 1.488698
0.028927 -0.761542
-0.691686 -2.013397
-0.666425 -2.038842
-0.592852 1.588423
0.472296 -0.203452
-2.137185 0.073008
-2.331307 0.118129
-0.032238 -0.973127
-0.668681 -1.847065
1.540012 -0.979596
1.429395 -1.201470
0.223870 -0.082197
-1.440950 -0.953529
-2.292863 0.199619
1.434740 -1.115199
-1.598564 -0.791978
-0.923498 0.373272
0.031694 -0.873177
-0.268090 1.355376
0.623180 -0.120538
-1.888855 1.433103
1.431138 -0.793009
0.315869 0.084769
1.055170 1.027012
1.085798 0.962966
-0.018372 -1.017691
-0.180837 -0.929495
1.247465 -0.916671
-0.184429 -0.949767
-0.348171 1.540757
-0.336861 1.545726
1.056090 0.866991
-0.666198 -1.947183
-0.466032 -2.077823
-0.235330 1.264395
-0.608267 -2.066830
-1.938534 1.550215
0.888805 0.793562
-1.494133 -0.947324
-1.861167 1.474658
0.914089 0.885078
-0.339461 -0.922163
-1.339569 -0.934955
1.248647 1.124674
-2.044205 1.450384
-1.309075 -0.821172
-1.719818 1.541461
0.221930 -0.030163
0.420001 -0.022678
1.346031 -1.149066
-0.179914 -1.121731
0.083529 -0.748867
-1.866550 1.347579
-1.982009 1.475905
-0.215351 -0.795760
0.294335 0.106069
-0.881182 0.385653
-0.186528 1.602124
1.170545 0.786033
-1.471896 -0.755448
-2.333292 0.067759
0.249142 0.016344
-0.981652 0.344480
-0.683089 -1.892400
-0.840026 0.303995
-2.282678 0.017921
-1.980678 1.507107
-1.346241 -0.915827
0.284549 0.175684
-1.300821 -1.025367
-0.873184 0.434294
1.261062 -0.951711
-0.151727 1.461953
-2.246705 -0.103208
-2.262329 -0.102957
-0.284664 1.635569
0.470367 0.031576
-1.553813 -0.858003
1.101943 0.890311
0.025616 -1.037857
-0.239404 -0.911376
-0.263106 1.443838
0.893940 0.895737
-0.081950 -1.118039
-0.706632 -1.924582
-0.668014 0.314660
-2.034884 1.585207
-0.252490 1.485044
-1.789590 1.545982
-1.500798 -1.020107
1.426201 -1.022884
-0.013039 -1.119990
0.149568 -0.144291
0.476469 0.132175
0.890343 0.971673
-2.246719 0.178762
0.442307 -0.290394
1.384525 -1.129602
1.498587 -1.069411
-0.451184 1.556719
1.385730 -1.128266
-2.169424 -0.060300
0.543426 -0.101438
-2.069655 1.622436
1.305217 0.858956
-0.837226 0.425622
-0.391982 1.588394
-2.101102 -0.020054
0.352731 -0.070789
-2.292298 0.238318
-0.756232 -2.128084
-2.123517 0.185210
-2.009911 1.499809
1.060070 1.016076
-0.099703 1.479482
1.432104 -1.026959
-0.387701 -1.851170
0.463546 0.120682
1.387097 -0.972217
-1.890293 1.603532
-1.489759 -1.060056
1.559919 -1.107216
0.352304 -0.109808
-1.947400 1.345058
-0.746139 -1.846954
0.396835 0.019377
1.133057 0.821769
-1.722632 1.345287
1.266316 0.928480
1.610077 -0.853059
-0.899023 0.517919
0.161308 -0.172726
-0.809095 0.398612
0.496646 -0.029886
-0.451031 1.634300
-0.061036 -1.026619
-0.663012 0.292295
-0.666925 -1.956787
-1.295825 -0.884376
-1.782108 1.490012
0.195858 0.092479
-1.828252 1.305306
1.418983 -1.075854
-1.792775 1.538234
-0.858687 0.390471
1.312451 -1.221449
-1.154723 -1.015886
-0.176118 -1.028558
-2.085454 1.479042
1.208379 -1.088818
-1.471290 -0.934779
-2.001897 1.390772
1.065906 1.086242
0.355252 0.037356
-0.269352 1.424559
-1.384199 -1.050325
-0.860005 0.283875
-1.588425 -0.772113
-2.382030 -0.048554
-0.251903 1.390579
-1.431768 -0.967437
1.266496 0.904893
-0.745157 0.237005
-0.564380 -2.055552
-0.194015 -1.031043
1.646477 -0.945739
-0.488753 -1.871294
-0.415611 1.477366
1.175774 0.843275
1.036094 0.941804
-0.430606 1.564212
1.401091 -1.125717
-2.375871 0.206148
-2.213029 0.106219
0.930494 0.966339
-2.344842 -0.001385
0.212220 0.116026
-0.178097 -1.014428
-0.435000 -1.882258
-1.393190 -0.972195
-2.164970 0.061371
-0.768403 0.503768
1.556373 -1.090662
-1.163689 -1.034104
0.586034 0.041150
1.341852 -0.925255
-0.838377 0.391640
-0.321479 1.417866
1.214646 1.003941
-0.453152 -1.955571
-0.121348 1.656521
-1.384067 -0.948126
-0.859371 0.363336
1.526584 -0.901711
1.057180 0.695938
-0.137230 -1.125835
-0.094751 -0.858596
-0.734899 0.149282
-0.536995 -1.920207
-0.102107 -0.814860
-0.078962 -0.922578
-1.948688 1.436376
-0.150399 -0.988371
-0.668784 0.375377
1.349440 -1.148077
-1.976843 1.448456
-0.518293 -1.802949
1.472489 -1.124302
-1.364392 -0.866493
-0.474718 -1.868577
-1.478309 -1.073830
-0.148108 1.369043
-0.733112 0.178205
-1.764747 1.500882
-2.384530 0.267549
-0.374117 1.451859
