300 2
0.045758 -0.829940
0.647403 0.004319
-0.820213 0.132786
-0.947371 0.269334
0.227217 -0.717758
-0.771776 0.199900
0.915542 -0.941678
0.150715 -0.749676
0.269499 0.199797
0.321096 -0.183326
0.715313 0.808317
0.277953 -0.364765
0.849274 0.109976
0.688683 -0.835907
-0.165316 0.704043
-0.124456 0.437132
-0.785984 0.209399
0.852305 -0.962847
0.942149 0.330059
-0.321542 0.177165
-0.865582 0.459925
-0.855258 -0.748827
0.845203 1.169131
-1.144766 0.329809
0.058950 0.890344
0.886468 0.111354
0.952947 -0.837818
0.800852 0.299380
0.831424 0.164661
1.467327 -0.057131
1.345089 -0.389254
1.392937 -0.253045
-0.949855 0.286991
0.648351 0.187558
-0.060698 -0.575141
0.842376 0.279785
1.444660 -0.067878
0.729382 -0.089355
0.801600 1.171181
0.856258 0.842869
-0.091758 0.104657
0.795035 -0.578574
-0.813871 -0.771715
-0.059473 0.711594
1.299508 -0.255820
0.308014 0.088969
-0.069688 -0.250286
-0.583953 -0.923527
-0.809300 0.382907
-1.065729 0.385313
0.765277 1.018939
-0.567730 -0.860886
-0.372546 -0.508433
1.364582 -0.226304
-0.027123 0.869126
-1.151696 0.411741
-1.199544 0.487029
0.148788 -0.872506
-0.967728 0.567468
0.660568 -0.010027
-0.854306 -0.777317
-0.111235 0.059884
-0.812908 -0.851756
-0.746557 -0.769242
-0.948420 0.292973
0.914644 -0.934549
0.762427 1.079669
0.412605 -0.227602
0.095812 -0.199334
1.485493 -0.277763
0.675098 -0.658590
0.096321 0.614838
0.940153 1.150766
0.787474 -0.105007
0.965283 0.398636
1.653573 -0.140246
0.722362 1.060100
0.606596 -0.805278
0.751047 -0.723488
-0.846882 0.255835
-1.114019 0.385381
-0.165984 -0.080747
1.389415 -0.010121
0.840181 0.082975
0.025485 -0.523636
1.022533 1.095870
-1.142965 0.463194
0.722493 -0.760414
0.989479 0.177070
-1.155640 0.531762
0.924228 -0.887923
-1.133536 0.321578
-0.141374 -0.138458
0.906687 -0.076446
-0.659861 -0.690462
-0.136373 0.631656
0.936953 0.224051
0.139463 -0.817308
0.879900 -0.923362
0.983104 1.199770
0.811612 0.087163
-0.825351 0.555033
0.852841 -1.074650
0.698017 -0.904208
0.987786 -0.686557
-0.637547 -0.908215
-0.052340 -0.310464
0.925963 -0.870576
1.287402 -0.379156
1.381649 -0.107474
0.479564 -0.110782
0.986541 0.805063
0.645906 0.025424
-0.699850 -0.846419
1.453664 -0.203895
0.955352 1.113322
0.074281 -0.908393
-0.124618 0.774930
0.899178 -0.471600
1.260709 -0.048256
-0.890168 0.277749
-0.418163 0.594952
0.199968 0.688707
0.278865 -0.005073
-1.080981 0.201121
0.130954 -0.367601
-0.964641 0.140953
0.920419 -0.805275
0.383571 -0.040477
0.071751 -0.093051
0.963021 -0.665049
0.195260 -0.779397
1.484755 -0.059884
-0.997975 0.316905
0.215928 -0.317920
0.269829 -0.087018
-0.098183 -0.999648
-0.032652 -0.873997
-0.737523 -0.749981
0.902039 0.192668
0.938249 1.043919
0.962462 0.923574
-0.791558 -0.931020
0.068035 -1.025800
0.920620 -0.588963
1.365021 0.061211
0.763608 1.033040
0.323428 0.260485
-0.226285 -0.191332
0.021496 0.632704
-0.717965 -0.840585
-0.802048 -0.854339
-0.738940 0.120738
-0.391297 0.665876
0.056349 0.672778
0.933822 0.904595
-0.135814 0.723187
0.276007 0.155888
1.305457 -0.148690
0.014970 0.768822
0.904813 -0.848333
0.780929 0.068819
-0.121398 0.787441
-0.368972 -0.014495
-0.174206 -0.288766
-0.069213 0.853258
-0.665056 0.270875
1.405306 0.017627
0.894469 -1.016603
-0.884154 0.371352
-0.058728 -0.871425
0.154945 0.733366
-0.237720 0.785671
1.247959 -0.129003
0.015175 -1.069920
-0.278464 0.787207
0.732693 -0.821279
-0.877723 0.394656
1.458374 0.120503
0.530045 -0.930951
0.794936 0.721618
0.317584 -0.036394
-0.042422 0.477297
-0.143617 -0.810435
0.791793 0.078021
-0.163225 -0.760573
0.895960 -0.716095
0.707608 1.063630
-0.820362 -0.687007
-0.277851 -0.191268
-0.788391 0.430008
0.853079 0.060446
0.941875 0.151033
-0.045997 -0.978146
0.716053 0.945932
0.235777 0.723506
1.572539 -0.131723
-0.163717 0.497075
0.835188 -0.886248
-0.104639 -0.228330
-0.453572 -0.269748
1.220896 -0.182239
1.232854 -0.019839
0.848204 -0.953519
1.563958 -0.263581
-0.111837 -0.146749
0.234171 -0.984608
-0.164700 -0.198679
1.533813 -0.203475
0.736701 0.058844
-0.499989 -0.809696
-0.080042 -0.292089
-0.045481 0.672579
-0.452625 -0.708485
0.857797 -0.783638
0.194263 -0.497453
-0.987272 0.209452
0.699898 0.172642
0.921643 1.031429
0.905450 0.869839
1.036326 1.031710
-0.873560 0.185770
-0.082889 0.669322
1.029728 0.404057
-0.622673 -0.681677
0.678550 0.945390
0.731333 -1.011258
0.061544 -0.856852
1.005200 -0.796612
-1.086276 0.541059
0.811952 0.849317
1.505039 -0.299763
-0.168007 -0.491407
0.770531 0.749023
0.851550 0.973419
1.517675 -0.183483
0.966055 0.250494
0.186747 -0.948860
0.023696 0.032908
-0.154749 -0.195415
1.474455 -0.292253
0.691598 0.850615
0.196526 0.097489
1.356256 -0.321500
-0.541838 -0.823709
-0.102511 -0.139657
0.830614 -0.992754
0.006455 0.587641
1.502547 -0.286479
-1.132841 0.309618
1.507822 -0.126420
-0.792633 -0.652854
1.252340 -0.274127
1.130110 -0.738513
-1.146563 0.312787
-0.104410 -1.067037
0.907966 1.071167
1.452125 -0.005904
0.824693 -0.637636
0.849852 0.707498
0.056985 -0.975902
-0.646737 -0.872245
0.929472 0.991396
-0.064885 -0.761856
-0.899846 0.396532
0.014801 -0.744034
0.792909 -0.864155
-0.093815 0.623461
-0.027198 -0.775815
-0.179145 -0.200484
0.947948 1.017731
-0.036749 -1.075513
0.709563 -0.827027
-0.883904 0.356243
1.533783 -0.281983
-0.033132 0.047581
1.332518 -0.105864
0.941208 1.137635
-0.978343 0.487006
1.208907 -0.194554
-0.981390 0.424666
0.765209 0.905387
1.445375 -0.438230
-0.185861 0.665466
0.952996 0.032149
-0.006625 -1.017170
-0.082270 -1.008661
0.445022 -0.049874
0.743968 1.117048
0.756765 -0.840966
-0.669221 -0.756656
0.292244 -0.080638
0.302163 0.089058
0.182044 -0.015683
-0.255119 0.501909
-0.721828 0.311500
0.128320 0.751173
0.306996 -0.371974
-0.980119 0.272462
-0.286324 -0.001283
