500 2
0.561365 -1.910655
0.512932 -0.987530
0.481225 1.854961
0.053798 0.972634
1.160456 0.637109
0.342158 1.992343
2.292281 -0.385258
0.454242 0.215831
0.314441 0.022465
0.578815 -1.976949
-1.114599 0.152207
-1.073894 0.401698
0.423464 -1.938516
0.224074 -0.077945
0.634258 -0.828161
0.358088 0.792324
0.422036 -0.734582
2.191342 -0.329965
0.705040 -0.822831
0.187566 0.868706
-0.789348 0.234115
1.402688 0.697591
-0.579808 -0.783697
0.590452 1.896119
1.157781 0.672456
0.047716 0.762323
0.744460 2.054498
0.635618 1.893998
0.334611 -0.142895
-0.494732 -1.036921
0.217158 0.735153
0.509527 -0.718282
-0.711312 -0.861728
-0.619771 -1.023325
1.418435 -0.530592
-0.332131 -0.830850
0.118859 0.929241
-1.089263 0.227606
0.454542 -1.796580
2.111395 -0.298327
-0.966137 0.037755
0.667800 2.057319
0.288250 -0.848884
2.246550 -0.152823
0.379475 0.051038
0.385658 -1.752968
1.171344 -0.690839
1.234223 0.648069
-0.643521 -0.839006
1.246825 -0.334605
-0.623833 -0.842944
1.435075 -0.428301
1.227638 0.593937
1.405309 0.472035
1.145298 0.488629
-0.408510 -1.091348
0.122872 0.047817
0.302040 -0.831796
-0.946752 0.321345
0.353279 0.801080
0.223137 -0.213958
1.247287 -0.299355
0.519231 1.955752
-0.830210 0.359862
-0.518525 -0.951445
0.183119 1.023635
0.635181 -0.750362
1.946860 -0.170688
-0.650590 -1.032482
2.184246 -0.134582
2.351253 -0.209138
-0.870112 0.168498
0.166439 1.051094
-0.630015 0.374183
1.466433 -0.612369
-0.846984 0.486393
-0.423430 -1.021580
1.360640 -0.510250
-0.457387 -0.803683
0.639747 2.027737
0.563363 -1.850044
2.304297 -0.103635
0.510622 -0.638698
-0.820622 0.140918
0.069001 0.744094
0.457562 -1.741267
1.353268 -0.709580
0.697197 1.866814
0.436192 -0.898023
2.294592 -0.163722
0.273794 -0.767823
-0.921515 0.130841
0.204189 0.987285
0.295883 0.112291
-1.050875 0.198921
-0.563777 -1.066468
0.562486 1.921829
1.100481 -0.696979
0.072623 0.898360
-0.628726 -0.860366
-1.006759 0.144179
-0.564857 -0.760984
0.553060 1.920885
0.706139 2.101029
-1.084585 0.296356
0.382637 1.922914
1.398769 -0.493948
1.106329 -0.665576
2.298805 -0.092289
0.287529 0.933592
1.320515 -0.660283
1.468064 -0.479255
1.212196 -0.638606
-0.891434 0.059590
-1.015429 0.146401
0.662104 1.801013
1.249508 -0.609088
1.200878 0.654067
-0.867581 0.307876
0.077318 0.733257
-0.630351 -0.963510
-1.006644 0.360325
2.261626 0.040794
1.347924 0.623532
0.635120 -1.903309
0.522832 -1.801359
2.110958 -0.253861
1.992469 -0.257792
1.276518 0.475038
0.523746 1.974314
1.264496 0.611275
-0.456580 -0.707417
1.174343 0.416161
-0.398989 -0.851168
0.548599 1.721640
1.234095 0.475929
0.017777 1.011355
0.334159 -0.739592
2.214423 0.104648
-0.994104 0.243820
1.271990 0.748412
0.348148 0.740938
1.024399 -0.553051
0.465489 -1.729090
1.182086 0.762200
0.094727 -0.395096
0.479630 -0.800864
-0.527127 -1.027370
0.315539 -0.057425
1.224324 -0.676528
0.474829 1.999172
0.494668 1.931401
1.391782 0.480419
0.207645 1.183547
0.740546 1.790126
0.325234 1.834644
-0.751817 0.345857
2.284582 -0.021892
1.911937 -0.369572
1.220227 0.684338
0.571109 -1.901272
-0.549254 -0.912394
0.213230 -0.029090
1.279291 -0.660898
-0.384730 -0.782052
2.349953 -0.321210
-0.670413 -0.878074
0.066591 -0.151845
1.100700 0.474783
-0.463062 -0.908876
1.487621 -0.455755
2.209316 -0.241406
0.341933 -1.741525
-0.939826 0.127367
-0.743102 0.255820
0.414883 1.951109
0.474119 -1.858852
0.168597 -0.264004
-0.874453 0.544980
-0.888797 0.073859
-0.838367 0.207818
1.253791 -0.466569
-0.696530 -0.993013
0.373604 -0.040692
1.430872 -0.413821
-0.547158 -0.902036
0.241054 0.196558
0.380197 -1.809822
0.417852 -2.001815
0.324999 0.728618
-1.007970 0.278271
0.386403 -1.888686
2.184791 -0.254847
1.400565 -0.530969
0.651076 -1.928713
0.320985 -1.817926
0.052649 1.033704
0.380951 -0.181071
0.545895 -1.728552
0.440737 -0.578873
0.489435 -1.016213
1.994090 -0.176181
0.258020 0.006423
2.017825 -0.114326
-0.027786 1.033178
0.581524 -0.968412
-0.502952 -0.850715
0.554148 1.808931
0.614264 -0.919526
0.924306 0.266181
-0.891665 0.455384
1.439894 -0.567996
-0.269622 -0.872152
0.498896 1.924368
0.412484 -0.715674
0.531066 -0.939855
-0.549098 -0.916460
0.332748 -0.067683
0.359707 -1.929538
0.387202 0.858458
1.393747 0.555168
2.350610 -0.057468
0.625099 -1.808893
0.607812 -0.864318
-1.049057 0.121967
2.167224 -0.144028
0.662504 -1.843286
0.003429 1.014993
0.007625 0.875142
1.469269 -0.654131
0.183389 0.961520
1.254346 -0.536564
0.282202 0.947749
0.293478 -0.114328
0.490841 -0.844473
0.605748 1.931110
0.456561 -0.143736
2.197542 0.012083
0.642621 1.770180
1.079415 0.348505
2.281163 -0.126741
-0.515351 -0.982824
1.112388 0.540875
-0.415282 -0.825890
0.407823 1.777180
0.392539 1.967960
-0.609771 -0.859419
-0.431847 -0.660896
-0.659239 -0.957350
2.399607 -0.078501
0.582399 -0.927748
0.092985 0.678800
1.466710 -0.474806
-0.648662 0.053400
0.463278 -0.271132
2.061739 -0.099157
1.330406 0.661432
2.264692 0.004576
0.343212 0.757176
1.245378 0.600798
-0.621996 -0.853271
1.182153 -0.567399
0.062356 -0.305217
1.428126 0.484706
0.671883 -1.847025
1.279293 0.687529
2.111485 -0.164100
1.216257 -0.550128
1.215696 0.757712
-0.332766 -0.751291
1.042746 0.663103
0.338191 -1.812982
0.410626 -1.693568
0.394219 -1.086651
-0.000478 0.921376
-0.970384 0.402230
1.305799 -0.668312
0.604140 -0.885070
0.531694 -1.671817
0.735851 -1.633165
0.428908 -1.941847
2.142365 -0.131628
2.369787 -0.254492
2.153941 -0.175122
1.371919 0.569666
0.052130 -0.096154
0.501195 -0.785861
-0.963137 0.371580
2.007645 -0.108609
0.617770 -0.834193
0.581631 1.859702
0.416335 -0.763786
-0.781017 -0.860118
0.232230 -0.010251
0.528181 -1.878677
0.228870 -0.243984
0.205562 1.002099
0.171557 0.791436
0.601091 -0.718265
-0.551411 -0.822251
2.089396 -0.362150
-0.483469 -0.811524
0.121286 0.700085
1.139354 0.684573
0.528143 -0.716607
0.582700 2.005813
1.314326 0.645849
0.136468 1.054993
1.286433 -0.458905
1.134157 -0.437259
-0.024367 0.938335
0.293918 0.073610
0.322219 0.126947
-1.021787 0.338990
-0.634588 -0.946249
0.483445 2.019763
0.077541 0.051501
0.673692 -1.920601
0.539165 -1.727915
0.216951 0.946553
0.171926 0.759463
2.289118 -0.277619
0.521685 -1.804149
-0.409102 -0.975040
0.586890 -0.965004
0.512699 -1.650602
-0.640471 -0.815734
1.330979 0.460064
2.208240 -0.169606
-0.687786 -0.680223
0.252453 0.727194
2.270639 -0.124914
0.263876 -0.253834
0.458962 -1.825289
1.372254 -0.527453
1.113412 0.562307
-0.802160 0.075095
0.593672 -1.758455
1.471081 -0.763566
2.291594 0.020180
2.229018 -0.154832
0.498383 -1.028418
0.456341 1.888247
0.239142 -0.029929
2.285671 0.036792
0.267631 0.748661
0.409887 -0.948511
0.463424 -0.812781
1.402050 -0.644488
1.240926 -0.523596
0.668896 1.843327
0.081290 0.017211
1.290547 0.456560
0.010727 0.735551
0.146472 1.046912
2.280640 -0.275443
-0.962118 0.279606
1.330367 0.721227
1.438611 -0.671326
-0.919199 0.404167
-1.033088 0.298695
1.145554 -0.550077
-1.042864 0.376163
0.214577 0.677085
0.520772 -1.941629
0.737824 1.979542
0.312442 -0.111055
1.297835 -0.603393
2.185801 -0.002009
0.154459 0.952575
-1.074699 0.402066
0.497644 -1.099561
2.427695 -0.188679
-0.837130 0.233212
-1.121100 0.267133
0.492967 -1.866488
1.337420 -0.608896
0.617400 1.817794
2.223999 -0.280575
-0.802607 0.266982
-0.301739 -0.861494
1.101636 -0.608652
0.603695 -1.875076
0.439392 1.988861
2.144528 -0.112908
0.363301 -0.880176
1.396482 -0.521854
0.155298 0.860465
-0.851898 0.279201
0.449121 -0.884729
1.274817 -0.568858
1.258302 -0.679171
0.341508 -1.857330
0.207492 0.004115
0.210966 0.116639
1.440859 -0.715719
1.390111 -0.535092
1.882320 -0.278115
0.508031 -0.963749
1.330831 0.655790
0.059954 -0.016872
0.166963 0.690481
1.222925 -0.716597
-0.066910 0.867415
-0.835333 0.253428
0.550839 1.968923
-0.755885 0.074828
0.652546 -1.037128
-1.008066 0.326940
2.319904 -0.102955
-0.899283 0.195904
0.539466 2.048878
1.237530 0.658571
0.625345 -0.946778
-0.676110 0.293530
-0.688982 -0.932207
0.219163 -0.262834
0.422119 -1.854358
0.348852 0.838632
2.368826 -0.147852
-0.785596 0.306249
-0.406983 -0.798998
2.220952 -0.403077
0.397700 1.775243
0.082884 0.798276
1.238082 0.495766
0.521074 -0.690986
-0.703875 0.131473
0.094508 -0.012283
0.008749 0.915530
0.642754 -1.993176
-0.971464 0.301950
-0.708198 -0.754814
-0.702626 0.188630
0.349703 0.045545
0.434404 -1.677490
-0.586092 -0.855742
-0.761643 0.308710
2.018289 -0.239477
0.219927 0.849050
0.481866 -0.929420
0.733264 2.086963
0.001697 0.957940
0.501029 -0.860953
2.221521 -0.328452
-0.918757 0.057475
1.179461 -0.641703
0.607835 1.963764
0.253976 0.883231
1.089775 0.606114
1.306418 -0.525094
-0.695906 -0.738817
-0.846440 0.339184
0.569703 -0.793833
2.361465 -0.038280
0.389017 -0.867205
1.272097 0.694838
-0.014422 1.013963
0.353282 1.804902
0.327086 -0.054095
0.544174 -1.877160
1.100598 0.437227
2.198309 0.018472
-0.664350 -0.793309
-0.682518 -0.698911
0.665861 2.003390
0.422692 -1.772003
2.398896 -0.289953
0.360069 -0.842808
0.602239 1.995434
1.242390 0.685221
2.187228 -0.056067
-0.697767 -1.051973
0.339528 -1.741738
1.299728 -0.562882
0.346071 -1.934438
2.131617 -0.018989
-0.641783 -0.814482
1.393645 -0.566790
0.094353 0.908249
0.121418 1.051151
-0.714980 -1.016959
0.617340 1.928936
1.218361 0.457036
1.271761 0.633507
-0.786822 0.429960
1.331990 0.662773
1.347297 0.690282
1.271082 0.443993
-0.887755 0.386357
0.243821 0.701451
-0.964563 0.179621
0.516146 1.886978
0.523384 -0.966744
-0.510762 -0.846411
0.490351 -0.893360
2.104446 -0.298329
0.719632 1.992224
0.395455 1.843780
0.082505 0.765740
