300 2
-2.412916 1.064058
-1.700707 1.175389
-3.534668 2.023774
-3.594288 1.873872
-2.411175 1.420897
-3.843874 1.776114
-1.813282 1.859621
-2.256301 0.936809
-2.921647 1.627631
-2.977609 1.781917
-1.994663 0.520099
-3.067675 1.779790
-1.431777 1.076284
-1.656817 1.641371
-3.388808 0.952029
-3.140195 0.836792
-3.610454 2.013880
-1.840862 1.895248
-1.401922 1.004542
-2.897015 1.931631
-3.589064 1.996166
-3.577658 0.278158
-2.036167 0.304648
-3.724039 1.876359
-3.334393 1.001115
-1.590385 1.043555
-1.943987 1.823128
-1.561287 0.952886
-1.386051 1.070516
-2.370662 2.351603
-2.490595 2.262409
-2.510078 2.426408
-3.714590 2.136522
-1.855374 1.100939
-2.077966 0.928376
-1.345202 1.105024
-2.502504 2.364946
-1.708735 1.280970
-1.864346 0.191257
-1.798767 0.415650
-3.384734 1.029876
-1.882083 1.597399
-3.591075 0.438439
-3.420724 1.074691
-2.719264 2.162634
-3.097443 1.674555
-2.556359 1.446959
-3.540431 0.300365
-3.604262 1.721222
-3.744561 2.132784
-1.867662 0.335207
-3.376297 0.371624
-2.990839 0.470718
-2.417755 2.393568
-3.211486 0.910955
-3.888976 1.933956
-3.899317 1.880938
-2.320504 1.212493
-3.910012 1.981503
-1.590709 1.278267
-3.600577 0.289960
-2.744755 1.079690
-3.679508 0.264216
-3.527185 0.323433
-3.686589 1.886005
-1.739470 1.825008
-1.830734 0.344543
-2.807182 1.709165
-2.491623 1.447117
-2.311060 2.268776
-1.759689 1.481568
-3.087131 0.970970
-1.870973 0.338074
-1.449610 1.098927
-1.419787 1.161970
-2.529993 2.487176
-1.897392 0.285022
-1.753055 1.738167
-1.614807 1.761193
-3.745388 2.038844
-3.750288 2.078877
-2.470661 1.334238
-2.479910 2.220156
-1.450778 1.109651
-2.278286 0.898426
-1.735761 0.094387
-3.775940 2.011119
-1.896831 1.807342
-1.357413 1.076152
-3.983425 2.025644
-1.670503 1.953825
-3.897029 2.004048
-2.948136 1.757756
-1.534552 1.453062
-3.449895 0.391555
-3.004053 0.891142
-1.486063 1.109435
-2.322390 0.830386
-1.746945 1.825581
-1.778233 0.061394
-1.349148 1.145356
-3.658575 1.578295
-1.759159 1.608769
-1.895517 1.823682
-1.785436 1.975510
-3.481069 0.346684
-2.637112 1.364651
-1.967269 1.828393
-2.509504 2.282746
-2.358878 2.171554
-2.968793 1.589100
-1.810539 0.349050
-1.574853 1.193049
-3.514805 0.309606
-2.360878 2.515367
-1.870580 0.008154
-2.385982 0.996822
-3.234691 0.839794
-1.920045 1.811764
-2.578606 2.054807
-3.571639 2.002928
-3.425741 0.998104
-2.747614 1.178654
-2.885910 1.656693
-3.699917 1.887942
-3.102578 1.761586
-3.683054 2.189216
-2.099243 1.697423
-2.933637 1.658630
-2.443334 1.167635
-1.809935 2.056627
-2.376571 1.235875
-2.499514 2.275173
-3.588887 1.782936
-2.891465 1.696522
-3.074325 1.549530
-2.685890 0.756240
-2.484890 0.853734
-3.472352 0.386749
-1.262430 1.054255
-1.810017 0.294395
-2.057412 0.317606
-3.596676 0.296371
-2.415092 1.024728
-1.685959 1.484534
-2.435433 2.351901
-1.807482 0.313982
-2.999304 1.486602
-2.412195 1.376342
-2.765152 0.825861
-3.575690 0.377151
-3.596070 0.244608
-3.519760 2.153827
-3.348187 1.197481
-3.300860 1.005945
-1.728612 0.434567
-3.270353 0.852714
-2.931572 1.642936
-2.327703 2.245659
-3.211566 1.072338
-1.681327 1.994710
-1.531186 1.076144
-3.292676 1.062788
-2.880663 1.415999
-2.614633 1.405030
-3.256700 0.889196
-3.851140 1.894190
-2.334596 2.299182
-1.823335 1.728167
-3.664130 1.976047
-2.473409 0.948077
-3.172060 1.071261
-3.254793 0.981319
-2.613374 2.107037
-2.343976 0.945355
-3.356787 1.024472
-1.940635 1.692117
-3.696499 1.995039
-2.532621 2.382838
-2.000352 1.492772
-1.781453 0.425695
-2.908498 1.663473
-3.235786 0.740469
-2.610830 1.059923
-1.316743 1.135020
-2.603644 0.825886
-2.110210 1.931975
-1.946127 0.215312
-3.447705 0.454976
-2.596433 1.503366
-3.757239 1.780431
-1.568104 1.116069
-1.562591 1.074536
-2.444402 0.965729
-1.920004 0.117086
-3.242773 1.182607
-2.515612 2.329676
-3.335861 1.041149
-1.723490 1.852678
-2.507612 1.242971
-2.619677 1.460912
-2.481570 1.895264
-2.321126 2.209759
-1.639881 1.868315
-2.514527 2.232820
-2.569721 1.368807
-2.537604 1.057554
-2.640486 1.397666
-2.340675 2.463891
-1.478189 1.150598
-3.100621 0.508717
-2.489754 1.547897
-3.273234 0.866784
-3.661559 0.339619
-1.753936 1.797777
-2.094197 0.812068
-3.552444 1.888423
-1.622593 1.152922
-1.922002 0.100923
-1.816167 0.416768
-1.813914 0.239519
-3.713502 1.987487
-3.211451 0.921595
-1.188551 0.969946
-3.584247 0.330763
-2.078804 0.430089
-1.867853 1.639688
-2.339188 0.872952
-1.826196 1.803136
-3.687589 1.954367
-1.957088 0.338287
-2.259475 2.199215
-2.712348 0.999692
-1.867475 0.313077
-1.921835 0.193072
-2.666720 2.377410
-1.359660 1.070604
-2.367685 0.934224
-2.545215 1.358352
-2.714630 1.317658
-2.404581 2.192101
-1.858482 0.103385
-2.802407 1.311712
-2.283123 2.322628
-3.663975 0.281713
-2.464099 1.350064
-1.670650 1.822371
-3.096329 0.981810
-2.456075 2.513692
-4.007906 1.889099
-2.405407 2.451181
-3.492727 0.488718
-2.585804 2.180045
-1.866782 2.112354
-3.989918 1.905763
-2.297530 0.836182
-1.828802 0.113775
-2.376054 2.418661
-1.712812 1.980484
-2.040771 0.337208
-2.443635 0.877201
-3.559864 0.303062
-1.925645 0.124189
-2.589890 0.755840
-3.803410 1.921447
-2.272579 0.884039
-1.779960 1.886866
-3.234780 0.999510
-2.438700 0.771790
-2.503048 1.305735
-2.043751 0.160282
-2.432469 0.883490
-1.789499 1.577286
-3.556877 1.943102
-2.372136 2.279479
-2.791223 1.442186
-2.250738 2.394528
-1.888908 0.069486
-3.623880 2.107278
-2.499773 2.340378
-3.697341 2.075589
-2.131988 0.292108
-2.383582 2.138994
-3.261542 1.182411
-1.505521 1.208251
-2.260010 0.749311
-2.352447 0.778664
-2.805343 1.683937
-1.817915 0.460675
-1.868369 1.836531
-3.582648 0.440166
-2.824324 1.287562
-3.001031 1.729096
-2.972861 1.532202
-3.309508 1.244169
-3.772865 2.102314
-3.157733 1.034469
-2.855783 1.581764
-3.670450 1.761762
-2.737885 1.387873
