1000 2
-0.752710 1.827820
-2.433372 -0.162569
-0.814800 2.009527
-0.567903 -1.642543
-0.960904 1.758526
-0.846518 1.771304
-0.771515 -1.158925
-2.024919 -1.949271
-1.962723 1.018735
-2.579401 0.078029
-2.551849 -0.160935
-1.538540 -0.519463
-2.133054 -1.652067
-0.857119 1.896395
-2.042943 -1.710765
-2.673780 -0.076818
0.746434 -1.009043
-0.865970 1.980907
0.587301 -1.064889
-1.461505 -0.536523
-1.635532 -0.486556
1.257995 0.691460
-0.195403 -0.133751
-2.751646 0.000256
0.715457 -1.086543
-2.022670 1.024729
-1.012098 0.754610
0.605977 -1.153012
-1.480101 -0.368885
-2.496662 -0.033305
-2.237273 1.003681
-0.115245 -0.149980
-1.945235 1.049558
0.075810 -0.301615
-1.281139 -0.449076
1.119838 0.468379
-0.812152 1.852051
-1.438026 -0.665000
-0.726880 -1.566732
-0.867556 0.834169
-2.261228 0.874834
-0.148397 -0.031827
-2.463415 -0.282008
-0.533457 -1.585979
-2.762484 -0.179958
0.508593 -1.260547
1.239556 0.784593
-2.161968 -1.703605
-2.663322 -0.100848
-1.361468 -0.613120
-0.490448 -1.485418
-2.125801 1.085214
-0.630949 -1.534132
0.791429 -1.341452
0.556507 -1.372418
-0.163449 0.030815
-2.627298 -0.145202
-0.507309 -1.359417
-2.103132 -1.816626
-0.089224 0.165826
-2.194321 0.870060
0.596074 -1.081790
-1.451967 -0.805037
-1.605338 -0.411994
0.988933 0.524051
-2.169133 1.085297
-0.610785 -1.593567
-0.784788 -1.521081
-1.056179 0.578569
0.565678 -1.353167
-0.823251 -1.544506
-0.952048 0.492051
-0.721691 -1.364224
-1.260312 0.655495
0.038775 0.008063
-1.372070 -0.605520
0.613522 -1.267254
-1.536515 -0.656335
-2.641573 0.024249
-1.373614 -0.502439
-2.692383 -0.151025
-1.890195 1.033787
-1.470652 -0.565411
-0.016663 -0.148212
-0.047499 -0.105916
1.131432 0.694624
-2.054538 0.972840
-1.091974 0.701508
-0.775242 -1.462037
-0.525169 -1.538537
-1.648389 -0.774304
-1.559944 -0.560052
-2.438609 -0.006964
-2.528653 -0.075929
1.173830 0.553054
0.587513 -0.941452
-0.971383 1.776589
-0.742585 -1.368105
-1.380762 -0.490616
-1.413024 -0.481987
1.132660 0.564211
1.090314 0.651907
-1.472379 -0.623356
-1.026609 0.564819
-2.122762 0.973728
-0.835484 1.631326
-0.856346 1.851690
-0.240427 -0.144845
-0.618333 -1.464319
-0.853245 1.997329
-1.647457 -0.441823
-0.887588 1.765674
-2.468256 -0.017136
-0.576327 -1.617773
-2.646581 -0.118187
-2.060161 -1.795245
-1.463145 -0.564137
-0.912085 1.938288
1.233386 0.372916
0.410353 -1.348760
1.147478 0.665622
0.649662 -1.213968
-1.167020 0.667995
-2.522126 -0.147048
-2.470143 -0.211485
-1.049287 0.581729
1.149983 0.386224
1.114355 0.328055
-1.115117 0.666705
1.199381 0.688389
-2.657608 -0.049688
0.420482 -1.274645
-0.229876 -0.041766
-0.935717 1.739189
-0.994991 0.663428
-0.909768 1.694463
-0.240614 0.066011
-0.692123 -1.642573
1.312983 0.559495
-0.805816 1.991380
-0.787375 1.834819
0.666455 -1.120590
-1.940047 -1.785265
0.483002 -1.247244
-1.406990 -0.668589
0.013068 0.030127
-0.962004 1.868579
-1.985832 1.024987
-0.676763 -1.400556
-0.787647 1.842552
-1.977803 1.076442
-2.166786 -1.742723
-1.609297 -0.622486
-2.100066 -1.806395
1.305140 0.464806
-1.370002 -0.546575
-0.796856 -1.276535
-0.190847 -0.142310
-2.793801 0.003293
-1.108540 0.549347
-2.583768 0.007644
-1.219659 -0.562804
0.489498 -1.076168
-2.159171 -1.998031
-0.927419 0.500686
0.981759 0.506551
0.535127 -1.355258
-1.138068 0.436260
-2.069195 0.986182
-2.065353 -1.912247
-1.842087 -0.514919
-0.990599 0.885727
-1.982061 -1.720606
-1.048335 0.423300
-2.600770 0.103993
-2.078412 0.880694
-2.729684 0.069303
-1.611916 -0.590118
1.120624 0.399355
-1.975973 -1.924439
-0.874264 1.807719
-0.797155 1.903025
-1.022393 0.518055
-0.211920 0.110254
0.496357 -1.447382
-1.333853 -0.668966
1.300436 0.632329
-2.449767 0.155510
-0.924463 0.612018
-1.034469 1.676002
1.126707 0.462724
-2.192453 1.001657
-2.187987 1.099680
-0.619744 -1.409612
-0.740074 -1.497527
1.128223 0.559059
-2.109869 -2.134793
-0.859817 0.555286
-2.060758 -1.800689
-0.798804 1.462492
-0.164913 -0.040092
-2.710680 0.043224
-0.020654 0.116654
-1.032791 0.753694
-0.771577 1.900221
-0.962380 1.735458
-0.070869 0.012296
-0.065574 -0.020633
-1.152784 0.390463
-0.114745 0.151361
0.978952 0.594937
0.049393 -0.038606
-0.463710 -1.428203
-0.570031 -1.623738
-1.186812 -0.474017
-2.141190 1.140467
0.603704 -1.225951
-2.109015 -1.795844
0.080004 -0.067575
-0.153645 -0.173485
-2.663350 -0.000078
-1.162559 0.788018
-2.223189 -1.867915
-2.207783 -1.603982
-1.991097 -1.890461
0.765055 -1.217383
0.678221 -1.102739
-0.947007 0.413790
-2.739061 -0.104510
1.221663 0.633475
1.241585 0.786982
1.240471 0.551383
1.068135 0.524767
-2.081096 1.026622
-0.813645 1.635070
-1.010082 0.753656
-2.120732 -1.737172
-0.147665 -0.084718
-0.888195 1.620821
-1.900921 1.091354
-0.928673 1.841012
0.050890 -0.132673
-0.883607 0.763626
-2.460758 -0.185571
-0.743564 1.777287
-1.286745 -0.641544
-0.070409 -0.137963
1.274196 0.766222
-1.159925 0.650336
-2.767019 0.013412
-2.424113 0.073629
-1.959640 1.111905
-1.218436 -0.500875
-0.746333 1.899736
-0.716464 1.926123
-2.582275 -0.155289
0.935478 0.502589
-1.025268 1.488718
-2.088936 -1.937422
0.340325 -1.375352
-0.780942 1.783027
-0.736462 1.897630
-0.981393 1.855754
-2.053819 1.029916
-0.753576 -1.488742
-2.589509 0.164590
0.684145 -1.233323
-0.625911 1.914649
1.119406 0.524018
-2.524611 0.012346
-2.623252 0.106478
-2.032789 0.978028
-2.157134 0.957027
-2.570666 -0.008564
-1.467901 -0.778613
-0.920162 0.524835
-0.243620 -0.115461
-1.873528 1.052853
-1.075778 0.663863
-1.450728 -0.737899
0.560909 -1.361280
-2.663578 0.016254
-0.873737 1.951429
-0.933082 0.510671
-2.069231 -1.949899
-0.857918 1.692017
0.670395 -1.222280
-0.908075 1.771293
1.005818 0.565493
-1.969783 -1.666508
1.051716 0.524130
-1.874304 -1.945829
-2.616230 -0.087982
0.547504 -1.290315
-2.598963 -0.047790
-0.040271 -0.170672
1.106477 0.452069
-0.961500 0.675708
-0.571714 -1.400679
-0.637325 -1.457760
-0.025154 0.016498
-2.100791 -2.002134
0.395492 -1.351593
0.678758 -1.449133
-2.173713 -1.601177
-0.928491 1.872845
-0.785904 1.613065
-2.142174 0.831976
-0.973796 0.719127
-1.344517 -0.498848
-2.571971 0.154807
-1.391515 -0.579915
1.192677 0.333564
1.107059 0.206216
-0.621207 -1.653520
-1.291414 -0.590904
-0.891297 0.600746
-2.657248 -0.009605
-2.169659 -1.839242
-1.023244 1.575177
0.420320 -1.160864
-1.360245 -0.578760
-1.044268 0.800892
-2.092021 -1.953841
-2.064915 -1.908604
-0.821456 1.767542
-1.948323 -1.734189
1.179968 0.614177
-2.086538 -1.866308
1.110029 0.657170
-1.933032 -1.845860
-2.528781 -0.014769
-0.883400 1.850396
-2.116807 -1.977084
-1.347196 -0.479269
-1.088562 0.693278
-0.830186 -1.506682
0.637521 -1.227066
1.053291 0.454900
-2.070295 -1.799662
-0.615962 -1.476196
-2.586180 -0.199912
-0.806234 2.027514
-2.054060 0.873362
-1.536760 -0.734116
-2.564279 0.341338
0.576676 -1.028211
1.207383 0.442006
-1.993788 1.066642
-0.274264 -0.158203
1.154345 0.439828
-0.987291 0.743947
0.450571 -1.393913
-0.701607 1.911060
-0.539963 -1.336064
1.056129 0.433953
-0.166587 -0.190773
-2.171205 1.054935
-0.595318 -1.358397
-0.444739 -1.616501
0.635329 -1.266312
0.735597 -1.075553
-1.579631 -0.643949
-2.471141 -0.233330
-2.016694 -1.979439
-0.954531 1.918179
-1.066624 0.667515
-0.958570 0.756727
-1.007324 0.380789
-1.187738 0.537147
-0.730072 -1.631975
-2.145492 1.100163
-1.416421 -0.494758
0.957528 0.430422
-0.558055 -1.545349
-2.047991 0.837117
-0.938583 1.763590
1.143467 0.594845
0.020720 0.174001
-0.561901 -1.617670
0.694948 -1.219578
-1.902701 -1.861495
-0.924989 1.708016
-0.085963 -0.046014
-1.076462 0.525116
-0.759862 -1.466440
-0.099874 -0.066106
-2.118234 1.086242
-0.853610 0.512837
-2.099498 0.892669
-1.924180 -1.949620
-1.641968 -0.636816
-0.868517 1.727784
0.600808 -1.306232
-2.613426 0.134158
-0.950028 1.797315
0.752455 -1.414451
-0.461535 -1.155990
-1.448875 -0.336883
-1.915483 0.940913
-0.709744 1.747321
0.987533 0.451917
0.706310 -1.301736
-1.929262 -1.810393
-0.054858 -0.229895
0.693353 -1.374636
-2.797710 0.043126
-2.129781 -2.008783
-2.099982 0.817181
-1.626118 -0.397838
-0.483936 -1.304092
-1.333197 -0.511570
-0.654709 -1.262845
-2.018839 -1.837406
-0.599816 -1.522975
1.346532 0.439588
0.655769 -1.464428
-0.270037 -0.044111
1.287995 0.518428
-0.167648 0.010550
-1.318920 -0.618020
-0.963323 0.621434
-0.573107 -1.519930
1.138218 0.546261
0.692775 -1.499104
-2.827976 -0.105072
-0.683947 1.701113
0.075998 -0.048521
0.720189 -1.170091
0.036270 0.019138
-1.088557 0.496455
-1.405481 -0.513850
0.504038 -1.170478
-2.114069 -1.959753
-1.471081 -0.600237
-2.574532 -0.068730
-0.983703 1.649511
-1.471034 -0.594931
-1.989879 1.184889
-1.967472 -1.880054
-2.718472 -0.095979
-2.567396 -0.193656
-1.890583 -2.046201
-1.913157 -1.853824
-0.558336 -1.403670
-1.164482 0.704580
-2.785807 0.054448
0.617909 -1.341533
1.223637 0.612304
-0.073457 0.108623
-0.282797 -0.212716
-0.838825 -1.436312
-0.156728 -0.114543
0.450975 -1.147671
-2.045268 -1.805220
1.171039 0.398972
-0.532282 -1.443364
-2.539271 -0.257056
-1.408717 -0.714750
0.659184 -1.197550
-1.803595 -1.713122
-0.139167 -0.033268
-0.111091 -0.132849
0.724267 -1.181839
-1.632814 -0.593539
0.568236 -1.335004
-1.160695 0.793476
-0.966117 1.604043
-2.152177 1.043961
-2.037769 1.254560
-1.344087 -0.504593
1.221211 0.454842
0.678048 -1.282616
-2.249120 1.046111
-0.299726 0.024715
-1.764036 -1.946577
-2.051566 0.975373
-0.982239 1.837110
-1.360543 -0.643967
-0.518216 -1.295386
-1.862547 1.031605
1.265908 0.448969
-0.919264 0.819276
-1.081348 1.684710
-2.050827 -2.008919
0.470978 -1.201538
1.366184 0.485988
-0.598206 -1.558002
-1.374944 -0.490046
-0.867902 1.888435
-0.859818 0.647088
0.510522 -1.404209
0.059484 0.086962
-1.035086 0.546040
-0.209657 0.027476
0.590349 -1.205545
-1.890336 -1.820630
-1.071518 0.717265
-0.406419 -1.476031
-0.834731 -1.503354
-1.562295 -0.380393
1.230190 0.482940
1.161384 0.455272
-1.892347 -1.834055
-2.002256 -1.882710
1.054011 0.446999
1.034212 0.535988
-0.272710 -0.277550
-2.137339 -1.758167
-0.570629 -1.296196
-2.095796 0.927063
1.181711 0.330143
-2.105632 1.077908
-0.118831 0.113251
-2.104627 -1.994825
-0.768083 -1.583052
-0.942146 0.475560
-0.882288 1.769691
-1.032417 1.834692
0.372096 -1.385982
-0.925563 0.461021
-1.154921 0.621080
-2.080588 -2.023704
-0.961053 0.872437
0.593040 -1.031832
-0.990445 1.833380
-1.953281 -1.855370
-0.915674 0.404897
-2.125983 -1.675210
-1.594764 -0.650597
1.264288 0.570288
-0.558935 -1.459939
-0.974551 1.846948
-2.112110 -1.873231
0.038865 -0.100416
-1.481565 -0.587463
-1.477084 -0.580797
-0.906679 1.968855
-2.114116 -1.946854
-2.418599 -0.078730
-1.042352 0.677875
-1.587300 -0.683961
0.531661 -1.291147
-2.817164 -0.092850
-0.588748 -1.527881
-0.692923 -1.594336
-0.290372 0.067299
1.211297 0.342659
-0.799706 -1.677628
-1.189908 0.529735
-1.643679 -0.465346
-0.557731 -1.448135
-1.951242 1.161302
-0.770778 -1.518292
-0.181595 -0.171070
0.751614 -1.246488
1.080827 0.308973
-0.973821 1.815592
-2.658520 0.167422
0.428008 -1.134007
-0.861016 0.440044
-0.212320 0.077347
-2.375268 -0.136877
-2.708482 0.056250
-2.224696 1.158996
-0.626763 1.855994
-0.051646 -0.030668
-1.854312 -1.818600
-1.522207 -0.602668
0.941401 0.503200
-1.060062 0.584198
-2.610743 0.166411
1.029830 0.520080
-1.415770 -0.462992
-0.799281 1.609280
0.449088 -1.306384
-0.872119 0.620749
0.497490 -1.452572
0.446001 -1.191804
-1.669174 -0.474387
-2.005618 -1.961939
-1.064631 0.539593
-1.434771 -0.487557
0.049196 -0.031992
-0.735348 -1.276809
-0.054060 -0.188138
-1.203690 -0.556218
-0.135652 0.011573
-0.857164 -1.696475
-1.240361 0.660336
-2.130828 1.042901
-1.133264 0.558026
-2.526497 -0.018546
1.001585 0.458137
-0.095444 -0.282118
1.318471 0.335822
-1.064147 0.584818
-0.798522 1.618189
0.652062 -1.358361
1.077765 0.433553
-0.881656 0.622832
-2.144895 -1.806641
-0.775236 -1.692796
-2.159369 0.955120
-0.097457 -0.229022
-0.444603 -1.372012
1.306188 0.481702
-1.046399 0.712205
-0.882993 1.696928
1.113690 0.516123
-0.704507 1.574752
-0.056392 0.059454
-1.413185 -0.779303
0.492661 -1.067118
-1.014341 0.575190
1.302881 0.715534
-2.679203 -0.105278
-0.097547 0.150426
0.332084 -1.055383
-2.112625 0.863788
-2.093658 -1.634609
-0.538179 -1.477712
-1.130236 0.574199
-0.455965 -1.364283
-0.071552 -0.116379
-2.526861 -0.269539
0.652190 -1.103372
-1.417767 -0.681319
-0.943799 0.755338
0.081809 -0.127961
0.721646 -1.349761
0.059593 0.027545
-2.483417 -0.087916
-1.469135 -0.526627
-0.669997 1.788983
-0.117130 0.042744
-0.097159 -0.079783
1.213405 0.318406
0.634348 -0.778757
-1.950372 1.127068
-1.004044 1.909740
-2.734376 -0.073087
0.642540 -1.210499
-0.718031 1.841181
-2.505748 -0.131846
-2.023603 1.206987
-0.970531 0.554680
-0.928483 1.909280
0.635407 -1.346045
-1.567140 -0.681687
-1.516554 -0.599155
-2.118435 1.000088
0.019058 -0.150183
-2.170260 -1.934002
-2.650184 0.057922
0.493230 -1.026266
0.442248 -1.200262
-0.645542 -1.617083
0.457004 -1.053955
-2.508001 0.009918
-0.868732 1.937328
-2.050652 -1.954971
-0.661107 -1.426491
-0.993686 1.861074
-2.117223 -1.707965
1.094959 0.301859
-1.882534 1.001529
-0.695117 -1.353364
-2.576819 -0.074349
-0.068109 -0.070652
-1.155035 0.688556
0.570855 -1.280274
-1.993747 1.119977
-1.359360 -0.436787
-0.979256 0.526829
0.419846 -1.202797
-0.535889 -1.422892
1.303313 0.480146
-1.179142 0.516394
-0.839601 0.585952
0.497563 -1.033720
-2.765297 -0.151270
-0.985907 0.625139
-2.189007 -0.014501
0.950879 0.412305
0.690230 -1.148007
-1.011294 1.770251
-1.452058 -0.672163
1.031078 0.525508
-0.140242 -0.006502
-1.984029 -2.030149
-1.927487 1.069573
-2.629362 -0.200356
-1.501789 -0.597361
-0.959667 1.809568
-0.173336 0.111149
1.130718 0.268652
-1.924196 1.074569
0.644249 -1.160338
0.065753 -0.349984
0.703287 -1.193574
1.196167 0.458805
1.374433 0.572666
1.194079 0.595056
0.621082 -1.018174
0.019637 0.029630
-1.514773 -0.793498
1.023436 0.660122
-2.121654 -1.901271
-1.349925 -0.600421
-1.931534 1.097973
-2.148435 -1.923727
0.950450 0.547849
-2.201565 0.952656
-2.816071 -0.072230
0.562989 -1.149087
0.766211 -1.367898
0.495837 -1.178220
0.795278 -1.236788
-2.649856 -0.082522
-2.665510 -0.064823
-1.639964 -0.546251
-2.469787 -0.168470
-2.567041 0.125125
-2.073125 0.931111
1.170687 0.374283
-1.993263 0.948295
-0.882433 1.905249
0.023723 0.049425
-0.911816 0.617063
-1.014892 1.947543
-0.010409 -0.087392
-1.895384 -1.588958
-0.779359 2.013166
-1.565653 -0.390318
-1.532468 -0.428394
0.038761 0.084691
-0.735883 1.794617
-0.967227 0.721362
1.282939 0.572143
-1.816530 0.967007
0.512780 -1.328552
0.607921 -1.418127
-2.054943 0.963097
-2.139631 -1.899348
-1.082269 0.701185
-0.898730 0.641178
-0.720149 1.777569
-1.327523 -0.479985
-2.182856 0.985977
-1.313703 -0.620058
0.343407 -1.265934
-2.059087 -1.965631
0.043473 -0.028083
0.481746 -1.037109
0.451616 -1.275330
-0.779596 1.738003
0.749586 -1.261616
0.633287 -1.459486
0.411463 -1.300857
-1.310574 -0.631207
0.450651 -1.226232
-2.004058 0.911851
-1.014480 0.388011
-0.903183 0.664567
-0.714844 -1.463246
0.496585 -1.058866
1.250363 0.661988
1.204908 0.560709
1.234052 0.510718
-1.975822 1.015072
-0.940675 0.560599
-1.904479 -1.798476
-0.077689 0.159183
-0.945276 0.700478
-0.801077 -1.465848
-0.689533 -1.566069
-2.611442 -0.120170
-0.886234 1.697443
1.210741 0.400367
-2.631997 0.021519
-0.070899 -0.001310
0.881455 0.510349
-2.132491 -1.952000
-2.037637 1.079339
-0.963148 0.396164
-1.014073 0.658796
-1.497734 -0.644552
-0.621457 -1.449955
-0.874048 1.607357
-0.733566 1.904496
-2.048061 1.133328
-1.055311 0.527445
1.332170 0.522638
1.100546 0.674763
-0.677270 -1.560186
-2.639196 -0.207441
-0.958167 1.812379
1.140857 0.623015
-2.684387 -0.216638
-0.118663 -0.141623
-2.103797 1.102409
-1.345006 -0.561342
-0.570359 -1.529029
-2.039533 -1.729410
1.298730 0.616145
-0.536483 -1.367723
0.659772 -1.178039
0.454315 -1.079162
-2.207084 1.085509
-2.083414 1.066591
0.967163 0.619621
-2.020415 1.090944
-1.530937 -0.546897
-1.538264 -0.473768
0.454240 -1.362183
-0.939750 0.678109
-0.917660 0.492714
-1.620033 -0.432165
-1.035754 0.622999
-1.979680 -1.841613
0.577582 -1.211199
-2.679562 -0.055966
-2.141156 -1.811549
0.368420 -1.216115
-1.904546 1.067944
-2.476258 -0.119318
0.740077 -1.262268
-1.901323 -2.043155
-2.502666 -0.207354
-2.135808 -1.737870
-0.514048 -1.390154
-0.828112 -1.362230
1.239012 0.652034
-2.182700 0.969783
-1.789893 0.959956
-1.894998 -1.622502
-1.926208 -1.866876
-2.025224 1.150943
-0.635972 -1.510536
-0.108177 -0.011520
-1.604586 -0.686813
0.422466 -1.246887
-2.454755 0.064660
-0.857866 1.926076
-0.608792 -1.391318
-0.335801 -0.069791
-0.916968 0.749426
-0.040977 -0.174891
-0.989674 1.947897
-2.173611 -1.899757
-2.509698 -0.037100
-0.671600 -1.542086
-2.698410 -0.135213
-0.234337 -0.166518
0.928494 0.478011
-1.454964 -0.631207
-0.762082 1.990589
-0.699517 1.946084
-1.457510 -0.565462
-0.688201 -1.639021
-2.709236 -0.131338
0.669929 -1.338092
-2.051000 0.962108
-2.304363 0.941310
-1.359612 -0.548689
0.573904 -1.192217
-2.055470 0.975522
-1.046937 0.538326
-0.132939 -0.141320
-2.150219 -1.887433
-1.618163 -0.720769
-2.030598 -1.824389
-2.812562 -0.049473
0.909008 0.616767
-2.197084 1.001229
-0.715267 -1.328916
-0.395182 -1.381521
0.481061 -1.142102
-1.044889 1.814261
-0.655223 -1.344158
0.953857 0.466586
1.125254 0.560171
-1.398836 -0.608607
1.064985 0.645058
-0.873337 1.993835
-0.504896 -1.555292
-2.064856 -1.968310
0.754976 -1.271222
0.026327 -0.137716
-1.522816 -0.526189
-0.864711 2.002484
-0.667283 -1.359911
-1.000810 1.857392
-1.217094 0.660895
-0.935402 1.815974
-1.984239 -1.942158
0.580986 -1.444350
-1.496156 -0.475905
1.279304 0.572660
-0.853370 0.694518
-0.736692 -1.605203
1.086416 0.409972
-2.144654 -1.961586
-2.653362 -0.107900
1.229666 0.375956
-0.564710 -1.373666
-2.107408 -1.729351
-0.978781 0.766650
-0.638173 -1.530969
0.572269 -1.236313
-2.044448 -1.734563
0.532904 -1.238808
1.390826 0.451807
-0.154458 -0.080893
-0.697948 -1.337074
-0.070705 -0.057651
-0.664491 -1.609657
-1.534533 -0.745348
-2.053799 1.203546
0.017411 -0.165523
-0.934579 0.479862
-2.504894 0.147913
-1.982560 -1.808996
-0.705019 -1.280357
-1.870512 -1.791860
0.965104 0.433858
-1.788504 -1.932488
-0.066070 -0.005103
1.101195 0.629430
-2.434979 0.020684
-2.056541 0.932730
-2.030226 -1.907496
1.040580 0.691308
-2.810613 -0.062318
-1.894166 -1.968183
0.574066 -1.365744
-0.556924 -1.644812
-1.364994 -0.563185
-2.518178 0.115194
-0.026897 -0.148098
-2.605664 -0.252166
-0.844181 1.880616
-1.548365 -0.501236
-2.537833 -0.152442
0.508638 -1.328337
-0.004982 0.071660
-0.827676 0.788843
-1.950492 1.110315
1.321689 0.430764
-1.207738 0.662288
-1.725759 -0.445254
0.630167 -1.400542
0.836567 -1.239094
-1.380286 -0.595183
1.182284 0.735211
-0.796892 1.810637
-0.934653 1.749373
0.750402 -1.183241
-1.002471 1.846612
-0.656480 -1.465789
-2.072562 1.039778
-0.925866 0.635202
-2.676179 -0.053245
-0.745880 1.912531
-0.178929 -0.146560
1.172991 0.421449
-2.444086 -0.029798
-0.613510 -1.631047
1.208756 0.543900
-0.153374 -0.179730
-1.549403 -0.711886
0.457196 -1.170508
-0.864745 0.587682
-1.423913 -0.753328
-2.567675 -0.119958
-0.175586 -0.114846
1.346416 0.595219
0.312466 -1.245938
-1.938050 1.004564
-2.102103 0.806085
-0.133017 0.098267
-1.004036 0.702088
-1.973151 1.003619
-2.152277 1.071111
-2.005827 -1.789965
-1.998659 1.146194
-0.036262 -0.248659
1.239185 0.682198
-2.145595 -1.863335
-0.923370 0.683984
1.243686 0.321119
-2.604180 0.004379
-0.939150 0.775087
-2.716404 0.103857
-1.301662 -0.605565
-0.047404 0.108897
-1.943139 -1.900861
-1.041508 1.856287
-1.278191 -0.528369
