500 2
0.973055 1.308206
1.553011 -0.418322
1.445816 -1.992302
-0.650262 -0.448065
-0.145477 0.594943
1.301156 -2.045687
2.243838 0.472821
0.082412 0.112616
0.259037 -0.198032
0.847697 1.489539
-0.262878 -1.811641
0.020750 -1.772674
0.853488 1.462955
0.351797 -0.128253
1.566153 -0.626850
-0.734126 -0.374640
1.463188 -0.617278
2.138019 0.468610
1.423221 -0.341762
-0.708869 -0.260018
-0.036534 -1.925829
-0.406080 0.709365
0.570100 -1.033731
1.583901 -2.078085
-0.331916 0.502327
-0.753458 -0.711416
1.572704 -1.951363
1.416512 -2.036934
0.346838 -0.060420
0.960235 -1.180165
-0.760329 -0.491597
1.620859 -0.685979
0.454009 -1.069600
0.644066 -0.889895
1.166038 0.390750
0.732217 -0.938614
-0.747167 -0.596214
-0.033956 -1.730379
0.677990 1.313545
2.031592 0.511319
-0.201944 -1.744968
1.513656 -2.039462
1.320438 -0.640426
2.211037 0.430245
0.248131 -0.085528
0.670497 1.552999
0.939152 0.501382
-0.252268 0.495415
0.785734 -0.997400
0.942723 0.301184
0.663083 -0.726242
1.310864 0.453692
-0.370843 0.496565
-0.190221 0.516172
-0.198105 0.449316
0.706102 -0.787973
0.219961 -0.268791
1.401436 -0.408901
-0.231148 -1.571536
-0.582714 -0.588970
0.357883 -0.175254
1.195067 0.402369
1.549977 -2.160468
-0.107557 -1.640555
0.618104 -1.096955
-0.757073 -0.525571
1.492942 -0.515351
2.004365 0.306969
0.654356 -1.023311
1.939845 0.452492
2.390785 0.358184
-0.030418 -1.671013
-0.706645 -0.446856
-0.333868 -1.554253
1.123609 0.454402
-0.051987 -1.582737
0.599257 -0.825395
1.235966 0.422816
0.773576 -1.081595
1.591722 -1.930943
0.712662 1.542388
2.302921 0.608203
1.420726 -0.855195
0.003660 -1.590835
-0.692396 -0.539233
0.624639 1.463475
0.936205 0.596720
1.539075 -1.997651
1.528296 -0.425219
2.221841 0.413916
1.355320 -0.657770
-0.017305 -1.619124
-0.573794 -0.502902
0.187630 0.067742
0.013554 -1.713708
0.752045 -0.975931
1.490034 -2.060817
0.886872 0.410285
-0.574515 -0.623110
0.582013 -0.828844
-0.012450 -1.680073
0.835999 -1.104240
1.369792 -2.097393
1.502778 -2.057892
-0.256339 -1.929455
1.559223 -1.901943
1.322701 0.358063
1.084157 0.191332
2.225760 0.317061
-0.711374 -0.661697
1.158577 0.379614
1.246516 0.448871
0.913015 0.473914
0.073509 -1.633808
-0.173562 -1.711131
1.537234 -1.972173
0.983611 0.404271
-0.445345 0.542741
-0.202549 -1.930367
-0.499715 -0.521642
0.784768 -1.158685
-0.243111 -1.862300
2.175047 0.468259
-0.202004 0.743929
0.867520 1.446243
0.774617 1.441770
2.144694 0.551909
1.943846 0.401145
-0.165647 0.533866
1.525385 -2.062378
-0.220965 0.624968
0.572683 -0.870360
0.006990 0.664793
0.635563 -1.107836
1.222909 -1.959818
0.047487 0.587777
-0.664253 -0.715850
1.275555 -0.618263
2.327372 0.443303
-0.087245 -1.737895
-0.264215 0.617372
-0.489601 -0.491932
0.895531 0.351136
0.722363 1.297296
-0.191764 0.675043
0.475708 -0.345735
1.294744 -0.683737
0.783993 -0.921828
0.245907 -0.056396
0.998229 0.273558
1.227284 -2.024073
1.302660 -1.987998
-0.117670 0.689755
-0.498367 -0.615076
1.556366 -1.973536
1.281222 -2.049056
-0.267360 -1.699423
2.251813 0.417284
2.096935 0.422164
-0.230328 0.820548
0.880444 1.481801
0.667848 -0.878070
0.287834 -0.120923
1.053661 0.515008
0.698945 -0.773034
2.118803 0.551516
0.490215 -1.014095
0.308585 -0.418993
-0.261547 0.395368
0.809346 -0.773870
1.385406 0.377337
2.039959 0.326616
0.761807 1.278664
-0.034154 -1.665112
-0.226236 -1.955858
1.310156 -2.008541
0.693550 1.294121
0.415605 -0.402960
0.061140 -1.944724
0.001580 -1.615157
-0.011983 -1.906742
0.917505 0.435613
0.701743 -1.045673
0.344082 -0.110363
1.089195 0.361989
0.738724 -0.979555
0.044297 -0.198580
0.882957 1.359405
0.619128 1.351256
-0.619274 -0.476928
-0.212991 -1.877811
0.570710 1.269668
2.201775 0.551035
1.056348 0.387871
0.886464 1.520975
0.776675 1.377066
-0.711897 -0.450780
0.264054 0.037662
0.725972 1.385839
1.354265 -0.425659
1.583678 -0.497140
1.964144 0.154598
0.157632 -0.154247
2.204201 0.367553
-0.523582 -0.616093
1.431449 -0.757820
0.720063 -0.893979
1.444508 -1.919469
1.581477 -0.602169
0.008104 0.264075
-0.128524 -1.535911
1.078175 0.529087
0.927817 -0.935745
1.427520 -1.913586
1.537191 -0.341423
1.480761 -0.355567
0.745361 -1.199279
0.247362 -0.108891
0.630528 1.283784
-0.518649 -0.480915
-0.104116 0.581598
2.361206 0.371478
0.877380 1.217710
1.567020 -0.556198
-0.071029 -1.736581
2.248167 0.300664
0.730418 1.367843
-0.333346 -0.459476
-0.633154 -0.660977
1.114105 0.612906
-0.875394 -0.557927
1.108040 0.280905
-0.564889 -0.368045
0.365966 -0.270803
1.642717 -0.478283
1.353994 -1.902500
0.294738 0.034373
2.273999 0.410463
1.302754 -1.991881
-0.094209 0.588781
1.837801 0.264637
0.741365 -0.912885
-0.167751 0.592501
0.815746 -0.977255
1.229802 -1.987009
1.230123 -2.044181
0.721583 -1.095379
0.591615 -0.888359
0.638565 -0.937266
2.441133 0.432166
1.641321 -0.554311
-0.510668 -0.409076
1.202174 0.392558
0.083163 -1.355491
0.472619 0.096106
2.105397 0.405484
-0.381381 0.673452
2.186018 0.232558
-0.670117 -0.542451
-0.197055 0.750429
0.614954 -1.016589
0.933600 0.367886
0.472246 -0.304762
0.032916 0.708564
0.892738 1.341762
-0.283375 0.701599
2.142908 0.225653
1.177635 0.264095
-0.077231 0.685233
0.932795 -1.018811
-0.403753 0.510775
0.658566 1.494974
0.789950 1.433836
1.631018 -0.574230
-0.495805 -0.687114
-0.159730 -1.704469
1.108702 0.458312
1.616162 -0.557962
0.685510 1.436081
0.872953 1.058293
0.770968 1.572412
2.041736 0.410643
2.066158 0.509205
2.342833 0.554868
-0.176373 0.540045
0.360307 -0.210938
1.567024 -0.281593
-0.049591 -1.817706
2.078257 0.435626
1.642634 -0.523739
1.492120 -2.080939
1.435233 -0.596450
0.475576 -1.034956
0.295483 0.004290
0.772869 1.308516
0.329918 -0.272771
-0.765684 -0.404009
-0.779735 -0.610071
1.597730 -0.656447
0.925722 -0.993176
1.878196 0.446836
0.679764 -0.825365
-0.393695 -0.586233
-0.291709 0.469419
1.360818 -0.656333
1.329111 -2.111753
-0.312672 0.656346
-0.722799 -0.651820
0.938100 0.381359
0.841047 0.470942
-0.725651 -0.607952
0.247327 -0.029444
0.245367 -0.050833
-0.345682 -1.773233
0.731019 -1.111405
1.465764 -2.107537
0.273542 -0.236462
0.866028 1.490804
0.749885 1.514728
-0.691952 -0.394976
-0.750297 -0.482338
2.322336 0.548371
0.695416 1.284902
0.838105 -0.889916
1.523861 -0.616071
0.690615 1.323859
0.666047 -0.856653
-0.193258 0.660963
2.094862 0.524230
0.501197 -1.057291
-0.600677 -0.474271
2.359935 0.348534
0.356819 -0.270249
0.730926 1.301015
1.166725 0.329000
-0.320493 0.562933
0.096376 -1.776432
0.921751 1.282788
1.004127 0.449135
2.317647 0.412399
1.916390 0.607757
1.567091 -0.404601
1.527549 -1.848787
0.278692 -0.230490
2.093503 0.402148
-0.650508 -0.471757
1.594745 -0.484716
1.447581 -0.546315
1.191388 0.394491
1.153499 0.263223
1.508436 -2.099183
0.261576 -0.304500
-0.118405 0.580541
-0.516391 -0.545917
-0.626359 -0.350800
1.965001 0.548944
-0.013975 -1.911126
-0.374687 0.637880
1.099279 0.535785
-0.087026 -1.648883
-0.050693 -1.783556
1.224557 0.069033
-0.311953 -1.835223
-0.485077 -0.645275
0.835131 1.424943
1.431846 -1.861473
0.408709 -0.252667
1.135542 0.437218
2.280252 0.259387
-0.783783 -0.676380
-0.086677 -1.639652
1.613559 -0.441734
2.263451 0.468016
-0.173020 -1.902358
-0.059549 -1.836990
0.748710 1.511366
1.051007 0.559722
1.416739 -1.948276
2.103835 0.411183
-0.118428 -1.950291
0.731046 -0.723776
0.945709 0.330122
0.631920 1.459614
1.346593 -2.066571
2.220851 0.257002
1.520108 -0.422483
1.271994 0.442828
-0.598115 -0.560934
-0.105596 -1.875582
1.559601 -0.492044
1.059469 0.552917
0.969313 0.507637
0.625506 1.342012
0.330297 -0.188871
0.058816 -0.238696
1.123124 0.554159
1.154928 0.269863
1.913930 0.108201
1.543835 -0.523317
-0.304665 0.631619
0.303769 -0.239368
-0.482735 -0.668152
1.080071 0.312981
-0.658513 -0.686929
-0.288392 -1.639150
1.490010 -2.105541
-0.052804 -1.543880
1.572023 -0.330920
-0.261309 -1.792996
2.294760 0.458476
-0.047104 -1.868576
1.472864 -1.994648
-0.137569 0.517967
1.577398 -0.495321
-0.195347 -1.955606
0.687500 -1.170872
0.385052 0.092320
0.676045 1.495175
-0.503626 -0.456907
2.344742 0.410315
-0.069088 -1.794596
0.908663 -0.873908
2.087619 0.524642
1.350118 -1.925830
-0.778068 -0.574465
-0.262147 0.663154
1.322274 -0.285219
-0.282375 -1.768124
0.284384 -0.342545
-0.783372 -0.563066
0.946420 1.437832
0.119761 -1.924880
0.507657 -0.960452
-0.137312 -1.482736
0.297379 -0.096591
0.613689 1.422468
0.693618 -1.067358
-0.242966 -1.754355
2.044061 0.277249
-0.797988 -0.427809
1.461839 -0.524229
1.639522 -2.043195
-0.588932 -0.618211
1.436033 -0.534219
1.870992 0.531070
0.141567 -1.531319
0.962518 0.434869
1.537944 -2.063425
-0.680515 -0.400795
-0.131585 0.452600
1.197647 0.305672
0.579129 -1.170228
-0.266927 -1.771560
1.587505 -0.540496
2.289745 0.364203
1.433331 -0.562438
-0.327251 0.688482
-0.543075 -0.771579
1.246095 -1.977533
0.275501 -0.262093
0.854493 1.342501
0.005082 0.325113
2.057324 0.247845
0.540423 -0.984503
0.824518 -1.094191
1.590335 -2.116427
0.636370 1.371028
2.114489 0.585560
1.527282 -0.556613
1.370786 -2.013378
-0.364856 0.577502
2.248970 0.220202
0.690051 -1.166798
0.662858 1.317783
1.035311 0.539140
0.684878 1.317778
2.254515 0.307440
0.747165 -1.081986
1.050802 0.374101
-0.868953 -0.478993
-0.721987 -0.485292
0.484398 -1.026658
1.284186 -2.021380
-0.105425 0.630916
-0.415108 0.636122
-0.128376 -1.769956
-0.401367 0.653965
-0.269218 0.368927
0.054797 0.654495
-0.126435 -1.838905
-0.824167 -0.535037
-0.166899 -1.791958
1.329055 -2.126235
1.546008 -0.574703
0.639197 -1.032490
1.510140 -0.613777
2.050949 0.308300
1.520989 -2.036889
1.252761 -1.990071
-0.563853 -0.663720
