300 2
-1.332796 0.508698
-2.225666 0.033418
-0.299345 -1.017125
-0.259843 -0.762842
-1.038690 0.260958
-0.144285 -0.659076
-1.788533 0.743497
-1.113518 0.715166
-1.239893 -0.430743
-1.186298 -0.204786
-2.098336 -0.912531
-1.096780 -0.197620
-2.749395 0.066523
-1.756105 0.777570
-1.292036 -0.966190
-1.262410 -1.030404
-0.482233 -0.696527
-1.896175 0.683902
-2.668748 -0.124273
-0.832476 -0.206761
-0.286717 -0.685300
-0.170437 0.348853
-2.260004 -0.897742
-0.204576 -0.794573
-1.204110 -1.176092
-2.645478 0.071148
-1.973113 0.583421
-2.408965 0.015648
-2.632370 0.052856
-1.882446 -0.258112
-1.674207 -0.032182
-1.804070 -0.453267
-0.249513 -1.038534
-2.182745 -0.020453
-1.319342 0.309485
-2.657326 0.098519
-1.917101 -0.102425
-2.231117 0.073048
-2.330400 -1.030178
-2.131257 -1.046005
-0.877541 -0.460481
-1.750828 0.816359
-0.226176 0.384237
-1.035773 -1.219904
-1.597239 -0.188954
-1.120325 -0.581230
-1.029678 0.089990
-0.281673 0.449180
-0.301950 -0.740038
-0.141002 -1.144485
-2.412559 -1.045269
-0.348841 0.431574
-0.472796 0.364198
-1.759566 -0.512728
-1.253279 -1.248280
-0.153376 -0.944404
-0.216126 -1.030572
-1.128712 0.717277
-0.281340 -0.961095
-2.442194 0.168392
-0.136797 0.386932
-1.123706 -0.174029
-0.174881 0.437465
-0.201786 0.414755
-0.261121 -0.634598
-1.830894 0.703177
-2.493827 -1.039210
-1.234154 -0.248193
-1.070067 0.171564
-1.751563 0.008223
-1.908252 0.716443
-1.278095 -0.957401
-2.378200 -1.176373
-2.431947 0.146838
-2.596177 -0.219318
-1.698933 -0.323092
-2.373069 -1.085590
-2.050256 0.669544
-2.052984 0.505032
-0.022281 -0.975363
-0.169910 -0.876482
-0.986041 0.032390
-1.746404 -0.150376
-2.536887 0.055561
-1.182557 0.411286
-2.483137 -1.059267
-0.123641 -1.173081
-1.962759 0.733832
-2.785814 0.020938
0.010965 -0.815651
-2.054754 0.704972
-0.191209 -0.791726
-0.934161 -0.218944
-2.296612 0.205404
-0.205973 0.388768
-1.353492 -1.136399
-2.608593 0.050984
-1.140991 0.608277
-2.042945 0.851480
-2.476379 -1.229082
-2.528296 0.196754
-0.460410 -0.878698
-1.836180 0.835278
-1.812356 0.689048
-2.266229 0.671230
-0.287090 0.575793
-0.910082 -0.132274
-1.946594 0.659800
-1.741788 -0.386263
-1.886164 -0.265237
-1.176303 -0.541516
-2.297300 -1.193116
-2.481855 0.161127
-0.233384 0.350171
-1.653650 -0.222614
-2.224678 -1.212635
-0.989546 0.747194
-1.068463 -1.165264
-2.034592 0.439712
-2.040871 -0.414813
-0.408840 -0.824040
-1.059075 -0.978693
-1.612579 -0.826572
-1.156457 -0.346704
-0.187057 -0.657078
-1.044963 -0.169951
-0.092602 -0.828986
-1.771048 0.798260
-1.195685 -0.409691
-1.097180 0.057904
-1.777952 0.662548
-1.192311 0.581820
-1.919470 -0.304603
-0.285119 -0.765519
-1.142311 -0.233978
-1.173699 -0.493243
-0.815147 0.646124
-0.886347 0.600871
-0.255429 0.439671
-2.708194 0.026609
-2.423631 -1.040017
-2.311235 -0.955489
-0.218159 0.409429
-1.258725 0.693682
-2.012295 0.536413
-1.975474 -0.288287
-2.500710 -1.059291
-1.378087 -0.418060
-0.891790 -0.034839
-1.554096 -1.111062
-0.185270 0.399619
-0.084413 0.326152
-0.412484 -0.812127
-1.010882 -1.097239
-1.185535 -1.015747
-2.306839 -0.946269
-1.079828 -1.017161
-1.273752 -0.509309
-1.822893 -0.331362
-1.187153 -1.118877
-2.149368 0.627532
-2.601358 0.058994
-1.203711 -1.063095
-0.441766 -0.295702
-0.916107 0.044881
-1.228154 -1.221399
-0.121053 -0.588262
-1.909180 -0.168208
-1.973773 0.680475
-0.268252 -0.870212
-1.019381 0.588949
-1.311122 -0.954111
-1.348536 -0.917544
-1.770313 -0.168238
-1.047789 0.811177
-1.328607 -0.946226
-1.755325 0.542439
-0.056738 -0.802434
-1.975750 -0.385519
-1.645733 0.782289
-2.212910 -0.762141
-1.263468 -0.422219
-1.114384 -1.057562
-1.042754 0.476686
-2.590225 0.144014
-0.959637 0.619057
-1.669756 0.588522
-2.464145 -0.990204
-0.276087 0.422157
-0.921694 0.039935
-0.204770 -0.732308
-2.632029 -0.014445
-2.441497 -0.022913
-0.923499 0.692442
-2.107689 -0.898330
-1.318148 -0.793890
-1.741528 -0.099954
-1.242764 -1.065285
-1.949650 0.832054
-1.132594 0.290428
-0.797842 0.085570
-1.900915 -0.080377
-1.742051 -0.172040
-2.033160 0.643440
-1.737359 -0.414177
-0.842226 0.026419
-1.075009 0.524449
-0.886746 0.159223
-1.693160 -0.428458
-2.616592 0.103293
-0.482376 0.563654
-1.021937 0.134111
-1.125169 -1.191843
-0.418658 0.300473
-2.048989 0.635852
-1.412798 0.333706
-0.398122 -0.687876
-2.257690 -0.103706
-2.340040 -1.091925
-2.356704 -1.083966
-2.214675 -1.173117
-0.127581 -1.067255
-1.238329 -1.138097
-2.751025 -0.202321
-0.247126 0.313047
-2.033616 -0.996848
-1.786872 0.785836
-1.104374 0.666433
-1.912863 0.804167
-0.278815 -0.910046
-2.271704 -1.094516
-1.745223 -0.175920
-0.781263 0.417183
-2.244155 -0.708000
-2.450507 -1.077382
-1.760344 -0.278309
-2.652709 -0.077246
-0.973477 0.769925
-0.944297 0.068821
-0.843033 0.145805
-1.881927 -0.363466
-2.203480 -1.255097
-1.005853 -0.359814
-1.867365 -0.208642
-0.406353 0.387764
-0.858283 0.214275
-2.029683 0.808142
-1.338698 -1.029822
-1.827116 -0.193813
-0.051351 -0.859400
-1.767134 -0.276311
-0.185383 0.348599
-1.615712 -0.364040
-2.190211 0.769280
0.011521 -0.790279
-1.088043 0.851427
-2.297749 -1.168930
-1.743220 -0.186404
-2.041864 0.474789
-2.072047 -1.016664
-0.975804 0.792620
-0.271994 0.531644
-2.295245 -0.969123
-1.080548 0.686881
-0.074742 -0.673802
-1.258918 0.265737
-1.890430 0.769647
-1.276541 -1.058194
-0.985305 0.611526
-0.761809 0.123224
-2.294511 -0.960694
-0.977328 0.833196
-1.647942 0.833246
-0.432481 -0.760962
-1.813830 -0.211255
-0.865252 -0.071331
-1.893102 -0.366742
-2.365398 -1.158727
-0.104253 -0.893703
-1.636453 -0.086451
-0.242635 -0.943268
-2.260905 -1.066177
-1.816467 -0.024204
-1.133717 -1.244965
-2.715052 0.141493
-1.129463 0.713472
-1.071983 0.592747
-1.328495 -0.329860
-2.488780 -0.906987
-1.892756 0.825688
-0.288911 0.514967
-1.034110 -0.094392
-1.133673 -0.470885
-1.066158 -0.404654
-1.090034 -0.981263
-0.067730 -0.679892
-1.312275 -1.147286
-1.140636 -0.138960
-0.222251 -0.911043
-0.757485 -0.107379
