300 2
-0.843596 0.277320
0.173701 -0.409042
0.221269 1.542024
0.138881 1.662893
-0.618971 0.755977
0.153174 1.596963
-0.855878 -0.394484
-0.994431 0.332369
0.214693 0.471780
-0.139667 0.365177
0.841591 -0.478193
-0.429574 0.483487
-0.139297 -0.850954
-0.823233 -0.260428
0.610230 0.779083
0.305150 0.874533
0.102043 1.486106
-0.845135 -0.380820
0.047752 -1.122974
-0.025256 1.176879
0.299787 1.409783
-1.015306 1.336909
0.796919 -0.284776
0.200551 1.390147
0.597965 0.626845
0.016118 -1.059954
-0.743283 -0.335744
-0.033079 -0.846709
-0.102944 -0.988975
0.003806 -0.241646
-0.116775 -0.288863
0.217960 -0.113067
0.315938 1.486278
-0.061586 -0.594213
-0.664542 0.322380
-0.087669 -1.042093
-0.087130 -0.238930
-0.096276 -0.635086
1.155937 -0.727984
0.992303 -0.206402
0.206251 0.885664
-0.973894 -0.405868
-0.964668 1.402869
0.465680 0.665810
-0.049093 0.109569
0.215002 0.593595
-0.379985 0.791857
-0.977334 1.182774
-0.046939 1.569084
0.290410 1.746452
0.842511 -0.426072
-1.153097 1.151540
-1.042003 1.064253
0.235519 -0.095921
0.785711 0.611032
0.177015 1.900345
0.274519 1.709513
-1.031250 0.340098
0.093940 1.652281
-0.133412 -0.993582
-1.098402 1.333969
0.189512 0.661715
-1.151577 1.286657
-0.863337 1.397467
0.179486 1.972088
-0.980765 -0.555910
0.926247 -0.560873
-0.314385 0.256211
-0.447804 0.497020
-0.113842 -0.290387
-0.859850 -0.473280
0.466981 0.589227
0.915010 -0.529281
-0.207468 -0.767130
0.158589 -0.987084
0.190727 -0.117229
1.001919 -0.262076
-0.951844 -0.588831
-0.712939 -0.650490
0.347334 1.710206
0.354687 1.540715
-0.349952 0.470232
0.031626 -0.295671
-0.061648 -0.835230
-0.779826 0.371629
1.181409 -0.505232
0.227535 1.634509
-0.754322 -0.506423
-0.009555 -1.158745
0.138502 1.973408
-0.736450 -0.494041
0.177290 1.845211
-0.282185 0.742674
-0.238165 -0.758352
-0.956326 1.278521
0.697979 0.618355
0.086529 -0.966701
-1.063677 0.522814
-0.965195 -0.684073
1.188148 -0.341833
-0.180719 -1.079871
0.305555 1.491443
-0.918455 -0.326244
-0.867431 -0.499433
-0.698770 -0.663735
-1.140013 1.165618
-0.441260 0.640125
-0.864752 -0.335100
-0.172320 -0.176928
-0.079843 -0.411252
0.110190 0.428181
0.714275 -0.508673
-0.101250 -0.981986
-0.918079 1.242219
0.035083 0.087643
1.192295 -0.300929
-1.083162 0.446737
0.774706 0.848559
-0.408516 -0.311381
0.136213 -0.209054
0.110147 1.426749
0.404845 1.092507
0.591657 0.341993
0.032300 0.422583
0.243146 1.913003
-0.364215 0.633163
0.270778 1.826183
-0.876870 -0.244981
0.005192 0.517490
-0.270205 0.809997
-0.616294 -0.105273
-0.790562 0.200958
-0.002927 -0.210468
-0.008101 1.718539
-0.336631 0.415177
0.165347 0.670122
-1.143642 0.542246
-0.978764 0.326778
-1.123468 1.222808
-0.070902 -1.144911
1.036167 -0.536775
0.940731 -0.605238
-1.123708 1.308415
-1.055480 0.444546
-0.742858 -0.746585
-0.146895 -0.256078
1.065215 -0.359426
0.221845 0.414037
-0.417338 0.674238
0.638858 0.404340
-1.148696 1.236671
-1.154867 1.416547
0.236579 1.465962
0.569620 0.856998
0.569350 0.717668
0.755268 -0.672382
0.473274 0.833515
0.206284 0.476562
0.119015 -0.024934
0.713279 0.649026
-0.692417 -0.575779
0.017371 -1.001279
0.718093 0.735053
-0.339826 1.152873
-0.439621 0.717719
0.603722 0.703592
0.140187 1.748120
-0.223743 -0.240286
-0.829023 -0.497671
0.027597 1.450482
-1.046913 0.424041
0.652172 0.552529
0.599750 0.845119
0.037948 -0.027802
-1.045966 0.427923
0.648055 0.944952
-0.453160 -0.630278
0.093632 1.542512
-0.301931 -0.250982
-1.043583 -0.229269
0.942430 -0.337809
0.047222 0.700014
0.575133 0.798282
-0.874117 0.526373
-0.202524 -0.965746
-0.917242 0.603439
-0.739589 -0.282519
1.142936 -0.469821
-0.996178 1.306027
-0.297800 0.880549
0.136588 1.782587
0.081546 -1.016912
0.149456 -1.013867
-1.135919 0.504727
1.065359 -0.335761
0.355184 0.779940
-0.052282 -0.389505
0.466324 0.910539
-0.841325 -0.296734
-0.520997 0.772219
-0.543821 1.000144
-0.029155 -0.212504
0.063656 -0.064516
-0.645525 -0.524193
0.279603 0.048681
-0.418928 0.761644
-0.846562 0.430331
-0.591190 0.788520
0.077393 0.031021
0.056553 -0.885208
-1.043616 1.024808
-0.546261 0.769561
0.690839 0.918837
-0.942389 0.836107
-0.710841 -0.534651
-0.706875 0.241342
0.019325 1.614939
0.119766 -0.592949
1.106151 -0.470046
0.890972 -0.466236
1.137333 -0.189848
0.297291 1.689845
0.600306 0.631386
0.130581 -1.125069
-0.938742 1.267418
0.859589 -0.470049
-0.959899 -0.278078
-1.110620 0.485454
-0.972436 -0.437105
0.121897 1.731841
0.780921 -0.526892
0.157876 0.078069
-0.615126 0.714979
0.611404 -0.336133
1.084837 -0.601498
-0.040152 -0.197302
0.076840 -1.135966
-1.026193 0.410418
-0.502541 0.788436
-0.470037 0.842078
0.074245 -0.191368
0.865455 -0.153098
-0.080911 0.550672
-0.155368 -0.108521
-1.068867 1.296721
-0.451657 0.654067
-0.917127 -0.616062
0.766991 0.353220
-0.052061 -0.203512
-0.020525 1.843104
0.001783 -0.098568
-0.989348 1.399733
-0.049132 0.058757
-0.653258 -0.635555
0.049230 2.031689
-1.018191 0.428301
1.009899 -0.354508
-0.085721 -0.297607
-0.717117 -0.445143
0.981186 -0.299049
-1.085703 0.551142
-1.177054 1.216156
0.957367 -0.636069
-0.940043 0.580630
-0.040543 2.032854
-0.585290 0.276928
-0.836931 -0.568658
0.612747 0.688236
-0.960473 0.458566
-0.531337 0.753525
0.924171 -0.549474
-1.046640 0.432928
-0.946765 -0.141115
-0.060135 1.459125
-0.027039 0.029340
-0.135275 0.690462
0.080015 -0.160976
1.182738 -0.332184
0.077705 1.833470
-0.167152 -0.072851
0.046786 1.654440
0.959152 -0.253272
-0.061772 0.010011
0.804091 0.771035
0.054441 -1.063577
-1.285101 0.473258
-1.132336 0.468644
0.035188 0.263137
1.150592 -0.428205
-0.667930 -0.469531
-1.105559 1.126166
-0.049424 0.460278
-0.069282 0.562056
-0.231187 0.429578
0.387968 0.844423
0.233747 1.282772
0.589259 0.520782
-0.462135 0.402925
0.271907 1.473121
-0.373654 0.958726
