500 2
0.161482 -1.221096
0.046764 -0.050704
0.966394 2.099851
-0.315126 1.728663
0.456176 0.968700
0.866898 2.164172
1.300139 -0.481842
-0.335038 0.793184
-0.346229 0.620550
-0.010941 -1.078468
-1.532225 0.899636
-1.597010 0.915945
-0.129488 -1.266401
-0.397911 0.490998
0.109917 -0.186489
-0.397302 1.720817
0.035691 -0.000171
1.175444 -0.421165
0.315963 -0.091390
-0.518366 1.689950
-1.690551 0.728268
0.380965 1.100317
-1.192311 -0.276148
0.972389 2.199341
0.313890 1.132130
-0.602896 1.538458
1.087347 1.983577
0.930165 2.129615
-0.374947 0.473815
-1.132142 -0.265965
-0.399262 1.623728
0.264491 -0.041841
-1.052196 -0.239899
-0.862445 -0.537313
1.269327 0.657871
-0.727939 -0.541258
-0.499759 1.797174
-1.641644 0.777431
-0.015151 -1.203385
1.080960 -0.542808
-1.607959 0.797539
1.045992 1.972023
0.091712 -0.177554
1.370366 -0.553136
-0.397243 0.528526
-0.017910 -1.241539
1.057021 0.653042
0.388358 0.998117
-1.184791 -0.563064
0.979871 0.781618
-0.994989 -0.622499
1.277991 0.535553
0.455179 1.113633
0.366778 1.022442
0.294252 1.094556
-0.842889 -0.627408
-0.525580 0.687761
0.205096 -0.004625
-1.438633 0.835670
-0.338213 1.753003
-0.459127 0.453385
1.278131 0.779090
0.795794 2.163101
-1.410948 0.779921
-1.218459 -0.388062
-0.412852 1.952917
0.204173 -0.066666
1.010034 -0.144956
-0.882620 -0.444019
1.046167 -0.517383
1.364600 -0.354816
-1.460141 0.563825
-0.380896 1.816786
-1.237531 0.910694
1.238888 0.496181
-1.376014 0.936167
-0.846478 -0.646855
1.231599 0.704129
-0.975202 -0.261932
0.988993 1.986210
-0.035290 -1.177822
1.328888 -0.507850
0.244068 0.032202
-1.415466 0.617257
-0.491638 1.782701
-0.062402 -1.033398
1.178346 0.809754
1.036538 1.871203
0.132457 -0.026525
1.189671 -0.582248
0.071380 -0.094316
-1.437113 0.507984
-0.471957 1.636487
-0.450993 0.646548
-1.457406 0.707386
-1.041244 -0.481211
0.916585 2.205027
0.940653 0.523166
-0.346489 1.701769
-1.017323 -0.516162
-1.528046 0.617952
-0.993818 -0.300686
0.923491 2.014806
1.109801 2.046339
-1.569633 0.862144
0.930258 2.157416
1.224461 0.468113
0.881461 0.450990
1.296204 -0.399403
-0.513451 1.661148
1.118839 0.542772
1.258658 0.647722
1.092323 0.686805
-1.348942 0.562375
-1.531875 0.756683
0.916254 1.975052
0.989360 0.575425
0.154736 1.125881
-1.733596 0.755173
-0.473039 1.619185
-1.075397 -0.328900
-1.759380 0.742904
1.298564 -0.474677
0.487689 1.006450
0.082496 -1.099625
-0.074258 -1.129564
1.230824 -0.540038
0.904214 -0.582582
0.384916 1.056172
0.897768 2.209633
0.356219 0.998146
-1.035057 -0.404380
0.534444 1.096439
-0.785932 -0.331946
0.926784 1.870304
0.255255 0.863963
-0.574057 1.754150
0.054622 -0.053474
1.307804 -0.625013
-1.569934 0.835477
0.478823 1.092864
-0.248867 1.583008
0.948488 0.534758
-0.068373 -1.053040
0.420574 0.941859
-0.266105 0.188692
-0.071207 -0.044181
-1.044354 -0.610446
-0.421934 0.610512
1.132074 0.598352
0.843276 2.237588
0.827584 2.193209
0.488806 1.024882
-0.218232 1.948894
1.035527 1.757093
0.687139 2.106148
-1.341703 0.798701
1.287695 -0.519978
1.092707 -0.315429
0.352789 1.149485
0.131294 -1.024041
-1.057940 -0.527113
-0.435272 0.609688
1.155661 0.696157
-0.864154 -0.523206
1.195539 -0.629802
-0.825240 -0.273458
-0.532679 0.386444
0.234148 0.945275
-0.873558 -0.405788
1.217098 0.439090
1.155063 -0.443762
-0.134313 -1.025090
-1.503224 0.642641
-1.656523 0.845274
0.888841 2.141243
0.053474 -1.236298
-0.384837 0.296678
-1.434855 0.967348
-1.401894 0.513175
-1.442253 0.943727
1.057250 0.777243
-0.954934 -0.485657
-0.462445 0.637669
1.182081 0.811888
-0.972814 -0.544554
-0.460785 0.720569
-0.014581 -1.115596
-0.021056 -1.287009
-0.486343 1.573458
-1.662316 0.688716
0.059350 -1.228442
1.236146 -0.574898
1.177890 0.586511
0.174771 -1.110867
0.103971 -1.120224
-0.358505 1.823641
-0.307019 0.466532
0.090058 -1.265106
-0.009573 0.198466
0.083612 -0.171571
0.985142 -0.368927
-0.437087 0.757118
1.369625 -0.574552
-0.634081 1.820937
-0.013257 -0.127224
-1.090789 -0.434887
0.971663 2.031659
0.288419 -0.120008
0.228380 0.726822
-1.512541 0.881879
1.169422 0.489003
-0.887080 -0.422163
0.823672 2.055763
-0.040740 0.060722
-0.005423 0.040846
-1.026425 -0.369241
-0.393654 0.580136
0.015907 -1.226395
-0.446330 1.564169
0.451155 0.968090
1.416064 -0.417810
0.079917 -1.084446
0.213895 -0.173019
-1.424532 0.470426
1.247836 -0.434514
0.086267 -1.099374
-0.335642 1.816286
-0.513240 1.820089
1.296519 0.755361
-0.484509 1.830364
1.071719 0.599087
-0.270819 1.815315
-0.287032 0.453356
0.180903 -0.038770
0.826190 1.827726
-0.372859 0.625668
1.367224 -0.355727
0.708479 1.898655
0.182646 0.893580
1.100867 -0.677496
-0.975659 -0.612728
0.313512 1.127530
-0.759946 -0.310705
0.780595 2.080910
0.747331 2.151676
-1.135491 -0.457471
-0.853960 -0.252755
-0.925694 -0.360088
1.531065 -0.594494
0.160160 -0.153111
-0.545771 1.748636
1.157342 0.545401
-1.192399 0.544017
-0.255485 0.465516
1.241903 -0.681407
0.281615 1.078016
1.211910 -0.592404
-0.370967 1.729371
0.404029 1.074098
-1.067823 -0.422374
0.951585 0.688820
-0.486933 0.357549
0.494364 0.821270
0.131941 -1.039678
0.274355 1.074400
1.307288 -0.355048
1.112419 0.543046
0.459195 1.051906
-0.954938 -0.185993
0.119260 1.177122
-0.064854 -1.209101
-0.096497 -1.067654
0.043852 -0.397741
-0.600055 1.647961
-1.411352 0.934431
1.246177 0.607327
0.337728 -0.191599
-0.000335 -1.226234
0.207625 -1.131933
-0.073289 -1.211847
1.018719 -0.598626
1.092124 -0.495166
1.377834 -0.588506
0.362847 0.991581
-0.500758 0.493402
0.217506 -0.025092
-1.389266 0.787110
1.063019 -0.575784
0.109947 -0.118298
1.002907 2.033231
0.118685 -0.126816
-0.999599 -0.514731
-0.448307 0.649356
0.057718 -0.992397
-0.510296 0.473103
-0.393154 1.968298
-0.349304 1.727613
0.161370 -0.041426
-1.029289 -0.331252
1.204224 -0.369090
-1.052650 -0.626650
-0.290187 1.693467
0.221203 1.134956
0.185887 -0.015867
1.013213 2.134149
0.407073 1.036327
-0.523811 1.804827
1.179776 0.799320
1.099193 0.801792
-0.499238 1.972672
-0.286108 0.650799
-0.346446 0.666043
-1.411157 0.827347
-1.142957 -0.411956
0.925135 2.183177
-0.529707 0.571835
0.120519 -1.173365
0.058038 -1.119281
-0.425486 1.846102
-0.431906 1.883087
1.339642 -0.326600
0.029006 -1.053550
-0.887758 -0.474838
0.137863 -0.175319
0.081293 -1.187966
-1.176311 -0.430319
0.379810 0.845412
1.282109 -0.588408
-0.958197 -0.304552
-0.436223 1.628733
1.403812 -0.407484
-0.344403 0.405928
-0.080072 -1.215403
1.142082 0.533962
0.208963 0.980511
-1.390160 0.630279
0.072858 -1.150578
1.185051 0.765593
1.299235 -0.609320
1.314669 -0.579938
0.050485 -0.297133
0.940566 1.848625
-0.459089 0.563567
1.158774 -0.597887
-0.198743 1.690805
0.038503 -0.070133
0.167354 -0.052608
1.186305 0.525472
1.072422 0.414820
0.947001 1.987406
-0.480448 0.556520
0.339893 0.738698
-0.577640 1.774305
-0.386516 1.927744
1.149647 -0.686124
-1.470456 0.969100
0.119418 1.094064
1.217492 0.459792
-1.592972 0.880072
-1.523104 0.687931
1.089892 0.448716
-1.329970 0.853139
-0.420386 1.595209
0.040653 -1.044353
0.824523 1.902810
-0.254022 0.466265
1.260283 0.804528
1.377178 -0.403444
-0.414137 1.858625
-1.601808 0.855512
0.015385 -0.187291
1.263073 -0.568640
-1.334926 0.927686
-1.667404 0.757670
0.083638 -1.207259
1.082218 0.724340
0.915653 1.955695
1.217053 -0.428694
-1.396779 0.795802
-0.777738 -0.445109
1.024787 0.687590
0.023410 -1.155159
0.970959 2.125567
1.315883 -0.396468
0.150044 -0.074287
1.294016 0.664034
-0.319917 1.716432
-1.406212 0.619071
0.196343 -0.049217
1.253860 0.455185
1.092708 0.678995
-0.051674 -1.237296
-0.453678 0.501052
-0.453988 0.652715
1.247210 0.789596
1.116563 0.694475
0.964938 -0.368814
-0.053540 0.028277
0.326108 0.953286
-0.666509 0.679613
-0.560393 1.576654
0.899310 0.647691
-0.590554 1.691138
-1.418582 0.672264
0.869256 2.149061
-1.299499 0.635000
0.275982 -0.232723
-1.318798 0.962384
1.451561 -0.528225
-1.369250 0.712020
0.900062 2.232933
0.250926 1.017530
0.155629 -0.278820
-1.417331 0.744487
-0.903841 -0.397190
-0.278136 0.328915
-0.015149 -1.049689
-0.261122 1.769891
1.478050 -0.498569
-1.441721 0.812029
-1.026490 -0.268857
1.055264 -0.652618
0.909351 1.892688
-0.453998 1.700743
0.277710 0.886952
0.160678 0.043471
-1.302345 0.634286
-0.578447 0.626762
-0.340778 1.821386
0.163495 -1.246996
-1.469517 0.696938
-1.118393 -0.472616
-1.322639 0.880475
-0.379691 0.676499
0.169284 -1.165042
-1.121429 -0.358412
-1.330800 0.833562
1.093029 -0.315665
-0.335520 1.811602
0.253232 -0.103577
1.073638 2.095751
-0.289238 1.734470
0.087521 0.022703
0.949122 -0.482428
-1.361462 0.609886
0.910697 0.738127
0.983111 1.993321
-0.369244 1.921493
0.254921 0.842521
1.218295 0.611372
-1.107582 -0.330048
-1.432227 0.907237
0.155668 -0.177226
1.366647 -0.617696
0.068316 0.002400
0.257210 1.165562
-0.612350 1.802050
0.734115 2.241195
-0.356262 0.566042
0.264222 -1.051327
0.436759 0.862786
1.033642 -0.577381
-1.079155 -0.499534
-1.090696 -0.224351
1.063923 2.108247
0.011000 -1.298240
1.130366 -0.574791
0.081315 -0.208582
0.982825 2.062235
0.012708 0.986951
1.294639 -0.447716
-0.870025 -0.526915
-0.119579 -1.094064
1.091121 0.667286
-0.095143 -1.074862
1.404885 -0.525299
-0.746525 -0.363503
1.076691 0.615000
-0.381484 1.813892
-0.455385 1.838320
-0.902686 -0.424425
0.839408 1.947912
0.313176 0.856447
0.186579 1.068088
-1.565807 0.790300
0.228558 1.074909
0.312987 0.984338
0.398524 0.817705
-1.589945 0.704978
-0.375811 1.740712
-1.457127 1.028092
0.931617 2.123081
0.045541 -0.234519
-1.158466 -0.406016
0.165386 -0.015356
1.240831 -0.353520
1.096450 2.035694
0.827803 2.202067
-0.477843 1.735675
