500 2
0.939572 2.453690
1.368430 1.097198
-0.762083 -0.082345
0.888541 -0.179519
1.927147 2.157094
-0.671932 -0.011314
2.602234 1.225060
0.805423 1.791170
0.843738 1.669199
0.847431 2.657629
-0.426518 1.947562
-0.388113 1.717107
0.828950 2.730841
0.819228 1.739434
1.247726 0.974142
0.815924 -0.149644
1.175580 0.976408
2.463898 0.983051
1.372021 0.862410
0.745810 -0.100295
-0.489852 1.740203
1.930313 2.127923
0.228934 1.016906
-0.605335 -0.275902
1.866291 2.065837
0.642179 -0.230392
-0.570922 -0.303802
-0.787012 -0.295595
0.897857 1.790806
0.144066 0.823914
0.763596 -0.166038
1.191720 0.880691
0.283464 1.061784
0.298293 0.903952
1.879564 0.351734
0.474422 0.946647
0.773422 -0.198731
-0.429080 1.562777
0.967466 2.620533
2.543871 1.201948
-0.275841 1.918502
-0.633991 -0.143911
1.193202 1.004434
2.593195 1.104414
0.887524 1.808189
0.932950 2.680327
1.727052 0.304599
1.724176 2.048296
0.140585 1.025095
1.735242 0.110091
0.283366 0.801825
1.961246 0.088822
1.802438 2.069498
1.758446 1.956844
1.710517 1.987593
0.463737 0.825171
0.674587 1.721553
1.306521 0.837395
-0.319609 1.830380
0.743639 -0.217349
0.736620 1.621601
1.840884 0.000959
-0.545435 -0.261265
-0.323823 1.580218
0.175518 0.844010
0.803398 -0.412001
1.214899 0.880149
2.348720 1.199714
0.330985 1.030574
2.419657 1.136958
2.716550 1.012272
-0.242713 1.705530
0.821519 -0.339670
-0.202159 1.820904
1.901253 0.172578
-0.527912 1.713798
0.424292 0.897178
2.021806 0.167925
0.166968 0.962887
-0.572562 -0.271031
0.991105 2.590596
2.607022 0.927123
1.094813 0.784651
-0.198169 1.676214
0.741343 -0.249871
1.076241 2.544623
1.829491 0.169575
-0.518817 -0.220791
1.366493 1.050740
2.447035 1.227612
1.180764 1.017808
-0.273722 1.609616
0.648128 -0.378881
0.884074 1.865237
-0.360484 1.762263
0.281066 0.941515
-0.601370 -0.101667
1.741266 0.406856
0.617083 -0.048249
0.243843 0.744812
-0.328248 1.715528
0.228618 0.778445
-0.614187 0.023822
-0.440609 -0.272013
-0.359184 1.875904
-0.644195 -0.098824
2.110341 0.293404
1.800793 0.291559
2.592402 0.917476
0.796153 -0.431207
1.900774 0.355186
2.013791 0.024066
1.848845 0.231864
-0.237664 1.626768
-0.531298 1.846968
-0.528168 -0.211326
1.866851 0.290026
1.635106 2.049934
-0.523153 1.757662
0.551834 -0.215444
0.106307 0.838860
-0.553126 1.711419
2.564311 0.945670
1.809302 2.025282
0.961547 2.791144
1.052058 2.637283
2.535750 1.219766
2.355036 1.200034
1.756481 1.887116
-0.637058 -0.290539
1.877497 1.954810
0.331023 0.897079
1.605631 2.047199
0.339020 0.873536
-0.551089 -0.267026
1.935015 1.733372
0.788994 -0.230260
1.113472 0.726875
2.619422 0.981375
-0.329326 1.792571
1.912267 2.058768
0.848351 -0.068148
1.622952 0.250650
1.069697 2.576945
1.804137 2.127884
0.902033 1.328702
1.027656 1.013118
0.275393 0.825235
0.789010 1.796726
1.759083 0.251359
-0.691296 -0.221486
-0.662638 -0.145915
1.859804 2.154296
0.518038 -0.094944
-0.339350 -0.294890
-0.708426 0.068682
-0.335055 1.853063
2.663097 1.029164
2.284209 1.006108
1.864321 1.996033
0.917869 2.763213
0.193569 0.900089
0.792534 1.659650
1.712211 0.171964
0.325296 0.707615
2.596042 1.108263
0.386465 0.869724
0.666936 1.593614
1.860945 1.869448
0.431553 0.642159
2.012434 0.211041
2.422493 1.090843
0.890623 2.516917
-0.350519 1.547791
-0.399446 1.782109
-0.630818 -0.015193
0.934421 2.580129
0.931293 1.424786
-0.502744 1.444083
-0.140208 1.798815
-0.363630 1.636016
1.918472 0.303174
0.316647 0.988958
0.781491 1.770451
1.756681 0.185224
0.193671 0.993366
0.658894 1.539502
1.039732 2.646224
0.765280 2.728079
0.699824 -0.141753
-0.479755 1.882688
0.784124 2.670726
2.576848 1.102854
1.914214 0.058665
1.026460 2.719296
0.983821 2.755533
0.719335 -0.211859
0.846199 1.847485
0.790700 2.631925
1.175068 0.906057
1.339026 0.906104
2.323631 1.164024
0.818557 1.652449
2.378865 0.925890
0.548826 -0.346798
1.196731 0.937440
0.493182 0.757468
-0.728985 -0.215086
1.352955 0.965276
1.635141 1.799525
-0.505711 1.537588
1.880739 0.218139
0.321211 0.783983
-0.627050 -0.127092
1.323164 1.070154
1.204989 1.197333
0.208160 0.741974
0.778340 1.865288
0.952078 2.777833
0.748761 0.008389
1.775926 1.891771
2.753459 1.028107
0.943956 2.587368
1.373582 0.971746
-0.552732 1.674450
2.502594 1.108890
0.983522 2.528408
0.869137 -0.164678
0.619216 -0.257467
1.916803 0.240634
0.783234 -0.474035
1.871340 0.240493
0.863807 -0.046204
0.855599 1.563816
1.391045 0.998081
-0.566593 -0.109524
0.711272 1.787210
2.434581 1.182461
-0.480019 0.006630
1.678598 1.888609
2.240535 0.928099
0.473915 0.926956
1.779819 2.119243
0.247801 1.074941
-0.586625 -0.033526
-0.717575 -0.131906
0.203426 0.822934
0.305774 0.663861
0.410089 0.726583
2.711233 1.038174
1.277582 0.959230
0.755024 -0.142702
1.983845 0.298653
-0.091191 1.826842
0.904978 1.693251
2.433345 1.082014
1.934033 2.101948
2.459097 1.081516
0.773822 -0.298552
1.751465 2.081433
0.206561 0.871860
1.741457 0.350124
0.810007 1.557605
1.936078 1.946157
1.104835 2.868347
1.765872 2.087272
2.559462 1.146593
1.850942 0.346954
1.854097 2.119880
0.310025 0.863984
1.870460 1.859590
0.873130 2.701873
0.986014 2.520582
1.232959 1.263557
0.720309 0.167325
-0.284241 1.785814
1.926312 0.136163
1.540387 0.973183
0.753088 2.607160
1.026824 2.483002
0.776497 2.790919
2.246922 1.005074
2.432011 0.986254
2.626851 1.018962
1.978268 2.101890
0.757158 1.692933
1.464232 0.792840
-0.340118 1.666748
2.315974 1.086572
1.326517 0.943302
-0.587209 -0.272291
1.122653 0.930280
0.349945 0.955351
0.739317 1.704155
0.928375 2.577598
0.750788 1.636653
0.893581 -0.142784
0.844882 -0.175249
1.029369 0.722626
0.110978 0.771318
2.330893 0.837682
0.408858 0.796782
0.584359 -0.170355
1.684611 2.061002
1.051504 0.741574
-0.495194 -0.109423
1.899377 2.167487
0.710634 -0.378389
1.867624 0.120419
1.613568 -0.003423
0.667027 -0.114152
0.847453 1.826560
0.809427 1.749746
-0.464702 1.645588
0.088403 0.855821
-0.662431 -0.164002
0.637729 1.739874
0.888575 2.728244
0.991327 2.607583
0.739766 -0.357342
0.868146 -0.214885
2.587628 0.933019
1.053800 2.580029
0.342573 0.691342
1.237915 1.001194
0.978323 2.544412
0.314906 0.725448
1.910745 1.970340
2.565436 1.162101
0.174023 0.854840
0.659013 -0.128726
2.648770 1.093802
0.853604 1.652185
0.903409 2.540537
1.934462 0.202508
1.772168 2.149602
-0.241323 1.694968
1.044895 2.414299
1.960662 0.176967
2.562845 1.041476
2.485966 0.842709
1.291608 1.314336
-0.381762 0.003979
0.832888 1.710043
2.469284 0.921930
0.630105 -0.092283
1.302661 1.110199
1.220677 0.890717
1.925255 0.251588
1.773389 0.123014
-0.529987 -0.167087
0.691837 1.662955
1.781004 1.800704
0.711066 -0.040695
0.886925 -0.130341
2.435107 1.191302
-0.315733 1.530764
1.954868 1.988530
1.887081 0.337771
-0.531999 1.666706
-0.445279 1.668037
1.740974 0.353631
-0.431481 1.640229
0.754811 -0.128395
0.976314 2.728333
-0.538102 -0.088407
0.875591 1.470953
1.988093 0.213125
2.567216 0.931150
0.733364 -0.433473
-0.548777 1.597404
1.191327 1.142893
2.702215 1.041684
-0.509264 1.842170
-0.547498 1.694779
1.015136 2.657413
1.906940 0.143053
-0.616249 -0.062003
2.483587 1.192055
-0.358547 1.743279
0.520142 0.852232
1.727232 0.102058
0.947941 2.600849
-0.641570 -0.028889
2.454175 1.008345
1.334151 0.985992
1.905967 0.067856
0.651402 -0.262241
-0.296731 1.552598
1.270542 0.782579
1.946939 0.062035
1.734604 0.350983
0.887023 2.690295
0.862505 1.707346
0.809296 1.751585
2.048061 0.128401
1.983076 0.289380
2.295624 1.083155
1.196001 1.169397
1.936722 2.122043
0.687578 1.704320
0.600652 -0.025649
1.797216 0.266599
0.499269 -0.233175
-0.469467 1.713371
-0.564511 -0.082939
-0.146801 1.689396
1.468824 1.222006
-0.337670 1.686066
2.640069 0.892586
-0.424527 1.617104
-0.757718 -0.259851
1.915764 1.931319
1.374798 1.003851
-0.317435 1.867858
0.365033 1.088748
0.933799 1.899734
0.962050 2.688152
0.895429 -0.099231
2.532118 1.204648
-0.278022 1.797579
0.351479 0.865694
2.473574 1.291693
-0.472792 -0.026378
0.649641 -0.383953
1.809317 2.079473
1.306153 0.963489
-0.171878 1.766502
0.795452 1.813067
0.621223 -0.324391
0.995174 2.510179
-0.323985 1.579123
0.091558 0.919831
-0.165023 1.762340
0.824416 1.742266
0.868483 2.497234
0.151654 0.998086
-0.427935 1.805094
2.309053 1.164377
0.793887 -0.166785
1.313385 1.050721
-0.537066 -0.344780
0.657293 -0.197288
1.200833 1.013632
2.414398 1.262659
-0.122594 1.765480
1.680274 0.375932
-0.508323 -0.256455
0.897597 -0.265216
1.814122 2.093703
1.970934 0.017127
0.003168 0.916523
-0.353811 1.837167
1.245270 0.844397
2.533068 1.078416
1.221223 1.124702
1.776888 2.034446
0.612738 -0.286778
-0.566870 -0.042890
0.892431 1.634313
1.087475 2.653381
1.538734 1.880173
2.274316 1.057272
0.122034 0.926329
0.059980 0.893943
-0.576128 -0.310556
0.899970 2.635147
2.534021 1.234807
1.322227 1.056207
-0.533746 -0.084096
1.910020 2.101177
2.504861 1.146131
0.346016 0.909802
0.927486 2.556853
1.671931 0.270556
0.871200 2.722213
2.594037 1.007572
0.402781 0.989741
2.011632 0.196090
0.668361 -0.475295
0.670369 -0.313763
0.365562 0.910051
-0.720750 -0.187222
1.754908 1.793507
1.839387 2.125404
-0.608537 1.740141
1.965715 2.037167
1.978595 1.870308
1.890635 1.818564
-0.441286 1.799504
0.598140 -0.107782
-0.454757 1.649324
-0.580303 -0.259559
1.369774 1.103495
0.192583 0.891623
1.256075 0.915871
2.478877 1.110863
-0.488509 -0.203140
-0.488059 -0.162216
0.548465 -0.111272
