1000 2
1.088092 -0.013248
0.947164 -1.245666
1.066278 0.066049
0.710046 1.340266
1.111477 0.303405
0.859527 0.208290
0.385340 1.497427
2.109154 0.608855
0.058265 -0.397141
0.832486 -1.176491
0.913003 -1.153459
-0.525286 0.653976
2.139810 0.513914
1.142617 0.246948
2.000847 0.589658
0.801874 -1.342570
-1.774779 -0.092210
0.965312 0.220302
-1.718990 -0.041762
-0.386843 0.616492
-0.311447 0.478398
0.401486 2.768586
-1.201180 1.590417
0.720765 -1.245417
-1.736622 -0.198738
0.010716 -0.296885
-0.749236 -1.111984
-1.532175 0.015699
-0.594389 0.512263
0.796295 -1.034183
-0.198527 -0.273576
-1.191654 1.524754
0.242980 -0.408676
-1.228502 1.358764
-0.643009 0.744909
0.178982 2.727957
0.949371 0.037997
-0.521281 0.513443
0.741942 1.260919
-0.720177 -1.411088
0.047818 -0.481309
-1.305790 1.710682
0.808777 -1.085956
0.614543 1.409213
0.823343 -1.317271
-1.673318 -0.091664
0.077552 2.682166
1.974128 0.702230
0.817094 -1.155422
-0.555998 0.715758
0.495849 1.395112
-0.141225 -0.251359
0.752116 1.339964
-1.858858 -0.030171
-1.616729 -0.089685
-1.221951 1.424925
0.743306 -1.296252
0.521968 1.408135
2.075983 0.526900
-1.440910 1.763765
0.135568 -0.477348
-1.780220 0.179810
-0.329687 0.746299
-0.346196 0.582316
0.316474 2.607942
0.129044 -0.389328
0.555602 1.379619
0.781945 1.450633
-0.655218 -1.307985
-1.778728 0.003792
0.595164 1.481206
-0.631341 -1.225418
0.679435 1.325917
-0.497262 -1.310305
-1.285100 1.551058
-0.509582 0.699064
-1.756601 0.033481
-0.441102 0.568555
0.883928 -1.174375
-0.310278 0.684039
0.839711 -1.291139
-0.051043 -0.149772
-0.423693 0.714821
-1.421571 1.711252
-1.265916 1.673108
0.246383 2.841529
-0.047186 -0.391405
-0.760715 -1.239263
0.460874 1.479462
0.625280 1.470514
-0.329981 0.760337
-0.469065 0.516323
0.642934 -1.181853
0.657048 -1.139589
0.406349 2.607853
-1.640466 0.219095
0.928179 0.252431
0.719690 1.446240
-0.522306 0.633233
-0.263994 0.739036
0.265838 2.496475
0.158206 2.610293
-0.384775 0.740322
-0.876619 -1.261142
-0.163254 -0.363051
0.949529 0.143161
1.123717 0.063830
-1.081595 1.594989
0.787790 1.448060
1.015472 0.154655
-0.505472 0.798661
1.082081 0.240275
0.727966 -1.276818
0.581289 1.494929
0.878947 -1.330418
2.126947 0.412116
-0.330143 0.572704
0.946264 0.165468
0.359520 2.591042
-1.411572 -0.063643
0.392788 2.840281
-1.647622 0.024169
-0.655340 -1.121041
0.613662 -1.167480
0.787793 -1.262753
-0.553152 -1.346256
0.241867 2.623235
0.275214 2.620419
-0.890424 -1.300957
0.258272 2.639687
0.872369 -1.140274
-1.611029 0.069616
-1.210134 1.706852
1.044753 0.290076
-0.556818 -1.197089
0.970584 0.224662
-1.264470 1.444417
0.550223 1.344053
0.290799 2.692388
0.861408 0.145375
1.019827 0.005132
-1.753307 -0.104149
2.060705 0.489093
-1.486439 -0.007777
-0.516246 0.731162
-1.196566 1.577966
1.000618 0.250757
0.052658 -0.546780
0.519579 1.585042
1.031732 0.098348
-0.012771 -0.507377
2.102058 0.496914
-0.331476 0.641069
2.067997 0.599872
0.392832 2.688058
-0.532818 0.776471
0.859283 1.399886
-1.255391 1.433037
0.676277 -1.426798
-0.573614 -1.355369
0.876043 -1.202887
-0.619154 0.621863
-1.532467 0.082889
2.205595 0.702942
-0.658690 -1.252885
0.114390 2.908794
-1.641967 0.107848
-0.573628 -1.330468
-0.210840 -0.369848
2.189038 0.614329
-0.319824 0.393007
-0.622581 -1.123524
2.042794 0.555789
-0.508106 -1.316475
0.974450 -1.247324
-0.067790 -0.321838
0.549183 -1.295445
-0.425726 0.526036
0.346644 2.609540
2.094284 0.360809
1.012054 0.096970
0.944712 0.270357
-0.613777 -1.312936
-1.427179 1.575221
-1.685693 0.076505
-0.320105 0.603985
0.343141 2.809562
0.618768 -1.089134
-0.746082 -1.287725
0.846567 0.125773
0.451151 2.623539
-0.140803 -0.358154
0.042033 -0.444563
0.455023 1.254096
0.620292 1.385897
0.246392 2.577688
2.368517 0.691640
-0.747786 -1.275992
2.181217 0.458738
0.677939 0.161212
-1.342876 1.652881
0.687579 -1.319369
-1.398634 1.747487
-0.815150 -1.149352
0.901426 0.254002
1.013388 0.187214
-1.197236 1.636724
-1.208551 1.785067
-0.554064 -1.259679
-1.400877 1.595455
0.185566 2.866036
-1.185374 1.621333
0.457935 1.337795
0.616489 1.439479
-0.477820 0.822397
-0.064916 -0.354919
-1.733241 -0.053799
2.258009 0.577269
-1.296577 1.647707
-1.145473 1.432855
0.761473 -1.302934
-0.714043 -1.236465
2.111013 0.691640
1.937561 0.427031
2.154418 0.674599
-1.782991 0.041862
-1.805918 0.182129
-0.760232 -1.205330
0.712274 -1.213425
0.433355 2.807560
0.109425 2.677178
0.300491 2.701122
0.135304 2.662367
-0.070058 -0.262530
0.951233 0.252236
-0.786502 -1.098786
2.044608 0.494986
-1.269915 1.736131
1.067688 0.089767
-0.037497 -0.263180
1.214223 0.179580
-1.191175 1.689258
-0.820177 -1.294299
0.648650 -1.157400
0.822051 0.252772
-0.636935 0.521668
-1.334855 1.667664
0.097040 2.745971
-0.668526 -1.361204
0.808027 -1.401519
0.776927 -1.187397
-0.248436 -0.432705
-0.657101 0.566893
1.151564 0.065301
1.074777 0.108166
0.931592 -1.110184
0.162732 2.786818
0.519806 -0.067726
2.109715 0.720469
-1.550265 -0.175383
0.987190 0.190023
0.931080 0.014018
0.983103 0.106429
-0.002550 -0.111177
0.748878 1.287993
0.736335 -1.074595
-1.559855 -0.108160
1.076418 0.124601
0.381458 2.763353
0.769797 -1.024015
0.817252 -1.335635
-0.084171 -0.335443
-0.137793 -0.321959
0.651627 -1.422436
-0.402654 0.733561
-0.590241 -1.055858
-1.194783 1.403940
0.000385 -0.282085
-0.692594 -1.290798
-0.369726 0.608803
-1.692549 -0.012760
0.834855 -1.380274
1.221216 0.134043
-0.586468 -1.066248
2.202614 0.571096
1.008063 0.170523
-1.730268 -0.081328
0.969228 0.248648
0.181479 2.823026
2.154572 0.580929
0.353565 2.924332
2.262574 0.658128
0.763545 -1.111567
-1.672911 0.020842
0.804741 -1.313472
-1.251532 1.620619
0.222372 2.761560
-0.771066 -1.301711
0.616505 1.544950
0.776878 1.271948
-1.366712 1.488642
2.206795 0.642326
-1.769540 0.001807
-1.660548 0.142574
1.933581 0.497346
0.913365 0.248203
1.171592 0.295323
-0.092878 -0.216949
-0.614003 -1.075840
-0.539896 0.829712
0.591231 -1.207777
-0.371721 0.630331
0.137230 2.668200
0.200085 2.570881
0.717790 1.164309
-0.538977 0.686644
-0.790421 -1.314571
0.735796 -1.286477
2.292366 0.509348
0.826152 0.213628
-1.727670 -0.108110
-0.335551 0.682958
-0.548953 -1.008471
2.089900 0.469015
2.296556 0.419313
0.889444 0.005762
2.050946 0.546598
0.263019 2.676559
2.167088 0.636722
0.250922 2.903007
2.092922 0.580356
0.774333 -1.116914
1.073075 0.206891
2.119905 0.726689
-0.430070 0.703528
-0.659049 -1.310327
0.816298 1.354422
-1.718786 0.260774
0.100774 2.659736
2.162625 0.690134
0.511097 1.399256
0.840601 -1.203367
1.002858 0.077846
-0.137672 -0.438501
-0.348107 0.594846
0.006465 -0.486192
-1.707269 0.232503
0.286795 2.575893
-0.051730 -0.372442
-1.147304 1.559652
0.329734 2.926272
-0.712933 -1.023642
-1.741247 -0.029659
1.035248 -0.014526
0.600193 1.158405
0.166110 2.907706
-1.173400 1.610751
-0.093149 -0.329759
0.694779 1.245889
0.452814 1.626227
-1.622698 -0.171014
-1.758664 0.162475
-0.543989 0.523936
0.617767 -1.138589
2.136264 0.453120
1.105123 0.315941
-0.500717 -1.106074
-0.666715 -1.248654
-0.580152 -1.305867
-0.631434 -1.418993
0.586787 1.364795
-0.029683 -0.300170
-0.448579 0.569195
0.327716 2.851477
0.513264 1.461421
0.134165 -0.403578
0.926896 0.141655
0.254004 2.786804
-1.048207 1.642101
0.407820 1.378141
-1.573139 0.166015
1.899177 0.544925
0.961328 0.107987
-1.325893 1.501399
-0.736105 -1.289183
0.580801 1.262203
-1.253067 1.602215
-0.023689 -0.467305
-0.718844 -1.313298
-0.012448 -0.413898
2.239705 0.513005
-0.471670 0.530843
1.037188 0.176391
-1.751228 0.123806
0.555816 -1.268872
1.100428 0.314111
-1.769291 -0.075049
0.465171 1.213036
-0.231151 0.719332
-0.175215 -0.447937
0.961003 0.116018
0.273997 2.747482
-1.658240 0.047399
2.053282 0.365788
-1.004592 1.525560
-1.883819 -0.027527
0.621730 -1.367862
2.306662 0.722174
-0.139327 -0.016785
-0.384554 0.725803
0.693466 1.464307
-0.370459 0.766447
0.788586 1.338115
1.980913 0.414939
0.665959 1.410428
0.376711 2.621071
-1.753309 0.100354
-1.110634 1.705503
0.471787 2.703534
-1.262904 1.616058
-0.607206 0.818050
-0.674761 -1.155458
0.641348 1.196998
0.344861 2.621792
-1.517774 -0.034259
0.674604 -1.255210
1.019364 0.352936
-1.390558 1.742737
-1.852425 -0.138026
-1.310049 1.653026
-0.627699 -1.151645
-0.494126 0.757173
-1.695760 -0.020132
2.136931 0.504570
-0.343430 0.638723
0.813520 -1.132024
1.124653 0.147819
-0.545346 0.722605
0.068762 -0.322276
2.029451 0.424819
0.736298 -1.382228
0.949732 -1.147607
2.334827 0.458532
2.184570 0.375138
0.527490 1.466120
-0.726172 -1.236418
0.707553 -1.411399
-1.735901 0.040976
0.165767 2.525275
-1.432766 1.563991
-1.110152 1.419417
0.647468 1.311895
-1.172171 1.588940
-1.533123 -0.148398
2.111360 0.518871
0.262323 2.656207
0.456336 1.226813
0.831741 -1.247210
-0.399145 0.688459
-1.774503 -0.066957
1.896993 0.564494
-1.336931 1.532484
-1.212789 1.688926
-1.604994 0.134165
-0.281542 0.591724
-1.484169 0.095793
-0.683348 -1.251505
0.843051 0.286117
-0.087834 -0.429813
-0.209863 -0.299671
-0.541444 0.458140
0.331876 2.770679
-1.828949 0.050409
0.006908 -0.294533
-1.342439 1.532824
1.925013 0.594834
-0.188359 -0.190720
0.809727 0.243793
-0.502323 0.549167
0.379815 1.344884
-0.020836 -0.133870
0.404664 2.734706
-0.693894 -1.154671
0.877292 0.266712
2.139245 0.391966
-1.568617 0.120514
0.147713 2.725632
0.589292 1.315588
-0.535287 0.521724
1.003692 0.132156
-0.741480 -1.418958
-1.497261 -0.016955
-1.332152 1.743582
-0.670436 -1.522152
-1.129187 1.508335
-1.522043 -0.009962
1.937148 0.451275
-0.475465 -1.144615
0.408729 1.389130
0.770427 1.404767
-0.355854 0.674236
0.407611 2.686459
0.353483 2.778777
2.151112 0.506520
2.173788 0.360544
0.254057 2.723064
0.206501 2.840416
-1.275208 1.664515
2.120968 0.524118
0.567361 1.523825
0.142262 -0.450377
0.225223 2.527157
-0.119353 -0.275812
-1.314110 1.669191
2.295528 0.534924
0.701987 1.430922
-0.500555 -1.148583
0.968297 0.045080
1.092691 0.192716
-1.394347 -0.014479
-0.657315 -1.323385
-0.776395 -1.094093
2.085118 0.413594
-0.486778 -1.158773
-1.573528 0.201429
0.939587 0.246394
2.045174 0.684546
-0.598540 -1.221321
2.002849 0.366639
-0.260851 0.598265
0.391840 2.600935
0.669029 1.471729
0.981088 -0.006996
2.067343 0.603320
-1.373562 1.827657
-0.445561 0.622286
-0.459323 0.855726
0.960948 0.188393
2.243827 0.658868
0.688538 -1.055504
-0.842958 -1.231350
-0.307013 0.523903
-1.444194 -0.064303
0.796002 -1.340404
0.424065 1.394037
0.769700 1.515884
-1.177832 1.437165
0.346831 2.798376
0.624651 1.401505
-0.392107 -1.219872
-0.250814 0.428663
0.620869 1.245477
-0.009759 -0.494596
0.734876 1.470498
-1.240353 1.629870
-1.643668 0.044419
0.441510 2.844579
0.948116 0.191346
0.605528 -1.122839
-1.603902 0.090064
-0.738451 -1.187328
-1.123183 1.557967
0.658832 -1.290927
0.783482 -1.215629
-0.040965 -0.336168
1.139987 0.129394
-1.171274 1.672846
1.972646 0.634388
-0.421085 0.688217
0.114768 2.813270
-0.685607 -1.350923
0.831765 -1.145491
0.109118 2.856996
-0.282587 0.695123
1.051202 0.186556
-1.832243 0.120161
-0.775524 -1.204889
-1.744573 -0.155591
-1.557659 0.201995
-0.559517 0.706340
2.167044 0.610642
-0.812957 -1.173630
-0.278465 0.508981
-1.369914 1.650018
0.535843 1.252498
-1.027047 1.511694
-0.693499 0.592746
-1.141242 1.413155
0.772826 1.392334
-0.574263 -1.356435
-0.117150 -0.399536
-0.555027 -1.207878
0.600117 -1.192708
0.131325 2.753111
-1.082523 1.637098
0.084652 2.772503
-0.634924 -1.319856
1.056670 0.322841
-1.546062 0.069759
0.312173 2.884964
-0.735397 -1.080030
2.119427 0.680432
0.540369 1.433796
-0.136088 -0.383106
-1.190477 1.366889
0.647085 1.396491
0.409400 2.862612
-0.902634 -1.165026
1.075275 0.227290
0.163569 2.780971
1.004784 0.163287
-1.380839 1.705961
-0.583501 0.613866
-1.655402 0.214698
-0.515948 -1.365705
0.247516 2.746204
0.919807 -1.403176
-1.251581 1.597205
-1.593159 -0.120628
-0.216766 -0.217378
2.095057 0.560132
0.498923 1.291186
-0.744180 -1.352802
0.510224 1.569062
-1.448462 1.631020
1.047260 -1.181947
-1.533188 -0.134729
-0.551163 0.760766
-0.744279 -1.246654
-1.191317 1.770201
-1.607009 0.164268
-1.174066 1.709815
0.725439 -1.428501
-0.404897 0.611257
0.890163 0.221014
-1.194348 1.618193
-1.336420 1.580141
0.282356 2.387837
-1.502181 -0.157287
0.058307 -0.191134
1.161657 0.157873
0.727493 -1.359449
-1.687173 -0.127437
0.877323 0.240823
0.759703 -1.256891
0.096255 -0.369311
-0.695266 -1.334620
1.085443 0.208054
-1.592977 -0.112324
-0.260134 0.707701
-0.508686 0.659168
-0.182279 -0.370157
-1.036989 1.646351
2.300521 0.497877
0.775728 -1.194944
-1.404950 0.149079
-1.567481 0.009505
0.604514 1.268640
-1.526488 0.097467
0.853757 -1.159681
0.869651 0.244874
2.083669 0.409891
0.640373 1.314479
1.151277 0.370905
2.093245 0.600193
0.236876 2.392346
-0.174702 -0.428663
0.541563 1.327780
0.707517 -1.332501
-1.463019 1.605028
-0.708802 -1.372993
-1.696633 0.115802
-0.080824 -0.204292
-0.569608 0.799303
-0.532724 -1.276650
-1.638844 -0.019236
0.529530 1.500314
0.261072 2.802533
-0.610220 -1.364550
-0.657075 -1.004448
-1.568179 0.160063
0.734536 -1.392442
-0.684116 -0.987269
0.656300 -0.978389
0.122996 2.778579
-1.723978 -0.097454
1.081569 0.223887
-0.584497 0.506244
0.266187 2.963175
-1.346346 1.528826
2.252529 0.604864
0.051036 -0.436107
0.873020 -1.330860
-0.455664 0.638231
1.018854 0.215963
-1.463137 1.649029
0.422752 2.647223
0.017592 -0.287025
-1.646928 0.141533
-1.367380 1.699322
-1.659548 0.125876
0.309726 2.659659
0.335224 2.797115
0.376117 2.808278
-1.597754 0.215214
-1.069432 1.555314
-0.244560 0.720816
0.126397 2.706097
2.218538 0.606751
-0.538296 0.638500
0.000484 -0.202432
2.101280 0.550607
0.195160 2.719764
-0.243571 -0.362408
0.746065 -1.386812
-1.702288 -0.134135
-1.882593 0.025315
-1.664069 0.291397
-1.862175 0.198409
0.881184 -1.173027
0.636241 -1.302653
-0.288956 0.471425
0.836571 -1.183015
0.620956 -1.321422
-0.133065 -0.288106
0.402836 2.734695
-0.069803 -0.383586
1.096500 0.063006
-1.068778 1.489747
-0.595724 -1.109666
1.165656 0.145010
-1.251367 1.636086
1.968939 0.507652
1.036372 0.054360
-0.393613 0.498228
-0.243187 0.599468
-1.074163 1.599147
0.900262 0.238915
-0.547655 -1.110314
0.250710 2.610073
-0.169994 -0.522585
-1.632784 0.087422
-1.895758 0.057195
-0.156066 -0.399213
2.129416 0.566816
-0.789028 -1.365803
-0.611766 -1.079269
1.068453 -0.040764
-0.525842 0.822663
-0.243929 -0.295820
-0.350168 0.928097
-1.468289 0.043713
2.133041 0.417786
-1.146359 1.698312
-1.716448 0.168349
-1.690195 0.127285
1.102490 0.277915
-1.866365 -0.032965
-1.501750 0.052644
-1.480947 0.068523
-0.623271 0.774725
-1.518057 0.089611
-0.301239 -0.331941
-0.589827 -1.227093
-0.722657 -1.141626
0.516237 1.333945
-1.719097 0.291445
0.282775 2.816432
0.345593 2.693000
0.362523 2.723000
0.077081 -0.252554
-0.765656 -1.359601
2.188423 0.436249
-1.403218 1.604728
-0.704072 -1.230197
0.744189 1.417704
0.573842 1.424395
0.643336 -1.287402
0.596301 -0.064443
0.414319 2.561758
0.888359 -1.250571
-1.471009 1.657375
0.179917 2.537929
2.354691 0.581631
0.131192 -0.185699
-0.733539 -1.184855
-0.630155 -1.112562
-0.335555 0.652949
0.607272 1.576829
0.930820 -0.019318
1.032519 -0.000089
-0.130771 -0.338262
-0.613995 -1.436456
0.280175 2.843784
0.424509 2.781026
0.534404 1.389737
0.827564 -1.191255
1.068314 0.079096
0.210497 2.910514
0.965871 -1.084668
-1.244675 1.681816
0.017249 -0.270093
-0.467285 0.855315
0.383572 1.487641
2.181174 0.578601
0.398062 2.759740
0.526788 1.353073
-1.811086 0.045982
-1.671169 0.017133
-0.206471 -0.194379
-0.066417 -0.392661
0.081137 2.633092
-0.099584 -0.423329
-0.379756 0.620231
-0.555494 0.755360
-1.694057 0.195881
-0.751454 -1.366404
-0.705785 -1.240384
-0.516331 0.586742
-0.628532 -1.191969
2.256257 0.466697
-1.602899 -0.275562
0.881076 -1.351469
2.164512 0.494334
-1.533897 0.255275
0.052160 -0.483411
0.888292 -1.170775
-1.607926 0.074919
2.286221 0.466094
0.913346 -1.335356
2.044273 0.617277
0.474963 1.554408
0.671669 1.424122
0.167806 2.812185
-0.070382 -0.425187
0.159576 -0.032963
1.993205 0.527700
2.129656 0.530000
-0.035427 -0.231213
0.634323 1.319260
-1.207904 1.685440
-0.315142 0.502994
-1.800842 0.038692
0.734202 -0.979172
1.097895 0.073297
0.480199 1.252620
-0.983147 1.416050
-0.566435 -1.267278
-1.399318 1.737690
0.979619 0.259442
2.165970 0.681891
0.696752 -1.325828
0.565893 1.333183
0.564494 -1.275069
-1.326379 1.712455
0.113807 2.833270
-0.657313 0.651833
0.997645 0.030794
1.048322 0.051542
-0.425361 0.778023
0.558303 1.251035
0.870131 -1.423958
-1.775460 0.056608
-0.091638 -0.413416
-0.033708 -0.466586
-0.510141 0.608066
-1.439788 0.108532
0.017367 -0.398123
-0.760120 -1.241960
-1.199710 1.434992
2.089438 0.632036
-0.440978 0.762839
2.006112 0.681231
0.610772 -1.392099
0.199460 2.726135
-0.120250 -0.439869
0.475353 1.140561
0.454617 1.343189
-1.519916 0.002192
0.813160 0.017628
0.640909 1.501625
0.069497 2.810194
0.142898 2.588219
-0.410544 0.775664
0.245547 2.930349
0.835702 0.148768
0.465860 1.594313
2.205270 0.557798
-1.892282 -0.036375
-1.192859 1.755579
-0.336023 0.706877
0.887887 0.117713
0.688736 1.400533
0.978850 0.229234
-0.884969 -1.336720
0.977820 0.236757
2.214554 0.453594
-1.823645 0.078899
-0.372323 0.513264
0.264321 2.937600
-0.782109 -0.996817
0.579451 1.501616
0.446547 2.886248
2.003725 0.507131
0.819131 -1.233472
0.490517 2.825363
0.602679 1.462510
1.916845 0.525948
-0.744259 -1.142077
0.511897 1.369827
-1.676787 0.165502
2.181444 0.536780
-1.709809 0.046160
0.257955 2.736461
-1.326370 1.718096
0.518442 1.293378
-1.202102 1.491881
0.674996 1.379736
-0.355684 0.810486
-0.198083 -0.274071
-1.313897 1.630973
-0.625996 -1.231287
0.698266 -1.105743
2.124913 0.754264
0.436615 1.156930
2.199410 0.475029
0.046909 2.815699
1.952280 0.700112
-1.281895 1.631722
0.274338 2.812966
0.806251 -1.332528
-0.185814 -0.465952
2.260891 0.526273
0.130411 2.641792
0.706335 -1.310065
2.244115 0.387936
-1.876584 0.058876
0.744655 1.301778
-0.603497 0.516104
0.687908 -1.220718
-1.101078 1.635348
0.974859 -1.094922
0.945200 0.147418
-0.568456 0.791458
0.945232 -1.394911
-1.510567 -0.160489
-1.306929 1.646450
-0.705593 -1.020947
-0.012662 -0.438780
0.176692 2.677007
-0.638497 -1.105241
-0.342899 0.587542
-1.657959 -0.044913
-1.824542 0.052949
-0.518226 0.864757
0.080054 2.634068
1.072049 0.149321
0.960044 0.075808
-1.636546 0.011888
0.922158 0.268136
0.602632 1.312981
-0.161193 -0.326673
-0.686938 -1.021011
0.785157 -1.149859
0.930219 -0.060950
-1.143366 1.618929
0.301980 2.558363
0.786608 -1.190957
0.587841 1.559029
0.447889 2.661453
-1.265136 1.602276
-0.388152 0.510961
-1.680718 -0.038577
-0.560372 -1.092962
-0.375088 0.642938
0.727446 -1.196285
-1.375839 1.760792
0.236557 2.691242
-1.662079 0.011332
-0.143735 -0.446974
-0.237354 -0.347349
-1.314045 1.482245
-0.707255 -1.006964
0.033220 -0.416791
-0.146568 -0.304669
2.092320 0.561713
0.047723 -0.333075
-1.272769 1.390432
0.288275 2.832363
2.093075 0.663819
-0.756133 -1.373113
0.437970 2.668444
0.904589 -1.226386
-0.628631 -1.085127
0.798209 -1.216625
-0.533400 0.745733
-1.190189 1.607995
1.977746 0.644833
1.156445 0.247336
-0.547831 0.601165
