300 2
0.887857 0.540350
1.757044 1.322618
1.578919 -1.105431
1.499882 -0.930255
0.877337 0.127112
1.166284 -0.974396
0.828074 1.245442
0.708070 0.655767
1.701696 0.244552
1.365662 0.283576
2.483276 0.611959
1.135220 0.280245
1.967912 1.559346
0.796292 1.398418
2.095462 -0.298687
2.010098 -0.211861
1.431302 -0.829511
0.961543 1.027182
2.069805 1.617264
1.338298 -0.242626
1.274756 -0.822805
0.196268 -0.255088
2.565440 0.633025
1.296690 -0.879582
2.016497 -0.056625
1.935366 1.532417
1.044046 1.272446
1.776326 1.499824
1.805437 1.683969
1.728463 0.752290
1.518702 0.649077
1.990512 0.841342
1.569739 -0.949537
1.634067 1.187710
0.927395 0.581857
1.752938 1.661671
1.657752 0.949445
1.725707 1.382038
2.793371 0.448887
2.595232 0.751708
1.621358 -0.164564
0.961002 1.098544
0.236054 -0.114603
1.933661 -0.378997
1.697457 0.597578
1.629805 0.117805
1.070261 -0.083626
0.236370 -0.052450
1.551089 -0.903073
1.427417 -1.114323
2.753218 0.685711
0.356723 -0.065492
0.619804 -0.068022
2.035362 0.585366
2.269643 -0.325718
1.156936 -1.061727
1.236350 -1.233573
0.841555 0.522685
1.341734 -1.021996
1.808316 1.447149
0.209344 -0.308500
1.666882 -0.228794
0.138168 -0.168381
0.253837 -0.247136
1.459849 -1.186221
1.031718 1.235094
2.886701 0.550909
1.456029 0.352885
1.197149 0.025032
1.572219 0.865900
1.254659 1.433476
2.039707 -0.079092
2.612862 0.457599
1.679247 1.479960
2.006405 1.578380
1.930979 0.735086
2.825157 0.622430
0.867945 1.410866
0.986563 1.066116
1.460776 -0.929724
1.274653 -1.107419
1.280721 -0.112319
1.654013 0.571350
1.861300 1.524280
0.829882 0.586914
2.669551 0.606914
1.512004 -1.174426
1.094134 1.327418
1.903143 1.720290
1.275986 -1.246025
1.125257 1.175272
1.163035 -1.194242
1.302949 0.108106
1.636984 1.472316
0.390818 -0.298899
2.160439 -0.164397
1.919523 1.605915
0.834241 0.445423
1.064615 1.147763
2.981652 0.667099
1.812667 1.631762
1.256208 -0.966983
0.719819 1.348256
1.082014 1.159967
1.252270 1.067801
0.321314 -0.046953
1.007542 -0.064835
0.979136 1.208225
1.716141 0.803263
1.705723 0.890228
1.507437 0.243808
2.583331 0.691975
1.756216 1.538917
0.230194 -0.155347
1.893199 0.829265
2.932093 0.660015
0.584844 0.341519
2.141917 -0.375454
1.107713 1.191691
1.909761 0.640749
1.489687 -0.797442
1.819653 -0.444661
2.230224 0.047694
1.496438 0.210106
1.355157 -0.905539
1.188889 0.220362
1.471309 -1.070053
0.934312 1.321634
1.493841 0.275436
1.243666 0.124326
1.141307 1.095029
0.816172 0.527359
1.740441 0.713999
1.583148 -0.831028
1.204538 0.248674
1.421415 0.164362
0.655902 0.422101
0.681388 0.472386
0.241115 -0.314391
1.911327 1.765598
2.678703 0.616802
2.598262 0.577919
0.164539 -0.275963
0.529049 0.447373
1.280119 1.165468
1.911753 0.735803
2.805172 0.757756
1.854487 0.304303
0.938262 -0.185095
2.231931 -0.009006
0.225661 -0.154531
0.128407 -0.264509
1.564671 -0.782948
2.205337 -0.327106
2.107705 -0.221808
2.599400 0.822695
2.143523 -0.351593
1.676334 0.233607
1.878027 0.677856
2.185693 -0.321866
1.133637 1.136931
1.917497 1.597221
2.179316 -0.269652
0.968245 -0.368941
0.944294 -0.025104
2.194167 -0.282721
1.270588 -0.997605
1.771198 0.916608
0.913066 1.430959
1.281026 -0.880727
0.609261 0.396218
2.106086 0.081384
2.164607 -0.261931
1.728304 0.560350
0.475318 0.501097
2.103194 -0.397621
1.205506 1.270634
1.366359 -1.047074
1.648228 0.825864
0.688600 1.260394
2.435443 0.806457
1.679521 0.367148
2.004009 -0.222525
0.727913 0.264505
1.751355 1.610774
0.646015 0.289122
1.074636 1.118623
2.836247 0.508391
0.383376 -0.202563
1.107739 -0.251251
1.125071 -1.048527
1.931019 1.462579
2.028968 1.580648
0.711602 0.449563
2.591057 0.615391
2.036034 0.164450
1.573932 0.758733
2.026906 -0.147741
0.848597 1.138901
0.918211 -0.077320
1.080459 -0.293848
1.577853 0.641073
1.698774 0.582362
1.022128 1.316046
1.879695 0.716481
1.064399 -0.135928
0.721467 0.350059
1.090793 -0.226560
1.663535 0.758973
1.820935 1.538222
0.496886 -0.034581
1.054563 -0.003499
2.045818 -0.263732
0.372853 0.003218
1.052170 1.331593
0.948158 0.639496
1.544045 -0.827885
1.983751 1.328425
2.782387 0.699990
2.667545 0.737690
2.910271 0.661614
1.414147 -1.113897
2.053744 -0.312844
2.041900 1.864622
0.284142 -0.201917
2.595234 0.407827
1.025637 1.133146
0.668691 0.542774
1.004770 1.214500
1.322077 -1.135187
2.685385 0.705891
1.576919 0.822781
0.798372 -0.101609
2.661630 0.863709
2.776974 0.611429
1.838283 0.794964
1.909461 1.540577
0.526545 0.514284
1.236953 -0.091226
0.928062 -0.228744
1.776006 0.706485
2.481110 0.624898
1.454951 -0.055940
1.693191 0.924573
0.237416 -0.003190
1.030512 0.031869
1.126213 1.420678
2.218695 -0.019617
1.803365 0.866967
1.163898 -1.117409
1.791039 0.842201
0.306771 -0.294065
1.571422 0.856244
1.253921 1.123172
1.295216 -1.193819
0.635472 0.627791
2.757029 0.662338
1.687905 0.826431
0.958405 0.997936
2.496930 0.671115
0.597691 0.405642
0.190990 -0.129931
2.869221 0.589763
0.472951 0.445320
1.251061 -1.178590
0.870307 0.578298
0.847966 1.169203
2.185120 -0.222442
0.594603 0.568736
0.944041 -0.170520
2.709403 0.505628
0.588117 0.420806
0.755449 1.214554
1.470471 -0.685729
1.851202 0.680999
1.424815 -0.159396
1.856730 0.906023
2.702806 0.565988
1.521454 -0.977852
1.698977 0.526119
1.463568 -1.014096
2.741517 0.537782
1.528744 0.719908
2.075136 -0.469203
1.918549 1.529698
0.803325 0.524717
0.634121 0.619950
1.589882 0.393860
2.904367 0.560600
1.005221 1.353507
0.221285 -0.175001
1.382254 0.099203
1.559125 0.158102
1.455934 0.176306
2.108191 -0.290266
1.372609 -0.953376
2.111136 0.031625
1.186285 0.244336
1.580293 -0.989556
1.064950 -0.313797
