500 2
1.707572 2.132620
2.122585 0.308948
2.717780 -0.624387
1.599247 -0.946428
1.624432 1.239802
2.706015 -0.844003
0.465621 1.977592
1.382250 0.626283
1.481723 0.245153
1.444084 2.276454
0.267082 -0.533287
0.287549 -0.746395
1.635421 2.220802
1.221625 0.394436
1.871469 0.293334
1.634249 -0.667013
2.101255 0.263820
0.662397 1.679924
1.958310 0.296471
1.575406 -0.638402
0.327624 -0.441321
1.596268 1.365037
0.376438 0.684547
2.800638 -0.668776
1.608524 1.298339
1.510636 -0.655744
2.793958 -0.592623
2.766159 -0.694554
1.326443 0.466785
0.405693 0.569155
1.614943 -0.587763
2.221394 0.332395
0.500196 0.317360
0.557165 0.651407
2.793961 0.980873
0.569711 0.397546
1.643251 -0.761736
0.165755 -0.703385
1.567125 2.188418
0.659826 1.864486
0.190708 -0.568447
2.827994 -0.590105
1.874161 0.299970
0.410587 1.781527
1.426029 0.526830
1.602025 2.241913
2.541878 1.089370
1.649442 1.080887
0.474071 0.632844
2.577300 0.967289
0.402894 0.712174
2.712913 1.098260
1.731244 1.298438
1.821281 1.192993
1.727342 1.310458
0.447228 0.534492
1.327991 0.287946
2.225897 0.296814
0.488932 -0.608075
1.701214 -0.821442
1.309692 0.483456
2.871218 0.988564
2.868956 -0.727688
0.471670 -0.491012
0.263379 0.571930
1.691764 -0.928768
2.163939 0.200326
0.736720 1.583203
0.501032 0.513328
0.605503 1.623235
0.332835 1.830463
0.299986 -0.664175
1.799843 -0.782417
0.647634 -0.642574
2.954099 1.144352
0.463380 -0.768966
0.534756 0.671515
2.848055 1.002972
0.307529 0.385392
2.848616 -0.763532
1.604458 2.210479
0.331766 1.893720
2.005280 0.195998
0.397718 -0.346770
1.494686 -0.730751
1.591632 2.011784
2.798577 1.104580
2.940064 -0.422298
2.224074 0.349569
0.510763 1.718379
2.049400 0.273408
0.107233 -0.624642
1.662509 -0.726470
1.349830 0.518428
0.345897 -0.637347
0.479187 0.616823
2.873179 -0.809505
2.439050 1.085431
1.743941 -0.833614
0.358702 0.610856
0.192985 -0.840066
0.322104 0.553320
2.932793 -0.758913
2.829734 -0.589184
0.252258 -0.615126
2.870615 -0.708824
2.755774 1.073787
2.572541 0.869185
0.518189 1.648929
1.625260 -0.795442
2.801369 0.927787
2.942863 1.135021
2.602793 1.097431
0.295099 -0.455075
0.273975 -0.475714
2.676087 -0.817538
2.624992 1.024465
1.666004 1.390233
0.275920 -0.595858
1.581804 -0.584862
0.442963 0.401541
0.172897 -0.684985
0.403638 1.784451
1.736699 1.250253
1.513448 2.404563
1.516845 2.118376
0.591341 1.884833
0.765074 1.707504
1.932313 1.277771
2.840053 -0.588073
1.836548 1.248717
0.335496 0.560032
1.898442 1.420351
0.403809 0.098208
2.555931 -0.761582
1.682223 1.138117
1.564965 -0.839094
2.106546 0.092319
0.440235 1.785875
0.363406 -0.541052
1.718152 1.202675
1.769060 -0.552454
2.511895 1.150626
1.836365 2.033443
1.622384 1.274653
1.244643 0.403411
1.936267 0.145606
0.573885 0.695604
1.439376 0.467591
2.635099 1.171116
2.824502 -0.846991
2.959481 -0.738874
1.750163 1.357877
1.909686 -0.714048
2.958780 -0.445051
2.777493 -0.663493
0.488459 -0.702451
0.473248 1.657723
0.758981 1.777722
1.864881 1.255814
1.681421 2.286936
0.538351 0.669273
1.477892 0.347633
2.696496 1.037404
0.252493 0.695161
0.601587 1.887199
0.355562 0.423514
1.302951 0.251742
1.802063 1.212804
0.648482 0.509128
2.668384 1.044910
0.554899 1.616743
1.608103 1.955099
0.381008 -0.551401
0.474702 -0.522852
2.765167 -0.787618
1.592044 2.225010
1.225010 0.309982
0.424616 -0.881084
0.272456 -0.802706
0.344059 -0.607813
2.741305 0.911815
0.395638 0.502486
1.370201 0.340568
2.695432 1.185861
0.434042 0.507502
1.406722 0.159617
1.472812 2.141117
1.608575 2.285115
1.584682 -0.624420
0.265855 -0.635922
1.605657 2.162603
0.568273 1.880729
2.924765 1.130759
1.437223 2.336953
1.520619 2.315199
1.669506 -0.879301
1.381001 0.544553
1.680090 2.153578
2.202815 0.221903
2.250413 0.361167
0.639089 1.523308
1.339536 0.474051
0.515827 1.705566
1.582607 -0.755841
2.023111 0.300798
0.439116 0.685163
2.789992 -0.500777
2.065772 0.371573
1.634336 1.068326
0.299699 -0.690059
2.633109 1.208349
0.605415 0.601021
2.907892 -0.830564
1.965567 0.372202
2.124517 0.300525
0.352993 0.366433
1.516749 0.375541
1.574285 2.393630
1.501267 -0.622205
1.873977 1.165979
0.297008 1.742132
1.342602 2.168000
2.073035 0.335490
0.452627 -0.714896
0.414746 1.678046
1.615642 2.111636
1.611248 -0.908701
1.557580 -0.940214
2.785233 1.016692
1.621965 -0.986558
2.625455 0.828720
1.608562 -0.803268
1.218094 0.252359
2.172471 0.334509
2.841061 -0.858845
1.187762 0.507071
0.402761 1.789884
2.727612 -0.733221
1.775013 1.184654
0.527276 1.521872
0.555498 0.633718
1.597528 1.215922
0.472221 0.404512
2.895667 -0.557405
2.743792 -0.854783
0.190993 0.504644
0.349572 0.412929
0.373438 0.512008
0.299884 1.848619
2.073783 0.251860
1.604925 -0.637759
2.651454 1.113469
0.786279 -0.173814
1.281371 0.546411
0.534743 1.669473
1.648155 1.391497
0.382489 1.844617
1.458744 -0.676451
1.788809 1.393299
0.472767 0.510918
2.558466 0.988034
1.199003 0.406999
1.874490 1.344175
1.561748 2.346430
1.693073 1.349418
0.582206 1.672351
2.749797 0.929016
1.654370 1.264836
0.494115 0.332056
1.736103 1.357836
1.363448 2.210844
1.581818 2.032751
1.736341 0.556927
1.524269 -0.838492
0.428819 -0.654408
2.872102 1.057782
1.991696 0.224365
1.608616 2.180885
1.371965 2.050519
1.435763 2.311196
0.579685 1.555247
0.644669 1.851402
0.412812 1.882878
1.498098 1.261940
1.182481 0.284471
2.339784 0.508429
0.403744 -0.676314
0.626984 1.603847
2.157058 0.277965
2.834082 -0.536044
2.016899 0.256640
0.377886 0.357395
1.333082 0.448935
1.620324 2.358985
1.425386 0.536835
1.753129 -0.803628
1.509127 -0.662850
2.105417 0.014435
0.444477 0.601484
0.747692 1.873006
0.359667 0.650967
1.539960 -0.610554
1.644498 1.378201
2.056512 0.143578
2.938630 -0.553766
1.701495 1.310256
1.599556 -0.749835
2.802956 1.012823
2.589606 1.019517
1.570545 -0.963598
1.492884 0.447509
1.524251 0.356456
0.252431 -0.618583
0.375765 0.515945
2.893922 -0.671919
1.480045 0.461249
1.486446 2.271591
1.540089 2.130864
1.618193 -0.955532
1.637130 -0.723753
0.438266 1.844417
1.557279 2.092628
0.597405 0.611119
2.083032 0.320767
1.355658 2.078393
0.527394 0.619539
1.871866 1.246902
0.613408 1.935713
0.480574 0.314726
1.570969 -0.595327
0.406412 1.834548
1.348039 0.411045
1.480587 2.242609
2.798914 1.126556
1.612835 1.302326
0.374071 -0.439662
1.703940 2.195745
2.761947 1.065917
0.430956 1.693039
0.564022 1.608470
1.950360 0.444558
2.656191 -0.570802
1.442345 0.367913
0.541771 1.625432
1.516207 -0.720882
2.174545 0.395736
2.095206 0.133294
2.808490 0.953347
2.775368 0.962024
2.905987 -0.578264
1.390545 0.231422
1.676640 1.135063
1.738066 -0.669156
1.643936 -0.790852
0.660316 1.724964
0.334634 -0.808649
1.611032 1.389217
2.774140 1.141485
0.335663 -0.743921
0.268135 -0.784866
2.718095 0.899495
0.358096 -0.594903
1.653129 -0.571747
1.347225 2.105602
2.808334 -0.689477
1.472244 0.169633
2.876199 0.986373
0.490884 1.752407
1.681733 -0.850948
0.234331 -0.706394
2.161978 0.341597
0.437317 1.844682
0.390910 -0.644301
0.383463 -0.717748
1.637154 2.206084
2.732094 1.163566
2.878854 -0.630721
0.630017 1.740392
0.355971 -0.498645
0.580435 0.402326
2.523391 1.075080
1.634122 2.217836
2.822585 -0.731900
0.531330 1.666109
2.194610 0.420423
2.908258 0.944286
1.564499 -0.839674
0.209887 -0.686251
2.268288 0.236078
2.762357 1.096334
2.594748 1.174905
1.380978 2.293811
1.282504 0.418679
1.290367 0.216950
2.814079 1.155508
2.738418 1.038135
0.698062 1.504991
1.993099 0.425155
1.592848 1.321438
1.244104 0.336082
1.480277 -0.513363
2.542524 1.237759
1.352398 -0.765340
0.336870 -0.806552
2.892735 -0.798792
0.328964 -0.412193
1.947218 0.551969
0.144077 -0.725615
0.275513 1.821207
0.412547 -0.666732
2.920624 -0.788373
1.636374 1.179104
2.024451 0.429552
0.394254 -0.357325
0.379514 0.388609
1.256287 0.593807
1.465448 2.257208
1.848630 -0.713142
0.382085 1.866447
0.533435 -0.616687
0.394216 0.635639
0.627062 1.974093
2.747513 -0.621966
1.553791 -0.760110
1.703499 1.198405
2.383180 0.316021
0.431137 -0.350613
1.276230 0.263436
1.623960 -0.810062
1.664353 2.243470
0.524482 -0.698008
0.293417 0.476820
0.474935 -0.501386
1.339153 0.460645
1.614984 2.184526
0.349400 0.452968
0.427106 -0.637760
0.607903 1.751848
1.549825 -0.837621
2.144387 0.490352
2.965913 -0.494282
1.563045 -0.886884
2.152646 0.305933
0.726121 1.777570
0.350384 -0.280540
2.453325 1.199728
2.766836 -0.603518
1.721937 -0.962164
1.468240 1.064070
2.870650 1.042990
0.556345 0.450528
0.514100 -0.483429
2.022611 0.208527
0.366104 1.851548
1.970404 0.356703
1.680338 1.212629
1.491336 -0.826604
2.798873 -0.725292
1.261617 0.579356
1.651933 2.301024
1.775314 1.130012
0.705829 1.626456
0.267657 0.658102
0.536070 0.548242
2.862057 -0.539210
1.711533 2.279230
0.621231 1.857692
2.069921 0.374560
2.872268 -0.688526
1.723539 1.425911
0.457577 1.791732
0.258478 0.405098
1.387886 2.138514
2.620958 1.088317
1.549552 2.257241
0.393469 1.847473
0.594951 0.286653
2.732559 1.155252
1.623560 -0.954637
1.560032 -0.879827
0.454607 0.449699
2.767305 -0.866364
1.753189 1.082029
1.622023 1.332418
0.271659 -0.538219
1.670102 1.464450
1.525743 1.168285
1.928681 1.159415
0.421491 -0.698406
1.382161 -0.765473
0.189600 -0.723003
2.850509 -0.636371
2.073089 0.341153
0.374158 0.616485
2.216173 0.306334
0.613766 1.797386
2.955898 -0.532708
2.852596 -0.497930
1.471822 -0.617194
