1000 2
-2.424126 -1.266409
-1.519162 0.087835
-2.485728 -1.400048
0.275577 -1.332363
-2.273506 -1.447440
-2.145978 -1.196664
0.328638 -1.122192
-2.805206 0.182400
-0.423808 -0.167177
-1.569560 -0.107218
-1.459340 0.094316
-0.516096 1.338529
-2.651063 0.142350
-2.431183 -1.320263
-2.700490 -0.103503
-1.330904 -0.104802
0.579128 0.566599
-2.289834 -1.375644
0.476187 0.698426
-0.571903 1.290720
-0.454736 1.146396
1.634860 -0.812598
-1.825069 1.196220
-1.307442 0.002935
0.461018 0.836934
-0.473983 -0.282188
-1.105316 -1.465793
0.606882 0.588731
-0.603423 1.234592
-1.388252 -0.199507
-0.374722 -0.002344
-1.803812 1.167839
-0.573800 0.000608
-1.518452 1.310880
-0.382315 1.338935
1.294280 -0.709003
-2.391161 -1.357660
-0.366652 1.271083
0.250229 -1.444407
-0.973667 -1.186505
-0.492693 -0.133357
-1.571541 1.146376
-1.212033 0.200853
0.181776 -1.443056
-1.492215 0.064086
0.616271 0.838615
1.406340 -0.741430
-2.625736 0.128252
-1.396149 0.041905
-0.429263 1.459139
0.145328 -1.210163
-0.249428 -0.298763
0.428365 -1.249015
0.805410 0.835252
0.687182 0.863403
-1.582235 1.254783
-1.568223 0.009015
0.217187 -1.071872
-2.767989 0.073940
-1.568479 1.103249
-0.584741 -0.111942
0.575818 0.489583
-0.355374 1.159143
-0.583183 1.357341
1.366965 -0.888182
-0.375448 -0.102761
0.342979 -1.236262
0.170762 -1.261986
-0.929966 -1.532404
0.837082 0.760748
0.257636 -1.271444
-1.009799 -1.489824
0.165610 -1.237664
-0.945140 -1.222942
-1.683732 1.169089
-0.537173 1.518369
0.708334 0.740877
-0.428669 1.383017
-1.522689 0.041560
-0.563281 1.350070
-1.483077 -0.086023
-0.421567 -0.351941
-0.482340 1.216026
-1.692618 1.342651
-1.785802 1.176216
1.613740 -0.792054
-0.385922 -0.375256
-1.142424 -1.403877
0.467368 -1.339207
0.257404 -1.245660
-0.539841 1.499709
-0.368630 1.352434
-1.334405 0.092950
-1.153884 0.185388
1.414009 -0.742932
0.524713 0.556676
-2.153408 -1.304515
0.285216 -1.173735
-0.481656 1.402943
-0.462210 1.421750
1.358638 -0.745460
1.405083 -0.726939
-0.438640 1.460291
-0.938697 -1.399562
-0.293339 -0.075010
-2.235764 -1.353685
-2.378505 -1.395402
-1.819829 1.359479
0.461668 -1.275822
-2.354673 -1.334060
-0.670976 1.380926
-2.332155 -1.339027
-1.239647 -0.164421
0.255882 -1.351198
-1.593136 -0.075136
-2.787479 0.061125
-0.331490 1.377093
-2.455546 -1.312135
1.362646 -0.540545
0.375602 0.693305
1.328229 -0.865123
0.618389 0.838865
-1.044377 -1.586482
-1.207995 -0.050915
-1.265297 0.005369
-1.121246 -1.263653
1.454568 -0.602928
1.186433 -0.885434
-1.218084 -1.477196
1.545484 -0.890760
-1.496073 0.007768
0.523282 0.826482
-1.797691 1.374068
-2.299797 -1.390796
-1.143011 -1.432386
-2.202214 -1.383422
-1.674260 1.127162
0.225028 -1.460541
1.490905 -0.894376
-2.479862 -1.252656
-2.368196 -1.255323
0.472032 0.662218
-2.803782 -0.080371
0.579434 0.921439
-0.628454 1.527743
-1.797798 1.278982
-2.297248 -1.308600
-0.382920 -0.109459
0.537956 -1.269863
-2.331928 -1.326608
-0.337614 -0.142635
-2.740532 0.114491
-0.442153 1.412794
-2.699791 0.065085
1.605196 -0.817645
-0.465028 1.431889
0.317793 -1.123863
-1.610535 1.283030
-1.320626 -0.141001
-0.991330 -1.264388
-1.459365 -0.110281
-0.458202 1.290058
0.545693 0.529654
-2.896644 0.172134
-1.199606 -1.435743
1.379377 -0.525662
0.633705 0.870851
-1.202450 -1.146849
-0.302010 -0.251808
-2.857584 0.179911
-0.554086 1.348566
-1.112463 -1.350401
-2.653405 0.068691
-1.125119 -1.244990
-1.598880 -0.127797
-0.424039 -0.139689
-1.216018 -0.092106
-0.349819 1.437020
1.423279 -0.611911
-2.614619 0.053594
-2.352942 -1.209307
-2.154489 -1.391581
-1.156071 -1.441657
-1.549113 1.253627
0.543583 0.898150
-0.429223 1.456682
1.533227 -0.692027
-1.162478 0.100296
-1.126016 -1.505586
-2.116859 -1.175578
1.505255 -0.789776
-0.367345 -0.184664
-0.275377 -0.149956
0.201065 -1.197205
0.358814 -1.389395
1.562078 -0.806314
-2.821033 0.302013
-0.884829 -1.498733
-2.886961 0.173272
-2.218368 -1.108029
-1.652853 1.165698
-1.327326 -0.109415
-1.653619 1.323409
-1.186171 -1.496538
-2.509786 -1.334856
-2.233845 -1.305033
-1.819104 1.399953
-1.836837 1.035576
-0.925911 -1.165091
-1.646824 1.154440
1.465753 -0.839080
-1.562473 1.297408
0.256501 -1.148158
0.272217 -1.218681
-0.650736 1.523414
-0.372159 -0.098899
0.581629 0.648665
-2.781758 0.187861
-1.647274 1.258335
-1.787009 1.439426
-1.390034 -0.097228
-0.925312 -1.243656
-2.755625 0.127324
-2.469748 0.106336
-2.808048 0.146601
0.711351 0.911738
0.635356 0.537313
-1.089881 -1.261883
-1.389573 0.081370
1.500270 -0.842289
1.421278 -0.817940
1.345445 -0.884845
1.410210 -0.868227
-0.327320 -0.097723
-2.184721 -1.077632
-0.962217 -1.441802
-2.703196 0.080788
-1.824634 1.374476
-2.109881 -1.353132
-0.628789 -0.222896
-2.228908 -1.021088
-1.549971 1.313002
-0.961511 -1.454547
-1.078405 0.020461
-2.169323 -1.250248
-0.338900 1.281808
-1.738940 1.276854
1.560541 -0.880692
-0.941606 -1.255375
-1.525520 -0.123056
-1.403644 -0.046850
-0.344093 -0.395251
-0.300836 1.328542
-2.457252 -1.338062
-2.473856 -1.299446
-1.314445 -0.072176
1.241819 -0.564553
-2.186927 -1.221223
-2.784703 0.188576
0.597265 0.726744
-2.399971 -1.228707
-2.484432 -1.265378
-2.232561 -1.347810
-0.279667 -0.155879
0.232261 -1.252547
-1.395598 -0.087475
0.707122 0.672397
-2.557137 -1.330835
1.304406 -0.593833
-1.229175 -0.072621
-1.548958 -0.072232
-0.335701 -0.354419
-0.198647 -0.187358
-1.336735 -0.069359
-0.340483 1.249006
-1.180432 -1.440937
-1.659848 1.198344
-0.394723 -0.253453
-0.903152 -1.328210
-0.605921 1.454644
0.487515 0.716410
-1.390707 -0.080157
-2.454263 -1.317351
-1.124598 -1.506767
-2.872596 0.200127
-2.327912 -1.224648
0.650359 0.623172
-2.225384 -1.403643
1.377574 -0.726681
-2.847528 0.228641
1.361796 -0.889460
-2.605560 0.229882
-1.385927 0.071886
0.792564 0.728227
-1.420936 0.167447
-1.785298 1.167973
1.500428 -0.622720
-1.037023 -1.558732
0.456349 -1.401418
-0.011093 -1.325647
-1.690475 1.206012
-2.850703 0.235889
0.786940 0.660251
0.693304 0.900120
-2.554489 0.147611
-2.257754 -1.282327
-2.282670 -1.005194
-0.457138 -0.250285
-1.197739 -1.494155
-0.623126 1.453954
-1.215999 -0.041636
-0.493754 1.287497
1.531614 -0.760013
1.335092 -0.478177
0.132737 -1.362112
-0.562087 1.315035
-0.846640 -1.424102
-1.344209 -0.177924
-2.727271 0.090605
-2.103306 -1.319985
0.498699 0.635899
-0.540360 1.547557
-1.116999 -1.362514
-2.759155 0.103243
-2.639742 -0.139232
-2.167217 -1.288718
-2.697509 -0.074551
1.523546 -0.630947
-2.969380 0.052521
1.346645 -0.792906
-2.717661 -0.105841
-1.555597 0.054489
-2.371679 -1.314947
-2.822393 0.267009
-0.548529 1.163320
-1.015392 -1.232075
0.155355 -1.178557
0.467923 0.791143
1.310433 -0.723644
-2.749529 0.036104
0.231796 -1.213304
-1.145208 -0.015444
-2.245918 -1.254412
-0.464278 -0.302606
-0.312202 1.152302
-0.853768 -0.193966
0.728815 0.532897
1.455404 -0.607376
-0.348346 -0.241172
-1.686308 1.248220
1.557335 -0.712690
-0.799650 -1.333330
0.566325 0.755164
-2.505817 -1.223630
0.313689 -1.310706
1.470651 -0.622998
-1.761315 1.196497
-0.211484 -0.271087
0.179635 -1.300319
0.430076 -1.073250
0.781723 0.613313
0.771913 0.692039
-0.313716 1.429502
-1.187587 -0.052936
-2.791225 0.224482
-2.305104 -1.358088
-0.977737 -1.533988
-1.282585 -1.517879
-1.021064 -1.254829
-1.181562 -1.183198
0.185696 -1.388365
-0.217156 -0.286453
-0.549824 1.403694
1.295013 -0.626359
0.327769 -1.157653
-0.544061 -0.226311
-2.261269 -1.358777
1.552890 -0.751242
-1.714520 1.267138
0.352484 -1.192074
0.578411 0.698246
-2.594035 0.007398
-2.138188 -1.235937
-1.855129 1.289495
-1.008095 -1.616542
0.209563 -1.398772
-1.571550 1.319000
-0.380285 -0.335665
-0.998635 -1.246339
-0.446898 -0.156384
-2.840533 -0.035287
-0.596419 1.315876
-2.318175 -1.298856
0.669546 0.802189
-1.220804 0.023115
-2.419517 -1.240387
0.596329 0.744357
0.144419 -1.155998
-0.494642 1.232016
-0.402325 -0.423780
-2.300947 -1.154880
1.502485 -0.722524
0.576791 0.900332
-2.800505 -0.078228
-1.856544 1.197962
0.759571 0.757652
-1.392498 -0.203510
-2.759252 0.324946
-0.425155 -0.166978
-0.587135 1.222207
0.255972 -1.312225
-0.620911 1.487144
0.245580 -1.161300
-2.873828 0.102475
0.369392 -1.376141
1.632780 -0.740507
0.803525 0.724492
-1.813706 1.245268
1.512308 -0.651943
-1.604324 1.132481
-0.386792 1.470118
-0.932097 -1.496788
0.143461 -1.389693
1.493656 -0.797737
0.659568 0.835507
-1.423863 0.139053
-2.191955 -1.329276
-1.819359 1.328252
0.716727 0.781056
-1.895827 1.355458
-0.977863 -1.436427
-0.373663 1.418358
0.557133 0.810446
-2.891973 0.037707
-0.654124 1.451267
-1.554212 -0.030087
-2.333832 -1.082397
-0.402238 1.337997
-0.270853 -0.284985
-2.873350 -0.034542
-1.508237 -0.028768
-1.423864 -0.079816
-2.709031 0.232395
-2.842573 -0.031458
0.165902 -1.258958
-0.961822 -1.491450
-1.523584 -0.172919
0.633394 0.802649
1.436001 -0.927523
-1.617660 1.159945
-1.653127 1.459364
0.203975 -1.422450
-1.753504 1.233772
0.587736 0.550374
-2.734015 0.037120
1.312899 -0.625648
0.177708 -1.255843
-1.389104 0.133724
-0.444552 1.255238
0.682505 0.618284
-2.534977 -0.037094
-1.868602 1.298030
-1.791377 1.240572
0.622627 0.580997
-0.683919 1.419697
0.593234 0.715142
-0.879479 -1.449040
-2.223226 -1.306147
-0.446348 -0.202779
-0.120321 -0.188148
-0.242945 1.296747
1.550866 -0.924768
0.762475 0.771585
-0.237768 -0.203949
-1.901562 1.374071
-2.736292 -0.221262
-0.444834 0.003416
-2.212550 -1.083739
-0.379157 1.350497
0.158605 -1.057464
-0.493032 -0.240638
1.586960 -0.686028
-0.929716 -1.523339
-2.237563 -1.025547
-2.903970 0.131252
0.480652 0.830764
1.450369 -0.547787
0.253071 -1.342114
-0.474310 1.357940
-2.173203 -1.237877
-0.878604 -1.375342
0.665684 0.954702
-1.717655 1.133501
-1.164304 -1.365467
-1.814618 1.286175
0.604784 0.653831
-2.775742 0.044106
-1.141015 -1.491750
0.112589 -1.296207
0.079966 -1.328628
-0.563097 1.444187
1.386508 -0.714545
1.347885 -0.749737
-2.864379 -0.099703
-2.631015 -0.113221
1.529101 -0.849971
1.255170 -0.747956
-1.538210 1.333885
-2.754251 0.112709
0.257320 -1.108901
-0.522705 -0.247013
1.431725 -0.591507
-0.366556 -0.103372
-1.681513 1.187841
-2.933555 0.097777
0.271444 -1.403525
-1.066229 -1.611823
-2.148369 -1.153809
-2.238437 -1.156695
0.585609 0.820587
-0.996111 -1.355688
-0.923095 -1.442768
-2.838795 0.238227
-1.234930 -1.468039
0.404634 0.610172
-2.231194 -1.046465
-2.762530 0.152417
-1.124888 -1.284903
-2.606952 0.086250
-0.531391 1.440445
1.449928 -0.721718
0.427884 -1.289376
-2.271674 -1.245948
-2.735550 0.085020
-1.736814 1.310050
-0.474137 1.485379
-0.585380 1.452074
-2.390609 -1.322521
-2.876383 0.119330
-1.376623 -0.118130
-1.063434 -1.436767
-0.655445 1.484604
0.642472 0.930296
-1.457147 -0.158710
0.300243 -1.172472
0.389634 -1.297850
-1.691396 1.093114
1.409567 -0.653224
0.254555 -1.345874
-1.181907 -1.344831
-0.686891 1.255399
0.271158 -1.425121
-0.306173 -0.049673
0.358817 -1.273943
-1.757794 1.276596
0.592913 0.800305
1.272786 -0.750124
-2.320042 -1.155681
-1.173199 -0.186640
0.465210 0.769072
-0.855928 -1.264056
-1.852685 1.184354
-1.256040 -0.118091
-1.478693 -0.119796
-0.372920 -0.070282
-2.491476 -1.183791
-1.758194 1.264504
-2.735912 -0.093666
-0.484061 1.420202
1.297356 -0.636041
-0.797503 -1.235425
-1.397631 -0.117856
1.429633 -0.756726
-0.575272 1.219913
-2.289086 -1.110493
0.586634 0.563497
-0.925977 -1.370751
0.614293 0.844662
0.363398 0.750334
-0.630936 1.417026
-2.788931 0.069139
-0.907538 -1.265467
-0.457921 1.367220
-1.672502 1.334651
0.179884 -1.175081
-1.659441 1.172207
-0.285241 1.425576
-1.711430 1.150116
0.194818 -1.441102
-1.049166 -1.297438
-0.234802 -0.237713
-1.050213 -1.481748
-1.350628 0.176725
1.239986 -0.780943
-1.787738 1.433021
1.618978 -0.933337
-0.887001 -1.418994
-2.248495 -1.114074
0.655394 0.797908
1.322572 -0.723219
-1.114470 -1.361084
-2.824702 0.130861
0.191243 -1.437121
-0.208776 -0.225713
-1.552232 1.299927
0.286581 -1.185322
1.437127 -0.687439
-1.217715 -1.534734
-2.278641 -1.192902
1.270323 -0.635898
-2.170808 -1.269832
-1.754948 1.146635
-0.327227 1.218789
0.397841 0.665476
-1.010549 -1.310422
1.445688 -0.734882
-1.503434 -0.001158
-1.775711 1.109024
0.665936 0.460227
-0.285714 -0.026916
-2.821691 0.045101
0.211729 -1.251930
-1.018971 -1.227103
0.430167 -1.138511
-1.716285 1.232421
-1.667792 -0.079686
0.644084 0.757072
-0.395503 1.529500
-0.977096 -1.503952
-1.805654 1.037934
0.631245 0.663953
-1.679829 1.123085
-1.251058 -0.081638
-0.433782 1.279298
-2.165476 -1.370363
-1.842347 1.165431
-1.784534 1.308240
1.470590 -0.482794
0.459962 0.520387
-0.145863 -0.257125
-2.381877 -1.445435
-1.451447 -0.029408
0.684328 0.632058
-2.344439 -1.353088
-1.274508 -0.102141
-0.337267 -0.128106
-1.003833 -1.251735
-2.260990 -1.121864
0.628741 0.843817
-0.487686 1.325898
-0.538443 1.240329
-0.303142 -0.134874
-1.771017 1.242947
-2.825671 0.209771
-1.433676 -0.273490
0.397730 0.544314
0.562564 0.797360
0.203341 -1.364950
0.371501 0.751973
-1.345712 -0.114264
-2.328758 -1.400138
-2.850290 0.153034
0.272636 -1.388145
-2.201201 -1.402468
-2.668507 0.045871
1.069218 -0.630096
-0.438820 -0.305206
0.384051 -1.277840
-1.305538 -0.139227
-1.532043 1.258981
-0.885209 -1.165914
0.633634 0.872226
-0.176261 -0.320309
-0.563961 1.547533
-1.069609 -1.353174
0.536370 0.498131
0.409135 -1.233634
1.443241 -0.824889
-1.202399 -1.333029
-0.807767 -1.370268
0.490545 0.668506
-1.536873 -0.063278
-1.097749 -1.360166
-0.954720 0.064141
1.327411 -0.410181
0.560244 0.553341
-2.326782 -1.033074
-0.339571 1.373416
1.282253 -0.718503
-1.685315 1.213137
-2.908872 0.211533
-0.466102 -0.274142
-1.478556 -0.029624
-0.575410 1.512943
-2.089961 -1.356602
-1.531982 1.348666
1.294887 -0.734460
-0.470907 -0.251090
0.512148 0.561637
-1.512282 1.299193
0.586423 0.563483
1.379159 -0.623191
1.667916 -0.675150
1.465249 -0.829139
0.678244 0.692477
-1.664666 1.241052
-0.394479 1.517752
1.365251 -0.918618
-2.756436 0.147944
-0.551223 1.422253
-0.467407 -0.290083
-2.741073 0.175053
1.284556 -0.682812
-0.269188 0.046881
-1.512898 -0.067124
0.676216 0.577184
0.802635 0.733313
0.626262 0.701362
0.812773 0.767961
-1.520779 -0.120998
-1.407905 -0.079579
-0.658013 1.316738
-1.222503 0.142856
-1.139952 -0.004601
-0.402469 -0.127756
1.412191 -0.609507
-0.313061 -0.266002
-2.441863 -1.384818
-1.582606 1.242873
-1.240827 -1.557187
-2.339108 -1.433602
-1.715665 1.321082
-2.643387 0.180947
-2.539869 -1.360103
-0.471895 1.329826
-0.519409 1.289107
-1.758500 1.199419
-2.167621 -1.274914
-1.107687 -1.333418
1.478814 -0.684108
-0.529023 -0.611602
0.545962 0.783098
0.789407 0.859201
-0.095024 -0.332879
-2.892407 0.054806
-0.991283 -1.345056
-0.943510 -1.428434
-2.217411 -1.000467
-0.739371 1.457632
-0.168821 0.041540
-0.409343 1.542046
0.539480 0.776544
-2.910747 0.129068
-1.812335 1.316977
0.700878 0.448260
0.684146 0.606294
-2.313104 -1.214945
0.856786 0.703342
0.533513 0.957308
0.429970 0.783317
-0.433325 1.471427
0.496631 0.872166
-0.243981 -0.081107
-1.154822 -1.351148
-0.952881 -1.315303
0.266318 -1.298964
0.548574 0.658033
1.581219 -0.606704
1.510044 -0.868738
1.544401 -0.700542
-0.346141 0.001630
-0.888225 -1.464656
-2.656048 -0.017776
-1.599267 1.212554
-1.036791 -1.327216
0.233206 -1.246166
0.189447 -1.323399
-1.374690 -0.036401
-2.197742 -1.292652
1.483404 -0.583621
-1.502538 -0.127573
-1.636516 1.458855
1.200641 -0.758524
-2.978011 0.134617
-0.266350 -0.188047
-1.049495 -1.367994
-0.994956 -1.385588
-0.684706 1.403230
0.454612 -1.321315
-2.210359 -1.157777
-2.508797 -1.202369
-0.406879 -0.288677
-1.056614 -1.122923
1.540426 -0.779281
1.052241 -0.733905
0.132115 -1.258754
-1.353920 0.066328
-2.309089 -1.220229
1.400653 -0.946337
-1.522902 0.137672
-1.831251 1.188139
-0.376951 -0.080496
-0.591428 1.367486
0.369687 -1.216956
-2.795168 0.246927
1.616134 -0.552604
0.238268 -1.307466
0.720036 0.702408
0.541596 0.525985
-0.144096 -0.290715
-0.340189 -0.126668
1.281903 -0.838844
-0.418624 -0.473908
-0.374019 1.376076
-0.513250 1.491627
0.632697 0.829144
-1.117929 -1.323663
-1.055148 -1.382642
-0.396335 1.246866
-1.067589 -1.294162
-2.766353 0.066032
0.862602 0.669811
-1.471658 0.065740
-2.811458 -0.002020
0.470101 0.760881
-0.542766 -0.146978
-1.290577 -0.170842
0.583174 0.801992
-2.654369 0.177798
-1.304164 -0.056412
-2.721216 0.222585
0.175070 -1.182254
0.209077 -1.212780
1.592629 -0.862262
-0.422044 -0.172066
-0.231989 -0.154576
-2.747366 0.022810
-2.903901 0.021447
-0.554598 -0.150449
0.277281 -1.450264
-1.765247 1.310805
-0.689495 1.352292
0.582812 0.626738
-1.494623 -0.017332
-2.348081 -1.138711
0.341913 -1.315079
-1.606145 1.177725
-1.109570 -1.469486
-1.684935 1.321465
-2.311713 -1.129898
-2.858078 0.204000
-1.199663 -0.050468
0.217233 -1.362503
-1.253119 -0.131648
-1.983169 1.386393
1.438678 -0.547199
-0.335426 1.494512
-2.370611 -1.279990
-2.413625 -1.366092
-0.487076 1.397701
0.117186 -1.447168
-1.402997 -0.165724
0.696119 0.693318
-0.317643 -0.247146
-0.242155 -0.192269
-0.414106 1.357373
0.525949 0.621132
-0.447815 -0.231878
-1.033221 -1.461943
-1.694903 1.449037
-2.858900 0.196256
-0.471260 1.215583
-2.805329 0.197440
-1.374093 0.009617
1.325139 -0.599738
-0.394873 -0.233533
0.139962 -1.245162
0.309397 -1.109090
0.563697 0.766726
-2.343359 -1.182516
0.462246 -1.161928
1.344232 -0.741117
1.541604 -0.969764
-0.642805 1.486284
1.453366 -0.783078
-2.356428 -1.287914
0.396037 -1.179534
-2.962319 0.155738
0.786147 0.803555
-1.684462 1.353467
-0.399832 1.369629
-2.169845 -1.256091
0.428519 -1.289973
-2.379749 -1.234136
-1.166494 -1.424698
-2.298236 -1.349799
-2.730108 0.165118
0.698280 0.832107
-0.415600 1.181559
1.276690 -0.696108
-0.940303 -1.507282
0.354390 -1.407368
1.417660 -0.771499
-2.728036 0.240974
-1.465001 0.070617
1.616433 -0.765488
0.436495 -1.325567
-2.609309 0.077853
-0.962560 -1.497597
0.303624 -1.396404
0.729354 0.671002
-2.660545 0.222529
0.647404 0.410943
1.596009 -0.819477
-1.801362 1.421640
0.123662 -1.157171
-1.628216 1.430178
0.271369 -1.394780
-0.494539 1.570879
-0.170419 -0.289947
-1.627021 1.197616
-1.042190 -1.481160
-1.353500 0.031650
-2.658955 0.299161
0.136770 -1.286923
-2.717345 0.024586
1.271806 -0.614084
-2.706803 -0.129150
-1.648196 1.268482
1.546667 -0.870821
-1.221545 -0.022014
-0.334832 -0.385349
-2.699639 0.087463
1.412271 -0.838389
-1.519152 -0.053728
-2.746991 0.010819
0.771872 0.628460
0.201467 -1.392992
-0.290105 1.298330
-1.415005 0.040422
-1.877638 1.104372
-1.613894 0.116812
-2.472131 -1.233586
-0.365199 1.310495
-1.390572 0.151262
0.578368 0.712082
-1.777719 1.325290
-1.169890 -1.432241
-0.482149 -0.230160
1.542471 -0.700648
-0.989610 -1.422232
-0.632015 1.183367
0.878422 0.814819
0.762774 0.725622
-0.602577 1.501541
1.531289 -0.925223
-2.296671 -1.130927
-2.203438 -1.139580
0.739164 0.744409
-2.218395 -1.348994
0.318439 -1.372337
-0.397086 -0.254716
-1.069253 -1.439155
-1.450458 0.035042
-2.524474 -1.242270
-1.724027 1.430723
1.514891 -0.745314
-1.241024 -0.026797
0.419139 -1.348692
1.456243 -0.706150
-1.698060 1.304412
-0.449922 1.330790
0.539630 0.636103
-1.104860 -1.342431
-0.514586 1.412488
-1.279679 -0.089730
-1.857467 1.314948
1.578189 -0.685606
0.608950 0.444089
-0.517980 -0.303369
-0.137143 -0.159517
-1.705643 1.071137
-0.867593 -1.484026
-0.268593 -0.249850
-0.243683 -0.209410
-2.691219 0.025289
-0.310105 -0.223240
-1.577610 1.346929
1.373715 -0.778058
-2.802526 0.230485
-0.912251 -1.332133
1.376883 -0.741285
-1.511037 0.039388
-0.929541 -1.298590
-1.375697 -0.228134
-0.614009 1.304211
-1.762022 1.162617
-2.735807 0.062745
-2.323381 -1.269414
-0.539095 1.367169
