300 2
-0.540525 0.340707
0.030828 0.847262
-1.818770 -0.350636
-1.579487 -0.326092
-1.201670 0.322627
-1.525449 -0.346150
-1.094771 1.212592
-0.341462 0.251194
-0.116201 0.534820
-0.601430 0.573578
0.504777 0.506650
-0.558033 0.636193
0.053047 1.122135
-1.035976 0.840201
-0.013985 -0.490328
0.061670 -0.246646
-1.521347 -0.154579
-1.081666 0.808390
0.279028 1.104426
-1.044753 0.157511
-1.594545 -0.200174
-0.551825 -0.803781
0.786337 0.523825
-1.528537 -0.426844
0.217811 -0.466436
0.128456 1.088927
-0.885393 1.124256
0.085899 1.117021
0.175300 1.165059
-0.339578 1.576261
-0.397393 1.580392
-0.334587 1.772416
-1.712383 -0.448088
-0.142281 0.854678
-0.161168 0.358206
0.028620 1.075112
-0.487221 1.598927
-0.148238 0.978775
0.888929 0.453700
0.826905 0.670594
-0.358892 -0.244753
-1.025871 1.105778
-0.717528 -0.741894
0.039601 -0.328412
-0.472251 1.403445
-0.053632 0.371145
-1.070040 0.315786
-0.620034 -0.680995
-1.458212 -0.379558
-1.736426 -0.481790
0.624402 0.638828
-0.704208 -0.625660
-0.644845 -0.414867
-0.502089 1.248795
0.354747 -0.270988
-1.579085 -0.539276
-1.573808 -0.461060
-0.762174 0.258433
-1.715069 -0.463594
-0.069423 1.026260
-0.621947 -0.855580
-0.613047 -0.005733
-0.567891 -0.890862
-0.638855 -0.910579
-1.727572 -0.283667
-1.167004 1.138207
0.734143 0.477778
-0.359604 0.662986
-1.018048 0.336068
-0.601926 1.545875
-0.967818 0.904724
0.075838 -0.058722
0.930691 0.633874
-0.024135 1.100448
0.296582 1.074665
-0.166414 1.649468
0.887044 0.565838
-1.202621 1.034901
-0.936721 1.055328
-1.666574 -0.276439
-1.689827 -0.437260
-0.988709 0.250826
-0.322377 1.538081
0.124133 1.255351
-0.422564 0.211460
1.014743 0.582610
-1.669803 -0.514117
-1.029423 0.936055
0.341820 1.086644
-1.687251 -0.480615
-1.167765 1.023742
-1.593205 -0.447297
-0.765339 0.381835
-0.172758 1.173675
-0.467204 -0.739726
0.005461 -0.157583
0.247530 1.117924
-0.435602 0.099707
-1.087585 1.176721
0.908391 0.579719
0.214231 1.215292
-1.456657 -0.495077
-0.921020 0.911237
-1.182020 1.089175
-1.100508 1.286659
-0.780219 -0.690402
-1.014356 0.262941
-0.896711 1.125977
-0.645457 1.350864
-0.409384 1.428974
-0.253301 0.592254
0.839447 0.643024
-0.016413 1.061862
-0.642328 -0.902121
-0.390097 1.665582
0.906221 0.570886
-0.688690 0.217383
0.155431 -0.372400
-0.764336 0.950308
-0.569459 1.650012
-1.437694 -0.158235
-0.468863 -0.526951
0.079336 0.280906
-0.233592 0.544050
-1.696308 -0.245622
-0.586898 0.697944
-1.626086 -0.269759
-1.160675 0.914851
-0.244053 0.599195
-0.799413 0.240827
-0.947222 1.248895
-0.615433 0.342430
-0.500736 1.722964
-1.410714 -0.436823
-0.489786 0.635578
-0.304666 0.462347
-0.552693 -0.076625
-0.453603 0.029060
-0.665852 -0.660919
0.181503 1.201107
0.886903 0.613529
0.540045 0.738345
-0.497899 -0.908793
-0.608794 0.240040
-0.980466 1.202613
-0.318955 1.665391
0.844847 0.674954
-0.118061 0.525943
-0.929318 0.316654
0.212108 -0.044862
-0.660842 -0.752120
-0.622497 -0.873652
-1.856300 -0.292074
-0.059304 -0.371108
0.033254 -0.394529
0.553352 0.707410
0.165361 -0.449998
-0.151896 0.590234
-0.299584 1.541259
0.200257 -0.208882
-1.085123 1.305099
0.152703 0.926438
0.092360 -0.265331
-1.101444 0.122061
-1.127389 0.228900
0.272141 -0.327317
-1.737249 -0.171431
-0.324630 1.393012
-1.164774 1.080402
-1.597322 -0.205977
-0.536301 0.065605
0.102622 0.006534
-0.029763 -0.420565
-0.256965 1.495223
-0.486370 0.186665
0.027637 -0.443405
-0.820530 0.902611
-1.637747 -0.262300
-0.524855 1.585480
-1.030908 0.669880
0.452537 0.770681
-0.269061 0.675899
0.092753 -0.373980
-0.681223 0.189477
0.027269 1.097492
-0.594982 0.060934
-0.801674 1.247750
0.838498 0.402504
-0.728713 -0.653978
-1.256855 0.180437
-1.495271 -0.475361
0.130649 1.133735
0.156023 0.965141
-0.620882 0.164501
0.667303 0.612485
0.126723 0.324637
-0.380262 1.577815
-0.064525 -0.302938
-1.038894 1.088827
-0.916068 0.251959
-1.229764 0.188846
-0.488543 1.549834
-0.220627 1.518263
-1.153527 1.201038
-0.432990 1.331373
-1.124756 0.260342
-0.584034 0.193388
-1.205053 0.221238
-0.537393 1.597362
0.119175 1.139701
-0.742962 -0.559237
-1.157687 0.356310
0.119344 -0.365712
-0.481141 -0.566747
-1.162416 1.135204
0.000115 0.421395
-1.460079 -0.261440
0.021821 1.044727
0.762936 0.480483
0.682158 0.657423
0.718305 0.523964
-1.858239 -0.341928
0.212536 -0.320453
0.368707 1.122086
-0.618433 -0.931209
0.513499 0.424524
-1.159906 0.890610
-0.476442 0.052435
-1.112751 1.079461
-1.470105 -0.529660
0.738454 0.607554
-0.570615 1.486729
-0.872380 0.049420
0.582700 0.625323
0.756616 0.560264
-0.500063 1.316380
0.244527 1.202262
-0.603446 0.150259
-0.960893 0.224695
-1.016804 0.212531
-0.371950 1.688628
0.921486 0.629620
-0.353430 0.372070
-0.396314 1.669412
-0.695340 -0.779608
-0.890686 0.368222
-1.179979 1.142414
0.137764 -0.069527
-0.485226 1.647967
-1.571778 -0.387017
-0.428259 1.707500
-0.500278 -0.741622
-0.623183 1.379902
-1.075997 1.327655
-1.602241 -0.422175
-0.386441 0.299742
0.866480 0.427537
-0.424222 1.573638
-1.016561 1.132842
0.692964 0.568583
-0.550052 0.194250
-0.721771 -0.758333
0.784973 0.469479
-0.490730 0.019261
-1.715453 -0.371920
-0.444133 0.372681
-1.035811 1.212036
0.057464 -0.258657
-0.298510 0.008953
-1.028126 0.280044
0.642230 0.387721
-0.516777 0.156377
-1.058589 0.939013
-1.388965 -0.298176
-0.406957 1.393978
-0.911961 0.139500
-0.406203 1.708161
0.948219 0.513833
-1.550295 -0.564458
-0.358560 1.377858
-1.568293 -0.396137
0.707806 0.419162
-0.584921 1.391360
0.022552 -0.297334
0.126269 1.291233
-0.183356 0.219411
-0.437204 0.034444
-0.223919 0.720851
0.803356 0.582868
-1.232093 0.925185
-0.532733 -0.703952
-0.423158 0.409573
-0.272762 0.618580
-0.400889 0.449533
0.030538 -0.346389
-1.573888 -0.055794
0.181511 -0.121568
-0.437898 0.544961
-1.592043 -0.269750
-0.965444 0.034282
