500 2
0.888552 -0.873318
1.654438 0.772857
3.351295 -0.334111
2.443219 -0.941517
1.794366 -0.299366
3.341677 -0.217459
2.421629 1.851232
1.140170 -0.096264
1.127289 0.016569
0.495421 -0.950215
-0.088942 0.577156
-0.026054 0.567764
0.641502 -0.890575
1.007161 0.095407
1.534574 0.908092
2.332199 -1.177396
1.748912 0.642073
2.292820 1.472660
1.892666 0.799428
2.315726 -1.023275
0.123577 0.379502
1.850137 -0.315344
0.863172 1.115776
3.485989 -0.426880
2.006747 -0.264435
2.306841 -0.989004
3.354283 -0.279453
3.483724 -0.352181
1.005488 -0.000479
0.723330 1.357575
2.433302 -0.942164
1.657542 0.746813
0.846567 1.092795
1.001699 1.417036
2.707750 0.465032
0.983618 1.150286
2.505684 -0.861778
-0.101692 0.471063
0.590918 -0.808744
2.365250 1.559732
0.045208 0.335387
3.375717 -0.392442
1.384610 0.923704
2.276864 1.732685
1.103009 -0.028027
0.767220 -0.904114
2.499955 0.642379
1.779400 -0.315726
0.884585 1.309307
2.494278 0.362946
0.968547 1.458178
2.699822 0.688092
1.790709 -0.356269
1.835950 -0.071935
1.754702 -0.042657
1.038239 1.356672
1.010870 0.025088
1.759025 0.718959
0.055520 0.293670
2.420787 -0.928115
1.031292 0.145372
2.633609 0.440664
3.498610 -0.418644
0.113414 0.380995
0.832376 1.494527
2.452065 -1.127174
1.581208 0.847824
2.132876 1.546216
0.779618 1.306040
2.133356 1.646380
2.396264 1.927166
0.186463 0.572399
2.507279 -0.960257
0.142094 0.363635
2.752017 0.633762
0.006208 0.324823
0.924658 1.055400
2.649300 0.766558
0.853036 1.103539
3.455278 -0.273667
0.663006 -0.815682
2.433553 1.816801
1.714069 0.651078
0.178898 0.508504
2.400232 -0.994143
0.696512 -0.704725
2.768498 0.543417
3.496436 -0.159916
1.762238 0.679214
2.288098 1.801814
1.448516 0.816520
-0.200427 0.475040
2.671563 -0.982016
1.074683 -0.055389
-0.099243 0.505620
0.877751 1.442371
3.503240 -0.339742
2.359118 0.578798
2.370559 -0.908160
0.854614 1.512831
-0.002311 0.443025
0.830875 1.444929
3.320679 -0.264457
3.616858 -0.179025
-0.097907 0.443792
3.530787 -0.265724
2.563428 0.680964
2.463654 0.733105
2.327521 1.602348
2.589309 -1.003753
2.572118 0.801887
2.601536 0.579746
2.595292 0.564699
0.097872 0.671088
0.087263 0.329527
3.395636 -0.293534
2.561757 0.512368
1.936889 -0.568357
-0.032433 0.402326
2.279134 -1.035831
0.645085 1.294059
-0.118485 0.268575
2.195318 1.753539
2.027428 -0.332978
0.660264 -0.967670
0.716699 -0.869213
2.438378 1.756771
2.122067 1.513083
1.915385 -0.183639
3.530812 -0.333939
1.803885 -0.289825
0.860382 1.509672
1.957630 -0.236416
0.792570 1.116686
3.326854 -0.273735
1.878969 0.003823
2.626565 -1.005145
1.612555 0.878985
2.347516 1.864766
0.106850 0.455732
1.892413 -0.363622
2.422826 -0.737626
2.395048 0.538479
0.675291 -0.707630
1.976632 -0.330481
1.062812 0.478426
1.431154 0.710930
0.925049 1.324890
1.034237 0.029363
2.625385 0.456533
3.434400 -0.434301
3.515139 -0.425001
1.983222 -0.233504
2.520066 -0.805845
3.385531 -0.094250
3.391432 -0.204097
0.084246 0.169469
2.072542 1.798445
2.242592 1.604578
1.933263 -0.200201
0.717173 -0.907068
0.938052 1.203847
1.085303 0.093605
2.746033 0.553257
1.058420 1.287188
2.331966 1.828611
0.759440 1.246285
0.920992 0.272798
1.791275 -0.183747
0.991207 1.384415
2.580927 0.800033
2.240208 1.811194
0.748984 -0.761616
0.062651 0.571707
-0.063445 0.447139
3.662015 -0.232295
0.712250 -0.735207
1.000788 0.277729
0.140343 0.299687
0.278147 0.534100
0.156077 0.400986
2.496405 0.486278
0.709394 1.309140
1.007638 0.212114
2.798023 0.381907
0.897699 1.342008
0.969407 -0.013183
0.750319 -0.748788
0.659408 -0.990995
2.234451 -0.979244
-0.019717 0.476993
0.755920 -0.897106
2.332726 1.741779
2.640965 0.578437
0.752901 -0.978289
0.569595 -0.846562
2.600181 -1.064666
1.023403 0.036566
0.795034 -0.772736
1.735461 0.528090
1.684925 0.827689
2.189413 1.481099
0.992849 0.007229
2.068758 1.747064
2.353571 -1.054149
1.625318 0.793400
0.880386 1.571157
3.302305 -0.224537
1.636937 0.872367
1.623050 0.186477
0.264829 0.194391
2.705002 0.625883
0.986595 1.216741
3.282486 -0.341090
1.595330 0.666550
1.616766 0.605134
0.839488 1.456957
1.004613 0.057924
0.689739 -0.910163
2.404155 -0.842028
1.829001 -0.052310
2.294460 1.949145
0.611711 -0.874539
1.686798 0.774564
0.087952 0.218476
2.368910 1.730997
0.710794 -0.836815
2.688883 -0.959268
2.340625 -1.077321
2.809633 0.566604
2.574083 -1.115407
2.457871 0.515105
2.582755 -1.091546
1.077335 0.241732
1.716578 0.655988
3.314249 -0.256697
0.936536 0.009600
2.125751 1.662752
3.279755 -0.335343
1.792181 -0.024255
1.937221 1.640407
0.950936 1.305358
1.850029 -0.199277
0.805398 1.121416
3.297475 -0.180856
3.407838 -0.341462
0.898125 1.507241
0.808647 1.182159
0.973896 1.259080
2.441360 1.941882
1.685732 0.786061
2.465158 -1.023186
2.673259 0.648116
0.242397 0.577454
1.066661 0.150286
2.197498 1.563309
1.803593 -0.335952
2.089290 1.716422
2.387258 -1.022810
1.851990 -0.291552
0.837275 1.299329
2.416251 0.511016
1.035008 0.390735
1.890163 -0.056677
0.765490 -0.972254
1.797181 -0.354208
2.274330 1.609806
2.428208 0.667198
1.922655 -0.226767
0.895557 1.123419
2.030191 -0.361879
0.509307 -0.903587
0.811218 -0.789057
1.387771 0.753510
2.448422 -0.814093
0.059752 0.210738
2.673131 0.577770
1.761555 0.882559
0.800599 -0.800809
0.753976 -1.061827
0.471990 -0.926872
1.970326 1.661610
2.278193 1.743274
2.450499 1.789738
1.892280 -0.258227
0.954496 0.112640
1.958610 0.655010
-0.043702 0.565123
2.066064 1.614968
1.551906 0.724973
3.458141 -0.280447
1.497599 0.732305
0.933479 1.284532
0.977227 0.035516
0.742152 -0.894737
1.145889 0.202251
2.437812 -1.054405
2.461541 -1.013563
1.917246 0.675126
0.940203 1.307652
2.448305 1.564792
0.933885 1.378786
2.451751 -0.833417
1.812889 -0.447212
1.730202 0.736040
3.574427 -0.203480
1.852236 -0.316014
2.619490 -1.056997
2.565174 0.483202
2.564165 0.375796
2.527253 -1.000164
1.120794 -0.085240
1.005584 0.007399
-0.073256 0.317524
0.803020 1.463906
3.313618 -0.351169
1.110487 0.156180
0.845431 -0.943069
0.786094 -0.871172
2.439763 -1.199446
2.428389 -1.136778
2.393541 1.858180
0.728323 -0.762111
1.021833 1.218794
1.724346 0.604687
0.547110 -0.696702
0.973313 1.352304
1.814262 -0.215600
2.328915 1.648451
0.749070 1.184108
2.386467 -1.075238
2.383302 1.903316
1.095218 0.219492
0.552650 -0.764666
2.553392 0.650883
1.713775 -0.189898
0.013992 0.622944
0.812793 -1.023198
2.716470 0.483226
2.246655 1.835183
2.048592 1.712601
1.580292 0.591412
3.338753 -0.250645
1.090033 0.015105
2.250878 1.763217
2.250737 -0.866083
1.606056 0.642622
1.693748 0.769677
2.699944 0.630821
2.551008 0.632813
3.317754 -0.246998
1.119102 0.070271
1.789923 -0.099372
2.388955 -0.860619
2.595383 -0.969232
2.318395 1.571885
0.155822 0.338044
1.906270 -0.201718
2.676754 0.524347
-0.027659 0.162682
0.043103 0.487367
2.450220 0.576038
0.062118 0.253534
2.399348 -0.929815
0.579840 -0.892332
3.331637 -0.311568
1.190011 0.204692
2.640618 0.586468
2.236573 1.786159
2.568445 -1.189683
-0.140795 0.472927
1.625713 0.509524
2.356182 1.943435
-0.011117 0.409127
-0.052605 0.449841
0.800640 -0.779057
2.652466 0.522845
3.279381 -0.197853
2.371147 1.602861
0.048561 0.492039
1.060525 1.223152
2.492342 0.507281
0.759605 -0.791552
3.490512 -0.222894
2.095746 1.665255
1.632428 0.839575
2.736140 0.484708
2.285768 -1.074349
0.131235 0.464409
1.792031 0.760341
2.821336 0.708080
2.633841 0.594519
0.507818 -0.772785
1.062723 0.101988
1.128669 -0.038234
2.748505 0.575739
2.559115 0.801617
1.949898 1.355290
1.595422 0.582217
1.899870 -0.210549
0.918547 0.263611
2.220450 -0.879094
2.669785 0.466776
2.334521 -1.129761
0.199665 0.397063
3.383493 -0.346094
0.310564 0.564581
1.831974 0.649162
-0.115067 0.372657
2.411857 1.952624
0.172150 0.498130
3.529054 -0.295452
1.860223 -0.180729
1.755271 0.763666
-0.028937 0.278758
0.627819 1.220477
0.960277 -0.063888
0.645592 -0.834332
2.512609 -0.807545
2.193825 1.720351
0.089847 0.465763
0.890924 1.501602
2.513233 1.809192
3.456321 -0.146201
2.280721 -1.168317
1.717775 -0.211915
1.845043 0.594269
0.056438 0.498172
1.025185 0.106336
2.502385 -1.066480
0.881924 -0.850357
0.023099 0.472058
0.760581 1.530313
0.281679 0.350401
1.083170 0.175195
0.916514 -0.853272
0.779918 1.162993
0.127733 0.274765
2.250774 1.848044
2.501013 -1.194907
1.571766 0.685056
3.487555 -0.299539
2.445659 -1.077367
1.699969 0.639563
2.201283 1.427675
0.157137 0.492738
2.400114 0.491281
3.346421 -0.344577
2.481319 -1.073951
1.721325 -0.176311
2.595322 0.657083
0.650913 1.180572
-0.055643 0.379513
1.678806 0.783275
2.160122 1.754895
1.527642 0.629066
1.883393 -0.434523
2.748551 -0.983612
3.421237 -0.458514
0.933295 -0.005325
0.842450 -0.892851
1.683343 -0.095973
2.068074 1.585400
0.886807 1.496289
0.757232 1.206628
3.585711 -0.282649
0.754744 -0.732147
2.354969 1.841926
1.544637 0.764524
3.503153 -0.230043
1.971321 -0.367431
2.151080 1.810245
0.723005 1.374503
0.493555 -0.719560
2.552079 0.461296
0.542561 -0.815621
2.158375 1.784166
0.915951 1.204910
2.564927 0.518178
2.409389 -1.181473
2.425599 -1.120714
0.767537 1.365371
3.500406 -0.224128
1.789513 -0.109206
1.944371 -0.351143
0.108909 0.249486
1.917042 -0.272158
1.896642 -0.420947
1.966266 -0.029294
0.053413 0.408170
2.290703 -1.015327
-0.133551 0.326931
3.443225 -0.423656
1.642802 0.718609
0.821783 1.542723
1.686851 0.715987
2.444229 1.833403
3.492254 -0.196747
3.259923 -0.409790
2.255968 -0.875839
