300 2
0.675390 0.886090
-0.550809 1.400112
0.001778 -0.975381
0.043034 -0.871855
0.615747 0.347034
0.162869 -0.759806
0.413818 1.452713
0.765199 0.819489
-0.318605 0.291999
-0.014702 0.263753
-0.975307 0.618300
0.132995 0.318422
-0.407711 1.549630
0.309129 1.676286
-0.482436 -0.256300
-0.155974 -0.124182
0.118142 -0.810010
0.327482 1.372030
-0.756822 1.613052
0.206786 -0.076636
0.247388 -0.637247
1.113944 -0.162441
-1.129009 0.477937
0.348678 -0.881864
-0.607008 -0.289058
-0.412956 1.649722
0.410507 1.471729
-0.753870 1.286052
-0.695445 1.649700
-0.026655 0.984785
-0.140314 1.037639
-0.115965 0.721518
0.043873 -0.950216
-0.500956 1.243666
0.573206 0.652699
-0.640324 1.621426
-0.062210 1.162177
-0.439404 1.461493
-1.375596 0.724937
-1.027347 0.616278
0.022709 -0.193899
0.525819 1.250982
1.146057 -0.126676
-0.558721 -0.400724
-0.027638 0.677127
-0.197749 0.224597
0.388714 0.142970
1.164217 0.102319
0.027344 -0.780176
0.155994 -0.966908
-1.138107 0.717298
1.091800 0.017176
0.961896 0.075751
-0.325242 0.643430
-0.745898 -0.218970
0.452873 -0.925794
0.316502 -1.057551
0.775776 0.693897
0.240760 -1.087180
-0.430621 1.669522
1.226183 -0.142898
-0.093893 -0.168489
1.268115 -0.055892
1.197413 -0.166340
0.156390 -0.761910
0.577513 1.557870
-1.164088 0.603639
-0.118864 0.489421
0.280330 0.302346
0.013428 0.886283
0.212163 1.636588
-0.544392 -0.124320
-1.190693 0.645417
-0.442507 1.601579
-0.738127 1.475961
-0.326433 0.741696
-1.223709 0.555138
0.201869 1.531117
0.452803 1.332839
0.243551 -0.882274
0.232057 -1.011299
0.233370 -0.063095
-0.158391 1.026062
-0.571518 1.477482
0.599785 0.716237
-1.375979 0.684839
0.065469 -1.089287
0.443360 1.633136
-0.601259 1.728920
0.277539 -1.108392
0.544904 1.595187
0.334333 -1.103109
0.145226 -0.005799
-0.268178 1.495591
1.118506 -0.148432
-0.357834 -0.224099
-0.687359 1.585551
0.747159 0.703977
0.386349 1.572427
-1.265974 0.719292
-0.549051 1.671507
0.377804 -0.929326
0.589513 1.557795
0.582450 1.436089
0.630490 1.307397
1.157934 0.044656
0.514649 0.131777
0.472989 1.371334
-0.183188 0.798090
-0.167969 1.137327
-0.273389 0.222253
-0.918008 0.700411
-0.545048 1.608518
1.109895 -0.018301
-0.051148 0.747564
-1.241502 0.564101
0.908127 0.580474
-0.612471 -0.383183
0.240327 1.400468
-0.075973 0.690105
0.161012 -0.741719
-0.329222 -0.269975
-0.567145 0.147516
-0.176972 0.272877
0.270146 -0.852737
0.106342 0.143740
-0.016114 -0.954131
0.676632 1.373122
-0.213747 0.281367
0.127307 0.206969
0.337162 1.492044
0.749317 0.812643
-0.034110 0.970224
0.240201 -0.711165
0.130799 0.372181
-0.129260 0.204187
0.963254 0.587367
1.014572 0.673249
1.256954 -0.062862
-0.664693 1.707630
-1.315758 0.591708
-1.072295 0.857914
1.228172 0.010699
0.962371 0.793311
0.485738 1.304695
-0.248848 1.014053
-1.163260 0.750391
-0.301663 0.383071
0.495983 0.136614
-0.513866 0.033407
1.196720 -0.068874
1.319009 -0.130380
-0.024511 -0.571572
-0.491060 -0.340912
-0.631186 -0.406171
-0.995456 0.792577
-0.519703 -0.374331
-0.250173 0.296353
-0.243280 0.905050
-0.620099 -0.248016
0.444770 1.452899
-0.554967 1.683518
-0.576564 -0.360223
0.444997 -0.173951
0.468061 0.112568
-0.574108 -0.235813
0.114708 -0.875373
-0.186243 1.112469
0.352338 1.667192
0.399531 -0.867951
0.842973 0.540902
-0.758969 -0.124557
-0.503750 -0.356145
-0.306283 0.922190
1.049119 0.718887
-0.364529 -0.491077
0.342043 1.564418
0.233617 -0.938766
-0.200410 0.932893
0.693242 1.423514
-0.960222 0.838227
-0.095667 0.332949
-0.461801 -0.257980
0.812338 0.593962
-0.511456 1.739412
0.838673 0.598897
0.306243 1.115400
-1.211011 0.682814
1.086707 -0.077328
0.422693 -0.059334
0.347645 -0.816041
-0.564385 1.685526
-0.480483 1.511315
0.947679 0.725558
-1.328946 0.623422
-0.417497 -0.006694
-0.028540 1.061360
-0.449289 -0.192005
0.304432 1.409491
0.448238 0.175845
0.407939 -0.095255
0.110754 0.814480
-0.223054 1.101120
0.495287 1.520135
-0.280994 0.633433
0.441503 0.058971
0.806971 0.758144
0.485641 -0.009890
-0.134991 0.729350
-0.570543 1.568341
1.004802 0.094496
0.364470 0.172741
-0.630616 -0.212722
1.103830 0.161986
0.289055 1.469140
0.462303 0.743196
0.086222 -0.775933
-0.587096 1.473590
-1.278285 0.588141
-1.038298 0.691301
-1.086576 0.764874
0.223662 -0.904438
-0.438737 -0.078496
-0.696131 1.691274
1.080915 -0.090899
-0.812088 0.628407
0.648151 1.296528
0.945794 0.839091
0.559837 1.540941
0.341342 -1.051706
-1.018648 0.462880
-0.194257 0.799057
0.681405 0.164351
-0.968161 0.792489
-1.213138 0.756661
-0.177875 1.015705
-0.724166 1.669746
0.900034 0.846327
0.398710 -0.005805
0.462184 -0.046171
-0.158130 0.799703
-1.390016 0.663242
-0.020208 0.147000
-0.233701 0.948692
1.231519 0.066930
0.444364 0.065141
0.319573 1.551529
-0.743648 -0.081448
-0.023234 0.781612
0.447591 -0.941007
0.004265 0.863131
1.181855 -0.118623
0.047853 0.760566
0.532343 1.528929
0.233703 -1.104129
0.940315 0.644740
-1.254148 0.699877
-0.095203 0.941359
0.496916 1.295606
-1.163498 0.531303
0.891928 0.710311
1.238008 -0.006866
-1.235661 0.742230
0.965729 0.503644
0.371779 -0.812846
0.603351 0.779008
0.380527 1.488189
-0.512849 -0.196433
0.813052 0.718424
0.566112 0.071872
-1.049659 0.740986
0.945620 0.701128
0.636986 1.369133
0.134168 -0.941742
-0.166350 0.847933
0.114032 0.002931
-0.244058 0.850368
-1.346761 0.801199
0.227650 -0.982193
-0.094702 0.853526
0.356380 -0.972062
-1.079857 0.673685
0.005814 0.971551
-0.425955 -0.375589
-0.486425 1.557727
0.565302 0.649086
0.946814 0.718142
-0.260357 0.389503
-1.068539 0.529044
0.521685 1.541660
1.204077 0.000388
-0.001289 0.157139
-0.147180 0.266259
-0.063955 0.207698
-0.444831 -0.279474
0.131968 -0.776309
-0.588740 -0.173619
0.075019 0.384129
0.019746 -0.978920
0.382443 -0.035832
