300 2
0.314802 -0.076800
1.233315 0.853190
-0.971773 1.102784
-1.061350 1.042938
-0.003752 0.179251
-1.017349 0.830159
0.921747 -0.053054
0.269536 -0.128143
0.179623 0.981330
0.126862 0.765378
1.094699 1.577517
0.090785 0.531986
1.660616 0.537374
0.755688 0.076890
-0.191695 1.439463
-0.158323 1.172089
-0.801839 1.042404
0.711304 0.066804
1.512798 0.908044
-0.456261 0.756847
-0.929161 1.077954
-0.802254 -0.301512
0.984209 1.720735
-1.055768 0.871358
-0.117879 1.474055
1.536178 0.511729
1.061568 0.095805
1.305947 0.814128
1.647972 0.782059
0.663454 0.859081
0.680656 0.583813
0.760183 1.036958
-0.918545 1.252469
1.197355 0.898132
0.414729 0.170740
1.557024 0.675242
0.739858 0.664488
1.221845 0.839616
0.977078 1.953513
1.070229 1.737765
-0.184588 0.991460
0.941346 -0.096528
-0.671465 -0.265222
-0.309499 1.405141
0.476266 0.837024
0.137212 0.882819
-0.386094 0.470295
-0.477811 -0.345873
-0.998149 0.992343
-1.164847 0.960925
1.010337 1.749119
-0.475524 -0.241210
-0.427664 -0.044170
0.673214 1.169373
-0.197927 1.615681
-1.169739 0.919353
-1.178638 1.126723
0.208419 -0.036206
-1.071092 1.009676
1.496214 0.647341
-0.646759 -0.376191
-0.320488 0.952996
-0.639358 -0.434725
-0.718990 -0.314683
-1.091702 0.888243
1.010575 -0.017593
0.965338 1.951271
0.282231 0.584864
-0.130256 0.435663
0.659549 0.781652
1.069231 -0.151536
0.009059 1.370890
1.067516 1.849846
1.341278 0.637294
1.554176 0.934554
0.797362 0.948884
0.895667 1.896574
1.085386 -0.075255
0.846933 -0.187476
-1.038347 0.954764
-1.211114 1.059975
-0.305961 0.428991
0.801785 0.771986
1.603359 0.579717
0.278028 0.016863
1.212194 1.883443
-1.109140 1.138826
1.050774 -0.209464
1.550780 0.938256
-1.288316 0.863409
1.171587 -0.015452
-1.273278 0.942112
-0.012823 0.738517
1.322777 0.428078
-0.684036 -0.170546
-0.164790 1.252635
1.502382 0.801660
0.254280 0.118640
0.893288 0.043575
1.185737 1.879110
1.587536 0.654656
-1.017671 1.014596
1.236962 -0.000638
1.070645 -0.038224
0.909286 -0.013341
-0.650429 -0.353072
-0.309557 0.356713
0.925696 0.056031
0.783270 0.578072
1.010835 0.754418
0.260435 0.773976
0.869586 1.757857
1.403409 0.712356
-0.589300 -0.371336
0.664457 0.793708
1.122933 1.924084
0.036402 -0.220512
-0.177628 1.496158
1.069757 0.203550
0.842941 1.033045
-0.813605 0.914112
-0.245281 1.415656
0.421829 1.221543
0.146169 0.766778
-1.179633 0.905806
0.110772 0.735716
-1.006147 1.084353
0.878481 -0.207096
0.177356 0.799499
0.013531 0.582469
0.814311 0.016444
0.258264 -0.037354
0.850863 0.923396
-0.894001 0.841725
0.077966 0.467894
0.107070 0.887850
0.164187 -0.273565
0.239294 -0.206321
-0.592184 -0.291007
1.587861 0.772357
1.104877 1.918179
1.094352 1.595995
-0.605862 -0.357547
0.251034 -0.297273
1.199978 0.051994
0.811279 0.837048
1.139049 1.829589
0.203733 1.106969
-0.357814 0.272363
0.085261 1.486704
-0.655287 -0.357566
-0.650891 -0.395165
-1.026681 1.232772
-0.504831 1.306166
-0.266433 1.462814
0.981707 1.492942
-0.272306 1.291969
0.187123 0.950079
0.779667 0.650337
-0.056635 1.439495
1.189714 0.046381
1.505692 0.695181
-0.287666 1.405222
-0.621780 0.531043
-0.325892 0.436715
-0.298453 1.467487
-1.007362 0.702853
0.654521 0.837712
1.118801 0.000979
-0.967638 0.904427
0.224153 -0.156274
0.126679 1.406213
-0.244410 1.495010
0.769487 0.689576
0.181469 -0.343641
-0.330148 1.335199
0.876729 0.128829
-1.079976 0.891356
0.578088 0.944163
0.801972 -0.208019
1.082259 1.665824
0.198670 0.737487
-0.181428 1.295652
0.098839 -0.019044
1.596943 0.640892
0.059559 -0.302719
0.999748 0.213500
0.894619 2.011364
-0.830226 -0.193918
-0.391524 0.489459
-1.082100 0.689597
1.509974 0.738966
1.369993 0.948529
0.198648 -0.141437
1.013450 1.976621
0.240952 1.387264
0.798894 0.655939
-0.100961 1.364303
1.027949 -0.064050
-0.173030 0.273452
-0.518551 0.544543
0.728558 0.776892
0.898228 0.731771
1.250421 -0.092561
0.847279 0.954970
-0.344655 0.477141
0.157660 -0.223472
-0.414666 0.455093
0.595054 0.792217
1.557568 0.699564
-0.455322 -0.234793
-0.226620 0.504048
-0.274872 1.382498
-0.507006 -0.238463
1.150360 0.026142
0.402318 0.228620
-0.862335 0.956478
1.512438 0.769452
1.143666 1.742656
0.969667 1.656071
0.944300 1.818479
-1.319616 1.021721
-0.191085 1.410322
1.647297 0.980826
-0.561471 -0.082777
0.522296 1.543120
1.052073 -0.242479
0.281486 -0.164636
1.004068 -0.089257
-1.217000 1.125328
1.059081 1.736011
0.828122 0.825452
-0.267655 0.225221
0.856401 1.639764
1.136428 1.894554
0.909815 0.824733
1.629152 0.769035
0.156477 -0.340463
-0.309674 0.499962
-0.326730 0.376720
0.789219 0.871678
1.052945 1.615785
0.141207 0.645625
0.636425 0.777945
-0.561006 -0.371118
-0.411877 0.366355
1.223660 -0.170586
0.070924 1.534270
0.554728 0.804954
-1.219866 0.783305
0.707365 0.808006
-0.634836 -0.321171
0.691201 0.980794
0.944541 -0.048581
-1.267555 0.831444
0.100581 -0.142797
1.213341 1.779504
0.678750 0.891251
1.006676 0.054150
1.023440 1.667013
0.037699 -0.206718
-0.584465 -0.330454
1.052200 1.809191
-0.045628 -0.266041
-1.197989 0.782176
0.363235 0.060518
0.948838 0.044251
-0.152218 1.312171
0.224964 -0.045029
-0.347989 0.284095
0.929127 1.679340
0.143142 -0.214684
0.921611 -0.190795
-0.754486 0.902729
0.728731 0.748501
-0.375922 0.515663
0.773987 0.954510
1.094494 1.776425
-0.974199 0.949092
0.538502 0.751575
-1.117182 0.996195
0.968246 1.861098
0.929740 0.523558
-0.326727 1.372329
1.642148 0.606985
0.241501 0.101200
0.306438 -0.146131
0.282858 0.729557
0.896893 1.941790
1.067631 -0.162798
-0.532317 -0.229056
0.081738 0.596165
0.183571 0.742193
0.105403 0.607579
-0.222009 1.207783
-0.936947 0.705313
-0.061241 1.477169
0.192609 0.487582
-0.925182 1.113265
-0.488082 0.441680
