1000 2
1.405843 1.595186
0.447974 2.869143
1.496652 1.757431
-0.427449 0.406495
1.627393 1.852862
1.475173 1.546432
-0.560738 0.347643
1.636868 0.268515
0.677223 0.886156
0.526348 2.935565
0.316138 2.713458
0.012621 1.788358
1.578088 0.284286
1.631519 1.736313
1.720366 0.412100
0.455913 2.755059
-1.374063 2.271173
1.665879 1.734239
-1.377102 2.161834
-0.279299 1.752940
-0.065391 1.502755
-1.448793 -0.802914
0.314456 -0.631270
0.382635 2.760240
-1.543926 2.134589
0.530594 0.840351
-1.609378 1.046183
-1.230211 2.159997
0.041113 1.777272
0.319066 2.921529
0.385952 0.930267
0.376405 -0.561348
0.591944 0.722153
0.297139 -0.410581
-0.113515 1.969171
-1.332147 -0.754279
1.603659 1.582400
-0.298087 1.822157
-0.371504 0.502394
-1.450297 0.686773
0.522292 1.064382
0.286743 -0.579650
0.337103 2.533445
-0.611049 0.319497
0.528920 2.820891
-1.477402 2.261923
-1.251878 -0.761961
1.664916 0.354384
0.403773 2.754477
-0.081212 1.758151
-0.357207 0.520202
0.435251 0.843132
-0.284206 0.272689
-1.495189 2.339361
-1.305117 2.476606
0.266398 -0.427394
0.313906 2.793271
-0.467872 0.354977
1.791947 0.418817
0.297437 -0.718266
0.609220 1.238658
-1.447836 1.985140
-0.234422 1.507298
-0.281936 1.785890
-1.372694 -0.621436
0.615707 0.953633
-0.496132 0.374917
-0.260062 0.432963
-1.738878 0.961503
-1.372415 2.443833
-0.320860 0.261266
-1.486832 0.801292
-0.363907 0.443500
-1.371055 0.936111
0.186828 -0.442154
-0.089789 1.811118
-1.304404 2.313628
-0.086266 1.827714
0.423084 2.856686
-0.257780 1.640937
0.383313 2.887338
0.597086 0.984488
-0.069626 1.960316
0.370337 -0.724017
0.379660 -0.626683
-1.560746 -0.977321
0.556530 0.831785
-1.765834 0.953475
-0.619044 0.207936
-0.503145 0.279425
-0.005199 1.926284
-0.153878 1.705521
0.261560 2.535772
0.298973 2.954006
-1.269214 -0.707395
-1.324136 2.105079
1.554228 1.781831
-0.402137 0.319293
-0.298134 1.898753
-0.029129 1.702616
-1.158140 -0.637565
-1.351140 -0.618124
-0.243601 1.794093
-1.633917 0.996447
0.420560 1.062808
1.618524 1.491207
1.600236 1.768613
0.479204 -0.570054
-0.550081 0.249572
1.542931 1.818801
-0.075997 1.676944
1.447718 1.635409
0.247051 2.744269
-0.549393 0.358394
0.505728 2.783280
1.788087 0.240192
-0.046787 1.628279
1.488045 1.604516
-1.234100 -0.576510
-1.451264 2.209937
-1.497640 -0.759422
-1.377920 2.231541
-1.599974 0.980343
0.349921 2.669086
0.303885 2.797964
-1.675601 0.880854
-1.314680 -0.918039
-1.047816 -0.624594
-1.771128 1.062704
-1.354232 -0.770322
0.484457 2.704978
-1.394681 2.454021
0.473387 -0.567050
1.537089 1.646273
-1.516672 0.876352
1.578683 1.471072
0.208573 -0.398670
-0.603771 0.260757
-1.314881 -0.772711
1.498566 1.860350
1.433024 1.728508
-1.486544 2.182997
1.667857 0.492676
-1.300533 2.425899
-0.369633 1.841623
0.282915 -0.545746
1.351537 1.565810
0.455218 0.876548
-0.575151 0.150351
1.340901 1.665713
0.458525 0.861599
1.796463 0.370177
-0.112740 1.806908
1.782122 0.295201
-1.175323 -0.738292
-0.138075 1.738901
-0.288385 0.196049
0.565425 -0.434199
0.390311 2.922424
-1.517218 0.801641
0.492647 2.819923
-0.137580 1.703172
-1.329421 2.075186
1.837696 0.341744
-1.546194 1.160596
-1.517558 -0.849036
-1.316115 2.556057
-1.473326 1.109139
0.389688 0.898046
1.733785 0.394141
0.042412 1.876848
-1.492252 0.969441
1.621696 0.437613
-1.341174 1.046962
0.544456 2.738037
0.463501 0.916784
0.380623 3.051220
-0.042306 1.901876
-1.092845 -0.750456
1.784213 0.420556
1.488914 1.838906
1.305078 1.767131
-1.489483 1.073178
0.225466 -0.697714
-1.234613 2.500744
-0.279717 1.702315
-1.491780 -0.971854
0.140199 2.585916
-1.703197 1.158173
1.358475 1.521279
-1.291716 -0.802089
0.472366 0.967998
0.516567 0.937057
-0.387246 0.480809
-0.467661 0.329875
-1.570328 -0.730053
1.822400 0.189876
-1.483955 0.818949
1.771150 0.364745
1.305018 1.523524
0.504190 -0.671751
0.327192 2.830793
0.329393 -0.696345
-1.780746 0.872668
1.598457 1.810836
1.490653 1.649443
0.405739 -0.499248
0.257882 -0.616621
-1.676244 0.925493
0.251618 -0.693149
-1.608948 -0.671615
0.371038 -0.455115
-0.422383 0.515419
-0.323198 0.482581
-0.163030 1.835862
0.447100 0.920297
-1.451866 2.136287
1.490307 0.404694
0.322461 -0.417330
0.241895 -0.526487
0.406361 2.879498
-1.570074 0.909155
1.795526 0.256013
1.641583 0.528170
1.864469 0.222268
-1.213886 2.288787
-1.170761 2.312874
-1.529314 1.104201
0.377885 2.812199
-1.428064 -0.931647
-1.488406 -0.857285
-1.438773 -0.950159
-1.228622 -0.730388
0.404407 0.853296
1.525654 1.468068
-1.546965 0.961030
1.821042 0.372202
0.324564 -0.541620
1.506602 1.788594
0.604719 0.923259
1.697134 1.632435
0.304643 -0.439177
-1.589394 0.830155
0.319772 2.611512
1.293361 1.608082
-0.446476 1.673564
0.558698 -0.647631
-1.457362 -0.841559
-1.510961 0.768620
0.503955 2.865240
0.172367 2.639127
0.495155 0.798089
-0.344359 1.773579
1.500439 1.506051
1.620482 1.756039
0.320734 2.638486
-1.385248 -0.672832
1.146869 1.555739
1.641773 0.290040
-1.305295 2.367684
1.615563 1.592193
1.473356 1.558106
1.491169 1.871676
0.536801 0.821620
-0.370256 0.371810
0.416383 2.751080
-1.286529 2.165111
1.467955 1.684499
-1.447316 -0.846452
0.300790 2.682540
0.463768 2.678635
0.529990 0.835977
0.455280 0.990259
0.430357 2.919759
-0.193279 1.629216
-1.509228 0.843485
0.347454 -0.341363
0.674335 0.980226
-1.406358 0.963741
-0.078137 1.768775
-1.444289 2.240306
0.462618 2.744367
1.679511 1.653808
-1.473672 1.024796
1.812608 0.153578
1.600855 1.657128
-1.379636 2.303594
1.512872 1.855098
-1.341576 -0.692232
1.547490 0.310471
-1.425149 -0.688644
1.573519 0.327182
0.337915 2.657355
-1.418821 2.349168
0.575340 2.626811
0.394391 -0.472891
-1.537243 -0.774358
-1.675267 0.798134
-0.562424 0.260920
-0.296288 0.380490
0.360559 -0.542042
1.763138 0.234902
-1.406922 2.297101
-1.448091 2.348215
1.644285 0.531025
1.472099 1.705232
1.492675 1.446276
0.358986 1.049060
-1.425171 0.930171
-0.141596 1.622040
0.414950 2.872516
-0.202516 1.761428
-1.249791 -0.982406
-1.090016 -0.662005
-0.383234 0.417966
-0.080614 1.732804
-1.597747 1.087229
0.450686 2.841867
1.794208 0.181514
1.420076 1.689245
-1.517681 2.176599
-0.238168 1.923981
-1.474193 0.905840
1.684979 0.233651
1.781911 0.375210
1.412751 1.592945
1.627924 0.368960
-1.353962 -0.683951
1.918735 0.294839
-1.436163 -0.866777
1.751390 0.335794
0.539653 2.845905
1.670422 1.647739
1.661813 0.376614
-0.159147 1.895167
-1.592410 0.963896
-0.310845 0.320552
-1.306805 2.266038
-1.313818 -0.871960
1.562953 0.245170
-0.608358 0.500590
0.439149 2.640088
1.454455 1.797187
0.552960 0.918586
-0.265704 1.641526
0.551521 2.005331
-1.435854 2.067261
-1.233103 -0.799222
0.508544 1.000589
0.473437 -0.653654
-1.267394 -0.830260
-1.494038 1.138309
-1.482273 2.473729
1.553728 1.638205
-0.243364 0.275487
-1.526197 -0.755278
0.369566 -0.674639
0.422278 0.930788
-0.335109 0.411566
-0.647715 0.305706
-1.504656 2.358256
-1.203023 2.260673
-0.181971 1.858251
0.248106 2.738606
1.668331 0.349505
1.558896 1.785450
-1.505204 0.838812
-1.696204 1.120086
-1.510113 1.143671
-1.437060 1.130806
-0.470120 0.467652
0.519918 0.869725
-0.051425 1.688100
-1.490080 -0.875906
-0.387390 0.375159
0.685055 1.033591
1.391328 1.523592
-1.294707 -0.716454
0.442045 -0.369808
-0.647150 0.441658
-1.514105 2.283288
1.570192 0.394103
1.462702 1.797546
0.414152 -0.540046
-1.386753 1.053395
-0.384130 0.573717
0.324841 -0.545832
0.535597 0.812694
-1.533041 0.993356
0.551684 0.816808
1.764378 0.314871
0.021020 1.862298
1.564064 1.748861
-1.353584 2.491342
0.446832 2.851489
1.567252 1.527402
-1.407171 2.355893
-0.414356 0.506921
-0.030728 1.513147
0.340271 0.939948
1.464737 1.630187
-1.567095 -0.837748
-1.109192 2.283025
1.896506 0.415138
0.207653 -0.444068
-1.464547 2.390374
0.377161 3.040835
1.623849 0.095151
0.271634 1.145385
0.062836 1.827296
-0.462196 0.193077
-0.152292 1.908559
-0.318962 0.367082
1.731993 0.355111
-0.451159 0.302397
-1.252084 -0.598348
-1.425803 2.254377
0.600265 -0.550694
-1.160424 -0.854291
0.278848 -0.603935
-0.207213 1.706141
-1.520075 0.885259
-0.329944 0.402774
-1.521954 -0.835726
-1.390870 2.337764
0.577008 2.702964
1.379847 1.426564
0.545611 -0.497332
-1.330709 2.167436
0.563747 -0.424157
-1.440446 1.003817
-0.122645 1.723732
-1.429995 2.168954
1.893300 0.345043
-0.038475 1.777721
0.408391 2.909562
1.580632 1.504883
-0.467898 1.801916
0.591893 1.051458
1.707882 0.394557
0.376485 2.688262
0.370431 2.674479
1.810025 0.242468
1.790156 0.347592
-0.477570 0.509953
-1.509822 0.877932
0.556734 2.840266
-1.426300 2.232339
-1.505399 -0.865717
0.248919 -0.594866
0.301386 -0.614985
-0.363043 0.539218
0.543435 -0.553119
-1.544508 2.236538
1.592631 0.238467
-1.351985 -0.828090
-0.450133 0.288136
0.358037 2.527975
-0.172591 1.782996
-1.444595 2.281996
1.523997 0.506724
0.477923 -0.593889
0.491304 -0.521344
-1.307715 2.423912
-0.117113 1.938001
-1.203992 2.255921
-1.396280 1.109402
1.522888 1.529771
0.525717 0.933898
0.551392 0.880801
-0.437486 1.882360
-1.270691 -0.699820
-1.460017 2.275794
0.569384 1.032111
0.353456 -0.653670
1.538428 -0.008762
0.407697 0.874593
1.391433 1.655166
-0.107721 1.683522
-0.277967 0.426632
0.632482 0.977176
-1.254575 -0.756346
-1.702564 0.946747
1.583806 1.381004
1.865092 0.359071
-1.123827 2.279467
-1.420985 -0.914378
-0.358159 0.412800
-0.168429 1.769272
1.436483 1.676507
-1.574727 0.772311
-1.321615 2.456940
0.471106 -0.311617
-1.793699 0.953486
0.559990 -0.473540
-1.382464 2.137746
1.587507 0.368620
-1.368150 1.018779
-0.374287 0.348954
-0.234966 0.461041
-0.322038 1.679937
-1.434760 -0.877291
-1.400518 -0.788314
1.674869 0.345896
1.713831 0.471317
-1.358826 -0.922164
-1.350824 -0.845558
0.349000 -0.661429
1.853082 0.335871
-0.548276 0.200232
0.571233 0.864980
-1.190764 -0.886199
0.535359 0.952529
0.355087 -0.346614
1.689861 0.189115
-0.307206 0.281509
-1.789075 0.873018
1.582263 1.581605
1.516334 1.703905
-1.140583 2.452216
-1.524925 1.032552
-1.347062 0.982795
1.650206 0.498718
-1.377656 1.114705
-1.196504 2.062628
1.345672 1.508179
1.668501 0.242177
-1.464367 1.088567
1.808977 0.512124
-0.170073 1.762836
-1.130747 -0.765019
-0.381191 0.302258
1.503641 1.834963
1.840166 0.332674
0.370289 -0.696888
-0.113385 1.730503
-0.126657 1.694167
1.519780 1.815432
1.696834 0.302125
0.201770 2.855743
-1.643571 0.954176
-0.235955 1.925551
-1.359813 2.521370
0.420834 2.973355
-0.698484 0.491115
-0.386149 0.197598
0.511843 -0.427243
-1.095927 -0.805543
-0.472587 0.322222
-1.362722 0.989521
-0.030978 1.654119
-0.508933 0.345782
0.470294 1.018501
-0.274081 0.322993
0.578023 -0.600877
-1.231778 2.004603
-1.399340 -0.809699
1.463435 1.534278
0.438884 2.918802
-1.346960 2.285700
-1.612790 1.140508
0.497336 -0.553227
0.196284 2.613819
0.491425 2.851919
0.569872 0.808261
1.468037 1.372255
0.308229 -0.586557
1.643031 0.321530
-0.050540 1.816705
-1.501435 -0.674662
-1.515290 0.743533
0.399504 2.807716
-1.365160 -1.005708
-0.127738 1.650735
1.415017 1.608666
-1.475234 2.158183
-1.567056 0.969332
-1.493889 2.448086
-1.452828 2.180094
-0.016394 1.826895
1.584814 0.293445
-1.567037 1.068029
-0.219691 1.692366
0.465470 -0.565350
-0.222246 0.402746
0.219637 -0.475578
-0.384796 1.784345
0.435798 -0.414827
-0.278604 0.291537
-1.803648 0.833484
0.497477 0.878564
-1.408806 0.878937
0.386641 2.729676
-1.279335 -0.753137
0.264657 -0.413945
-1.274117 -0.891311
-1.632236 0.986116
1.605364 1.525987
-1.376094 2.420574
-1.430266 -0.746542
-1.358858 0.811810
1.732509 0.434619
-0.520260 0.333755
0.500113 1.061680
0.418799 -0.411012
-0.537999 0.570116
-1.359352 -0.921200
-1.799933 0.983570
1.529861 1.656500
-1.227133 -0.902560
1.410063 1.565993
0.228594 -0.619103
-0.298218 1.683177
-1.329483 2.153596
-1.663096 0.910399
-1.342797 -0.578445
0.500252 2.701725
0.459262 -0.625295
-1.455804 2.013708
0.334442 0.995786
1.540406 0.291385
-0.434732 0.419324
-1.571557 1.039545
-0.612618 0.272761
0.421613 -0.712079
0.397176 2.793679
-1.309630 2.145290
-0.070248 1.816413
-1.620137 0.790373
0.178634 -0.418131
-1.205991 2.242021
0.347241 -0.604942
0.306661 2.724240
-0.059993 1.633120
1.247708 1.751701
0.151094 -0.652348
0.449275 -0.593226
-1.211034 -0.653532
-0.964365 2.315906
0.428023 0.972416
1.592288 1.762028
0.539142 2.808926
-1.326305 2.100691
1.344800 1.589712
0.415590 2.803033
0.651993 0.940745
-1.581490 0.833327
1.462750 1.671098
-1.420023 2.490400
-0.130257 1.688277
-0.039012 1.840853
0.498537 0.759969
0.228088 -0.336130
1.857882 0.253031
0.452576 2.917661
-1.373082 2.256094
-1.169152 2.312343
-0.495623 0.504882
-1.292874 2.046535
0.273699 2.614598
1.515516 1.844743
1.739478 0.302582
-0.444280 0.482827
1.481305 1.820427
1.621791 0.231611
-1.083647 -0.641859
0.439413 0.932986
-0.387495 0.501406
0.379951 2.853803
0.478049 -0.561877
-1.405102 0.727644
-1.347300 2.517405
0.552866 0.829296
-0.325893 1.709262
-1.499457 0.790688
-1.329739 2.183104
-0.570559 0.350576
-1.316019 -0.885962
-1.791785 0.882424
-1.444540 1.061485
-1.418297 2.210667
0.512524 2.915427
-1.580818 1.079196
0.259896 2.537022
-1.623023 -0.697850
-1.445031 2.143420
1.697359 1.531060
-0.322346 1.809060
-1.414173 -0.700804
0.271567 -0.524111
1.793928 0.156651
0.504916 1.004744
0.439576 2.807613
-0.136621 1.854492
1.556217 1.734845
0.347616 -0.370842
-1.420449 -0.853474
0.662299 0.935240
-1.259962 2.352507
0.434278 -0.663636
-1.229766 2.157611
-1.449884 -0.691776
-1.466734 -0.912533
-1.347675 -0.872666
-1.245176 2.436730
0.420737 -0.516676
-0.181840 1.679443
-1.301762 -0.791333
1.713740 0.315831
-0.244139 1.920044
0.629317 0.960034
1.615816 0.272822
-1.107100 -0.714655
0.478747 1.049228
0.525754 2.861981
-1.487087 2.338619
-1.424191 2.433063
-1.160484 2.453219
-1.452222 2.342084
0.461012 2.896645
0.309452 2.984123
-0.099238 1.623314
0.368936 2.699737
0.233732 2.637240
0.454893 0.793947
-1.123207 -0.830709
0.519681 0.739192
1.524936 1.540914
0.346473 -0.387909
-1.566227 1.062685
1.584643 1.709749
0.400686 -0.453076
1.488069 0.312145
1.536116 1.837049
-0.083877 1.778988
-0.014272 1.606984
0.249411 -0.487760
1.409663 1.607814
-1.342959 1.080926
-1.296273 -0.721840
0.374330 1.002265
-1.265144 2.314962
-1.369547 2.246657
0.316896 0.821899
1.868453 0.473023
-1.675540 0.786599
-1.484369 0.858715
1.512338 1.703807
-0.191842 1.803089
0.496631 1.052788
-0.192936 1.867031
-1.326662 2.423191
1.844988 0.296499
0.253326 -0.534687
-1.413986 1.925346
-1.419907 2.151261
1.567647 1.679075
-1.431499 2.207215
-1.177463 2.371970
-1.266343 2.488299
-0.339180 1.659366
-1.240966 2.403913
0.317588 1.045450
-1.505788 1.074954
-1.570529 0.922203
-0.292656 0.397543
-1.515919 2.330958
-1.627437 -0.715870
-1.153708 -0.844146
-1.314254 -0.846231
0.617174 1.024377
-1.580501 0.794124
1.568142 0.469203
0.353005 -0.653782
-1.559178 0.925283
-0.278580 0.323234
-0.340136 0.451325
0.453696 2.778987
1.283837 1.549824
-1.144060 -0.878369
0.576243 2.949909
0.430659 -0.262280
-1.292419 -0.548816
1.775997 0.174751
0.459303 0.942947
-1.446219 1.063075
-1.472334 0.994910
0.002373 1.740198
-0.544645 0.200568
1.458438 1.630319
1.497039 1.569633
0.513266 0.743317
-1.307900 0.715729
-1.313159 -0.960787
-1.548313 -0.750155
-0.477994 0.448793
0.557745 2.626234
1.447495 1.660758
-1.517355 -0.927912
0.661328 2.561877
0.370163 -0.518736
0.653789 0.873151
-0.215258 1.697326
-0.661728 0.342347
1.833710 0.331420
-1.412688 -0.775681
-0.464115 0.441582
-1.328563 2.407058
-1.297606 2.219140
0.305309 0.921082
0.497839 0.978382
-1.514162 -0.776831
0.423787 0.840859
-0.148025 1.848458
-0.233149 1.977225
-1.435594 2.475759
-1.656860 0.789292
-1.471408 0.980754
-0.094978 1.641217
-1.504086 0.927701
1.842040 0.275833
-1.302564 2.207823
0.339004 2.709356
1.729576 0.419455
-1.325025 2.259008
0.530024 1.143846
0.264228 2.904817
-1.175054 2.347080
1.821661 0.344434
0.319122 2.618163
1.551159 0.297500
-0.388163 0.202755
-0.387724 0.289985
-1.483430 -0.634783
0.365158 0.997949
0.550208 1.001774
1.708866 0.466111
1.691766 0.257317
0.676001 0.842598
-0.363356 0.317875
0.359024 -0.554667
-0.138354 1.714698
-1.409548 2.148088
0.362111 2.864012
1.518103 1.677127
-0.479918 0.543353
0.375769 -0.337574
-1.608688 0.910065
0.394579 -0.581919
1.539187 1.792065
1.852874 0.393601
0.303798 2.621851
-0.426100 0.437493
0.265379 2.847439
0.311815 -0.710644
-1.437861 -0.610441
-0.142987 1.631747
1.363868 1.676913
1.392162 1.566030
-0.103575 1.895893
-0.430710 0.336829
0.399170 2.856580
-1.361028 2.444608
0.505124 0.877130
0.398709 1.065884
-0.108500 1.807619
-1.333559 2.376472
0.365776 0.929146
-1.466217 0.941620
0.194292 -0.522870
1.828344 0.268226
-0.201260 1.526426
1.654145 0.365589
0.363311 3.026124
-1.458377 -0.752674
0.391170 0.948543
-0.415676 0.644437
-0.437219 0.347764
-1.226434 2.363387
1.516733 1.863177
-0.568114 0.317467
-1.489949 -0.678163
-1.238418 -0.881023
-0.088656 1.721241
-1.484960 -0.625863
1.690024 1.686128
-0.644103 0.246634
1.861444 0.345806
-1.501541 2.334519
0.377721 -0.652576
-0.041779 1.700752
1.590359 1.663875
-0.331449 0.340142
1.667687 1.801307
-1.735982 0.916385
1.550508 1.820156
1.751872 0.383720
-1.411550 2.368429
-0.169712 1.613363
-1.408501 -0.913539
-1.432759 0.836183
-0.488455 0.308629
-1.440854 -0.958388
1.586375 0.214021
0.494126 2.713166
-1.349450 -0.941066
-0.565740 0.424596
1.689390 0.440968
-1.574653 0.858532
-0.463396 0.372349
-1.317584 2.354549
1.457357 0.319217
-1.234879 2.230678
-1.447777 -0.983323
0.320042 -0.438712
-0.506221 0.580145
0.268479 -0.582819
-0.396145 0.253132
-0.232179 1.979369
0.460835 0.991279
0.457350 -0.523941
-1.367164 0.819770
0.207546 2.715785
1.538734 0.098107
-0.436770 0.538702
1.547635 0.362249
-1.352276 -0.843784
1.567298 -0.081767
0.531083 -0.505989
-1.582252 -0.779266
0.285405 2.755835
0.448236 0.948245
1.889108 0.362391
-1.338906 -0.911490
0.481149 2.919825
1.764369 0.458885
-1.460884 2.277963
-0.489041 0.432307
-0.453906 1.848329
0.435702 2.851235
0.386791 -0.637848
0.563083 2.612858
1.558017 1.668436
-0.103835 1.615510
0.452405 2.687221
-1.229515 2.380947
0.396903 -0.606582
-1.427049 0.786627
0.608241 0.951562
-1.318184 -1.062384
-1.370929 0.925530
0.053171 1.811857
-1.326324 2.425534
-1.139853 2.278816
-0.304513 1.712957
-1.109822 -0.800113
1.487017 1.454561
1.525193 1.640031
-1.236130 2.455966
1.301079 1.645958
-0.344335 0.461721
0.426421 0.948076
-1.370039 0.925666
0.397024 2.815444
1.555756 1.592112
0.344914 -0.644599
-1.400463 -0.909447
0.202795 2.645900
-0.629620 0.259635
-1.264867 -0.880775
0.435044 -0.430236
0.014213 1.738332
-1.534027 2.257076
-1.338327 0.992924
-0.229472 1.718431
0.252978 2.641422
0.347890 -0.673885
-1.332403 -0.810825
-1.499101 2.157669
0.356013 0.927433
0.385735 0.975233
0.136809 -0.582261
-1.522371 1.001995
0.325021 0.802694
0.493102 0.961679
1.629646 0.304821
0.630290 0.825208
0.387891 -0.477964
-1.507890 -0.836878
1.644975 0.301055
-1.624940 0.750716
-1.345180 -0.924926
0.218397 2.617939
-1.441009 0.977780
0.401360 2.938238
-0.136262 1.802711
0.199775 -0.624152
1.562065 0.252475
1.569185 1.459305
-0.140768 1.727341
