1000 2
1.767573 0.465903
-1.352329 -0.010498
1.672577 0.423880
1.217411 1.657675
1.979199 0.613323
1.849663 0.604321
1.158884 1.320396
1.864107 -0.643897
0.080935 -0.413839
-1.402489 -0.230263
-1.328422 -0.062634
-1.035760 0.912389
2.062455 -0.536136
1.964443 0.634702
1.865969 -0.463576
-1.412945 -0.260710
-0.002408 0.482206
1.977147 0.597712
0.347180 0.734807
-1.022782 0.844270
-0.868498 0.717097
0.772496 -1.668798
-0.289046 2.094552
-1.537099 -0.286160
0.197748 0.619825
0.235452 -0.563394
-0.516072 -1.172374
0.283055 0.807142
-0.906460 0.849360
-1.562264 -0.179607
0.132415 -0.467013
-0.202087 1.847701
0.080687 -0.368789
-0.140857 1.824978
-1.056146 0.893906
0.989764 -1.706283
1.893556 0.607008
-1.019030 0.727714
1.204241 1.577710
-0.702109 -1.128226
0.041276 -0.463152
-0.171666 1.976315
-1.281972 -0.068216
1.091142 1.574145
-1.369464 -0.321940
0.017090 0.653943
0.968313 -1.811439
1.881882 -0.728120
-1.399533 -0.223531
-1.141097 0.871328
1.041320 1.662615
0.031899 -0.623710
1.202587 1.579196
0.405742 0.589195
0.134147 0.698189
-0.394789 1.979448
-1.458108 -0.304023
1.011568 1.426957
1.839138 -0.568722
-0.002164 2.012020
0.160829 -0.534968
0.215772 0.546867
-0.817452 0.882836
-1.055225 0.838972
0.928960 -1.505132
0.178472 -0.401396
1.182902 1.563244
1.242207 1.411253
-0.588919 -1.382597
0.145937 0.592601
1.059722 1.522146
-0.801949 -1.306380
1.244018 1.516918
-0.749185 -1.317884
-0.152618 1.927269
-1.075882 1.009537
0.401410 0.679445
-1.277268 0.976152
-1.262587 -0.279793
-0.940700 1.066810
-1.437128 -0.231518
0.064581 -0.395015
-1.151439 1.087482
-0.067252 2.088357
-0.201147 2.095196
0.858971 -1.773556
0.010937 -0.585415
-0.604204 -1.222387
1.194570 1.495977
1.170450 1.590893
-1.039154 0.944072
-1.101821 0.981395
-1.280382 -0.120383
-1.355767 -0.062990
0.935619 -1.562740
0.030765 0.589810
1.816681 0.664258
1.127546 1.420092
-1.111346 0.757482
-0.898277 1.088563
0.835502 -1.619004
0.878703 -1.656067
-1.162653 1.028795
-0.578964 -1.272305
0.229883 -0.445070
1.713921 0.626211
1.940817 0.684907
-0.253994 1.895767
1.236008 1.243958
2.025642 0.775301
-1.095477 0.997060
2.055176 0.516890
-1.335045 -0.325481
1.161163 1.602208
-1.511257 -0.338192
1.949971 -0.667007
-1.169449 0.990543
1.895400 0.735224
0.745730 -1.692614
0.106185 0.757335
1.103440 -1.683308
0.136372 0.545837
-0.778782 -1.338217
-1.158450 -0.181330
-1.458311 -0.266996
-0.710781 -1.352678
0.997333 -1.631996
0.926930 -1.488791
-0.529151 -1.221527
0.736737 -1.796864
-1.429593 -0.040829
0.122129 0.778751
-0.143111 2.092550
1.819522 0.636892
-0.796604 -1.162398
2.026787 0.419318
-0.273606 2.054264
1.255238 1.658776
0.855137 -1.793045
1.969523 0.723502
1.827164 0.550712
0.244089 0.439390
1.922309 -0.652180
0.082100 0.631507
-1.069081 0.886437
-0.276349 2.150677
2.027100 0.706516
0.171228 -0.481743
0.990277 1.450367
1.945207 0.492506
0.093453 -0.491071
1.908784 -0.647492
-0.942674 0.893192
1.982982 -0.723572
0.826755 -1.773785
-1.119740 1.077158
1.299861 1.001401
-0.088204 1.918820
-1.479684 -0.414700
-0.809521 -1.379314
-1.590032 -0.235549
-1.122871 0.908704
0.211788 0.517651
2.118455 -0.518965
-0.816111 -1.384785
0.749181 -1.710798
0.306900 0.562607
-0.945123 -1.289690
0.205278 -0.766898
2.003462 -0.547663
-1.263094 0.880156
-0.789028 -1.226391
1.929203 -0.558996
-0.756995 -1.375804
-1.278033 -0.257123
0.065202 -0.476144
-1.451151 -0.505691
-0.857823 0.748145
0.990399 -1.593540
1.979332 -0.809599
1.872124 0.552275
1.885309 0.687513
-0.781011 -1.376287
-0.148049 1.924314
0.125499 0.818109
-1.004860 1.111206
0.744654 -1.691648
-1.156343 -0.183369
-0.763786 -1.169699
1.751839 0.311813
0.814831 -1.467970
0.150392 -0.521703
0.097291 -0.418003
1.108469 1.364397
1.057291 1.469278
1.038959 -1.689542
2.078598 -0.507060
-0.823554 -1.281643
1.835175 -0.657831
1.759400 0.569466
-0.195048 2.169974
-1.441788 -0.337266
-0.134434 2.215209
-0.627782 -1.104567
1.927438 0.751510
1.853109 0.655765
-0.201652 1.992803
-0.422917 1.905816
-0.523651 -1.436939
-0.311780 2.153303
0.722096 -1.493541
-0.317262 1.805834
1.079381 1.568861
0.972185 1.476428
-1.232259 0.978545
0.158232 -0.519325
0.180199 0.522846
2.073052 -0.416036
-0.169040 1.859671
-0.369420 1.927124
-1.274451 -0.170085
-0.840264 -1.493247
1.961903 -0.652652
1.677592 -0.603166
2.021832 -0.693357
0.073467 0.470540
0.149939 0.480790
-0.714574 -1.359383
-1.496854 -0.092247
0.883604 -1.713795
1.042843 -1.724532
0.751693 -1.890511
0.823625 -1.582737
0.281034 -0.491703
1.801617 0.606858
-0.799134 -1.381728
1.852686 -0.624583
-0.300298 2.091595
1.748784 0.680122
0.011758 -0.374846
1.846957 0.339410
-0.139297 2.059147
-0.746262 -1.401606
-1.137680 -0.201969
1.761410 0.627761
-0.898953 0.728566
-0.008816 2.077305
0.763426 -1.855433
-0.741517 -1.218364
-1.524342 -0.235135
-1.257653 -0.216791
0.092277 -0.684164
-0.942647 0.745971
1.998104 0.521535
1.918673 0.427993
-1.292289 -0.143691
0.987299 -1.453389
1.363459 0.371927
2.100326 -0.729863
0.436546 0.553698
2.055137 0.445859
1.802573 0.535215
1.883523 0.648755
0.354509 -0.587935
1.247394 1.458088
-1.443026 -0.367958
0.285297 0.763466
1.769689 0.522509
1.082341 -1.550902
-1.362835 -0.199858
-1.589452 -0.255508
0.062213 -0.598463
-0.049113 -0.606598
-1.480322 -0.373242
-1.084605 0.914865
-0.626104 -1.147522
-0.323153 1.844852
0.179357 -0.504466
-0.862051 -1.221283
-1.143816 0.764154
0.235040 0.745300
-1.340469 -0.351458
1.993698 0.440453
-0.661750 -1.210816
1.953263 -0.698056
2.085432 0.728255
0.404162 0.424101
1.935665 0.649340
0.827548 -1.501493
2.056403 -0.523669
0.786447 -1.774480
1.919809 -0.841946
-1.480335 -0.243143
0.380211 0.650981
-1.411843 -0.127839
-0.232011 1.909142
0.768593 -1.789856
-0.843603 -1.347210
1.173445 1.436993
1.348900 1.359264
-0.357402 1.865587
2.142441 -0.513206
0.395424 0.511714
0.359337 0.568127
1.990959 -0.721427
1.874865 0.605181
1.844821 0.415533
-0.158484 -0.434700
-0.737149 -1.476477
-0.917186 1.074417
-1.370169 -0.373051
-1.020375 0.868875
1.050287 -1.663539
0.984669 -1.375374
1.198523 1.617184
-1.007814 0.895415
-0.604782 -1.057304
-1.540568 -0.097804
1.949674 -0.557657
1.680907 0.618442
0.424589 0.607789
-0.989350 0.883536
-0.766889 -1.145357
2.021632 -0.637233
1.824931 -0.542390
1.673558 0.641332
1.833653 -0.480461
0.791726 -1.790307
2.107571 -0.686285
0.976089 -1.860347
1.860868 -0.660091
-1.335564 -0.105019
2.081119 0.631737
2.086560 -0.718568
-1.197904 0.792635
-0.764534 -1.444075
1.146086 1.380894
0.323906 0.650308
0.892354 -1.844813
1.968477 -0.731875
1.005183 1.463346
-1.240518 -0.265524
1.802046 0.514551
-0.066097 -0.678103
-0.940160 0.787322
-0.774280 -0.455023
0.181104 0.748432
0.857298 -1.757702
0.070409 -0.563588
-0.248965 2.062704
0.767258 -1.815233
-0.685006 -1.210518
0.230745 0.742634
1.900057 0.474494
1.124814 1.480679
0.912052 -1.779663
-0.265112 2.065035
0.101402 -0.625112
1.160258 1.549756
0.958296 1.356906
0.325961 0.486476
0.319180 0.556994
-1.055032 0.795774
-1.116846 -0.127287
2.071514 -0.621044
1.798065 0.544681
-0.498691 -1.271682
-0.705983 -1.411853
-0.870875 -1.289923
-1.035640 -1.077838
1.161600 1.708036
0.277349 -0.501085
-1.151191 0.987271
0.979282 -1.655802
1.018264 1.313225
0.116454 -0.633463
1.697208 0.638844
0.720748 -1.785813
-0.185258 1.836818
1.049432 1.435962
0.439762 0.585260
1.813432 -0.575309
1.878130 0.755236
-0.240905 1.968776
-0.870591 -1.280980
1.171270 1.789366
-0.358240 1.952046
0.108429 -0.644547
-0.635337 -1.260327
0.259715 -0.513360
2.028095 -0.432485
-1.111658 0.920550
1.939493 0.632210
0.191755 0.476008
-1.352737 -0.483670
2.042459 0.372102
0.202613 0.738073
1.255456 1.403138
-0.901025 1.025024
-0.081965 -0.640280
1.655489 0.608275
0.859531 -1.688264
0.100116 0.777479
1.912847 -0.531569
-0.197968 1.946068
0.352665 0.603001
-1.542721 -0.352395
2.145745 -0.434619
0.029698 -0.458354
-0.831037 0.868433
1.258045 1.450771
-1.102813 0.996014
1.034595 1.389419
2.000138 -0.476377
1.248970 1.590108
0.798227 -1.549425
0.394650 0.652193
-0.116029 1.936234
0.940447 -1.871379
-0.227809 2.121783
-0.864149 0.998069
-0.623802 -1.210768
1.252157 1.441863
0.757543 -1.652004
0.317026 0.702263
-1.397974 -0.417366
1.657728 0.618833
-0.068715 1.844903
0.073355 0.542300
-0.230863 1.824586
-0.576563 -1.267604
-1.086293 0.838979
0.349225 0.585173
2.157031 -0.574156
-0.983228 1.028600
-1.505623 -0.130771
1.993724 0.571505
-1.027194 0.879978
0.382947 -0.506604
1.982077 -0.674594
-1.378417 -0.403920
-1.429287 -0.231808
1.933119 -0.640740
1.880708 -0.507345
1.129991 1.446583
-0.616739 -1.416832
-1.525236 -0.388166
0.252142 0.755669
0.944343 -1.603852
-0.329657 2.042921
-0.133254 1.889535
1.193238 1.660414
-0.246542 2.180538
0.528474 0.511309
2.020068 -0.613224
0.755259 -1.681910
1.108207 1.653127
-1.345047 -0.312010
-1.039390 0.973546
0.414886 0.632530
1.847601 -0.534135
-0.179028 2.035051
-0.072078 1.994644
0.163741 0.486380
-1.062527 0.820888
0.201187 0.752089
-0.878793 -1.391324
1.932971 0.713701
0.166241 -0.462755
0.215371 -0.587658
-0.895586 0.755052
0.822174 -1.521147
0.306095 0.644628
0.226880 -0.495090
-0.334445 1.933181
1.785710 -0.921380
0.214426 -0.565695
1.900955 0.664928
-1.083162 0.737331
0.960900 1.447724
0.099958 -0.371638
0.789250 -1.700023
-0.755276 -1.097342
1.846345 0.845055
2.036650 -0.655771
0.273210 0.697158
0.933180 -1.552160
1.166153 1.698493
-0.970357 0.973029
1.760186 0.691795
-0.749081 -1.423499
0.358408 0.645507
-0.136842 1.825191
-0.643430 -1.544081
-0.074556 2.044021
0.340624 0.765020
1.870590 -0.602849
-0.948637 -1.329004
1.015567 1.651962
1.321569 1.384199
-1.040912 1.171725
0.891880 -1.636763
0.975500 -1.584512
1.949790 -0.512502
1.849462 -0.551526
0.903311 -1.597662
0.905061 -1.726100
0.012283 2.078148
2.050732 -0.619906
1.095733 1.438094
0.227215 -0.507954
0.966374 -1.491095
-0.071845 -0.380213
-0.299449 1.792891
2.112680 -0.507743
1.151101 1.618486
-0.660463 -1.399130
1.780664 0.526194
1.849880 0.708529
0.324309 0.482794
-0.687180 -1.348560
-0.648631 -1.224011
2.019606 -0.610065
-0.853331 -1.426973
0.018096 0.647268
1.839699 0.572405
2.036818 -0.680580
-0.814470 -1.369077
1.908367 -0.760666
-0.971277 0.852428
0.929056 -1.834835
1.140613 1.410257
1.843389 0.761328
1.951978 -0.698358
-0.322017 2.010413
-1.212437 0.959943
-1.029649 1.046996
1.954983 0.759981
2.007207 -0.570079
-1.277338 -0.143191
-0.735518 -1.316763
-1.196734 0.841588
0.296161 0.623612
-1.360622 -0.285046
0.924199 1.479376
1.251573 1.506999
-0.376324 1.985675
1.021635 -1.724242
1.204116 1.615340
-0.922013 -1.321628
-1.201940 0.743258
1.110764 1.492489
0.095703 -0.517217
1.349719 1.497616
-0.102722 2.048671
0.009247 0.355108
0.807289 -1.456588
1.872787 0.618346
-1.480146 -0.369568
0.151230 0.477187
-0.608649 -1.379775
-0.232803 2.130187
-1.264733 -0.315278
-1.531151 -0.292233
0.214277 -0.398212
1.850594 0.504504
-0.364281 2.158681
1.809160 -0.583357
-0.975251 1.011039
0.959139 -1.617208
-0.792817 -1.242037
-1.432331 -0.428550
0.989171 -1.558436
-0.829314 0.960115
1.734293 0.610799
0.210598 0.520668
-0.553291 -1.471724
0.171693 0.742785
0.133929 0.858913
-0.973517 0.956487
1.980967 -0.718974
-0.752799 -1.144848
-1.213719 0.956245
-0.200143 2.142456
1.071042 1.585334
-0.101792 2.013926
-0.815196 0.865246
-0.209073 2.077096
1.325521 1.494814
-0.796875 -1.058688
0.175077 -0.593639
-0.624656 -1.381120
-1.339152 -0.339635
0.921108 -1.760249
-0.325803 2.024646
0.796864 -1.511789
-0.750069 -1.320758
1.949180 0.517265
0.157550 0.685453
0.558639 -1.664690
-0.599062 -1.148136
1.954240 -0.626020
1.295955 1.557875
0.227480 -0.448608
-0.336470 1.906525
1.049193 1.471196
0.871712 -1.702511
-0.578419 -1.233224
1.846211 0.426918
0.799356 -1.810202
1.736590 0.529444
-0.229968 2.093429
-0.871493 0.786524
0.079390 0.596878
-0.619278 -1.288855
0.804711 -1.811460
-1.459114 -0.304309
-0.290335 2.106975
0.331514 0.793043
0.129430 -0.449827
1.975522 -0.690464
1.133766 1.750415
-0.837828 -1.431679
1.055132 1.325464
-0.040113 1.968182
-1.126292 -0.276989
0.218424 0.438462
-0.961033 1.051206
-0.708782 -1.411365
-0.090999 1.844649
0.183133 0.600125
-0.250481 2.010559
-1.318220 -0.291228
-1.145049 0.892062
1.716493 0.599493
-0.228751 2.186253
-0.329047 2.037621
0.752492 -1.479486
0.247377 0.285279
0.338664 -0.338708
1.763110 0.589205
-1.287133 -0.290383
0.247484 0.461172
1.969125 0.451040
-1.462630 -0.175460
0.276076 -0.499633
-0.718940 -1.439901
1.934390 0.569978
0.333430 0.555159
-0.897072 0.925472
-1.017973 0.816254
0.076648 -0.516064
-0.307586 2.028402
2.151342 -0.569372
-1.270632 -0.147022
0.140980 0.594583
0.235400 0.553224
1.184805 1.656438
0.210181 0.544359
-1.265493 -0.198224
1.878707 0.749276
2.046002 -0.775266
1.140297 1.579614
1.864888 0.732989
1.891943 -0.477578
0.922423 -1.436756
-0.057927 -0.552326
1.179739 1.720353
-1.250336 -0.247541
-0.298769 1.963411
-0.845591 -1.135982
0.335869 0.448898
0.336667 -0.806591
-1.071256 1.020454
-0.581728 -1.261333
0.389769 0.694883
1.048545 1.398264
0.684907 -1.659188
-0.642020 -1.230381
-0.620273 -1.394758
0.078444 0.583667
-1.527254 -0.364220
-0.733947 -1.051833
-0.932561 -0.117721
1.031811 -1.589620
0.337609 0.481889
1.902014 0.481410
-0.942120 0.822040
0.983777 -1.778983
-0.275006 1.864498
2.049975 -0.472619
0.042521 -0.645160
-1.348555 -0.178941
-1.242625 0.800867
1.832855 0.698316
-0.408551 1.945666
0.604425 -1.579319
0.176305 -0.410582
0.167257 0.625341
-0.108104 1.995394
0.157991 0.646647
0.931930 -1.538975
0.688209 -1.740937
0.785193 -1.780375
0.183332 0.521885
-0.292684 1.839430
-1.088612 1.072796
0.826458 -1.831928
1.957572 -0.688707
-1.123183 0.834524
0.146137 -0.600595
2.040705 -0.573233
0.744422 -1.511665
0.245078 -0.421474
-1.413702 -0.406832
0.412795 0.754285
0.431343 0.563322
0.165937 0.516532
0.322659 0.571677
-1.521528 -0.127907
-1.526047 -0.328747
-0.981610 0.732256
-1.070135 -0.243652
-1.260748 -0.347507
0.225437 -0.593383
1.018901 -1.741517
0.306279 -0.660173
1.765431 0.513568
-0.194376 1.795937
-0.579491 -1.187545
1.923326 0.580570
-0.213634 1.806996
1.762174 -0.637803
1.985892 0.649598
-0.998192 0.872001
-0.867003 1.016944
-0.379811 1.900680
1.801337 0.670705
-0.821289 -1.250204
0.873200 -1.603747
0.044769 -0.699926
0.257927 0.532604
0.336403 0.614661
0.262702 -0.686738
2.015945 -0.715701
-0.708102 -1.408836
-0.698892 -1.234460
1.669976 0.506196
-1.092787 1.047221
0.177165 -0.442924
-0.984862 0.945612
0.294853 0.724434
2.129565 -0.618178
-0.254770 2.111949
0.194851 0.813391
0.310273 0.789445
1.893239 0.552467
0.350689 0.465155
0.096105 0.763398
0.090424 0.543217
-0.997437 0.938179
0.051091 0.676702
0.151685 -0.391187
-0.671881 -1.329630
-0.739296 -1.455528
1.286507 1.552328
0.263778 0.430439
0.876311 -1.779423
0.896515 -1.695638
0.822805 -1.716265
0.326824 -0.423946
-0.849401 -1.328388
1.834127 -0.618382
-0.186123 2.037790
-0.841527 -1.234285
1.294789 1.467768
1.342126 1.477124
-1.422469 -0.141097
1.926050 0.492593
0.902931 -1.757284
-1.489654 -0.072968
-0.213659 1.960936
0.579246 -1.608065
2.033748 -0.591323
0.267884 -0.419509
-0.831919 -1.374315
-0.659925 -1.186161
-0.909908 0.978157
1.284942 1.518328
1.691074 0.528825
1.760242 0.437757
0.151623 -0.592488
-0.798234 -1.157849
0.830979 -1.609652
1.272982 -1.578348
1.052039 1.542761
-1.492548 -0.194171
1.885108 0.691223
0.694693 -1.760438
-1.556122 -0.136052
-0.249294 2.017270
0.270635 -0.579256
-0.918826 1.026454
1.112136 1.284191
2.044455 -0.592942
0.866179 -1.646838
1.138037 1.530673
0.095917 0.569608
0.261395 0.653607
0.115646 -0.764535
0.066853 -0.509929
1.035284 -1.685539
0.034067 -0.691237
-0.903909 0.936782
-0.963534 1.034599
0.194856 0.602897
-0.626042 -1.385654
-0.634167 -1.242679
-0.969313 0.799068
-0.762247 -1.360785
2.087029 -0.626614
0.218934 0.368962
-1.341732 -0.324164
1.800628 -0.539981
0.313293 0.583440
-0.031370 -0.494167
-1.360958 -0.198619
0.167625 0.445612
1.863639 -0.591409
-1.243354 -0.290299
2.171499 -0.549168
1.066965 1.593905
1.302257 1.474391
0.829703 -1.858527
0.134946 -0.503204
0.460720 -0.529842
1.826814 -0.607395
2.106905 -0.520080
0.282254 -0.351859
1.219683 1.501463
-0.170795 2.130715
-1.015429 0.778182
0.267911 0.530550
-1.336711 -0.123266
1.833086 0.495608
1.085867 1.594968
-0.274807 1.704938
-0.833461 -1.396059
-0.146025 2.149952
1.942248 0.744968
2.157600 -0.576979
-1.248012 -0.242438
1.260872 1.657729
-1.447517 -0.376990
-0.147250 2.120394
0.733689 -1.634043
-1.129717 0.757722
1.816577 0.451630
2.045593 0.573759
-1.117848 0.987894
1.144150 1.566310
-1.327616 -0.298029
0.251820 0.801901
0.008028 -0.451026
0.132765 -0.365583
-1.120991 0.958356
0.252170 0.778477
0.246937 -0.686259
-0.711643 -1.163529
-0.260950 1.919522
2.175539 -0.626652
-0.977909 0.922468
2.028545 -0.500071
-1.438331 -0.389706
0.941432 -1.580531
0.300471 -0.658936
0.967260 1.524842
0.883198 1.429905
0.003038 0.645054
2.030164 0.730109
1.177222 1.352284
0.865221 -1.571558
0.886474 -1.781814
-0.938351 1.010977
0.742842 -1.809088
2.054346 0.574262
1.015233 1.490510
2.053635 -0.774036
0.392060 0.626204
-0.373036 1.943551
-1.152189 1.067033
1.840876 0.514282
1.142927 1.419746
1.844892 0.753098
-0.540704 -1.278928
1.940375 0.858542
2.009750 -0.521269
0.262785 0.673580
-0.952913 0.728938
0.867299 -1.856291
-0.439826 -1.381081
1.237040 1.591909
0.804565 -1.469659
2.064451 -0.523182
-1.478666 -0.157704
0.900653 -1.729434
1.038932 1.427986
1.854392 -0.673616
-0.816554 -1.133724
1.180402 1.533941
0.464157 0.699776
2.015790 -0.381989
0.422802 0.746359
0.871040 -1.879533
-0.182019 2.151517
1.084045 1.351500
-0.295446 1.941033
1.194903 1.610704
-1.027042 1.001986
0.252593 -0.573422
-0.180369 1.952295
-0.735655 -1.245335
-1.240774 -0.159608
2.155394 -0.561119
1.187670 1.484015
1.915374 -0.821896
0.982532 -1.754346
1.797663 -0.776982
-0.324331 2.138932
1.104214 -1.800422
-1.457350 -0.197113
0.051793 -0.641257
2.009455 -0.561881
0.923808 -1.806113
-1.283475 -0.391809
1.903640 -0.546730
0.247166 0.617715
1.118308 1.514133
-0.860952 0.869536
-1.522816 -0.352402
-0.388396 1.973906
-1.392909 -0.229168
2.011449 0.463324
-1.123062 0.840977
-1.374581 -0.124616
0.412861 0.577469
-0.124111 2.112915
-0.672084 -1.314865
0.172711 -0.523136
0.995393 -1.780704
-0.617626 -1.387638
-1.007615 0.728682
0.253728 0.763576
0.112604 0.684044
-1.115116 0.977893
0.895961 -1.676171
1.941829 0.473896
1.801793 0.509588
0.159821 0.635493
1.805341 0.681396
1.155482 1.731928
0.191572 -0.573843
-0.874766 -1.433681
-1.550658 -0.184129
1.964509 0.399153
-0.089104 2.023330
0.940864 -1.608567
-1.246360 -0.126066
1.045331 1.551126
0.905340 -1.537791
-0.323324 2.056806
-0.953147 0.783024
0.217034 0.598845
-0.664122 -1.315275
-1.039704 0.830616
-1.430693 -0.175042
-0.222688 2.005635
0.764734 -1.665256
0.391284 0.790337
0.092453 -0.727885
0.254531 -0.490351
-0.238214 2.045604
-0.626599 -1.169984
0.241902 -0.343902
0.241405 -0.495867
1.877275 -0.584206
0.065498 -0.440723
-0.100039 1.757672
0.906717 -1.837954
2.147867 -0.570757
-0.615781 -1.389300
0.770952 -1.602279
-1.419121 -0.291266
-0.581140 -1.339145
-1.499896 -0.283739
-1.065069 0.861799
-0.386631 2.023370
1.878847 -0.800220
1.736558 0.552867
-0.980366 0.944014
