1000 2
-2.072952 0.097079
-0.765537 0.011127
-2.221351 0.111806
-0.484232 -1.618487
-2.170915 0.336350
-2.130473 0.096877
-0.360247 -1.559922
-1.746449 -1.277170
-0.073891 0.852219
-0.986939 0.093399
-0.695003 -0.097643
0.426672 0.017654
-1.920731 -1.167656
-2.231295 0.281949
-1.944264 -1.105940
-0.772481 -0.189579
1.260085 0.784091
-2.260149 0.157028
1.395986 0.906035
0.201326 0.040373
0.296206 -0.222046
2.134165 -0.463372
0.848258 -1.570400
-0.648730 -0.083735
1.394174 0.840550
-0.394840 1.052071
-1.285420 1.262796
1.338395 1.055690
0.311339 -0.281816
-0.694109 0.016507
-0.197417 1.140254
0.775015 -1.545335
-0.170002 0.718302
0.811254 -1.205247
0.370031 -0.359213
1.949960 -0.290997
-2.173195 0.211613
0.364457 -0.028934
-0.677346 -1.526764
-1.326333 1.265621
-0.151947 0.955767
0.769538 -1.467166
-0.620540 -0.164275
-0.549890 -1.633423
-1.006468 -0.106018
1.353367 0.962632
1.990715 -0.395005
-1.784879 -1.189484
-0.918653 -0.083915
0.356429 -0.112180
-0.518278 -1.666101
-0.163737 1.054893
-0.697336 -1.542013
1.233831 1.085386
1.343746 1.093045
0.753224 -1.356490
-0.808111 -0.049437
-0.355355 -1.463209
-1.919690 -1.353724
0.939481 -1.437340
-0.342831 0.810798
1.397516 0.787822
0.513018 -0.204109
0.268486 -0.105806
1.924877 -0.366186
-0.063093 0.972667
-0.585425 -1.609038
-0.496554 -1.448048
-0.947670 1.330119
1.162777 1.153605
-0.383366 -1.530320
-1.265416 1.298945
-0.666765 -1.408896
-0.941075 1.334753
0.777309 -1.259094
0.321156 -0.301444
1.218572 0.960447
0.278752 -0.266048
-0.872835 0.095116
0.405967 -0.075729
-0.882119 0.007399
-0.291238 0.901963
0.457239 -0.414247
0.870146 -1.506518
0.788786 -1.340348
2.193917 -0.386879
-0.138364 0.892182
-1.266309 1.232426
-0.347274 -1.427299
-0.579412 -1.657694
0.242604 -0.178365
0.343509 0.023479
-0.589515 0.046780
-0.680806 0.017239
1.941111 -0.542417
1.134571 0.733175
-2.103093 0.300883
-0.396698 -1.495622
0.394387 -0.153422
0.436684 -0.176287
1.900950 -0.449073
1.883567 -0.471598
0.385417 -0.330855
-1.093342 1.502005
-0.180541 1.145354
-1.914742 0.270671
-2.253337 0.186990
0.725130 -1.672863
-0.470849 -1.359434
-2.135087 0.029358
0.298493 -0.225054
-2.318979 0.245148
-0.706624 -0.145762
-0.553293 -1.707745
-0.828022 -0.014178
-1.781188 -1.227110
0.347834 -0.217060
-2.073440 0.300954
1.820818 -0.250473
0.951995 0.879422
2.033987 -0.580401
1.234435 0.847863
-1.042046 1.390352
-0.656713 -0.081682
-0.840446 -0.129803
-1.158152 1.281897
2.112440 -0.279777
1.913347 -0.553061
-1.057016 1.550653
1.990083 -0.276125
-0.780576 -0.017879
1.024273 0.818240
0.730385 -1.512872
-2.180657 0.142849
-1.214571 1.171879
-2.156808 0.212837
0.717346 -1.370734
-0.494270 -1.673123
1.903831 -0.485446
-1.999307 0.222881
-2.270803 0.066441
1.292078 0.787735
-1.778950 -1.360805
1.005450 0.951901
0.375768 -0.266609
0.797448 -1.425838
-2.250056 0.331349
-0.344675 1.096087
-0.364242 -1.393385
-2.152611 0.253271
-0.337121 1.099126
-1.842871 -1.257537
0.385079 -0.092329
-1.776815 -1.295307
1.782220 -0.451487
0.500522 -0.239580
-0.818116 -1.489545
0.668896 -1.310043
-0.918417 -0.136863
-1.065272 1.266429
-0.671272 0.091131
0.374058 -0.044479
1.164873 0.927137
-1.834687 -1.180448
-1.125648 1.234871
2.094861 -0.479695
1.166973 1.015755
-1.108396 1.125814
-0.246517 0.927069
-1.962885 -1.138793
0.138725 -0.191472
-1.375637 1.208984
-1.692306 -1.185628
-1.077307 1.119876
-1.004710 0.011263
-0.079036 0.821698
-0.937064 0.039878
0.226954 0.080766
1.931032 -0.444492
-1.953879 -1.327697
-2.207699 0.185936
-2.146953 0.041243
-1.132597 1.239552
0.840666 -1.235083
1.060095 0.811745
0.471522 -0.248549
2.183781 -0.473756
-0.686158 0.145909
-1.129781 1.526197
-2.017817 0.377679
1.892511 -0.463567
-0.063727 0.857711
-0.107435 0.978275
-0.541928 -1.483189
-0.428289 -1.464479
1.986032 -0.491401
-1.875663 -1.391420
-0.976054 1.422451
-2.043911 -1.076876
-2.028151 0.215640
0.736402 -1.623111
-0.852738 -0.004331
0.893782 -1.464655
-1.202356 1.445060
-2.111815 0.340554
-2.164302 0.141412
0.753831 -1.507773
0.631240 -1.380324
-1.014308 1.369778
0.712915 -1.280189
2.010380 -0.414840
0.903792 -1.336088
-0.570642 -1.396459
-0.570878 -1.677193
0.320013 -0.437749
-0.187850 1.108640
1.241793 0.865161
-2.029783 -1.020961
0.661018 -1.308134
0.910785 -1.463851
-0.906581 -0.090262
-1.268663 1.435831
-1.941595 -1.307118
-1.739324 -1.045782
-1.925744 -1.185330
1.341630 0.842111
1.068456 0.946478
-1.131477 1.215755
-0.817860 -0.083543
1.938541 -0.275213
2.004156 -0.584488
1.975127 -0.270099
2.232101 -0.317920
-0.190726 1.063947
-2.135245 0.276084
-1.221707 1.457509
-1.822638 -1.024521
0.659993 -1.519513
-2.054375 0.231060
-0.249463 0.827686
-2.051619 0.007063
0.850648 -1.388477
-1.357555 1.390880
-0.569439 -0.080990
-2.076999 0.045028
0.421526 0.057595
0.730091 -1.565371
2.153563 -0.446508
-1.122973 1.463525
-0.913778 -0.208477
-0.803492 0.082885
-0.021202 1.033380
0.422405 -0.053892
-2.279250 0.171647
-2.140704 0.335363
-0.659227 -0.179728
1.882366 -0.509370
-1.423277 0.379767
-1.812771 -1.281082
1.172539 1.167814
-2.142174 0.208980
-2.067997 0.164205
-2.224193 0.264259
-0.070253 0.892936
-0.691323 -1.528116
-0.804317 0.109969
1.198379 0.902992
-2.201411 0.183796
2.227082 -0.528792
-0.744146 -0.212664
-0.790856 -0.013508
-0.238331 1.048954
-0.175078 1.063117
-0.828298 -0.205737
0.460075 -0.208591
-1.239294 1.466095
0.680239 -1.342578
-0.220451 0.987726
-1.080686 1.208251
0.479389 -0.244021
1.120765 0.790307
-0.956245 0.092291
-2.257770 0.109110
-1.249356 1.228693
-1.922517 -1.202836
-2.303015 0.235259
1.319651 0.929251
-2.142603 0.281665
2.036893 -0.229745
-1.773395 -1.155901
2.116308 -0.269222
-1.744208 -1.355259
-0.800652 0.060739
1.086071 0.955256
-0.808940 -0.208861
0.866633 -1.544245
2.031026 -0.516037
-1.364626 1.369570
-0.350658 -1.448619
-0.737012 -1.492614
0.810664 -1.453696
-1.937102 -1.162495
1.136455 1.074354
1.231028 0.974909
-1.749506 -1.032041
-2.120660 0.240018
-2.152725 0.000729
-0.243489 0.709934
-1.157342 1.295911
0.534614 -0.306199
-0.772616 0.010619
0.429378 -0.236359
2.208149 -0.415169
1.902816 -0.066832
-0.643304 -1.598000
0.497848 -0.212730
-1.073093 1.503770
-0.848738 -0.062783
-1.832725 -1.120991
-2.085827 0.389281
1.246609 0.998690
0.446349 -0.255825
-1.230042 1.378571
-1.861135 -1.260818
-2.089159 -1.107485
-1.968190 0.077557
-1.940234 -1.098958
2.055791 -0.349064
-1.957719 -1.095001
1.860744 -0.398473
-1.851344 -1.103536
-0.950515 -0.087595
-2.216558 0.158160
-1.786953 -1.309286
0.359593 -0.135146
-1.140114 1.263437
-0.605601 -1.500437
1.061693 0.952946
1.871229 -0.402237
-1.756071 -1.240198
-0.586648 -1.430362
-0.712970 -0.186691
-2.063934 0.041144
-0.113805 0.905423
0.420998 0.033221
-0.536239 0.586225
1.295097 0.871587
2.012904 -0.468775
-0.109996 0.940384
0.769622 -1.583789
2.010803 -0.322743
-1.278081 1.449448
1.272554 1.078821
-2.032786 0.326564
-0.538555 -1.458043
2.008752 -0.297203
0.752740 -1.372099
-0.128580 0.963839
-0.662318 -1.600323
-0.432407 -1.671209
1.219873 1.078414
1.335136 1.086879
0.327489 -0.103271
-0.726601 0.040004
-2.044379 -1.134467
-2.082307 0.216393
-1.003630 1.376881
-1.253454 1.585783
-1.047736 1.161337
-1.139669 1.094598
-0.655335 -1.707067
-0.063397 1.015089
0.323334 -0.133366
2.053714 -0.527678
-0.505851 -1.678039
-0.319991 0.814539
-2.262204 0.122229
1.976465 -0.560495
0.682006 -1.333378
-0.513756 -1.395214
1.208266 1.137447
-1.590701 -1.256613
-2.130219 0.203845
0.755059 -1.474458
-1.162947 1.452866
-0.699117 -1.471303
0.690090 -1.545152
-0.157533 1.018432
-1.154145 1.291088
-0.305998 1.043702
-1.943291 -1.347598
0.501040 -0.058304
-2.235502 0.235175
1.089117 1.086799
-0.971257 0.049651
-2.036242 0.252462
1.267680 0.951478
-0.573488 -1.335888
0.273586 -0.243202
-0.240835 1.044429
-1.921953 0.140089
2.202748 -0.454109
1.275138 0.756305
-1.899389 -1.115890
0.573815 -1.311964
1.241447 1.156271
-0.789032 -0.190952
-1.893079 -1.466623
-0.071592 0.852156
0.201159 -0.081379
-0.401365 -1.423118
0.239321 -0.339115
-0.655264 -1.423349
-2.065003 -1.173920
-0.557918 -1.569090
1.830691 -0.557379
1.163571 1.107770
0.729157 -1.655024
1.804210 -0.335606
0.630726 -1.390939
0.439514 -0.363655
-1.113679 1.401062
-0.561666 -1.385667
2.148929 -0.350883
1.054372 0.983185
-0.970897 -0.089360
-2.171735 -0.005718
0.645643 -1.382394
1.287449 0.980353
0.719692 -1.600175
-1.241530 1.374171
0.388299 -0.173813
1.287791 1.056444
-1.994075 -1.094974
0.274262 -0.212333
-0.775299 0.007756
-2.157453 0.241986
0.185250 0.055089
-0.061939 1.081277
-1.713959 -1.148562
-0.799905 -0.294858
-0.714613 -0.219383
-1.962688 -1.182167
-1.890657 -1.089880
-0.530434 -1.532874
-1.153844 1.373309
-0.948218 -0.195872
1.236107 0.958627
2.071279 -0.450715
0.874089 -1.418022
0.670277 -1.549276
-0.746952 -1.401918
0.801925 -1.683888
1.174032 1.201618
-1.879617 -1.176391
1.932620 -0.494311
-0.385870 -1.492586
-0.789471 -0.251976
0.455314 -0.293241
1.161091 1.019156
-1.466230 -1.214266
0.809621 -1.513959
0.710912 -1.598868
1.174007 0.942744
0.373039 -0.189703
1.037762 0.969982
-1.265016 1.384402
-1.812730 0.247103
-0.141756 0.975275
0.011318 0.998555
0.433446 0.054027
1.988908 -0.531884
1.273792 0.952388
-0.150538 1.055261
0.624806 -1.388137
-1.806737 -1.544735
-0.032515 1.157018
-1.943401 0.333054
0.434252 -0.186837
-0.506558 -1.388060
-0.214872 0.784126
1.958764 -0.562220
-1.156917 1.442153
-1.775394 0.188873
-1.872247 -1.350816
1.072236 0.946532
2.176234 -0.443572
-0.646737 -1.541632
0.410679 -0.006519
-2.062107 0.140304
-1.087504 1.349358
1.009269 1.071172
0.590918 -1.321703
-1.327813 1.387231
0.562630 -1.423592
1.273979 1.023549
-1.754480 -1.122053
-1.298224 1.216110
-0.417725 -1.601380
-0.646887 -1.581319
0.360624 -0.390057
2.057052 -0.443525
2.149266 -0.357972
-1.856113 -1.269175
-1.794555 -1.067383
2.140855 -0.363899
1.954851 -0.366636
0.682543 -1.606853
-1.980992 -1.371665
-0.373854 -1.549514
-0.259395 0.954092
2.129031 -0.244058
-0.163775 0.872459
0.570398 -1.270500
-1.969011 -1.285002
-0.649479 -1.526558
-0.941755 1.496365
-2.034158 0.073059
-2.058805 0.177842
0.977363 1.104618
-1.104467 1.289840
-1.040534 1.322271
-1.855464 -1.201903
-1.272834 1.156366
1.091251 0.737265
-2.039088 0.260583
-1.798643 -1.262551
-1.198618 1.132144
-1.761191 -0.912330
0.282722 -0.250871
1.772084 -0.339617
-0.613492 -1.618528
-2.005964 0.255945
-1.845259 -1.106086
0.835252 -1.535604
0.369834 -0.142360
0.500392 -0.276768
-2.124657 0.292822
-1.824678 -1.278365
-0.785095 0.121582
-1.373995 1.282314
0.364343 -0.254172
0.996648 1.032198
-0.830501 0.133285
-0.543674 -1.440782
-0.533056 -1.632167
0.654737 -1.483721
1.880649 -0.484721
-0.520231 -1.711233
-1.209841 1.123776
0.241537 -0.089587
-0.521539 -1.582865
-0.137847 1.029600
-0.628194 -1.660049
0.772328 -1.684037
0.930771 0.968914
2.004764 -0.329104
-2.018759 0.178811
-0.986837 -0.046258
0.986286 1.015178
-1.040771 1.278861
0.684881 -1.534158
-0.868177 -0.098969
-0.956130 0.020924
-0.145064 0.883672
-2.064779 0.066985
0.682097 -1.373942
-1.664585 -1.222792
0.184717 -0.201939
2.000758 -0.446084
-1.160193 1.371632
-0.948413 0.072112
2.173582 -0.329733
0.613117 -0.148489
-1.958843 0.138734
1.336022 0.977471
-1.149706 1.375645
1.172861 1.076524
1.040447 0.792403
0.130530 -0.131762
-1.829776 -1.325259
-1.009283 1.528789
0.530093 -0.095033
0.863963 -1.375858
-0.473410 -1.575362
0.671184 -1.287863
0.492726 -0.121893
0.679040 -1.545065
-0.658904 -1.731363
-1.235215 1.198106
-0.271247 1.137591
-1.217520 1.314595
-0.822785 0.129425
2.214775 -0.431970
0.598114 -1.460314
2.140859 -0.460587
-1.092740 1.377813
-2.252503 0.242941
1.233686 1.045908
1.840491 -0.367248
-1.147055 1.320864
-1.870425 -1.225635
-0.690735 -1.766324
-0.075370 1.126957
0.648023 -1.473265
-0.536389 -1.475914
2.135537 -0.433011
-1.341053 1.367254
-2.039806 0.215753
2.101603 -0.507248
-2.233521 0.163817
0.843627 -1.485494
0.445818 -0.041757
1.001468 0.875493
-1.107484 1.480600
1.954980 -0.547799
-0.839700 -0.195148
0.668139 -1.523641
1.182212 1.108065
0.000843 1.179601
-1.672326 -1.124336
-0.683687 -1.363807
-1.007326 1.270393
-0.466879 -1.553028
0.906776 -1.477139
-1.302949 -0.164562
1.122767 0.957832
0.470827 -0.242080
-1.323815 1.497648
0.731908 -1.208367
1.120211 1.017628
0.583941 -1.400095
-0.916508 -0.269513
0.309065 -0.208153
-2.138320 0.024184
0.921257 -1.463298
0.801908 -1.370437
1.696679 -0.379575
1.153868 0.423521
0.086281 0.927059
-2.232200 0.208253
-0.947123 -0.064309
1.276180 0.909758
-1.946552 0.049780
-0.898924 -0.284282
-0.098746 0.986973
-1.114740 1.353010
-2.093159 0.101939
1.230348 0.850574
0.354618 -0.282659
0.178070 -0.073188
-0.095922 0.922630
0.766251 -1.534974
-1.875901 -1.323306
-0.907796 -0.092821
1.071728 0.900176
1.077841 1.073156
-0.678135 -1.464529
0.984749 1.002130
-0.647895 -0.160349
-2.030860 0.335219
-1.858085 -1.306195
-0.679571 -1.436581
-2.161561 0.318926
-1.894211 -1.178407
1.741711 -0.598562
-0.319560 1.044813
-0.667958 -1.351316
-0.855543 -0.079010
0.871617 -1.318959
-1.171975 1.322050
1.197443 0.803626
0.110102 0.983432
0.230943 -0.439261
-1.110540 1.422118
1.261172 1.121978
-0.515497 -1.501368
2.019476 -0.435428
-1.339779 1.193253
-1.288541 1.488113
1.038552 0.942598
-0.938899 -0.161403
-1.171938 1.469815
-0.467673 0.113400
2.125361 -0.467271
1.229751 0.958076
-2.136637 0.276269
0.399004 -0.050729
1.946831 -0.293234
0.788521 -1.542111
-1.858292 -1.132419
-0.271655 0.986541
-0.665067 -0.134725
0.329565 -0.275060
-2.268820 0.411921
0.789484 -1.278734
1.955889 -0.236045
-0.303836 0.863284
1.274631 1.100415
0.795022 -1.460528
1.178354 0.940238
2.130211 -0.250347
2.124957 -0.536021
1.981960 -0.322561
1.122845 0.869914
0.929182 -1.531621
0.257807 -0.327994
2.114357 -0.330561
-1.990424 -1.273996
0.487113 -0.091189
-0.220509 0.867679
-1.744802 -1.212534
1.881603 -0.569979
-0.083781 1.125408
-0.942714 0.011312
1.331968 0.930001
1.193285 0.944140
1.095764 0.771801
1.358971 0.846795
-0.780315 0.095811
-0.774687 -0.102814
0.276960 -0.133913
-0.646278 -0.034443
-0.828548 0.151765
-0.178740 1.190587
1.850320 -0.346442
-0.026833 0.879375
-2.271606 -0.010224
0.915070 -1.373044
-1.231748 1.379758
-2.200817 0.079050
0.801960 -1.444685
-1.626234 -1.141599
-2.164586 0.114794
0.179405 0.062339
0.248564 -0.050362
0.865735 -1.396737
-2.023820 0.160002
-1.378011 1.202635
2.087837 -0.469958
-0.298515 1.175407
1.011050 0.965006
1.114545 1.055768
-0.012848 0.961127
-1.957226 -1.075823
-1.378190 1.406667
-1.296128 1.223510
-2.001811 0.149723
0.277560 -0.342487
-0.052053 1.013762
0.421465 -0.278543
1.003197 0.973127
-1.783990 -1.297459
0.629528 -1.350504
1.290382 0.864198
1.352232 1.061991
-1.983519 0.256631
1.381982 0.885198
1.088239 0.887699
0.960671 0.842837
0.262647 -0.000434
0.966849 0.890734
-0.004141 1.177947
-1.204365 1.236123
-1.141508 1.382416
-0.601067 -1.544133
1.051932 0.815311
2.152469 -0.576793
2.112069 -0.310820
1.925235 -0.445077
-0.031263 1.147141
-1.301671 1.356635
-1.881120 -1.004260
0.793643 -1.280386
-1.193900 1.332072
-0.650150 -1.532938
-0.559128 -1.565631
-0.917246 -0.051096
-2.058108 0.420410
1.976582 -0.357243
-0.842209 0.004113
0.785359 -1.513175
1.772710 -0.423612
-2.021051 -1.046342
-0.087957 0.803817
-1.118031 1.187490
-1.140223 1.377112
0.171456 -0.241692
-0.552933 -1.558063
-2.059379 0.081573
-1.914425 0.252344
-0.120810 0.829364
-1.361924 1.005833
2.223079 -0.424313
2.166947 -0.611209
-0.665774 -1.573410
-0.816703 0.004572
-2.045378 0.246048
2.014062 -0.343897
-0.855106 -0.301696
0.800672 -1.504113
-0.076902 0.929882
0.439432 -0.159334
-0.375860 -1.334803
-1.826623 -1.157302
2.098877 -0.634698
-0.592477 -1.408168
1.271103 0.891608
1.210443 1.093427
-0.106060 0.984361
-0.124053 1.092661
1.787546 -0.626423
-0.259254 1.047865
0.341856 -0.001389
0.204788 -0.295482
1.070163 1.100950
-1.287023 1.469655
-1.058744 1.529686
0.300460 0.089583
-1.051558 1.341860
-1.919347 -1.351297
1.282905 0.971049
-0.819630 -0.267038
-1.955923 -1.232982
1.042782 0.964534
-0.212333 0.883072
-0.847877 -0.087799
1.071334 0.897624
-1.945665 -1.194732
-0.738878 -0.281735
-1.922877 -1.116378
-0.531889 -1.678904
-0.429139 -1.449171
1.914082 -0.432676
-0.262511 1.179143
0.045154 0.669281
-1.647387 -1.232370
-1.745566 -1.353025
-0.205731 0.794877
-0.514132 -1.438846
0.658093 -1.354616
0.168137 -0.273368
1.272852 0.871193
-0.911994 0.067482
-1.880324 0.257931
-0.604226 -1.351572
0.806352 -1.223128
-1.372229 1.348666
0.807439 -1.491077
-2.098727 0.299602
-1.842278 -1.307835
-0.778170 -0.251509
-0.662385 -1.400865
-0.757044 -0.059111
0.572137 -1.468928
2.027844 -0.421114
0.294216 -0.144439
-2.015046 0.249034
-2.207849 0.158129
0.443451 -0.070948
-0.649370 -1.665398
-0.882506 -0.120486
1.327955 1.037615
-0.198802 0.974004
-0.106080 1.104080
0.492903 -0.113676
1.159792 0.925728
-0.168704 1.120773
-1.057178 1.476334
0.908774 -1.282069
-1.924294 -1.127668
0.358166 -0.189946
-1.885297 -1.228039
-0.902438 -0.154935
2.092852 -0.232893
-0.035609 1.103888
-0.598309 -1.287216
-0.454610 -1.527808
1.112278 0.717636
-1.890854 0.256427
-0.403886 -1.351330
2.027077 -0.375222
2.126814 -0.492512
0.215991 -0.249172
1.967281 -0.416346
-2.278044 0.165845
-0.460493 -1.614348
-1.738852 -1.110583
1.297987 1.113380
0.785065 -1.561569
0.244888 -0.173563
-2.037969 0.064919
-0.630099 -1.403434
-2.057623 0.348192
-1.269078 1.510081
-1.952143 0.243954
-1.923847 -1.234152
1.247381 0.910922
0.400871 0.075274
1.980457 -0.295389
-0.991401 1.277253
-0.521126 -1.647376
2.076284 -0.266460
-1.897763 -1.301596
-0.739338 -0.066155
2.077858 -0.284088
-0.461240 -1.373262
-1.687619 -1.215583
-1.239220 1.300357
-0.601273 -1.482172
1.145286 1.026426
-2.016797 -1.093006
1.235385 1.134251
2.176364 -0.312916
0.653819 -1.510782
-0.639620 -1.304987
0.804382 -1.408221
-0.410482 -1.567348
0.180209 -0.294240
-0.023992 1.019754
0.750905 -1.284287
-1.250803 1.249118
-0.797374 0.092965
-1.721515 -1.391057
-0.550811 -1.278525
-1.879003 -1.209912
2.032754 -0.210683
-1.690194 -1.351310
0.692935 -1.601740
1.792319 -0.518600
-0.725055 -0.133893
-0.280841 1.017933
-1.951726 -1.140594
2.087605 -0.290758
-0.882233 -0.186869
-1.805359 -1.226621
1.175555 0.844696
-0.656016 -1.556672
0.484116 -0.031066
-0.947768 -0.014915
0.747293 -1.304002
-0.904807 -0.232878
-2.175284 0.357774
0.351055 -0.019338
-0.776686 -0.232553
1.038767 1.152039
0.686960 -1.563996
-1.187856 1.220073
-0.318611 1.008686
2.128808 -0.262536
-0.959038 1.333605
0.313389 -0.197768
1.240936 1.151120
1.369882 0.800064
0.410205 -0.297359
2.064423 -0.477635
-2.130964 0.061445
-2.016909 0.228684
1.215512 0.801287
-2.074964 0.199073
-0.589755 -1.296530
-0.245277 1.096088
-1.326419 1.356479
-0.741900 -0.006292
-1.873139 0.101855
0.707687 -1.541252
2.061414 -0.277373
-0.707083 0.046100
-0.469530 -1.480115
1.980639 -0.290060
0.732011 -1.582389
0.313573 -0.178633
1.069918 0.863980
-1.201475 1.171847
0.418787 -0.230541
-0.718565 -0.041615
0.726287 -1.299923
2.096394 -0.623209
1.278473 1.161345
-0.304923 1.149802
0.054515 0.954730
0.810744 -1.312033
-1.261968 1.459351
-0.321950 0.963289
-0.031224 1.104735
-1.964522 -1.184012
-0.172388 0.888333
0.764107 -1.230441
2.020109 -0.548954
-2.010291 -1.215016
-1.119906 1.492450
1.980801 -0.193772
-0.728260 -0.129882
-1.176777 1.544301
-1.000378 -0.100473
0.379159 -0.333386
0.840269 -1.339401
-1.699229 -1.331732
-2.123936 0.126653
0.373732 -0.286093
