500 2
-0.770779 -0.660101
-0.009205 -0.417792
1.544534 -1.657498
1.181497 0.646224
0.113479 -1.415862
1.670832 -1.810384
2.183554 -0.408415
0.358420 0.077094
0.414150 0.307420
-0.976550 -0.382421
0.309301 1.606189
0.078356 1.602728
-1.071613 -0.569508
0.300424 0.292477
0.050822 -0.264402
1.285129 0.805426
0.111659 -0.528761
1.812917 -0.348589
0.047127 -0.328059
1.213374 0.434517
0.314789 1.628607
0.194392 -1.570407
-0.664843 0.487539
1.491988 -1.806468
0.282359 -1.462875
1.124513 0.833184
1.468612 -1.714141
1.568060 -1.881459
0.285140 0.228601
-0.575314 0.814362
1.179381 0.690491
0.023640 -0.567825
-0.407828 0.594786
-0.801727 0.550474
0.994477 -0.618760
-0.555297 0.448971
1.416131 0.724458
0.272948 1.520256
-1.048662 -0.332141
1.919002 -0.188603
0.125689 1.554340
1.410783 -1.874121
-0.169779 -0.243884
1.960504 -0.695872
0.455917 0.183766
-0.953809 -0.612380
0.747690 -0.593755
0.177966 -1.306230
-0.706805 0.562124
0.944559 -0.333329
-0.763589 0.632816
1.033170 -0.660071
0.089375 -1.391549
0.391853 -1.405436
0.200701 -1.354505
-0.619676 0.572760
0.408527 0.244227
-0.000910 -0.467011
0.264603 1.366143
1.163596 0.684716
0.289284 0.239022
1.074139 -0.337386
1.589533 -1.743375
0.168215 1.345909
-0.745574 0.714986
1.413784 0.671172
-0.014296 -0.326225
1.621885 -0.519190
-0.505477 0.664266
1.763608 -0.212876
2.130052 -0.497575
0.064444 1.456091
1.331124 0.556202
0.268600 1.238797
0.903316 -0.696053
0.073369 1.369234
-0.675631 0.401317
1.081443 -0.624204
-0.522012 0.560358
1.424769 -1.825749
-1.041463 -0.469713
1.931041 -0.509428
0.054414 -0.369224
0.288949 1.337402
1.328141 0.685096
-0.942518 -0.358886
0.984915 -0.626412
1.365171 -1.932755
-0.016473 -0.523967
1.926969 -0.373933
-0.140904 -0.347967
0.113577 1.417155
1.291399 0.873886
0.447111 0.282288
0.291089 1.508915
-0.504861 0.642804
1.588712 -1.836392
0.649536 -0.474745
1.212798 0.657948
-0.686972 0.709904
0.378365 1.378061
-0.622342 0.546229
1.281520 -1.834108
1.573256 -1.951831
0.218322 1.602889
1.524768 -1.821970
1.159897 -0.537200
0.726139 -0.564907
1.727718 -0.261790
1.241885 0.882378
0.803714 -0.653288
1.121497 -0.576566
0.843826 -0.603380
0.236247 1.366132
0.025827 1.608096
1.548407 -1.877417
0.788006 -0.589556
0.096736 -1.359306
0.169766 1.527752
1.149201 0.720391
-0.482325 0.792952
0.218248 1.646552
1.883036 -0.600995
0.378925 -1.301296
-0.979219 -0.521768
-0.995616 -0.435202
1.928088 -0.352606
1.661214 -0.081337
0.344187 -1.439188
1.481216 -1.690280
0.374875 -1.378904
-0.564910 0.677681
0.382462 -1.386698
-0.583691 0.536941
1.408565 -1.651711
0.420526 -1.130937
1.349514 0.653371
-0.026999 -0.345092
2.023763 -0.359048
0.225581 1.449280
0.285256 -1.378339
1.066578 0.380084
0.690421 -0.554826
-0.974391 -0.332945
0.265685 -1.396987
0.075818 0.348598
-0.078441 -0.209624
-0.801485 0.691232
0.319571 0.217625
0.781161 -0.681523
1.708509 -1.864673
1.664025 -1.883597
0.265169 -1.467201
1.363954 0.467650
1.434324 -1.988982
1.461166 -1.783592
0.212030 1.258935
1.865298 -0.624904
1.718510 -0.627137
0.206476 -1.328603
-1.113158 -0.518038
-0.782690 0.577220
0.258870 0.305651
0.902444 -0.506844
-0.596763 0.565353
2.006542 -0.488994
-0.569124 0.593867
0.138749 0.217635
0.321406 -1.255964
-0.622674 0.748277
1.048828 -0.707901
1.984216 -0.261822
-0.856987 -0.569225
0.065795 1.422798
0.238905 1.624508
1.626649 -1.772586
-0.899592 -0.414995
0.176834 0.367211
0.303324 1.600918
0.184938 1.312116
0.389223 1.493777
0.766839 -0.745147
-0.572437 0.699676
0.258574 0.262610
1.027178 -0.780613
-0.683666 0.630665
0.542901 0.390326
-0.873115 -0.551949
-1.049257 -0.504580
1.124085 0.692809
0.019215 1.575568
-0.850626 -0.358406
1.917400 -0.436835
1.063587 -0.583255
-0.893860 -0.604609
-1.047274 -0.551864
1.364359 0.586954
0.281291 0.151012
-0.903182 -0.547047
0.116305 -0.552697
-0.031045 -0.576041
1.711491 -0.282056
0.353591 0.275427
1.720683 -0.466743
1.381688 0.768337
-0.172030 -0.454674
-0.871443 0.767516
1.490446 -1.694607
-0.078576 -0.394190
0.229913 -1.086564
0.401796 1.469320
0.864780 -0.668137
-0.450859 0.537924
1.621402 -1.874898
-0.050685 -0.363841
0.081568 -0.508214
-0.588340 0.651611
0.464611 0.162572
-0.991387 -0.433043
1.240760 0.631429
0.494418 -1.307413
2.037518 -0.606983
-0.896803 -0.416019
-0.065235 -0.572602
0.219545 1.600260
1.964495 -0.388371
-0.812668 -0.588518
1.213404 0.668676
1.201426 0.836404
0.975299 -0.568804
1.395516 0.771717
0.872160 -0.401569
1.312284 0.587693
0.258300 0.311858
-0.047884 -0.430011
1.505713 -1.984935
0.033934 0.240377
1.749078 -0.583673
1.339027 -1.751161
0.214719 -1.228949
1.709086 -0.186948
-0.614364 0.675502
0.210530 -1.304439
-0.504014 0.754829
1.410860 -1.773985
1.655135 -1.862085
-0.661200 0.759251
-0.404678 0.601747
-0.660049 0.446264
2.100301 -0.509134
-0.094385 -0.332191
1.273350 0.512118
1.010316 -0.713475
0.164358 1.108030
0.257816 0.224918
1.731096 -0.331067
0.209667 -1.520500
1.709353 -0.451997
1.086533 0.799442
0.247752 -1.417815
-0.710771 0.656974
0.756990 -0.406611
0.295038 0.538302
0.337153 -1.370579
-1.008412 -0.518839
0.069486 -1.426132
1.761189 -0.556587
0.791696 -0.533762
0.257117 -1.429199
-0.490486 0.505549
0.326719 -1.522200
-0.998999 -0.622467
-0.856676 -0.569920
-0.282076 -0.305576
1.088506 0.780456
0.258674 1.609758
0.919264 -0.668889
-0.035201 -0.341760
-0.958383 -0.609959
-0.790510 -0.383010
-1.103865 -0.586520
1.797491 -0.224461
1.944895 -0.294891
1.994300 -0.505893
0.249743 -1.467910
0.225378 0.367963
0.152958 -0.485853
0.327437 1.540019
1.848246 -0.257526
-0.016068 -0.434590
1.389259 -1.869174
-0.033599 -0.444167
-0.743834 0.759450
0.429210 0.114700
-0.978879 -0.411912
0.416166 0.206817
1.330754 0.538113
1.330354 0.807466
0.099569 -0.416418
-0.544452 0.567369
1.966259 -0.272840
-0.738136 0.742024
1.414565 0.406204
0.078669 -1.401265
0.116950 -0.340720
1.483926 -1.779315
0.156406 -1.467336
1.357140 0.805129
0.920939 -0.575445
0.956445 -0.294880
1.359974 0.645271
0.497322 0.212390
0.420751 0.128312
0.359100 1.566598
-0.700506 0.769835
1.544249 -1.716092
0.514458 0.159984
-0.872314 -0.649401
-0.995491 -0.645512
1.340552 0.653355
1.287225 0.698886
1.817039 -0.612777
-0.874398 -0.259511
-0.614831 0.486934
-0.154454 -0.468783
-0.889144 -0.439239
-0.700483 0.802829
0.573253 -1.228927
2.035254 -0.203038
-0.417024 0.725421
1.172651 0.736456
2.010461 -0.383741
0.191588 0.223262
-0.969948 -0.454996
0.994729 -0.670948
0.089582 -1.365711
0.262498 1.379927
-0.868368 -0.513631
0.964895 -0.687218
1.850582 -0.333821
1.829163 -0.579631
-0.221789 -0.383353
1.520659 -1.730275
0.435631 0.318157
1.774719 -0.338800
1.138023 0.673587
0.019529 -0.498734
-0.181085 -0.458948
0.856911 -0.662457
0.948946 -0.647292
1.432459 -1.893207
0.450538 0.388306
0.271607 -1.117641
1.128422 0.489982
1.385198 0.586343
1.900210 -0.219910
0.365877 1.570712
0.198919 -1.541984
0.951643 -0.600792
0.277259 1.603210
0.216848 1.506854
0.827462 -0.522098
0.267418 1.430420
1.202901 0.683371
-1.054945 -0.405540
1.377632 -1.778420
0.287821 0.211115
0.897501 -0.381590
1.817050 -0.329468
1.320993 0.765375
0.136069 1.725335
-0.088366 -0.579319
2.009537 -0.476932
0.134905 1.457103
0.354063 1.638467
-0.997697 -0.437577
0.928152 -0.569920
1.378893 -1.770095
2.050947 -0.358158
0.092455 1.456499
-0.412820 0.585406
0.723193 -0.552846
-1.022959 -0.559908
1.492482 -1.737223
1.806477 -0.493467
-0.062287 -0.566318
0.900222 -0.648651
1.204908 0.787987
0.191096 1.301830
-0.016949 -0.528413
0.964782 -0.707654
0.764818 -0.787147
-1.023777 -0.456353
0.376746 0.378604
0.365513 0.240517
0.978827 -0.677814
1.015716 -0.784888
1.666929 -0.270959
0.188773 -0.322340
0.234286 -1.565035
0.133699 0.313827
1.035989 0.594719
0.793047 -0.754182
1.233249 0.994396
0.305129 1.268074
1.459826 -1.694692
0.210691 1.213932
-0.088526 -0.532344
0.161312 1.387987
1.897701 -0.563603
0.305397 1.398305
1.640499 -1.774943
0.248728 -1.463319
-0.185809 -0.502727
0.044878 1.582078
-0.521206 0.805734
0.221853 0.338465
-1.064902 -0.552362
1.259218 0.511481
2.005155 -0.561309
0.360093 1.337426
-0.554885 0.831964
1.957769 -0.305355
1.538225 -1.677484
1.269603 0.836915
0.250578 -1.212863
0.214699 -0.581339
0.419714 1.435406
0.489283 0.289639
1.405637 0.751469
-0.900307 -0.561488
0.376321 1.405843
-0.836819 0.671293
0.289083 1.104812
0.233960 0.188443
-0.840396 -0.539586
-0.719926 0.622262
0.057387 1.567089
1.918347 -0.402855
1.392887 0.830026
-0.052903 -0.531270
1.553358 -1.803777
1.249001 0.766634
0.038335 -0.397495
1.778656 -0.156403
0.071195 1.313446
0.669412 -0.738762
1.392616 -1.799387
1.368159 0.579382
0.074867 -1.292289
1.136305 -0.574360
-0.495196 0.851567
0.071985 1.511787
-0.143911 -0.463718
1.883376 -0.442039
0.075963 -0.465569
0.150417 -1.330636
1.245591 0.942623
1.590051 -1.715100
0.275557 0.397528
-0.950283 -0.341832
0.189890 -1.192440
1.803333 -0.290209
-0.795760 0.686307
-0.393590 0.852785
1.464590 -1.911444
-0.926969 -0.587824
1.998758 -0.310977
-0.134209 -0.416840
1.541741 -2.000104
0.297579 -1.612571
1.744280 -0.422580
-0.601005 0.810737
-0.942611 -0.252503
0.996132 -0.499764
-1.104312 -0.263085
1.759463 -0.502185
-0.343537 0.688896
0.907303 -0.689278
1.296013 0.879172
1.322515 0.793301
-0.593282 0.521999
1.597899 -1.977349
0.418502 -1.110906
0.200642 -1.502011
0.091660 1.625315
0.197476 -1.491655
0.230658 -1.334545
0.432398 -1.192373
0.149335 1.455042
1.097181 0.766786
0.367864 1.407202
1.435818 -1.657663
-0.072866 -0.349961
-0.724213 0.635468
-0.167692 -0.544088
2.017834 -0.476836
1.496467 -1.945659
1.413035 -1.795207
1.188362 0.643070
