1000 2
-1.082960 1.408296
-1.302293 0.038468
-1.035712 1.638970
1.001769 0.324730
-0.912842 1.623775
-1.094790 1.636003
0.895976 0.094286
0.249630 1.570082
-0.404518 -0.216435
-1.221190 0.264386
-1.201742 0.222132
-2.035741 0.672920
-0.106899 1.431939
-1.133632 1.674815
0.142809 1.568077
-1.221501 0.167477
-0.244022 -1.515946
-0.985240 1.702300
-0.324303 -1.676184
-2.212215 0.782812
-2.090607 0.793576
1.277881 -1.277407
-1.855058 -1.781338
-1.046820 0.068801
-0.321716 -1.519566
-0.392696 0.038257
-2.123882 -0.600078
-0.355736 -1.624965
-2.113353 0.509052
-1.348652 -0.149869
-0.276973 -0.253386
-1.876890 -1.765273
-0.527916 -0.295292
-1.669056 -2.043537
-2.325562 0.584600
1.067701 -1.303065
-1.018471 1.596552
-2.079981 0.794079
0.816072 0.410460
-1.861088 -0.856800
-0.460561 -0.279247
-1.855743 -2.049315
-1.083390 0.222412
0.923452 0.337385
-1.226013 0.191833
-0.423687 -1.519092
0.875876 -1.251989
0.146068 1.496228
-1.225778 0.199662
-2.236348 0.866688
0.958554 0.222617
-0.133643 -0.293225
0.998385 0.124025
-0.499667 -1.809309
-0.576502 -1.703732
-1.903057 -1.941749
-1.394777 0.164154
0.669270 0.175377
0.313216 1.532988
-1.964103 -2.025476
-0.564576 -0.105404
-0.333103 -1.464428
-2.021880 0.762343
-2.322126 0.680421
1.035126 -1.071425
-0.364511 -0.226012
0.818916 0.367915
0.713011 0.180717
-2.181651 -0.824113
-0.488162 -1.520356
0.655771 0.075804
-2.008603 -0.704202
0.663571 0.248062
-1.845271 -0.731395
-1.759610 -1.982912
-2.239486 0.616700
-0.351728 -1.799370
-2.089707 0.757755
-1.300287 0.007428
-2.133499 0.829727
-1.348162 0.156870
-0.316141 -0.123485
-2.356417 0.726316
-2.097365 -1.896585
-1.761157 -1.997489
1.181780 -1.182870
-0.138232 -0.283001
-2.228768 -0.726934
0.921166 0.084865
0.774348 0.187052
-2.418785 0.712620
-2.101252 0.830205
-1.129647 0.081369
-1.241132 -0.077389
1.131196 -1.151340
-0.457716 -1.466962
-1.173668 1.465459
0.784579 0.228613
-2.134505 0.767399
-2.420007 0.745900
0.936555 -0.974446
1.130424 -1.079727
-2.320427 0.715245
-1.987375 -0.617658
-0.306720 -0.370386
-1.027536 1.467997
-1.064993 1.743368
-1.773766 -2.025511
0.993441 0.028696
-1.045289 1.678981
-2.378093 0.663362
-1.205845 1.555951
-1.098346 0.008620
0.931736 0.270564
-1.336904 0.081609
0.025818 1.442635
-2.368604 0.852972
-1.146508 1.617224
1.030306 -1.139697
-0.725130 -1.523794
1.113221 -1.210892
-0.262063 -1.768412
-2.164391 -0.742170
-1.102953 0.163704
-1.155743 -0.032565
-2.097027 -0.833671
1.043460 -1.422775
0.886560 -1.139638
-2.237099 -0.701497
1.196962 -1.156568
-1.119302 0.123109
-0.637278 -1.747112
-1.724148 -2.035079
-0.942127 1.659953
-2.123469 -0.655250
-1.094833 1.433191
-2.052057 -2.021216
0.967584 0.280004
1.031040 -1.062050
-1.080361 1.690393
-1.077398 1.678212
-0.314875 -1.584721
0.007802 1.479777
-0.581690 -1.537774
-2.304354 0.579510
-1.885588 -1.853658
-1.161428 1.735332
-0.366632 -0.331335
0.784635 -0.002230
-0.880069 1.613186
-0.389327 -0.329588
0.097674 1.448802
-2.219542 0.614885
0.070492 1.485025
1.072173 -1.074773
-2.116403 0.705640
0.766592 0.194905
-1.816393 -1.932218
-1.281532 0.033928
-1.953974 -0.644208
-1.210495 0.197434
-2.123165 0.923558
-0.458084 -1.635241
0.029101 1.568852
-2.107928 -0.583098
0.910961 -1.432562
-0.680632 -1.624473
-1.991275 -0.575685
-0.292978 -0.089073
0.141532 1.677544
-1.975443 0.642551
-2.148203 -0.501339
0.112331 1.349738
-1.872615 -0.654838
-1.305259 0.293115
-0.309115 -0.209893
-1.347138 0.014041
-2.104243 1.017266
1.023526 -1.103317
-0.069599 1.590953
-1.170883 1.687003
-0.974922 1.565668
-2.160455 -0.694455
-1.976482 -1.821320
-0.678686 -1.585704
-2.284155 0.917035
0.969520 -1.490443
-0.981830 0.099861
-2.295044 -0.767024
-1.035198 1.431512
0.980711 -1.160492
-0.215082 -0.361265
-0.307168 -0.315711
0.644036 0.225313
0.889331 0.028401
1.042488 -1.301765
0.092524 1.738047
-1.895654 -0.599890
0.265236 1.599442
-1.174113 1.411738
-1.950147 -2.037484
-1.304036 0.088399
-2.058291 -2.116134
-2.194395 -0.862330
-1.086722 1.570612
-1.089431 1.608220
-1.904312 -1.933542
-1.818497 -1.673624
-1.908208 -0.627605
-1.748368 -1.898113
1.081376 -1.113350
-1.908906 -2.025594
0.730517 0.150131
0.889825 0.212519
-2.318196 0.572930
-0.283482 -0.256510
-0.454137 -1.419996
-0.088060 1.400831
-1.786962 -1.849097
-1.863654 -1.834876
-1.329698 0.059929
-2.122007 -0.711879
0.360553 1.496139
-0.035477 1.301348
0.161443 1.514790
-0.334783 -1.712976
-0.449393 -1.580309
-1.932953 -0.696595
-1.397276 0.197992
0.908609 -1.181268
0.917076 -1.227831
1.087584 -1.248784
1.062570 -1.259343
-0.389200 -0.329857
-0.987643 1.494247
-2.086116 -0.794956
0.099080 1.473201
-1.851406 -1.799102
-1.146506 1.472033
-0.287362 -0.211084
-0.809584 1.659520
-1.976866 -2.093900
-2.110404 -0.600059
-1.020894 0.160582
-1.068770 1.428096
-2.130547 0.869259
-1.953095 -2.168489
1.244986 -1.325403
-1.935484 -0.826728
-1.342800 0.115439
-1.062698 0.176783
-0.168513 -0.381156
-2.234263 0.572552
-0.965571 1.667887
-1.088138 1.758163
-1.043297 0.190428
0.852802 -1.193576
-1.022571 0.616607
0.255621 1.456077
-0.543781 -1.483559
-1.153128 1.588044
-0.997341 1.515449
-1.257009 1.651536
-0.198839 -0.184671
0.833331 0.338482
-1.163112 -0.051115
-0.520726 -1.521350
-1.071729 1.562827
1.051689 -1.484185
-1.155024 0.004136
-1.291209 -0.018291
-0.167080 -0.213581
-0.244763 -0.162111
-1.409896 0.108268
-2.367317 0.867356
-2.196925 -0.695082
-1.837520 -1.743444
-0.386848 -0.090683
-1.948339 -0.543106
-2.111048 0.743381
-0.752208 -1.585928
-1.398671 0.027251
-0.867746 1.661006
-2.066631 -0.625848
0.260507 1.514200
-1.140413 1.689771
-0.471551 -1.554047
-1.114065 1.443366
0.965562 -1.099621
0.083851 1.570594
1.058501 -1.365625
0.144491 1.593704
-1.287074 0.021082
-0.408409 -1.623881
-1.131174 0.136444
-1.884836 -1.931292
1.002583 -1.159325
-2.106586 -0.732283
0.865630 0.126493
0.887707 0.334117
-1.899285 -1.852969
0.083315 1.631381
-0.468625 -1.423630
-0.685911 -1.684765
0.009456 1.349431
-1.207924 1.528080
-0.799865 1.588738
-0.323924 -0.061543
-2.168503 -0.576171
-2.136956 0.599540
-1.073174 -0.040273
-2.284521 0.708815
1.059425 -1.273328
0.922783 -1.374228
0.831793 0.438311
-2.206448 0.874071
-2.128530 -0.824083
-1.223419 0.085942
0.134434 1.494936
-1.225524 1.583421
-0.396357 -1.355000
-2.176179 0.647121
-1.983208 -0.526738
0.234390 1.483924
0.147332 1.528373
-0.950385 1.389930
0.160172 1.597238
1.200422 -1.240283
0.231104 1.631625
1.026107 -1.190645
0.082107 1.478262
-1.222942 0.038682
-1.015855 1.601883
0.235809 1.614849
-2.050849 0.774333
-2.061159 -0.762986
0.780831 0.165397
-0.630655 -1.711586
1.020745 -1.057682
0.006306 1.624833
0.839945 0.249857
-1.048712 0.222282
-1.089628 1.411376
-0.157207 -0.248836
-2.028998 0.800022
-0.623165 -0.120034
-0.532311 -1.596273
1.003494 -1.223309
-0.234473 -0.302027
-1.872244 -2.154737
0.996408 -1.378293
-2.042201 -0.674719
-0.489229 -1.783398
-0.963295 1.646148
0.753002 0.100848
0.958669 -1.463500
-1.722355 -2.036638
-0.213741 -0.220210
0.902323 0.209674
0.894105 0.124841
-0.521129 -1.620204
-0.262752 -1.598240
-2.208395 0.948839
-1.197275 0.056265
-0.031606 1.503192
-1.093577 1.714097
-2.317225 -0.733658
-2.221910 -0.619153
-1.858441 -0.755311
-2.075587 -0.594096
0.928846 0.325136
-0.241261 -0.377965
-2.391343 0.801366
1.101530 -1.343633
0.839520 0.211219
-0.305139 -0.023853
-1.178151 1.504678
1.187821 -1.209519
-1.917876 -1.789781
0.871314 0.143194
-0.506360 -1.754291
0.255868 1.246528
-1.213604 1.568176
-1.997963 -2.016979
-2.077155 -0.520701
0.729060 0.403820
-1.755659 -1.926755
-0.173550 -0.250004
-2.058413 -0.860767
-0.413857 -0.304684
0.053447 1.642444
-2.019373 0.758276
-1.130999 1.606569
-0.447049 -1.551701
-1.193223 -0.104383
-1.165629 1.672365
-0.620978 -1.669530
0.744666 0.198792
-2.233311 0.776778
-0.281023 -0.237910
-0.984166 1.332764
1.200721 -1.192933
-0.399885 -1.470585
-0.020522 1.584803
-1.817239 -1.806647
-0.495857 -1.751863
-1.337907 -0.070351
0.050955 1.727423
-0.286151 -0.123772
-2.158788 0.824259
0.874627 0.121459
-2.444073 0.633239
0.757993 0.156709
0.112210 1.707812
0.795449 0.226443
0.992889 -1.189210
-0.439968 -1.822569
-1.702892 -2.024929
0.911905 -1.128565
-1.803340 -1.882244
-2.296907 0.529106
-2.010503 -0.709924
0.809086 0.269047
1.273415 -1.279770
-0.674324 -1.530765
-1.221674 0.298793
-1.003392 1.344744
-1.702472 -1.920517
-0.287530 -1.570931
-1.739086 -2.052504
-2.141016 -0.587664
-2.057633 0.832125
-0.434341 -1.733976
0.233474 1.604130
-2.187287 0.820968
-1.333780 0.078195
-0.852042 1.493186
-2.157019 0.733337
-0.190845 -0.150307
0.106446 1.522373
-1.101548 0.044353
-1.041042 0.144316
0.111795 1.551585
0.037421 1.651032
0.888116 0.141894
-2.075889 -0.675328
-1.464091 0.185066
-0.641577 -1.571369
1.116059 -1.306574
-2.046501 -1.854790
-1.746710 -1.991491
0.700724 0.305219
-2.028251 -1.892589
-0.617511 -1.400841
0.094149 1.460667
1.171836 -1.149574
0.729149 0.298997
-1.138051 0.173749
-2.345042 0.733063
-0.435760 -1.784497
0.080433 1.359213
-1.996265 -1.966681
-1.941201 -2.115738
-0.518748 -1.618555
-2.213920 0.575520
-0.507148 -1.619546
-2.061445 -0.723288
-0.910706 1.287157
-0.231999 -0.216002
-0.313146 -0.394792
-2.204400 0.667592
1.011597 -1.215204
-0.377673 -1.743528
-0.407755 -0.286208
-1.848200 -2.158415
0.440942 1.198861
-0.286963 -0.098141
-1.288512 1.640471
-2.189976 0.869156
0.667428 0.073263
-0.276918 -0.039821
1.197159 -1.202989
-2.173188 -0.739467
-1.339505 1.700870
0.102533 1.688414
-0.598446 -1.437528
1.004950 -1.507017
0.891157 0.291541
-2.091838 0.717563
-1.141686 1.500877
-2.046636 -0.642676
-0.649072 -1.658357
-1.941652 -1.768828
-2.068355 -0.784602
-1.875973 -2.021631
-0.302682 -1.584962
0.232533 1.368007
-2.040026 -0.478217
0.881772 0.145514
0.814075 0.308720
-2.214520 0.810829
0.964319 -1.441795
0.901685 -1.325375
0.078451 1.482806
0.015405 1.411904
1.198195 -1.283272
0.986860 -1.240729
-1.830185 -2.168855
0.114440 1.516658
0.743460 0.061373
-0.462807 -0.236162
1.126849 -1.269332
-0.227781 -0.277938
-1.783536 -1.783897
0.171547 1.547313
0.774672 0.255779
-2.155940 -0.840160
-0.897673 1.439678
-1.142264 1.721777
-0.688668 -1.563020
-1.859641 -0.813376
-1.850184 -0.844735
0.201833 1.367853
-2.153465 -0.519084
-0.630836 -1.535198
-1.115187 1.660167
0.251372 1.496163
-2.002091 -0.697111
-0.133034 1.476313
-2.250695 0.894072
0.885746 -0.949049
0.765835 0.215160
-1.257451 1.536756
0.342259 1.499978
-2.053332 -1.841234
-2.180902 0.891458
-2.292291 0.672718
-1.147582 1.601471
0.236541 1.667644
-1.267587 0.013107
-2.168848 -0.622048
-2.281717 0.565596
-0.571417 -1.549364
-1.325026 0.053061
0.925086 0.200481
0.874206 0.228141
-1.803517 -1.812752
0.945022 -1.234984
0.840448 0.409649
-1.958832 -0.461932
-2.421663 0.639734
0.825653 0.314289
-0.313915 -0.427821
0.745803 0.268368
-1.837819 -2.084990
-0.691843 -1.559298
0.897768 -1.332470
-1.160121 1.674846
-1.253818 -0.019000
-0.651226 -1.457310
-2.171298 -0.786064
-1.974994 -2.068693
-1.129369 -0.155760
-1.330292 0.114096
-0.432413 -0.439522
-0.858039 1.495313
-1.781103 -2.016763
0.196341 1.389026
-2.341806 0.685440
0.986562 -1.280927
-1.857777 -0.842817
-1.360722 -0.133435
1.150244 -1.252889
-2.151644 0.630833
-0.945676 1.459613
-0.230816 -1.552472
-1.997626 -0.576249
-0.673345 -1.608944
-0.600566 -1.726771
-2.076653 0.607420
0.181142 1.418798
-1.975541 -0.668379
-2.422427 0.723153
-1.970927 -2.012516
0.717532 0.254547
-1.871427 -1.979163
-2.343314 0.883064
-1.870193 -1.969839
0.795201 0.478411
-2.134409 -0.809970
-0.302734 -0.143538
-2.235176 -0.614271
-1.194404 0.086049
1.113166 -1.416925
-1.783317 -1.872939
0.974739 -1.436735
-2.075487 -0.766112
-0.877919 1.467404
-0.609399 -1.594668
1.051543 -1.233208
-2.025053 -0.897476
0.085523 1.468172
0.826270 0.412410
-0.371387 -0.362646
-1.726549 -1.818733
0.825097 0.170853
1.139969 -1.342223
-2.126256 -0.864200
-0.949516 1.553508
1.130486 -1.364970
-0.977832 1.454347
-1.705951 -1.838586
-2.092408 0.887184
-0.598611 -1.500240
-1.921407 -0.784300
1.063997 -1.162829
-1.101332 0.088439
-1.820880 -1.957400
-0.453171 -1.623164
-0.285765 -0.146527
0.010339 1.342960
0.694074 0.340555
-2.049797 -0.727637
0.901281 0.060204
-2.031715 -1.939494
-1.431623 0.324915
-0.553659 -1.495430
-2.348127 0.854426
-2.202464 -0.697100
-1.640261 -1.875667
-0.427228 -1.514940
-1.813048 -1.891467
-1.054259 0.062970
-2.314196 0.899289
-1.077059 1.370684
-1.837535 -1.730991
-2.089011 -1.948064
0.760852 -1.313975
-0.265201 -1.507015
-0.239207 -0.481172
-0.977912 1.657309
-1.270379 0.221978
-0.371348 -1.377142
-1.066781 1.384212
-1.103575 0.038061
-0.283346 -0.243289
-1.955753 -0.803986
-1.119655 1.589991
-0.674729 -1.436274
-2.206892 0.744352
-2.312540 0.849953
-0.182672 -0.329390
-1.976447 -1.877892
0.219688 1.620942
-1.209877 0.199460
-0.560322 -1.587971
-0.543877 -1.501195
0.830104 0.321079
-0.608140 -1.399248
-1.162284 0.174512
-1.184509 1.517467
0.225232 1.612566
0.774269 0.234239
-0.919385 1.678405
0.137211 1.652373
0.621086 -1.135773
-0.263875 -0.155346
0.835691 0.174085
-1.245728 0.092597
-1.928143 -1.781785
-1.784996 -0.823588
-0.506893 -1.638604
-0.071662 -0.502470
-2.234796 0.529101
-2.055298 -0.827599
-0.420001 -1.419259
0.869534 0.129231
0.979140 -1.450081
-2.087188 -0.763933
-1.985348 -0.699996
-0.513887 -1.472645
-1.365913 0.100169
-2.057010 -0.856921
-0.958836 0.244876
0.939368 -1.295865
-0.360744 -1.743218
-0.914488 1.573233
-2.309283 0.787762
1.066849 -1.118745
-1.929999 -1.820150
0.206351 1.692212
-0.273514 -0.176178
-1.426634 0.189407
-2.390239 0.734952
-1.306443 1.743012
-1.843449 -1.830566
0.853552 -1.271417
-0.328004 -0.343491
-0.561847 -1.534520
-1.888100 -2.224835
-0.520062 -1.470959
1.123172 -1.364600
1.174380 -1.359457
1.101050 -1.139002
-0.393195 -1.612397
-1.994028 -2.094179
-2.368941 0.793731
1.155832 -1.226310
0.281582 1.499387
-2.198199 0.678640
-0.324407 -0.116271
0.335257 1.523428
0.877675 -1.190382
-0.284242 -0.363624
-1.381893 0.120714
-0.472165 -1.542855
-0.525472 -1.490417
-0.377380 -1.501091
-0.555713 -1.802022
-1.317581 -0.033242
-1.342968 -0.010016
-2.340770 0.679565
-1.368809 0.125840
-1.143626 0.120908
-0.388070 -0.309657
1.085117 -1.320699
-0.030957 -0.398830
-1.090501 1.563432
-1.849495 -1.948103
-2.269124 -0.613269
-1.057699 1.602629
-1.856654 -1.978675
0.008525 1.604778
-0.989602 1.653029
-2.295786 0.831461
-2.272218 0.844640
-1.856279 -1.784614
-1.024051 1.410651
-2.107210 -0.378151
1.151759 -1.271871
-0.387735 -0.541809
-0.665914 -1.694397
-0.473511 -1.726281
-0.092839 -0.330450
0.198858 1.605206
-2.039939 -0.788759
-1.981197 -0.529866
-0.936524 1.532317
-2.246148 0.634957
-0.380813 -0.436994
-2.237495 0.702972
-0.563438 -1.534287
0.159805 1.624372
-1.807364 -1.975250
-0.408165 -1.525322
-0.650718 -1.668060
-1.130852 1.472517
-0.351130 -1.736156
-0.486738 -1.512264
-0.639371 -1.473119
-2.131209 0.640663
-0.693976 -1.721056
-0.231743 -0.385319
-2.080477 -0.696279
-1.967655 -0.686367
0.806363 0.261154
-0.420837 -1.607358
0.932611 -1.469321
1.043956 -1.371804
1.103651 -1.307725
-0.177878 -0.107243
-1.957750 -0.713759
-0.108048 1.549928
-1.955465 -2.033169
-1.973085 -0.800592
0.793328 0.311817
0.852938 0.350245
-1.110096 -0.033479
-1.261848 1.715707
1.213609 -1.163117
-1.357213 0.078390
-1.723225 -1.868234
1.066162 -0.994285
0.205877 1.635740
-0.364229 -0.222872
-1.977632 -0.594873
-2.048998 -0.718629
-2.100982 0.751042
0.910957 0.084638
-1.112248 1.293390
-0.993100 1.588355
-0.162449 -0.372636
-1.885583 -0.908951
1.208597 -1.384600
1.083560 -1.238678
0.799968 0.181969
-1.140480 0.267166
-1.007810 1.702856
0.994223 -1.424565
-1.083080 0.294889
-1.861965 -2.015963
-0.314909 -0.310921
-2.383678 0.691473
0.912568 0.064172
0.278535 1.565784
1.037405 -1.394056
0.770490 0.136063
-0.384135 -1.631916
-0.504785 -1.465736
-0.181711 -0.276098
-0.311632 -0.247544
0.928970 -1.204727
-0.161132 -0.293202
-2.232569 0.772590
-2.198026 0.559227
-0.571025 -1.732308
-1.977564 -0.838627
-1.947220 -0.664238
-1.989979 0.703120
-2.189042 -0.616103
0.122929 1.616802
-0.345512 -1.423568
-1.190561 0.122693
0.226173 1.526902
-0.577424 -1.621205
-0.307514 -0.196493
-1.114138 0.006956
-0.598951 -1.722779
0.332427 1.542156
-1.031953 0.153628
0.063073 1.442932
0.928926 0.185310
0.730935 0.134401
1.203775 -1.119901
-0.373321 -0.277472
-0.158872 -0.067557
0.089865 1.493353
0.146269 1.482627
-0.216588 -0.365295
0.841022 0.149050
-1.882231 -2.057962
-2.424360 0.775801
-0.336006 -1.507075
-1.251352 0.112722
-1.008045 1.639329
0.741121 0.265916
-1.944003 -1.809239
-2.189249 -0.650230
-1.987617 -1.928482
-1.247907 1.657393
0.123233 1.453252
-1.126794 0.075238
0.778949 0.366393
-1.176793 0.020375
-1.882204 -2.128679
0.964553 -1.206211
-2.280000 0.858991
-0.924448 1.598384
-1.002904 1.500226
-2.338130 0.750814
0.691820 0.353094
-1.375017 0.102808
-0.293085 -1.668733
-0.195986 -0.251666
-0.362495 -0.276000
-2.378791 0.625656
-0.430600 -1.728657
-0.232421 -0.179047
-1.856626 -0.576477
-1.874705 -1.965708
0.202730 1.629843
-2.008340 0.820362
0.040397 1.558277
-1.271062 0.056732
1.009385 -1.195296
-0.206317 -0.265954
0.655755 0.243986
0.700150 -0.008119
-0.611806 -1.673732
-1.234067 1.603871
0.939184 -0.005012
0.909602 -1.198811
1.111444 -1.300363
-2.150881 0.795890
1.112670 -1.099962
-0.963614 1.745810
0.905346 0.149625
0.178895 1.652845
-0.354426 -1.810268
-2.048457 -1.824278
-2.282344 0.818251
-0.940527 1.513585
0.666047 0.187208
-0.985256 1.562127
-2.213670 -0.685199
-1.132927 1.428040
0.146518 1.595356
-0.456111 -1.675342
-2.284110 0.761139
1.110614 -1.037607
-2.021115 -0.739206
0.852234 0.282864
0.997480 -1.437035
-0.020013 1.565490
-1.098058 0.226791
1.076610 -1.304544
0.899956 0.060405
0.140455 1.421071
-2.135940 -0.590955
0.835623 0.276573
-0.545720 -1.692027
-0.052159 1.364741
-0.485635 -1.476873
1.218700 -1.464432
-1.996222 -2.107414
0.617457 0.240572
-1.921143 -2.141121
0.888886 0.317675
-2.394376 0.688393
-0.358896 -0.376378
-1.992105 -2.010904
-2.023457 -0.706780
-1.323506 -0.055669
0.044358 1.728357
0.637147 0.280090
0.017394 1.486671
1.044304 -1.278361
0.287487 1.263558
-1.926085 -1.835784
1.182672 -1.085994
-1.101253 -0.036300
-0.229971 -0.112191
0.089310 1.637693
1.189798 -1.239898
-1.320837 0.134476
0.158264 1.598590
-0.535407 -1.645765
0.841140 0.416113
-2.300521 0.765572
-1.228831 -0.017789
-1.956665 -1.811083
-1.036627 0.295174
-1.186076 1.673149
-2.043810 0.735328
-1.113291 0.106203
-0.584482 -1.563073
-2.014614 -2.085505
-2.035124 -0.817561
-0.360864 -0.166038
1.136238 -1.363325
-2.025506 -0.780593
-2.075242 0.593326
-0.352352 -1.649866
-0.386156 -1.765562
-2.299043 0.616998
0.755806 -1.162910
-0.837840 1.520634
-1.067519 1.434978
-0.458286 -1.717159
-0.947405 1.620429
0.590895 0.329156
-0.251326 -0.152996
-2.073152 -0.578713
-1.186630 0.188678
-1.043061 1.506785
-1.833163 -2.107519
1.076406 -1.158566
-1.052239 -0.036826
0.985507 0.105838
1.129653 -1.269093
-1.950560 -1.908774
-2.148266 0.809486
-0.457205 -1.719412
-1.994481 -0.830271
-2.271969 0.675741
-1.059517 -0.008887
-1.845621 -2.020964
1.150851 -1.417664
-0.527409 -1.353850
-0.409120 -0.238219
-0.377101 -0.403623
-2.074309 -1.927778
-2.205150 -0.685043
-0.346144 -0.344258
-0.388163 -0.391335
0.102213 1.616665
-0.203802 -0.311106
-1.672836 -2.026841
1.075648 -1.134406
0.153873 1.476039
-2.008797 -0.764479
1.027146 -1.381815
-1.319335 0.135897
-1.936778 -0.657743
-1.195879 0.118116
-2.269580 0.632682
-1.941453 -1.830338
0.139390 1.388161
-0.970523 1.458647
-2.079174 0.759463
