500 2
-0.951656 0.241908
-0.012917 1.478440
-0.750461 3.332566
-0.906202 1.420360
0.606142 2.638508
-0.516318 3.559299
-1.889054 2.130067
0.007771 0.877835
-0.149316 0.912839
-1.119684 0.162784
0.383572 -0.177014
0.534111 -0.199432
-0.857673 0.120106
-0.058136 0.758111
0.271356 1.760138
-0.974371 1.203882
-0.004932 1.517209
-1.602785 2.138687
0.027644 1.789263
-0.838539 1.437976
0.655927 0.016025
0.633101 2.626785
1.147105 1.297276
-0.752485 3.601013
0.441566 2.725216
-0.798644 1.384697
-0.881445 3.488157
-0.722158 3.534603
-0.151255 0.772337
0.942811 1.326971
-0.928849 1.374908
0.054866 1.785074
0.965744 0.876742
0.898351 0.959655
-0.694418 2.568809
0.941091 0.904764
-0.813200 1.386931
0.564477 -0.073966
-0.909649 0.140322
-1.644389 2.090060
0.373853 -0.086541
-0.737323 3.587719
0.130466 1.582956
-1.695015 2.274813
-0.102433 0.824390
-0.875617 0.249165
-0.582782 2.323412
0.751618 2.367280
1.183407 1.043682
-0.453177 2.246393
0.928642 1.027932
-0.576464 2.645234
0.562526 2.421583
0.457011 2.519723
0.577243 2.495056
0.950359 1.063645
-0.294342 0.922417
0.004881 1.649167
0.488257 -0.149757
-0.872904 1.346454
0.048151 0.865322
-0.606525 2.147198
-0.843337 3.499682
0.457659 0.064476
0.978498 1.162405
-1.025849 1.447206
0.213842 1.587716
-1.442248 2.187932
0.959927 1.031906
-1.614740 2.088144
-1.703338 2.349650
0.463153 0.091967
-0.953064 1.490714
0.554160 0.147775
-0.647179 2.603246
0.640199 -0.229505
0.905195 1.115139
-0.572175 2.423639
0.943962 1.339395
-0.691128 3.504977
-0.970411 0.051056
-1.873440 2.358135
0.129321 1.848113
0.350599 0.025598
-0.923353 1.422601
-0.979880 0.181405
-0.425356 2.465962
-0.839814 3.389967
-0.034916 1.549478
-1.709794 2.111978
0.203636 1.560096
0.343429 0.095540
-0.799983 1.455229
-0.155467 0.753507
0.649304 -0.002800
0.985322 0.992584
-0.542256 3.602706
-0.554426 2.280337
-0.774719 1.186349
1.117271 1.144365
0.547351 -0.019101
0.905356 1.250487
-0.533447 3.390142
-0.773854 3.551486
0.465576 -0.205828
-0.640566 3.538314
-0.663025 2.537831
-0.355272 2.233353
-1.806654 2.205802
-1.046464 1.373047
-0.448353 2.449269
-0.708641 2.465126
-0.372444 2.415473
0.510724 0.045068
0.463460 -0.253965
-0.763223 3.382394
-0.673072 2.349375
0.417948 2.354081
0.594395 -0.146870
-0.809803 1.271947
0.873328 1.149534
0.670227 -0.143955
-1.656560 2.267449
0.648661 2.529052
-1.020128 0.124830
-1.032797 0.277409
-1.784074 2.145332
-1.606181 1.910016
0.435217 2.630730
-0.731619 3.623063
0.517549 2.471884
0.996383 1.227271
0.274738 2.592896
0.841790 0.873626
-0.759476 3.378269
0.415303 2.338286
-0.769818 1.391354
0.049561 1.660466
-1.806298 2.238573
0.534496 -0.042620
0.733490 2.484515
-0.886282 1.626649
-0.415894 2.133753
-0.770765 0.224118
0.519633 2.587957
0.067262 1.053327
0.182133 1.561607
1.050280 0.970360
0.033677 0.912417
-0.395298 2.405922
-0.605205 3.476182
-0.462310 3.465497
0.560713 2.675304
-0.788770 1.638490
-0.800367 3.389278
-0.626991 3.467693
0.692529 -0.094249
-1.805891 2.195352
-1.553393 2.275286
0.567882 2.399221
-1.105202 0.206885
0.802747 0.980027
0.051152 1.013079
-0.551609 2.420236
0.722159 1.148154
-1.899144 2.185960
1.014724 1.244213
0.109680 0.839256
0.508100 2.521497
0.851484 0.986262
-0.665454 2.589533
-1.764729 2.094714
-0.794004 0.390539
0.716884 -0.031000
0.712392 -0.135526
-0.546395 3.544621
-0.986782 0.088250
0.063212 0.832881
0.403353 -0.340112
0.480595 0.144507
0.496195 -0.002440
-0.405519 2.506794
1.010274 1.067016
-0.100977 0.881491
-0.586012 2.685705
1.022541 1.253854
-0.338184 0.821707
-0.897122 0.336337
-0.829656 0.036887
-0.832301 1.178296
0.607461 -0.260835
-0.904231 0.037293
-1.783675 2.206043
-0.574229 2.503953
-1.167617 0.046415
-1.100320 0.156453
-0.836578 1.535794
-0.042684 0.842596
-0.895139 0.081998
-0.012476 1.712375
0.056842 1.756834
-1.494035 1.949340
-0.249714 0.782452
-1.632446 2.310096
-0.665518 1.363871
0.252184 1.676388
1.006743 1.101100
-0.598084 3.393233
-0.000990 1.812631
0.567164 2.211256
0.534034 -0.145482
-0.675827 2.371335
0.584143 1.264676
-0.598796 3.559287
0.137392 1.628864
0.033899 1.625687
1.020828 1.193252
-0.096012 0.885420
-0.982047 0.166309
-0.712214 1.263254
0.344010 2.521351
-1.845311 2.386855
-1.144686 0.184350
0.036096 1.714429
0.634968 -0.079512
-1.824369 2.157271
-0.956533 0.058459
-0.821722 1.459279
-0.847860 1.240631
-0.689281 2.520739
-1.044695 1.378006
-0.505752 2.280765
-1.001347 1.515388
-0.104355 0.728249
0.128273 1.715876
-0.694676 3.437120
-0.087353 0.623714
-1.717993 2.331129
-0.525598 3.447932
0.424632 2.459788
-1.632583 1.950342
1.097941 1.048777
0.497363 2.588131
0.878231 1.420716
-0.599772 3.590252
-0.568957 3.551580
0.923716 1.039919
0.827588 1.206631
0.935975 1.201327
-1.708107 2.463054
0.182875 1.642390
-0.916783 1.531318
-0.653970 2.481006
0.377477 0.280862
-0.277736 0.695698
-1.778279 2.107780
0.603155 2.514022
-1.798822 2.100745
-1.000227 1.211768
0.516085 2.486344
0.956811 1.002721
-0.474608 2.279124
-0.012153 0.682893
0.354353 2.495979
-1.085281 0.226438
0.700903 2.458103
-1.749400 2.294296
-0.459609 2.290273
0.629685 2.509215
0.850340 1.264153
0.477813 2.604585
-0.951084 0.299739
-0.835334 0.236271
0.249439 1.491835
-0.684088 1.264784
0.390495 -0.287222
-0.496018 2.508142
-0.104756 1.758453
-0.823364 0.082405
-0.937524 0.392255
-1.093895 0.225441
-1.602709 1.994132
-1.699074 2.084496
-1.854524 2.223409
0.739103 2.509142
-0.132327 0.707016
0.082090 1.782848
0.484520 -0.261182
-1.651646 2.025897
0.226800 1.648479
-0.735548 3.386659
0.079328 1.704099
1.076799 0.957787
-0.165928 0.836550
-1.090895 0.187531
-0.168613 0.960864
-0.968007 1.466037
-1.009721 1.398274
-0.214522 1.973881
0.749203 1.129737
-1.555863 2.091614
1.063455 1.068852
-0.873333 1.463343
0.716406 2.471060
-0.166128 1.682745
-0.566111 3.385549
0.713614 2.653700
-0.810530 1.379734
-0.600177 2.382569
-0.485065 2.142479
-0.940546 1.348666
-0.145033 0.930748
-0.154792 0.985252
0.539515 -0.168561
1.024359 1.216974
-0.658125 3.639217
-0.123530 0.864811
-1.004492 0.024353
-0.940642 0.044032
-0.941309 1.366863
-0.994989 1.265864
-1.874040 2.348002
-1.072887 0.342778
0.844417 1.072216
0.129766 1.705912
-0.841824 0.160162
0.873679 1.067214
0.458712 2.462175
-1.821624 1.958201
0.980388 1.213063
-0.876901 1.227037
-1.702145 2.356270
0.024143 0.849015
-0.968090 0.186083
-0.607417 2.341568
0.627115 2.428162
0.390643 -0.010850
-0.919513 0.282639
-0.575506 2.463617
-1.727732 2.210495
-1.592579 2.357192
0.030905 1.452701
-0.713501 3.342671
-0.051362 0.915427
-1.653834 2.207904
-0.733817 1.514513
0.101184 1.599306
0.070061 1.724101
-0.448757 2.456254
-0.306927 2.191871
-0.813336 3.529222
-0.141213 0.899789
0.512263 2.374353
-0.674027 1.265940
-0.821967 1.540408
-1.784186 1.852256
0.418705 -0.218808
0.560831 2.605784
-0.666014 2.446872
0.525429 -0.313398
0.652259 -0.091100
-0.357336 2.174681
0.396637 -0.222052
-0.887017 1.343969
-1.122525 0.208282
-0.731883 3.435532
-0.172988 1.068209
-0.635306 2.467355
-1.772991 2.254623
-1.121175 1.296298
0.542164 -0.299154
0.126872 1.566576
-1.724666 2.086160
0.724450 -0.136809
0.687860 -0.182997
-0.936146 0.233226
-0.708993 2.238240
-0.615342 3.477058
-1.693266 2.147923
0.666508 -0.080153
0.788855 0.961735
-0.435419 2.228407
-0.908366 0.115599
-0.655381 3.502079
-1.680785 2.216697
0.055812 1.775598
-0.328097 2.405367
-0.925161 1.310035
0.689685 0.010249
0.195354 1.677760
-0.615051 2.652134
-0.660608 2.321618
-1.015345 0.149909
-0.073602 0.848754
-0.069249 0.959799
-0.697182 2.483190
-0.505580 2.338161
-1.471807 2.034369
-0.056687 1.403542
0.656104 2.628739
0.019153 0.653362
-0.808170 1.201066
-0.423645 2.543628
-0.694540 1.304548
0.584847 0.007692
-0.482953 3.512809
0.346228 0.062632
-0.067918 1.502645
0.509945 -0.104035
-1.809605 2.401753
0.406074 -0.052683
-0.658570 3.628096
0.560372 2.592980
0.098976 1.703629
0.671664 0.056060
0.953233 0.781726
-0.272432 0.593878
-1.032141 0.172032
-0.914181 1.586880
-1.811458 2.428451
0.512714 -0.041353
0.950607 1.329332
-1.811003 1.870183
-0.734713 3.374983
-0.924461 1.252980
0.668314 2.362499
-0.070699 1.750193
0.283213 0.002525
-0.215738 0.904299
-0.977801 1.212952
-0.964447 0.162810
0.468846 -0.121556
1.172724 1.211550
0.277520 0.059165
-0.053203 0.739397
-0.836708 0.061116
1.113471 1.023494
0.678708 -0.152752
-1.617445 2.267435
-1.042980 1.344451
0.014615 1.695685
-0.863076 3.568251
-1.013552 1.298048
-0.015021 1.523732
-1.582752 1.942174
0.387370 0.202131
-0.300826 2.426502
-0.786399 3.477938
-0.942474 1.487021
0.771247 2.348880
-0.563088 2.432719
0.871571 1.027382
0.527837 -0.228098
0.050925 1.727933
-1.709911 2.287672
0.029766 1.503481
0.640990 2.385702
-0.752742 1.429397
-0.664882 3.602209
-0.210996 0.713936
-1.080436 0.283626
0.431721 2.470411
-1.866427 2.019983
1.083191 1.138675
0.841802 1.135029
-0.820204 3.496866
-0.852985 0.134657
-1.802885 2.276275
0.161297 1.500362
-0.677855 3.459267
0.718643 2.594063
-1.676121 2.321190
0.966550 0.912383
-0.843836 0.286250
-0.559815 2.240514
-0.914418 0.104025
-1.832094 2.288064
0.693179 0.913838
-0.639510 2.395700
-1.004987 1.262184
-0.843361 1.350920
1.068258 1.099575
-0.760234 3.517833
0.476682 2.414718
0.570075 2.574039
0.591184 -0.261890
0.689211 2.568955
0.432533 2.435761
0.360385 2.402438
0.747244 -0.147089
-0.899091 1.234427
0.625319 -0.156145
-0.796168 3.535627
0.063704 1.451935
1.096655 1.256033
0.221034 1.740808
-1.673318 2.208385
-0.765004 3.499267
-0.539867 3.433334
-0.796063 1.323148
