300 2
0.562847 -1.453623
1.977298 -1.473363
0.468092 -0.253853
0.547456 -0.171387
1.233630 -1.061342
0.297969 -0.536138
1.308858 -1.467133
0.426219 -1.481225
0.988929 -2.123024
0.880491 -1.954104
2.377211 -1.883098
0.759319 -1.877733
2.297065 -1.037535
1.238868 -1.415081
0.689125 -2.567339
0.646738 -2.434207
0.554236 -0.365960
1.384514 -1.268021
2.304623 -1.165466
0.847353 -0.782642
0.702905 -0.436882
0.022127 -2.200921
2.491681 -2.240250
0.574146 -0.381699
0.976312 -2.723155
2.189865 -1.275694
1.439449 -1.440650
2.125331 -1.276527
2.121098 -1.045412
1.589044 -2.397124
1.731903 -2.146581
1.572925 -2.125270
0.634950 -0.375136
1.967906 -1.323581
0.654537 -1.258888
2.060118 -1.104503
1.774181 -2.108836
1.741477 -1.118459
2.687289 -2.055202
2.377350 -2.002502
0.654602 -2.127660
1.320637 -1.319770
0.053349 -2.095111
0.762741 -2.563547
1.352012 -2.151031
0.946250 -2.135453
0.947628 -1.077649
0.104749 -1.995056
0.733421 -0.459561
0.470883 -0.233055
2.578133 -2.190982
0.123138 -1.974806
0.226658 -1.883772
1.617102 -2.010670
0.906737 -2.760291
0.387432 -0.344832
0.534597 -0.249914
0.587406 -1.419574
0.469884 -0.347927
1.977280 -1.129417
0.108414 -2.098779
0.823878 -1.434402
-0.037968 -2.174961
0.031757 -2.172069
0.606330 -0.137458
1.490508 -1.153331
2.597511 -2.199314
0.922824 -1.877267
1.061247 -1.249488
1.539559 -2.056883
1.562283 -1.150843
0.872215 -2.517445
2.399071 -2.272013
2.025460 -1.220878
2.314826 -1.351382
1.572488 -2.261951
2.660394 -2.054757
1.636390 -1.267079
1.361886 -1.258337
0.499883 -0.451749
0.362463 -0.294234
0.773126 -1.164050
1.711836 -2.045936
2.145321 -1.142680
0.495502 -1.468505
2.625618 -2.352059
0.724003 -0.175790
1.475646 -1.275235
2.254877 -0.997420
0.526666 -0.117579
1.479197 -1.474495
0.457923 -0.223535
0.510791 -1.254134
1.922422 -1.189686
0.071821 -2.251660
0.820367 -2.427593
2.093781 -1.179128
0.506308 -1.731819
1.373558 -1.429894
2.791705 -2.197392
2.111703 -1.131694
0.449236 -0.664028
1.214183 -1.479607
1.451495 -1.280475
1.646552 -1.460275
0.095638 -1.924064
0.833173 -1.092606
1.350993 -1.525090
1.653695 -2.006051
1.788011 -2.043594
1.151204 -1.891181
2.381382 -2.045995
2.056264 -1.098114
0.030134 -2.139126
1.534478 -2.231060
2.650657 -2.295485
0.371650 -1.406038
0.818350 -2.754721
1.577407 -1.757861
1.683905 -2.010633
0.482002 -0.314813
0.535459 -2.388972
1.148752 -2.462125
0.948382 -2.028115
0.434915 -0.261047
0.667728 -1.820878
0.486363 -0.199913
1.240928 -1.346330
0.960538 -2.040721
1.084035 -1.174938
1.335343 -1.745565
0.500090 -1.561528
1.681764 -2.281859
0.680700 -0.140326
0.944132 -1.938504
0.923357 -2.132622
0.164398 -1.624342
0.277503 -1.461292
0.067812 -2.081648
2.216629 -1.086436
2.593000 -2.172235
2.466351 -1.876552
-0.032814 -2.178716
0.302249 -1.454315
1.696082 -1.373995
1.784925 -2.296119
2.660263 -2.153787
0.985775 -2.122171
0.842785 -1.086576
1.020373 -2.552620
0.041128 -2.013749
-0.031514 -2.208242
0.589774 -0.246832
0.803817 -2.769604
0.773092 -2.487098
2.400775 -1.940841
0.864904 -2.704470
0.960945 -2.100238
1.771232 -2.021845
0.908644 -2.706214
1.614550 -1.356965
2.130951 -1.206925
0.759260 -2.794971
0.846084 -0.698242
0.808673 -1.046999
0.912135 -2.725198
0.294310 -0.456383
1.806746 -2.283356
1.371412 -1.352418
0.650320 -0.380569
0.344403 -1.466267
1.078439 -2.703636
0.772556 -2.690613
1.828440 -2.060909
0.366064 -1.593735
0.809304 -2.453243
1.453916 -1.430164
0.607395 -0.396221
1.770771 -2.166678
1.087513 -1.538819
2.305597 -1.902101
1.129750 -2.050895
0.808476 -2.503199
0.452398 -1.338306
2.054695 -1.187844
0.346665 -1.504651
1.501843 -1.539634
2.701132 -2.084637
0.082427 -1.986678
0.885150 -0.946764
0.505151 -0.584929
2.294943 -1.273810
2.173624 -1.250652
0.333531 -1.441292
2.557141 -2.080385
1.184651 -2.571872
1.769986 -2.221928
0.724953 -2.553842
1.462202 -1.365818
1.114394 -1.004714
0.690884 -0.881843
1.662108 -1.934501
1.769298 -2.025921
1.613820 -1.328792
1.500641 -2.086110
0.778852 -1.042355
0.575838 -1.665410
0.964983 -0.921601
1.571405 -2.111104
2.099751 -1.031365
0.256649 -1.777143
0.770231 -0.949738
0.728502 -2.695265
0.227847 -2.181782
1.603935 -1.330475
0.737214 -1.635746
0.633668 -0.183740
1.954723 -1.035427
2.597425 -2.290779
2.457871 -2.083073
2.513262 -2.186459
0.414182 -0.302143
0.908685 -2.678349
2.274107 -1.000773
0.110567 -2.160167
2.587424 -1.837737
1.206190 -1.297004
0.292709 -1.436540
1.350448 -1.483900
0.487492 -0.333739
2.525619 -1.994379
1.463180 -2.040447
0.799382 -1.192889
2.372054 -2.122674
2.656213 -2.061785
1.628284 -2.226466
2.313633 -1.193505
0.380074 -1.416168
1.092193 -1.086899
0.922015 -0.989224
1.596415 -2.159282
2.473660 -2.336513
0.749628 -1.734448
1.628025 -2.240457
0.187044 -2.266578
0.877548 -1.135524
1.587374 -1.214755
1.025395 -2.710275
1.458855 -2.279984
0.302445 -0.335192
1.716365 -2.261831
0.047578 -2.234446
1.488866 -2.302594
1.556872 -1.312259
0.577251 -0.123411
0.348654 -1.601760
2.572528 -2.185209
1.774389 -2.277987
1.431982 -1.620045
2.639579 -2.047585
0.289887 -1.324483
0.060152 -2.040893
2.644418 -2.030960
0.357091 -1.702043
0.563604 -0.456948
0.570167 -1.413721
1.308622 -1.401558
0.794613 -2.516768
0.363850 -1.680615
0.819573 -1.096816
2.642204 -1.888277
0.308856 -1.406113
1.188649 -1.371473
0.655243 -0.320844
1.663682 -2.053252
0.737749 -1.104052
1.686890 -2.243955
2.601607 -2.237455
0.739311 -0.160269
1.503512 -2.192403
0.572249 -0.458968
2.655931 -2.080132
1.616873 -1.998846
0.613792 -2.594287
2.187690 -1.258885
0.688692 -1.682218
0.269494 -1.468109
1.109230 -1.890494
2.662203 -2.007013
1.419253 -1.181428
0.150014 -2.124270
0.904552 -1.697559
1.040423 -1.981046
0.801107 -1.866770
0.825904 -2.543065
0.412120 -0.494847
0.858089 -2.643243
0.763100 -1.812350
0.575343 -0.263694
0.832427 -0.894152
