300 2
-1.089716 0.310641
0.054239 1.018396
-0.158799 -1.339745
-0.169893 -1.315455
-0.964802 -0.284485
-0.341270 -1.312055
-0.981207 0.780394
-1.161600 0.229202
-0.198813 0.096944
-0.581784 0.107602
0.507058 0.549412
-0.693772 -0.063970
-0.349623 1.277077
-1.170141 0.729897
0.344249 -0.450812
0.139948 -0.484020
-0.051910 -1.211607
-1.066171 0.725990
0.139688 1.217737
-0.455322 -0.312958
-0.197654 -1.266599
-1.400867 -0.813103
0.855989 0.501962
-0.504791 -1.308895
0.311927 -0.446992
-0.291626 1.296597
-1.088535 0.875967
0.083211 1.037028
-0.096701 1.351781
-0.165362 0.604604
-0.529621 0.409620
-0.123170 0.343624
-0.090185 -1.176729
0.012737 0.977460
-1.008647 0.163334
-0.006005 1.361173
-0.254953 0.748245
0.016977 1.043802
0.796463 0.437345
0.681815 0.449978
-0.113572 -0.593677
-0.961061 0.800194
-1.484191 -0.804837
0.285811 -0.580684
-0.380487 0.249765
-0.233798 -0.124216
-0.798770 -0.408240
-1.460968 -0.561923
-0.291860 -1.093102
-0.312674 -1.384920
0.665373 0.556178
-1.396060 -0.657324
-1.230164 -0.590077
-0.030345 0.478794
0.401689 -0.555802
-0.445174 -1.354284
-0.291322 -1.421683
-1.078784 -0.021870
-0.367645 -1.305731
-0.228733 1.126560
-1.355390 -0.856226
-0.240515 -0.424836
-1.482100 -0.736280
-1.415944 -0.847837
-0.186256 -1.282285
-1.042885 0.950265
0.900777 0.527974
-0.505972 0.157457
-0.696953 -0.324419
-0.498278 0.580028
-0.782592 1.091173
0.142484 -0.284869
0.729325 0.595070
-0.293345 1.160109
0.095529 1.104244
-0.200594 0.279151
0.835386 0.406717
-1.174624 0.906486
-1.127596 0.959891
-0.336496 -1.393537
-0.328205 -1.214838
-0.407167 -0.306117
-0.182229 0.560434
-0.170933 1.268380
-1.100289 0.131623
0.912090 0.435643
-0.351251 -1.352470
-1.078910 0.914833
0.052867 1.308521
-0.259270 -1.594057
-1.040730 1.051048
-0.244679 -1.399787
-0.597952 -0.180870
-0.144572 1.192281
-1.367267 -0.799979
0.112016 -0.323291
-0.025273 1.223597
-1.077617 0.063512
-1.136309 1.007065
0.703271 0.519464
-0.219641 1.241165
-0.459898 -1.260847
-1.157647 0.898245
-0.945738 0.853276
-0.823651 0.897444
-1.503711 -0.590037
-0.783198 -0.392492
-0.968122 0.907188
-0.293352 0.730341
-0.125151 0.760291
-0.266693 -0.098367
0.770340 0.593643
-0.098260 1.315991
-1.426952 -0.725419
-0.326433 0.375580
0.746531 0.444312
-1.197390 -0.100723
0.288275 -0.620148
-0.918021 0.980131
-0.220025 0.334772
-0.335421 -1.125335
-0.190532 -0.777685
0.219685 0.040953
-0.488404 0.038931
-0.389141 -1.141821
-0.674030 -0.114546
-0.332470 -1.460611
-1.001515 0.622098
-0.337551 0.005235
-0.646411 -0.410425
-0.870167 1.044085
-0.975743 0.190934
-0.358154 0.498495
-0.207807 -1.256829
-0.694512 0.095690
-0.253327 -0.168162
-1.481390 0.025154
-1.229552 0.252160
-1.279221 -0.821877
0.037201 1.364416
0.933596 0.513522
0.646540 0.639419
-1.379182 -0.733872
-1.301074 0.064115
-0.934989 0.856437
-0.068133 0.553781
0.859951 0.620261
0.032514 0.153947
-0.861503 -0.538644
0.440037 -0.128175
-1.573052 -0.642383
-1.415115 -0.807264
-0.211966 -1.138683
0.223340 -0.637346
0.293877 -0.504360
0.770333 0.648025
0.273279 -0.442793
-0.284576 0.031008
-0.128478 0.474940
0.308448 -0.417829
-0.905191 0.990402
-0.151422 1.237675
0.275565 -0.493344
-0.667732 -0.723040
-0.757552 -0.493999
0.368262 -0.482929
-0.202827 -1.029351
-0.188239 0.741121
-1.208262 0.931908
-0.468125 -1.426619
-1.229656 0.096523
0.334242 -0.270200
0.334717 -0.586134
-0.144319 0.494051
-1.423858 0.063933
0.398160 -0.513533
-0.936885 0.822598
-0.325572 -1.491643
-0.262752 0.627247
-1.222030 0.671256
0.515724 0.588607
-0.221941 0.052609
0.149856 -0.320027
-1.200458 -0.072188
-0.220758 1.272460
-1.262216 -0.053452
-0.847126 0.739426
0.957186 0.552192
-1.285687 -0.849619
-0.590640 -0.519902
-0.410824 -1.278731
-0.167491 1.331501
-0.109079 1.119391
-1.269046 0.071503
0.765868 0.426487
0.241981 -0.213674
-0.287129 0.572498
0.184992 -0.557483
-1.181859 0.908796
-0.850269 -0.355600
-0.721000 -0.543106
-0.351436 0.350046
-0.059498 0.344096
-0.933676 0.920548
-0.128253 0.454881
-0.610657 -0.523147
-1.284303 0.133377
-0.691305 -0.514426
-0.255260 0.432108
-0.167387 1.335462
-1.296772 -0.549339
-0.768480 -0.428399
0.224745 -0.522352
-1.468206 -0.611316
-0.951573 1.077022
-0.818814 0.279092
-0.149659 -1.122643
-0.051798 1.168042
0.716665 0.607149
0.781946 0.599087
0.666213 0.413267
-0.482231 -1.487714
0.146064 -0.420662
0.192345 1.206638
-1.323278 -0.730175
0.637460 0.420776
-1.117115 0.813522
-1.337003 0.292962
-1.062959 0.904108
-0.302452 -1.273892
0.821737 0.620055
-0.480279 0.677355
-1.110059 -0.354520
0.550710 0.622703
0.846019 0.479414
-0.134397 0.657207
0.063904 1.228755
-1.310711 0.224293
-0.566059 -0.418288
-0.753766 -0.579757
-0.138661 0.451301
0.570447 0.228329
-0.337960 -0.182264
-0.379497 0.652045
-1.566471 -0.631051
-0.654178 -0.392515
-1.063280 1.026273
0.441103 -0.397227
-0.372535 0.350328
-0.379902 -1.406043
-0.322393 0.437682
-1.367424 -0.849955
-0.361812 0.389100
-0.813209 0.963212
-0.136045 -1.506623
-1.446314 0.075345
0.780189 0.479043
-0.332285 0.586792
-0.991070 1.072273
0.539877 0.327679
-1.147440 -0.045619
-1.569521 -0.643851
0.777888 0.461268
-1.346442 -0.118045
-0.241716 -1.568832
-1.107402 0.189213
-1.097762 0.914589
0.220212 -0.498390
-1.117548 0.208580
-0.888353 -0.407413
0.765480 0.615210
-1.248580 0.080179
-1.228592 0.714981
-0.278196 -1.205374
-0.205361 0.617801
-0.446507 -0.492790
-0.154001 0.566020
0.841549 0.392168
-0.472364 -1.374253
-0.478773 0.397109
-0.451522 -1.473864
0.688298 0.360692
-0.332348 0.575697
0.093742 -0.542772
-0.344892 1.357849
-0.909378 0.161051
-1.254584 0.171788
-0.261824 0.144561
0.923048 0.715885
-1.180507 0.975053
-1.510477 -0.633753
-0.580787 -0.094685
-0.321074 -0.084026
-0.454777 -0.183121
0.111630 -0.502626
-0.185301 -1.090668
0.318145 -0.336314
-0.675102 0.060476
-0.184016 -1.435799
-0.683705 -0.474644
