1023 2
0.544583 -0.045659
1.561785 -0.936279
2.576171 -0.851012
-0.458369 -0.531226
-2.425553 4.433423
-2.434843 4.533273
-2.441280 4.526735
-2.223953 4.260372
-2.241189 4.251758
-2.261849 4.263610
-2.253786 4.245159
-3.294958 2.334637
-3.309247 2.305703
-3.349077 2.241595
-0.989571 -1.007823
-3.331130 2.268421
-3.439268 2.482418
-3.416460 2.503466
-3.329842 2.562091
-3.331633 2.562644
-2.842432 2.535498
-2.847627 2.536024
-2.849255 2.514100
-2.855070 2.506743
-2.674007 2.762602
-1.324032 -0.788652
-2.692861 2.742605
-2.696634 2.759812
-2.694154 2.760024
-2.624518 0.424322
-2.499493 -0.029464
-3.549035 -0.060286
-3.275083 -0.166233
1.040111 1.343132
0.793464 1.561773
0.797852 0.493393
-0.532122 0.349797
0.599933 0.791313
0.521862 4.894307
0.099319 4.750051
-0.256864 5.596487
0.089545 5.606307
0.496246 3.588067
0.728229 3.813559
-0.264041 3.526909
-0.514363 3.722532
-4.434016 3.888373
-0.111940 0.532369
-4.666630 3.606674
-3.646359 3.960132
-3.684761 3.555405
-2.553368 3.799291
-2.447420 4.154295
-3.223113 2.562712
-2.813540 2.784299
2.319033 -3.791835
2.251066 -3.826522
1.756763 -3.422199
-0.101107 4.220724
1.945318 -3.489099
1.726335 -4.852523
1.833303 -4.972636
1.991017 -4.450728
2.056024 -4.613824
0.422579 -4.664011
0.294094 -4.561059
0.054045 -4.159644
0.217634 -4.107519
0.708035 -3.745776
-2.869787 3.583468
0.864436 -3.617567
0.496303 -3.148093
0.743783 -3.115143
-2.623173 -3.344713
-2.814480 -3.281679
-2.319189 -2.991127
-2.430473 -2.818725
-1.722461 -3.001281
-1.598617 -2.880402
-1.591356 -3.476732
1.571421 -3.811967
-1.466051 -3.397037
-2.909481 -4.575599
-2.860625 -4.387696
-2.476101 -4.805534
-2.542009 -4.690777
-1.523844 -5.014439
-1.569787 -4.866508
-1.961409 -5.241249
-1.854337 -5.373488
3.670236 2.040019
0.782450 -3.745007
3.816485 1.900826
3.935957 2.381359
4.123765 2.214019
4.729774 2.651789
4.867070 2.769538
4.446314 3.071082
4.325007 3.070369
4.636204 0.844200
4.718628 1.011136
4.883657 0.507882
-1.938267 -3.407298
4.789083 0.382145
5.793692 1.176457
5.675282 1.267009
5.860541 0.756411
5.640269 0.653773
3.018101 -0.707094
3.165796 -0.899212
3.695011 -0.719762
3.559583 -0.726787
3.157586 -0.025330
-2.157601 -4.533109
3.030831 0.065557
2.660585 0.171660
2.791662 0.419694
3.554424 -2.042356
3.652540 -1.854412
3.017410 -2.157628
3.008601 -2.008977
2.288826 -1.336186
2.327713 -1.492437
1.883794 -1.559084
4.375412 1.857449
1.805965 -1.399979
-0.910564 1.408557
-0.748423 1.362678
-1.048821 1.879157
-0.897909 1.831781
-1.064748 0.534878
-0.991473 0.737312
-1.496004 0.858744
-1.545023 0.705301
-0.083037 -0.569623
0.094364 0.294239
4.919216 1.048586
-0.061691 -0.754587
-0.454919 -0.407950
-0.452248 -0.638841
-0.955848 -1.267683
-0.997130 -1.021487
-1.429044 -0.688246
-1.416496 -0.895763
-2.670787 0.680721
-2.645794 0.468991
-2.432283 -0.160948
2.841145 -0.577061
-2.525140 -0.017485
-3.663583 -0.129980
-3.594361 0.031295
-3.282693 -0.454170
-3.184621 -0.232003
1.122807 1.330085
1.213401 1.426320
0.851772 1.713721
0.699176 1.596306
0.739843 0.397394
2.547001 -1.381294
0.912748 0.451073
0.673288 0.817068
0.459876 0.773278
0.554737 5.010704
0.689601 4.878778
0.048717 4.612280
0.084272 4.822272
-0.369140 5.614162
-0.317520 5.841313
0.178248 5.616168
-0.843090 0.692424
0.130924 5.745800
0.587063 3.517039
0.456084 3.451982
0.825634 3.755273
0.728358 3.910916
-0.271785 3.359331
-0.199036 3.513016
-0.561969 3.818070
-0.595863 3.677615
-4.401852 3.882447
-0.695613 -0.516452
-4.447384 4.038499
-4.779578 3.577501
-4.729717 3.461819
-3.667577 3.983315
-3.690518 4.158183
-3.633557 3.479008
-3.820025 3.388539
-2.641564 3.819513
-2.410589 3.727639
-2.445772 4.373288
-2.523741 0.131303
-2.321894 4.219023
-3.283894 2.362699
-3.256515 2.585395
-2.828836 2.576795
-2.736742 2.788385
2.393044 -3.796990
2.361987 -3.810346
2.251397 -3.888770
2.301749 -3.828062
1.705015 -3.353046
0.576089 0.871592
1.740769 -3.382477
1.961562 -3.444665
1.992174 -3.490512
1.620145 -4.867215
1.673705 -4.874873
1.885943 -5.095133
1.836481 -5.051055
1.977541 -4.400413
2.042690 -4.412337
2.122987 -4.675331
0.019169 4.642051
2.067735 -4.617174
0.443318 -4.716730
0.463260 -4.730694
0.257212 -4.627169
0.170076 -4.678708
-0.027670 -4.152380
0.020381 -4.190488
0.231871 -4.170309
0.154439 -4.061160
0.651575 -3.838926
-0.015341 3.871892
0.691822 -3.750262
0.884747 -3.603433
0.932133 -3.575360
0.439913 -3.136303
0.478377 -3.082111
0.793210 -3.017556
0.786025 -3.058373
-2.588216 -3.423078
-2.654812 -3.375688
-2.885646 -3.301526
-3.534692 3.689650
-2.906351 -3.279245
-2.313406 -2.906881
-2.298463 -2.989427
-2.423889 -2.704376
-2.479222 -2.742094
-1.700160 -3.027762
-1.747070 -2.985202
-1.552352 -2.755160
-1.564183 -2.820711
-1.581133 -3.531326
0.953315 -2.892428
-2.836666 3.538567
-1.616045 -3.472225
-1.351422 -3.426688
-1.448432 -3.335488
-3.015406 -4.595737
-2.958445 -4.614256
-2.920205 -4.313302
-2.900268 -4.305876
-2.434253 -4.823311
-2.514025 -4.863751
-2.610878 -4.731970
1.853589 -3.684737
-2.555940 -4.685427
-1.495092 -4.996256
-1.466787 -5.052987
-1.582991 -4.842957
-1.524966 -4.814514
-2.003466 -5.259029
-1.971554 -5.300538
-1.811523 -5.406533
-1.869419 -5.515003
3.590080 1.998628
1.808384 -4.586234
3.578974 2.072172
3.823467 1.828708
3.807954 1.911463
3.858502 2.480693
3.929313 2.407465
4.146060 2.234509
4.138934 2.191910
4.744703 2.668902
4.707222 2.598607
4.900648 2.781457
0.442900 -4.199736
4.923448 2.781820
4.500907 3.153296
4.457171 3.211164
4.261799 3.097631
4.273384 3.119074
4.581970 0.780188
4.627079 0.862943
4.690886 1.046777
4.731436 1.055790
4.912820 0.543801
0.718958 -3.624497
4.911687 0.419969
4.783303 0.330051
4.745982 0.284495
5.833449 1.180396
5.896539 1.226740
5.673447 1.286443
5.692527 1.326367
5.893131 0.740804
5.902108 0.743393
5.619159 0.518534
-2.351466 -3.221765
5.644525 0.592199
2.987222 -0.692600
3.038646 -0.734272
3.196284 -0.905563
3.183205 -0.983766
3.812010 -0.700541
3.793214 -0.720105
3.520093 -0.685818
3.588057 -0.739048
3.265864 -0.031081
-1.706104 -3.311847
3.215479 -0.017856
3.027192 0.087082
3.041957 0.144512
2.613686 0.208323
2.641723 0.153060
2.775508 0.464774
2.810234 0.442490
3.542043 -2.120376
3.628456 -2.017400
3.725622 -1.886892
-2.312346 -4.567118
3.702104 -1.832249
3.041797 -2.271105
3.010702 -2.208848
3.002297 -2.013316
3.016007 -1.991674
2.301777 -1.329963
2.257694 -1.269774
2.368421 -1.568063
2.338640 -1.538543
1.834459 -1.621571
-1.916818 -4.897960
1.860581 -1.596323
1.800953 -1.393845
1.747238 -1.362909
-0.951753 1.381652
-0.970713 1.422858
-0.712839 1.321798
-0.703187 1.353524
-1.092858 1.935607
-1.073071 1.912759
-0.906510 1.872266
4.116080 2.028928
-0.861998 1.842750
-1.051582 0.473165
-1.112092 0.525261
-0.919631 0.732011
-0.999816 0.803690
-1.563079 0.893536
-1.497180 0.980582
-1.573102 0.668265
-1.585429 0.699693
-0.060311 -0.525989
2.443317 -0.800399
4.509906 2.808083
-0.014367 -0.559020
0.001392 -0.826318
-0.010740 -0.818355
-0.432826 -0.332885
-0.442774 -0.381606
-0.443884 -0.725298
-0.463697 -0.682517
-0.919741 -1.334844
-0.989449 -1.335724
-1.016364 -1.069389
4.817925 0.881991
-0.967745 -0.974544
-1.491908 -0.691339
-1.438799 -0.627397
-1.512218 -0.924496
-1.448006 -0.958069
-2.662057 0.772254
-2.717477 0.758367
-2.678670 0.505004
-2.627081 0.487236
-2.435882 -0.208188
5.554486 0.980203
-2.378937 -0.238201
-2.512837 0.025040
-2.605534 -0.049255
-3.724259 -0.113908
-3.722409 -0.172918
-3.687966 0.059835
-3.616373 0.066303
-3.279325 -0.469219
-3.265925 -0.490047
-3.216510 -0.306582
3.101992 -0.704841
-3.140544 -0.223371
1.177480 1.340675
1.080834 1.257619
1.320089 1.489810
1.269308 1.454774
0.895301 1.744942
0.873537 1.846517
0.625149 1.624303
0.660081 1.634598
0.766323 0.297719
2.883831 -0.122904
0.697400 0.384262
1.034460 0.422122
0.935215 0.396338
0.759088 0.864483
0.704862 0.843023
0.402354 0.811588
0.426724 0.752278
0.562412 5.043526
0.571209 5.053250
0.752397 4.866940
3.006451 -1.822870
0.744228 4.885421
0.046000 4.552361
-0.009063 4.576166
0.071162 4.871060
0.093416 4.884449
-0.459766 5.599140
-0.418744 5.625702
-0.307461 5.840565
-0.336035 5.869284
0.256629 5.643595
2.290352 -1.446300
0.245699 5.609048
0.131651 5.778450
0.148970 5.782352
0.680779 3.440461
0.649535 3.445416
0.481237 3.383014
0.476895 3.325193
0.890217 3.757336
0.920546 3.691754
0.737650 3.975322
-0.868103 1.364398
0.750831 3.947769
-0.279577 3.318394
-0.262290 3.266269
-0.143560 3.491021
-0.178622 3.521081
-0.593124 3.832646
-0.538816 3.863196
-0.672143 3.633836
-0.668945 3.648867
-4.415630 3.818866
-1.033329 0.658116
-4.367964 3.907072
-4.448111 4.100771
-4.460072 4.064969
-4.821396 3.544114
-4.849683 3.629826
-4.761026 3.432212
-4.736427 3.388124
-3.701794 3.964095
-3.664872 3.961697
-3.707498 4.227049
-0.498938 -0.511933
-3.704496 4.241022
-3.602278 3.410487
-3.651664 3.481287
-3.934181 3.248332
-3.817651 3.374768
-2.693996 3.845082
-2.635715 3.843258
-2.369534 3.719495
-2.356870 3.688961
-2.428329 4.424625
-0.179289 0.399735
-0.989183 -0.752319
-2.440460 4.497739
-2.247087 4.237798
-2.270602 4.246104
-3.300673 2.324267
-3.350184 2.254805
-3.417427 2.490507
-3.338785 2.560157
-2.830349 2.553730
-2.844049 2.528731
-2.699255 2.755059
-2.559349 0.191989
-2.691472 2.767731
2.409752 -3.798541
2.420520 -3.803213
2.383473 -3.803378
2.368846 -3.827815
2.267105 -3.917786
2.257730 -3.898091
2.332455 -3.828539
2.320343 -3.834913
1.688391 -3.330282
-3.299806 -0.091870
1.701216 -3.342892
1.751746 -3.378812
1.733958 -3.361996
1.959863 -3.420314
1.967257 -3.430797
2.002953 -3.496678
1.998306 -3.495333
1.613392 -4.878326
1.579531 -4.857721
1.664524 -4.883145
0.836224 1.244302
1.657873 -4.872651
1.903639 -5.127068
1.882722 -5.101263
1.842965 -5.059600
1.835683 -5.076406
1.997315 -4.380573
1.968469 -4.372932
2.060178 -4.413004
2.032648 -4.415907
2.130283 -4.681323
0.643076 0.792995
2.135728 -4.689847
2.058800 -4.618415
2.082359 -4.606140
0.459818 -4.734444
0.459148 -4.730760
0.494479 -4.767089
0.471788 -4.749346
0.267359 -4.627458
0.205509 -4.677816
0.176825 -4.676735
0.170845 4.752953
0.145875 -4.698807
-0.033993 -4.153567
-0.046016 -4.138664
-0.006676 -4.192245
-0.002572 -4.192618
0.257084 -4.181680
0.236325 -4.183262
0.105872 -4.065562
0.094008 -4.061012
0.623087 -3.873940
-0.104958 5.513140
0.646375 -3.852490
0.696399 -3.751548
0.693727 -3.755182
0.908588 -3.584295
0.893104 -3.600693
0.932270 -3.576274
0.895875 -3.610165
0.430459 -3.122293
0.425768 -3.120583
0.450383 -3.077965
0.414393 3.742017
0.456373 -3.073141
0.797637 -2.975482
0.815068 -2.997834
0.791924 -3.053310
0.802133 -3.046903
-2.578115 -3.427501
-2.588520 -3.441276
-2.675878 -3.392167
-2.660829 -3.392751
-2.921600 -3.306265
-0.261113 3.686783
-2.912635 -3.307081
-2.924512 -3.281910
-2.903543 -3.285081
-2.346463 -2.901430
-2.253848 -2.884593
-2.235847 -3.003079
-2.287014 -2.966448
-2.405459 -2.700484
-2.410472 -2.693002
-2.478870 -2.731785
-4.436015 3.740963
-2.474028 -2.732799
-1.696474 -3.034778
-1.680162 -3.023809
-1.761528 -2.989038
-1.776615 -2.980846
-1.543522 -2.729901
-1.528600 -2.698884
-1.557432 -2.800565
-1.548183 -2.790273
-1.578689 -3.542582
-0.570863 4.012249
-3.604290 3.726273
-1.572605 -3.554498
-1.623533 -3.477300
-1.622211 -3.452739
-1.311928 -3.436495
-1.363290 -3.407073
-1.409290 -3.328284
-1.432199 -3.346385
-3.026616 -4.596316
-3.025204 -4.586718
-2.982663 -4.631685
-2.589973 3.859361
-2.970197 -4.614302
-2.921455 -4.299611
-2.936423 -4.295269
-2.907270 -4.300239
-2.910681 -4.290170
-2.398539 -4.841125
-2.408767 -4.829879
-2.532620 -4.878082
-2.543878 -4.886858
-2.641702 -4.741827
-2.894253 2.880476
-2.634089 -4.744813
-2.552416 -4.696071
-2.543704 -4.698799
-1.473399 -5.003624
-1.488010 -4.992403
-1.405571 -5.106380
-1.447351 -5.058862
-1.586951 -4.826437
-1.599723 -4.862738
-1.510029 -4.779062
2.149994 -3.772331
-1.508012 -4.795230
-2.005378 -5.269472
-2.015936 -5.261579
-1.981545 -5.353440
-1.977242 -5.313397
-1.810767 -5.417664
-1.801895 -5.409426
-1.863746 -5.528103
-1.868854 -5.527996
3.575949 1.992205
1.854013 -3.568321
3.548852 1.995327
3.556989 2.066982
3.545890 2.093751
3.825936 1.808595
3.822331 1.814416
3.802951 1.907629
3.808380 1.912434
3.854571 2.493175
3.856762 2.487799
3.924992 2.417828
1.798188 -4.843368
3.920228 2.425903
4.174102 2.222488
4.134613 2.249761
4.124444 2.197772
4.143517 2.185048
4.763608 2.688922
4.721798 2.666771
4.684217 2.571291
4.723960 2.597648
4.917687 2.777114
1.958885 -4.562487
4.910746 2.792416
4.925525 2.810406
4.953234 2.761320
4.537947 3.180747
4.497043 3.157353
4.447145 3.218702
4.465544 3.224678
4.253253 3.103874
4.238138 3.094577
4.279521 3.149883
0.383209 -4.459573
4.254298 3.122267
4.568825 0.759770
4.579364 0.762867
4.627152 0.864040
4.640296 0.879258
4.679365 1.066772
4.685987 1.052518
4.750512 1.019658
4.733609 1.072259
4.935429 0.538400
0.267022 -4.136453
4.931169 0.533074
4.920231 0.390090
4.924482 0.398537
4.789498 0.326850
4.770259 0.287563
4.737867 0.261790
4.736555 0.266160
5.866815 1.178529
5.865457 1.179306
5.930797 1.242046
0.745160 -3.660257
5.932487 1.235819
5.675387 1.297974
5.708266 1.294994
5.680232 1.333482
5.688501 1.326023
5.903399 0.742350
5.893616 0.733877
5.901775 0.737314
5.917582 0.743776
5.614839 0.489861
1.115731 -3.614641
0.646335 -3.249637
5.617904 0.508257
5.642376 0.566187
5.648950 0.573269
2.985434 -0.693326
2.954557 -0.669587
3.021422 -0.716697
3.065839 -0.760415
3.198771 -0.902894
3.190332 -0.899087
3.188404 -0.997083
-2.623931 -3.276069
3.192282 -0.991196
3.830570 -0.699792
3.820714 -0.691544
3.808495 -0.711764
3.819313 -0.711415
3.495314 -0.666649
3.522246 -0.686806
3.593666 -0.743799
3.592398 -0.747045
3.278711 -0.029116
-2.362789 -3.041338
3.264229 -0.022360
3.213285 -0.009721
3.222979 -0.018174
3.055785 0.085527
3.039657 0.097629
3.051877 0.163874
3.030724 0.173686
2.603341 0.211477
2.594166 0.203945
2.629116 0.174655
-1.667509 -3.038302
2.666632 0.137718
2.795111 0.510142
2.794962 0.475792
2.802292 0.447660
2.816355 0.474244
3.550540 -2.117427
3.551909 -2.113019
3.649353 -2.024380
3.645463 -2.029421
3.779366 -1.899786
-1.592446 -3.400333
3.754984 -1.895774
3.721175 -1.832168
3.713777 -1.828378
3.043540 -2.285309
3.053346 -2.286265
3.004130 -2.252893
2.999436 -2.250890
2.991177 -2.033852
3.006931 -1.996362
3.003839 -2.013867
-2.814494 -4.496676
3.008150 -1.993461
2.328160 -1.334385
2.303192 -1.318329
2.267285 -1.257462
2.243324 -1.251698
2.362829 -1.565008
2.380518 -1.568072
2.349465 -1.555737
2.332290 -1.552999
1.817044 -1.650323
-2.447415 -4.680670
1.821523 -1.631314
1.846618 -1.613483
1.854180 -1.597154
1.795522 -1.391857
1.808276 -1.395088
1.746541 -1.369327
1.724041 -1.348321
-0.961911 1.369673
-0.984391 1.369920
-0.994697 1.433901
-1.601915 -4.946296
-0.984357 1.431016
-0.703162 1.312878
-0.711267 1.320683
-0.661995 1.362546
-0.679114 1.354946
-1.095325 1.940948
-1.147160 1.989911
-1.098248 1.942696
-1.090471 1.937219
-0.914187 1.879504
-1.911110 -5.236877
-0.904977 1.892837
-0.852970 1.857168
-0.855744 1.838405
-1.042905 0.452859
-1.047835 0.455179
-1.110305 0.527375
-1.122788 0.524498
-0.916246 0.753568
-0.891731 0.732489
-0.992278 0.836468
3.836715 2.021888
-0.992300 0.823761
-1.602649 0.890310
-1.588640 0.903020
-1.492101 0.996202
-1.502132 1.006986
-1.579469 0.669665
-1.582428 0.666658
-1.597534 0.679008
-1.596337 0.701361
-0.062928 -0.525686
-1.896966 -3.641117
4.066576 2.201422
-0.067423 -0.526019
0.000748 -0.566230
0.011684 -0.542377
0.018401 -0.850030
0.028293 -0.859008
0.004862 -0.846802
-0.007767 -0.821090
-0.433822 -0.325668
-0.427040 -0.311909
-0.460878 -0.372792
4.690543 2.741948
-0.452479 -0.376246
-0.455216 -0.722506
-0.462327 -0.735943
-0.487336 -0.702931
-0.479945 -0.706019
-0.908976 -1.376543
-0.917378 -1.367097
-0.987294 -1.346596
-0.997108 -1.341997
-1.032379 -1.064670
4.436465 2.967571
-1.011404 -1.064960
-0.954327 -0.969707
-0.983361 -0.989756
-1.512909 -0.685287
-1.523886 -0.704585
-1.441880 -0.584347
-1.447917 -0.589144
-1.524269 -0.940494
-1.527611 -0.947769
-1.430535 -1.009221
4.733089 0.889867
-1.475256 -0.972022
-2.663682 0.796682
-2.655909 0.801509
-2.709375 0.763760
-2.724808 0.760441
-2.672953 0.501685
-2.691474 0.515282
-2.612451 0.498484
-2.620820 0.492039
-2.433203 -0.208978
4.846578 0.541940
-2.437380 -0.186429
-2.357049 -0.267334
-2.374986 -0.252418
-2.499665 0.001726
-2.495195 0.008443
-2.638187 -0.070132
-2.603304 -0.056970
-3.738841 -0.102405
-3.743057 -0.086427
-3.755509 -0.196304
5.689821 1.157666
-3.756233 -0.200852
-3.681179 0.071921
-3.692670 0.087009
-3.627857 0.070424
-3.610343 0.108307
-3.280584 -0.469348
-3.280992 -0.468440
-3.250404 -0.482056
-3.266457 -0.490440
-3.208080 -0.299860
5.643286 0.824594
-3.219086 -0.315570
-3.140919 -0.232515
-3.129594 -0.220625
1.172076 1.334637
1.187242 1.336935
1.044857 1.248554
1.107860 1.294746
1.345415 1.505170
1.350673 1.511297
1.274731 1.456330
3.096797 -0.770279
1.290259 1.469341
0.900240 1.755199
0.891506 1.756314
0.874460 1.869344
0.865084 1.887752
0.616991 1.624090
0.612274 1.626546
0.639479 1.625414
0.663935 1.649449
0.780074 0.256441
3.545422 -0.718474
0.771365 0.265689
0.670864 0.404982
0.711698 0.360948
1.057670 0.417434
1.064161 0.427568
0.923909 0.372519
0.923138 0.388274
0.777279 0.885201
0.765879 0.846173
0.724259 0.906181
3.010965 -0.021332
0.698894 0.823082
0.409132 0.818512
0.409579 0.815893
0.427518 0.753681
0.450783 0.752671
0.562879 5.056547
0.590222 5.072701
0.582812 5.059009
0.579632 5.065164
0.773969 4.862711
4.479700 1.600439
2.782120 0.133492
0.776426 4.864773
0.772061 4.879680
0.758889 4.891115
0.053980 4.541796
0.052212 4.552758
-0.015930 4.568856
-0.031756 4.556079
0.077217 4.865414
0.065728 4.883177
0.090062 4.867290
3.465833 -1.893039
0.082462 4.861806
-0.499313 5.572154
-0.475101 5.605313
-0.435313 5.627300
-0.428959 5.639843
-0.298970 5.836792
-0.300207 5.845651
-0.359824 5.894367
-0.351553 5.899750
0.267901 5.656402
3.007314 -2.008930
0.264297 5.648465
0.255700 5.619369
0.286875 5.582489
0.124299 5.817025
0.120900 5.779915
0.133628 5.789884
0.127988 5.789346
0.695491 3.417598
0.699516 3.425922
0.695313 3.421677
2.302040 -1.395369
0.709980 3.385181
0.496467 3.351714
0.477019 3.378414
0.474377 3.317068
0.485234 3.304138
0.915041 3.763420
0.917723 3.748508
0.933992 3.681440
0.935373 3.687059
0.742037 3.981062
2.002446 -1.473927
0.732894 4.003810
0.752430 3.945435
0.755414 3.947491
-0.285402 3.292476
-0.283400 3.286891
-0.252941 3.228679
-0.262525 3.241936
-0.137555 3.492761
-0.146254 3.499542
-0.171617 3.524581
-0.827113 1.398589
-0.177724 3.531847
-0.574358 3.869531
-0.589872 3.834011
-0.546986 3.854105
-0.541587 3.858543
-0.688406 3.626026
-0.681956 3.629252
-0.686390 3.643512
-0.668672 3.659823
-4.437065 3.821099
-0.930281 1.695946
-4.414799 3.807343
-4.341441 3.914301
-4.363176 3.907691
-4.446085 4.100080
-4.444098 4.114312
-4.462617 4.080044
-4.450397 4.055168
-4.844166 3.541469
-4.823746 3.524567
-4.872824 3.651260
-1.035108 0.669999
-4.860363 3.651716
-4.743547 3.384248
-4.755288 3.397761
-4.759238 3.351228
-4.724993 3.364065
-3.692713 3.976894
-3.712496 3.951909
-3.666805 3.968135
-3.657661 3.953654
-3.714855 4.249720
-1.457213 0.784596
-3.713980 4.239766
-3.707356 4.261972
-3.704685 4.247441
-3.557512 3.394397
-3.604636 3.396446
-3.650184 3.469063
-3.641355 3.453995
-3.930623 3.244197
-3.931038 3.245036
-3.826874 3.359349
-0.160219 -0.642597
-3.819223 3.364383
-2.705830 3.847407
-2.694770 3.848766
-2.625834 3.865160
-2.632705 3.855035
-2.367764 3.723912
-2.364852 3.720644
-2.355046 3.686933
-2.333853 3.661862
-2.415045 4.441500
