1023 2
0.536146 -1.355358
0.644980 -1.480447
3.172818 -0.237766
-3.299369 2.401084
1.187688 4.347710
1.240129 4.326169
1.262365 4.296361
1.560352 4.512944
1.574364 4.508427
1.517233 4.403974
1.490058 4.403882
2.316636 3.841894
2.316361 3.831731
2.351580 3.778111
-3.013180 3.157848
2.338586 3.730693
2.371274 3.526156
2.371012 3.510933
2.343331 3.531388
2.331505 3.532110
1.704673 3.552229
1.714248 3.540148
1.755499 3.496421
1.766278 3.485810
1.700738 3.770419
-2.774713 2.863276
1.693608 3.774966
1.710883 3.858130
1.712210 3.856353
-3.636028 0.738092
-3.704493 0.423949
-4.575085 0.946143
-4.372396 1.177125
-0.846150 1.168666
-0.854473 1.572371
-0.103776 1.377897
-2.220847 1.605402
0.157208 1.520643
-1.334133 4.649298
-1.432517 4.390253
-1.217162 5.492705
-1.593372 5.375884
0.104274 3.636771
0.181613 3.305463
-0.679919 3.577836
-0.730788 3.227953
2.842201 5.175132
-2.114914 1.445741
2.887404 4.840632
2.157496 5.693222
1.828829 5.598817
1.169154 4.589078
1.341407 4.439627
2.089653 3.721756
1.762552 3.687020
0.990170 -4.285686
1.033459 -4.479834
0.582159 -4.037635
-0.202732 3.877374
0.511667 -4.161581
0.663982 -5.263612
0.699976 -5.124930
0.117108 -5.097991
0.255148 -5.153085
2.460787 -3.443016
2.612980 -3.550421
2.539157 -3.894515
2.361679 -3.822942
2.869215 -4.464816
1.486004 4.329114
2.821796 -4.670805
2.109061 -4.455344
2.279252 -4.643066
-3.201487 -2.526342
-2.975737 -2.751727
-2.938181 -2.170972
-2.800238 -2.279387
-3.826156 -2.825355
-3.854419 -2.670912
-4.406539 -2.481646
0.816546 -4.345695
-4.182225 -2.727313
-1.783691 -2.991461
-1.602350 -3.012427
-1.471816 -3.455709
-1.363091 -3.335800
-1.876763 -4.038850
-1.885629 -4.168225
-2.344598 -4.111991
-2.377280 -3.919587
0.708693 -0.954747
2.058166 -4.019513
0.768189 -0.739728
1.092685 -0.728873
1.271696 -0.816698
-0.124896 -0.716626
-0.250266 -0.835517
0.107223 -0.350831
0.237834 -0.443604
1.194335 -1.968168
1.149407 -2.248543
1.533614 -2.336239
-3.024344 -2.732712
1.612272 -2.154998
0.362480 -2.062960
0.479426 -2.275894
-0.015432 -2.305851
0.088243 -2.493429
4.797900 0.296902
4.982758 0.251882
4.939137 -0.109456
5.127393 -0.158746
4.370275 -1.179239
-1.955418 -3.354469
4.243074 -1.048962
4.613635 -0.815339
4.534747 -0.660777
2.546045 0.033892
2.596037 -0.115737
2.794015 0.468029
2.936821 0.560176
3.470427 -0.062736
3.426742 0.199458
3.151765 -0.540964
0.531112 -1.008270
3.292451 -0.530430
-2.271715 -0.155066
-2.153242 -0.179170
-1.903395 0.273239
-2.143323 0.289256
-2.154560 1.198861
-1.992316 1.077479
-2.505187 0.893615
-2.561911 1.098400
-3.883584 2.653711
-1.529352 1.521201
0.783613 -1.878506
-3.886398 2.459200
-3.369757 2.446183
-3.288205 2.287477
-3.249566 3.331527
-3.024717 3.263403
-2.674394 2.979274
-2.727572 2.769173
-3.748465 0.842319
-3.515932 0.774939
-3.807784 0.255340
4.413855 -0.418875
-3.669934 0.365515
-4.729739 0.982088
-4.666870 0.793389
-4.491795 1.258204
-4.322444 1.241057
-0.824981 0.983108
-0.892523 1.164488
-0.946128 1.751975
-0.784677 1.674807
-0.160935 1.450738
3.098012 -0.087116
-0.011573 1.234354
0.344359 1.442666
0.294453 1.643927
-1.254173 4.682478
-1.441483 4.713042
-1.579451 4.349737
-1.449764 4.259024
-1.027480 5.588657
-1.222653 5.643262
-1.676531 5.382058
-2.234634 0.934827
-1.726356 5.575481
0.214256 3.770029
0.120738 3.634794
0.326513 3.156762
0.210306 3.164787
-0.701836 3.659848
-0.767295 3.566987
-0.725124 3.059504
-0.926043 3.126793
2.840938 5.227385
-2.958937 2.571510
2.997393 5.209517
2.865841 4.747939
3.019728 4.733847
2.295056 5.790042
2.141361 5.814114
1.716089 5.531476
1.719670 5.738696
0.988286 4.629383
1.140564 4.703721
1.261616 4.353067
-3.653744 0.876023
1.465580 4.445883
2.285843 3.777056
2.240695 3.580259
1.743599 3.595817
1.722761 3.775096
1.025056 -4.241471
0.987437 -4.289233
1.049095 -4.479618
1.062948 -4.511264
0.545867 -3.935834
-0.869873 1.438869
0.583774 -3.992507
0.391805 -4.161311
0.442201 -4.183604
0.676405 -5.331156
0.677665 -5.330170
0.731409 -5.157662
0.696104 -5.085503
0.122691 -5.103326
0.048348 -5.099769
0.275978 -5.113111
-1.207283 4.790416
0.241119 -5.238432
2.483439 -3.386590
2.441122 -3.424682
2.687557 -3.497299
2.707678 -3.526150
2.607699 -3.886813
2.584355 -3.941126
2.301808 -3.813403
2.327405 -3.774193
2.951890 -4.432446
-0.165254 3.622911
2.933090 -4.469118
2.809917 -4.702366
2.852617 -4.744127
2.078598 -4.461622
2.032253 -4.451844
2.293930 -4.676027
2.282088 -4.716650
-3.204787 -2.522853
-3.190559 -2.483737
-2.946501 -2.822816
2.231251 5.065067
-2.967253 -2.791189
-2.925333 -2.123415
-2.959010 -2.076219
-2.758076 -2.292826
-2.728314 -2.250771
-3.852713 -2.893898
-3.799777 -2.872024
-3.856158 -2.645106
-3.853904 -2.600506
-4.482971 -2.455151
0.904918 -3.709408
1.478549 4.306117
-4.451730 -2.433535
-4.248461 -2.783265
-4.247750 -2.717896
-1.830020 -2.988062
-1.864052 -2.913973
-1.577110 -3.020463
-1.571005 -2.961059
-1.414145 -3.519500
-1.504578 -3.516150
-1.329094 -3.359863
0.804617 -4.280645
-1.260800 -3.317785
-1.835619 -4.055449
-1.869184 -4.007661
-1.807841 -4.263977
-1.845766 -4.263577
-2.438030 -4.171231
-2.395527 -4.176393
-2.395925 -3.938757
-2.414323 -3.901595
0.706686 -0.980184
0.651143 -4.924765
0.668308 -1.001170
0.766146 -0.687993
0.753622 -0.747195
1.100010 -0.713356
1.079609 -0.669752
1.355628 -0.853306
1.319579 -0.819758
-0.150505 -0.720628
-0.123757 -0.673651
-0.282153 -0.890404
2.341129 -3.773283
-0.361793 -0.846211
0.086437 -0.287461
0.083405 -0.298528
0.289960 -0.403465
0.256957 -0.414144
1.206050 -1.923612
1.254166 -1.987312
1.102024 -2.278471
1.137588 -2.331496
1.567077 -2.367751
2.281583 -4.328814
1.590018 -2.437078
1.676065 -2.107599
1.677395 -2.140889
0.361804 -2.008273
0.298048 -2.079979
0.490342 -2.312601
0.498986 -2.314029
-0.010027 -2.285335
-0.082629 -2.288789
0.102864 -2.571296
-2.997048 -2.588005
-0.030565 -2.533955
4.820969 0.439263
4.791439 0.339399
5.030088 0.325738
5.104817 0.273011
4.981805 -0.068810
4.934356 -0.169398
5.182333 -0.187829
5.278829 -0.197325
4.402272 -1.276860
-3.865988 -2.716280
4.377318 -1.279282
4.164243 -1.081451
4.219193 -1.008209
4.673545 -0.841637
4.629557 -0.860781
4.529602 -0.589328
4.554946 -0.686186
2.521224 0.057799
2.491505 0.035568
2.554341 -0.161636
-1.707733 -3.247351
2.563880 -0.163961
2.700035 0.544634
2.760368 0.533046
2.980115 0.600925
2.923438 0.574962
3.472586 -0.086663
3.556612 -0.036191
3.446887 0.268997
3.473298 0.265738
3.154551 -0.614355
-2.068692 -3.875043
3.094134 -0.555314
3.334823 -0.581880
3.338327 -0.587425
-2.373429 -0.323838
-2.275843 -0.210039
-2.105966 -0.262738
-2.120842 -0.205279
-1.844849 0.241489
-1.869663 0.253649
-2.213837 0.280788
0.890675 -0.843728
-2.123377 0.256721
-2.151987 1.270473
-2.124064 1.231467
-1.922898 1.033737
-1.952662 1.084248
-2.574432 0.822370
-2.545538 0.842650
-2.593597 1.105509
-2.585850 1.124532
-3.922461 2.674250
0.752935 -1.443170
0.131577 -0.702660
-3.926229 2.725564
-3.942425 2.443054
-3.932521 2.432899
-3.416723 2.462395
-3.409196 2.481193
-3.292143 2.244879
-3.265843 2.230367
-3.289024 3.370011
-3.239869 3.324881
-3.029677 3.313368
1.185409 -2.125127
-3.028511 3.339565
-2.624099 2.998531
-2.647197 3.024686
-2.762211 2.727478
-2.679667 2.761155
-3.748408 0.874878
-3.797611 0.863343
-3.478338 0.783736
-3.482067 0.789160
-3.854978 0.164032
0.375350 -2.168893
-3.853298 0.190799
-3.664838 0.355506
-3.637768 0.271552
-4.861311 1.002581
-4.827576 1.047884
-4.727912 0.771512
-4.664784 0.801018
-4.522099 1.272522
-4.537373 1.269272
-4.257071 1.301094
4.753575 -0.014822
-4.314399 1.253086
-0.819921 0.919721
-0.821600 0.900726
-0.916191 1.149478
-0.914355 1.124330
-1.003856 1.836302
-0.929584 1.750479
-0.763657 1.660406
-0.758658 1.733769
-0.181224 1.473376
4.419962 -0.621699
-0.153230 1.498217
0.055142 1.152880
-0.012711 1.215910
0.408365 1.393731
0.428619 1.421511
0.452565 1.757203
0.302325 1.674958
-1.212479 4.687407
-1.189996 4.728930
-1.487364 4.748468
2.848259 0.107076
-1.508739 4.747769
-1.579078 4.310470
-1.657900 4.376559
-1.461825 4.223287
-1.439321 4.175935
-0.981734 5.601244
-0.992434 5.580565
-1.253017 5.675183
-1.225506 5.731754
-1.737831 5.355923
3.227481 -0.112934
-1.751505 5.358856
-1.778563 5.636063
-1.782542 5.665487
0.221408 3.867373
0.328960 3.801353
0.135248 3.597092
0.085516 3.652464
0.386042 3.097711
0.399678 3.088946
0.199407 3.129130
-2.174091 0.351332
0.234217 3.107361
-0.663556 3.702345
-0.765254 3.652483
-0.825847 3.570573
-0.790412 3.539799
-0.692821 3.024300
-0.757965 3.020574
-1.010004 3.059752
-0.973552 3.119146
2.826797 5.238226
-2.318132 0.986175
2.840898 5.278175
3.090538 5.250464
3.048285 5.206069
2.839878 4.724483
2.863440 4.709942
3.091793 4.683118
3.118432 4.640336
2.344490 5.819542
2.329652 5.817725
2.119370 5.889341
-3.245709 2.495144
2.156514 5.858657
1.698817 5.523559
1.691064 5.499433
1.692523 5.835701
1.650661 5.837272
0.907297 4.662493
0.880047 4.648974
1.188451 4.745809
1.064487 4.830051
1.219599 4.341000
-2.076867 1.539691
-2.889782 2.790866
1.249995 4.320683
1.552655 4.488808
1.504192 4.406938
2.322309 3.837180
2.317859 3.775850
2.346293 3.519666
2.320330 3.538287
1.718089 3.547183
1.756318 3.507735
1.709086 3.772140
-3.664698 0.721250
1.716886 3.834428
1.022714 -4.220910
1.035761 -4.231264
0.987835 -4.287208
0.979558 -4.296439
1.057680 -4.484305
1.053309 -4.476635
1.093890 -4.537973
1.091512 -4.534824
0.553052 -3.900993
-4.320148 1.028773
0.543228 -3.918410
0.609731 -4.002334
0.574048 -3.992352
0.392065 -4.165404
0.387144 -4.176672
0.410677 -4.194204
0.436328 -4.180608
0.678002 -5.343763
0.681100 -5.341135
0.681323 -5.353911
-0.829160 1.449665
0.681398 -5.367726
0.747760 -5.175639
0.766953 -5.195016
0.691773 -5.090922
0.678061 -5.083591
0.086313 -5.116979
0.107365 -5.114014
0.045813 -5.127053
0.036912 -5.097481
0.304585 -5.123572
-0.071598 1.449032
0.308627 -5.097494
0.229494 -5.238378
0.230108 -5.257923
2.488297 -3.364123
2.488065 -3.354993
2.431907 -3.407378
2.429710 -3.406281
2.688629 -3.483782
2.695029 -3.490895
2.718463 -3.518542
-1.297784 4.616889
2.720691 -3.518050
2.631273 -3.885184
2.630480 -3.901037
2.615454 -3.957003
2.584354 -3.942757
2.280866 -3.797294
2.272755 -3.833884
2.334033 -3.772390
2.286627 -3.753005
2.985163 -4.411069
-1.298083 5.221184
2.963207 -4.434384
2.947978 -4.471013
2.947907 -4.473120
2.796199 -4.709359
2.798754 -4.705144
2.864691 -4.764418
2.868907 -4.762484
2.118782 -4.481185
2.084673 -4.476378
2.044812 -4.459217
0.012729 3.565157
2.034364 -4.448474
2.309195 -4.683103
2.297826 -4.685243
2.272285 -4.725081
2.293207 -4.737387
-3.215403 -2.507131
-3.223597 -2.508882
-3.187484 -2.486856
-3.214465 -2.493407
-2.943035 -2.844264
-0.545225 3.486944
-2.947372 -2.843753
-2.959268 -2.821333
-3.014454 -2.777126
-2.914974 -2.095465
-2.914351 -2.115583
-2.969380 -2.050141
-2.964848 -2.038170
-2.713550 -2.298507
-2.732511 -2.290350
-2.696518 -2.235543
2.682564 5.060236
-2.723056 -2.236940
-3.861269 -2.896561
-3.863154 -2.903093
-3.788934 -2.900846
-3.781051 -2.883359
-3.846049 -2.618973
-3.872656 -2.609203
-3.824207 -2.552086
-3.851852 -2.590726
-4.489468 -2.458227
0.383297 3.880025
2.081006 5.537467
-4.491822 -2.450570
-4.463122 -2.418949
-4.473404 -2.421029
-4.267088 -2.803216
-4.274035 -2.816504
-4.287100 -2.709220
-4.277092 -2.715732
-1.841648 -2.989671
-1.825640 -2.987290
-1.877837 -2.914460
1.321987 4.469447
-1.879390 -2.885364
-1.582304 -3.023622
-1.576259 -3.025590
-1.560335 -2.954254
-1.541457 -2.935791
-1.395261 -3.517807
-1.404519 -3.531819
-1.509089 -3.529097
-1.505163 -3.513903
-1.320290 -3.364570
1.894186 3.809184
-1.293360 -3.336551
-1.218882 -3.297587
-1.240377 -3.305733
-1.827948 -4.056417
-1.826624 -4.041573
-1.873654 -3.992826
-1.870060 -3.994213
-1.802723 -4.268137
-1.793585 -4.288301
-1.840170 -4.283338
0.938181 -4.345737
-1.831124 -4.298751
-2.433004 -4.165284
-2.458833 -4.195127
-2.441468 -4.220009
-2.420342 -4.198349
-2.396143 -3.931650
-2.397289 -3.950440
-2.430180 -3.886417
-2.419888 -3.896340
0.708613 -0.970575
0.623525 -4.164735
0.706040 -0.990585
0.659204 -1.012685
0.667701 -1.014046
0.754079 -0.686637
0.761570 -0.674329
0.730684 -0.757303
0.760837 -0.755520
1.094638 -0.706394
1.095641 -0.708561
1.076689 -0.651594
0.649551 -5.063071
1.086432 -0.660174
1.370521 -0.853155
1.372642 -0.847910
1.381833 -0.820796
1.369484 -0.793169
-0.161315 -0.727054
-0.151887 -0.709059
-0.130050 -0.675007
-0.121809 -0.659696
-0.294992 -0.901045
0.292150 -5.059632
-0.299343 -0.899367
-0.390450 -0.851971
-0.387351 -0.850032
0.098745 -0.287507
0.100480 -0.276327
0.065247 -0.264467
0.078945 -0.282559
0.281755 -0.402629
0.308467 -0.392927
0.256825 -0.403108
2.454294 -3.621903
0.264704 -0.410684
1.203258 -1.967600
1.221339 -1.906193
1.239679 -1.955245
1.281448 -2.000173
1.078547 -2.279533
1.080560 -2.310372
1.124638 -2.365065
1.140598 -2.348479
1.568756 -2.371536
2.435971 -3.841724
1.578611 -2.391174
1.618276 -2.472483
1.596534 -2.448319
1.688277 -2.105458
1.661428 -2.115011
1.705935 -2.139663
1.741936 -2.119801
0.361019 -2.015311
0.364917 -2.001265
0.281284 -2.080278
2.709517 -4.456449
0.288207 -2.084326
0.467870 -2.305233
0.471488 -2.296089
0.502980 -2.311469
0.509737 -2.323521
-0.003311 -2.267893
-0.017414 -2.287000
-0.097560 -2.291540
-0.094994 -2.285022
0.087532 -2.593526
1.061630 -3.867503
2.281400 -4.515114
0.113478 -2.604466
-0.048176 -2.554463
-0.076193 -2.542590
4.829491 0.457738
4.820267 0.461652
4.790104 0.349177
4.784561 0.352443
5.075326 0.385087
5.058787 0.346066
5.147271 0.274751
-2.993134 -2.641613
5.145954 0.276628
5.024284 -0.051470
5.015633 -0.066831
4.929278 -0.161630
4.932664 -0.215900
5.189818 -0.195420
5.174931 -0.197453
5.317248 -0.204876
5.286586 -0.196685
4.410662 -1.299414
-2.902722 -2.287035
4.408310 -1.300481
4.373717 -1.318621
4.382917 -1.305096
4.157498 -1.086476
4.143408 -1.107462
4.206014 -1.009472
4.210510 -1.009035
4.685782 -0.843561
4.692874 -0.852680
4.638026 -0.878967
-3.843052 -2.740742
4.640205 -0.876740
4.520021 -0.591681
4.538341 -0.533168
4.557981 -0.671145
4.568139 -0.692546
2.507481 0.079275
2.514126 0.064181
2.475746 0.031278
2.490010 0.028654
2.548447 -0.170281
-4.047818 -2.673923
2.546088 -0.161948
2.550953 -0.181944
2.543735 -0.180425
2.680956 0.571079
2.716051 0.548844
2.739069 0.556789
2.760336 0.570625
3.013408 0.632996
3.008786 0.627655
2.941143 0.601626
-1.699752 -3.088723
2.930798 0.613612
3.479422 -0.092035
3.471515 -0.082411
3.602056 0.011930
3.549577 -0.029891
3.443407 0.272912
3.436642 0.263618
3.491101 0.288000
3.505320 0.304815
3.178106 -0.667758
-1.512734 -3.351850
3.162673 -0.637587
3.047979 -0.584943
3.101853 -0.549413
3.336049 -0.579855
3.344231 -0.573898
3.358265 -0.619449
3.342702 -0.592377
-2.376618 -0.329166
-2.388465 -0.344608
-2.266201 -0.224018
-1.943426 -4.040742
-2.312059 -0.216391
-2.109858 -0.267644
-2.112397 -0.291455
-2.107224 -0.200097
-2.130472 -0.187791
-1.824967 0.225959
-1.842255 0.236667
-1.835571 0.213546
-1.863204 0.240104
-2.206766 0.285753
-2.248672 -3.973789
-2.253348 0.267617
-2.107129 0.246933
-2.140873 0.225316
-2.151556 1.281071
-2.141728 1.257648
-2.082523 1.235483
-2.124037 1.236395
-1.910431 1.020139
-1.917970 1.032439
-1.953469 1.093631
0.784943 -0.831611
-1.926524 1.090119
-2.600113 0.809873
-2.594509 0.811116
-2.531484 0.856510
-2.571906 0.799847
-2.627119 1.125951
-2.593809 1.109684
-2.585079 1.145538
-2.604844 1.146787
-3.927150 2.683059
-2.010730 -3.247909
1.081078 -0.803127
-3.935332 2.695613
-3.932240 2.728888
-3.930719 2.728974
-3.956001 2.440894
-3.956373 2.456883
-3.953974 2.421588
-3.955419 2.395594
-3.444509 2.459563
-3.428206 2.466079
-3.426509 2.490550
-0.029910 -0.740325
-3.447822 2.516607
-3.292922 2.225084
-3.300200 2.222292
-3.255109 2.186678
-3.258759 2.213342
-3.291252 3.371101
-3.295764 3.371899
-3.268646 3.349334
-3.257232 3.346159
-3.033681 3.331047
0.153275 -0.518629
-3.028548 3.338001
-3.028929 3.371252
-3.026975 3.370578
-2.620324 2.980724
-2.612620 2.991891
-2.631832 3.059873
-2.635503 3.044167
-2.767322 2.719106
-2.779419 2.705413
-2.671681 2.773088
1.181354 -2.126727
-2.663532 2.787150
-3.738283 0.875904
-3.758881 0.874778
-3.810329 0.857319
-3.803864 0.848562
-3.453302 0.793398
-3.473588 0.798000
-3.481534 0.808638
-3.469177 0.790388
-3.861631 0.112561
1.443594 -2.224831
-3.871548 0.153062
-3.860544 0.184233
-3.854966 0.187654
-3.682568 0.348199
-3.668667 0.328319
-3.628035 0.247130
-3.643988 0.259644
-4.878016 0.999468
-4.883071 1.013745
-4.845106 1.052246
0.409841 -2.160288
-4.825358 1.047337
-4.751410 0.772023
-4.736072 0.777130
-4.673061 0.790459
-4.659988 0.803434
-4.529092 1.271174
-4.522421 1.274910
-4.540069 1.269684
-4.584189 1.312502
-4.214572 1.337405
0.179623 -2.354143
-4.254165 1.298020
-4.322220 1.261210
-4.287737 1.276833
-0.814790 0.895199
-0.826323 0.902797
-0.813567 0.873241
-0.822349 0.847036
-0.922717 1.149831
-0.920475 1.147999
-0.943412 1.110558
4.830122 0.131036
-0.931625 1.096095
-1.010816 1.853809
-1.012865 1.851099
-0.918882 1.744785
-0.924032 1.750031
-0.793557 1.670137
-0.766782 1.670260
-0.753290 1.751657
-0.749572 1.772662
-0.178709 1.466332
4.942847 -0.089190
-0.204660 1.497179
-0.139028 1.489258
-0.147791 1.489008
0.073381 1.126177
0.060991 1.151428
-0.016903 1.223467
-0.004551 1.197166
0.428785 1.378025
0.431600 1.379169
0.427537 1.417606
4.325717 -1.054875
0.443984 1.408204
0.471004 1.778174
0.466500 1.769363
0.306469 1.677193
0.306715 1.693399
-1.227127 4.694004
-1.234285 4.665319
-1.176261 4.740529
-1.177485 4.750227
-1.524257 4.757636
0.672714 -1.431889
4.509501 -0.704705
-1.533454 4.738715
-1.500997 4.750193
-1.504262 4.751275
-1.581516 4.309200
-1.592839 4.311140
-1.671484 4.378838
-1.664536 4.362020
-1.459522 4.189491
-1.458799 4.219333
-1.437768 4.147888
2.655837 -0.005030
-1.447037 4.158361
-0.976603 5.605695
-0.964288 5.603976
-0.989727 5.582924
-1.008536 5.580227
-1.261961 5.684407
-1.261581 5.681885
-1.240989 5.750976
-1.215796 5.763713
-1.755682 5.366568
2.834192 0.375070
-1.742297 5.343654
-1.769903 5.339929
-1.756487 5.364032
-1.788275 5.636369
-1.791199 5.651144
-1.781256 5.665234
-1.779075 5.667084
0.211464 3.943919
0.226175 3.904303
0.371689 3.787726
3.337972 0.008429
0.342448 3.819591
0.139847 3.581998
0.143654 3.559121
0.065875 3.658129
0.071850 3.659458
0.398767 3.091114
0.407434 3.082450
0.438277 3.049261
0.430770 3.067045
0.205316 3.119820
3.232535 -0.402239
0.181411 3.112342
0.220736 3.111412
0.253808 3.077537
-0.649235 3.720280
-0.635068 3.730478
-0.780956 3.635856
-0.807761 3.656792
-0.849803 3.567502
-0.845156 3.567980
-0.793766 3.537180
-2.211165 0.011226
-0.783987 3.537835
-0.682003 3.016505
-0.708025 3.009903
-0.815165 3.008069
-0.756898 3.010973
-1.034931 3.038533
-1.067738 3.029049
-0.989210 3.114948
-0.987125 3.118136
2.827610 5.235643
-2.032891 0.340482
2.825658 5.213295
2.836308 5.288361
2.828353 5.297447
3.114184 5.261285
3.132793 5.271183
3.051299 5.199740
3.044463 5.197988
2.826753 4.720940
2.830448 4.717354
2.874349 4.698638
-2.138998 1.123630
2.872247 4.694935
3.102070 4.672597
3.111618 4.669014
3.132068 4.626023
3.145867 4.617341
2.376199 5.794996
2.373177 5.849796
2.332191 5.817616
2.340080 5.827780
2.080322 5.913996
-2.432350 0.969089
2.120173 5.897972
2.144653 5.881395
2.142285 5.859337
1.702850 5.531375
1.690276 5.521564
1.683738 5.488217
1.687550 5.493718
1.691225 5.848409
1.680980 5.875009
1.652239 5.836106
-3.768411 2.525289
1.648724 5.846707
0.875128 4.664760
0.887503 4.669495
0.835384 4.651061
0.859250 4.651052
1.232020 4.749999
1.199154 4.752721
1.050043 4.841992
1.031215 4.887420
1.206822 4.332973
