1023 2
0.545263 2.067512
0.562588 1.699702
3.771935 -2.002435
1.666801 4.344757
-0.072891 -1.081539
-0.132532 -1.129675
-0.125260 -1.127440
0.074175 -1.340075
0.074247 -1.334875
0.037555 -1.277246
0.051116 -1.299959
0.181664 -2.277466
0.195416 -2.281483
0.226881 -2.310443
1.742585 3.137120
0.243937 -2.307736
0.006207 -2.469998
0.001792 -2.455837
-0.040137 -2.447083
-0.029983 -2.456334
-0.348972 -1.913738
-0.345564 -1.889181
-0.449177 -1.860628
-0.433256 -1.844964
-0.370133 -2.144770
1.491517 3.280958
-0.351421 -2.140703
-0.368545 -2.232866
-0.372615 -2.232732
-1.845100 4.958952
-1.574827 5.055867
-2.137824 4.236894
-2.236637 3.959750
-0.084719 4.117547
-0.083753 3.776728
-0.810754 3.541954
1.782278 3.530438
-0.790183 3.991885
-0.812621 -4.813230
-0.467891 -4.827352
-0.563571 -3.875960
-0.945450 -3.865977
-2.714314 -3.239075
-2.915169 -3.638573
-2.371428 -4.240623
-2.666003 -4.286120
-2.316299 -1.465745
-0.690281 3.937652
-2.135938 -1.776698
-1.409183 -1.838706
-1.398208 -1.482650
0.371314 -1.505138
-0.003660 -1.364652
-0.039872 -2.217797
-0.279079 -2.063392
-3.572793 1.618724
-3.391340 1.674551
-3.550634 1.039078
-1.346477 -3.372598
-3.653042 1.226547
-4.385913 0.462211
-4.401690 0.628563
-3.841115 0.407984
-3.722612 0.254489
-1.686191 0.699652
-1.703253 0.561799
-2.190290 0.487227
-2.263354 0.653440
-1.814875 1.850924
-1.178150 -2.192122
-2.054522 1.848057
-2.241473 1.460356
-1.981713 1.440615
0.763335 0.357243
0.753414 0.514714
1.175634 0.487781
1.152430 0.663500
0.143325 1.542075
0.190822 1.281866
0.573706 1.237012
-3.289038 0.991150
0.710797 1.456532
2.764937 0.678850
2.640301 0.588412
2.284790 0.916438
2.201972 0.687497
3.047021 1.646739
2.949120 1.454968
2.540838 1.661252
2.434441 1.665057
3.522676 -4.412518
-2.100799 1.086592
3.515386 -4.564301
3.735994 -3.942080
3.873465 -3.948533
4.646971 -4.261509
4.727650 -4.498336
4.371753 -4.683255
4.255068 -4.802925
2.804111 -3.463550
2.785118 -3.232470
2.356476 -3.363200
0.770786 1.030516
2.269219 -3.284939
1.896506 -4.285392
1.856355 -4.070394
2.390334 -4.284878
2.261271 -4.449209
3.480803 -0.834695
3.483707 -0.653174
3.937053 -0.934923
3.812331 -1.109202
4.356722 -0.363174
2.367652 1.098776
4.405061 -0.571687
4.752887 -0.099037
4.830423 -0.258957
3.082333 -1.690529
3.022548 -1.875961
3.399169 -2.094809
3.512079 -1.975224
4.756405 -1.883391
4.666932 -1.730128
4.431033 -2.238181
3.784784 -4.052760
4.631025 -2.348937
3.824559 4.422292
3.643825 4.342192
3.976079 3.937310
3.966021 3.763700
2.990259 4.103363
3.196372 3.984576
3.225540 3.446612
3.028870 3.526956
1.810870 4.037609
0.592647 2.420766
2.654484 -3.510916
1.961946 4.096115
1.744000 4.522397
1.565131 4.441397
1.696433 3.004616
1.829271 3.040096
1.409299 3.324922
1.361621 3.253237
-1.921838 5.030782
-1.862188 4.901572
-1.461959 5.089535
4.182741 -0.844322
-1.596656 5.203091
-2.322194 4.363458
-2.125400 4.237771
-2.245650 3.840200
-2.490166 3.890304
0.024314 4.152124
-0.088394 4.281998
-0.099789 3.689963
0.104311 3.763750
-0.919102 3.439528
3.798013 -2.010343
-0.776926 3.506597
-0.895599 4.009643
-0.754160 4.076324
-0.923927 -4.787341
-0.827633 -4.969280
-0.315240 -4.842882
-0.451036 -4.896972
-0.427452 -3.956886
-0.487870 -3.830291
-0.999014 -3.947831
3.168777 3.870068
-1.035137 -3.817083
-2.635033 -3.167213
-2.767268 -3.239714
-3.100890 -3.605907
-2.958635 -3.665110
-2.317852 -4.365475
-2.295337 -4.231495
-2.782953 -4.285181
-2.773880 -4.492648
-2.366263 -1.304642
1.719497 3.556380
-2.471749 -1.486713
-2.128093 -1.895933
-2.253343 -1.764621
-1.459006 -1.994474
-1.328939 -1.844854
-1.299732 -1.412187
-1.454523 -1.350191
0.508107 -1.379156
0.561016 -1.610234
-0.073225 -1.173693
-1.590155 4.249400
0.050533 -1.316667
0.132765 -2.265913
-0.046533 -2.360863
-0.343621 -1.943032
-0.320678 -2.151293
-3.632654 1.629035
-3.650557 1.673092
-3.394144 1.676144
-3.332951 1.776913
-3.570562 0.952911
-0.637827 3.874723
-3.499531 1.034503
-3.716573 1.251204
-3.668627 1.227047
-4.386026 0.436072
-4.455745 0.388566
-4.463120 0.657418
-4.408033 0.676421
-3.853755 0.370600
-3.892591 0.456672
-3.703944 0.194598
-0.888623 -3.826948
-3.714523 0.217073
-1.691848 0.747611
-1.629545 0.679898
-1.651488 0.488665
-1.722417 0.476148
-2.170550 0.432200
-2.209346 0.415627
-2.311873 0.677195
-2.355524 0.662964
-1.810437 1.856759
-2.334975 -3.835063
-1.768927 1.877330
-2.078700 1.880847
-2.102837 1.899824
-2.279236 1.469157
-2.292926 1.422834
-1.960017 1.403295
-1.965563 1.442778
0.743666 0.264666
0.726081 0.257733
0.703388 0.511886
-1.540779 -1.830425
0.742353 0.480845
1.261797 0.436662
1.155070 0.440521
1.201652 0.686044
1.203889 0.662932
0.076217 1.606658
0.098263 1.598917
0.118501 1.248487
0.128216 1.303526
0.675771 1.223938
0.612367 1.397529
-0.153102 -1.833335
0.518408 1.203282
0.765264 1.504235
0.796382 1.506426
2.821783 0.644825
2.847675 0.718137
2.668204 0.512689
2.675806 0.512925
2.261250 0.943246
2.283706 0.958782
2.166886 0.646677
-3.435076 1.169365
2.168984 0.680753
3.083310 1.669757
3.074480 1.676503
2.988173 1.404478
2.965984 1.448480
2.523185 1.688633
2.571091 1.674628
2.357234 1.725326
2.388591 1.665871
3.476004 -4.369158
-3.785018 0.636591
3.511970 -4.439269
3.444492 -4.652953
3.496128 -4.670738
3.708121 -3.905279
3.728323 -3.942347
3.904257 -3.892104
3.966937 -3.923120
4.674338 -4.216577
4.755983 -4.224999
4.766321 -4.534177
-2.032335 0.804731
4.784100 -4.504951
4.410160 -4.670793
4.358456 -4.769699
4.223330 -4.884956
4.219922 -4.902113
2.791698 -3.526779
2.843593 -3.496386
2.824543 -3.154706
2.790717 -3.239636
2.375196 -3.327034
-2.042883 1.502346
2.336786 -3.401969
2.199805 -3.278140
2.247816 -3.226070
1.849968 -4.302272
1.873632 -4.347475
1.777106 -4.033080
1.808889 -4.066855
2.497507 -4.288274
2.434596 -4.352342
2.313491 -4.490927
0.880909 0.699378
2.210527 -4.554218
3.400555 -0.798971
3.419212 -0.840206
3.477818 -0.603676
3.439810 -0.576521
4.001863 -0.897478
3.904996 -0.931237
3.787295 -1.163655
3.830896 -1.136689
4.341433 -0.293210
0.525943 1.318417
4.364372 -0.309951
4.463538 -0.603314
4.417850 -0.622058
4.777092 0.062472
4.755513 -0.055881
4.945500 -0.220724
4.988482 -0.236723
3.021415 -1.660176
3.071448 -1.600907
2.914821 -1.866982
2.448219 0.861757
2.921785 -1.926339
3.349339 -2.162406
3.398687 -2.145480
3.583169 -1.944625
3.503434 -2.022800
4.867123 -1.880612
4.817913 -1.881997
4.733284 -1.671989
4.675179 -1.678554
4.407697 -2.253487
2.605071 1.471955
4.385057 -2.263888
4.658035 -2.371302
4.676400 -2.393592
3.893541 4.522615
3.928902 4.463184
3.604684 4.405182
3.646420 4.371912
4.068901 3.966283
3.992146 3.978370
4.007266 3.734560
3.736995 -4.124340
3.957150 3.671414
2.927160 4.170283
2.984395 4.108234
3.250895 4.006685
3.221588 4.005737
3.217338 3.404496
3.232768 3.411180
3.020741 3.527987
2.958633 3.481853
1.742208 4.049361
3.468387 -2.726221
4.300083 -4.401735
1.825292 3.976204
2.013919 4.095688
2.028089 4.177982
1.767900 4.582128
1.781096 4.600242
1.489469 4.506621
1.500065 4.513261
1.719612 2.953214
1.672894 2.989336
1.910331 2.985908
2.595283 -3.426576
1.911113 2.932423
1.413205 3.329053
1.408251 3.359870
1.306427 3.218300
1.346466 3.261273
-2.045378 5.160908
-1.958950 5.102945
-1.921667 4.863622
-1.886714 4.862309
-1.433582 5.106974
2.283757 -4.081910
-1.397896 5.110369
-1.559233 5.265093
-1.612689 5.267853
-2.380660 4.415791
-2.393499 4.364579
-2.146597 4.281099
-2.099088 4.215323
-2.213034 3.795540
-2.275482 3.796758
-2.552512 3.860564
3.814028 -0.901905
-2.476409 3.920323
0.093761 4.217664
0.104759 4.192434
-0.064461 4.335465
-0.098481 4.330063
-0.104945 3.623936
-0.087654 3.607033
0.155899 3.724069
0.200368 3.755287
-0.918895 3.414203
4.348121 -0.603337
-0.974734 3.390599
-0.786987 3.499672
-0.752432 3.461130
-0.970085 4.025964
-0.974975 4.017472
-0.745315 4.145697
-0.732562 4.125279
-0.999852 -4.776095
-0.983310 -4.829439
-0.823432 -5.045618
3.373191 -1.938391
-0.858316 -5.067659
-0.198677 -4.872600
-0.226787 -4.849084
-0.412807 -4.957330
-0.447700 -4.931057
-0.358581 -4.010421
-0.381629 -3.985433
-0.431776 -3.812875
-0.475499 -3.767345
-1.014568 -3.956034
4.445146 -2.000716
-0.999667 -3.979864
-1.118363 -3.770114
-1.019580 -3.814903
-2.585437 -3.116241
-2.625020 -3.131395
-2.832596 -3.229786
-2.817621 -3.231115
-3.178472 -3.601111
-3.210668 -3.580480
-2.955984 -3.652282
3.489930 4.018002
-2.960506 -3.692459
-2.269466 -4.469394
-2.314312 -4.429415
-2.263298 -4.217474
-2.230783 -4.242600
-2.897457 -4.241804
-2.806175 -4.281544
-2.867243 -4.626602
-2.805727 -4.532817
-2.427141 -1.188374
3.179263 3.836572
-2.358938 -1.251801
-2.528423 -1.485600
-2.536684 -1.487885
-2.129705 -1.933206
-2.154618 -1.939627
-2.270272 -1.734196
-2.302207 -1.774746
-1.498484 -2.086802
-1.473654 -2.030051
-1.295178 -1.836935
1.709315 4.110214
-1.253329 -1.864636
-1.250389 -1.359891
-1.190992 -1.314904
-1.491908 -1.285958
-1.507470 -1.261065
0.539511 -1.358034
0.555719 -1.328969
0.592371 -1.629994
0.645926 -1.595629
-0.065017 -1.108336
0.718537 2.926404
1.685791 3.305681
-0.116848 -1.130960
0.063802 -1.329804
0.053368 -1.286409
0.175437 -2.278551
0.218645 -2.297584
-0.003668 -2.444531
-0.036691 -2.431445
-0.350747 -1.906218
-0.394573 -1.899588
-0.350832 -2.169463
-1.638687 4.903055
-0.355725 -2.208603
-3.604260 1.618217
-3.642670 1.633278
-3.656242 1.674984
-3.654036 1.668242
-3.385145 1.686313
-3.371372 1.707262
-3.314981 1.813485
-3.307843 1.822752
-3.568631 0.916783
-2.029442 4.135517
-3.593004 0.933711
-3.500595 1.016110
-3.497723 1.012818
-3.733014 1.250852
-3.720650 1.260028
-3.680853 1.238086
-3.676368 1.226516
-4.391192 0.425584
-4.393203 0.418568
-4.456531 0.379055
-0.165832 3.928092
-4.480625 0.372483
-4.472744 0.654174
-4.488612 0.656101
-4.418397 0.672390
-4.419095 0.677644
-3.867703 0.354631
-3.857575 0.356607
-3.904554 0.464213
-3.896037 0.454538
-3.704569 0.176790
-0.718511 3.812704
-3.691616 0.168044
-3.706393 0.189128
-3.706522 0.193109
-1.672568 0.706652
-1.699033 0.737423
-1.614019 0.683124
-1.619778 0.674058
-1.646626 0.480866
-1.622811 0.460000
-1.753152 0.472459
-0.686678 -4.733693
-1.706180 0.481245
-2.172196 0.431086
-2.157084 0.410069
-2.213094 0.381439
-2.218501 0.382662
-2.322125 0.679591
-2.332934 0.695730
-2.350915 0.664613
-2.348354 0.651536
-1.815824 1.861291
-0.815992 -3.863156
-1.797350 1.858630
-1.751513 1.880331
-1.757692 1.884853
-2.097090 1.892569
-2.106870 1.909422
-2.122767 1.923924
-2.139154 1.933737
-2.303671 1.467367
-2.303753 1.470708
-2.313740 1.402624
-2.741331 -3.646029
-2.338436 1.382346
-1.937848 1.367942
-1.951353 1.391595
-1.949566 1.445729
-1.951799 1.440910
0.742378 0.249321
0.749231 0.234786
0.717258 0.248356
0.717453 0.221933
0.708547 0.518489
-2.432969 -4.160461
0.701907 0.499625
0.719989 0.451035
0.747640 0.493822
1.286984 0.445221
1.290852 0.410663
1.173729 0.422585
1.173048 0.442304
1.205846 0.697855
1.223591 0.694263
1.221812 0.663446
-2.115851 -1.686499
1.212361 0.664690
0.051478 1.629401
0.060966 1.623420
0.069585 1.614300
0.102904 1.596769
0.098472 1.242358
0.086613 1.239588
0.113955 1.282562
0.122106 1.319559
0.684133 1.215082
-1.183757 -2.410910
-1.431230 -1.699376
0.697563 1.244165
0.495860 1.211510
0.512851 1.199384
0.777212 1.521565
0.780690 1.516732
0.811824 1.522179
0.815026 1.518758
2.841458 0.626433
2.859063 0.601799
2.865081 0.724132
0.059087 -1.514589
2.854184 0.722019
2.666744 0.513017
2.672442 0.483236
2.701846 0.473140
2.686095 0.485005
2.256438 0.968709
2.243696 0.947595
2.298897 0.993628
2.284821 0.974730
2.158335 0.641855
-0.128499 -2.039866
2.161418 0.647377
2.169444 0.682849
2.154629 0.679863
3.112055 1.691782
3.085188 1.673586
3.076728 1.675357
3.079533 1.692325
2.990335 1.413260
3.009676 1.391208
2.972675 1.448113
-3.465868 1.567523
2.977879 1.452933
2.528655 1.692943
2.523898 1.693295
2.582870 1.674765
2.584794 1.675452
2.346786 1.739793
2.334786 1.743280
2.381781 1.663094
2.369223 1.673747
3.426280 -4.304539
-3.544375 1.141846
3.494651 -4.366637
3.488234 -4.420198
3.497521 -4.426989
3.425047 -4.673938
3.441144 -4.657476
3.492557 -4.693583
3.497084 -4.678843
3.705545 -3.889343
3.681409 -3.891474
3.722904 -3.941432
-4.294373 0.563289
3.719114 -3.940154
3.883007 -3.831353
3.921914 -3.899487
3.964497 -3.923171
3.954024 -3.932096
4.682940 -4.165171
4.688936 -4.214702
4.774447 -4.209547
4.781776 -4.218947
4.774726 -4.535683
-3.796707 0.419515
4.778423 -4.549286
4.842678 -4.451865
4.802876 -4.513089
4.420556 -4.668000
4.406824 -4.685264
4.349870 -4.776767
4.348022 -4.791423
4.219155 -4.899794
4.219109 -4.891385
4.224171 -4.905825
-1.780664 0.693766
4.217202 -4.916445
2.801020 -3.541668
2.766195 -3.528606
2.844045 -3.512691
2.851716 -3.495294
2.832634 -3.131938
2.841479 -3.114572
2.808084 -3.227229
2.799371 -3.229095
2.366627 -3.324915
-2.174163 0.660588
2.382106 -3.312165
2.337981 -3.422883
2.316358 -3.420592
2.192608 -3.276778
2.163339 -3.282614
2.197392 -3.202979
2.229443 -3.216222
1.809959 -4.314322
1.821191 -4.314528
1.870649 -4.379578
-1.988623 1.715285
1.864333 -4.392734
1.754606 -4.012996
1.745820 -4.007734
1.796190 -4.050840
1.777366 -4.056361
2.504167 -4.293206
2.506467 -4.282814
2.446516 -4.360588
2.440100 -4.357551
2.324875 -4.499262
-2.334329 1.070572
-2.079486 1.472698
2.337075 -4.517763
2.194358 -4.567819
2.175238 -4.580436
3.394211 -0.816538
3.376705 -0.789826
3.400497 -0.848322
3.377627 -0.821611
3.470717 -0.566515
3.489689 -0.606758
3.428174 -0.556807
0.812556 0.562603
3.446470 -0.586073
4.025755 -0.896214
4.041103 -0.866449
3.896664 -0.930933
3.877955 -0.936846
3.782034 -1.181178
3.781420 -1.178478
3.833758 -1.142994
3.830958 -1.144667
4.336761 -0.272486
1.075336 0.609606
4.339521 -0.265312
4.373330 -0.299598
4.368587 -0.298594
4.470461 -0.621448
4.464489 -0.604483
4.411513 -0.613655
4.452815 -0.645757
4.775648 0.091627
4.780409 0.089859
4.745315 -0.025884
0.392215 1.336517
4.759936 -0.031474
4.968023 -0.205237
4.970282 -0.209028
4.989907 -0.240241
4.985884 -0.237256
2.999622 -1.668045
2.990504 -1.674512
3.052320 -1.588468
3.060298 -1.596375
2.885657 -1.863078
0.619061 1.363026
2.867879 -1.865867
2.914375 -1.929042
2.920121 -1.916233
3.344671 -2.171439
3.337066 -2.174793
3.397637 -2.166329
3.393261 -2.162353
3.612741 -1.930436
3.608393 -1.938074
3.490297 -2.045484
2.606040 0.730329
3.511627 -2.023805
4.889173 -1.897513
4.894255 -1.890263
4.823962 -1.879203
4.832820 -1.881537
4.747700 -1.648653
4.755763 -1.658731
4.691509 -1.645387
4.679402 -1.664891
4.414094 -2.246693
2.354265 0.829503
4.411065 -2.249244
4.379170 -2.264568
4.366436 -2.277149
4.675764 -2.385757
4.661840 -2.376546
4.690104 -2.408102
4.699490 -2.421550
3.914134 4.521087
3.907657 4.515743
3.946278 4.483981
2.867090 1.535688
3.949879 4.486754
3.608598 4.407716
3.599192 4.404142
3.647251 4.382012
3.640469 4.375691
4.086589 3.967005
4.087338 3.972815
4.006653 3.973454
4.000845 3.993267
4.014163 3.728313
2.511605 1.629822
4.042999 3.742498
3.968038 3.658148
3.971229 3.680760
2.906528 4.206956
2.896762 4.199394
3.011723 4.102491
3.018364 4.110811
3.277780 4.023644
3.276080 4.004969
3.202116 4.024631
3.575457 -4.397928
3.214952 4.029011
3.201800 3.391169
3.197060 3.379529
3.232083 3.393265
3.231073 3.394598
3.063826 3.545756
3.013249 3.513598
2.956977 3.474138
2.951162 3.475062
1.726205 4.068743
0.766992 1.250878
3.765368 -4.010265
1.721365 4.062975
1.797916 4.004367
1.831311 3.932401
2.055944 4.111517
2.049769 4.108592
2.019046 4.155207
2.026366 4.193548
1.815379 4.617319
1.763886 4.575211
1.803079 4.617910
4.588232 -4.336509
1.786011 4.596057
1.485820 4.506100
1.476354 4.514168
1.469143 4.526089
1.495132 4.529044
1.703342 2.940297
1.727575 2.931667
1.675229 2.987944
1.653043 2.989362
1.915259 2.983008
4.309196 -4.603531
1.884994 2.977595
1.933530 2.895433
1.928604 2.898871
1.453174 3.346363
1.414331 3.330353
1.424384 3.364006
1.397545 3.371982
1.299307 3.208886
1.272534 3.189153
1.324187 3.252876
2.741163 -3.342663
1.331190 3.265441
-2.087909 5.213614
-2.098534 5.213275
-1.956693 5.089948
-1.945785 5.080971
-1.915760 4.858880
-1.908851 4.876607
-1.899495 4.849444
-1.901106 4.855792
-1.423592 5.097230
2.357176 -3.352631
-1.422955 5.120702
-1.379035 5.104774
-1.368885 5.148929
-1.571872 5.288359
-1.555711 5.295557
-1.594154 5.249322
-1.623768 5.296381
-2.400871 4.439232
-2.400883 4.439307
-2.434376 4.342229
2.025511 -4.136962
-2.394144 4.379384
-2.135342 4.281455
-2.149355 4.285733
-2.092587 4.223997
-2.108315 4.226535
-2.205684 3.785634
-2.202600 3.781646
-2.286248 3.790681
-2.277511 3.791048
-2.586534 3.841313
2.314243 -4.228290
-2.588769 3.844069
-2.458830 3.934160
-2.457042 3.943891
0.104207 4.239398
0.115167 4.244915
0.118972 4.217251
0.122384 4.196395
-0.076004 4.344477
-0.061370 4.354391
-0.102861 4.333796
3.551489 -0.800067
-0.111780 4.359442
-0.096442 3.631455
-0.108202 3.589064
-0.077372 3.602738
-0.095191 3.603322
0.159512 3.720184
0.155160 3.708887
0.221966 3.746191
0.207657 3.752073
-0.915555 3.405306
3.846441 -0.980915
-0.921574 3.403461
-0.992875 3.385508
-0.982406 3.380306
-0.800468 3.479463
-0.802224 3.494862
-0.737190 3.436647
-0.739301 3.428177
-0.979695 4.027448
-0.982035 4.023090
-0.974643 4.023390
4.359312 -0.502839
-1.011519 4.002604
-0.728884 4.185152
-0.754707 4.162099
-0.727791 4.142396
-0.737028 4.125715
-1.024368 -4.767678
-1.007967 -4.783672
-0.998732 -4.836981
-0.999713 -4.846866
-0.829028 -5.059133
3.409728 -3.126589
4.720320 -0.275271
-0.833484 -5.047429
-0.863418 -5.078562
-0.860181 -5.087691
-0.193910 -4.879199
-0.182886 -4.875768
-0.223524 -4.849582
-0.209020 -4.843790
-0.398847 -4.969719
-0.403465 -4.973982
-0.454631 -4.927494
3.153730 -1.813114
-0.432877 -4.940792
-0.320084 -4.049555
-0.357345 -4.004641
-0.360085 -4.014306
-0.351341 -4.004070
-0.406146 -3.797022
-0.435798 -3.805288
-0.455744 -3.740207
-0.477107 -3.760787
-0.985155 -3.971808
3.420997 -2.003058
-1.038856 -3.938932
-0.994913 -3.986886
-1.009110 -3.977351
-1.143218 -3.753124
-1.119069 -3.767975
-1.007060 -3.816645
-1.018385 -3.803940
-2.561605 -3.091286
-2.575671 -3.100933
-2.624729 -3.118758
4.602304 -1.894087
-2.622012 -3.120354
-2.833266 -3.230936
-2.826567 -3.232332
-2.829623 -3.229861
-2.831142 -3.228259
-3.192329 -3.597435
-3.190759 -3.599256
-3.225378 -3.570558
-3.246417 -3.555632
-2.950563 -3.615440
4.517955 -2.197858
-2.954329 -3.648887
-2.952297 -3.678046
-2.949876 -3.682493
-2.245956 -4.501543
-2.267182 -4.491724
-2.321649 -4.446312
-2.304059 -4.450364
-2.263689 -4.217278
-2.259362 -4.202363
-2.211014 -4.249298
3.670998 4.308818
-2.196923 -4.250428
-2.907631 -4.246977
-2.911962 -4.238139
-2.803462 -4.282786
-2.829980 -4.279402
-2.870167 -4.640217
-2.871518 -4.635772
-2.801839 -4.532275
-2.821609 -4.550645
-2.425139 -1.159361
3.867130 3.905915
-2.456198 -1.165159
-2.364693 -1.240302
-2.349268 -1.251447
-2.586136 -1.481670
-2.564049 -1.475061
-2.546850 -1.487707
-2.543618 -1.481483
-2.096740 -1.927711
-2.127140 -1.933044
-2.183023 -1.944887
3.126240 3.987269
-2.157710 -1.933795
-2.269074 -1.731065
-2.261635 -1.737690
-2.322669 -1.793600
-2.312003 -1.770856
-1.516123 -2.105489
-1.485759 -2.083033
-1.471485 -2.023095
-1.475952 -2.055829
-1.289880 -1.832123
3.172402 3.608581
-1.291892 -1.829883
-1.252333 -1.873888
-1.232520 -1.856084
-1.229145 -1.337834
-1.248975 -1.356162
-1.181824 -1.298328
-1.181764 -1.303849
-1.465104 -1.286130
-1.484213 -1.283580
-1.505026 -1.262249
1.829709 4.062276
-1.508116 -1.257951
0.555506 -1.354695
0.563052 -1.352707
0.575553 -1.320578
0.576888 -1.313189
0.623942 -1.645898
0.610578 -1.651409
0.688643 -1.576656
0.657033 -1.612990
-0.071599 -1.080789
