1023 2
-0.255738 -1.028406
-1.931148 2.240494
1.564715 3.324798
-2.740923 -4.943855
1.504340 -0.140620
1.529959 -0.187229
1.522205 -0.180754
1.286720 0.038918
1.276138 0.038251
1.354998 0.017012
1.334427 0.005030
1.379330 -1.354338
1.438966 -1.318741
1.507920 -1.293837
-1.770857 -5.183890
1.511754 -1.290133
1.547463 -1.083343
1.539569 -1.082078
1.535555 -1.050198
1.569470 -1.034776
1.125451 -1.594791
1.114088 -1.579000
1.090947 -1.648049
1.099311 -1.603515
0.910257 -1.277068
-1.923720 -5.502500
0.919214 -1.276114
0.951194 -1.329097
0.933895 -1.305457
-0.591211 0.403017
-0.942184 0.286776
-0.642273 -0.406657
-0.341342 -0.266907
-1.316711 -1.304022
-1.035727 -1.628525
-1.821561 -1.843893
-1.369214 -4.639904
-1.525385 -2.063118
2.852693 -1.398523
3.164508 -1.331638
3.226371 -2.226463
2.887637 -2.281637
-4.363625 -1.631806
-4.026443 -1.357215
-3.585085 -2.006214
-3.562282 -2.377543
1.373867 -2.718183
-0.764277 -1.370447
1.009362 -2.601140
1.214053 -3.551119
0.835305 -3.231837
1.131630 -0.492851
1.322727 -0.227896
1.341834 -1.256461
1.097628 -1.379466
-4.438817 3.910974
-4.409281 3.733041
-4.301518 3.267459
1.182569 -1.740580
-4.502240 3.273562
-5.045944 2.691238
-4.976244 2.536205
-4.562365 2.443440
-4.496731 2.537070
-3.892654 1.026800
-3.956977 1.111267
-3.427783 0.868217
-3.543301 0.771313
-3.064195 3.466348
1.011620 -1.750853
-3.267122 3.365092
-3.227425 3.942399
-3.240519 4.128117
-1.845038 3.623988
-1.949012 3.780220
-1.709996 4.110610
-1.553240 4.186126
-1.222572 3.196188
-1.066671 3.182630
-1.415626 2.831659
-4.278343 2.869995
-1.200885 2.790915
-2.836358 1.657836
-2.793696 1.519170
-2.444419 1.608626
-2.394212 1.414752
-2.853332 2.223881
-2.691105 2.373033
-1.953575 2.040435
-2.124386 1.969529
4.628623 2.735560
-3.453039 2.887899
4.798347 2.779734
4.693133 3.248606
4.501981 3.173979
4.467562 4.089771
4.314164 3.961441
3.906208 3.756095
3.783173 3.834464
3.436725 1.328578
3.276523 1.430340
3.688451 1.807858
-1.711824 3.020456
3.797470 1.613971
3.006010 2.862261
2.864491 2.742778
3.321388 2.453372
3.166017 2.336334
0.934863 5.107616
0.748847 5.153611
0.752381 4.571636
0.692390 4.692518
1.630413 4.820161
-2.403566 2.064933
1.815585 4.886884
1.651196 4.361782
1.781409 4.322829
1.695827 2.786481
1.584287 2.739298
1.415622 2.209379
1.630580 2.249952
0.742245 2.841882
0.817254 2.766303
0.604727 3.250496
3.765887 3.053911
0.844544 3.306639
-0.396013 -5.224778
-0.553039 -5.221108
-0.315483 -4.796380
-0.117325 -4.921328
-0.898268 -4.076046
-0.919870 -4.274980
-1.375124 -4.067919
-1.328182 -3.903077
-2.604259 -4.495643
-0.082128 -1.318495
3.388394 2.604585
-2.836985 -4.523145
-2.690466 -5.074282
-2.837527 -4.980839
-1.822679 -5.115775
-1.664573 -5.172979
-1.856620 -5.603906
-2.043516 -5.579627
-0.618090 0.509350
-0.466750 0.454161
-1.123674 0.247204
1.457316 4.391831
-0.989034 0.356986
-0.637726 -0.571488
-0.739226 -0.381532
-0.214451 -0.342304
-0.287823 -0.201313
-1.284977 -1.239486
-1.520773 -1.153874
-0.880108 -1.675160
-1.014882 -1.753932
-1.970959 -1.710474
1.385130 3.069110
-1.915443 -1.905396
-1.503947 -2.235420
-1.549921 -2.117546
2.741604 -1.473522
2.821149 -1.295159
3.340416 -1.386446
3.223992 -1.217916
3.418593 -2.414487
3.411998 -2.195035
2.850055 -2.232406
-1.102139 -4.550479
2.888894 -2.419940
-4.376780 -1.575469
-4.466098 -1.730911
-4.023911 -1.163062
-3.961100 -1.302718
-3.468569 -1.925416
-3.664828 -2.041393
-3.523019 -2.524632
-3.560549 -2.405095
1.538761 -2.824654
-1.764324 -4.896150
1.403561 -2.701545
0.960431 -2.482541
0.850785 -2.662428
1.321993 -3.602651
1.161845 -3.714201
0.752149 -3.365299
0.827893 -3.231094
1.150212 -0.540198
1.006788 -0.448337
1.450210 -0.188141
-0.655669 -0.230889
1.296393 -0.063341
1.444655 -1.273748
1.489603 -1.122979
1.098374 -1.538285
0.989392 -1.323315
-4.454556 3.962488
-4.419589 4.034141
-4.418997 3.739463
-4.327077 3.776896
-4.274099 3.226482
-1.167543 -1.602372
-4.225323 3.278581
-4.536762 3.314531
-4.591989 3.294423
-5.087334 2.651670
-5.174104 2.737287
-5.029361 2.459587
-4.979624 2.522528
-4.599825 2.364130
-4.586592 2.379256
-4.448764 2.535766
2.860816 -1.893207
-4.475216 2.468457
-3.966468 1.025459
-3.881519 0.907079
-4.025031 1.125509
-4.005631 1.090827
-3.384627 0.822744
-3.372304 0.830124
-3.568007 0.699255
-3.536507 0.693043
-3.070410 3.450364
-3.778696 -1.779523
-3.015964 3.521088
-3.305937 3.421873
-3.255518 3.315933
-3.268131 3.975922
-3.170346 3.955034
-3.238028 4.196888
-3.222930 4.224957
-1.903374 3.624240
-1.812138 3.564305
-1.998238 3.823002
1.097071 -2.686388
-1.992574 3.808171
-1.744430 4.203501
-1.698218 4.125078
-1.463449 4.249447
-1.532158 4.248363
-1.196584 3.251485
-1.223807 3.203598
-0.962593 3.168413
-0.981697 3.267339
-1.424524 2.806783
-2.218118 2.477974
1.117987 -1.366793
-1.442878 2.798893
-1.162791 2.784349
-1.162387 2.739666
-2.895041 1.605025
-2.948692 1.640193
-2.844781 1.510733
-2.815099 1.454460
-2.440084 1.596721
-2.398808 1.643097
-2.381169 1.366209
-4.385736 3.323649
-2.355938 1.312040
-2.946713 2.201423
-2.913478 2.252878
-2.761075 2.458102
-2.715033 2.382629
-1.880358 2.001782
-1.839935 2.046581
-2.081271 1.919383
-2.172894 1.995335
4.633448 2.658958
-4.537454 2.683463
4.585578 2.707011
4.835206 2.806746
4.847181 2.768947
4.711410 3.301959
4.727859 3.263966
4.464916 3.166052
4.502208 3.223283
4.538033 4.147943
4.506114 4.120885
4.362291 3.926560
-3.691427 1.147197
4.280716 3.999150
3.892222 3.755549
3.920504 3.748059
3.687099 3.912872
3.725079 3.869457
3.429899 1.268533
3.480992 1.191094
3.260880 1.403052
3.232421 1.396788
3.706464 1.806662
-3.303013 3.315386
3.722136 1.856783
3.826672 1.594324
3.849056 1.596149
2.992056 2.909934
3.004388 2.876463
2.822719 2.736666
2.803772 2.770379
3.380839 2.417043
3.335526 2.484734
3.137402 2.258035
-1.748839 3.668786
3.139410 2.312788
0.977120 5.174684
0.884160 5.183033
0.679684 5.246038
0.620982 5.268661
0.739475 4.527771
0.747420 4.552699
0.568099 4.758321
0.625022 4.673312
1.561704 4.901012
-1.394942 3.015144
1.625727 4.834247
1.900426 4.973376
1.916144 4.999746
1.717153 4.399259
1.641673 4.301897
1.841489 4.267487
1.838224 4.283637
1.754988 2.762230
1.808481 2.832423
1.565342 2.749460
-2.550292 1.779199
1.584451 2.699774
1.410656 2.144817
1.393878 2.211376
1.646307 2.231465
1.680081 2.207741
0.678702 2.829749
0.615213 2.886962
0.783830 2.689455
0.762249 2.663305
0.584122 3.271296
-2.433257 2.102654
0.566792 3.232026
0.785035 3.386758
0.842542 3.332189
-0.349200 -5.271883
-0.315353 -5.298345
-0.586798 -5.257831
-0.545166 -5.254864
-0.258028 -4.755705
-0.268009 -4.761680
-0.076136 -4.943081
4.556574 2.940801
-0.048467 -4.927270
-0.885422 -4.050393
-0.854136 -4.026602
-0.916556 -4.317130
-0.892747 -4.296180
-1.449165 -4.073673
-1.423073 -4.046854
-1.366160 -3.870766
-1.288560 -3.801490
-2.580704 -4.493480
1.743420 3.263205
4.007684 3.735088
-2.578116 -4.452180
-2.880590 -4.513967
-2.924750 -4.467192
-2.713490 -5.133127
-2.652053 -5.115057
-2.930456 -5.019588
-2.873642 -4.983942
-1.862103 -5.134259
-1.875072 -5.011231
-1.630088 -5.171951
3.477905 1.754510
-1.624019 -5.161276
-1.860653 -5.667918
-1.837900 -5.678469
-2.095621 -5.643015
-2.081649 -5.627200
-0.564783 0.633196
-0.668928 0.565129
-0.379891 0.502894
-0.419574 0.494110
-1.205759 0.225081
3.230073 2.580753
-1.169821 0.238858
-1.036018 0.408517
-1.017783 0.406674
-0.651928 -0.611332
-0.621497 -0.640489
-0.780369 -0.383059
-0.765942 -0.366744
-0.182535 -0.360926
-0.154490 -0.384126
-0.289504 -0.164309
0.908719 4.774071
-0.258003 -0.137707
-1.298309 -1.263727
-1.266592 -1.211234
-1.546656 -1.113909
-1.566356 -1.135065
-0.824783 -1.672354
-0.851964 -1.680497
-1.006814 -1.824123
-0.996891 -1.871556
-2.015167 -1.691201
1.573961 4.535386
-1.975594 -1.702376
-1.936901 -1.969229
-1.967223 -1.946357
-1.528553 -2.229995
-1.448127 -2.319946
-1.530711 -2.119266
-1.621562 -2.161435
2.722847 -1.451349
2.716237 -1.485488
2.801157 -1.199477
1.473192 2.845845
2.783445 -1.225178
3.406076 -1.408067
3.408661 -1.404902
3.291480 -1.111393
3.257214 -1.158707
3.491864 -2.490633
3.462630 -2.446009
3.460855 -2.177087
3.415982 -2.207170
2.866743 -2.226501
1.037329 3.016483
2.782301 -2.195207
2.855480 -2.505886
2.902400 -2.466775
-4.426335 -1.540912
-4.404289 -1.545045
-4.517735 -1.767213
-4.538251 -1.783373
-3.999958 -1.108917
-4.039919 -1.137424
-3.909462 -1.312799
-0.501597 -4.897137
-3.943827 -1.311694
-3.419283 -1.908901
-3.436822 -1.869237
-3.730479 -2.053883
-3.686131 -2.056851
-3.476147 -2.602514
-3.521965 -2.639431
-3.556250 -2.443269
-3.653919 -2.358808
1.601013 -2.872870
-1.114157 -4.268567
1.603124 -2.877328
1.475280 -2.632920
1.419433 -2.666471
0.976432 -2.436848
0.868699 -2.443227
0.810294 -2.666631
0.774466 -2.711355
1.356870 -3.603813
1.365538 -3.622329
1.130977 -3.766752
-2.530012 -4.834640
1.130223 -3.763982
0.693552 -3.430164
0.722438 -3.409325
0.907573 -3.274725
0.791573 -3.220262
1.169154 -0.561008
1.136194 -0.537912
0.991956 -0.452961
0.974130 -0.425599
1.494117 -0.153805
-0.562254 -1.489936
-1.812706 -5.209772
1.525211 -0.183347
1.286507 0.019575
1.341858 0.012359
1.416930 -1.317948
1.501688 -1.295897
1.522799 -1.099468
1.540727 -1.051880
1.118700 -1.569545
1.095739 -1.603021
0.932214 -1.289482
-0.720746 0.209495
0.947468 -1.323577
-4.449274 3.977421
-4.457706 3.956634
-4.405973 4.073517
-4.420158 4.057712
-4.448093 3.748461
-4.441509 3.720426
-4.328547 3.759108
-4.300077 3.788991
-4.284276 3.216719
-0.540671 -0.313045
-4.268238 3.230448
-4.185364 3.281123
-4.217936 3.271855
-4.527961 3.317097
-4.553189 3.304330
-4.617216 3.296546
-4.597230 3.297612
-5.088052 2.641876
-5.092694 2.635264
-5.169927 2.727299
-1.122645 -1.539045
-5.178788 2.729532
-5.039345 2.448906
-5.035789 2.456626
-4.998372 2.544032
-4.991599 2.526365
-4.614219 2.340935
-4.602484 2.341217
-4.596156 2.350112
-4.589849 2.358784
-4.426532 2.506937
-1.487920 -1.845321
-4.416056 2.554240
-4.476463 2.470684
-4.482102 2.427319
-4.001795 0.998967
-3.987276 1.023089
-3.885111 0.888210
-3.881167 0.908586
-4.065038 1.125126
-4.055161 1.133639
-4.019647 1.103541
2.936832 -1.534421
-4.062371 1.037892
-3.377411 0.796520
-3.373508 0.808859
-3.348329 0.814606
-3.311623 0.848931
-3.554138 0.680274
-3.545662 0.661186
-3.540737 0.669640
-3.527929 0.662545
-3.073228 3.454622
2.970351 -2.065872
-3.074082 3.434798
-3.003859 3.533423
-3.009814 3.526961
-3.314444 3.449441
-3.292093 3.431381
-3.244179 3.296290
-3.231002 3.323974
-3.273170 3.970111
-3.289542 3.989949
-3.144776 3.945857
-4.039380 -1.539653
-3.177700 3.967425
-3.236788 4.217247
-3.236022 4.221577
-3.214137 4.249589
-3.213853 4.260915
-1.915204 3.621286
-1.908888 3.620422
-1.821614 3.554049
-1.821296 3.565667
-1.999272 3.819663
-3.635856 -2.061901
-2.008327 3.843686
-1.992583 3.811115
-2.004602 3.801851
-1.726966 4.238432
-1.761088 4.206220
-1.698505 4.153720
-1.702224 4.123860
-1.466533 4.219081
-1.433664 4.280811
-1.447070 4.311369
1.141206 -2.671903
-1.536475 4.264803
-1.184590 3.271964
-1.190802 3.267592
-1.232952 3.184989
-1.247153 3.190168
-0.935313 3.170046
-0.951242 3.167599
-0.953056 3.291716
-0.955013 3.261361
-1.427148 2.806719
0.974914 -1.724623
0.999810 -3.128716
-1.421259 2.804767
-1.444546 2.780341
-1.438167 2.796888
-1.136698 2.774378
-1.131116 2.775162
-1.157578 2.731869
-1.160234 2.734366
-2.922309 1.583596
-2.861767 1.608121
-2.974518 1.647048
1.203528 -0.465092
-2.958706 1.612355
-2.857235 1.512470
-2.861589 1.509426
-2.797199 1.445536
-2.810905 1.455145
-2.422394 1.593984
-2.452913 1.582060
-2.409101 1.641279
-2.386123 1.662562
-2.376623 1.334082
1.213721 -1.318720
-2.382263 1.332349
-2.351175 1.297260
-2.337759 1.289075
-2.957561 2.198447
-2.961879 2.195596
-2.916376 2.274063
-2.933953 2.268740
-2.791122 2.489583
-2.778722 2.470717
-2.727626 2.370230
-4.422621 3.725313
-2.715224 2.395275
-1.835898 1.994331
-1.877980 1.988625
-1.842045 2.040083
-1.831625 2.047728
-2.053791 1.875129
-2.079636 1.911021
-2.175560 2.000304
-2.200030 1.994962
4.636416 2.652538
-4.408166 3.273159
4.634561 2.662035
4.580438 2.704993
4.564993 2.699891
4.839238 2.799431
4.840141 2.797454
4.896042 2.754195
4.852213 2.765878
4.715808 3.295907
4.723739 3.310689
4.731871 3.273442
-4.908545 2.658083
4.745248 3.290037
4.451539 3.161493
4.457701 3.163196
4.495218 3.223372
4.538713 3.252617
4.557480 4.164244
4.562712 4.165732
4.517874 4.133567
4.519691 4.135286
4.361530 3.934115
-4.525918 2.592998
4.380257 3.914953
4.257071 4.017810
4.281189 4.000690
3.884221 3.737921
3.879896 3.759836
3.926085 3.741113
3.917012 3.753423
3.655972 3.927503
3.658824 3.936790
3.714193 3.868829
-3.830135 1.087114
3.689044 3.892904
3.422694 1.248385
3.434305 1.258385
3.490510 1.183757
3.478436 1.194958
3.273505 1.383281
3.257849 1.376171
3.225668 1.389893
3.219879 1.390469
3.717977 1.812467
-3.532845 0.926265
3.714564 1.817196
3.717403 1.860213
3.754871 1.896849
3.841559 1.578943
3.819149 1.600146
3.860115 1.596179
3.869720 1.591103
2.984954 2.917369
2.980473 2.921190
2.993325 2.867547
-3.240121 3.354271
3.001266 2.879430
2.801964 2.712007
2.817827 2.737763
2.805744 2.781123
2.807992 2.787723
3.399600 2.407789
3.390152 2.418303
3.329959 2.487561
3.349843 2.503785
3.149957 2.225704
-3.545578 2.822783
-3.253839 3.901990
3.132611 2.214331
3.089325 2.343158
3.122382 2.312453
0.979569 5.206326
0.989302 5.186429
0.868643 5.193358
0.874045 5.141114
0.682499 5.245260
0.661624 5.267369
0.587171 5.301690
-1.836805 3.669289
0.611664 5.290467
0.741207 4.505017
0.700813 4.479015
0.746868 4.539253
0.750114 4.534373
0.542329 4.779896
0.548393 4.770396
0.621931 4.665031
0.598502 4.646893
1.542977 4.925559
-1.662268 4.035317
1.559748 4.907079
1.590802 4.873373
1.628694 4.834914
1.906416 4.982837
1.925546 4.993825
1.925813 5.016507
1.917967 5.005746
1.744098 4.402522
1.737276 4.408938
1.625557 4.307847
-1.248323 3.108698
1.619464 4.282616
1.861818 4.245705
1.856584 4.253484
1.849965 4.272740
1.862014 4.270571
1.812266 2.785145
1.758991 2.765937
1.823030 2.835316
1.842139 2.852113
1.549815 2.751940
-1.355530 2.898213
1.591242 2.767175
1.576185 2.684170
1.594692 2.698858
1.405505 2.148479
1.406309 2.150699
1.391726 2.209875
1.400006 2.208313
1.648290 2.221783
1.650095 2.239385
1.700370 2.187690
-2.702308 1.675258
1.698376 2.199687
0.692892 2.806858
0.662326 2.807306
0.621897 2.867673
0.628717 2.875023
0.769784 2.644997
0.764337 2.657484
0.741508 2.607470
0.758873 2.653121
0.577704 3.268578
-2.476925 1.605980
0.588775 3.276633
0.554655 3.228045
0.550509 3.221323
0.795023 3.381932
0.785284 3.390646
0.831218 3.346132
0.828164 3.342133
-0.348397 -5.299385
-0.354703 -5.279453
-0.283404 -5.326138
-2.666224 2.239930
-0.309072 -5.313664
-0.586180 -5.253474
-0.582515 -5.281072
-0.544882 -5.281737
-0.535897 -5.265704
-0.233247 -4.751818
-0.228899 -4.734621
-0.277837 -4.765865
-0.264261 -4.761127
-0.071826 -4.950216
-2.184873 2.051544
-0.067133 -4.948693
0.020602 -4.937609
-0.013668 -4.929906
-0.867861 -4.018413
-0.858002 -4.024781
-0.829992 -3.996614
-0.846560 -4.017309
-0.917999 -4.330007
-0.916991 -4.328301
-0.880784 -4.311351
4.665917 2.813564
-0.892851 -4.290489
-1.459529 -4.076728
-1.450991 -4.060824
-1.435150 -4.038062
-1.432307 -4.036790
-1.388503 -3.871714
-1.379888 -3.845882
-1.285300 -3.792231
-1.270608 -3.772874
-2.582275 -4.525284
-2.141656 2.521487
4.582646 3.068295
-2.579544 -4.496917
-2.566397 -4.437661
-2.560004 -4.428302
-2.880738 -4.515192
-2.877253 -4.514149
-2.941973 -4.454291
-2.949112 -4.454459
-2.720012 -5.154093
-2.710419 -5.122798
-2.652656 -5.123457
4.287424 3.939238
-2.625813 -5.140311
-2.959503 -5.024905
-2.984277 -5.038263
-2.890767 -4.969601
-2.904367 -5.005662
-1.849900 -5.135566
-1.877735 -5.131164
-1.874890 -5.009471
-1.873058 -5.002431
-1.627398 -5.171844
3.907780 3.762555
-1.621524 -5.172647
-1.623314 -5.168038
-1.623978 -5.170263
-1.863079 -5.679739
-1.859611 -5.681379
-1.862028 -5.692479
-1.836343 -5.703132
-2.108702 -5.660906
-2.128243 -5.650142
-2.095806 -5.649375
3.412050 1.554532
-2.088441 -5.641776
-0.567765 0.653219
-0.553173 0.654013
-0.679515 0.590537
-0.680920 0.582220
-0.328773 0.513649
-0.368387 0.514992
-0.404441 0.503859
-0.417481 0.493979
-1.224138 0.220485
3.653670 1.724618
-1.228764 0.219861
-1.188938 0.250315
-1.177461 0.242300
-1.055321 0.447703
-1.047619 0.423773
-1.019881 0.415757
-1.022336 0.418525
-0.649203 -0.617769
-0.662962 -0.602133
-0.607659 -0.665659
3.017215 2.719513
-0.614047 -0.647425
-0.797555 -0.380115
-0.786571 -0.389062
-0.748936 -0.368951
-0.773866 -0.363094
-0.143574 -0.395669
-0.137433 -0.404062
-0.120390 -0.415272
-0.135590 -0.393570
-0.293657 -0.170137
3.252955 2.439674
-0.286503 -0.171460
-0.237760 -0.085286
-0.242695 -0.117379
-1.300143 -1.255390
-1.291702 -1.259644
-1.242091 -1.205782
-1.246758 -1.205432
-1.534091 -1.108577
-1.546064 -1.109417
-1.595775 -1.114557
0.870634 5.003131
-1.585695 -1.137495
-0.805525 -1.665179
-0.811219 -1.663111
-0.826037 -1.691273
-0.828118 -1.706995
-0.993476 -1.834877
-0.999535 -1.847037
-0.989799 -1.883021
-0.990547 -1.885460
-2.028411 -1.682835
0.793848 4.697024
-2.019104 -1.695055
-1.977465 -1.694437
-1.987846 -1.696471
-1.947770 -1.969619
-1.943528 -1.957424
-1.937816 -1.964791
-2.006534 -1.951391
-1.542537 -2.235344
-1.527333 -2.241030
-1.440452 -2.334654
1.672981 4.753563
-1.432729 -2.343425
-1.490644 -2.101380
-1.510944 -2.123415
-1.593396 -2.211453
-1.674606 -2.112381
2.723115 -1.430479
2.741034 -1.440928
2.698412 -1.501393
2.700053 -1.489101
2.804744 -1.174724
3.473620 2.856352
1.685228 4.406959
2.800618 -1.179733
2.762869 -1.198907
2.766954 -1.207276
3.429718 -1.411081
3.441870 -1.411411
3.432464 -1.405913
3.403488 -1.394885
3.313257 -1.087294
3.299484 -1.106327
3.278702 -1.143679
1.564343 2.787412
3.273959 -1.145452
3.504379 -2.492398
3.521039 -2.517829
3.484454 -2.471297
3.473613 -2.458746
3.462185 -2.170660
3.480641 -2.171063
3.438256 -2.190416
3.409995 -2.219389
2.884363 -2.256854
1.509946 2.409209
2.873031 -2.198013
2.757894 -2.180907
2.788049 -2.213928
2.854665 -2.509727
2.858047 -2.512218
2.909862 -2.457306
2.901226 -2.472388
-4.427833 -1.532726
-4.444036 -1.533650
-4.415711 -1.518055
0.892346 2.876865
-4.408532 -1.544268
-4.520583 -1.772337
-4.546830 -1.784710
-4.555720 -1.797947
-4.557941 -1.799248
-4.001887 -1.097010
-3.984925 -1.101336
-4.031506 -1.090254
-4.050296 -1.095506
-3.898952 -1.308257
0.873062 3.214347
-3.879133 -1.325860
-3.944168 -1.316749
-3.926752 -1.310922
-3.415203 -1.896303
-3.408157 -1.895653
-3.416500 -1.854909
-3.435792 -1.873601
-3.738512 -2.054005
-3.740462 -2.046589
-3.709853 -2.061414
-0.497686 -5.127635
-3.696555 -2.062135
-3.465581 -2.623901
-3.467700 -2.614592
-3.527185 -2.668876
-3.519148 -2.651984
-3.525594 -2.492691
-3.551221 -2.457198
-3.658310 -2.372056
-3.656561 -2.354531
1.611387 -2.884159
-0.337403 -4.863723
1.619746 -2.885639
1.651459 -2.921285
1.638607 -2.907530
1.474758 -2.633198
1.470250 -2.638429
1.417647 -2.648916
1.416746 -2.662919
0.967560 -2.427044
0.990144 -2.434024
0.862943 -2.441857
-0.994158 -4.215061
0.865640 -2.450929
0.808014 -2.677704
0.805735 -2.672781
0.756642 -2.731390
0.767787 -2.717052
1.359341 -3.610211
1.354820 -3.615580
1.369859 -3.621201
1.385571 -3.632338
1.144884 -3.761505
-1.288665 -4.099094
1.095119 -3.806540
1.095551 -3.815965
1.126243 -3.772900
0.681910 -3.443635
0.644461 -3.486890
0.744749 -3.390857
0.710954 -3.432408
0.906318 -3.268069
0.912994 -3.263290
0.758307 -3.230570
-2.696486 -4.595635
0.782723 -3.193807
1.173745 -0.557997
1.204667 -0.587907
1.118619 -0.519680
1.141303 -0.544394
0.982968 -0.441914
0.997786 -0.445243
0.967041 -0.418505
0.963304 -0.410335
1.522572 -0.147111
