1023 2
-0.321499 1.356565
1.228974 -1.914784
0.980869 -2.111916
-0.838183 1.840361
-3.392123 2.224066
-3.366180 2.233774
-3.353676 2.249477
-3.655439 1.954669
-3.656894 1.961912
-3.643057 1.954093
-3.653656 1.955352
-4.623177 2.110282
-4.589501 2.088782
-4.661397 2.195178
-0.520270 0.801828
-4.659053 2.188631
-4.383976 2.261295
-4.381145 2.265624
-4.348764 2.244815
-4.365104 2.239451
-4.370554 1.612639
-4.385571 1.623154
-4.466415 1.511963
-4.510026 1.460194
-4.604073 1.717273
-0.258280 1.153856
-4.610053 1.713842
-4.584029 1.735740
-4.506231 1.708048
0.567392 4.894658
0.329492 5.161227
-0.545560 4.665780
-0.187745 4.662366
1.232571 1.562717
1.549723 1.466837
1.756431 2.560064
-0.252985 1.798170
1.728373 2.158433
-4.274704 -0.169230
-3.992160 -0.386692
-4.758522 -1.170035
-4.269713 -1.095607
-2.568127 -0.469686
-2.464207 -0.196421
-2.945456 -1.115291
-2.898011 -1.640170
-2.796944 3.238106
0.127488 1.891009
-2.568052 3.028300
-3.658720 3.642698
-3.322716 3.793638
-3.390095 1.769923
-3.458238 2.031827
-4.390498 2.092157
-4.351898 1.800028
4.912143 -1.859141
4.672729 -1.793369
4.762319 -2.348174
-3.024083 -0.327315
4.933335 -2.323833
5.608952 -1.156333
5.434474 -1.198877
5.711492 -1.729055
5.765379 -1.557295
3.944013 -0.125166
4.141146 -0.217149
3.465277 -0.445371
3.398693 -0.251126
4.286276 -1.026674
-3.372097 2.079736
4.110193 -0.954557
3.721979 -1.288553
3.700684 -1.106656
3.710909 3.269752
3.831469 3.103548
4.052412 3.613892
4.226354 3.505535
4.560802 2.404395
4.414698 2.577619
4.962098 2.759616
5.046628 -1.599265
4.811771 2.846850
3.346951 1.166243
3.568014 1.109729
3.698668 1.661175
3.494143 1.574901
4.464531 1.143212
4.518497 1.294287
4.978220 1.324666
4.889915 1.140613
2.202960 -4.770789
4.007074 -0.698267
2.026261 -4.645785
2.038471 -4.200793
2.258999 -4.300198
2.640409 -3.197919
2.508851 -3.092171
2.665079 -3.564869
2.494859 -3.693335
-0.572470 -4.344632
-0.719921 -4.324021
-0.807504 -4.729295
4.389003 2.423318
-1.013366 -4.744048
-0.888872 -3.514192
-0.780241 -3.380716
-1.344751 -3.515513
-1.301439 -3.316401
0.675189 -1.075793
0.787000 -0.988664
0.938567 -1.476487
1.050951 -1.416587
-0.117171 -1.415206
4.283154 1.462571
-0.321788 -1.499413
0.032769 -1.975316
0.115678 -1.807676
0.954458 -3.867561
0.832516 -3.745737
1.296096 -3.470487
1.144495 -3.331137
0.486265 -2.828438
0.465145 -3.018314
1.050441 -2.646723
2.193618 -3.696836
0.843112 -2.580483
0.319873 2.470587
0.193678 2.339512
-0.146551 2.830143
-0.114086 2.695966
0.864077 3.302878
0.851533 3.459300
0.388426 3.382903
0.497046 3.236741
-1.064973 1.536340
-0.358592 1.463659
-0.458179 -3.845591
-1.055592 1.421425
-1.015365 2.023356
-0.860578 1.992779
-0.454614 0.687238
-0.595979 0.817094
-0.204087 1.033126
-0.057158 1.146157
0.622725 4.823438
0.710140 4.965429
0.405608 5.392724
0.674889 -1.715899
0.279730 5.268481
-0.621193 4.591162
-0.627958 4.752045
-0.204409 4.765414
-0.174390 4.558348
1.129013 1.580352
1.159494 1.430688
1.564739 1.268674
1.703227 1.413211
1.881384 2.619081
0.849102 -2.816975
1.696487 2.608930
1.851139 2.124911
1.740638 2.218907
-4.261764 -0.052563
-4.420622 -0.120942
-4.003161 -0.454359
-3.874120 -0.348002
-4.796535 -1.149496
-4.895948 -1.279090
-4.264130 -1.110164
0.130468 2.609976
-4.280463 -1.229132
-2.655432 -0.457704
-2.453011 -0.569761
-2.476975 -0.063291
-2.276973 -0.146941
-2.782272 -1.179137
-3.059554 -1.164978
-2.971094 -1.750069
-2.799603 -1.713422
-2.737895 3.344512
-0.466476 1.585750
-2.872159 3.272638
-2.411236 2.927732
-2.503249 3.031034
-3.798546 3.706932
-3.726860 3.643378
-3.321514 3.936561
-3.276199 3.771026
-3.166364 1.712151
-3.369813 1.596315
-3.410015 2.159946
0.015301 4.683563
-3.590233 1.976364
-4.562099 2.121164
-4.364756 2.182276
-4.397397 1.605816
-4.524037 1.746584
4.922471 -1.889906
4.867125 -1.850165
4.586243 -1.776962
4.619064 -1.804330
4.671446 -2.451679
1.386478 1.884599
4.707309 -2.409890
4.971164 -2.365271
4.977210 -2.365334
5.702863 -1.077394
5.634227 -1.139758
5.364212 -1.170866
5.439558 -1.098140
5.748043 -1.819926
5.810263 -1.740648
5.810395 -1.560508
-3.991091 -0.490394
5.817783 -1.563289
3.960980 -0.051800
3.923223 -0.122497
4.192982 -0.212385
4.186843 -0.192478
3.454083 -0.479617
3.401098 -0.449315
3.332691 -0.184722
3.381281 -0.242920
4.356269 -1.006814
-2.960683 -0.556474
4.339501 -1.086780
4.073600 -0.898479
4.107877 -0.962003
3.709013 -1.339729
3.685258 -1.313861
3.626993 -1.068157
3.671946 -1.133386
3.675379 3.327785
3.677981 3.230588
3.866192 3.074300
-3.230775 3.166420
3.804448 3.081631
4.009230 3.654603
4.043245 3.697894
4.295816 3.528605
4.271749 3.550837
4.558602 2.387965
4.593882 2.362389
4.390136 2.601732
4.402936 2.605002
5.059004 2.800799
4.014775 -0.418651
-3.582959 2.024480
5.024536 2.766738
4.830105 2.866886
4.799212 2.916396
3.303907 1.175801
3.268354 1.144524
3.564480 1.090994
3.547408 1.017251
3.744925 1.672863
3.683123 1.722345
3.416627 1.556010
4.963410 -1.753130
3.437551 1.623781
4.430864 1.090650
4.415558 1.085078
4.563147 1.310692
4.498662 1.324712
5.022009 1.352716
5.009612 1.359036
4.914582 1.065380
4.943995 1.103115
2.244088 -4.856387
5.387513 -1.495300
2.191156 -4.800420
2.006410 -4.745934
1.975159 -4.691141
2.011335 -4.189853
1.998784 -4.236023
2.272050 -4.297209
2.354943 -4.343922
2.700482 -3.169561
2.759533 -3.159475
2.496274 -3.078460
3.874941 -0.443399
2.517043 -3.027693
2.729836 -3.574741
2.689911 -3.522425
2.543279 -3.749893
2.463905 -3.710553
-0.503556 -4.364760
-0.481200 -4.310967
-0.744815 -4.325761
-0.764177 -4.283748
-0.795902 -4.781214
3.967420 -0.900759
-0.802543 -4.759358
-1.088671 -4.808272
-1.084937 -4.809693
-0.833377 -3.597051
-0.944375 -3.458245
-0.733384 -3.289742
-0.737726 -3.309983
-1.381213 -3.560143
-1.411764 -3.519472
-1.370350 -3.259877
4.103302 3.199590
-1.351075 -3.276083
0.665246 -1.052552
0.561388 -1.033992
0.802415 -0.930339
0.808923 -0.915900
0.987519 -1.510834
0.936672 -1.474539
1.098521 -1.349498
1.121471 -1.448295
-0.095581 -1.351728
4.562403 2.522404
-0.143406 -1.405396
-0.360081 -1.453596
-0.406255 -1.506602
-0.005412 -2.015802
0.017625 -1.987328
0.107953 -1.764126
0.096814 -1.767656
0.980304 -3.936926
0.964134 -3.929860
0.756339 -3.741352
3.816284 1.400957
0.822845 -3.757454
1.298735 -3.476459
1.383427 -3.518726
1.171007 -3.365400
1.155684 -3.283501
0.456695 -2.788686
0.401693 -2.846525
0.441262 -3.047162
0.410299 -3.055412
1.095547 -2.640860
4.472404 1.395239
1.094330 -2.626995
0.826781 -2.548847
0.829761 -2.560602
0.335680 2.470702
0.399184 2.467553
0.156822 2.227468
0.187972 2.282409
-0.234913 2.909062
-0.184294 2.861710
-0.198220 2.660233
2.119745 -4.257317
-0.138495 2.726730
0.946054 3.309716
0.961703 3.270065
0.909801 3.537822
0.882460 3.541236
0.366143 3.428900
0.322450 3.497617
0.495361 3.253763
0.558854 3.165494
-1.158986 1.515991
1.119611 -2.098633
2.345618 -3.595219
-1.109993 1.551129
-1.126336 1.384645
-1.076327 1.388011
-1.084790 2.086079
-1.067396 2.082607
-0.859418 2.050560
-0.866690 1.990957
-0.399342 0.598253
-0.517323 0.570376
-0.646493 0.774904
-0.662539 -4.363079
-0.612613 0.831221
-0.175320 0.980696
-0.204299 1.015297
0.027769 1.185433
-0.039749 1.089473
0.611195 4.803880
0.654152 4.822384
0.750152 5.003455
0.769973 4.934593
0.429683 5.447307
-0.882424 -3.571479
0.406241 5.402503
0.278018 5.290745
0.247708 5.280403
-0.680287 4.580666
-0.694699 4.502670
-0.715303 4.847278
-0.674893 4.766980
-0.199135 4.865518
-0.229218 4.777103
-0.140395 4.539631
0.803146 -1.510638
-0.195067 4.502982
1.094185 1.593860
1.082302 1.593396
1.176938 1.369310
1.120240 1.364790
1.540853 1.234334
1.597390 1.216181
1.767634 1.424515
1.761393 1.357385
1.913611 2.636779
0.312570 -1.733996
1.977165 2.668041
1.660805 2.687533
1.660488 2.651495
1.975812 2.072208
1.937423 2.093850
1.742755 2.239885
1.739781 2.229672
-4.269063 0.042953
-4.254454 -0.082480
-4.522959 -0.036876
0.980919 -3.415185
-4.469303 -0.119053
-4.110657 -0.434525
-4.008328 -0.559267
-3.826524 -0.317066
-3.845219 -0.343986
-4.856429 -1.126534
-4.820992 -1.215915
-4.957684 -1.328357
-4.988574 -1.363732
-4.224030 -1.130079
0.794794 -2.802133
-4.314523 -1.134480
-4.265229 -1.271521
-4.346385 -1.333142
-2.697410 -0.461377
-2.755467 -0.438673
-2.405835 -0.631705
-2.427771 -0.578300
-2.404314 -0.034440
-2.505090 0.006150
-2.237760 -0.124164
0.101110 2.626860
-2.246627 -0.146965
-2.732683 -1.163983
-2.800477 -1.236723
-3.068851 -1.168991
-3.116482 -1.174527
-3.019307 -1.841907
-3.001201 -1.848510
-2.735092 -1.730533
-2.802725 -1.762090
-2.653370 3.449850
0.569999 3.213768
-2.703704 3.395281
-2.856357 3.291372
-2.902494 3.282311
-2.275008 2.855273
-2.360380 2.891577
-2.452989 3.067166
-2.389030 3.106120
-3.864189 3.760921
-3.884187 3.709194
-3.806638 3.576859
-0.743541 1.682394
-3.762022 3.688829
-3.310009 4.068677
-3.340816 4.008001
-3.251173 3.751366
-3.305428 3.803794
-3.148632 1.690982
-3.166461 1.722036
-3.374393 1.566674
-3.348731 1.538990
-3.401261 2.208858
-0.158595 1.735066
-0.402289 1.259294
-3.376491 2.219600
-3.647906 1.964988
-3.653955 1.946952
-4.612282 2.116958
-4.646541 2.188813
-4.383051 2.258373
-4.350006 2.248872
-4.369349 1.624033
-4.466786 1.503703
-4.601995 1.723270
0.316622 4.923572
-4.553931 1.734645
4.929869 -1.909043
4.916343 -1.892412
4.858113 -1.851079
4.856665 -1.841723
4.581367 -1.780462
4.564102 -1.767359
4.602550 -1.802436
4.634512 -1.813556
4.645504 -2.475345
-0.193806 4.668252
4.666005 -2.466717
4.702595 -2.423423
4.691854 -2.429826
4.982197 -2.376786
4.972537 -2.370706
4.983651 -2.367424
4.984028 -2.375286
5.718938 -1.063646
5.720558 -1.061226
5.656745 -1.115162
1.376428 1.657770
5.657156 -1.125261
5.346437 -1.192909
5.361458 -1.163856
5.426172 -1.077776
5.423997 -1.083523
5.747282 -1.831051
5.750731 -1.836284
5.813209 -1.752721
5.820018 -1.746475
5.847932 -1.567265
1.556917 2.056729
5.832588 -1.572245
5.838590 -1.565696
5.830549 -1.565249
3.955922 0.000556
3.963607 -0.031297
3.912495 -0.124635
3.910364 -0.113843
4.225458 -0.206679
4.205125 -0.206867
4.195407 -0.177263
-4.051038 -0.390553
4.209842 -0.182304
3.441257 -0.469001
3.433189 -0.473008
3.382303 -0.470923
3.386353 -0.464093
3.317261 -0.170752
3.311197 -0.168102
3.369222 -0.232473
3.368178 -0.230177
4.386252 -1.001058
-4.266093 -0.989128
4.408537 -1.005200
4.366110 -1.096886
4.349028 -1.112198
4.082295 -0.894225
4.048743 -0.861181
4.114800 -0.969078
4.100226 -0.961319
3.695036 -1.346747
3.690587 -1.354315
3.696983 -1.332250
-2.590015 -0.372224
3.710981 -1.351137
3.596420 -1.063487
3.591694 -1.045902
3.656198 -1.116977
3.648898 -1.130144
3.665893 3.357765
3.659910 3.329094
3.648823 3.199585
3.662819 3.237142
3.871822 3.060783
-2.940795 -1.037575
3.875202 3.077037
3.809268 3.055793
3.788152 3.077530
3.998420 3.686822
4.007278 3.673005
4.034863 3.720394
4.064371 3.718794
4.289158 3.554675
4.318661 3.535321
4.278765 3.561099
-2.806362 3.140797
4.283259 3.557658
4.570480 2.368258
4.559693 2.379055
4.617841 2.344563
4.642777 2.304126
4.380876 2.577709
4.388853 2.590083
4.407470 2.623927
4.393247 2.608848
5.093560 2.817163
-2.647820 0.752430
-3.438995 3.571413
5.120520 2.823270
5.052779 2.760587
5.056441 2.776218
4.837845 2.867756
4.853512 2.877183
4.806206 2.934783
4.787753 2.949921
3.287446 1.179419
3.274768 1.184428
3.241120 1.135231
-3.441088 1.896089
3.242833 1.139727
3.561238 1.079279
3.563847 1.099934
3.545037 1.007291
3.541604 0.990151
3.734437 1.681000
3.760623 1.679616
3.650645 1.752627
3.705516 1.783556
3.410422 1.546784
-4.260815 1.958218
3.408581 1.551736
3.421030 1.643921
3.414575 1.648083
4.421807 1.093467
4.396759 1.114000
4.397702 1.070297
4.406519 1.058064
4.549866 1.324001
4.561465 1.332465
4.498715 1.326351
4.886778 -1.819581
4.460811 1.364234
5.050800 1.350951
5.071125 1.348796
5.044848 1.378796
5.013367 1.353975
4.918046 1.050751
4.918860 1.058657
4.982995 1.153430
4.948283 1.091300
2.253218 -4.871364
4.866803 -2.258278
2.204030 -4.889327
2.200126 -4.821130
2.216370 -4.832816
2.000765 -4.750821
2.019944 -4.752673
1.970351 -4.681261
1.982666 -4.707613
1.988149 -4.176340
1.999694 -4.193663
1.995014 -4.251469
5.459208 -1.265012
1.964255 -4.242200
2.274556 -4.300505
2.275796 -4.297071
2.361424 -4.352301
2.394150 -4.366017
2.701573 -3.169920
2.697119 -3.163712
2.766622 -3.165943
2.773863 -3.147409
2.499496 -3.064665
5.654836 -1.579809
2.477160 -3.064841
2.507125 -2.993284
2.515291 -3.009883
2.762327 -3.583637
2.763042 -3.571223
2.690515 -3.523979
2.688402 -3.514202
2.528987 -3.771798
2.551653 -3.757112
2.481197 -3.734687
3.984525 -0.276414
2.463407 -3.728822
-0.521055 -4.367340
-0.463080 -4.384579
-0.474850 -4.308580
-0.471392 -4.318930
-0.758450 -4.323397
-0.742806 -4.328370
-0.794840 -4.275429
-0.775150 -4.255657
-0.782052 -4.793293
3.552222 -0.398156
-0.783097 -4.795962
-0.810034 -4.749558
-0.806211 -4.743614
-1.113013 -4.824549
-1.106560 -4.821750
-1.105897 -4.831438
-1.116168 -4.833665
-0.832833 -3.600778
-0.841899 -3.601806
-0.976771 -3.444805
4.131610 -0.973620
-0.949571 -3.450011
-0.713109 -3.267065
-0.723532 -3.265229
-0.734412 -3.301012
-0.736370 -3.307294
-1.390827 -3.569122
-1.398633 -3.578874
-1.424359 -3.536961
-1.431618 -3.512117
-1.403742 -3.227875
4.149384 -0.685632
3.786876 -1.099088
-1.389655 -3.232725
-1.379219 -3.274964
-1.360260 -3.269179
0.675061 -1.041008
0.647024 -1.068944
0.543485 -1.014498
0.545138 -1.046220
0.809953 -0.907391
0.783187 -0.935957
0.805255 -0.897525
3.835896 3.203827
0.823553 -0.882031
1.005099 -1.532411
0.990148 -1.512493
0.910107 -1.465765
0.917874 -1.482196
1.097463 -1.331805
1.100144 -1.319837
1.149244 -1.471994
1.103823 -1.438176
-0.096335 -1.346080
4.137763 3.452042
-0.073223 -1.333121
-0.115465 -1.382669
-0.205648 -1.471045
-0.370279 -1.444278
-0.378337 -1.438208
-0.410103 -1.500914
-0.415105 -1.508501
-0.024370 -2.023449
-0.035559 -2.034184
0.019452 -1.973065
4.519226 2.504016
0.008174 -2.005117
0.106175 -1.749089
0.098439 -1.755236
0.086416 -1.770833
0.088068 -1.763175
0.973208 -3.938074
0.984411 -3.946906
0.968910 -3.968508
0.963332 -3.948159
0.735896 -3.738554
4.837645 2.723615
0.732900 -3.728084
0.823834 -3.756232
0.824014 -3.761842
1.303949 -3.482988
1.308127 -3.487869
1.376820 -3.509633
1.400125 -3.528740
1.167455 -3.368432
1.174438 -3.379357
1.148370 -3.271521
3.568180 1.188091
1.159256 -3.253662
0.440362 -2.780793
0.446757 -2.778550
0.395870 -2.851022
0.382443 -2.863385
0.426664 -3.055223
0.438706 -3.061501
0.404910 -3.063250
0.409642 -3.063123
1.105979 -2.632567
3.681750 1.540591
1.098595 -2.646963
1.129362 -2.607275
1.136734 -2.596227
0.774065 -2.506451
0.846142 -2.562558
0.812843 -2.559253
0.821205 -2.558960
0.332049 2.470283
0.338216 2.481988
0.432389 2.475841
4.501722 1.287232
0.413884 2.461899
0.147825 2.201781
0.163239 2.213041
0.199558 2.283700
0.174984 2.266478
-0.243175 2.913616
-0.254455 2.940871
-0.177367 2.854686
-0.198607 2.880601
-0.215666 2.645466
4.858230 1.265492
-0.216474 2.651401
-0.162845 2.695768
-0.132743 2.756692
0.963814 3.320382
0.975510 3.289471
1.020086 3.231424
0.995955 3.269000
0.933429 3.575801
0.927206 3.552059
0.893868 3.584065
2.113469 -4.593998
0.888548 3.554071
0.355840 3.449703
0.351829 3.452971
0.290548 3.540344
0.362204 3.455644
0.490075 3.276778
0.503879 3.265023
0.574088 3.145516
0.575395 3.149775
-1.183352 1.519573
4.270565 1.485016
2.115896 -4.250923
-1.204989 1.513793
-1.142316 1.525455
-1.084656 1.580656
-1.148184 1.374226
-1.148706 1.381216
-1.073959 1.368826
-1.077893 1.375345
-1.087107 2.088630
-1.110021 2.098078
-1.065568 2.090997
2.529729 -3.224693
-1.064210 2.098346
-0.863239 2.058555
-0.864105 2.068864
-0.872892 1.981285
-0.866074 2.003100
-0.391816 0.585577
-0.388120 0.585237
-0.497418 0.575995
-0.537626 0.528450
-0.653136 0.763001
2.486830 -3.624972
-0.654733 0.772529
-0.595843 0.836084
-0.614091 0.830760
-0.137862 0.972653
-0.181224 0.980193
-0.183298 0.984203
-0.174182 0.971241
0.064135 1.209896
0.061070 1.199108
-0.009904 1.093294
-0.665338 -4.360367
-0.042553 1.084885
0.617291 4.806445
0.590420 4.779030
0.665793 4.822181
0.663384 4.825318
0.790203 5.021859
0.788132 5.014313
0.789623 4.923879
0.787540 4.949459
0.455791 5.486456
-0.857219 -4.619631
0.429933 5.453778
0.395479 5.388674
0.427852 5.425754
0.267027 5.281157
0.285277 5.261895
0.251405 5.285236
0.255959 5.285003
-0.718401 4.572595
-0.703827 4.565376
-0.709602 4.493130
-0.840316 -3.472579
-0.715849 4.489643
-0.744694 4.871956
-0.730775 4.836812
-0.674798 4.762857
-0.685718 4.763672
-0.193233 4.903256
-0.188664 4.883884
-0.226065 4.777286
-0.224232 4.775132
-0.135247 4.543163
-1.211118 -3.447721
-0.119328 4.501531
-0.214289 4.444149
-0.197859 4.481164
1.088990 1.590168
1.084883 1.591937
1.062163 1.563959
1.054469 1.563926
1.193575 1.347707
1.168377 1.348290
1.107014 1.325068
0.744143 -1.103017
1.107077 1.355022
1.529153 1.217970
1.537644 1.230486
1.617872 1.168825
1.599867 1.186830
1.781123 1.432961
1.808234 1.431107
1.760279 1.329977
1.771239 1.336081
1.937809 2.654652
0.947963 -1.458510
1.923248 2.639090
1.989680 2.683902
1.978868 2.669292
1.587598 2.741030
1.678001 2.687242
1.667500 2.649961
1.638268 2.672397
2.010152 2.050736
1.994741 2.058517
1.943522 2.100703
-0.151340 -1.526414
1.945251 2.085325
1.733789 2.236496
1.748521 2.251922
1.735740 2.231866
1.738395 2.242020
-4.280077 0.054055
-4.268228 0.063342
-4.247419 -0.072977
-4.251098 -0.114791
-4.530377 -0.010631
1.125450 -3.343847
0.131443 -1.847952
-4.547791 -0.030960
-4.497008 -0.118290
-4.489515 -0.119902
-4.062356 -0.446330
-4.079086 -0.484430
-4.041948 -0.563753
-4.035325 -0.557754
-3.806429 -0.299936
-3.814591 -0.306090
-3.831378 -0.337516
0.907877 -3.724911
-3.815937 -0.339177
-4.866298 -1.119737
-4.875655 -1.120986
-4.799404 -1.212317
-4.822737 -1.234049
-4.983632 -1.353097
-4.978189 -1.345912
-5.001547 -1.376406
-5.017309 -1.391625
-4.179339 -1.139345
1.103002 -3.357271
-4.217007 -1.120932
-4.320890 -1.161939
-4.312714 -1.120841
-4.266950 -1.278865
-4.264187 -1.270782
-4.372552 -1.377318
-4.361300 -1.354229
-2.700522 -0.444670
-2.702968 -0.443460
-2.782898 -0.440379
0.619032 -2.863557
-2.777414 -0.422501
-2.415311 -0.639181
-2.358010 -0.684618
-2.404636 -0.588009
-2.427178 -0.547992
-2.366833 -0.040491
-2.410628 -0.037211
-2.492005 -0.000347
-2.501067 0.000992
-2.212105 -0.109221
0.886526 -2.708812
-2.204726 -0.106428
-2.234089 -0.155522
-2.255069 -0.150528
-2.722845 -1.157799
-2.716021 -1.151479
-2.803506 -1.235819
-2.811573 -1.238891
-3.092624 -1.185452
-3.033946 -1.157148
-3.128911 -1.176095
0.232614 2.480773
-3.118692 -1.176216
-3.029505 -1.871428
-3.033144 -1.870741
-3.010439 -1.856585
-2.995575 -1.854037
-2.729994 -1.742326
-2.726245 -1.736978
-2.807912 -1.765108
-2.803566 -1.774318
-2.640604 3.476146
-0.040956 2.697330
-2.643782 3.458033
-2.696594 3.409144
-2.699300 3.400088
-2.846221 3.299513
-2.845404 3.268458
-2.902484 3.301882
-2.898372 3.287067
-2.255713 2.850672
-2.263128 2.855481
-2.333873 2.914407
0.753106 3.315808
-2.334617 2.909017
-2.447065 3.036779
-2.374884 3.114725
-2.358051 3.107440
-2.368672 3.109085
-3.867541 3.758611
-3.872437 3.761239
-3.896763 3.709738
-3.903509 3.700306
-3.829596 3.566509
0.449809 3.269012
-3.821366 3.562848
-3.777829 3.706318
-3.760975 3.715130
-3.310338 4.097187
-3.311703 4.091414
-3.340918 4.031847
-3.357104 4.050861
-3.226854 3.713138
-3.250066 3.747851
-3.315683 3.818709
-0.937140 1.533739
-3.310889 3.815126
-3.141992 1.691923
-3.149393 1.691053
-3.177700 1.721336
-3.140097 1.713677
-3.375987 1.558772
-3.378749 1.552890
-3.341479 1.498542
-3.329632 1.521906
-3.399046 2.215364
