1023 2
-1.331528 -0.174048
1.577748 0.393932
1.493299 0.239913
-2.175338 -5.005057
-1.185979 -0.805493
-1.189943 -0.765818
-1.191871 -0.732968
-1.488551 -0.800438
-1.478085 -0.800441
-1.455662 -0.830041
-1.465665 -0.811919
-1.105143 -1.699632
-1.073694 -1.709501
-1.038542 -1.743644
-1.932755 -4.136623
-1.054050 -1.755950
-0.955562 -1.539963
-0.953696 -1.534198
-0.949470 -1.590827
-0.948494 -1.585200
-0.636518 -1.953233
-0.607663 -1.910848
-0.714545 -2.016551
-0.705310 -2.012360
-0.379437 -1.858788
-1.642602 -4.246856
-0.360069 -1.860874
-0.414046 -1.795679
-0.394655 -1.807611
-4.981614 -0.414095
-5.009618 -0.766103
-3.924918 -0.726897
-4.102321 -1.050248
-3.123955 -1.667801
-3.407790 -2.002573
-2.487578 -2.391397
-3.383533 -3.418608
-2.402759 -2.070084
-3.584277 2.603041
-3.701266 2.868425
-3.525177 3.676737
-3.236078 3.902956
-1.831684 2.569005
-2.196781 2.711987
-1.812224 3.378052
-2.073847 3.535910
-1.879235 0.236974
-3.262006 -1.772080
-1.709898 0.558728
-2.563776 0.872030
-2.623267 0.497232
-1.016720 -0.459121
-1.243325 -0.670413
-0.970725 -1.579590
-0.691961 -1.701500
3.378519 -3.145459
3.259760 -3.272559
3.496178 -3.724816
-2.404333 2.877779
3.277099 -3.792057
4.293971 -3.361436
4.186941 -3.520906
4.197229 -2.927091
4.407427 -3.015496
4.320359 -1.700434
4.307206 -1.479117
4.798018 -1.718725
4.901756 -1.461140
3.480352 -1.869003
-1.572686 -0.066230
3.306018 -1.744578
3.605247 -1.199296
3.503487 -1.360918
3.168031 1.869511
3.299208 1.879822
3.357377 1.340778
3.154736 1.403332
3.945143 0.981590
4.114020 0.975851
4.086584 1.572238
3.855061 -2.934533
4.178348 1.444565
5.453784 1.277531
5.475422 1.414236
5.926919 1.204642
6.048013 1.106173
5.090523 0.341795
5.048890 0.490078
5.496246 0.202581
5.609285 0.390917
0.510092 4.026568
3.808800 -1.748996
0.320704 4.212869
0.366273 3.629069
0.201891 3.548516
0.930898 2.599144
0.827047 2.705121
0.572320 2.383926
0.421191 2.590444
2.037732 4.223314
1.889815 4.273221
2.391809 3.794693
3.689560 1.256795
2.414440 3.976823
1.832246 3.476356
1.836518 3.241740
1.348622 3.520052
1.355827 3.687427
0.878652 -1.047302
1.105401 -0.941237
0.750753 -0.661043
0.693961 -0.767074
1.395194 -1.592273
5.051596 0.855709
1.536842 -1.505889
1.138345 -2.078799
1.197565 -1.948691
0.852443 0.428773
0.786521 0.618603
1.320958 0.909576
1.149644 0.851266
2.163486 -0.059092
2.181386 0.123021
1.761737 0.148155
0.822772 3.170357
1.908283 0.411382
-4.804602 -3.350445
-4.590923 -3.316083
-4.551981 -3.822999
-4.783798 -3.895326
-3.496479 -3.504459
-3.339703 -3.623476
-3.672614 -3.991260
-3.732348 -3.890190
-2.585788 -4.785484
-1.510565 -0.229481
1.579252 3.500566
-2.524296 -4.960896
-2.094306 -5.008415
-2.157082 -5.132132
-2.020474 -4.148429
-1.903912 -3.946792
-1.488633 -4.135306
-1.453634 -4.345215
-5.032673 -0.321856
-4.940063 -0.323853
-5.148959 -0.788589
1.143993 -0.946082
-4.991210 -0.824777
-3.901695 -0.566113
-3.848103 -0.688373
-4.076637 -1.099059
-4.260052 -1.071462
-2.980096 -1.661500
-3.175872 -1.537253
-3.355688 -2.092809
-3.496479 -1.979355
-2.459787 -2.622890
1.511287 0.374896
-2.427886 -2.458187
-2.221575 -2.057831
-2.441341 -2.006933
-3.728741 2.463516
-3.508801 2.509138
-3.851252 2.851585
-3.718564 2.941378
-3.612212 3.796313
-3.625509 3.626750
-3.134264 3.861367
-3.648795 -3.529304
-3.215467 4.072512
-1.705572 2.465295
-1.803596 2.600612
-2.268176 2.611356
-2.295758 2.779437
-1.755650 3.294097
-1.663531 3.461742
-2.045018 3.722575
-2.153696 3.606808
-1.978162 0.186381
-2.374674 -4.400731
-1.812915 0.197500
-1.720095 0.715369
-1.503833 0.670838
-2.495132 1.002590
-2.662496 0.945707
-2.662310 0.570251
-2.703756 0.431989
-0.895774 -0.292349
-0.959177 -0.479993
-1.212100 -0.754017
-3.892737 -1.155969
-1.436382 -0.773229
-1.023817 -1.671372
-0.957003 -1.586910
-0.676968 -1.914630
-0.469617 -1.810694
3.391434 -3.046837
3.353343 -3.109885
3.172471 -3.273623
3.216704 -3.289808
3.566270 -3.793024
-3.132356 -1.869384
3.524719 -3.750686
3.271066 -3.817712
3.266334 -3.779955
4.388353 -3.389165
4.362312 -3.378656
4.203436 -3.566418
4.204132 -3.597094
4.205416 -2.882227
4.185149 -2.912498
4.456617 -2.994347
-3.228784 3.011914
4.486856 -3.013453
4.308136 -1.758454
4.345097 -1.718634
4.318085 -1.424857
4.329389 -1.430613
4.862304 -1.760560
4.862857 -1.734010
4.891203 -1.450983
4.956894 -1.406553
3.488261 -1.867265
-2.157224 2.928632
3.456766 -1.935832
3.186250 -1.724761
3.269322 -1.771870
3.569738 -1.184052
3.602000 -1.153909
3.440160 -1.327389
3.561934 -1.377412
3.075388 1.892801
3.109277 1.927183
3.334469 1.915788
-1.764543 0.154632
3.359236 1.934339
3.374349 1.231510
3.461640 1.357707
3.140841 1.437952
3.109654 1.370488
3.943893 1.016469
3.894287 0.933457
4.125019 0.944898
4.188652 0.907940
4.066725 1.624542
3.041177 0.295442
-1.205631 -0.661474
4.128469 1.629956
4.237484 1.447472
4.260431 1.443612
5.433001 1.306907
5.469172 1.247764
5.503463 1.526360
5.470362 1.485512
5.948993 1.222489
5.908499 1.261137
6.116258 1.078184
3.575892 -3.244383
6.127859 1.111112
5.080427 0.286167
5.084612 0.295239
4.986792 0.535034
5.041147 0.516221
5.508967 0.144532
5.535827 0.162204
5.698223 0.431444
5.638079 0.377939
0.535758 4.033431
4.121306 -3.105381
0.524561 4.078948
0.317863 4.228312
0.316080 4.229045
0.367173 3.635211
0.398584 3.628525
0.106998 3.556859
0.156974 3.492803
1.001068 2.528848
1.022945 2.557287
0.838531 2.697590
4.367788 -1.685439
0.831538 2.717103
0.575950 2.311080
0.541474 2.354296
0.384020 2.584848
0.386438 2.607388
2.076909 4.259389
2.084383 4.287607
1.843429 4.341460
1.863972 4.346584
2.382124 3.791235
3.623679 -1.664229
2.438651 3.735324
2.472740 4.049123
2.426169 3.981420
1.835812 3.453756
1.865903 3.500165
1.882821 3.261177
1.860618 3.125588
1.343078 3.510226
1.308674 3.495272
1.319943 3.703377
3.523231 1.409100
1.335183 3.753141
0.840999 -1.104975
0.849559 -1.082751
1.168234 -0.884574
1.110150 -0.975344
0.780196 -0.585527
0.685138 -0.666943
0.677558 -0.716116
0.577660 -0.831800
1.415171 -1.621017
3.994652 1.270903
1.375802 -1.627799
1.593256 -1.517710
1.600381 -1.485396
1.145786 -2.164921
1.072251 -2.238786
1.208058 -2.027387
1.301555 -2.006590
0.826396 0.376845
0.792785 0.370640
0.706425 0.618318
5.490785 1.082702
0.738381 0.651285
1.331393 0.982322
1.308480 0.969718
1.096545 0.938179
1.085023 0.822226
2.185065 -0.130801
2.226315 -0.110336
2.203595 0.130607
2.244251 0.158234
1.745623 0.130529
5.256290 0.481787
1.763391 0.147781
1.945696 0.436882
1.876845 0.506188
-4.917910 -3.346016
-4.867642 -3.289096
-4.650060 -3.218911
-4.608656 -3.250590
-4.546768 -3.829604
-4.527822 -3.887547
-4.826309 -3.945295
0.556581 3.586632
-4.791650 -3.898854
-3.558646 -3.384918
-3.492124 -3.513469
-3.280313 -3.650194
-3.270803 -3.634924
-3.666091 -4.054532
-3.679900 -4.036336
-3.809975 -3.981325
-3.784416 -3.805873
-2.619604 -4.797249
1.522457 0.468669
0.753181 2.772914
-2.614990 -4.760532
-2.565794 -5.023972
-2.548660 -5.057248
-2.004866 -5.038755
-2.043570 -4.984082
-2.174434 -5.175879
-2.148070 -5.228873
-2.029679 -4.174496
-2.045101 -4.135410
-1.929871 -3.883115
1.859039 3.896458
-1.893153 -3.870330
-1.450467 -4.130282
-1.408078 -4.096572
-1.411883 -4.372756
-1.391110 -4.380993
-5.037317 -0.283250
-5.100273 -0.224397
-5.017191 -0.304415
-4.900739 -0.249313
-5.196691 -0.821074
1.584194 3.469481
-5.254367 -0.773742
-5.015224 -0.889197
-4.970246 -0.834538
-3.855843 -0.513384
-3.916254 -0.448514
-3.847040 -0.656602
-3.814908 -0.693895
-4.070426 -1.112619
-4.011447 -1.181327
-4.308560 -1.061207
0.940811 -0.924349
-4.303684 -1.085255
-2.943290 -1.662366
-2.926812 -1.641219
-3.187912 -1.460090
-3.163674 -1.472983
-3.358006 -2.083952
-3.373639 -2.182787
-3.535552 -1.996510
-3.512473 -1.980962
-2.447856 -2.647278
1.269223 -1.503198
-2.452911 -2.661857
-2.361949 -2.481425
-2.460962 -2.462419
-2.139616 -2.013433
-2.179347 -2.078690
-2.449786 -1.961997
-2.434572 -1.900438
-3.780515 2.437270
-3.768862 2.392796
-3.479763 2.478023
1.236278 0.561208
-3.494068 2.435625
-3.891097 2.883951
-3.948293 2.831780
-3.700123 3.026381
-3.745845 2.974659
-3.669956 3.835026
-3.622212 3.934974
-3.688713 3.579149
-3.647168 3.620986
-3.073697 3.840803
1.847007 0.223868
-3.124056 3.852430
-3.233047 4.177865
-3.173490 4.137044
-1.659564 2.428317
-1.686803 2.422526
-1.814849 2.612899
-1.802462 2.634751
-2.326229 2.582531
-2.240877 2.516214
-2.316910 2.814947
-4.456507 -3.551157
-2.354081 2.820203
-1.711271 3.257784
-1.762628 3.289760
-1.616915 3.493945
-1.578228 3.496334
-2.006655 3.802122
-2.044368 3.751817
-2.188711 3.597702
-2.226133 3.637768
-2.028096 0.156203
-3.601478 -3.642219
-2.040991 0.155817
-1.766176 0.141045
-1.786394 0.196872
-1.731493 0.757190
-1.712546 0.790319
-1.484764 0.668405
-1.471012 0.685913
-2.441984 1.136519
-2.478407 1.014081
-2.750956 0.993784
-2.371402 -4.789563
-2.728274 1.005203
-2.652145 0.568786
-2.714801 0.587982
-2.762322 0.392773
-2.792725 0.366945
-0.829367 -0.228068
-0.849046 -0.204227
-0.887592 -0.463890
-0.886040 -0.467522
-1.196651 -0.804858
-3.128428 -1.850141
-1.829542 -4.243898
-1.194897 -0.754143
-1.474970 -0.794894
-1.461862 -0.807353
-1.071715 -1.702532
-1.052204 -1.743391
-0.945179 -1.536395
-0.949203 -1.593889
-0.630852 -1.928343
-0.719844 -2.007320
-0.396754 -1.852047
-4.919825 -0.669401
-0.412703 -1.800788
3.391006 -3.011677
3.393351 -3.030051
3.343506 -3.096426
3.338115 -3.097921
3.134591 -3.293350
3.147290 -3.273918
3.196153 -3.282668
3.205360 -3.279988
3.567937 -3.793191
-3.974467 -0.963741
3.570164 -3.789677
3.535341 -3.749814
3.530488 -3.747626
3.269789 -3.827684
3.270240 -3.826255
3.254991 -3.772531
3.262633 -3.780284
4.413529 -3.370248
4.407261 -3.409950
4.373761 -3.380120
-3.180674 -1.810562
4.385967 -3.377845
4.204106 -3.612964
4.212574 -3.581083
4.230582 -3.610788
4.205136 -3.609189
4.210402 -2.882408
4.201038 -2.876010
4.185445 -2.912347
4.181576 -2.908280
4.479290 -2.983845
-2.555484 -2.170874
4.463713 -2.984738
4.509992 -3.002748
4.512740 -3.018403
4.308260 -1.774254
4.302647 -1.781179
4.349066 -1.730109
4.351073 -1.700441
4.321200 -1.406621
4.323997 -1.411074
4.330718 -1.419147
-3.540053 2.811458
4.344294 -1.400157
4.870846 -1.764431
4.869581 -1.768490
4.864793 -1.727827
4.868553 -1.737904
4.870011 -1.460000
4.887113 -1.462224
4.975423 -1.375867
4.986447 -1.393134
3.494174 -1.876183
-3.408270 3.640305
3.496958 -1.870240
3.449643 -1.955986
3.453657 -1.963647
3.171764 -1.721586
3.175401 -1.700479
3.261053 -1.777485
3.262895 -1.783885
3.566500 -1.154116
3.553430 -1.182561
3.599000 -1.140069
-2.081156 2.770881
3.606758 -1.144002
3.416842 -1.327332
3.441465 -1.306953
3.584238 -1.415128
3.570143 -1.368407
3.062636 1.886393
3.050781 1.887386
3.115191 1.927292
3.103913 1.936758
3.344313 1.922259
-1.992762 3.309054
3.341233 1.924119
3.378617 1.942496
3.373091 1.942048
3.395047 1.226161
3.370602 1.216609
3.481412 1.350529
3.484825 1.363256
3.135409 1.461575
3.141328 1.449980
3.107266 1.353299
-1.799538 0.317345
3.100122 1.354692
3.946391 1.021216
3.912747 1.020606
3.874389 0.911018
3.875542 0.906880
4.134756 0.920029
4.116167 0.943032
4.222980 0.879600
4.213682 0.891765
4.058932 1.633864
-1.536976 -0.096079
-2.498899 0.555984
4.065651 1.632762
4.144221 1.654046
4.111347 1.624851
4.241473 1.434704
4.232626 1.453947
4.291941 1.436610
4.290663 1.459430
5.423970 1.308519
5.425477 1.306371
5.466522 1.257024
-1.171019 -0.589117
5.478283 1.223844
5.492738 1.533315
5.500253 1.524413
5.463694 1.514472
5.467513 1.494343
5.979751 1.219548
5.960218 1.223700
5.912691 1.280189
5.939717 1.253558
6.117963 1.083238
-0.904328 -1.448876
6.114656 1.079452
6.199265 1.112601
6.118671 1.121593
5.079042 0.277224
5.069319 0.256910
5.078001 0.272674
5.088435 0.279786
4.992657 0.562928
4.970717 0.540160
5.037333 0.535809
3.399938 -3.228916
4.997818 0.555743
5.513355 0.118723
5.505204 0.118904
5.553546 0.170034
5.554665 0.148017
5.716553 0.436592
5.736809 0.454181
5.663013 0.381208
5.611328 0.359091
0.527686 4.042926
3.453204 -3.639965
0.562110 4.021134
0.533825 4.083917
0.535731 4.105648
0.310782 4.240299
0.317900 4.232131
0.319705 4.231431
0.306816 4.242888
0.360304 3.646334
0.380902 3.639179
0.385587 3.624405
4.207778 -3.316804
0.387679 3.626427
0.090875 3.561474
0.105603 3.558257
0.164826 3.498750
0.177856 3.478331
1.035416 2.510938
1.028796 2.515019
1.043230 2.543828
1.053788 2.557480
0.819355 2.693855
4.204258 -3.031440
0.843198 2.704153
0.839314 2.718818
0.833020 2.727655
0.591665 2.265866
0.591493 2.240288
0.528506 2.360597
0.535789 2.343966
0.350479 2.558150
0.370640 2.566947
0.362339 2.625515
4.318349 -1.645481
0.363963 2.608996
2.097653 4.262675
2.095684 4.272250
2.117221 4.316904
2.093366 4.290405
1.821833 4.371560
1.820406 4.361033
1.874397 4.359789
1.849672 4.361998
2.371820 3.805220
4.701070 -1.666626
2.399985 3.754245
2.462922 3.704486
2.451087 3.720829
2.475116 4.050788
2.483337 4.062230
2.435881 3.990963
2.434917 3.991699
1.818510 3.445873
1.857084 3.451097
1.887707 3.505417
3.481511 -1.741107
1.861518 3.513473
1.912171 3.270707
1.929277 3.292592
1.867534 3.090374
1.867029 3.092543
1.349211 3.541678
1.321663 3.531361
1.293985 3.486819
1.296587 3.471943
1.288904 3.680661
3.807389 -1.984630
3.594648 -1.436968
1.334921 3.730688
1.330893 3.763464
1.330508 3.765318
0.830750 -1.110597
0.830841 -1.117646
0.838657 -1.092730
0.836528 -1.098634
1.204187 -0.854313
1.146091 -0.896120
1.097322 -0.992446
3.274494 1.842272
1.100396 -0.980456
0.781257 -0.570896
0.821290 -0.514766
0.680335 -0.649130
0.649514 -0.700709
0.691271 -0.686468
0.711349 -0.708793
0.550186 -0.841690
0.564137 -0.829388
1.406644 -1.622896
3.338584 1.399799
1.406420 -1.638186
1.373088 -1.640058
1.361021 -1.652162
1.617510 -1.533226
1.629291 -1.567724
1.629758 -1.477825
1.620215 -1.483258
1.152124 -2.174844
1.130527 -2.210773
1.079714 -2.238825
4.027383 1.072518
1.064596 -2.261091
1.211643 -2.041791
1.217687 -2.026824
1.296962 -1.996892
1.299116 -2.015815
0.799692 0.348288
0.828137 0.369825
0.805280 0.392116
0.742797 0.345176
0.715494 0.596426
4.082672 1.446092
0.685657 0.640835
0.731280 0.656952
0.722127 0.653376
1.344329 1.008451
1.357900 1.020225
1.310839 0.982476
1.318200 0.997829
1.117071 0.948051
1.110981 0.955562
1.065413 0.812777
5.482429 1.275486
1.072860 0.812103
2.189517 -0.153038
2.205379 -0.148235
2.229448 -0.140303
2.234988 -0.123251
2.207685 0.159586
2.181625 0.115387
2.241296 0.158283
2.237066 0.150608
1.730934 0.118073
5.882716 1.127819
1.733995 0.119113
1.764174 0.159632
1.744375 0.139083
1.970759 0.453838
1.952125 0.442317
1.856108 0.520000
1.866923 0.545167
-4.932772 -3.360573
-4.939346 -3.357182
-4.890467 -3.294275
5.092772 0.465510
-4.904233 -3.294189
-4.659704 -3.213646
-4.652373 -3.229818
-4.592468 -3.233598
-4.615846 -3.231529
-4.566281 -3.842978
-4.548644 -3.844071
-4.527910 -3.881969
-4.541767 -3.876256
-4.886044 -4.005443
5.424735 0.360186
-4.835472 -3.954940
-4.793936 -3.896344
-4.812101 -3.908631
-3.586002 -3.359074
-3.562620 -3.375758
-3.484007 -3.494308
-3.502495 -3.511635
-3.280520 -3.648390
-3.270849 -3.657293
-3.261945 -3.624816
0.459640 3.919582
-3.260822 -3.645107
-3.674212 -4.077823
-3.663249 -4.094677
-3.699269 -4.037715
-3.694367 -4.071298
-3.813257 -3.941376
-3.829077 -3.975512
-3.791977 -3.798886
-3.788121 -3.796111
-2.623479 -4.809897
3.823219 0.867621
0.356013 3.605953
-2.647438 -4.803905
-2.619179 -4.771582
-2.635063 -4.743847
-2.570917 -5.043947
-2.582480 -5.056133
-2.539271 -5.081583
-2.554361 -5.062421
-1.985121 -5.042152
-1.975476 -5.052735
-2.051645 -4.964102
0.837678 2.675844
-2.031939 -4.982024
-2.177727 -5.188118
-2.167488 -5.176616
-2.145941 -5.268790
-2.149418 -5.253036
-2.026881 -4.176302
-2.038678 -4.183997
-2.050396 -4.146983
-2.058336 -4.124476
-1.932291 -3.874684
0.582342 2.590477
-1.941451 -3.871774
-1.888677 -3.865193
-1.879617 -3.854776
-1.440549 -4.110326
-1.431637 -4.112527
-1.402053 -4.095863
-1.410872 -4.097483
-1.399123 -4.393456
-1.388331 -4.391255
-1.376281 -4.384726
1.933430 4.131220
-1.379568 -4.388552
-5.040149 -0.278734
-5.065770 -0.260939
-5.120403 -0.208546
-5.135462 -0.183039
-5.029786 -0.297280
-5.021996 -0.314890
-4.901318 -0.219790
-4.909922 -0.234429
-5.218941 -0.833572
2.338940 3.913098
-5.227430 -0.830937
-5.281232 -0.773687
-5.258287 -0.778662
-5.011868 -0.893420
-5.015387 -0.887620
-4.975105 -0.836206
-4.957975 -0.850822
-3.836979 -0.489893
-3.849065 -0.516653
-3.923839 -0.426988
1.729187 3.383430
-3.924274 -0.420394
-3.840373 -0.688521
-3.848583 -0.657436
-3.808285 -0.688674
-3.774491 -0.723047
-4.074574 -1.119976
-4.051599 -1.123741
-4.007881 -1.191889
-3.995795 -1.190453
-4.307868 -1.066630
1.443131 3.551762
-4.336653 -1.058167
-4.301674 -1.085680
-4.324527 -1.088012
-2.922976 -1.673116
-2.918739 -1.657248
-2.910688 -1.633981
-2.885369 -1.605102
-3.193411 -1.439684
-3.191681 -1.432798
-3.159709 -1.446448
0.951974 -0.966729
-3.165658 -1.455170
-3.358031 -2.066445
-3.352093 -2.094517
-3.377902 -2.203331
-3.385230 -2.203584
-3.549339 -1.995772
-3.553331 -2.005939
-3.514401 -1.979543
-3.508619 -1.974501
-2.437848 -2.637301
0.799158 -0.800860
-2.443014 -2.647795
-2.451717 -2.685099
-2.450780 -2.680270
-2.352130 -2.525920
-2.364864 -2.510279
-2.477698 -2.438347
-2.478275 -2.450322
-2.119651 -2.007848
-2.126678 -2.010252
-2.141754 -2.075042
1.415450 -1.520293
-2.144221 -2.073352
-2.455189 -1.953840
-2.462301 -1.957490
-2.441965 -1.890472
-2.441735 -1.903311
-3.783853 2.441918
-3.820440 2.429563
-3.775074 2.383643
-3.778980 2.373974
-3.467554 2.462178
1.226551 3.079157
1.196164 -1.848479
-3.468623 2.449689
-3.490163 2.413237
-3.491387 2.421177
-3.925813 2.897443
-3.884051 2.901867
-3.974069 2.829472
-3.989440 2.820870
-3.688060 3.046230
-3.700487 3.027348
-3.726861 3.006698
0.976320 0.538172
-3.724490 3.023167
-3.671369 3.847144
-3.683239 3.843953
-3.614537 3.951070
-3.628661 3.944371
-3.713670 3.554715
-3.707923 3.566169
-3.675623 3.592193
-3.667998 3.598513
-3.043789 3.841820
1.239186 0.818978
-3.062243 3.834925
-3.124537 3.867348
-3.123379 3.852408
-3.238340 4.200515
-3.240809 4.208120
-3.160705 4.159358
-3.150748 4.143736
-1.597087 2.367573
-1.637933 2.402891
-1.659511 2.393194
2.101713 0.060596
-1.677301 2.415041
-1.811891 2.620489
-1.815525 2.622468
-1.800899 2.627337
-1.799798 2.646567
-2.334846 2.581759
-2.338701 2.582450
-2.248223 2.507551
-2.242811 2.520625
-2.306215 2.820849
1.873490 0.254210
-2.310251 2.811304
-2.372561 2.842542
-2.366473 2.844893
-1.685906 3.229676
-1.691501 3.288843
-1.761759 3.294126
-1.770628 3.288727
-1.569620 3.547146
-1.607596 3.505709
-1.513171 3.540719
-4.554292 -3.440195
-1.570344 3.500362
-1.989794 3.816575
-1.989890 3.812092
-2.056603 3.743088
-2.051160 3.754101
-2.196885 3.587923
-2.184393 3.596475
-2.237757 3.638182
-2.244364 3.660156
-2.031096 0.151765
-4.527952 -3.693971
-2.032729 0.147186
-2.045607 0.153191
-2.065107 0.144233
-1.755321 0.126410
-1.766819 0.156243
-1.765652 0.188975
-1.793027 0.229033
-1.743837 0.783633
-1.744591 0.774769
-1.726945 0.802834
-3.454703 -3.598172
-1.710739 0.808608
-1.497874 0.656490
-1.496743 0.671897
-1.456792 0.691514
-1.429722 0.688466
-2.435349 1.160001
-2.428186 1.164161
-2.463407 1.020312
-2.473477 1.011139
-2.788185 1.024399
-3.665937 -3.885503
-2.757146 0.994641
-2.746632 1.030040
-2.713280 1.004390
-2.642589 0.569586
-2.625514 0.588955
-2.739609 0.597569
-2.724819 0.589532
-2.770336 0.393216
-2.757922 0.404225
-2.799011 0.363860
-2.461335 -4.841153
-2.806315 0.347774
-0.810072 -0.218538
-0.816475 -0.217436
-0.843522 -0.202717
-0.846971 -0.198619
-0.888081 -0.468931
-0.880419 -0.457674
-0.881890 -0.479953
-0.870636 -0.447888
-1.192320 -0.806412
