1023 2
1.799266 -0.959143
-1.452708 0.552457
-1.417674 3.639985
1.454471 -0.630396
4.188842 -1.746440
4.025147 -1.757584
3.995741 -1.787635
3.873501 -1.591328
3.872231 -1.597508
3.986216 -1.571474
3.991781 -1.542989
4.023306 0.163703
4.045479 0.155035
4.122842 0.118612
2.056086 -1.477004
4.074786 0.149327
4.314581 0.069586
4.289448 0.084737
4.333447 0.249541
4.343408 0.259883
4.796609 -0.020791
4.781950 -0.030080
4.847571 -0.147621
4.845301 -0.135407
4.797712 0.069007
1.768738 -1.663294
4.790493 0.068184
4.816014 0.110233
4.822612 0.140396
-0.170750 -2.448308
0.196980 -2.332918
-0.031428 -1.549859
-0.271143 -1.583281
0.419973 -4.629688
0.459024 -4.322668
1.298946 -4.573120
1.808514 -1.588530
1.188678 -4.960031
3.099558 1.952505
2.953698 2.269988
3.309126 3.223785
3.478197 2.947247
4.700354 2.225245
5.049590 2.186319
4.909409 1.628749
5.100980 1.344441
3.100451 0.205205
0.696242 -2.303943
3.087071 -0.106113
3.822332 -0.560010
4.440109 -0.621497
4.434778 -1.376867
4.093857 -1.523760
4.285858 0.017972
4.603917 -0.041328
-2.477479 -1.864764
-2.594258 -2.006873
-2.091018 -2.112991
3.586182 1.713099
-2.050888 -2.304178
-2.610609 -3.083851
-2.408072 -3.055731
-2.638625 -3.589295
-2.518557 -3.548264
-3.998986 -1.690842
-4.158207 -1.842644
-4.124416 -1.282068
-4.281069 -1.369980
-4.176821 -2.791743
3.690684 -0.206170
-3.958241 -2.854055
-3.633961 -2.569108
-3.757294 -2.424064
-2.388341 0.243175
-2.553498 0.118004
-1.871170 -0.144603
-2.018166 -0.053733
-2.195709 1.050971
-2.245872 0.888325
-1.601988 1.046623
-2.730853 -2.230920
-1.837619 0.820291
0.524845 1.692615
0.410196 1.769755
-0.039230 1.926295
-0.091388 1.736723
-0.255680 0.646493
-0.451381 0.561107
-0.514748 1.035183
-0.301522 1.117129
-4.070516 2.016740
-3.545751 -2.144666
-3.900810 2.009782
-3.797993 2.566432
-3.827064 2.430076
-4.978147 2.809684
-4.802084 2.845576
-4.927044 2.268305
-5.126975 2.367421
-3.090387 4.476921
-3.125633 4.267613
-3.452091 4.830449
-1.787564 0.524702
-3.315917 4.963999
-4.111032 3.808278
-4.072756 3.976407
-3.667978 3.631053
-3.672389 3.855482
-0.036940 4.558064
-0.118107 4.419868
-0.403571 4.946036
-0.202356 4.918469
-1.123916 4.926989
-0.571225 0.954360
-1.280813 4.933128
-1.500502 4.547402
-1.463118 4.407693
-0.585522 3.268479
-0.792263 3.149168
-0.959864 3.642107
-1.118700 3.534450
-1.940180 2.927283
-1.906329 3.078183
-1.416221 2.808952
-3.841060 2.767041
-1.564683 2.695904
3.018965 -2.939977
2.879526 -2.837065
2.815504 -3.491298
2.946317 -3.371854
2.135218 -2.762306
2.175744 -3.018805
1.695253 -3.134351
1.721572 -2.942670
1.117959 -0.836751
1.879402 -1.041172
-3.431303 3.735696
1.251081 -0.962456
1.334936 -0.402904
1.534400 -0.542835
2.194556 -1.584544
2.176058 -1.373290
1.607312 -1.654309
1.764810 -1.769520
-0.177529 -2.622034
-0.294789 -2.448829
0.329016 -2.411521
-1.160128 4.282061
0.174388 -2.350375
0.053286 -1.359782
0.030602 -1.573560
-0.332545 -1.417403
-0.467861 -1.582386
0.409033 -4.822143
0.272790 -4.705313
0.344217 -4.214855
0.549631 -4.310197
1.371990 -4.484831
-1.348956 3.312540
1.431823 -4.614756
1.394586 -5.046168
1.165147 -5.068726
2.988151 1.889503
3.184235 1.888844
2.903638 2.349830
2.777713 2.276337
3.225546 3.252468
3.392590 3.391217
3.617195 3.008657
2.256343 -2.693718
3.478613 2.921874
4.581991 2.219443
4.677995 2.347836
5.197711 2.330988
5.147236 2.235544
4.791089 1.573916
5.079310 1.642348
5.268366 1.236341
5.064622 1.210071
3.124266 0.302213
1.695343 -1.309923
2.925112 0.344902
2.968460 -0.213211
3.000873 -0.046733
3.856630 -0.567202
3.716370 -0.665820
4.693676 -0.699033
4.493755 -0.688387
4.605404 -1.464697
4.469409 -1.427892
4.099244 -1.663109
0.212201 -2.170312
3.978113 -1.553128
4.131846 0.106298
4.303071 0.120105
4.729801 -0.059402
4.732003 0.065629
-2.455206 -1.829452
-2.472188 -1.825569
-2.635209 -2.020561
-2.683178 -2.033459
-2.069916 -2.088537
0.781239 -4.369511
-2.037483 -2.061339
-2.000769 -2.314923
-2.059378 -2.350466
-2.623540 -3.121698
-2.630074 -3.068488
-2.349455 -3.075678
-2.365394 -3.024462
-2.703321 -3.651454
-2.614312 -3.593340
-2.435886 -3.636207
3.379647 2.135141
-2.448480 -3.624352
-3.990088 -1.677858
-3.965488 -1.657311
-4.213652 -1.890209
-4.185833 -1.881208
-4.119541 -1.222228
-4.072002 -1.242957
-4.353263 -1.389160
-4.272538 -1.314269
-4.208454 -2.827664
4.849515 1.823176
-4.250206 -2.796016
-3.980243 -2.924869
-3.994307 -2.933362
-3.601894 -2.601755
-3.622373 -2.599126
-3.774393 -2.435845
-3.773666 -2.417747
-2.416047 0.244267
-2.427304 0.265431
-2.622110 0.132638
3.556837 -0.217282
-2.584282 0.088004
-1.837253 -0.210510
-1.857769 -0.173427
-2.077223 -0.100590
-2.045422 -0.055271
-2.242453 1.136757
-2.209784 1.111380
-2.306319 0.847972
-2.272034 0.882970
-1.518204 1.030197
-1.510606 0.444201
3.992878 -0.408458
-1.629592 1.126819
-1.812282 0.858030
-1.833358 0.788342
0.570090 1.704423
0.562357 1.695671
0.474833 1.881327
0.404037 1.814356
-0.041922 1.972106
-0.008444 1.987910
-0.044845 1.729796
-2.552674 -2.141094
-0.152532 1.723375
-0.180874 0.574334
-0.224919 0.607636
-0.442582 0.546565
-0.494661 0.478780
-0.526321 1.022867
-0.532801 1.126243
-0.269834 1.147814
-0.272922 1.146438
-4.120747 1.949603
-2.553768 -3.126144
-4.100923 2.029006
-3.871488 1.917348
-3.833010 1.866181
-3.815730 2.562396
-3.766207 2.631294
-3.847803 2.386131
-3.824387 2.411208
-5.023364 2.856303
-5.060990 2.814193
-4.727015 2.947745
-3.931254 -1.760254
-4.754669 2.908094
-4.910277 2.233835
-4.928067 2.186619
-5.136621 2.381278
-5.188080 2.311479
-3.010579 4.538606
-3.016180 4.552248
-3.159630 4.235120
-3.079976 4.230296
-3.462031 4.823574
-3.746769 -2.484291
-3.553921 4.860889
-3.295035 5.013688
-3.278471 5.005826
-4.132324 3.774187
-4.175684 3.773452
-4.119211 3.991289
-4.103339 4.076758
-3.667937 3.584713
-3.638926 3.562544
-3.670794 3.870281
-2.041522 0.221193
-3.630629 3.872781
0.040789 4.515753
0.086528 4.553261
-0.119774 4.377517
-0.104059 4.391503
-0.448171 4.979774
-0.389151 4.963332
-0.139497 4.973887
-0.136172 4.977936
-1.079853 4.960970
-1.955297 0.777533
-1.101281 4.946936
-1.348815 5.015912
-1.333040 4.991527
-1.588491 4.625197
-1.564401 4.556729
-1.518258 4.383588
-1.461578 4.385027
-0.498165 3.294289
-0.545694 3.261300
-0.778256 3.098035
-0.106346 1.545329
-0.746049 3.111466
-0.944689 3.675757
-0.885594 3.706132
-1.113756 3.511447
-1.179888 3.528389
-1.982633 2.875363
-1.978904 2.872341
-1.886101 3.131570
-1.928912 3.094385
-1.326093 2.712040
-0.493941 0.908532
-1.388374 2.796028
-1.574394 2.603568
-1.602644 2.615072
3.119842 -2.925585
3.042290 -2.953401
2.869676 -2.799720
2.947783 -2.723055
2.804985 -3.613928
2.819033 -3.531864
3.004857 -3.380715
-3.889657 2.444888
2.976762 -3.419422
2.132100 -2.748626
2.172247 -2.680689
2.205510 -3.104385
2.175081 -3.040627
1.571404 -3.141205
1.695069 -3.212904
1.694560 -2.950469
1.618110 -2.891301
1.050590 -0.817278
-2.395826 3.180713
-4.818106 2.587271
1.052603 -0.795673
1.193205 -1.036922
1.224541 -0.985142
1.361711 -0.382284
1.260278 -0.306504
1.534299 -0.545210
1.574410 -0.474084
2.261552 -1.612445
2.240562 -1.629712
2.167399 -1.367038
-3.330436 4.336901
2.254780 -1.331255
1.549089 -1.639873
1.551459 -1.685836
1.747209 -1.811957
1.780945 -1.873061
-0.167673 -2.689325
-0.204726 -2.667442
-0.314375 -2.495291
-0.359562 -2.437730
0.428624 -2.469998
-3.785987 3.797764
0.346097 -2.413846
0.162892 -2.333006
0.149429 -2.352693
0.073775 -1.331282
0.070977 -1.278229
0.067967 -1.624389
0.063064 -1.636955
-0.373040 -1.324448
-0.372129 -1.304485
-0.508403 -1.568495
-0.424694 4.644663
-0.520001 -1.587261
0.367534 -4.887535
0.442120 -4.926998
0.234447 -4.735636
0.269623 -4.702779
0.336751 -4.211501
0.296945 -4.164299
0.635951 -4.322863
0.543529 -4.314166
1.419271 -4.441133
-1.285905 4.528648
1.354100 -4.444893
1.457846 -4.652644
1.479405 -4.613383
1.435766 -5.080851
1.429179 -5.074228
1.138249 -5.117214
1.159624 -5.106642
2.919654 1.844960
2.929312 1.877789
3.196639 1.873476
-1.169450 3.346581
3.209964 1.878149
2.843686 2.418790
2.880751 2.420377
2.690394 2.315859
2.700818 2.275392
3.223036 3.300965
3.180437 3.257103
3.441816 3.493884
3.401363 3.442171
3.639580 3.016603
-1.493785 3.068799
3.691445 3.040696
3.531167 2.845838
3.455583 2.878585
4.501060 2.219183
4.565563 2.216120
4.653620 2.435627
4.674238 2.467470
5.260095 2.382551
5.248215 2.385215
5.180624 2.261707
2.699236 -2.983505
5.188105 2.216992
4.732053 1.538744
4.716014 1.570429
5.085345 1.618444
5.140403 1.677356
5.287087 1.162227
5.312136 1.237127
5.043838 1.177569
5.081129 1.214806
3.111486 0.302911
2.126573 -2.864314
3.169068 0.372359
2.901299 0.364993
2.870533 0.399242
2.922853 -0.244785
2.996520 -0.232834
2.939238 -0.073635
2.945078 -0.038980
3.883147 -0.561784
3.851377 -0.532930
3.656071 -0.689996
1.454402 -0.891596
3.714024 -0.749260
4.845009 -0.736945
4.764994 -0.711454
4.494443 -0.765237
4.540496 -0.724783
4.667845 -1.536254
4.675893 -1.424251
4.457000 -1.438612
4.476496 -1.426064
4.163089 -1.720631
1.672104 -1.494382
1.848705 -1.472122
4.037792 -1.747846
3.911032 -1.578949
3.990495 -1.560250
4.065838 0.143451
4.114693 0.122432
4.301605 0.083573
4.324480 0.214564
4.790847 -0.043843
4.823309 -0.115018
4.779862 0.065276
0.091905 -2.246961
4.801584 0.110056
-2.456031 -1.822950
-2.441327 -1.805744
-2.463665 -1.816209
-2.474845 -1.807406
-2.610146 -2.039050
-2.656313 -2.036560
-2.686375 -2.018301
-2.719117 -2.066255
-2.057057 -2.077592
-0.136222 -1.679333
-2.067348 -2.055460
-2.018696 -2.045015
-2.021823 -2.039009
-1.992098 -2.310149
-1.993190 -2.328482
-2.062675 -2.355937
-2.058056 -2.349886
-2.627625 -3.137148
-2.618489 -3.169462
-2.637503 -3.074029
0.497520 -4.475564
-2.635359 -3.071324
-2.318059 -3.106724
-2.311267 -3.090401
-2.373878 -3.031013
-2.368909 -3.032789
-2.697000 -3.647686
-2.711951 -3.654497
-2.641949 -3.624442
-2.611403 -3.585800
-2.447383 -3.644804
1.130101 -4.642328
-2.442107 -3.629137
-2.421449 -3.658863
-2.401328 -3.653208
-3.988221 -1.661336
-3.989236 -1.668274
-3.951920 -1.646219
-3.963514 -1.651489
-4.228477 -1.896752
-4.218854 -1.906180
-4.196918 -1.900518
3.186115 2.139633
-4.189983 -1.897946
-4.099354 -1.230205
-4.133518 -1.189779
-4.061440 -1.209047
-4.062288 -1.259534
-4.392033 -1.422570
-4.382468 -1.396721
-4.283558 -1.313824
-4.281464 -1.311327
-4.201900 -2.862673
3.381349 2.926228
-4.224218 -2.832964
-4.263022 -2.813742
-4.276514 -2.808957
-3.990298 -2.944411
-3.985663 -2.931996
-4.003978 -2.962471
-4.012086 -2.953130
-3.590740 -2.609660
-3.578457 -2.621635
-3.634141 -2.601359
4.862938 2.100711
-3.649553 -2.599367
-3.786480 -2.449713
-3.794734 -2.418432
-3.789538 -2.417145
-3.782008 -2.405862
-2.431632 0.251223
-2.432539 0.243148
-2.478695 0.282286
-2.431048 0.237112
-2.618282 0.127956
4.906728 1.688687
-2.649872 0.139854
-2.590209 0.078764
-2.563670 0.079852
-1.837822 -0.221694
-1.836232 -0.220466
-1.846698 -0.186122
-1.825778 -0.211053
-2.049733 -0.126486
-2.089093 -0.110724
-2.058337 -0.052909
3.264242 -0.069749
-2.048995 -0.062791
-2.242936 1.142721
-2.250885 1.141521
-2.227741 1.144200
-2.215785 1.141830
-2.326004 0.826048
-2.333120 0.824095
-2.266662 0.896018
-2.268625 0.879230
-1.513113 1.015561
3.528737 -0.067456
3.915894 -0.484307
-1.528236 1.040866
-1.635543 1.131528
-1.632954 1.132109
-1.801337 0.870473
-1.789691 0.894796
-1.809132 0.736364
-1.830712 0.780695
0.591416 1.709656
0.590213 1.704845
0.547203 1.718581
4.239628 -1.267736
0.559775 1.704144
0.482404 1.886624
0.484131 1.891861
0.424578 1.824195
0.419676 1.813018
-0.041357 1.985013
-0.038262 1.993092
-0.004535 2.005684
0.015099 2.020082
-0.058258 1.747757
4.392590 -0.054882
-0.040905 1.716265
-0.172800 1.710648
-0.167124 1.719404
-0.178468 0.604531
-0.164175 0.542987
-0.230450 0.602607
-0.229831 0.610526
-0.438496 0.530078
-0.446817 0.531850
-0.503254 0.456783
-2.546656 -2.035020
-0.491103 0.465753
-0.520913 1.025492
-0.536332 1.020622
-0.536200 1.121412
-0.547337 1.148172
-0.255083 1.158424
-0.246976 1.161332
-0.238068 1.184980
-0.285301 1.154805
-4.152544 1.915603
-2.158288 -2.210755
-4.123147 1.934023
-4.109711 2.038315
-4.111991 2.038435
-3.862453 1.891576
-3.887449 1.915142
-3.839786 1.858699
-3.831928 1.866242
-3.838262 2.552356
-3.830734 2.550631
-3.763189 2.661183
-2.524494 -3.072621
-3.737899 2.675968
-3.823155 2.404880
-3.866877 2.354129
-3.824985 2.406404
-3.811706 2.394130
-5.017924 2.862915
-5.023525 2.862911
-5.071363 2.799142
-5.058196 2.814827
-4.739053 2.942404
-2.535125 -3.473730
-4.736141 2.940358
-4.741231 2.917525
-4.739310 2.922672
-4.917890 2.211555
-4.900795 2.214803
-4.927778 2.180068
-4.925601 2.164219
-5.131392 2.377816
-5.137546 2.380377
-5.217982 2.282144
-4.037777 -1.755677
-5.201955 2.289425
-3.012362 4.536958
-3.017640 4.528136
-3.008879 4.548921
-3.016145 4.549050
-3.179664 4.198936
-3.154255 4.235537
-3.067600 4.213670
-3.073360 4.231015
-3.477859 4.824597
-4.114102 -1.444024
-3.413090 4.831948
-3.571686 4.866465
-3.586993 4.870564
-3.275302 5.049471
-3.283803 5.034061
-3.270253 5.004421
-3.267407 5.007257
-4.138474 3.751181
-4.116237 3.745882
-4.215058 3.756239
-3.909923 -2.702777
-4.209692 3.761635
-4.130034 3.995887
-4.153009 4.007617
-4.120208 4.105127
-4.083476 4.065996
-3.674374 3.583854
-3.665077 3.570850
-3.630017 3.555115
-3.649585 3.561110
-3.667767 3.876838
-2.981505 -2.134592
-3.670049 -2.471014
-3.651663 3.885890
-3.641267 3.869236
-3.596985 3.872494
0.070993 4.505708
0.047795 4.487462
0.092786 4.538129
0.113091 4.539220
-0.144022 4.379311
-0.118769 4.363940
-0.101922 4.389565
-2.299067 0.211198
-0.098279 4.396760
-0.466132 4.987625
-0.454705 4.985459
-0.404179 4.988285
-0.418785 4.993901
-0.121142 4.991949
-0.097258 5.014220
-0.140337 4.973758
-0.126699 4.981825
-1.081626 4.978156
-1.978050 0.001474
-1.086399 4.977791
-1.134834 4.913463
-1.100004 4.941922
-1.364720 5.021647
-1.346228 5.018068
-1.332845 4.994521
-1.333705 4.991598
-1.618213 4.654574
-1.601828 4.660212
-1.611206 4.560099
-2.143581 0.920468
-1.574422 4.570657
-1.522898 4.368124
-1.539129 4.389081
-1.465885 4.387618
-1.458532 4.393567
-0.454197 3.308969
-0.476823 3.297404
-0.537147 3.259840
-0.526670 3.264223
-0.782166 3.069885
-1.865703 0.860110
-0.756894 3.074067
-0.740889 3.107045
-0.736664 3.114575
-0.920069 3.700587
-0.946497 3.674111
-0.839072 3.744347
-0.856100 3.732048
-1.129683 3.527848
-1.116064 3.480109
-1.195793 3.541169
0.402831 1.691295
-1.200986 3.516646
-1.992462 2.859069
-1.983821 2.878693
-1.994677 2.862780
-2.000588 2.850210
-1.873636 3.146101
-1.864861 3.166831
-1.930845 3.090199
-1.938003 3.098352
-1.308082 2.694664
-0.090629 1.757826
-1.313963 2.700559
-1.385260 2.786281
-1.387835 2.799908
-1.573136 2.586258
-1.577380 2.563792
-1.621145 2.591309
-1.617542 2.584610
3.134773 -2.967271
3.120562 -2.962617
3.067669 -2.940580
-0.399254 0.676036
3.032215 -2.969317
2.889667 -2.793540
2.859373 -2.812724
2.947973 -2.717562
2.958092 -2.699609
2.802445 -3.640553
2.807331 -3.637402
2.820824 -3.541514
2.812464 -3.556099
3.013974 -3.382433
-0.438849 1.004534
3.028598 -3.384834
2.960107 -3.424967
3.008646 -3.471848
2.138613 -2.743094
2.115404 -2.748549
2.166752 -2.672809
2.175593 -2.678286
2.213486 -3.114702
2.204070 -3.128663
2.185553 -3.054788
-3.929133 2.150913
2.204549 -3.055438
1.510005 -3.156439
1.547043 -3.164170
1.684461 -3.245057
1.702951 -3.242132
1.691947 -2.962002
1.685966 -2.960205
1.616278 -2.889899
1.626077 -2.884914
1.032548 -0.809372
-1.525741 0.514060
-3.836551 2.476722
1.034939 -0.810466
1.042206 -0.785553
1.035617 -0.791938
1.198612 -1.025399
1.177064 -1.058270
1.200205 -0.998298
1.192692 -1.006671
1.361790 -0.363263
1.411038 -0.408609
1.230787 -0.261088
-4.873677 2.724124
1.259347 -0.294168
1.525565 -0.562393
1.528920 -0.560168
1.588377 -0.450636
1.585722 -0.477803
2.270782 -1.621499
2.279781 -1.602904
2.263008 -1.646712
2.256511 -1.635070
2.168617 -1.362068
-4.942669 2.428916
2.174592 -1.367999
2.267884 -1.330071
2.286345 -1.315843
1.570212 -1.634768
1.565862 -1.639859
1.558890 -1.704402
1.536341 -1.697699
1.753588 -1.823251
1.756854 -1.798986
1.766988 -1.872013
-3.148516 4.412268
1.799860 -1.924362
-0.139269 -2.710082
-0.164541 -2.693527
-0.220800 -2.680629
-0.194768 -2.677094
-0.292196 -2.518919
-0.314559 -2.492778
-0.387082 -2.418647
-0.364245 -2.443108
0.454143 -2.484563
-3.378444 4.807526
0.440208 -2.472608
0.345323 -2.415659
0.356769 -2.409304
0.149888 -2.328004
0.167634 -2.312448
0.143366 -2.348542
0.140962 -2.341262
0.102229 -1.303523
0.082985 -1.311978
0.076095 -1.291327
-4.022922 3.867218
0.077116 -1.301817
0.087938 -1.607236
0.076094 -1.618174
0.061431 -1.661089
0.064520 -1.645429
-0.372782 -1.298962
-0.383913 -1.303813
-0.365923 -1.310569
-0.371091 -1.296613
-0.490362 -1.559106
-3.739882 3.772461
-0.503262 -1.567943
-0.526059 -1.580814
-0.537834 -1.590549
0.353432 -4.940740
0.354088 -4.900247
0.441100 -4.938587
0.445808 -4.958567
0.230013 -4.721378
0.246393 -4.725594
0.250923 -4.730772
-0.144037 4.548460
0.251772 -4.729434
0.331255 -4.202372
0.335491 -4.212367
0.292970 -4.157972
0.291792 -4.152549
0.679479 -4.280535
0.672618 -4.333297
0.543086 -4.300449
0.555849 -4.323792
1.432956 -4.421926
-0.328929 4.832238
1.435505 -4.448370
1.330433 -4.423412
1.344318 -4.432558
1.467906 -4.658895
1.456876 -4.649219
1.502062 -4.617912
1.481900 -4.604740
1.451484 -5.085269
1.447844 -5.095289
1.460108 -5.102844
-1.231313 4.826842
1.452672 -5.105333
1.123573 -5.145515
1.139393 -5.137873
1.160058 -5.136760
1.179300 -5.131933
2.898187 1.846425
2.908042 1.844582
2.918396 1.882971
2.901260 1.878784
3.202293 1.867783
-3.382067 3.317547
-1.393008 4.484146
3.195654 1.854105
3.243861 1.863125
3.206668 1.885732
2.849278 2.426206
2.834385 2.437463
2.864807 2.421447
2.867515 2.441112
2.677530 2.324860
2.674836 2.328226
2.686937 2.278921
-0.774360 3.204876
2.686079 2.260713
3.221662 3.317295
3.218785 3.345615
3.164414 3.253474
3.172229 3.261112
3.435555 3.491215
3.434180 3.482600
3.390843 3.432526
3.395350 3.445480
3.672782 3.038497
-1.058595 3.546185
3.657309 3.026211
3.746773 3.057145
3.708476 3.045943
3.514858 2.858287
3.521811 2.832064
3.416065 2.893122
3.439935 2.883808
4.486419 2.217249
4.491636 2.219055
4.569161 2.214605
-1.860471 3.003959
4.564212 2.210742
4.635792 2.434344
4.654262 2.477122
4.678826 2.485765
4.688516 2.477411
5.269712 2.393161
5.282224 2.393891
5.264132 2.404140
5.249972 2.389756
5.173944 2.260808
-1.489729 2.879693
5.146408 2.249412
5.188967 2.202496
5.191926 2.233396
4.701127 1.542078
4.720729 1.517131
4.703611 1.568537
4.693390 1.573825
5.097531 1.618425
5.100921 1.623756
5.156633 1.685637
2.852080 -2.930824
5.164681 1.687619
5.299776 1.148897
5.286408 1.156169
5.327756 1.227286
5.326472 1.231563
5.008249 1.150004
5.038393 1.173510
5.073643 1.205099
5.086201 1.232041
3.126690 0.333311
2.831458 -3.258684
3.117391 0.330759
3.161206 0.372975
3.175949 0.390892
2.890402 0.375394
2.888048 0.378945
2.849547 0.434564
2.855490 0.434120
2.909431 -0.243429
2.895522 -0.271699
2.995213 -0.256613
2.137199 -2.867697
3.010182 -0.209746
2.904037 -0.124139
2.912613 -0.135577
2.928622 -0.052793
2.937597 -0.057076
3.886003 -0.556221
3.894669 -0.544465
3.818869 -0.526969
3.860454 -0.539289
3.643951 -0.690374
1.866174 -2.960476
3.645617 -0.690185
3.725536 -0.768629
3.709584 -0.768744
4.869047 -0.741493
4.856849 -0.736442
4.802251 -0.724533
4.804409 -0.724120
4.481937 -0.784105
4.515503 -0.740170
4.550210 -0.750811
1.236825 -0.878281
4.554530 -0.747827
4.708066 -1.550303
4.681937 -1.551906
4.674228 -1.421106
4.682739 -1.419272
4.458287 -1.429289
4.455114 -1.439303
4.480745 -1.428680
4.465119 -1.419383
4.205667 -1.739210
