1023 2
0.600865 -0.826275
0.722469 -1.019666
1.803596 -1.484353
5.532400 0.835056
-0.283343 3.800333
-0.322700 3.768116
-0.313117 3.756609
-0.017612 3.611476
-0.009799 3.613927
-0.069339 3.684232
-0.084632 3.659608
-0.838738 2.741190
-0.820050 2.744633
-0.813753 2.754076
4.780549 0.500530
-0.798189 2.746923
-0.808566 3.003988
-0.804144 3.017128
-0.770946 3.052919
-0.765542 3.045755
-0.382218 2.506663
-0.331303 2.556839
-0.353692 2.574579
-0.369499 2.558329
-0.177642 2.889757
4.596682 0.385980
-0.171618 2.899893
-0.205060 2.819097
-0.194863 2.801555
3.504310 1.600402
3.179347 1.607476
3.840770 2.337862
3.388685 2.403652
3.611692 3.822855
3.794368 3.560306
2.875376 4.037064
4.978146 0.235066
3.061506 4.461124
-1.908991 -2.524266
-1.503879 -2.552120
-1.287287 -1.684142
-1.575813 -1.442387
-0.451606 0.135564
-0.660602 0.362960
-0.690110 -0.568816
-0.302453 -0.807076
1.047210 2.107607
3.628140 1.912033
0.751366 2.373217
0.372847 1.596728
0.668496 1.371237
0.161048 3.872058
-0.148974 3.669769
-0.582194 2.794221
-0.281881 2.721737
-4.675057 0.863270
-4.585836 1.032487
-4.391934 0.398724
-0.526004 -0.755490
-4.261175 0.580769
-3.892264 -0.792525
-3.686890 -0.832601
-4.076862 -1.228194
-3.938674 -1.410800
-5.494601 -1.061095
-5.356381 -1.074503
-4.948053 -0.819401
-5.032356 -0.690808
-5.751079 -0.234884
0.114940 2.287755
-5.741889 -0.080251
-5.508430 0.248698
-5.390081 0.180409
-3.227391 0.719783
-3.124858 0.873961
-3.064034 1.366702
-3.239863 1.402788
-2.400062 0.767716
-2.294829 0.928870
-2.230478 1.281083
-4.260739 0.261646
-2.325249 1.414765
-2.965050 3.386718
-2.875198 3.436409
-2.714010 3.828977
-2.862455 3.947511
-2.849854 2.655522
-2.877522 2.494316
-3.470891 2.521580
-3.343582 2.624345
0.305625 -6.083815
-5.042347 -0.069728
0.421410 -5.957778
-0.093388 -5.845096
-0.015390 -5.641026
0.007028 -4.931087
-0.118876 -5.006047
0.607768 -5.152041
0.478402 -5.059031
1.625722 -4.377663
1.639051 -4.147914
1.191916 -4.045477
-3.002770 1.148101
1.087543 -4.183660
0.326400 -3.787187
0.258938 -4.000925
0.378978 -3.432507
0.169297 -3.467311
1.089130 -2.247368
1.157544 -2.063725
1.557882 -2.276939
1.450592 -2.495827
2.159676 -2.690708
-3.100345 2.498446
2.162362 -2.424606
2.547929 -2.808314
2.664367 -2.683415
2.950868 -1.163787
3.002594 -1.322501
2.558240 -1.556308
2.526683 -1.430751
2.162882 -0.673569
1.995171 -0.564938
1.729814 -1.039534
0.248453 -5.262942
1.572588 -1.105292
5.439384 -1.857094
5.559216 -2.023935
4.986368 -1.885131
5.006162 -2.106741
5.571852 -0.455816
5.348949 -0.560478
5.424233 -0.979566
5.619956 -0.905029
5.335528 1.263337
0.512771 -0.719557
0.634755 -3.951172
5.422266 1.412400
5.597751 0.712027
5.748678 0.906844
4.754210 0.624692
4.877944 0.422901
4.390748 0.429245
4.428824 0.232656
3.514627 1.552057
3.620049 1.594369
2.952152 1.585111
1.888420 -2.190444
3.140393 1.543873
3.841682 2.418701
4.022098 2.295194
3.349203 2.531825
3.210525 2.411569
3.668121 4.007838
3.597775 3.829513
3.886347 3.440835
3.922252 3.621313
2.789344 3.960625
1.932880 -1.337294
2.712145 4.135332
2.979259 4.435673
3.087302 4.599124
-1.932916 -2.573765
-2.083657 -2.543554
-1.387037 -2.534166
-1.502427 -2.718278
-1.201207 -1.690094
-1.267679 -1.814876
-1.668239 -1.390363
5.188315 -0.347510
-1.680334 -1.606585
-0.201837 0.146392
-0.465189 0.171385
-0.645518 0.494674
-0.817528 0.461112
-0.829464 -0.516112
-0.712610 -0.636776
-0.201986 -1.004486
-0.235109 -0.818530
1.274493 2.152314
4.994920 0.399991
1.090543 2.035048
0.714373 2.396025
0.903932 2.523549
0.301748 1.561465
0.251600 1.692416
0.655254 1.247134
0.854930 1.314379
0.174216 4.062756
0.259197 3.901446
-0.228901 3.739605
3.567989 1.951666
-0.063245 3.643115
-0.739718 2.753104
-0.725547 2.937839
-0.312245 2.641281
-0.224352 2.814773
-4.711265 0.874067
-4.685337 0.781715
-4.634857 1.081908
-4.550834 1.093687
-4.410181 0.349248
3.389171 3.686465
-4.485117 0.376189
-4.262798 0.597888
-4.225174 0.630430
-3.929942 -0.770419
-3.879849 -0.763130
-3.635570 -0.807425
-3.585879 -0.842299
-4.104422 -1.246724
-4.074600 -1.270067
-3.942488 -1.439556
-0.844458 -1.094273
-3.915401 -1.462635
-5.560966 -1.117449
-5.578933 -1.119236
-5.378397 -1.119521
-5.307975 -1.053810
-4.909437 -0.903349
-4.872559 -0.854664
-5.039658 -0.614417
-5.020399 -0.666141
-5.828271 -0.218278
-0.517954 -0.579952
-5.802667 -0.264104
-5.784113 -0.047851
-5.888141 -0.134536
-5.575513 0.320777
-5.481319 0.267914
-5.397024 0.182102
-5.324026 0.250501
-3.250586 0.662484
-3.254888 0.634945
-3.155372 0.866843
0.487228 2.009881
-3.102594 0.892901
-2.959213 1.446275
-3.042202 1.371350
-3.252558 1.444046
-3.272071 1.457636
-2.413113 0.698850
-2.416614 0.706834
-2.224319 0.941739
-2.221327 0.891107
-2.206878 1.306510
-3.705993 0.580055
-0.029682 2.604764
-2.164935 1.271150
-2.326836 1.439089
-2.275868 1.474595
-3.029151 3.377142
-2.949262 3.312779
-2.816378 3.467100
-2.878112 3.433650
-2.653133 3.856261
-2.666843 3.864553
-2.862111 4.051138
-4.327866 0.418713
-2.850490 4.026709
-2.796790 2.706389
-2.786870 2.694993
-2.828183 2.452901
-2.846625 2.476607
-3.528993 2.474438
-3.519159 2.543413
-3.354973 2.674547
-3.406696 2.723152
0.315767 -6.145669
-3.938773 -0.922680
0.352712 -6.170193
0.488236 -5.997263
0.443868 -5.955126
-0.150446 -5.870985
-0.114387 -5.900434
-0.046020 -5.636341
-0.034698 -5.614393
0.048712 -4.826522
-0.014126 -4.913232
-0.230897 -5.033514
-5.166178 -0.690715
-0.191760 -4.996183
0.654792 -5.164143
0.663476 -5.133550
0.489474 -5.090748
0.472505 -4.964256
1.664513 -4.415303
1.653133 -4.436597
1.691881 -4.113296
1.716490 -4.126015
1.230690 -4.033484
-5.351354 -0.010020
1.179855 -3.986638
1.068770 -4.206071
1.119456 -4.238482
0.315952 -3.743504
0.334420 -3.728649
0.197849 -4.050974
0.248481 -4.068820
0.380735 -3.371911
0.380827 -3.382341
0.120022 -3.403480
-3.104038 1.099828
0.081626 -3.400478
1.056450 -2.243223
1.016023 -2.293107
1.129205 -2.025534
1.149474 -2.023820
1.616046 -2.303851
1.551520 -2.213273
1.418856 -2.568836
1.470942 -2.590213
2.197896 -2.798768
-2.468752 1.136696
2.110695 -2.726202
2.171348 -2.390844
2.147667 -2.384667
2.611847 -2.862684
2.572494 -2.872279
2.713611 -2.644705
2.744708 -2.696418
3.019139 -1.101865
3.014129 -1.067688
3.045705 -1.352598
-2.873925 3.559028
3.053038 -1.362639
2.636958 -1.586365
2.511841 -1.620353
2.538913 -1.376171
2.575135 -1.394763
2.174134 -0.639725
2.228733 -0.687606
1.991968 -0.513036
1.986703 -0.514958
1.689036 -0.989978
-3.112762 2.529578
1.722532 -0.996093
1.511675 -1.045200
1.523503 -1.109620
5.455555 -1.842847
5.451638 -1.837625
5.600780 -2.036836
5.645097 -2.084315
4.930040 -1.827405
4.937085 -1.838355
4.960736 -2.158929
0.211408 -5.667976
5.021022 -2.138320
5.647528 -0.392693
5.580944 -0.471134
5.295794 -0.567683
5.319823 -0.600364
5.383111 -1.053708
5.407622 -1.050624
5.644761 -0.904658
5.659752 -0.923739
5.284660 1.270069
0.962538 -1.319749
0.199683 -5.097670
5.303265 1.286931
5.458806 1.527194
5.420417 1.451685
5.611526 0.688491
5.639597 0.637475
5.809085 0.928923
5.793819 0.929427
4.732078 0.642515
4.748369 0.699929
4.948209 0.331820
1.115687 -4.125240
4.874205 0.437313
4.347613 0.458305
4.269749 0.434039
4.411397 0.202614
4.401233 0.217254
3.480112 1.488359
3.508728 1.499180
3.675172 1.604994
3.668926 1.566180
2.852881 1.590760
0.456278 -3.772321
2.937268 1.558228
3.111149 1.510385
3.138742 1.515042
3.854168 2.477359
3.843551 2.444663
4.057548 2.294107
4.087177 2.300975
3.338644 2.567295
3.321985 2.620449
3.128493 2.392850
1.476056 -2.295360
3.160326 2.403397
3.724450 4.102240
3.655114 4.020373
3.636523 3.848690
3.538750 3.782052
3.962194 3.384525
3.868963 3.380661
3.968900 3.647099
3.932311 3.617718
2.733348 3.916156
2.164497 -2.485892
2.750776 3.925841
2.637660 4.137743
2.611336 4.232978
3.026001 4.428451
2.934679 4.481799
3.137264 4.700984
3.075809 4.641903
-1.957465 -2.605363
-1.899340 -2.554785
-2.145186 -2.571656
2.470637 -1.340841
-2.140189 -2.524704
-1.353494 -2.522182
-1.353482 -2.540966
-1.499829 -2.808003
-1.521633 -2.794837
-1.184473 -1.651083
-1.126566 -1.727284
-1.229518 -1.840240
-1.286493 -1.872984
-1.732530 -1.360705
1.873986 -1.138276
-1.727327 -1.360843
-1.727035 -1.671482
-1.689812 -1.639366
-0.150233 0.141509
-0.173915 0.153207
-0.551401 0.211489
-0.396042 0.235900
-0.602795 0.660990
-0.640249 0.576266
-0.863557 0.464847
5.283794 -1.764813
-0.856210 0.505471
-0.858320 -0.503269
-0.874767 -0.488387
-0.762279 -0.689300
-0.742401 -0.637435
-0.209208 -1.092458
-0.156313 -1.005678
-0.214099 -0.815737
-0.253473 -0.797642
1.308032 2.142042
5.349193 -0.493434
1.283726 2.182951
1.098210 2.007770
1.039885 2.057378
0.737417 2.430725
0.661620 2.415465
0.943643 2.601337
0.954077 2.535251
0.243661 1.480334
0.279744 1.555285
0.228833 1.679096
5.383748 0.909483
0.232666 1.684247
0.695931 1.138593
0.633814 1.160724
0.904969 1.274810
0.889319 1.285090
0.165772 4.108000
0.207059 4.102014
0.301712 3.928065
0.265981 3.868666
-0.268730 3.791355
3.764751 1.370242
4.722832 0.422329
-0.312341 3.754350
-0.019000 3.612363
-0.073879 3.670266
-0.815394 2.737036
-0.781439 2.747474
-0.782746 2.992289
-0.759925 3.045812
-0.330222 2.573993
-0.352880 2.574674
-0.182464 2.886442
3.406241 1.717216
-0.208349 2.815979
-4.725478 0.876552
-4.716247 0.877869
-4.692439 0.766830
-4.694963 0.763004
-4.649615 1.096608
-4.670285 1.089739
-4.547348 1.099726
-4.540884 1.107447
-4.412871 0.359412
3.569260 2.210296
-4.388599 0.351288
-4.477795 0.378883
-4.494329 0.385228
-4.263792 0.585770
-4.279527 0.607773
-4.209475 0.656100
-4.218459 0.661315
-3.965219 -0.771564
-3.933434 -0.759704
-3.893251 -0.778062
3.574664 3.687081
-3.866879 -0.734716
-3.628923 -0.787558
-3.608340 -0.800374
-3.580581 -0.831853
-3.569116 -0.837632
-4.112244 -1.244539
-4.121259 -1.234838
-4.066229 -1.280775
-4.070631 -1.300896
-3.955832 -1.453656
3.077874 4.010214
-3.947827 -1.455134
-3.911301 -1.479388
-3.897777 -1.486611
-5.559161 -1.124918
-5.582438 -1.131546
-5.597017 -1.136724
-5.613680 -1.132708
-5.410216 -1.137317
-5.406344 -1.145675
-5.265255 -1.023828
-1.587816 -2.417673
-5.327690 -1.073083
-4.890910 -0.921909
-4.914192 -0.914551
-4.842568 -0.852423
-4.857245 -0.858284
-5.038378 -0.591059
-5.032163 -0.598852
-4.993398 -0.675187
-5.019310 -0.657745
-5.825323 -0.231242
-1.412871 -1.482835
-5.863773 -0.228390
-5.819554 -0.259922
-5.808111 -0.283572
-5.792837 -0.028537
-5.804406 -0.046607
-5.898028 -0.151501
-5.891501 -0.172684
-5.607038 0.356787
-5.590699 0.344077
-5.498297 0.288432
-0.574995 0.172213
-5.442730 0.289936
-5.382167 0.203694
-5.379026 0.174782
-5.323159 0.254701
-5.314465 0.261463
-3.257982 0.647017
-3.250509 0.657341
-3.241959 0.658490
-3.244609 0.646085
-3.172021 0.886741
-0.555585 -0.583618
-3.164754 0.873964
-3.089939 0.912951
-3.101627 0.880801
-2.935913 1.456470
-2.934035 1.445962
-3.033649 1.373937
-3.036543 1.370827
-3.241786 1.447672
-3.234771 1.463640
-3.273929 1.461808
0.646283 2.128700
-3.273591 1.466431
-2.413531 0.665112
-2.415446 0.674695
-2.412952 0.689995
-2.430488 0.678129
-2.204267 0.972129
-2.221406 0.939389
-2.202377 0.886138
-2.233339 0.875311
-2.212478 1.314960
-0.064108 -0.570212
0.498293 1.630445
-2.163393 1.307406
-2.144459 1.266697
-2.151588 1.262373
-2.308469 1.457217
-2.306516 1.450240
-2.268128 1.489883
-2.266757 1.494364
-3.072905 3.372108
-3.065714 3.384032
-2.952666 3.319422
-0.020245 3.558069
-2.929281 3.280264
-2.830371 3.448172
-2.791582 3.491840
-2.862969 3.456831
-2.868738 3.444498
-2.653741 3.867859
-2.650938 3.876627
-2.665284 3.870728
-2.683917 3.878048
-2.869549 4.108727
-0.324288 2.699786
-2.859351 4.084002
-2.843094 4.047187
-2.839174 4.054397
-2.779403 2.735402
-2.792467 2.708594
-2.777237 2.689663
-2.760133 2.690455
-2.806136 2.451597
-2.807829 2.451572
-2.838535 2.469805
-4.551460 0.910746
-2.824732 2.467067
-3.539457 2.465748
-3.534758 2.465321
-3.510295 2.562547
-3.541369 2.553579
-3.338533 2.684298
-3.356924 2.698512
-3.402297 2.732747
-3.411672 2.741513
0.314657 -6.155521
-4.329701 0.461336
0.310183 -6.162423
0.339973 -6.194311
0.356237 -6.193244
0.509820 -5.992422
0.495322 -6.010679
0.441726 -5.949657
0.442416 -5.945568
-0.179225 -5.845190
-0.162960 -5.862965
-0.121040 -5.892023
-3.820624 -0.849381
-0.131812 -5.928511
-0.054554 -5.632038
-0.060368 -5.632727
-0.035612 -5.616605
-0.028750 -5.617188
0.064745 -4.804133
0.063140 -4.812126
-0.015389 -4.911771
-0.020487 -4.902161
-0.255316 -5.045684
-3.969653 -1.098808
-0.249284 -5.040902
-0.194059 -4.989997
-0.190859 -4.972965
0.661872 -5.166682
0.658582 -5.168637
0.686633 -5.141965
0.674571 -5.130678
0.509314 -5.106875
0.491863 -5.109857
0.477762 -4.957197
-5.358921 -0.952429
0.471413 -4.958694
1.670136 -4.409879
1.673993 -4.406262
1.658324 -4.437957
1.656285 -4.457280
1.701673 -4.101654
1.693024 -4.114045
1.711878 -4.124135
1.712685 -4.138201
1.251016 -4.025029
-5.015793 -0.762264
1.251232 -4.026757
1.169237 -3.980371
1.189310 -3.983984
1.065652 -4.210347
1.067802 -4.206853
1.144883 -4.252573
1.111518 -4.225826
0.312337 -3.725185
0.318223 -3.733356
0.328708 -3.721363
-5.679502 -0.106632
0.334428 -3.722561
0.202308 -4.049186
0.196751 -4.020983
0.229615 -4.073709
0.252899 -4.077766
0.379707 -3.345025
0.384424 -3.345270
0.372630 -3.350956
0.408484 -3.349454
0.111092 -3.385550
-4.188742 0.314595
-5.437304 0.163394
0.135223 -3.408038
0.084275 -3.387642
0.074636 -3.392822
1.069633 -2.235077
1.053224 -2.246680
1.007188 -2.291819
1.007704 -2.292017
1.146855 -1.994003
1.131389 -1.987454
1.140285 -2.032472
-3.155501 0.912480
1.157092 -1.996570
1.644957 -2.303089
1.604923 -2.284769
1.535014 -2.203465
1.543354 -2.214318
1.418090 -2.581125
1.393080 -2.582873
1.473797 -2.596538
1.479249 -2.615628
2.197186 -2.828051
-3.135653 1.330427
2.189863 -2.796972
2.117134 -2.734823
2.119067 -2.740929
2.180722 -2.376324
2.158955 -2.380031
2.169525 -2.400972
2.153452 -2.384930
2.639835 -2.864139
2.653514 -2.915581
2.587952 -2.880157
-2.363340 0.931338
2.585471 -2.904857
2.717219 -2.642300
2.724804 -2.644126
2.756871 -2.704858
2.756212 -2.698822
3.019862 -1.091326
3.051683 -1.068639
3.031482 -1.061870
3.017115 -1.071368
3.055265 -1.352448
-2.352553 1.258421
3.061319 -1.357371
3.066470 -1.358707
3.054192 -1.370392
2.645635 -1.619690
2.673592 -1.577144
2.501913 -1.641255
2.517975 -1.626842
2.552956 -1.364339
2.534680 -1.370867
2.592106 -1.368647
-2.912333 3.432825
2.604694 -1.377347
2.198552 -0.644648
2.187673 -0.632932
2.217824 -0.674118
2.236107 -0.688681
1.992665 -0.501415
1.984173 -0.503068
1.981395 -0.494458
1.973369 -0.502391
1.699326 -0.964239
-2.827022 3.773818
1.657636 -0.962781
1.713617 -0.993850
1.713497 -0.998432
1.507823 -1.046194
1.503174 -1.036812
1.478190 -1.118536
1.498065 -1.121695
5.472435 -1.827660
5.452668 -1.842368
5.449239 -1.823182
-2.932690 2.555798
5.477519 -1.865363
5.622251 -2.058222
5.603661 -2.035796
5.688827 -2.130080
5.651984 -2.088091
4.923213 -1.817011
4.914436 -1.809474
4.916975 -1.829083
4.930897 -1.832955
4.960007 -2.164559
-3.300860 2.563334
4.954809 -2.173649
5.014280 -2.140534
5.025230 -2.157378
5.695026 -0.375546
5.650417 -0.371897
5.588294 -0.471677
5.589007 -0.475899
5.295278 -0.575381
5.292935 -0.554107
5.292619 -0.599658
0.303895 -5.894690
5.309179 -0.584343
5.371387 -1.075342
5.353845 -1.081140
5.407455 -1.053155
5.403219 -1.067822
5.658070 -0.903236
5.640627 -0.894639
5.672202 -0.932325
5.681235 -0.944646
5.291678 1.288485
-3.313667 1.086328
0.060341 -5.707154
5.257644 1.244404
5.292073 1.285666
5.300566 1.281434
5.460626 1.539345
5.457032 1.538523
5.409697 1.448205
5.423292 1.462816
5.613291 0.672732
5.630771 0.669458
5.643069 0.609330
-0.002615 -4.990141
5.641653 0.608622
5.828268 0.940873
5.813013 0.926433
5.801573 0.933938
5.791749 0.930647
4.715117 0.666800
4.722650 0.641325
4.742659 0.697651
4.738163 0.711429
4.925172 0.363995
0.397436 -5.089869
4.962886 0.293882
4.903935 0.402593
4.895220 0.408468
4.349635 0.500358
4.329486 0.497197
4.249002 0.459403
4.265732 0.445627
4.408586 0.185732
4.405656 0.192072
4.397213 0.219739
1.508305 -4.223106
4.391431 0.210699
3.453722 1.486000
3.460874 1.484735
3.504437 1.480875
3.517867 1.481915
3.703716 1.598884
3.698559 1.614414
3.692752 1.566178
3.675193 1.567768
2.836711 1.587710
1.124049 -4.125233
2.855002 1.581847
2.944639 1.558003
2.909690 1.559025
3.076533 1.477074
3.109776 1.499470
3.093480 1.502913
3.125988 1.460989
3.866716 2.502242
3.850373 2.513545
3.818067 2.468743
0.342922 -3.830435
3.816471 2.474136
4.046832 2.296202
4.074723 2.299911
4.107130 2.306607
4.119705 2.318599
3.345668 2.580730
3.339929 2.580163
3.313866 2.626580
3.317117 2.654646
3.136348 2.404169
0.373768 -3.578651
3.123086 2.371224
3.141707 2.402696
3.135394 2.393489
3.725309 4.116529
3.744521 4.130258
3.646035 4.015062
3.652994 4.024826
3.619424 3.841118
3.642282 3.833937
3.518894 3.765636
1.205894 -2.158522
3.510787 3.747057
3.977839 3.366460
3.990207 3.357959
3.854317 3.352129
3.856669 3.361166
3.971957 3.642381
3.971819 3.639446
3.917670 3.611125
3.950371 3.621435
2.724056 3.920551
1.478253 -2.362101
2.718126 3.875637
2.739735 3.903962
2.726931 3.900195
2.626620 4.138172
2.626477 4.128086
2.605805 4.257231
2.613209 4.242580
3.033862 4.434587
3.025856 4.428377
2.939917 4.492471
2.158387 -2.528711
2.923152 4.484719
3.139794 4.712980
3.140151 4.716177
3.072856 4.654008
3.076365 4.662973
-1.959474 -2.615718
-1.944969 -2.618019
-1.874094 -2.550106
-1.879316 -2.546755
-2.134860 -2.588247
0.612850 -3.986880
2.479867 -2.688755
-2.127110 -2.577874
-2.131716 -2.527263
-2.159680 -2.511329
-1.357030 -2.528273
-1.352762 -2.521448
-1.322229 -2.537060
-1.366035 -2.566149
-1.507180 -2.843979
-1.508549 -2.826826
-1.524739 -2.808930
2.898945 -1.250144
-1.519229 -2.797395
-1.187533 -1.651717
-1.184072 -1.648165
-1.124546 -1.689956
-1.125716 -1.748071
-1.221019 -1.861649
-1.232945 -1.861614
-1.285476 -1.887973
-1.294932 -1.880098
-1.739276 -1.361251
2.502986 -1.432275
-1.725934 -1.365675
-1.753395 -1.343039
-1.761709 -1.348389
-1.733002 -1.683703
-1.739511 -1.675062
-1.697878 -1.653940
-1.699117 -1.653891
-0.154245 0.143404
-0.168491 0.119994
-0.174862 0.153037
2.040023 -0.680196
-0.162497 0.157871
-0.545375 0.221485
-0.584904 0.216455
-0.407565 0.226284
-0.366626 0.256122
-0.609020 0.678545
-0.598563 0.674607
-0.639674 0.583100
-0.642097 0.586917
-0.877469 0.468770
1.781518 -1.106642
-0.895136 0.450242
-0.860747 0.513695
-0.847721 0.527674
-0.878877 -0.486148
-0.885512 -0.490957
-0.904930 -0.478484
-0.884747 -0.492868
-0.742758 -0.685924
-0.763524 -0.683942
-0.728767 -0.636112
5.398961 -1.868173
-0.741955 -0.651826
-0.202474 -1.106581
-0.203145 -1.118342
-0.151930 -1.033606
-0.130001 -0.994955
-0.203074 -0.810576
-0.203427 -0.820464
-0.252896 -0.807271
-0.260781 -0.798114
1.303880 2.156713
5.047040 -1.939974
1.304026 2.150903
1.257970 2.194690
1.288216 2.172892
1.106788 1.996932
1.111454 1.990448
0.992433 2.057539
1.036150 2.049537
0.731860 2.420538
0.733184 2.427648
0.649006 2.420429
5.421875 -0.507227
0.661876 2.425661
0.954471 2.600769
0.957291 2.608671
0.956470 2.541897
0.957822 2.537608
0.242546 1.486082
0.241570 1.479300
0.243761 1.515757
0.270925 1.550322
0.228313 1.666442
5.465444 -0.841547
0.219640 1.675980
0.229727 1.687057
0.227748 1.684454
0.690919 1.129662
0.712912 1.109656
0.633529 1.147866
0.635955 1.153345
0.921231 1.260276
0.933373 1.251450
0.902511 1.270033
5.380733 1.177375
0.890342 1.273978
0.158958 4.128534
0.156568 4.121661
0.238109 4.132467
0.236967 4.132915
0.328262 3.950140
0.319687 3.921387
0.282665 3.843061
0.254059 3.889282
-0.262650 3.807891
