1023 2
0.854669 1.281286
1.071588 0.548434
0.076026 0.537690
-5.034046 -2.183909
0.526327 2.579048
0.627836 2.531235
0.639034 2.511542
0.809222 2.679251
0.796536 2.662984
0.827361 2.692713
0.817825 2.685162
-0.112641 2.921981
-0.089625 2.938219
-0.094256 2.832575
-4.838472 -3.098636
-0.093407 2.829372
-0.401517 2.776505
-0.396758 2.770147
-0.356480 2.853014
-0.355142 2.875599
-0.367803 3.382740
-0.364214 3.378704
-0.409212 3.313623
-0.428047 3.322688
-0.294921 3.482096
-4.564899 -2.885412
-0.291288 3.476281
-0.334450 3.524749
-0.367608 3.500419
-3.264188 -1.878127
-3.338494 -1.626672
-2.270430 -1.736677
-2.515316 -1.931080
-2.446797 0.083189
-2.895962 0.324743
-2.636549 -0.558816
-4.331922 -0.865120
-3.047412 -0.423497
3.301300 3.854860
3.685114 3.885427
3.988021 3.075493
3.659620 2.972874
0.291272 5.619884
-0.052046 5.678187
0.086438 4.698531
-0.212430 4.737905
1.677763 4.184544
-3.175142 -0.703632
1.742156 4.703050
1.662795 3.533959
1.842713 3.292922
0.598504 3.173519
0.668489 2.726351
-0.175853 2.979930
-0.206424 3.339363
1.433871 -1.990183
1.254658 -1.860130
1.129017 -2.313489
0.900986 3.799548
1.054776 -2.508960
2.739835 -3.860946
2.568823 -3.746763
2.938771 -3.424747
2.817876 -3.326594
1.866074 -2.490507
1.925642 -2.697594
2.299520 -2.627575
2.396348 -2.497383
-0.769206 -3.354186
0.904298 3.454800
-0.858258 -3.565341
-0.545117 -2.915933
-0.362237 -3.074117
0.404598 -3.865223
0.326439 -3.725441
0.544425 -3.400000
0.508521 -3.284368
1.194579 -3.971407
1.125324 -4.145622
1.580937 -4.097867
1.531401 -2.983550
1.556998 -3.938151
1.001328 -5.090139
0.993858 -5.210411
0.398264 -4.994131
0.514109 -4.908643
0.653577 -5.987440
0.832130 -5.915849
0.279195 -5.698104
0.364939 -5.599524
2.473421 0.771972
1.411157 -2.957174
2.286269 0.807909
2.707050 0.373886
2.741644 0.264541
2.341161 -0.324976
2.206146 -0.457464
1.961261 -0.205791
1.966062 0.044842
4.113029 0.534115
4.021157 0.407190
3.644116 0.629275
1.012727 -3.739550
3.766044 0.762696
4.369527 -0.183214
4.548712 -0.058604
4.347194 -0.632990
4.620499 -0.603791
-1.703215 2.209042
-1.544612 2.296037
-1.989269 1.792904
-2.029079 2.021080
-1.301324 1.162349
0.749881 -5.189041
-1.373261 1.345773
-0.987719 1.629232
-0.885847 1.440836
0.142220 0.917593
0.072204 0.738354
0.472934 0.438076
0.522514 0.577380
0.300690 -0.331596
0.154155 -0.510203
-0.158986 -0.230129
2.138578 0.249856
-0.273087 -0.105294
-5.038948 0.510477
-5.083337 0.677144
-4.536141 0.505054
-4.601325 0.681693
-5.303693 -0.218556
-5.373862 -0.328287
-4.969809 -0.544629
-4.867257 -0.403799
-5.036647 -1.734861
0.626526 1.991819
3.921531 0.184326
-5.180410 -1.808548
-5.167957 -2.184969
-5.006886 -2.322004
-4.854825 -3.258439
-4.948712 -3.261212
-4.526863 -2.985995
-4.432398 -2.838554
-3.150032 -2.033158
-3.383584 -1.992714
-3.466273 -1.589052
-1.154328 1.584726
-3.325189 -1.476860
-2.067794 -1.793846
-2.226871 -1.656860
-2.475299 -1.947476
-2.527784 -2.061710
-2.256776 0.204364
-2.429405 0.078212
-2.821677 0.497151
-2.980067 0.371699
-2.541105 -0.536034
0.109905 0.371656
-2.483726 -0.709547
-3.084375 -0.499119
-3.135539 -0.326880
3.245857 3.800806
3.265088 3.990380
3.805021 3.869622
3.758999 4.078634
4.136718 2.975733
4.119486 3.139408
3.680106 2.830250
-4.718772 -0.169400
3.570283 2.978706
0.363281 5.870980
0.402805 5.656381
-0.153459 5.860625
-0.109507 5.686359
0.057652 4.595686
0.212717 4.789147
-0.392819 4.687372
-0.324216 4.877214
1.616103 4.271521
-4.733288 -2.067898
1.863595 4.258921
1.695696 4.769500
1.828005 4.879182
1.561142 3.418498
1.715079 3.600219
1.955664 3.261089
1.853663 3.041321
0.664466 3.104689
0.565182 3.269415
0.609430 2.588181
-3.003207 -1.586469
0.780718 2.688911
-0.154597 2.902156
-0.287826 2.885628
-0.364639 3.352183
-0.261355 3.439736
1.462857 -1.962285
1.451455 -2.003479
1.262489 -1.837656
1.206042 -1.782202
1.112326 -2.293151
-2.926835 -0.401149
1.138227 -2.267136
0.993633 -2.554493
1.025164 -2.524066
2.794673 -3.913726
2.751932 -3.890652
2.516085 -3.773379
2.584671 -3.825061
2.996760 -3.430535
3.005140 -3.466462
2.831699 -3.293093
3.415207 3.448633
2.828764 -3.285118
1.864470 -2.418618
1.853102 -2.443697
1.972063 -2.748605
1.957637 -2.745096
2.374359 -2.667496
2.292853 -2.601623
2.470059 -2.456146
2.449548 -2.461578
-0.837989 -3.329078
0.246203 4.831939
-0.792528 -3.387848
-0.895298 -3.525288
-0.922370 -3.610539
-0.586768 -2.896474
-0.563006 -2.869240
-0.304601 -3.046030
-0.367324 -3.096776
0.333250 -3.937727
0.390915 -3.919263
0.332559 -3.717974
1.445145 3.712506
0.255985 -3.710021
0.503061 -3.409437
0.577179 -3.407789
0.438038 -3.141581
0.464928 -3.174712
1.201185 -3.962288
1.211501 -3.997666
1.102694 -4.165973
1.144441 -4.175960
1.635581 -4.128232
1.276210 -3.180386
0.576276 3.222172
1.591298 -4.130823
1.633688 -3.866073
1.631457 -3.899852
1.016275 -5.041982
1.073871 -5.078969
1.028306 -5.247333
1.075591 -5.306590
0.371987 -5.006312
0.335001 -4.981169
0.515895 -4.851608
1.363834 -2.598172
0.494643 -4.874476
0.629601 -6.069046
0.628053 -6.130609
0.864401 -5.956714
0.881047 -5.962916
0.207340 -5.722754
0.207356 -5.755251
0.330488 -5.614688
0.327392 -5.565887
2.526004 0.777496
2.554794 -3.513430
2.454726 0.829393
2.304614 0.822394
2.220935 0.905699
2.711130 0.382256
2.709781 0.419464
2.804714 0.228190
2.801555 0.149751
2.414402 -0.349241
2.389617 -0.379628
2.184360 -0.580902
1.870017 -2.737567
2.249249 -0.558277
1.963423 -0.191539
1.910372 -0.238777
1.903193 0.114402
1.941977 0.065537
4.131841 0.603529
4.180824 0.548398
4.036194 0.336568
3.998130 0.393170
3.567602 0.600976
-0.379938 -3.160282
3.618140 0.693632
3.782242 0.837682
3.737190 0.843760
4.309637 -0.152793
4.377932 -0.227541
4.596555 -0.044999
4.636302 -0.013055
4.338187 -0.690949
4.334917 -0.744838
4.654271 -0.619426
0.614260 -3.569707
4.686216 -0.657383
-1.733191 2.234435
-1.717203 2.250751
-1.525361 2.370723
-1.504398 2.360404
-2.031522 1.739029
-2.010465 1.732348
-2.068946 2.031942
-2.097206 2.068815
-1.361964 1.061503
1.188389 -3.896549
-1.289633 1.123776
-1.404453 1.366530
-1.400841 1.336695
-1.000811 1.645407
-0.950287 1.706873
-0.838002 1.433822
-0.781073 1.390591
0.137090 0.966042
0.216344 1.000508
-0.018265 0.782125
0.731577 -5.090765
0.071537 0.742273
0.490587 0.422755
0.513518 0.384945
0.597001 0.625415
0.623103 0.651593
0.335875 -0.362040
0.367937 -0.402954
0.166109 -0.590474
0.118091 -0.538098
-0.126210 -0.246153
0.605069 -5.613682
-0.171041 -0.293018
-0.332221 -0.131078
-0.350857 -0.058246
-5.027264 0.439629
-5.097816 0.561016
-5.124932 0.693549
-5.083284 0.704726
-4.494694 0.495999
-4.541379 0.577980
-4.596470 0.781009
2.387461 0.477583
-4.571540 0.742642
-5.409863 -0.106321
-5.302708 -0.233712
-5.408879 -0.329337
-5.454385 -0.365441
-5.007263 -0.555054
-4.956765 -0.588295
-4.840831 -0.360142
-4.837752 -0.415966
-5.031188 -1.726945
1.127555 0.506067
2.152384 -0.084839
-5.008321 -1.681116
-5.245831 -1.783178
-5.246282 -1.767673
-5.248978 -2.211252
-5.241743 -2.260856
-5.006898 -2.379767
-4.973858 -2.380964
-4.875222 -3.337334
-4.863410 -3.298192
-4.971337 -3.274486
3.898903 0.377823
-4.988927 -3.316217
-4.502403 -3.046391
-4.496490 -3.019626
-4.405288 -2.829589
-4.379922 -2.803074
-3.133281 -2.052580
-3.094051 -2.097033
-3.416178 -2.017672
-3.405312 -2.029940
-3.572173 -1.562482
4.231009 -0.114387
-3.501142 -1.598799
-3.304141 -1.478493
-3.357377 -1.405186
-1.998017 -1.839396
-2.008104 -1.782481
-2.270188 -1.557245
-2.170254 -1.653610
-2.456612 -1.933549
-2.481803 -1.961051
-2.513015 -2.123638
-1.577689 1.907650
-2.570075 -2.179729
-2.245759 0.236890
-2.209639 0.205151
-2.450597 0.094861
-2.429604 0.046750
-2.802323 0.539952
-2.799410 0.514182
-3.015393 0.396638
-2.983696 0.376820
-2.470587 -0.508455
-1.098775 1.477883
-2.496961 -0.531554
-2.421806 -0.774037
-2.431902 -0.733799
-3.097902 -0.549986
-3.091600 -0.501100
-3.202164 -0.300451
-3.162970 -0.280602
3.219832 3.807679
3.132090 3.756693
3.212562 4.057887
0.231664 0.557711
3.267559 4.046995
3.893879 3.921877
3.820845 3.866498
3.753374 4.155844
3.795752 4.132747
4.182093 2.918896
4.168842 2.952960
4.123024 3.128798
4.268857 3.225097
3.673324 2.781048
0.080893 0.057638
3.689313 2.787717
3.492403 2.941903
3.559302 2.994003
0.371544 5.975509
0.398876 5.911289
0.515126 5.717878
0.430787 5.670134
-0.223769 5.940183
-0.162052 5.892906
-0.170565 5.662868
-4.784176 0.300299
-0.130998 5.718719
-0.024469 4.499194
0.076017 4.557276
0.252054 4.799575
0.296616 4.895159
-0.477602 4.656315
-0.508209 4.687863
-0.343650 4.903848
-0.347536 4.949530
1.591957 4.291526
-4.984901 -0.346311
1.600405 4.310261
1.895871 4.285625
1.940406 4.248755
1.691331 4.780813
1.637947 4.836498
1.898187 4.980359
1.833305 4.934078
1.555490 3.379621
1.532565 3.420532
1.745480 3.630085
-4.995146 -2.107704
1.717011 3.588306
2.035406 3.219795
2.055232 3.195007
1.841360 2.973637
1.882342 3.017049
0.680531 3.087277
0.704581 3.059751
0.472417 3.357366
0.543269 3.359935
0.531986 2.576904
-3.396514 -0.722659
-4.716390 -2.886690
0.619856 2.543768
0.804735 2.677549
0.809692 2.683174
-0.118506 2.923190
-0.112163 2.846605
-0.390974 2.785132
-0.340722 2.872497
-0.374083 3.366945
-0.414690 3.329299
-0.280271 3.465139
-3.262173 -1.687557
-0.326121 3.511447
1.465837 -1.964155
1.487560 -1.936333
1.463454 -2.003289
1.466504 -2.002139
1.283466 -1.845170
1.268826 -1.839675
1.195392 -1.762286
1.195303 -1.765509
1.103050 -2.269266
-2.540527 -1.813755
1.110166 -2.296778
1.136445 -2.283491
1.124749 -2.232107
0.962866 -2.583571
0.980400 -2.559944
1.031108 -2.523664
1.011994 -2.521463
2.809253 -3.920415
2.817410 -3.933072
2.729606 -3.905633
-2.830656 -0.073047
2.753985 -3.903834
2.528902 -3.820924
2.494787 -3.757137
2.581002 -3.843854
2.610049 -3.864406
3.004682 -3.415257
2.997103 -3.417175
3.015907 -3.480512
3.018500 -3.474148
2.835147 -3.290477
-2.866679 -0.446637
2.836199 -3.264037
2.839540 -3.274484
2.839120 -3.271023
1.858689 -2.381721
1.864807 -2.409966
1.849805 -2.432365
1.855594 -2.449976
2.013132 -2.780673
1.978866 -2.753618
1.972524 -2.762877
3.466077 3.766606
1.968399 -2.753106
2.426184 -2.629462
2.386194 -2.667690
2.296437 -2.580096
2.277962 -2.571870
2.494876 -2.444204
2.488540 -2.442881
2.458784 -2.456432
2.471521 -2.451435
-0.843876 -3.334961
3.760741 3.105603
-0.867576 -3.332479
-0.824168 -3.399546
-0.797788 -3.423843
-0.922752 -3.515649
-0.885323 -3.512731
-0.958419 -3.639839
-0.938473 -3.618276
-0.601746 -2.896451
-0.636495 -2.944293
-0.564908 -2.874334
0.174406 5.457803
-0.555760 -2.867153
-0.298698 -3.056308
-0.304578 -3.045812
-0.356900 -3.091615
-0.347636 -3.085020
0.333575 -3.939859
0.337201 -3.945420
0.379721 -3.921154
0.380035 -3.919821
0.313756 -3.713688
0.048772 4.745821
0.346993 -3.718434
0.247028 -3.699804
0.252752 -3.714959
0.472408 -3.433744
0.481613 -3.418836
0.582786 -3.397683
0.585427 -3.407071
0.403423 -3.123805
0.438387 -3.095446
0.458380 -3.156865
1.616727 4.106802
0.451448 -3.127956
1.225966 -3.934289
1.193741 -3.959282
1.224456 -4.010492
1.209889 -3.996842
1.109232 -4.157499
1.090671 -4.160035
1.137867 -4.195724
1.145033 -4.186062
1.639156 -4.136246
0.838844 3.396172
1.641647 3.500988
1.641594 -4.130243
1.594531 -4.152959
1.592298 -4.141950
1.638905 -3.853591
1.641939 -3.867310
1.645643 -3.880760
1.644153 -3.889803
1.031008 -5.040176
1.025393 -5.035974
1.105654 -5.063794
0.595502 3.088593
1.097095 -5.077038
1.020748 -5.242820
1.023171 -5.259180
1.083887 -5.324842
1.130261 -5.367837
0.337397 -5.028997
0.369312 -5.007938
0.333735 -4.989267
0.321159 -4.971349
0.514582 -4.846254
-0.058736 3.140831
0.520123 -4.824083
0.489517 -4.865285
0.490878 -4.867963
0.650072 -6.066311
0.614863 -6.073407
0.626078 -6.154830
0.617281 -6.173209
0.875567 -5.979456
0.858462 -5.964291
0.907920 -5.975514
1.343497 -2.002985
0.876302 -5.977268
0.184938 -5.736166
0.204489 -5.714243
0.200604 -5.755341
0.208883 -5.756949
0.315230 -5.628603
0.300487 -5.613282
0.325334 -5.570984
0.316684 -5.532676
2.543869 0.823853
1.161347 -2.435602
2.523208 0.820870
2.452675 0.839967
2.465325 0.824646
2.300076 0.852682
2.302068 0.838404
2.214630 0.930455
2.216974 0.910312
2.715293 0.372967
2.708272 0.381748
2.702462 0.420849
2.599891 -3.691576
2.708500 0.414708
2.820021 0.210879
2.813546 0.209045
2.828871 0.139911
2.807433 0.135647
2.421135 -0.348813
2.441425 -0.347078
2.400230 -0.400419
2.402509 -0.389434
2.180224 -0.628366
2.797371 -3.402196
2.175789 -0.619336
2.259689 -0.577697
2.272174 -0.584377
1.955603 -0.187061
1.990103 -0.174373
1.912253 -0.225353
1.881560 -0.261906
1.903042 0.136656
1.901510 0.128945
1.934155 0.067698
1.882302 -2.620483
1.934586 0.062095
4.140527 0.622443
4.149111 0.637488
4.199646 0.545704
4.221991 0.555370
4.048560 0.299471
4.033463 0.324985
3.985740 0.393321
3.984351 0.392997
3.559115 0.589120
2.168298 -2.640445
3.541207 0.597569
3.615151 0.713741
3.605806 0.745582
3.787111 0.873052
3.774816 0.857388
3.727060 0.828454
3.736336 0.860371
4.295323 -0.144470
4.285158 -0.147810
4.372447 -0.240444
-0.661142 -3.360934
4.376153 -0.235957
4.615083 -0.036071
4.627265 -0.032210
4.643774 -0.016180
4.660116 0.003888
4.342838 -0.713053
4.351678 -0.700157
4.328574 -0.770707
4.339117 -0.814942
4.685617 -0.633363
1.385317 -3.067729
-0.411076 -3.078820
4.669865 -0.629340
4.700444 -0.675433
4.702197 -0.680212
-1.739529 2.240901
-1.719404 2.234979
-1.712199 2.264499
-1.703118 2.263906
-1.511047 2.434046
-1.525598 2.386034
-1.504472 2.361821
0.466985 -3.735246
-1.496919 2.363947
-2.042112 1.730926
-2.042212 1.727275
-2.021601 1.714208
-2.010528 1.730807
-2.078625 2.038783
-2.085987 2.041348
-2.108138 2.071036
-2.114172 2.075312
-1.370731 1.065590
0.553854 -3.408219
-1.377802 1.052103
-1.294369 1.110530
-1.288119 1.121801
-1.404133 1.360616
-1.393933 1.353514
-1.398483 1.334531
-1.404281 1.327288
-0.979237 1.652948
-0.993900 1.664327
-0.943929 1.724374
1.152747 -4.015458
-0.938764 1.738015
-0.838203 1.442198
-0.838891 1.424578
-0.785718 1.407415
-0.754646 1.377087
0.147611 0.994165
0.154894 1.016213
0.225806 1.013660
0.197645 0.988008
-0.008069 0.784977
1.474560 -3.971495
-0.028993 0.811293
0.074798 0.752400
0.061521 0.748908
0.505508 0.425630
0.495797 0.427325
0.531371 0.380441
0.515678 0.376360
0.610413 0.637205
0.606617 0.633628
0.625326 0.649077
0.926091 -5.119226
0.629835 0.651416
0.341858 -0.378695
0.350061 -0.394874
0.370942 -0.424941
0.391379 -0.421533
0.156812 -0.614674
0.138245 -0.633368
0.134491 -0.545145
0.117239 -0.566036
-0.115810 -0.234320
0.539203 -4.975868
-0.113020 -0.250496
-0.170249 -0.334493
-0.175175 -0.303204
-0.338508 -0.129019
-0.380152 -0.166163
-0.345897 -0.051615
-0.381237 -0.050028
-5.056196 0.463150
-5.054580 0.464129
-5.102324 0.566974
0.675529 -5.791508
-5.094388 0.550278
-5.144358 0.701114
-5.149334 0.716330
-5.083800 0.733588
-5.079459 0.726602
-4.505977 0.507193
-4.501116 0.504876
-4.538483 0.563447
-4.567608 0.606597
-4.594898 0.795020
0.475546 -5.619408
-4.595441 0.799354
-4.559742 0.772350
-4.554255 0.767007
-5.439491 -0.064186
-5.425828 -0.095305
-5.305108 -0.236507
-5.295816 -0.233601
-5.417911 -0.334744
-5.425477 -0.332330
-5.472804 -0.376956
2.355628 0.664891
-5.479272 -0.378299
-5.021208 -0.553127
-5.009501 -0.568350
-4.928976 -0.611790
-4.939527 -0.597952
-4.871006 -0.364654
-4.851248 -0.364028
-4.832329 -0.429699
-4.872342 -0.433151
-5.019453 -1.717743
1.067189 -3.673185
2.659995 0.352618
-5.013279 -1.705629
-5.021801 -1.673711
-4.964695 -1.639211
-5.268535 -1.772421
-5.248199 -1.789544
-5.252898 -1.774473
-5.246413 -1.754435
-5.259144 -2.219034
-5.265886 -2.212529
-5.262297 -2.287092
2.227761 -0.284630
-5.250234 -2.255699
-4.997571 -2.382447
-4.986766 -2.391003
-4.946243 -2.426172
-4.967740 -2.393057
-4.897624 -3.372894
-4.879738 -3.337926
-4.866943 -3.299090
-4.871716 -3.317616
-4.968090 -3.299792
2.036171 -0.075534
-4.997590 -3.286596
-5.009354 -3.334666
-4.988326 -3.325014
-4.503942 -3.060254
-4.508135 -3.069835
-4.497406 -3.030991
-4.479619 -3.029549
-4.407955 -2.839328
-4.385971 -2.821115
-4.326870 -2.765927
4.017068 0.445551
-4.342019 -2.779865
-3.117356 -2.062116
-3.108172 -2.061971
-3.097661 -2.100811
-3.081002 -2.106805
-3.434320 -2.030275
-3.428710 -2.034785
-3.386694 -2.045201
-3.382751 -2.046640
-3.600546 -1.542803
3.759264 0.608685
-3.545680 -1.602479
-3.528828 -1.632210
-3.528987 -1.606029
-3.291158 -1.479277
-3.303751 -1.475250
-3.368682 -1.389743
-3.368934 -1.415499
-1.969345 -1.861795
-1.977442 -1.851457
-1.980767 -1.753101
4.389295 -0.110974
-1.987903 -1.778730
-2.260430 -1.561021
-2.302797 -1.509401
-2.178262 -1.640732
-2.145668 -1.640035
-2.467182 -1.933020
-2.423415 -1.900934
-2.481884 -1.956360
-2.489963 -1.978836
-2.505819 -2.132273
4.389704 -0.490642
-2.504480 -2.135711
-2.586666 -2.204544
-2.559303 -2.173950
-2.236133 0.254342
-2.245265 0.244781
-2.201508 0.199710
-2.199417 0.204404
-2.460610 0.088603
-2.475414 0.099770
-2.435966 0.038260
-1.626178 2.104766
-2.445323 0.032478
-2.804220 0.542525
-2.808446 0.559744
-2.791219 0.562633
-2.773398 0.521017
-3.036270 0.428783
-3.014867 0.408686
-3.001015 0.379587
-2.981118 0.390529
-2.449865 -0.491054
-1.898847 1.945994
-2.427731 -0.484910
-2.468163 -0.535653
-2.481049 -0.522252
-2.402319 -0.790052
-2.390862 -0.794779
-2.404935 -0.735923
-2.406259 -0.753409
-3.104363 -0.554351
-3.104178 -0.573492
-3.096327 -0.486264
-1.283654 1.321486
-3.087424 -0.482403
-3.229354 -0.289712
-3.221896 -0.286192
-3.177693 -0.275306
-3.176702 -0.278514
3.216643 3.838437
3.208481 3.805392
3.124517 3.762331
3.106609 3.736809
3.206725 4.051655
2.063267 0.337154
-0.982685 1.503243
3.199672 4.048598
3.256204 4.078203
3.273389 4.060668
3.893447 3.921100
3.915201 3.926225
3.835340 3.870461
3.831698 3.865472
3.750037 4.169849
3.747058 4.174710
3.816027 4.150495
0.139903 0.706260
3.813677 4.153189
4.185043 2.924401
4.195318 2.902462
4.192974 2.927852
4.187106 2.927326
4.169210 3.134254
4.168988 3.133848
4.266765 3.218192
4.275782 3.229430
3.677519 2.758844
0.413149 0.525888
3.673239 2.758568
3.676803 2.764911
3.694755 2.752038
3.516674 2.920344
3.495995 2.912557
3.554764 2.996442
3.556332 2.991233
0.385245 6.002124
0.365601 5.977368
0.410805 5.928226
0.187745 -0.227799
0.413678 5.921155
0.514133 5.728360
0.510782 5.731553
0.431098 5.674264
0.424965 5.676057
-0.242203 5.965299
-0.250653 5.961450
-0.190976 5.927594
-0.152308 5.888025
-0.193441 5.655526
-0.189017 -0.107581
-0.175897 5.665094
-0.141716 5.722357
-0.137423 5.736984
-0.014287 4.485535
-0.026919 4.492686
0.081066 4.567347
0.065712 4.550644
0.282720 4.822385
0.238848 4.782809
0.307397 4.904251
-4.962619 0.465534
0.284656 4.887498
-0.492265 4.655061
-0.498566 4.638948
-0.539745 4.682886
-0.544829 4.681198
-0.359566 4.895403
-0.361080 4.899656
-0.345554 4.956889
-0.359934 4.978597
1.579921 4.289543
-4.691338 0.465139
1.575621 4.314521
1.581779 4.330377
1.584697 4.335315
1.902044 4.294890
1.920812 4.284556
1.938458 4.265297
1.977480 4.288292
1.699992 4.744490
1.704493 4.764270
1.626638 4.841675
-5.170490 -0.309596
1.637819 4.847588
1.938585 5.033623
1.911152 5.006437
1.831899 4.950366
1.840269 4.948432
1.571472 3.385143
1.585237 3.378414
1.510337 3.401804
1.545098 3.447786
1.739835 3.625864
-4.932722 -0.418094
1.689898 3.575556
1.736519 3.603180
1.718498 3.572856
2.062129 3.204994
2.061072 3.219875
2.064729 3.193121
2.074464 3.191566
1.847279 2.967211
1.836206 2.970214
1.877536 3.008144
-5.082908 -1.826397
1.891054 3.028811
0.682652 3.098740
0.690667 3.066733
0.715804 3.039900
0.711898 3.058790
0.474320 3.346881
0.468326 3.371468
0.549118 3.393796
0.543609 3.373926
0.522616 2.588863
