1023 2
-0.364236 -0.956688
-0.042671 -1.501930
1.361943 -2.008548
5.156649 1.241162
-3.579631 2.321778
-3.527120 2.345977
-3.532026 2.341674
-3.452252 2.061624
-3.454710 2.060434
-3.521171 2.011099
-3.522520 2.007957
-1.674993 2.231273
-1.690435 2.218216
-1.766166 2.170648
4.342113 1.097197
-1.761124 2.167884
-1.973108 2.395918
-1.975938 2.412788
-1.884379 2.447645
-1.892807 2.439842
-2.345714 2.429313
-2.356987 2.443055
-2.390912 2.471622
-2.404126 2.493690
-2.304028 2.079919
4.489280 0.761949
-2.305947 2.080443
-2.249996 2.089664
-2.255776 2.068612
2.326878 3.408469
2.169903 3.691247
3.161788 3.432405
3.081034 3.810589
2.690933 2.004551
2.894627 1.889156
1.993888 2.046119
3.102813 0.901561
1.839035 1.766095
-2.266127 0.906283
-1.907195 1.006048
-1.054770 1.298849
-0.774227 1.059138
-3.152394 0.078277
-3.232984 -0.172691
-4.096692 0.312284
-3.867573 0.650325
-1.670995 -0.528668
2.629183 1.862201
-1.638599 -0.238806
-0.659574 -0.055888
-0.923236 -0.273083
-3.093493 2.383061
-3.330771 2.212363
-1.959373 2.195203
-2.267775 2.192597
-3.774862 -3.334205
-3.586649 -3.298629
-3.431281 -3.644959
-1.907505 0.478923
-3.272023 -3.573434
-3.664430 -2.303829
-3.590287 -2.343923
-3.096215 -2.662860
-3.254140 -2.607702
-1.643788 -2.440746
-1.778196 -2.270016
-1.794295 -2.876482
-1.917180 -2.782974
-0.933866 -2.117340
-1.216031 0.004394
-0.762785 -2.211497
-0.906597 -2.732229
-0.699232 -2.665344
-2.137200 -4.721177
-2.020551 -4.622686
-2.219831 -5.221652
-2.295382 -5.094083
-1.498328 -5.188547
-1.368638 -5.085042
-1.231905 -5.652818
-3.227030 -3.055695
-1.420488 -5.681580
-0.498351 -4.646655
-0.483689 -4.494954
-0.235524 -5.021318
-0.127532 -4.962431
0.152839 -4.206841
0.303865 -4.078439
0.499833 -4.725986
0.618437 -4.566225
0.121426 5.160879
-1.394909 -2.766813
0.080415 5.002174
0.020748 4.481095
0.199614 4.566195
-0.875026 4.702442
-0.801404 4.852424
-0.786114 5.314198
-0.944515 5.226073
-1.612894 4.311594
-1.817462 4.268622
-1.783291 3.812779
-1.480130 -4.857877
-1.602132 3.766438
-0.777260 3.447259
-0.738496 3.280438
-0.286790 3.591528
-0.365698 3.435091
1.469865 -2.938063
1.615079 -2.999027
1.866982 -2.513869
1.981511 -2.663730
1.292619 -1.739870
-0.382719 -4.592720
1.545112 -1.720396
1.022826 -2.070949
1.140303 -2.209942
3.515995 -3.450819
3.631999 -3.310787
3.033426 -3.625758
3.198950 -3.766253
3.053710 -2.241370
3.111636 -2.330821
3.391033 -2.574243
-0.603476 4.612534
3.472208 -2.412634
3.393177 -0.484134
3.574399 -0.551514
3.592024 0.009822
3.703336 -0.143535
2.385250 0.220409
2.421094 -0.034562
2.901114 0.099761
2.788503 -0.138554
5.314688 0.674923
-0.606503 -0.329793
-0.683785 3.926917
5.471604 0.808134
5.243207 1.381763
5.237058 1.230195
4.331586 1.249068
4.203216 1.100397
4.419098 0.599596
4.565223 0.716676
2.395647 3.421786
2.234661 3.303257
2.004731 3.687339
1.392014 -2.113417
2.184869 3.778937
3.170868 3.435730
3.331240 3.376349
3.066236 3.985907
3.238353 3.967445
2.749751 2.155101
2.687376 1.937541
2.991816 1.792142
3.090331 1.918695
2.036015 2.127887
3.027449 -2.812300
1.918072 2.104858
1.619176 1.760165
1.725190 1.545732
-2.359094 0.791656
-2.460204 1.020821
-1.931386 1.058418
-1.795652 1.047060
-1.062657 1.435037
-0.903427 1.421061
-0.738731 0.984546
3.119752 0.082029
-0.610811 1.102458
-3.064975 0.089189
-3.283766 0.166729
-3.200108 -0.311483
-3.402550 -0.364991
-4.221757 0.348755
-4.113750 0.248634
-3.906086 0.799979
-3.963178 0.670485
-1.679211 -0.638230
4.467808 0.965073
-1.836612 -0.659774
-1.761712 -0.233053
-1.679789 -0.133014
-0.585586 0.047281
-0.487322 -0.105179
-0.846591 -0.427080
-0.978877 -0.258646
-3.022600 2.426028
-3.121051 2.554469
-3.477135 2.318279
2.711353 3.251507
-3.417291 2.095797
-1.843324 2.182486
-1.956824 2.328590
-2.345905 2.391853
-2.287718 2.135339
-3.846063 -3.373870
-3.881202 -3.297856
-3.574706 -3.281407
-3.564600 -3.314475
-3.459567 -3.698944
2.524415 1.886986
-3.476505 -3.715062
-3.189117 -3.585678
-3.214041 -3.626740
-3.726397 -2.238164
-3.680744 -2.282373
-3.568831 -2.353663
-3.645912 -2.276285
-3.032637 -2.692140
-3.029607 -2.663554
-3.210180 -2.541583
-1.784380 0.790378
-3.281600 -2.578272
-1.629091 -2.445983
-1.582929 -2.373153
-1.815684 -2.200562
-1.787375 -2.229740
-1.793135 -2.897819
-1.764396 -2.953643
-1.968177 -2.715616
-1.981591 -2.819356
-0.929702 -2.077050
-3.158808 0.199719
-0.934469 -2.089309
-0.706645 -2.218216
-0.739148 -2.173511
-0.954027 -2.804474
-0.888224 -2.735885
-0.645462 -2.656573
-0.671733 -2.675132
-2.136722 -4.751114
-2.218740 -4.653383
-2.030474 -4.589458
-1.217095 -0.156396
-1.975693 -4.557759
-2.189106 -5.252710
-2.266154 -5.301772
-2.382323 -5.117193
-2.413303 -5.193599
-1.520554 -5.238343
-1.419455 -5.219564
-1.394863 -5.122212
-1.308447 -5.026608
-1.184474 -5.622011
-1.336708 -3.102475
-2.343858 2.012010
-1.150045 -5.720606
-1.424704 -5.737319
-1.460157 -5.715625
-0.521303 -4.700216
-0.590407 -4.678869
-0.461707 -4.431278
-0.561566 -4.469445
-0.247530 -5.048526
-0.224203 -5.148547
-0.073989 -5.030904
-3.417439 -3.352883
-0.069715 -4.958293
0.111931 -4.163156
0.135229 -4.199472
0.315522 -4.037057
0.329736 -4.019724
0.510704 -4.757485
0.528417 -4.776551
0.724145 -4.549300
0.699408 -4.559708
0.216245 5.205611
-3.349471 -2.713204
0.104866 5.243552
0.095225 5.024478
0.134597 4.963683
-0.012038 4.501920
-0.013029 4.413185
0.271192 4.519790
0.241484 4.554263
-0.927598 4.640694
-0.882090 4.687802
-0.865441 4.844302
-1.652719 -2.714830
-0.735197 4.914620
-0.733715 5.439695
-0.823980 5.384521
-1.005983 5.215107
-1.015786 5.295282
-1.594719 4.323052
-1.636949 4.383734
-1.878185 4.322280
-1.845991 4.269695
-1.823439 3.774044
-1.123676 -2.585129
-1.748445 3.810915
-1.574266 3.747272
-1.594115 3.710383
-0.826413 3.431441
-0.807253 3.443588
-0.772709 3.204957
-0.715398 3.206084
-0.270347 3.615092
-0.226752 3.570800
-0.331348 3.345621
-1.975548 -4.901733
-0.310654 3.395049
1.428483 -2.945950
1.424909 -2.981369
1.651618 -3.071748
1.673780 -3.067183
1.885210 -2.461653
1.875113 -2.473712
2.004925 -2.699677
2.047377 -2.682458
1.256393 -1.660435
-1.402818 -5.059609
1.299184 -1.706246
1.557186 -1.713288
1.586419 -1.669090
0.946178 -2.113628
0.938206 -2.012801
1.154812 -2.239398
1.105289 -2.280804
3.542915 -3.499889
3.599685 -3.523382
3.665903 -3.324761
-0.319493 -4.726724
3.686137 -3.253855
3.007087 -3.683963
2.985264 -3.649406
3.216151 -3.794484
3.228942 -3.844270
3.029742 -2.187085
3.024319 -2.194501
3.107885 -2.323784
3.144585 -2.236582
3.420333 -2.587503
0.196257 -4.484012
3.469375 -2.664125
3.508325 -2.411376
3.566624 -2.364960
3.375932 -0.548727
3.348623 -0.535114
3.623005 -0.630605
3.643267 -0.599003
3.632071 0.073752
3.592324 0.060078
3.779395 -0.136054
-0.052041 4.673184
3.752206 -0.177926
2.368826 0.249485
2.353419 0.227657
2.336875 -0.106054
2.345427 -0.066018
2.909334 0.112037
2.933672 0.139641
2.799672 -0.189694
2.767661 -0.180018
5.340002 0.612498
0.630514 -1.669008
-0.729637 4.834693
5.337146 0.586681
5.521686 0.834254
5.497718 0.782593
5.294094 1.439470
5.267084 1.403572
5.220438 1.257543
5.316479 1.225893
4.327312 1.325357
4.330515 1.319815
4.154774 1.108637
-1.548239 4.041982
4.237188 1.058225
4.395704 0.501455
4.398790 0.556607
4.620242 0.674414
4.590642 0.686280
2.424172 3.422060
2.466885 3.358566
2.182546 3.246800
2.244596 3.292061
1.944162 3.716403
-0.594331 3.658199
1.971292 3.653552
2.186206 3.890848
2.185294 3.813317
3.169598 3.484234
3.114768 3.376044
3.384531 3.405739
3.399226 3.344273
3.037833 4.153123
3.059121 4.027251
3.320662 4.001956
1.623771 -2.608144
3.261971 3.999069
2.827455 2.263780
2.763065 2.196232
2.667560 1.858101
2.713622 1.935048
3.007128 1.762526
3.048504 1.747875
3.139574 1.953001
3.144639 1.933325
2.008706 2.164541
1.300499 -2.023061
2.041202 2.144249
1.881948 2.124722
1.840661 2.212241
1.574452 1.723493
1.510888 1.784817
1.709487 1.514246
1.650181 1.458523
-2.376761 0.736707
-2.425586 0.735534
-2.536363 1.069406
3.177003 -3.231753
-2.434821 1.001476
-2.004631 1.156912
-1.982360 1.129623
-1.749814 1.063258
-1.754990 1.067485
-1.103006 1.442263
-1.016818 1.538307
-0.830135 1.390384
-0.878475 1.516394
-0.702419 0.926432
3.205496 -2.561136
-0.708074 0.908355
-0.551173 1.098212
-0.518710 1.139016
-3.037801 0.067823
-2.980834 0.098995
-3.342692 0.171683
-3.339046 0.246579
-3.186777 -0.347853
-3.211559 -0.400912
-3.514553 -0.396939
3.312536 -0.075370
-3.444487 -0.456785
-4.308063 0.351044
-4.262591 0.373324
-4.098445 0.197920
-4.159388 0.168857
-3.986601 0.902292
-3.917381 0.860011
-3.954482 0.693023
-4.037810 0.648614
-1.680210 -0.711494
2.864149 0.053323
-1.681532 -0.716751
-1.895160 -0.691549
-1.906646 -0.714938
-1.815843 -0.214857
-1.848053 -0.226898
-1.714034 -0.028147
-1.688327 -0.097559
-0.584460 0.111711
-0.473320 0.100557
-0.428426 -0.099139
5.011628 0.989326
-0.403793 -0.081446
-0.768681 -0.539226
-0.829762 -0.461414
-0.965920 -0.245322
-1.001866 -0.270520
-2.975047 2.459561
-3.014496 2.427597
-3.130727 2.656569
-3.172103 2.633281
-3.561338 2.325901
2.775206 1.181162
4.444957 0.934628
-3.527174 2.346711
-3.444624 2.066779
-3.505600 2.016202
-1.706030 2.215246
-1.771414 2.166503
-1.967431 2.385734
-1.890382 2.426684
-2.358835 2.429753
-2.376888 2.464828
-2.309254 2.094077
2.406224 3.457382
-2.253272 2.073456
-3.851151 -3.381098
-3.868137 -3.400997
-3.901184 -3.281981
-3.875336 -3.293228
-3.548212 -3.272156
-3.561599 -3.278016
-3.554118 -3.328642
-3.560229 -3.310891
-3.481286 -3.718043
2.994585 3.497629
-3.460894 -3.754087
-3.491281 -3.738296
-3.488861 -3.726267
-3.149422 -3.579769
-3.173898 -3.594054
-3.198488 -3.655387
-3.207202 -3.627492
-3.735695 -2.225032
-3.736613 -2.223987
-3.659580 -2.295237
2.653922 1.915759
-3.682107 -2.266908
-3.581365 -2.338829
-3.551213 -2.366556
-3.644569 -2.275090
-3.663866 -2.257762
-3.022008 -2.703299
-3.027913 -2.694126
-3.023756 -2.660960
-3.034651 -2.655098
-3.204441 -2.516755
2.054341 1.854457
-3.185106 -2.502109
-3.284119 -2.589736
-3.269235 -2.573941
-1.626024 -2.454391
-1.616995 -2.446629
-1.582960 -2.377820
-1.542280 -2.331593
-1.825673 -2.182378
-1.828936 -2.176409
-1.780909 -2.227087
-1.916934 0.903999
-1.776107 -2.232123
-1.786252 -2.920161
-1.802229 -2.907408
-1.742404 -2.950038
-1.776214 -2.934996
-1.961681 -2.660591
-1.988138 -2.712445
-1.999514 -2.814844
-2.032837 -2.852438
-0.933677 -2.071150
-1.113397 1.096108
-0.911951 -2.069854
-0.933586 -2.084087
-0.957347 -2.073521
-0.708821 -2.199353
-0.673936 -2.229366
-0.718917 -2.147768
-0.745435 -2.147748
-0.948221 -2.807583
-0.953898 -2.806670
-0.872217 -2.717865
-3.175599 -0.004857
-0.887796 -2.738059
-0.619493 -2.658695
-0.640136 -2.659637
-0.666917 -2.676116
-0.669878 -2.680784
-2.137513 -4.772624
-2.143296 -4.744257
-2.272745 -4.612660
-2.237150 -4.643040
-2.031823 -4.577111
-3.752677 0.364984
-1.995580 -4.555672
-1.978663 -4.560748
-1.944304 -4.522717
-2.176106 -5.247107
-2.189426 -5.258699
-2.283529 -5.360813
-2.276796 -5.333452
-2.407984 -5.099309
-2.409586 -5.123883
-2.421026 -5.204210
-1.546973 -0.326058
-2.414677 -5.196131
-1.535716 -5.264502
-1.562361 -5.286185
-1.416520 -5.209956
-1.431472 -5.208240
-1.422938 -5.145330
-1.412088 -5.137609
-1.284163 -5.016235
-1.267046 -4.989395
-1.190734 -5.635156
-1.213514 0.015841
-0.898057 -0.144536
-1.200243 -5.644560
-1.117269 -5.747469
-1.146176 -5.718804
-1.425640 -5.740962
-1.400915 -5.731250
-1.472485 -5.729162
-1.471070 -5.720176
-0.526915 -4.718626
-0.547541 -4.718103
-0.595373 -4.672987
-3.112944 2.252659
-0.610221 -4.703155
-0.475460 -4.408578
-0.466565 -4.433148
-0.567717 -4.479605
-0.575736 -4.456643
-0.261558 -5.038564
-0.252135 -5.066688
-0.210542 -5.179148
-0.219474 -5.153486
-0.067299 -5.044825
-2.191376 2.127125
-0.066362 -5.039601
-0.099401 -4.922818
-0.046244 -4.983466
0.101385 -4.147632
0.108642 -4.147788
0.143213 -4.207047
0.145063 -4.208024
0.318890 -4.018700
0.321435 -4.013057
0.335281 -4.003451
-3.618974 -3.316252
0.340110 -3.993088
0.519545 -4.782615
0.525043 -4.773672
0.541632 -4.811337
0.556763 -4.818952
0.723049 -4.553339
0.740194 -4.540565
0.721389 -4.556365
0.750769 -4.537297
0.216492 5.222004
-3.365038 -3.509875
0.237750 5.226210
0.121344 5.252915
0.108060 5.259871
0.092289 5.043881
0.100595 5.033730
0.114499 4.995195
0.123916 4.977481
-0.049465 4.524636
-0.050259 4.527866
-0.022049 4.405617
-3.534326 -2.458322
0.004214 4.386143
0.327500 4.471210
0.294225 4.498650
0.254428 4.541694
0.259087 4.528899
-0.940791 4.621926
-0.927820 4.633006
-0.879149 4.694171
-0.889835 4.669650
-0.890045 4.877687
-3.241573 -2.658028
-0.905298 4.828249
-0.723576 4.905922
-0.750103 4.913912
-0.711952 5.498773
-0.726709 5.473863
-0.833174 5.422884
-0.812126 5.425679
-1.034370 5.217724
-1.019479 5.224525
-1.019676 5.303017
-1.679662 -2.458410
-1.020802 5.307059
-1.599404 4.323482
-1.602173 4.320327
-1.658736 4.415121
-1.651975 4.402126
-1.873505 4.336080
-1.895997 4.333694
-1.864851 4.262956
-1.864697 4.241035
-1.844702 3.752667
-1.806633 -2.753009
-1.834780 3.757416
-1.751905 3.821660
-1.748372 3.818317
-1.559495 3.732007
-1.577971 3.741521
-1.602984 3.704836
-1.611573 3.685273
-0.836723 3.443322
-0.829488 3.424974
-0.811493 3.430001
-0.914749 -2.288535
-0.797434 3.448526
-0.775811 3.207441
-0.779424 3.202942
-0.721007 3.197063
-0.708409 3.188152
-0.276484 3.604387
-0.267130 3.617777
-0.208475 3.565448
-0.210184 3.542671
-0.319612 3.347021
-1.545859 -2.983436
-0.886245 -2.673423
-0.317897 3.354701
-0.285908 3.374371
-0.287522 3.393832
1.443462 -2.962801
1.410293 -2.947778
1.426391 -2.986285
1.401028 -3.001153
1.643293 -3.090703
1.639885 -3.081381
1.666088 -3.072304
-2.056006 -4.763619
1.674264 -3.067309
1.885893 -2.453868
1.899991 -2.437077
1.877977 -2.470790
1.868602 -2.479404
2.005022 -2.697488
2.041014 -2.733693
2.064176 -2.690101
2.078154 -2.700124
1.262821 -1.657362
-2.165350 -5.070361
1.249405 -1.653118
1.300818 -1.691022
1.318121 -1.711047
1.551174 -1.711650
1.564679 -1.713505
1.605544 -1.653628
1.569960 -1.675535
0.941179 -2.115150
0.952636 -2.119615
0.936098 -2.004590
-1.417737 -5.090508
0.931375 -2.008516
1.157710 -2.243298
1.160122 -2.270684
1.090613 -2.308315
1.102559 -2.302513
3.543915 -3.499266
3.535734 -3.501139
3.619839 -3.553776
3.644982 -3.565072
3.672462 -3.355137
-1.353665 -5.559997
3.679450 -3.336339
3.708570 -3.215508
3.698126 -3.245060
2.991944 -3.688532
2.994375 -3.696115
2.982527 -3.661841
2.978975 -3.647422
3.233500 -3.804956
3.234384 -3.789715
3.231772 -3.870040
-0.404375 -4.602376
3.238458 -3.880588
3.029757 -2.182497
3.010146 -2.160990
3.009815 -2.175336
2.994310 -2.156036
3.100741 -2.319854
3.099808 -2.331492
3.131939 -2.202683
3.181962 -2.249418
3.433562 -2.590804
-0.232091 -4.889568
3.438044 -2.595660
3.454796 -2.660511
3.466344 -2.641813
3.524045 -2.398851
3.512583 -2.395145
3.607145 -2.340047
3.594510 -2.345905
3.377032 -0.556370
3.365454 -0.561588
3.325971 -0.559318
0.202409 -4.224286
3.348456 -0.524002
3.619155 -0.638586
3.620827 -0.647209
3.672724 -0.618343
3.670514 -0.612811
3.633770 0.082819
3.615830 0.032755
3.581780 0.071990
3.636789 0.107789
3.772682 -0.126029
0.456123 -4.579704
3.800498 -0.146551
3.776546 -0.167579
3.802176 -0.201649
2.364675 0.261434
2.359781 0.260804
2.326092 0.222782
2.338116 0.249696
2.310417 -0.119516
2.316703 -0.111112
2.329872 -0.046458
0.050425 4.971801
2.300839 -0.085854
2.907368 0.124656
2.914009 0.114884
2.934030 0.136336
2.947902 0.151215
2.800850 -0.201314
2.806129 -0.206657
2.758216 -0.211591
2.769987 -0.186858
5.340680 0.587077
-1.135893 -4.536650
0.066107 4.577179
5.342622 0.592112
5.347980 0.580420
5.346740 0.582197
5.543600 0.835425
5.545820 0.846473
5.511671 0.789900
5.508419 0.787234
5.303493 1.445112
5.317935 1.462392
5.297809 1.449737
-0.793104 4.805931
5.289021 1.415874
5.218529 1.263800
5.204515 1.268188
5.318738 1.227931
5.340533 1.210197
4.324552 1.323422
4.328205 1.338860
4.330875 1.320884
4.332551 1.348363
4.129104 1.108973
-0.808553 5.193488
4.130147 1.109767
4.242043 1.048618
4.253442 1.034708
4.407059 0.486393
4.407969 0.494107
4.397276 0.557287
4.378432 0.543682
4.620321 0.662963
4.655156 0.667645
4.590184 0.673780
-1.645175 4.235345
4.594772 0.676760
2.433473 3.421053
2.423941 3.416766
2.489524 3.381140
2.452830 3.356325
2.154269 3.205789
2.164808 3.237799
2.240858 3.278769
2.238026 3.280355
1.871128 3.751389
-1.657341 3.864430
1.925075 3.723490
1.961197 3.637852
1.954795 3.641572
2.190170 3.907715
2.190689 3.907805
2.177535 3.833837
2.184973 3.833453
3.160838 3.476255
3.147955 3.477608
3.105964 3.399345
-0.710010 3.448507
3.112082 3.385712
3.394742 3.400550
3.410020 3.406510
3.413283 3.332621
3.402470 3.341856
3.046609 4.194393
3.026539 4.155449
3.056805 4.044723
3.057631 4.052947
3.334884 4.012125
-0.457484 3.572167
3.332248 4.011102
3.261077 4.009094
3.264284 4.018121
2.827431 2.270844
2.826305 2.264196
2.748378 2.181302
2.772903 2.215132
2.657292 1.843032
2.658963 1.852958
2.725503 1.931102
1.587307 -2.891179
2.684532 1.996783
2.986825 1.784290
2.992987 1.761501
3.047669 1.757382
3.055349 1.738125
3.135912 1.961196
3.138717 1.957059
3.171491 1.947090
3.165959 1.941160
1.979942 2.180807
1.843322 -2.579847
2.007552 2.148879
2.036337 2.158455
2.042212 2.152286
1.854900 2.148314
1.818017 2.193073
1.824838 2.207967
1.832054 2.221627
1.551400 1.742464
1.572096 1.718388
1.499759 1.785091
1.343876 -1.872214
1.466040 1.812696
1.716336 1.509713
1.697530 1.499816
1.627357 1.454518
1.658088 1.464500
-2.395997 0.730379
-2.365010 0.735134
-2.440057 0.723474
-2.452620 0.719195
-2.590064 1.113489
-0.637786 4.129699
1.149558 -2.117664
-2.561106 1.089921
-2.444487 1.002867
-2.432412 0.991033
-2.035270 1.172774
-2.019272 1.182974
-2.002786 1.147925
-2.013584 1.168609
-1.730260 1.078981
-1.749535 1.063524
-1.749005 1.062930
3.449276 -3.317935
-1.743449 1.069286
-1.118251 1.440930
-1.083201 1.460302
-0.989336 1.585083
-1.006313 1.565140
-0.792371 1.390542
-0.841841 1.418408
-0.878873 1.520908
-0.868453 1.510237
-0.686776 0.914068
3.132969 -3.485301
-0.711016 0.918337
-0.703107 0.899992
-0.703799 0.903041
-0.537592 1.095021
-0.547358 1.088304
-0.499228 1.145236
-0.491829 1.155013
-3.015785 0.055374
-3.043983 0.065550
-2.956550 0.100660
3.126338 -2.377650
-2.964882 0.100712
-3.341855 0.176850
-3.363241 0.186350
-3.327672 0.247978
-3.346778 0.243130
-3.183678 -0.356444
-3.159873 -0.347227
-3.202631 -0.413342
-3.235982 -0.426398
-3.550182 -0.422917
3.374151 -2.488473
-3.529187 -0.393812
-3.440547 -0.467456
-3.429129 -0.476873
-4.357146 0.357144
-4.324266 0.351568
-4.281853 0.380472
-4.306365 0.383061
-4.090750 0.189674
-4.103474 0.194069
-4.167856 0.158085
3.455668 -0.403110
-4.182519 0.142466
-4.002732 0.929252
-3.998893 0.913213
-3.922511 0.915449
-3.918733 0.900785
-3.941319 0.691984
-3.952219 0.704808
-4.038057 0.658464
-4.049445 0.656182
-1.682029 -0.716290
3.579478 -0.066999
-1.688963 -0.706001
-1.697333 -0.743657
-1.666842 -0.743054
-1.892007 -0.687237
-1.917385 -0.707538
-1.920887 -0.720353
-1.934827 -0.738479
-1.822541 -0.211392
-1.838094 -0.209151
-1.868817 -0.208792
2.549357 0.042322
-1.845910 -0.208149
-1.728611 -0.005325
-1.734075 0.000275
-1.675225 -0.084571
-1.679214 -0.109054
-0.585136 0.115690
-0.597255 0.117977
-0.454512 0.100740
-0.471172 0.124397
-0.416398 -0.091867
2.828207 -0.026642
-0.406611 -0.099103
-0.377234 -0.063953
-0.392583 -0.073268
-0.752242 -0.566081
-0.745342 -0.565939
-0.812825 -0.468589
-0.812829 -0.474878
-0.969198 -0.236450
-0.958487 -0.247463
-1.024476 -0.274276
5.248576 0.811554
-1.001542 -0.273459
-2.970412 2.471908
-2.970259 2.464292
-3.004275 2.446564
-3.001950 2.435942
-3.116227 2.690109
-3.140462 2.681950
-3.176288 2.645141
-3.186982 2.627405
-3.583124 2.325957
