1023 2
0.044021 -0.400316
-0.927082 0.126769
-1.238647 1.215390
1.728441 -3.142568
2.281875 1.567347
2.220676 1.609199
2.220460 1.610203
2.331884 1.359703
2.343404 1.352932
2.406246 1.368645
2.435646 1.365192
1.862470 2.144025
1.848005 2.154385
1.816087 2.119356
1.998918 -4.053499
1.847782 2.134293
1.582290 2.372840
1.593635 2.366934
1.747869 2.387193
1.731813 2.361013
2.005506 2.675181
2.027997 2.655077
2.066921 2.594036
2.068713 2.598189
2.246905 2.489205
1.655110 -3.862022
2.243196 2.490929
2.378091 2.593808
2.353222 2.592099
1.938915 -0.949854
2.412636 -1.149579
1.463403 -1.723240
1.283411 -1.551751
0.252490 -2.150817
0.190659 -1.814579
0.738919 -0.760370
2.130664 -2.856877
0.669453 -0.504916
5.632024 0.240134
5.350991 0.177561
5.548541 -0.608761
5.149434 -0.632342
4.195287 1.118812
4.193604 1.492483
4.988443 1.882316
5.004507 1.603590
3.407340 3.044553
1.327142 -1.258607
3.522798 3.406435
2.713457 3.684729
2.553714 4.054738
2.730018 1.745760
2.398319 1.562878
1.917423 2.284412
2.181891 2.430771
-2.372056 -3.830826
-2.240841 -4.020208
-2.797498 -4.031423
4.085543 1.376827
-2.712376 -4.194823
-3.310293 -1.044814
-3.496935 -1.123266
-3.344425 -1.646563
-3.266080 -1.423067
-4.519154 -0.504241
-4.625271 -0.312745
-4.963894 -0.576982
-5.141480 -0.428093
-4.803630 0.653235
2.905223 2.454040
-4.901011 0.503274
-4.314577 0.560839
-4.417753 0.374618
-5.113147 -2.026106
-5.350865 -2.063823
-4.708890 -2.199080
-4.898096 -2.337818
-5.322541 -2.927123
-5.408962 -3.043677
-5.100730 -3.489112
-3.579699 -1.512453
-4.999884 -3.369919
-3.691003 -3.170882
-3.541195 -3.302618
-3.785295 -2.847983
-3.545788 -2.695836
-2.678169 -2.394492
-2.779806 -2.517752
-2.202107 -2.562743
-2.252735 -2.717494
-0.738957 3.263256
-4.500615 -0.608274
-0.886205 3.303227
-1.047787 2.832218
-0.844823 2.806042
-1.800040 2.311480
-1.585087 2.372670
-2.214666 2.136095
-2.063437 2.009485
-2.749355 0.791373
-2.662546 0.598854
-2.126987 0.862082
-4.782421 -2.518482
-2.350738 0.885867
-1.814999 0.224496
-1.619429 0.213521
-1.604554 -0.392526
-1.771721 -0.254613
-2.310034 3.812294
-2.446530 3.974477
-2.068981 4.303341
-2.016949 4.137458
-2.813488 3.147102
-3.536327 -2.565164
-2.821346 3.314117
-3.327414 3.397753
-3.179066 3.552835
-0.965088 1.261778
-0.978341 1.078788
-0.733493 1.631898
-0.578664 1.722343
-0.256797 1.048589
-0.184617 0.880319
0.074315 1.371248
-1.636654 2.073723
0.050445 1.539704
3.834520 -3.443914
4.023821 -3.348972
3.849532 -3.854844
3.693343 -3.904168
3.397931 -2.361186
3.559997 -2.463162
3.429167 -2.850333
3.190345 -2.894140
2.114785 -2.927024
1.124331 -0.937272
-2.068812 0.542901
2.233554 -3.087819
1.705361 -3.058370
1.642543 -3.251219
2.116681 -4.294961
2.007965 -4.141158
1.627702 -3.963983
1.520354 -3.877027
1.939393 -0.836707
2.014315 -0.956621
2.462215 -1.074604
-2.523171 3.466018
2.492220 -1.239301
1.586701 -1.741039
1.457668 -1.901839
1.183888 -1.619530
1.242679 -1.481172
0.146454 -2.343675
0.344151 -2.361827
0.144016 -1.779599
-0.002983 -1.902216
0.914265 -0.687618
-0.831871 1.297115
0.675549 -0.820887
0.722746 -0.408175
0.568010 -0.317159
5.892662 0.354851
5.682685 0.337706
5.265045 0.240562
5.254702 0.101583
5.655400 -0.634325
5.544180 -0.749115
5.063913 -0.732292
3.304973 -3.080267
5.079764 -0.598011
4.222189 1.027570
4.195416 0.945853
4.284413 1.542878
4.123587 1.588285
4.991823 2.098431
5.086526 1.938008
4.987357 1.572485
5.161623 1.542067
3.363396 3.062591
2.000956 -3.230736
3.543042 2.959180
3.508708 3.482252
3.684434 3.512170
2.751219 3.746309
2.628842 3.609737
2.436613 4.106010
2.549959 4.246297
2.804819 1.766212
2.826221 1.564175
2.274375 1.570681
1.486330 -1.304286
2.383880 1.395446
1.866098 2.169885
1.778986 2.337502
2.072354 2.589370
2.266073 2.504821
-2.324249 -3.840203
-2.401673 -3.794498
-2.173233 -4.082743
-2.223422 -4.006786
-2.810150 -4.041713
0.619797 -1.358048
-2.830615 -4.026316
-2.729028 -4.260906
-2.677825 -4.271080
-3.263419 -1.012407
-3.280222 -0.998459
-3.520669 -1.055045
-3.499505 -1.068609
-3.287428 -1.707655
-3.350393 -1.657144
-3.180903 -1.418458
5.359726 -0.010216
-3.256480 -1.441126
-4.496293 -0.528620
-4.486378 -0.512942
-4.613225 -0.307603
-4.672767 -0.241759
-5.002863 -0.564225
-5.105944 -0.604624
-5.172924 -0.403973
-5.209921 -0.441303
-4.807493 0.709762
4.199092 1.401027
-4.770440 0.704659
-4.957510 0.519282
-4.877614 0.440123
-4.239432 0.604927
-4.285865 0.588067
-4.441416 0.327662
-4.367971 0.368738
-5.107647 -1.989193
-5.142489 -1.958517
-5.397978 -2.073648
3.041393 3.091131
-5.451429 -2.026895
-4.669451 -2.171281
-4.638946 -2.183892
-4.884156 -2.367599
-4.932869 -2.347267
-5.275781 -2.907591
-5.375798 -2.910995
-5.493978 -3.048502
-5.482848 -3.117309
-5.121829 -3.567718
-3.872843 -1.506622
2.573939 2.176873
-5.140331 -3.632454
-4.953766 -3.385759
-4.968797 -3.372580
-3.737359 -3.188489
-3.737446 -3.199925
-3.503235 -3.361989
-3.512888 -3.375087
-3.780799 -2.872638
-3.815442 -2.824740
-3.556493 -2.616952
-2.617367 -3.846465
-3.480794 -2.628997
-2.661133 -2.339580
-2.605320 -2.285980
-2.793226 -2.575901
-2.803798 -2.526070
-2.142169 -2.526574
-2.140292 -2.530780
-2.199063 -2.775502
-2.220314 -2.717986
-0.704080 3.263590
-3.463655 -1.371692
-0.689516 3.286578
-0.857449 3.397223
-0.890918 3.457172
-1.091708 2.793041
-1.038850 2.864632
-0.768295 2.787788
-0.814296 2.749252
-1.798203 2.347259
-1.846744 2.296153
-1.556524 2.396477
-4.627811 -0.546121
-1.543193 2.415695
-2.321057 2.186662
-2.251054 2.123956
-2.104506 1.994705
-2.039932 1.933127
-2.804344 0.812734
-2.799833 0.830077
-2.666451 0.609790
-2.737338 0.540153
-2.043638 0.930292
-4.581127 0.364061
-2.089259 0.881635
-2.341957 0.944243
-2.376465 0.891797
-1.851510 0.218609
-1.834680 0.215768
-1.565395 0.248223
-1.600341 0.183114
-1.593223 -0.423820
-1.573365 -0.428787
-1.820426 -0.298031
-4.882547 -2.323685
-1.763208 -0.258681
-2.313098 3.826431
-2.257461 3.746218
-2.518784 4.000045
-2.456371 4.041468
-2.054531 4.402340
-2.032176 4.435825
-1.954226 4.094362
-2.009386 4.149935
-2.839413 3.095021
-5.091524 -3.019126
-2.810035 3.106919
-2.819391 3.348785
-2.881372 3.254205
-3.422397 3.339512
-3.326193 3.412977
-3.200723 3.565207
-3.196073 3.607548
-0.948434 1.303689
-1.042044 1.237808
-1.020927 1.038015
-3.577564 -2.798533
-0.984748 1.061024
-0.758769 1.710617
-0.746568 1.665124
-0.525372 1.747730
-0.557664 1.769455
-0.248475 1.035164
-0.308389 1.021304
-0.187162 0.803642
-0.164384 0.795891
0.157511 1.342957
-2.628962 -2.588365
0.080709 1.404665
0.074297 1.586522
0.091481 1.612879
3.827823 -3.425333
3.898528 -3.494435
4.093806 -3.361589
4.053850 -3.333401
3.889313 -3.919882
3.920724 -3.921643
3.707470 -4.021888
-0.973159 2.966256
3.649846 -3.973954
3.391703 -2.337399
3.373260 -2.294764
3.573779 -2.495462
3.644174 -2.405108
3.448343 -2.878620
3.501643 -2.834139
3.123843 -2.885884
3.159327 -2.967534
2.114846 -2.880914
-1.315770 1.057049
-1.778630 2.149661
2.094723 -2.883865
2.253610 -3.097963
2.319036 -3.148702
1.640816 -3.007887
1.741193 -3.041955
1.590776 -3.304922
1.643997 -3.258734
2.128970 -4.340545
2.137925 -4.318917
1.999911 -4.149499
-2.298972 0.676104
2.012695 -4.158222
1.615110 -3.983874
1.597013 -4.030465
1.434438 -3.888216
1.447274 -3.915201
1.908669 -0.760380
1.982852 -0.818388
2.015667 -0.999799
2.086515 -0.882858
2.504217 -1.048470
-1.827238 0.175726
2.525723 -1.014159
2.582919 -1.320807
2.535637 -1.268192
1.649278 -1.700075
1.678891 -1.745206
1.469842 -1.957194
1.430908 -1.986564
1.036952 -1.707681
1.101004 -1.684249
1.253501 -1.465856
-2.325129 3.887370
1.190508 -1.428455
0.107307 -2.406767
0.146773 -2.395926
0.323581 -2.390573
0.333148 -2.410074
0.096807 -1.739736
0.139795 -1.797088
-0.099600 -1.912696
-0.040304 -1.931761
0.916225 -0.699254
-2.766226 3.413585
0.976986 -0.636672
0.661304 -0.826763
0.592338 -0.889540
0.755719 -0.367523
0.762307 -0.310758
0.537774 -0.224872
0.602306 -0.276508
5.945149 0.355942
5.931094 0.405405
5.696382 0.356437
-0.822556 1.344091
5.680680 0.382293
5.196729 0.252130
5.230752 0.284780
5.276341 0.088332
5.202915 0.059115
5.692696 -0.662822
5.758441 -0.613116
5.521929 -0.806138
5.553468 -0.811943
5.017819 -0.839754
-0.188898 1.233492
4.998414 -0.809532
5.039861 -0.583095
5.005617 -0.559978
4.308883 1.005282
4.188286 0.996016
4.245355 0.859465
4.152441 0.874080
4.338267 1.544195
4.286572 1.571003
4.071969 1.596619
3.675754 -3.458738
4.108113 1.615017
4.998773 2.139797
5.025553 2.181486
5.184611 1.988823
5.227270 2.035615
5.079103 1.479377
4.971797 1.557837
5.223619 1.527216
5.187732 1.501842
3.359763 3.100448
3.366898 -2.829817
3.316105 3.021887
3.579464 2.933490
3.599438 2.923729
3.476423 3.530745
3.485890 3.503483
3.774558 3.599490
3.748061 3.543185
2.798425 3.791015
2.818742 3.828021
2.550628 3.559384
2.043311 -3.128237
2.622052 3.577013
2.428790 4.130020
2.390301 4.072635
2.569866 4.371011
2.536885 4.298830
2.839434 1.798471
2.848245 1.802513
2.861315 1.559265
2.849962 1.501998
2.269231 1.578712
1.295453 -1.235677
1.910815 -3.742819
2.231970 1.593069
2.345764 1.359192
2.405937 1.372131
1.862706 2.141341
1.842089 2.141876
1.593221 2.374447
1.729657 2.356865
2.017722 2.660683
2.069013 2.594575
2.253802 2.484082
1.843537 -1.135095
2.349617 2.579127
-2.327071 -3.841822
-2.291099 -3.862198
-2.397483 -3.798240
-2.404450 -3.793618
-2.175352 -4.094972
-2.158385 -4.104020
-2.210279 -3.989137
-2.227628 -3.998502
-2.808570 -4.047781
1.407290 -1.548872
-2.811281 -4.059634
-2.837401 -4.033379
-2.839479 -4.024269
-2.733594 -4.281556
-2.738403 -4.268755
-2.671569 -4.282479
-2.667289 -4.293860
-3.240351 -1.009185
-3.249369 -0.995221
-3.262649 -0.987681
0.340958 -1.783492
-3.292925 -0.957676
-3.535017 -1.020791
-3.543719 -1.016235
-3.517631 -1.051473
-3.479831 -1.062846
-3.276585 -1.732786
-3.277337 -1.716834
-3.363494 -1.640991
-3.362596 -1.648397
-3.145776 -1.420246
0.672828 -0.746653
-3.146653 -1.426707
-3.274512 -1.441075
-3.254741 -1.445246
-4.502065 -0.526751
-4.486763 -0.543120
-4.483590 -0.515297
-4.476103 -0.522731
-4.619453 -0.298847
-4.616784 -0.317114
-4.705767 -0.229334
5.466833 0.146095
-4.688273 -0.234304
-5.013946 -0.562961
-4.998801 -0.551293
-5.123152 -0.619709
-5.131310 -0.604477
-5.177108 -0.395803
-5.171697 -0.379977
-5.219516 -0.420762
-5.249682 -0.474621
-4.811046 0.746193
5.364986 -0.520710
-4.804760 0.745090
-4.775540 0.708240
-4.749021 0.729199
-4.997780 0.552338
-4.984154 0.534213
-4.882010 0.425400
-4.892094 0.401103
-4.214987 0.624479
-4.220312 0.617572
-4.283283 0.594702
4.195414 1.332019
-4.270884 0.593553
-4.410383 0.334194
-4.444841 0.320544
-4.364238 0.356518
-4.362407 0.394052
-5.118390 -1.960745
-5.114316 -1.968533
-5.124639 -1.953085
-5.136761 -1.967077
-5.416741 -2.062943
4.889946 1.699157
-5.438388 -2.054331
-5.452529 -2.037769
-5.478501 -2.027364
-4.651896 -2.176134
-4.653184 -2.179847
-4.611520 -2.198154
-4.620586 -2.168968
-4.884141 -2.395755
-4.875277 -2.379669
-4.926446 -2.354656
3.308973 3.134871
-4.935437 -2.352169
-5.277309 -2.901117
-5.281223 -2.900678
-5.389861 -2.900409
-5.412081 -2.903910
-5.520179 -3.047695
-5.540756 -3.049563
-5.502447 -3.139832
-5.478549 -3.113307
-5.128147 -3.588552
3.537072 1.514446
2.738182 3.651017
-5.125841 -3.589092
-5.149770 -3.659662
-5.143816 -3.656031
-4.954411 -3.405010
-4.935862 -3.388568
-4.958593 -3.372435
-4.965558 -3.371859
-3.749429 -3.198072
-3.748379 -3.202213
-3.732921 -3.198246
2.559788 1.879176
-3.766467 -3.232822
-3.469346 -3.378386
-3.509873 -3.378096
-3.508934 -3.384062
-3.501182 -3.394949
-3.765682 -2.850939
-3.764235 -2.867759
-3.824325 -2.800327
-3.831691 -2.817930
-3.581999 -2.612621
2.172238 2.350624
-3.549280 -2.611091
-3.457143 -2.631482
-3.473922 -2.617071
-2.648715 -2.321027
-2.657511 -2.332517
-2.600221 -2.286375
-2.601698 -2.264918
-2.785631 -2.587608
-2.766720 -2.599259
-2.813249 -2.524700
-2.455788 -3.893955
-2.815651 -2.511415
-2.124471 -2.514394
-2.131997 -2.518594
-2.098438 -2.498250
-2.136477 -2.541291
-2.184666 -2.791566
-2.185036 -2.797760
-2.216280 -2.717656
-2.216443 -2.712426
-0.703738 3.277463
-2.707296 -4.029625
-0.695805 3.268965
-0.722530 3.297558
-0.714768 3.306400
-0.853760 3.388602
-0.839835 3.387899
-0.894882 3.473554
-0.882924 3.476022
-1.107600 2.780807
-1.100480 2.781691
-1.054763 2.861328
-3.441468 -1.193515
-0.996945 2.894998
-0.735146 2.770150
-0.753241 2.798042
-0.833910 2.742593
-0.816015 2.753459
-1.808629 2.347674
-1.790879 2.363464
-1.830742 2.309548
-1.843341 2.309975
-1.537504 2.400594
-3.376201 -1.471897
-1.619715 2.387431
-1.538877 2.419266
-1.540733 2.421680
-2.343757 2.200089
-2.316476 2.180858
-2.277577 2.125761
-2.257857 2.111002
-2.134798 2.016086
-2.130145 2.031449
-2.026334 1.924105
-4.584267 -0.490766
-2.051499 1.918123
-2.818257 0.814338
-2.834690 0.829083
-2.801584 0.841999
-2.834894 0.851226
-2.680201 0.601668
-2.666051 0.617126
-2.743077 0.537408
-2.754418 0.520649
-2.043975 0.920001
-4.882234 -0.536490
-2.037531 0.930563
-2.096753 0.878274
-2.071027 0.891125
-2.325303 0.954321
-2.341002 0.952522
-2.379860 0.883790
-2.395995 0.877878
-1.855931 0.227747
-1.851446 0.212555
-1.851680 0.181100
-4.756726 0.483055
-1.829007 0.223720
-1.557740 0.250838
-1.571200 0.251704
-1.571801 0.186226
-1.593817 0.187629
-1.597415 -0.423242
-1.585234 -0.441161
-1.570180 -0.439092
-1.570981 -0.434084
-1.839893 -0.310861
-3.912239 -1.337338
-4.478796 0.440540
-1.818057 -0.299978
-1.752411 -0.269502
-1.771162 -0.265057
-2.312565 3.821614
-2.307541 3.824952
-2.250085 3.731640
-2.236508 3.719270
-2.516355 4.008327
-2.519253 4.024960
-2.470147 4.034722
-5.137301 -2.073810
-2.469537 4.066354
-2.048836 4.445290
-2.044945 4.438109
-2.024698 4.474531
-2.022754 4.466732
-1.931955 4.080049
-1.935124 4.099276
-2.004955 4.158769
-2.014044 4.175932
-2.839495 3.080700
-4.805624 -2.246984
-2.827821 3.101127
-2.817095 3.096067
-2.816102 3.111461
-2.819136 3.346422
-2.823843 3.378265
-2.887084 3.246280
-2.905731 3.233029
-3.430399 3.333932
-3.436155 3.340988
-3.311739 3.425518
-5.245700 -3.005609
-3.344695 3.393573
-3.215826 3.570092
-3.224939 3.579841
-3.172172 3.626680
-3.214212 3.616848
-0.944381 1.307332
-0.938093 1.304511
-1.018173 1.253497
-1.057191 1.200848
-1.010972 1.038224
-5.075897 -3.307810
-1.041902 1.024028
-0.982885 1.059698
-0.985512 1.058033
-0.771569 1.718717
-0.764641 1.746887
-0.784585 1.689892
-0.743855 1.664232
-0.523874 1.736626
-0.523508 1.750483
-0.560615 1.781718
-3.609245 -3.103768
-0.554770 1.787630
-0.246660 1.035268
-0.252814 1.020060
-0.321060 1.021086
-0.317678 1.019572
-0.182213 0.795498
-0.183554 0.785677
-0.160565 0.785235
-0.165256 0.790118
0.183399 1.316704
-3.612052 -2.759162
0.185787 1.327336
0.088058 1.419063
0.084123 1.415715
0.088028 1.610769
0.085219 1.605404
0.130548 1.657795
0.110606 1.658358
3.820956 -3.427245
3.803299 -3.419312
3.933323 -3.524187
-2.706331 -2.452332
3.897638 -3.470041
4.096075 -3.364704
4.112551 -3.361525
4.067350 -3.327382
4.062709 -3.328092
3.890837 -3.930558
3.877817 -3.926406
3.934496 -3.929272
3.942925 -3.934977
3.713382 -4.056675
-2.363053 -2.618065
3.709036 -4.052328
3.650280 -3.980595
3.633944 -3.982537
3.394385 -2.333797
3.382048 -2.328082
3.355669 -2.269531
3.363406 -2.276112
3.595134 -2.473716
3.582014 -2.500223
3.665238 -2.391183
-0.864124 3.208597
3.653742 -2.399337
3.453031 -2.893080
3.445752 -2.882859
3.494727 -2.839742
3.530979 -2.831165
3.108529 -2.878129
3.106566 -2.880188
3.180618 -2.973780
3.170162 -2.960942
2.120723 -2.884161
-4.091069 -2.340076
-0.928631 2.837448
2.124450 -2.869480
2.073377 -2.868745
2.096790 -2.871005
2.272627 -3.107210
2.263608 -3.104941
2.328295 -3.152857
2.335687 -3.162167
1.615358 -2.992476
1.622713 -2.999915
1.746207 -3.055123
-1.767473 2.244141
1.753067 -3.039903
1.566954 -3.314918
1.589806 -3.298890
1.636912 -3.271696
1.634820 -3.279515
2.134592 -4.351687
2.121935 -4.336790
2.147484 -4.336055
2.134152 -4.328701
2.003322 -4.155092
-2.031257 2.119792
1.991192 -4.151194
2.022613 -4.164856
1.985502 -4.146670
1.598096 -3.994335
1.611646 -3.983679
1.588510 -4.043520
1.584851 -4.055629
1.441190 -3.895427
1.419193 -3.880848
1.417018 -3.932898
-2.510763 0.670811
1.423969 -3.928247
1.883432 -0.723917
1.911084 -0.756951
2.010559 -0.807784
1.983937 -0.795631
2.023613 -0.997955
2.018736 -0.985205
2.093587 -0.867341
2.094207 -0.873036
2.516643 -1.031149
-2.264655 0.802206
2.512681 -1.044598
2.534499 -1.031509
2.544598 -0.999642
2.586147 -1.318760
2.587334 -1.320778
2.551907 -1.279664
2.553442 -1.288613
1.645707 -1.702750
1.651076 -1.704174
1.690034 -1.732162
-1.774954 0.215257
1.694430 -1.737032
1.459503 -2.002966
1.460171 -1.980143
1.412729 -2.020125
1.427999 -2.002960
1.037882 -1.705223
1.024595 -1.721300
1.075052 -1.665642
1.089748 -1.732181
1.234393 -1.426417
-1.744840 -0.173872
1.235399 -1.440986
1.197815 -1.419766
1.178755 -1.396426
0.087929 -2.430432
0.087755 -2.444277
0.161128 -2.411514
0.158571 -2.406559
0.315948 -2.399431
0.320700 -2.418990
0.334645 -2.411737
-2.376995 3.897590
0.336206 -2.439729
0.105690 -1.754570
0.114194 -1.743737
0.122241 -1.789096
0.121320 -1.787678
-0.144141 -1.899169
-0.116191 -1.933246
-0.072570 -1.943251
-0.048815 -1.956640
0.927424 -0.712717
-2.092259 4.179862
0.914089 -0.683327
0.994166 -0.619096
1.001080 -0.624596
0.680080 -0.784868
0.643956 -0.855469
0.580862 -0.910011
0.575697 -0.906923
0.757191 -0.348710
0.755774 -0.352957
0.766858 -0.291941
-2.776386 3.341447
0.761065 -0.287229
0.550352 -0.214223
0.526677 -0.206564
0.635269 -0.284947
0.573443 -0.270361
5.955636 0.361687
5.934901 0.366544
5.931432 0.410093
5.920046 0.401612
5.693124 0.349525
-1.473823 1.165359
-3.089935 3.472301
5.676515 0.382074
5.673689 0.390043
5.696387 0.421402
5.170370 0.261947
5.170175 0.253412
5.210711 0.308396
5.225496 0.307243
5.277916 0.087605
5.297238 0.076449
5.169021 0.041527
-0.889468 1.235178
5.175686 0.034764
5.709455 -0.667287
5.694267 -0.680432
5.792047 -0.638313
5.774853 -0.625036
5.512506 -0.809755
5.515964 -0.809144
5.550643 -0.824019
5.559787 -0.827706
5.005338 -0.857623
-0.718095 1.594929
5.010424 -0.878545
4.984260 -0.812933
4.989789 -0.818453
5.042197 -0.556992
5.025963 -0.574304
5.003326 -0.551753
4.992524 -0.566118
4.309372 1.009080
4.320057 1.015469
4.168049 0.977939
-0.205978 1.032876
4.166871 0.959149
4.214552 0.855236
4.230935 0.844359
4.167547 0.870801
4.157278 0.835927
4.318076 1.527771
4.359063 1.548410
4.291142 1.581439
4.266645 1.602750
4.041492 1.639455
-0.028823 1.357758
4.089806 1.602539
4.101481 1.654856
4.072612 1.606658
4.994237 2.150351
5.003158 2.160067
5.017498 2.188731
5.027534 2.210068
5.205473 2.005053
5.206165 1.990986
5.246633 2.056622
3.791431 -3.409202
5.221900 2.045695
5.077211 1.494067
5.077259 1.472789
4.996938 1.539320
5.004946 1.533234
5.253817 1.523494
5.229012 1.525146
5.188983 1.489833
5.191745 1.495957
3.335861 3.099988
3.742244 -3.749156
3.331651 3.126347
3.304002 3.015291
3.304910 3.006586
3.592954 2.926474
3.582732 2.941656
3.616354 2.909638
3.613291 2.913160
3.477445 3.546999
3.468923 3.531442
3.471733 3.510281
3.440916 -2.512246
3.504977 3.500034
3.787063 3.613231
3.799540 3.624899
3.771912 3.553119
3.772877 3.569314
2.809943 3.797101
2.799865 3.793859
2.834826 3.856149
2.868976 3.893736
2.535782 3.548593
3.332196 -2.842782
2.542327 3.559366
2.599415 3.562818
2.616622 3.563155
2.420117 4.135581
2.423475 4.132463
2.377562 4.068639
2.373116 4.071767
2.567942 4.372724
2.579715 4.417170
2.530463 4.299764
2.134973 -3.032404
2.520209 4.322649
2.863154 1.822616
2.839464 1.798708
2.846848 1.800262
2.863311 1.814729
2.874229 1.553981
2.875046 1.572185
2.857493 1.472240
2.854152 1.485733
2.267859 1.565942
