96 2
-0.417207 1.135724
-0.072654 0.973175
-0.621795 -0.364138
-0.763932 -0.219310
-1.024306 0.118332
-1.156223 0.625818
-1.124284 0.792846
-0.822441 1.037771
-0.426344 1.072711
-0.018933 1.005518
0.251310 0.796456
0.411760 0.522525
0.240854 0.680159
0.539436 0.152617
0.566407 -0.044040
0.475397 -0.319587
0.403249 -0.489810
0.032144 -0.586877
-0.301938 -0.684244
-0.563105 -0.514252
-0.793781 -0.270783
-1.075039 0.162131
-1.167665 0.401741
0.396818 0.407535
-0.984340 0.839398
-0.644966 0.995836
-0.403128 1.040700
0.022656 1.042714
0.378699 0.856671
0.589806 0.499381
0.769042 0.122055
0.722896 -0.122031
0.638937 -0.430420
0.366079 -0.638935
0.481179 0.189242
0.092436 -0.866247
-0.288839 -0.788668
-0.556297 -0.667531
-0.800524 -0.574426
-0.979368 -0.279895
-1.081704 0.478937
-0.885686 0.727799
-0.643758 0.894994
-0.287189 0.849349
0.323743 1.041996
0.516729 -0.009469
0.620598 0.838379
0.795332 0.565805
0.929808 0.045644
0.922115 -0.310668
0.784276 -0.469287
0.383769 -0.881439
0.172838 -1.041781
-0.308389 -1.010841
-0.715398 -0.910432
-0.892597 -0.716843
0.331323 -0.335171
-1.002923 -0.401185
-0.963189 -0.089591
-0.743643 0.501359
-0.576749 0.735191
-0.156759 0.667543
0.468968 0.949298
0.883257 0.863177
0.957882 0.707622
1.057228 0.141775
1.144551 -0.390291
0.195934 -0.438782
0.921594 -0.734770
0.562745 -1.142988
0.327267 -1.122737
-0.191400 -1.199275
-0.758256 -1.032536
-0.893622 -0.863485
-1.061713 -0.694136
-0.980662 -0.068140
-0.701420 0.286623
-0.499253 0.484483
0.063414 -0.536188
-0.094191 0.626772
0.688958 0.914146
0.820544 0.924962
1.038443 0.682946
1.155136 0.113225
1.105835 -0.525963
1.065857 -0.711323
0.566073 -1.147188
0.249904 -1.265036
0.005459 -1.263949
-0.132936 -0.538548
-0.742511 -1.138077
-1.005239 -0.932156
-1.104636 -0.683175
-0.847066 -0.061582
-0.630782 0.292493
-0.312767 0.531888
