96 2
0.553644 0.147856
0.514823 -0.078882
-0.918999 0.990936
-0.655907 1.175069
-0.238345 1.304981
-0.004958 1.230108
0.321746 0.642749
0.505018 0.373804
0.678340 0.160336
0.625488 -0.079571
0.497815 -0.290416
0.213052 -0.559745
0.427299 -0.167318
0.029486 -0.549023
-0.223247 -0.551867
-0.529051 -0.446334
-0.829797 -0.212350
-1.002402 -0.059017
-1.095689 0.619609
-0.897930 0.931871
-0.459285 1.148672
-0.250499 1.204286
0.179848 1.011021
0.271088 -0.404817
0.455381 0.722298
0.616112 0.423633
0.841334 0.010177
0.744013 -0.235158
0.703000 -0.464132
0.411056 -0.637598
0.106267 -0.778849
-0.423175 -0.676217
-0.772489 -0.570527
-0.887885 -0.282447
0.069827 -0.509190
-1.027232 0.246573
-1.011871 0.436158
-0.794771 0.677711
-0.377892 1.021851
-0.167910 1.019700
0.268043 0.976552
0.623994 0.861806
0.788344 0.404652
0.998260 0.015994
0.932767 -0.257740
-0.295492 -0.491990
0.712583 -0.707235
0.498359 -0.805012
0.138591 -0.956649
-0.315537 -0.967379
-0.732197 -0.761623
-0.951386 -0.550951
-1.042039 -0.049801
-0.861725 0.385154
-0.751563 0.641550
-0.463603 0.845361
-0.405481 -0.413769
-0.039527 0.960876
0.538516 0.986789
0.743022 0.878331
0.971975 0.542060
1.133075 0.137258
1.085127 -0.525050
0.847657 -0.786041
0.386664 -1.130510
0.109905 -1.145451
-0.249756 -1.123819
-0.836862 -0.124337
-0.627997 -1.027678
-0.954151 -0.673604
-0.994354 -0.131157
-0.810280 0.212800
-0.568113 0.462414
-0.363705 0.660794
0.138162 0.832763
0.571001 0.956144
0.923598 0.789980
1.156835 0.591207
-1.019300 0.142312
1.269445 0.173173
1.155612 -0.496040
1.008238 -0.855521
0.394161 -1.121821
0.080551 -1.219886
-0.372273 -1.229956
-0.753967 -1.053297
-1.009543 -0.627074
-0.929690 -0.154793
-0.751576 0.106584
-1.090577 0.630074
-0.418222 0.410507
-0.256869 0.549664
-0.148080 0.651403
0.645368 0.830096
1.073631 0.686362
1.141152 0.616654
