96 2
0.997785 -0.784490
1.059538 -0.596137
-0.799472 -0.114107
-0.971353 -1.188570
-0.768215 -1.295668
-0.221438 -1.399957
0.301760 -1.331993
0.635692 -1.163307
0.932895 -0.805372
1.015699 -0.477765
1.042830 0.116736
1.013448 0.407198
1.111825 -0.103324
0.787106 0.796938
0.479523 0.921354
-0.092671 0.904274
-0.513951 0.599393
-0.640104 0.445684
-0.776227 0.035645
-0.893933 -0.199730
-0.887062 -1.114174
-0.660627 -1.305500
-0.365856 -1.272812
1.020953 0.503702
0.249895 -1.234913
0.619185 -1.073153
0.639952 -0.891969
0.820364 -0.438894
0.910694 0.015673
0.845250 0.273093
0.701074 0.641065
0.277222 0.898471
-0.047394 0.921808
-0.656140 0.693869
0.771088 0.902238
-0.794930 0.457736
-0.991107 0.239406
-0.955981 -0.438049
-0.849626 -0.879553
-0.641887 -1.055770
-0.449095 -1.134206
0.016609 -1.109432
0.371475 -1.005901
0.471703 -0.726201
0.685058 -0.281371
0.653771 0.969915
0.727333 0.100127
0.639829 0.363645
0.403274 0.635842
0.103422 0.811146
-0.464778 0.948819
-0.682048 0.847969
-0.966871 0.548076
-1.105162 0.269910
-1.101652 -0.176193
-1.075698 -0.574973
0.096077 1.015235
-0.656007 -0.960224
-0.353541 -1.019638
-0.034151 -1.016750
0.264654 -0.884707
0.357383 -0.536893
0.520871 -0.327119
0.541077 -0.059886
0.407559 0.354747
0.290763 0.489507
-0.011798 0.755271
-0.348665 0.704493
-0.612852 0.932303
-0.784524 0.977748
-1.160465 0.627524
-1.270662 0.375939
-1.341130 0.009674
-1.235857 -0.397565
-0.703214 -0.696682
-0.516477 -0.719059
-0.188990 -0.818070
0.170498 -0.734728
-0.567128 0.393922
0.189233 -0.607680
0.505273 -0.200133
0.485848 0.046537
0.372123 0.209776
0.154398 0.484912
-0.095911 0.697112
-0.618276 1.050323
-0.846333 0.987219
-1.187303 0.720407
-1.339961 0.303016
-0.726580 0.132290
-1.306201 -0.147266
-1.163933 -0.353581
-0.644060 -0.670525
-0.372077 -0.670692
-0.207050 -0.700617
0.107483 -0.624899
