96 2
0.507708 0.304973
0.636440 0.065973
-0.620948 -0.075751
-0.611422 0.083191
-0.404054 0.365193
-0.229124 0.484770
0.071696 0.554431
0.224727 0.454721
0.508417 0.471893
0.654221 0.210983
0.684117 -0.055969
0.647942 -0.256344
0.667980 -0.031665
0.532614 -0.574293
0.303323 -0.693953
-0.088374 -0.808454
-0.241624 -0.706079
-0.479103 -0.554185
-0.672395 -0.439142
-0.672673 -0.069828
-0.611991 0.139380
-0.486522 0.356159
-0.310585 0.505599
0.589259 -0.299165
0.010185 0.642490
0.278732 0.491805
0.691504 0.505546
0.839433 0.368058
0.876397 0.000091
0.809064 -0.475757
0.614122 -0.705400
0.361842 -0.881545
-0.064013 -0.897097
-0.301684 -0.915293
0.403435 -0.525603
-0.649506 -0.762407
-0.797096 -0.493586
-0.858579 -0.199753
-0.732512 0.224271
-0.581845 0.578658
-0.256673 0.741232
-0.008225 0.809628
0.299965 0.725988
0.806538 0.683033
0.932849 0.561433
0.212484 -0.662400
1.069575 -0.141585
0.966793 -0.550287
0.771715 -0.874040
0.480419 -1.028223
-0.268377 -1.071925
-0.384162 -1.085826
-0.748684 -0.923241
-0.953768 -0.405097
-1.028122 0.076319
-0.928615 0.397965
0.031895 -0.697052
-0.763156 0.706208
-0.446607 0.886075
-0.027926 0.955598
0.388780 0.937952
0.936304 0.853710
1.016408 0.643225
1.235958 -0.440188
1.118261 -0.618317
0.917649 -0.933540
0.479400 -1.171803
-0.139082 -0.642280
-0.102082 -1.278051
-0.420463 -1.249734
-0.855584 -0.971411
-1.062529 -0.697050
-1.125013 0.138041
-1.082438 0.506288
-0.978040 0.839393
-0.615713 0.903651
0.203506 1.103796
0.344641 1.060260
-0.473437 -0.439836
0.963777 0.900691
1.133672 0.691145
1.309295 -0.510103
1.170626 -0.706356
0.974093 -1.026117
0.710465 -1.165367
-0.160645 -1.322090
-0.584306 -1.305758
-0.950118 -1.004568
-1.167281 -0.669394
-0.608751 -0.239345
-1.227358 -0.053017
-1.191507 0.623184
-1.076440 0.731304
-0.798469 0.994390
-0.014618 1.182398
0.620131 1.063125
