96 2
-0.976262 0.780867
-1.148878 0.320751
1.202785 0.413078
1.071008 0.606063
0.597739 0.997876
0.047536 1.141510
-0.495540 1.113466
-0.618659 1.118166
-0.926697 0.683024
-1.069299 0.164550
-1.001052 -0.146520
-0.663630 -0.495375
-1.108342 -0.147328
-0.291418 -0.740831
-0.080330 -0.840686
0.331148 -0.812720
0.803995 -0.753921
1.096210 -0.550583
1.201984 -0.028412
1.130967 0.343742
0.973922 0.574153
0.755259 0.813877
0.198180 1.098974
-0.694799 -0.404135
-0.332328 1.060046
-0.644735 0.949462
-0.789462 0.573681
-0.955510 0.101749
-0.831989 -0.346885
-0.583854 -0.727908
-0.350106 -0.901393
-0.065990 -0.977182
0.207405 -0.935120
0.917895 -0.795439
-0.257693 -0.651820
0.997067 -0.702469
1.093840 -0.065989
0.998065 0.219065
0.819250 0.527545
0.390702 0.766055
0.078434 0.839199
-0.297781 0.907993
-0.674780 0.746227
-0.775094 0.197766
-0.838152 -0.163547
-0.028442 -0.716870
-0.845951 -0.453417
-0.686670 -0.969216
-0.521369 -1.067616
-0.010678 -1.111055
0.272641 -1.167224
0.763440 -0.979738
0.814794 -0.725538
0.860649 -0.242357
0.812295 0.195984
0.666053 0.411937
0.409855 -0.735568
0.355115 0.684673
0.037966 0.677341
-0.317774 0.636349
-0.532121 0.540320
-0.641360 0.080730
-0.858842 -0.264006
-0.914578 -0.783671
-0.743192 -1.062563
-0.552522 -1.217497
-0.118910 -1.304343
0.867789 -0.616601
0.281441 -1.206828
0.608563 -1.048937
0.697112 -0.567717
0.738712 -0.197047
0.668585 0.046787
0.444037 0.316869
0.228979 0.526235
0.049639 0.570978
-0.284971 0.421589
-0.489586 0.292174
1.188175 -0.495809
-0.641592 0.012672
-0.945916 -0.614229
-0.915472 -0.860751
-0.694206 -1.203107
-0.410638 -1.311187
-0.209954 -1.388380
0.191254 -1.341889
0.531546 -1.021816
0.690674 -0.912757
0.676638 -0.391914
1.293489 0.013717
0.542680 -0.009840
0.431277 0.228963
0.171254 0.398786
0.054620 0.441750
-0.248575 0.354901
-0.488121 0.172576
