96 2
-0.974723 -0.090203
-0.770666 -0.414723
-0.258659 0.680368
-0.501555 0.757455
-0.709217 0.612012
-0.901074 0.534153
-0.989353 0.332997
-0.976974 0.013964
-0.942275 -0.229639
-0.822799 -0.458183
-0.657900 -0.564423
-0.346662 -0.604165
-0.667404 -0.497314
-0.069548 -0.561883
0.205128 -0.356532
0.283173 -0.213097
0.308735 0.215278
0.322444 0.454791
0.094237 0.607757
-0.130515 0.750780
-0.450057 0.786818
-0.733431 0.821021
-0.951383 0.518393
-0.391138 -0.499929
-1.061586 0.386961
-1.099672 0.085270
-1.094802 -0.281252
-0.947042 -0.567361
-0.697868 -0.739699
-0.286282 -0.821580
0.182778 -0.771364
0.345055 -0.537260
0.396537 -0.237306
0.477650 0.245203
-0.104924 -0.488634
0.403395 0.493545
0.248527 0.681568
-0.169270 0.921382
-0.468446 0.995809
-0.783201 0.916164
-1.079886 0.748484
-1.263809 0.332007
-1.241301 0.155776
-1.344937 -0.304185
-1.054885 -0.773304
0.017619 -0.384443
-0.650322 -0.947135
-0.313565 -0.990765
0.157119 -0.844840
0.419106 -0.623286
0.649664 -0.473027
0.672100 0.197873
0.610008 0.498413
0.417336 0.858285
-0.196000 1.184076
-0.435893 1.137942
0.221255 -0.140499
-0.992616 0.996009
-1.228040 0.818118
-1.396739 0.515477
-1.438475 0.133846
-1.450339 -0.552053
-1.161061 -0.945977
-0.678001 -1.081993
-0.398806 -1.116183
0.075036 -1.017203
0.562886 -0.791588
0.233603 0.122555
0.774731 -0.512236
0.808678 0.060699
0.721676 0.595796
0.462527 1.018790
0.099279 1.210385
-0.285207 1.295601
-1.007861 1.215318
-1.382696 0.954756
-1.490581 0.650336
-1.540749 -0.092624
0.225345 0.300579
-1.463714 -0.726610
-1.143894 -1.042435
-1.001414 -1.130472
-0.479671 -1.231158
0.192703 -1.095394
0.498137 -0.958857
0.845129 -0.474997
0.858250 -0.208310
0.737029 0.656853
0.357608 1.142403
0.038541 0.563058
0.146384 1.245562
-0.298582 1.319772
-0.985007 1.236186
-1.325344 1.030843
-1.535667 0.593877
-1.627928 0.060560
