96 2
0.001773 -0.153786
0.174243 -0.404925
0.776425 0.625213
0.582078 0.707772
0.374270 0.716549
0.131466 0.563465
-0.007971 0.440919
-0.121770 0.078108
-0.114309 -0.183476
0.061204 -0.365166
0.284549 -0.551631
0.541943 -0.714450
0.301968 -0.493768
0.799999 -0.620733
1.024534 -0.485526
1.231986 -0.221567
1.260058 -0.078914
1.166156 0.311485
1.128771 0.481506
0.874559 0.749768
0.645585 0.825968
0.319589 0.759012
0.101523 0.599498
0.610906 -0.555100
-0.108889 0.260637
-0.123364 0.188772
-0.268695 -0.355799
-0.049970 -0.567842
0.272658 -0.767254
0.622216 -0.846361
0.841862 -0.806122
1.232420 -0.570203
1.371351 -0.281671
1.511893 0.058783
0.870121 -0.522182
1.389832 0.317527
1.282510 0.546661
0.930483 0.852457
0.675991 0.890891
0.300153 0.891450
0.015635 0.767694
-0.244272 0.423667
-0.323929 -0.003010
-0.279673 -0.431378
-0.136214 -0.736931
0.976487 -0.432679
0.224048 -0.988587
0.509810 -0.998935
1.012897 -0.972981
1.293617 -0.832741
1.560428 -0.348463
1.620807 0.018902
1.586412 0.256028
1.399389 0.741390
1.065197 1.022833
0.575983 1.076838
1.118479 -0.194395
0.215957 1.011947
-0.038596 0.985500
-0.389923 0.500944
-0.452649 -0.036408
-0.513332 -0.580838
-0.323598 -0.820243
-0.038830 -1.048675
0.497232 -1.144441
0.959534 -1.077332
1.448908 -0.822217
1.145695 -0.000885
1.622995 -0.774149
1.777974 -0.044387
1.735159 0.461708
1.578691 0.803645
1.369164 1.032024
0.651593 1.220071
0.093589 1.165000
-0.343126 0.940658
-0.506240 0.671020
-0.604858 0.141405
1.114260 0.274985
-0.448795 -0.813920
-0.357557 -0.955381
-0.104585 -1.119333
0.170300 -1.248878
0.967348 -1.178918
1.552374 -0.920318
1.645350 -0.647222
1.768811 -0.362994
1.718995 0.688478
1.540315 0.951469
0.902823 0.558278
1.386845 1.042496
0.485663 1.286067
-0.168199 1.228634
-0.328402 1.143656
-0.596212 0.609022
-0.731083 0.205830
