96 2
0.416373 -0.993830
0.866177 -0.475327
-1.503210 0.306499
-1.463312 -0.256519
-1.354172 -0.636887
-1.019742 -0.914356
-0.267368 -1.180903
0.179537 -1.107589
0.412419 -0.937759
0.804929 -0.377170
0.879544 -0.106535
0.854986 0.390917
0.973382 -0.248607
0.708213 0.951138
0.427455 1.144925
0.132542 1.249093
-0.718638 1.278105
-1.007864 1.199826
-1.278426 0.889166
-1.462357 0.380090
-1.342963 -0.359425
-1.353644 -0.551687
-0.943343 -0.888496
0.964648 0.601153
-0.520043 -1.046109
0.047346 -1.109804
0.347485 -0.717093
0.692478 -0.346701
0.826219 0.004415
0.778074 0.308312
0.592292 0.743645
0.334589 0.998109
-0.287264 1.189343
-0.498447 1.172157
0.773569 0.970266
-0.976847 0.971678
-1.151225 0.657888
-1.269734 0.443206
-1.174291 -0.363839
-1.147365 -0.555555
-0.818529 -0.812078
-0.609749 -0.914994
0.031521 -0.801937
0.266287 -0.627003
0.473970 -0.237584
0.521217 1.181899
0.635080 0.054254
0.585063 0.355279
0.410251 0.653900
0.228590 0.885323
-0.257342 1.142808
-0.487576 1.100872
-0.859711 0.782265
-0.977010 0.649122
-1.142931 0.450587
-1.102904 -0.166047
0.273973 1.376943
-0.950139 -0.371922
-0.702676 -0.691865
-0.407943 -0.710783
-0.014438 -0.742143
0.181819 -0.507701
0.324927 -0.242406
0.413458 -0.023724
0.349273 0.386595
0.338911 0.511210
0.026319 0.725128
-0.701013 1.428261
-0.231341 0.861956
-0.480466 0.770973
-0.685231 0.708744
-0.900775 0.514583
-0.968123 0.296106
-0.949101 0.058582
-0.837566 -0.344150
-0.569936 -0.473451
-0.377245 -0.627984
-0.021020 -0.594416
-1.139425 1.211974
0.105679 -0.296425
0.288039 -0.108239
0.291003 -0.059622
0.288243 0.300585
0.160839 0.456382
0.014105 0.684770
-0.229747 0.763261
-0.502669 0.726164
-0.585259 0.643879
-0.829960 0.407026
-1.352743 0.978255
-0.915389 0.274492
-0.874538 -0.028883
-0.739980 -0.181954
-0.646339 -0.413839
-0.388301 -0.496909
-0.193850 -0.478945
