96 2
0.828975 -0.124856
0.918818 0.141161
-0.281372 -0.067968
-0.173521 -0.262938
-0.033539 -0.340136
0.311516 -0.477345
0.525541 -0.460589
0.775672 -0.352107
0.993481 -0.214068
1.060819 0.060565
0.993819 0.393583
0.791379 0.652054
0.950505 0.315338
0.716829 0.755209
0.328200 0.861278
0.008072 0.786836
-0.173065 0.691923
-0.360998 0.426998
-0.377422 0.237588
-0.380347 -0.110595
-0.267189 -0.321470
-0.009460 -0.517781
0.342214 -0.556012
0.815189 0.568130
0.475206 -0.556467
0.737996 -0.459780
1.119384 -0.323461
1.186766 0.054688
1.112741 0.414079
0.878629 0.733406
0.676415 0.892153
0.404202 0.991599
0.015646 0.879151
-0.358678 0.760142
0.627440 0.715210
-0.435795 0.631271
-0.565590 0.349628
-0.566338 -0.085956
-0.309388 -0.557848
-0.109855 -0.677236
0.236210 -0.709863
0.557329 -0.664656
0.950495 -0.632450
1.071795 -0.605348
1.310584 -0.121428
0.376055 0.808886
1.327236 0.471740
1.094409 0.959551
0.724895 1.111455
0.376596 1.247058
0.218818 1.246044
-0.336497 0.913313
-0.684918 0.556336
-0.733082 0.115470
-0.741253 -0.209659
-0.420800 -0.632000
0.230483 0.786626
-0.204158 -0.787733
0.119453 -0.969662
0.610160 -0.795968
0.969128 -0.708547
1.346095 -0.709706
1.506730 0.108839
1.423823 0.649389
1.259271 0.932061
0.972034 1.158213
0.391175 1.317012
-0.143753 0.550479
-0.181738 1.273709
-0.669929 1.018402
-0.767734 0.827684
-0.879031 0.502276
-0.751527 -0.427410
-0.645641 -0.606708
-0.425733 -0.913978
0.201245 -1.101610
0.559208 -1.092737
0.969583 -0.917712
-0.262843 0.387111
1.389388 -0.603141
1.501398 -0.172381
1.488704 0.603086
1.373844 0.819864
0.992019 1.287754
0.095553 1.405776
-0.296640 1.318191
-0.633921 1.085492
-0.807971 0.835844
-0.974940 0.454680
-0.292547 0.259898
-0.904646 -0.154523
-0.545875 -0.890123
-0.379058 -0.984555
0.150903 -1.131230
0.474557 -1.176832
1.144416 -0.989703
