96 2
0.298594 -0.531237
0.456680 -0.447457
-0.410535 0.408758
-0.485418 0.061487
-0.475691 -0.035002
-0.256423 -0.385735
-0.157493 -0.440246
0.040907 -0.490322
0.306283 -0.581907
0.543899 -0.380144
0.714214 -0.244869
0.763866 0.043996
0.615705 -0.181396
0.829565 0.392114
0.705498 0.520000
0.496182 0.656928
0.236045 0.884774
-0.034358 0.794281
-0.296442 0.690802
-0.481455 0.548751
-0.594454 0.143023
-0.586111 -0.064635
-0.414298 -0.436572
0.723186 0.011121
-0.159280 -0.543460
0.194003 -0.608368
0.424693 -0.773294
0.777574 -0.588825
0.836089 -0.293633
1.000638 -0.021694
0.889209 0.438038
0.785415 0.768760
0.548886 0.972914
0.283838 1.037186
0.727427 0.222388
-0.184013 0.901422
-0.427249 0.779660
-0.611480 0.567054
-0.746356 0.297068
-0.695606 -0.182730
-0.539930 -0.485126
-0.271794 -0.663419
-0.019527 -0.758863
0.500216 -0.899574
0.845350 -0.741744
0.606283 0.560442
1.053743 -0.380605
1.179218 -0.115124
1.149529 0.477681
0.803736 1.062207
0.564192 1.186925
0.254535 1.255786
-0.225289 1.177286
-0.612516 0.893315
-0.839872 0.554866
-0.893948 0.254299
0.523113 0.628526
-0.815596 -0.234836
-0.696951 -0.640204
-0.352864 -0.828585
0.271958 -0.965335
0.533084 -1.068456
0.857041 -0.919617
1.234507 -0.337047
1.282945 0.077948
1.281846 0.371116
0.987755 0.993088
0.106320 0.712909
0.648049 1.236810
0.034348 1.344944
-0.370068 1.287489
-0.644101 1.198217
-0.960202 0.686130
-1.027257 0.398970
-0.986432 -0.332426
-0.829394 -0.700356
-0.424757 -0.924351
0.058042 -1.054688
0.001647 0.750481
0.697754 -1.077740
0.972489 -0.891744
1.405437 -0.277374
1.379525 -0.082504
1.355439 0.508355
1.026014 1.100026
0.480180 1.324012
0.092477 1.384553
-0.459609 1.327004
-0.598964 1.273936
-0.322042 0.558979
-0.944594 0.842730
-1.087952 0.379198
-1.111481 -0.422451
-0.817485 -0.774856
-0.546235 -1.000158
-0.134313 -1.113152
