96 2
-0.031652 1.193844
0.493683 1.264428
-0.181169 -0.998117
-0.650389 -0.740863
-0.842787 -0.293115
-0.846999 0.317586
-0.681195 0.746514
-0.480374 1.033689
-0.128387 1.125797
0.361504 1.207944
0.785415 1.154264
1.096888 0.928969
0.852994 1.216242
1.235248 0.632807
1.063258 -0.139284
0.964514 -0.503646
0.762530 -0.679918
0.481824 -0.964678
0.104621 -1.025530
-0.338841 -0.901481
-0.513512 -0.755253
-0.791706 -0.090658
-0.785310 0.205000
1.114524 0.932774
-0.706470 0.569429
-0.522908 0.889198
-0.028424 1.031306
0.498626 1.051634
0.908098 0.969533
1.144937 0.893900
1.298441 0.085886
1.222125 -0.216547
1.196719 -0.425671
1.076907 -0.627084
1.122522 0.523109
0.509108 -1.011256
0.313121 -0.952845
-0.213923 -0.874039
-0.423378 -0.734658
-0.581626 -0.184680
-0.727992 0.152261
-0.642733 0.516754
-0.250610 0.885813
0.143576 0.821595
0.662664 0.793497
0.995064 -0.170483
0.854377 0.860685
1.249245 0.540235
1.393009 0.178459
1.444763 -0.221382
1.428664 -0.441064
1.215785 -0.635874
0.794079 -0.938256
0.112083 -0.951417
0.016192 -0.730665
-0.307747 -0.514157
0.902156 -0.390401
-0.407413 -0.211299
-0.395902 0.126056
-0.381876 0.315420
-0.093798 0.744130
0.302483 0.666475
0.509591 0.684614
0.964260 0.603722
1.360931 0.447074
1.501273 0.285901
1.546585 -0.174086
0.670729 -0.789725
1.560308 -0.534610
1.406227 -0.768644
0.891470 -0.884140
0.355500 -0.792598
0.104594 -0.646880
-0.012365 -0.461303
-0.293146 -0.253684
-0.278424 0.100785
-0.203068 0.304098
0.049497 0.607906
0.496689 -0.976233
0.435417 0.596992
0.527286 0.621763
1.181543 0.507070
1.352235 0.439613
1.551772 0.318497
1.698949 -0.092915
1.553939 -0.668111
1.480470 -0.848989
1.033982 -1.059068
0.378964 -0.758006
0.265328 -1.066360
0.151483 -0.546037
-0.014304 -0.432921
-0.140141 -0.117417
-0.136158 0.122024
-0.026203 0.371109
0.171823 0.547936
