96 2
0.598066 -1.266240
0.830315 -1.151046
-0.712468 0.935006
-0.996803 0.255915
-1.002521 -0.334013
-0.912008 -0.560265
-0.526866 -1.089458
-0.109006 -1.268678
0.439934 -1.184233
0.829154 -1.042861
1.210668 -0.752117
1.381208 -0.164318
1.263677 -0.804094
1.440331 0.422578
1.264921 0.731660
1.022310 1.076194
0.629801 1.207292
-0.052485 1.222304
-0.336419 1.138583
-0.599997 0.973169
-0.931420 0.364026
-0.935050 -0.154638
-0.811529 -0.674663
1.511670 0.084768
-0.512582 -0.927677
-0.034846 -1.060434
0.436799 -0.970389
0.668258 -0.947285
1.042209 -0.660566
1.215019 -0.124298
1.192871 0.365879
1.060399 0.662287
0.801262 1.006157
0.509426 1.093752
1.511595 0.258605
-0.029251 1.062152
-0.233400 1.067789
-0.682259 0.611305
-0.798849 0.410737
-0.805868 -0.040042
-0.740304 -0.389222
-0.360825 -0.870887
-0.061174 -1.021312
0.431743 -0.776277
0.571126 -0.791801
1.254311 0.950731
0.871015 -0.561139
1.039749 -0.093744
1.073664 0.327563
0.967854 0.513573
0.726554 0.747380
0.407294 0.883546
0.086241 0.919366
-0.331128 0.767574
-0.514394 0.611782
-0.687481 0.278813
0.980619 1.196723
-0.657658 -0.169320
-0.546365 -0.464848
-0.337802 -0.671996
0.172799 -0.808286
0.378121 -0.732992
0.554997 -0.610576
0.817382 -0.368441
0.934258 -0.128147
0.879327 0.121079
0.875173 0.372943
0.809385 1.272432
0.656386 0.541907
0.381878 0.723799
0.161838 0.795587
-0.296919 0.631091
-0.365238 0.513457
-0.469571 0.220929
-0.454544 0.038404
-0.429104 -0.331875
-0.135874 -0.552314
0.105918 -0.588727
0.340647 1.364565
0.301055 -0.547290
0.513110 -0.591893
0.820721 -0.313069
0.855225 -0.202117
0.865223 0.193672
0.772743 0.332894
0.633537 0.498026
0.309514 0.664972
0.069685 0.633512
-0.191020 0.530426
-0.259321 1.249640
-0.267719 0.462199
-0.372342 0.161132
-0.367112 -0.065723
-0.269461 -0.256785
-0.089725 -0.477635
0.073765 -0.561914
