96 2
1.161515 0.121773
1.140363 -0.525043
-1.170240 0.620058
-0.949169 0.891957
-0.427047 1.095248
-0.256564 1.105839
0.783022 0.867240
0.762636 0.862060
1.068093 0.146665
1.103958 -0.328555
0.992388 -0.825589
0.670794 -1.176251
1.003761 -0.956917
0.394185 -1.356610
0.086811 -1.319493
-0.670014 -1.206173
-0.875007 -1.038914
-1.064427 -0.883047
-1.198427 0.079198
-1.096340 0.442291
-1.025052 0.677767
-0.504140 0.972215
-0.050459 1.027454
0.723212 -1.296939
0.595564 0.912435
0.986552 0.527259
1.006581 0.156892
1.024018 -0.153028
0.864085 -0.746899
0.591838 -1.035590
0.333809 -1.155251
-0.203018 -1.165663
-0.593975 -1.044180
-0.756233 -0.938650
0.354486 -1.410142
-1.028785 -0.485173
-1.141703 0.059257
-0.941756 0.301438
-0.866272 0.583480
-0.562501 0.830231
-0.123899 0.924415
0.364282 0.833295
0.817529 0.496637
0.800210 0.071637
0.880027 -0.112055
0.064483 -1.493412
0.724743 -0.621797
0.538244 -0.814812
0.258286 -0.966017
0.022482 -1.038198
-0.413664 -0.902182
-0.607777 -0.784748
-0.927210 -0.439972
-0.943794 -0.023823
-0.912760 0.232679
-0.553017 0.562180
-0.720767 -1.258728
-0.327082 0.738278
-0.039772 0.722606
0.347643 0.607087
0.734043 0.420268
0.587222 0.030248
0.656895 -0.321940
0.616352 -0.472394
0.414832 -0.681814
0.166663 -0.835037
-0.110269 -0.840105
-0.909555 -1.112060
-0.349762 -0.777198
-0.560740 -0.584871
-0.682759 -0.391929
-0.779224 -0.062256
-0.698068 0.146585
-0.457264 0.366216
-0.425789 0.559882
-0.050620 0.577233
0.183968 0.505381
0.426533 0.346135
-1.150953 -0.747163
0.457214 0.126763
0.541385 -0.167647
0.510139 -0.408020
0.372594 -0.566872
0.182191 -0.667443
-0.076523 -0.757585
-0.236756 -0.751732
-0.489334 -0.595375
-0.634227 -0.352127
-0.652214 -0.102475
-1.223078 -0.141530
-0.584585 0.161381
-0.434236 0.312120
-0.187114 0.421628
0.066786 0.491160
0.164425 0.499047
0.381829 0.333469
