96 2
-0.461886 0.442769
-0.203326 0.519638
-0.288501 -0.672247
-0.418875 -0.591787
-0.588134 -0.309706
-0.656493 -0.110669
-0.647856 0.032111
-0.615180 0.339334
-0.593036 0.594214
-0.166160 0.700548
0.101789 0.635845
0.372028 0.510751
-0.021407 0.571076
0.517210 0.265398
0.584269 0.013021
0.642947 -0.195544
0.517917 -0.445126
0.331630 -0.608055
0.061259 -0.751234
-0.223107 -0.755071
-0.542252 -0.604974
-0.689846 -0.432095
-0.794674 -0.165917
0.269729 0.389402
-0.793662 0.048061
-0.649550 0.382651
-0.626344 0.713213
-0.374741 0.824464
0.129490 0.755714
0.393207 0.656676
0.607139 0.295266
0.756896 0.081755
0.709901 -0.269170
0.610377 -0.554624
0.350499 0.307419
0.405965 -0.844713
0.074046 -0.920708
-0.311226 -0.948916
-0.605119 -0.830784
-0.740551 -0.613036
-0.886907 -0.273050
-0.951141 -0.028716
-0.966961 0.381543
-0.711636 0.826131
-0.481080 0.966864
0.497877 0.066417
0.281295 0.923334
0.612636 0.818112
0.821380 0.632138
0.914175 0.246338
0.915273 -0.301353
0.808692 -0.631652
0.595859 -0.944491
0.161792 -1.130499
-0.409997 -1.072529
-0.661434 -0.946535
0.492581 -0.348990
-0.881733 -0.880247
-1.088860 -0.338917
-1.115622 0.193747
-1.058743 0.393491
-0.892903 0.901840
-0.541574 1.074869
0.147415 1.116628
0.819344 0.912723
0.921611 0.648742
1.061927 0.363877
0.413925 -0.400204
1.034856 -0.316660
0.845783 -0.835149
0.632891 -1.100527
0.158603 -1.303492
-0.448927 -1.276774
-0.766121 -1.106449
-0.961293 -0.949347
-1.255557 -0.427726
-1.272636 0.208019
-1.104194 0.724302
0.252773 -0.565672
-1.009028 0.932840
-0.507093 1.191506
0.239113 1.194029
0.738779 1.073837
1.070501 0.716442
1.113793 0.399855
1.065620 -0.495742
0.899282 -0.996042
0.689949 -1.165281
0.064731 -1.348313
0.004236 -0.652410
-0.470761 -1.363071
-0.783269 -1.203673
-1.155633 -0.841053
-1.312554 -0.284691
-1.328807 0.218096
-1.220858 0.607579
