300 2
0.789323 0.196518
0.749954 0.148480
0.126094 0.218390
-2.489881 -0.901352
-2.422173 -0.920851
-2.389414 -0.924086
-2.419342 -0.888904
-2.395062 -0.909216
-2.392401 -0.956307
-2.218235 -0.971390
-2.203048 -0.956816
-2.249077 -0.932157
-2.089813 -0.958745
0.209445 0.186509
-2.195467 -0.906567
-1.924710 -0.975079
-2.016562 -0.942395
-1.896036 -0.955109
-1.968282 -0.901685
-1.825408 -0.948447
-1.798520 -0.916724
-1.737240 -0.938859
-1.711056 -0.841043
-1.755028 -0.894422
0.057339 0.228253
-1.680360 -0.840099
-1.733645 -0.795202
-1.561801 -0.729497
-1.504822 -0.754292
-1.547263 -0.761227
-1.536837 -0.701107
-1.405183 -0.577249
-1.543373 -0.664590
-1.293867 -0.406785
-1.355465 -0.457231
-0.023681 0.236704
-1.397784 -0.628507
-1.318923 -0.472099
-1.332629 -0.464796
-1.245733 -0.315737
-1.218769 -0.254134
-1.203030 -0.232960
-1.215906 -0.225823
-1.147270 -0.037907
-1.079140 -0.056792
-1.064476 -0.004287
0.151069 0.172783
-1.058692 -0.028766
-1.082174 -0.027719
-1.118219 0.065712
-1.030188 0.323708
-1.010637 0.312837
-0.983308 0.338983
-0.968045 0.377359
-0.937865 0.588170
-0.969163 0.682688
-0.933884 0.634374
-0.036461 0.197135
-0.935309 0.840028
-0.918282 0.982399
-0.876393 0.967269
-0.908954 0.985716
-0.909277 0.965315
-0.875826 1.033798
-0.860420 1.285721
-0.827786 1.239385
-0.802891 1.410606
-0.794230 1.465438
-0.000352 0.167939
-0.802422 1.492035
-0.800208 1.713075
-0.739993 1.662962
-0.764922 1.630882
-0.644417 1.585701
-0.718002 1.687574
-0.683855 1.725859
-0.727870 1.778248
-0.688587 1.808944
-0.658087 1.931298
-0.052599 0.241780
-0.626738 1.886351
-0.600732 1.937370
-0.639697 1.906239
-0.577402 2.081603
-0.588407 2.007173
-0.556880 2.071314
-0.500481 2.231436
-0.519664 2.089286
-0.463202 2.246562
-0.468401 2.205166
-0.089393 0.210485
-0.458732 2.264246
-0.344447 2.408980
-0.312431 2.434977
-0.341163 2.429722
-0.290824 2.512665
-0.302694 2.457122
-0.335219 2.437037
-0.249798 2.488787
-0.189918 2.574448
-0.183897 2.586630
-0.166670 0.236264
-0.240181 2.534898
-0.063287 2.667779
-0.018684 2.749388
-0.024628 2.691164
0.003632 2.716295
0.068011 2.746165
0.169780 2.856089
0.158767 2.727556
0.136975 2.799917
0.240926 2.789428
0.653935 0.208431
-0.147799 0.231115
0.273633 2.857069
0.387417 2.883884
0.435225 2.935553
0.426659 2.897985
0.489177 2.897224
0.473804 2.915187
0.736500 2.907923
0.538786 2.929397
0.626661 2.939410
0.686689 2.944614
-0.237222 0.289173
0.715855 3.010557
0.788033 2.965014
0.815153 2.940426
0.874845 2.943918
0.927673 2.904597
0.937130 2.930839
1.054876 2.934751
0.977804 2.908732
1.174148 2.887057
1.229574 2.870744
-0.206434 0.233358
1.222206 2.887685
1.286987 2.837618
1.369886 2.812728
1.349824 2.806505
1.327765 2.833999
1.362227 2.805593
1.433884 2.755973
1.547353 2.764106
1.516537 2.727626
1.572933 2.667497
-0.343596 0.189482
1.585786 2.673412
1.676915 2.589205
1.700939 2.543730
1.692677 2.590261
1.788934 2.423661
1.764905 2.519807
1.782648 2.407775
1.818224 2.357967
1.892039 2.325944
1.854646 2.314230
-0.364840 0.277948
1.859845 2.318257
1.846879 2.308480
1.883746 2.235352
1.878647 2.190362
1.943260 2.136466
1.915023 2.147506
1.951292 1.971760
1.943724 1.937414
2.012028 1.883679
1.960155 1.872134
-0.386007 0.268879
1.983943 1.878344
2.008095 1.758981
1.983273 1.804396
1.976924 1.626047
1.979160 1.661747
1.979295 1.666579
2.025644 1.638214
2.004794 1.545416
1.938420 1.392227
1.972177 1.345669
-0.583201 0.280766
1.949114 1.370856
1.923269 1.365015
1.878070 1.235643
2.001720 1.228552
1.912900 1.170017
1.915321 1.137551
1.919710 1.093065
1.874850 0.993487
1.833698 0.973355
1.859108 0.930086
-0.675099 0.325764
1.852150 0.960250
1.867190 0.942673
1.766109 0.806628
1.828861 0.864116
1.761304 0.718633
1.784979 0.767789
1.641561 0.747187
1.706636 0.656937
1.630757 0.607686
1.577784 0.602451
-0.921992 0.366635
1.605467 0.547431
1.561234 0.556735
1.547861 0.477432
1.491046 0.482986
1.370407 0.369676
1.435953 0.446550
1.377796 0.414004
1.390499 0.386601
1.317533 0.388409
1.254759 0.340542
-0.854497 0.388353
1.274225 0.345034
1.203775 0.280725
1.091652 0.288368
1.104459 0.269482
1.050838 0.260646
1.016012 0.253175
0.888494 0.240745
0.985411 0.201910
0.813196 0.185438
0.767990 0.186883
0.662687 0.206726
-0.815181 0.382678
-0.864489 0.400959
-1.041553 0.438310
-1.096989 0.490647
-1.140120 0.427404
-1.260810 0.501901
-1.408271 0.486335
-1.349306 0.475911
-1.497057 0.546104
-1.450822 0.494016
0.611922 0.212286
-1.492415 0.519303
-1.616896 0.527018
-1.635429 0.532211
-1.631891 0.585504
-1.756672 0.558599
-1.836545 0.551095
-1.948459 0.575044
-1.945067 0.575179
-2.008453 0.573841
-1.954451 0.553162
0.515493 0.178249
-2.070442 0.551154
-2.059026 0.576902
-2.145792 0.568905
-2.231957 0.612766
-2.181262 0.566681
-2.313113 0.575199
-2.213920 0.516797
-2.334199 0.529663
-2.377905 0.481894
-2.442563 0.571188
0.481246 0.146245
-2.531488 0.487661
-2.496121 0.533541
-2.657687 0.437093
-2.561892 0.472408
-2.708630 0.409079
-2.659554 0.407018
-2.650863 0.353261
-2.717215 0.364072
-2.719869 0.339286
-2.863502 0.291988
0.437849 0.155821
-2.813110 0.222350
-2.809158 0.225052
-2.860419 0.163321
-2.836753 0.129364
-2.879934 0.159416
-2.876140 0.107643
-2.837784 0.120665
-2.919157 -0.041169
-2.899062 0.017376
-2.862946 -0.085430
0.422203 0.181253
-2.885096 -0.165107
-2.957845 -0.208206
-2.910315 -0.273732
-2.832359 -0.414013
-2.887712 -0.400910
-2.883688 -0.422962
-2.865954 -0.494223
-2.744320 -0.549372
-2.847728 -0.548722
-2.844508 -0.605486
0.319369 0.186200
-2.819388 -0.665090
-2.832984 -0.647432
-2.769795 -0.678932
-2.719268 -0.724593
-2.742858 -0.724028
-2.648630 -0.739198
-2.617715 -0.802857
-2.654686 -0.762952
-2.576718 -0.863215
-2.560504 -0.828245
