500 2
-1.699465 -1.383755
-1.716659 -1.376575
-1.983276 -1.171771
-1.204135 0.554706
-1.281183 0.614704
-1.249375 0.531898
-1.228769 0.617168
-1.265441 0.633168
-1.127303 0.705515
-1.164495 0.621060
-1.231074 0.599675
-1.118746 0.689369
-1.187267 0.627043
-2.007048 -1.154433
-1.059974 0.752783
-1.091761 0.741551
-1.032510 0.737201
-1.036893 0.805073
-0.995696 0.837758
-1.061968 0.766174
-1.053540 0.769880
-1.008936 0.826957
-0.961565 0.871924
-0.990418 0.842548
-2.084843 -1.125387
-0.956073 0.871821
-0.956109 0.861126
-0.941934 0.896199
-0.867311 0.940809
-0.894744 1.009440
-0.910983 0.992073
-0.870585 1.040350
-0.840589 1.038698
-0.876289 1.056841
-0.778683 1.161796
-2.014910 -1.171714
-0.753801 1.071246
-0.831994 1.113810
-0.775328 1.170094
-0.765379 1.214366
-0.832161 1.198089
-0.754269 1.159549
-0.809386 1.207233
-0.817003 1.278340
-0.763568 1.279412
-0.821145 1.314608
-2.092344 -1.034078
-0.751394 1.219684
-0.729882 1.367745
-0.735397 1.462232
-0.784356 1.365541
-0.771799 1.491357
-0.714146 1.493432
-0.728926 1.581495
-0.787452 1.519908
-0.784628 1.540128
-0.740211 1.602044
-2.138153 -1.053079
-0.768033 1.565473
-0.816511 1.531747
-0.780953 1.599784
-0.745782 1.714513
-0.682698 1.649457
-0.732451 1.683782
-0.763812 1.778473
-0.733798 1.842678
-0.744299 1.754781
-0.667881 1.846823
-2.031675 -1.044537
-0.697525 1.901327
-0.707742 1.856587
-0.674659 1.990834
-0.709318 1.985543
-0.629765 2.007428
-0.687016 2.014764
-0.672373 1.948725
-0.671939 2.037410
-0.654134 2.156299
-0.608862 2.172349
-2.101717 -1.107206
-0.545122 2.229866
-0.605874 2.139835
-0.569838 2.180170
-0.643476 2.211154
-0.570618 2.331314
-0.621675 2.259443
-0.554034 2.343795
-0.529233 2.398349
-0.562211 2.340625
-0.578976 2.427399
-2.058022 -1.079798
-0.501805 2.444772
-0.594499 2.311741
-0.476418 2.493801
-0.495371 2.514679
-0.584931 2.358541
-0.445477 2.556289
-0.512105 2.550346
-0.459750 2.535326
-0.432441 2.570557
-0.411202 2.595759
-2.124679 -0.974868
-0.408179 2.658904
-0.401979 2.612909
-0.380056 2.608872
-0.307760 2.748547
-0.280528 2.715326
-0.325935 2.690692
-0.321964 2.666731
-0.292843 2.696083
-0.284890 2.761414
-0.232483 2.739533
-1.723080 -1.308464
-2.129720 -0.996198
-0.252744 2.692985
-0.161388 2.789319
-0.241844 2.713867
-0.144381 2.785377
-0.175966 2.689050
-0.163605 2.800320
-0.068951 2.718066
-0.046748 2.810649
-0.019383 2.779380
0.007062 2.778490
-2.191630 -0.979803
-0.024618 2.825196
0.061766 2.754774
0.018499 2.753160
0.072774 2.815339
0.119476 2.742536
0.216654 2.732696
0.121156 2.704336
0.131468 2.835283
0.154069 2.674060
0.233397 2.728599
-2.173945 -0.978884
0.302059 2.748830
0.262529 2.760853
0.314100 2.686939
0.253794 2.663584
0.372626 2.722039
0.411719 2.653343
0.342358 2.797365
0.421016 2.628873
0.409767 2.694130
0.482652 2.656972
-2.201860 -0.934223
0.570530 2.581538
0.519403 2.618160
0.465561 2.606250
0.556316 2.572129
0.561660 2.542027
0.594509 2.475551
0.663274 2.482364
0.625174 2.516941
0.649928 2.484277
0.677318 2.499336
-2.130790 -0.943017
0.631871 2.511201
0.673028 2.390693
0.590207 2.478257
0.723688 2.312735
0.771912 2.351789
0.710859 2.358790
0.748824 2.316317
0.798834 2.225456
0.752671 2.292993
0.745236 2.209766
-2.165144 -0.863968
0.717639 2.351769
0.809018 2.127101
0.861847 2.153939
0.865250 2.159206
0.780193 2.151109
0.891203 2.067812
0.895118 2.116603
0.822331 2.147114
0.918907 2.024803
0.939928 1.986460
-2.232174 -0.843817
0.919775 2.004905
0.895489 1.969496
0.976659 1.934601
0.959341 1.955986
0.929302 1.936121
1.043528 1.880605
1.019623 1.872416
0.929466 1.795517
0.929755 1.701575
0.961663 1.789777
-2.150169 -0.830834
0.945608 1.753290
1.013275 1.749441
0.999122 1.735886
0.991034 1.662202
0.993811 1.677695
0.986839 1.696987
1.070872 1.614654
0.994733 1.587958
0.964424 1.562157
0.983380 1.524925
-2.212044 -0.832299
0.992388 1.525550
0.966707 1.528372
0.994489 1.436713
1.016630 1.517891
1.020470 1.435080
1.024572 1.441268
1.028502 1.319725
0.986635 1.355120
0.969594 1.343146
0.955766 1.298732
-2.236853 -0.754687
0.970991 1.260301
0.985926 1.224522
0.984224 1.274571
0.927371 1.151483
0.909118 1.130635
0.907938 1.068343
0.963271 1.105310
0.956583 1.106640
0.911467 1.058200
0.856170 1.023184
-1.846019 -1.303280
-2.259398 -0.774586
0.895168 1.045583
0.828322 0.946334
0.882474 1.049805
0.868322 0.921980
0.881318 0.917808
0.862041 0.932018
0.805570 0.934007
0.858278 0.956330
0.827385 0.844008
0.812057 0.895957
-2.192872 -0.773959
0.777197 0.840772
0.765420 0.832241
0.751589 0.730709
0.765201 0.791778
0.748955 0.771535
0.698956 0.676655
0.748467 0.740141
0.708393 0.660723
0.769552 0.704422
0.668173 0.743764
-2.218421 -0.758979
0.723330 0.622687
0.706512 0.655739
0.686282 0.540111
0.601381 0.534637
0.647743 0.473156
0.672844 0.506203
0.594074 0.478786
0.680545 0.492727
0.623127 0.443578
0.677181 0.341307
-2.170175 -0.614147
0.635649 0.421319
0.700799 0.340885
0.516870 0.260377
0.604693 0.392245
0.618781 0.282862
0.622026 0.265836
0.658767 0.264808
0.553577 0.214486
0.582536 0.203676
0.645799 0.219173
-2.233329 -0.690122
0.622499 0.122749
0.642287 0.149020
0.630766 0.087392
0.635495 0.031698
0.601547 0.027583
0.559594 -0.051595
0.627856 -0.032754
0.577899 0.063187
0.651857 -0.054223
0.620426 -0.058338
-2.209579 -0.562281
0.629573 -0.096677
0.621827 -0.102146
0.544997 -0.100431
0.609203 -0.197593
0.593877 -0.204862
0.639375 -0.096394
0.588969 -0.236165
0.665721 -0.279664
0.612637 -0.285284
0.625604 -0.276033
-2.209505 -0.672588
0.562467 -0.354857
0.632346 -0.349670
0.635277 -0.364580
0.622213 -0.391647
0.612706 -0.435671
0.605568 -0.414453
0.587154 -0.507805
0.647807 -0.552705
0.629809 -0.601023
0.624253 -0.651376
-2.241113 -0.692175
0.618073 -0.487287
0.594120 -0.527215
0.600380 -0.624575
0.616858 -0.635862
0.607489 -0.742136
0.628914 -0.706229
0.595734 -0.777633
0.606801 -0.702708
0.610286 -0.760234
0.584372 -0.798814
-2.232807 -0.599373
0.594203 -0.840741
0.537088 -0.881184
0.537829 -0.842645
0.552392 -0.889577
0.477011 -0.873507
0.553919 -0.866208
0.599616 -0.882750
0.489806 -0.944978
0.534707 -1.003775
0.469757 -1.008773
-2.214993 -0.555039
0.479219 -0.973211
0.493007 -1.034005
0.430202 -1.092335
0.502900 -1.032804
0.419283 -1.165797
0.420756 -1.164696
0.430894 -1.158360
0.346591 -1.122539
0.374109 -1.189138
0.356477 -1.229407
-1.983960 -1.202977
-2.202554 -0.597049
0.358242 -1.226870
0.366921 -1.230127
0.344073 -1.233690
0.344328 -1.370100
0.319789 -1.272745
0.252877 -1.339187
0.282065 -1.280730
0.285285 -1.324635
0.240568 -1.400422
0.181187 -1.379436
-2.235553 -0.464528
0.242737 -1.397531
0.139154 -1.424921
0.208369 -1.458977
0.196946 -1.446830
0.202442 -1.486916
0.178755 -1.430034
0.072306 -1.497282
0.126205 -1.523168
0.075005 -1.472174
0.017144 -1.575287
-2.207671 -0.472284
0.156995 -1.595591
0.037232 -1.597214
0.053389 -1.543972
0.005512 -1.611869
-0.008135 -1.595913
-0.013156 -1.621781
-0.057057 -1.618049
-0.100116 -1.646957
-0.081613 -1.640381
-0.172715 -1.620073
-2.141826 -0.435841
-0.166532 -1.728802
-0.046400 -1.644263
-0.210065 -1.612690
-0.264076 -1.658769
-0.160322 -1.678656
-0.256461 -1.642017
-0.317362 -1.745524
-0.402042 -1.679756
-0.302863 -1.684700
-0.427662 -1.705892
-2.214950 -0.461638
-0.298197 -1.662074
-0.489388 -1.698799
-0.455234 -1.707243
-0.466896 -1.694507
-0.495445 -1.665967
-0.497875 -1.734668
-0.509105 -1.677245
-0.576830 -1.680885
-0.519841 -1.682840
-0.648102 -1.668544
-2.219310 -0.420410
-0.675463 -1.622349
-0.543374 -1.754504
-0.729252 -1.714439
-0.744270 -1.653438
-0.665549 -1.666961
-0.718780 -1.659968
-0.756044 -1.706690
-0.785054 -1.675192
-0.842806 -1.644233
-0.941682 -1.639811
-2.162003 -0.417855
-0.860680 -1.620988
-0.964806 -1.686680
-0.805126 -1.650657
-0.972019 -1.650768
-0.953584 -1.655436
-0.967385 -1.618229
-0.856822 -1.566331
-1.009690 -1.590834
-0.990942 -1.611338
-1.137261 -1.640730
-2.170409 -0.358033
-1.066141 -1.564830
-1.125097 -1.620160
-1.054645 -1.548539
-1.178979 -1.543905
-1.258814 -1.601266
-1.225912 -1.551704
-1.205879 -1.557855
-1.246831 -1.545232
-1.334410 -1.502516
-1.353162 -1.556448
-2.215642 -0.317590
-1.402088 -1.486373
-1.398234 -1.473287
-1.309009 -1.574228
-1.435230 -1.551872
-1.371345 -1.527303
-1.469043 -1.497659
-1.436266 -1.499076
-1.518491 -1.440333
-1.457101 -1.450750
-1.542441 -1.449440
-2.160365 -0.354056
-1.472942 -1.444466
-1.636634 -1.461616
-1.599470 -1.483182
-1.628770 -1.451409
-1.714300 -1.379480
-1.628980 -1.438497
-1.651907 -1.411622
-1.637331 -1.408601
-1.720782 -1.417690
-1.586978 -1.301302
-1.858963 -1.312100
-2.095907 -0.263343
-2.108624 -0.323856
-2.084676 -0.128048
-2.137220 -0.136829
-2.209047 -0.229663
-2.124008 -0.155392
-2.108442 -0.094682
-2.108204 -0.120320
-2.054002 -0.128251
-2.066866 -0.019570
-1.904182 -1.206029
-2.038652 0.009837
-2.025333 -0.083996
-1.966557 0.100020
-2.034801 0.139305
-1.992054 0.069548
-1.980364 0.066780
-1.922150 0.154321
-1.938946 0.111683
-1.882823 0.119187
-1.956397 0.152090
-1.874713 -1.260407
-1.838642 0.157859
-1.807919 0.237112
-1.866541 0.254669
-1.934065 0.197844
-1.842515 0.229246
-1.851793 0.336842
-1.836939 0.232504
-1.755008 0.192742
-1.782293 0.285773
-1.726224 0.319142
-1.986318 -1.187416
-1.679573 0.332579
-1.714124 0.320804
-1.761050 0.386764
-1.692528 0.317722
-1.665697 0.345149
-1.737818 0.346180
-1.609718 0.392588
-1.576447 0.404865
-1.613459 0.409424
-1.552021 0.421396
-2.007237 -1.217388
-1.431968 0.478746
-1.516096 0.453386
-1.466327 0.459897
-1.459252 0.469147
-1.354537 0.550226
-1.401247 0.500290
-1.400374 0.517413
-1.338412 0.552455
-1.343543 0.529659
-1.276726 0.498672
