500 2
-0.613398 1.660096
-0.602625 1.716271
-0.392205 1.973932
1.182834 1.214470
1.201623 1.147551
1.137228 0.993350
1.180260 1.073607
1.286435 1.010436
1.271423 1.043299
1.200370 1.035260
1.266515 0.937977
1.236594 0.947693
1.269247 0.941473
-0.423422 1.964297
1.308488 0.818335
1.247116 0.912539
1.267804 0.825535
1.327507 0.876125
1.298904 0.769827
1.274499 0.856111
1.332360 0.777517
1.332351 0.682428
1.348418 0.546576
1.317874 0.683149
-0.420784 1.961127
1.335516 0.625426
1.314639 0.492228
1.367802 0.650803
1.319928 0.598270
1.458805 0.398272
1.420351 0.368399
1.412366 0.346658
1.496368 0.307206
1.482529 0.320033
1.416930 0.471352
-0.352489 1.987741
1.461202 0.245939
1.474874 0.008053
1.492491 0.068671
1.620077 -0.133194
1.571972 0.040068
1.530873 0.006543
1.626812 -0.133362
1.557086 -0.173968
1.579881 -0.115182
1.610266 -0.222415
-0.427402 1.990346
1.616618 -0.348481
1.671543 -0.269485
1.656116 -0.310726
1.666360 -0.306947
1.720383 -0.363404
1.744576 -0.358295
1.825357 -0.467549
1.770361 -0.504635
1.762686 -0.491255
1.794744 -0.529173
-0.281713 2.084348
1.759820 -0.460201
1.755475 -0.482044
1.802802 -0.640801
1.859316 -0.642457
1.889588 -0.630117
1.858936 -0.629337
1.921080 -0.760894
1.868558 -0.676905
1.939947 -0.658144
1.872550 -0.679584
-0.282196 2.050300
1.945080 -0.740917
1.957855 -0.774927
1.959774 -0.770101
1.997244 -0.826385
1.973874 -0.767997
2.087164 -0.895244
2.016479 -0.877591
2.104112 -0.891099
2.109838 -0.880324
2.123884 -0.828502
-0.374690 1.970521
2.149450 -0.949534
2.158132 -0.963926
2.152221 -0.847697
2.191595 -0.915461
2.254895 -1.031325
2.267576 -1.048257
2.323035 -1.045585
2.298133 -1.021811
2.337457 -1.072161
2.334476 -1.089395
-0.269409 2.058977
2.402762 -1.037140
2.461629 -1.128170
2.493073 -1.061229
2.470662 -1.093784
2.460189 -1.085528
2.555107 -1.112623
2.593565 -1.127089
2.600256 -1.098090
2.592076 -1.169402
2.602009 -1.118913
-0.233216 2.161967
2.624362 -1.138532
2.620361 -1.150764
2.732852 -1.132350
2.784962 -1.100087
2.803752 -1.099867
2.800478 -1.146018
2.814142 -1.165326
2.827975 -1.092217
2.828255 -1.116039
2.830522 -1.144606
-0.477555 1.770586
-0.178098 2.094430
2.876348 -1.084911
2.849839 -1.124358
2.978362 -1.095554
2.980254 -1.026941
3.017620 -1.032598
2.990718 -1.069469
3.033608 -1.043050
2.958370 -1.086783
3.099885 -1.036993
3.041949 -1.093920
-0.209777 2.061489
3.100693 -0.952033
3.167011 -0.970735
3.138969 -0.953163
3.177225 -0.927753
3.245767 -0.856699
3.188157 -0.890584
3.178520 -0.886917
3.275513 -0.883280
3.195274 -0.906850
3.218478 -0.776273
-0.129342 2.087308
3.335695 -0.662662
3.230028 -0.699656
3.278701 -0.729745
3.266022 -0.751014
3.284970 -0.718216
3.317145 -0.670630
3.280537 -0.676389
3.273743 -0.658552
3.317797 -0.511341
3.343953 -0.577807
-0.197406 2.139230
3.346136 -0.508183
3.311905 -0.572834
3.304769 -0.454512
3.341682 -0.482407
3.265721 -0.514796
3.323966 -0.430239
3.327864 -0.524696
3.332800 -0.401759
3.361870 -0.416126
3.326043 -0.327342
-0.101754 2.021783
3.326178 -0.335092
3.298593 -0.363759
3.321476 -0.319560
3.306233 -0.173676
3.310386 -0.204053
3.297785 -0.101805
3.215313 -0.061001
3.337221 -0.167974
3.290457 -0.066350
3.304798 -0.027116
-0.165636 2.148487
3.328426 -0.141621
3.167290 0.080246
3.284265 0.135271
3.266802 0.053576
3.273792 0.089743
3.269282 0.122991
3.282425 0.081369
3.205365 0.117057
3.263680 0.175543
3.280809 0.161055
-0.077862 2.138584
3.250262 0.229310
3.188265 0.256793
3.159489 0.265566
3.183722 0.252946
3.164095 0.274933
3.169644 0.323205
3.186947 0.316748
3.160051 0.295382
3.090585 0.326253
3.024614 0.375790
-0.066892 2.111834
3.069921 0.347898
3.067468 0.424872
3.011324 0.435035
2.935760 0.459890
2.959204 0.414510
3.032693 0.378859
2.839437 0.476250
2.862170 0.460671
2.881577 0.372581
2.805309 0.512857
-0.018629 2.135997
2.810103 0.474762
2.795882 0.474872
2.795712 0.461319
2.818978 0.493101
2.722036 0.493704
2.637397 0.589686
2.582072 0.562920
2.651168 0.477328
2.659001 0.556786
2.628811 0.546582
-0.055085 2.128412
2.541016 0.490085
2.609608 0.542216
2.653950 0.506427
2.524820 0.536864
2.542375 0.488286
2.462092 0.535958
2.434116 0.488588
2.437468 0.493931
2.391773 0.470249
2.317729 0.454613
-0.536076 1.773130
-0.008300 2.155371
2.288155 0.506718
2.246803 0.437257
2.234672 0.463388
2.228700 0.459461
2.194651 0.420132
2.227406 0.407850
2.180416 0.406069
2.106382 0.399566
2.144949 0.392246
2.105398 0.392482
-0.098857 2.150929
2.067336 0.353367
1.978149 0.371990
1.825644 0.417701
1.937377 0.313519
1.971413 0.294182
1.953297 0.368455
1.886049 0.248169
1.921036 0.282548
1.924519 0.270458
1.806994 0.254678
0.036474 2.112440
1.757127 0.239291
1.780112 0.230222
1.638623 0.134358
1.673645 0.234727
1.607004 0.207453
1.554281 0.169329
1.598735 0.198705
1.520309 0.179059
1.351131 0.134832
1.348510 0.097589
0.075614 2.155776
1.321246 0.090998
1.372297 0.116476
1.332125 0.091783
1.322054 0.108872
1.222559 0.046307
1.157220 0.015502
1.065261 -0.023510
1.243785 0.075250
1.081085 0.016512
1.092977 -0.008072
0.090867 2.157061
1.143955 0.014583
1.005155 0.024187
0.989488 0.030995
0.943111 -0.034611
0.931168 -0.026649
0.861834 -0.062164
0.916661 -0.055349
0.880682 -0.054193
0.895649 -0.088104
0.866560 -0.095449
0.080178 2.196278
0.821277 -0.078350
0.795053 -0.039697
0.721609 -0.094381
0.751150 -0.083109
0.735081 -0.106008
0.811142 -0.073166
0.693047 -0.124193
0.632114 -0.168014
0.666346 -0.142610
0.519494 -0.241643
0.058621 2.155165
0.573791 -0.205664
0.642058 -0.148471
0.515425 -0.227581
0.668550 -0.113970
0.439492 -0.310708
0.489250 -0.223383
0.390181 -0.223327
0.447829 -0.259975
0.319499 -0.340615
0.339388 -0.254368
0.235696 2.193188
0.300194 -0.348908
0.319497 -0.259790
0.307443 -0.335999
0.254239 -0.317773
0.256283 -0.346189
0.212668 -0.317167
0.137814 -0.354899
0.183250 -0.338029
0.182098 -0.362695
0.257356 -0.387165
0.229070 2.104829
0.030020 -0.340989
0.036505 -0.337800
0.102867 -0.395970
0.028419 -0.381263
0.075586 -0.312908
-0.040849 -0.438221
-0.032705 -0.406830
-0.071462 -0.360548
-0.044402 -0.388424
-0.088179 -0.397671
0.233612 2.125122
-0.066915 -0.453207
-0.149391 -0.387288
-0.203355 -0.393987
-0.284776 -0.331684
-0.167340 -0.405423
-0.227101 -0.379756
-0.256942 -0.372061
-0.313854 -0.378486
-0.414955 -0.366874
-0.398319 -0.315123
-0.490364 1.835110
0.166589 2.121179
-0.366249 -0.402926
-0.490117 -0.384876
-0.396172 -0.323997
-0.480212 -0.347104
-0.488413 -0.380958
-0.518842 -0.314967
-0.448329 -0.308535
-0.541442 -0.322988
-0.567026 -0.278963
-0.602165 -0.284590
0.344969 2.174004
-0.555246 -0.297246
-0.588837 -0.256699
-0.564240 -0.179507
-0.625332 -0.282724
-0.646245 -0.259037
-0.687787 -0.251847
-0.703740 -0.206804
-0.671681 -0.223546
-0.675974 -0.224739
-0.759946 -0.154305
0.263497 2.153624
-0.741652 -0.175949
-0.763452 -0.146720
-0.810090 -0.102395
-0.866630 -0.068113
-0.800836 -0.097720
-0.858155 0.027098
-0.864518 -0.029135
-0.862063 -0.069084
-0.896468 0.056913
-0.863071 0.007551
0.313981 2.104478
-0.897243 0.019489
-0.873698 0.064904
-0.888686 0.001747
-0.852246 0.128067
-0.902543 0.140930
-0.857520 0.131490
-0.903741 0.151862
-0.930655 0.169446
-0.942609 0.187510
-0.920926 0.321799
0.279524 2.150609
-0.919972 0.179464
-0.916061 0.352272
-0.990110 0.335089
-0.937368 0.364524
-0.902662 0.408529
-0.972642 0.435278
-0.943665 0.408310
-0.960030 0.523218
-0.966097 0.365051
-0.902363 0.513022
0.426748 2.165887
-0.984532 0.528218
-0.927390 0.540156
-0.933080 0.588101
-0.844790 0.641631
-0.902808 0.720797
-0.973478 0.723211
-0.894899 0.746827
-0.910811 0.679955
-0.923118 0.718922
-0.850348 0.763399
0.404358 2.132959
-0.887344 0.790156
-0.898190 0.767743
-0.863108 0.837682
-0.869008 0.895021
-0.828260 0.970154
-0.843010 0.948323
-0.877453 0.904495
-0.802248 0.922466
-0.858151 1.012950
-0.807066 1.010568
0.438776 2.043731
-0.846796 1.005018
-0.803816 1.075148
-0.755146 0.982208
-0.778313 1.118103
-0.823995 1.104392
-0.825189 1.087542
-0.793775 1.189704
-0.763770 1.234404
-0.702639 1.378694
-0.758978 1.214313
0.461049 2.181854
-0.802087 1.335068
-0.692175 1.318622
-0.745476 1.303574
-0.704017 1.271521
-0.748852 1.319102
-0.727358 1.441265
-0.692255 1.380311
-0.693808 1.444182
-0.680460 1.471033
-0.720056 1.422252
0.505031 2.125120
-0.677560 1.564333
-0.683130 1.492025
-0.654320 1.501066
-0.644101 1.532515
-0.593529 1.676257
-0.580287 1.582544
-0.638174 1.622367
-0.657823 1.669924
-0.623762 1.682531
-0.579194 1.720473
-0.511373 1.786795
0.450663 2.102082
0.503329 2.111118
0.516323 2.077659
0.693592 2.069211
0.657494 2.086332
0.595600 2.037227
0.570116 2.135400
0.551472 1.996539
0.623230 2.049163
0.695971 1.995459
-0.481716 1.863176
0.797077 2.013057
0.707574 2.059871
0.845193 1.952489
0.834524 1.891980
0.825501 1.936421
0.836142 1.912556
0.853816 1.916580
0.946667 1.876082
0.868618 1.912619
0.888718 1.811665
-0.498755 1.836521
0.926906 1.804701
0.974377 1.794851
0.948931 1.827912
0.975852 1.777729
0.987547 1.775727
0.955645 1.764788
1.082339 1.677820
0.997582 1.738139
1.043325 1.752435
1.050995 1.677148
-0.450779 1.863500
1.057078 1.604498
1.106886 1.611429
1.061183 1.633396
1.053310 1.610871
1.041923 1.560189
1.150314 1.492183
1.144526 1.616834
1.131660 1.522387
1.175688 1.477772
1.178844 1.458617
-0.444183 1.979861
1.134883 1.310375
1.121798 1.377557
1.194481 1.325955
1.146855 1.369600
1.184599 1.473676
1.166060 1.159803
1.213519 1.253938
1.212998 1.251430
1.219290 1.076826
1.180059 1.243494
