500 2
-3.917071 1.303589
-3.849717 1.262865
-3.933681 0.955748
-2.181288 0.002556
-2.201768 -0.050365
-2.258973 -0.040662
-2.100084 -0.065444
-2.177005 -0.065856
-2.115846 -0.113452
-2.083124 -0.126797
-2.003622 -0.186675
-2.101231 -0.103152
-2.088200 -0.110392
-3.928741 0.977247
-2.017499 -0.066772
-1.887010 -0.215590
-1.896487 -0.144682
-1.836119 -0.207072
-1.848973 -0.208409
-1.932969 -0.217124
-1.830009 -0.199864
-1.971661 -0.239980
-1.822604 -0.270589
-1.759020 -0.311844
-3.926974 0.883079
-1.755954 -0.255443
-1.819615 -0.209491
-1.764424 -0.316882
-1.694896 -0.223835
-1.701682 -0.353365
-1.721620 -0.326241
-1.715545 -0.356970
-1.652724 -0.393948
-1.628818 -0.458311
-1.673290 -0.349810
-3.898398 0.921326
-1.607614 -0.402303
-1.570636 -0.380140
-1.594541 -0.443237
-1.480269 -0.556832
-1.587957 -0.460517
-1.492747 -0.488083
-1.439488 -0.502736
-1.513751 -0.583566
-1.538561 -0.558696
-1.398675 -0.562641
-3.910228 0.857646
-1.467994 -0.555492
-1.424134 -0.749116
-1.409868 -0.601008
-1.382216 -0.708303
-1.380474 -0.720282
-1.353601 -0.650259
-1.360784 -0.747532
-1.320653 -0.792318
-1.303506 -0.814135
-1.352310 -0.796840
-3.904782 0.802169
-1.328174 -0.787108
-1.385180 -0.809844
-1.235015 -0.934030
-1.248349 -0.920503
-1.252967 -0.858017
-1.197759 -0.959969
-1.207512 -0.915442
-1.170025 -0.987752
-1.151852 -0.966346
-1.129739 -0.982840
-3.903257 0.913536
-1.158927 -1.006725
-1.151739 -1.051180
-1.184032 -0.970898
-1.120048 -1.159460
-1.124265 -1.042038
-1.076633 -1.069385
-0.946241 -1.043120
-0.983492 -1.099681
-0.999734 -1.169077
-0.963807 -1.158154
-3.856235 0.801492
-0.956141 -1.109316
-0.864809 -1.177698
-0.903686 -1.184758
-0.930713 -1.169130
-0.827307 -1.187434
-0.817034 -1.261240
-0.785580 -1.270855
-0.778061 -1.202943
-0.646328 -1.352764
-0.723922 -1.299587
-3.950864 0.920453
-0.697050 -1.311222
-0.660874 -1.319440
-0.700666 -1.291086
-0.641393 -1.346430
-0.655739 -1.324802
-0.565212 -1.345239
-0.545372 -1.403003
-0.538997 -1.376916
-0.584409 -1.352114
-0.449205 -1.367349
-3.891084 0.775746
-0.461888 -1.384231
-0.388064 -1.344476
-0.329605 -1.348346
-0.391177 -1.375992
-0.380183 -1.380553
-0.477499 -1.355327
-0.259002 -1.375279
-0.244357 -1.362878
-0.247095 -1.346776
-0.073232 -1.344574
-3.915631 1.140850
-3.824808 0.712996
-0.134146 -1.251317
-0.180228 -1.354060
-0.187686 -1.349029
-0.116450 -1.294837
-0.125692 -1.297631
-0.066437 -1.265237
-0.077606 -1.274766
-0.061454 -1.283228
0.046125 -1.239647
0.032586 -1.218101
-3.841629 0.714367
-0.057539 -1.300668
0.051366 -1.203263
0.089339 -1.205026
0.085960 -1.178694
0.086583 -1.201017
0.148760 -1.027762
0.020429 -1.168516
0.164951 -1.105504
0.097141 -1.053795
0.140924 -1.130051
-3.845758 0.724435
0.208768 -1.012937
0.153764 -1.099487
0.188902 -1.024378
0.212459 -0.959207
0.174907 -0.955556
0.287470 -0.931983
0.246533 -0.848908
0.228903 -0.904316
0.241701 -0.862067
0.289681 -0.782730
-3.844488 0.699637
0.316744 -0.790190
0.259275 -0.846956
0.295155 -0.787499
0.263038 -0.743594
0.358169 -0.682406
0.248570 -0.698710
0.302034 -0.660395
0.272420 -0.715639
0.276682 -0.625879
0.290198 -0.565095
-3.847280 0.628503
0.325688 -0.623253
0.263603 -0.581962
0.296390 -0.553277
0.243285 -0.431515
0.328109 -0.459767
0.338669 -0.469721
0.292476 -0.374316
0.290095 -0.401201
0.292797 -0.400755
0.246819 -0.203507
-3.785907 0.654628
0.327419 -0.300116
0.321084 -0.273867
0.312349 -0.273683
0.357895 -0.182438
0.305653 -0.185556
0.281447 -0.095888
0.298849 -0.110028
0.320117 -0.108655
0.324450 -0.046753
0.298189 -0.033844
-3.822584 0.686091
0.365162 0.050894
0.319094 0.000748
0.263772 0.030828
0.277098 0.112259
0.345176 0.152943
0.342397 0.116887
0.280863 0.108038
0.285091 0.129963
0.256263 0.051233
0.255188 0.185631
-3.724371 0.637145
0.317631 0.185386
0.225235 0.220239
0.262233 0.210435
0.242482 0.249236
0.208354 0.329063
0.207817 0.346183
0.113530 0.402061
0.238835 0.393819
0.167238 0.340195
0.118608 0.455035
-3.777876 0.606834
0.137368 0.432442
0.109749 0.480483
0.166915 0.434625
0.074762 0.498871
0.098113 0.484113
0.102295 0.449121
0.058826 0.550338
0.057930 0.495360
0.012675 0.583720
-0.000904 0.602464
-3.732239 0.572905
-0.024166 0.578723
-0.062677 0.683104
-0.107460 0.644904
-0.061239 0.640124
-0.062814 0.621068
-0.079279 0.651953
-0.184855 0.679787
-0.184421 0.758988
-0.122781 0.668702
-0.219960 0.749013
-3.946648 1.052735
-3.712278 0.609466
-0.284995 0.785352
-0.240147 0.757362
-0.359343 0.759905
-0.191111 0.701993
-0.320308 0.867040
-0.317711 0.775913
-0.437289 0.875163
-0.308944 0.814479
-0.443736 0.850708
-0.486381 0.890321
-3.718714 0.564349
-0.474404 0.877480
-0.465355 0.868202
-0.510811 0.852592
-0.519278 0.891702
-0.509659 0.859708
-0.579384 0.906952
-0.566965 0.925224
-0.519352 0.907899
-0.602290 0.956854
-0.580043 0.903351
-3.708152 0.520887
-0.671577 0.997569
-0.577726 0.923095
-0.639625 0.986944
-0.666941 0.962622
-0.780065 1.027594
-0.776137 1.055511
-0.757723 1.044079
-0.783684 1.075303
-0.853441 1.133748
-0.856034 1.090446
-3.641476 0.502692
-0.859210 1.159690
-0.856670 1.129769
-0.876790 1.116421
-0.796154 1.093520
-0.948415 1.192223
-0.926057 1.150659
-0.987919 1.203187
-1.028224 1.235579
-0.972497 1.230738
-0.962416 1.242677
-3.687319 0.534417
-1.014272 1.291458
-1.060782 1.290135
-1.109008 1.330659
-1.089847 1.315798
-1.107569 1.319651
-1.139938 1.345255
-1.131766 1.381395
-1.157408 1.320631
-1.191923 1.417894
-1.172034 1.419582
-3.633881 0.488408
-1.144967 1.487023
-1.232178 1.464514
-1.206071 1.412033
-1.224251 1.449857
-1.223927 1.449450
-1.299218 1.398934
-1.345737 1.561426
-1.306767 1.605275
-1.353975 1.636341
-1.408121 1.741496
-3.625887 0.479499
-1.335436 1.562853
-1.378957 1.546617
-1.437709 1.801726
-1.351069 1.713536
-1.460609 1.816410
-1.474964 1.855383
-1.472978 1.798728
-1.395957 1.768273
-1.481837 1.895955
-1.478440 1.835819
-3.592800 0.404918
-1.444703 1.818943
-1.531143 1.878632
-1.515843 1.936857
-1.493209 1.859026
-1.537574 1.929702
-1.574183 2.003395
-1.550605 1.985770
-1.566738 1.985417
-1.600642 1.986665
-1.583625 2.031116
-3.532521 0.464260
-1.714333 2.152044
-1.689583 2.017887
-1.706841 2.082274
-1.644366 2.096960
-1.661566 2.119088
-1.655341 2.140112
-1.716130 2.153705
-1.663297 2.189843
-1.706607 2.128080
-1.797488 2.176756
-3.543586 0.449127
-1.862927 2.232656
-1.820933 2.215312
-1.816482 2.184829
-1.837732 2.243726
-1.867933 2.205876
-1.977250 2.290197
-1.923358 2.273289
-1.900449 2.312331
-1.949218 2.249303
-1.957307 2.218235
-3.895395 1.096277
-3.549375 0.390575
-2.038514 2.338108
-2.107253 2.358087
-2.047730 2.270609
-2.121534 2.287752
-2.110992 2.309011
-2.074775 2.367531
-2.084466 2.348498
-2.172322 2.296940
-2.174313 2.394599
-2.161108 2.282325
-3.514470 0.324447
-2.305708 2.333137
-2.330247 2.275957
-2.315425 2.283180
-2.314055 2.360332
-2.367631 2.304507
-2.309977 2.388600
-2.445555 2.360658
-2.412931 2.363708
-2.437330 2.369775
-2.449212 2.324322
-3.477816 0.333231
-2.453301 2.312958
-2.511001 2.264828
-2.636276 2.315192
-2.579998 2.310002
-2.548896 2.389097
-2.556188 2.357536
-2.638325 2.321566
-2.633808 2.338956
-2.640630 2.311980
-2.778031 2.351931
-3.459960 0.314832
-2.690797 2.369838
-2.747416 2.249079
-2.762881 2.278751
-2.755316 2.190339
-2.824127 2.236605
-2.824219 2.214050
-2.906743 2.198780
-2.878244 2.230349
-2.822518 2.219290
-2.874211 2.270316
-3.447251 0.310053
-2.840587 2.185139
-2.950601 2.232627
-3.007083 2.160704
-2.993222 2.148217
-2.982119 2.151529
-2.994061 2.141445
-3.111858 2.056537
-3.135447 2.124256
-3.064854 2.113512
-3.157805 2.098105
-3.389789 0.323607
-3.108657 2.129157
-3.184968 2.046144
-3.149174 2.079669
-3.214812 2.030462
-3.254413 2.081846
-3.242142 2.022989
-3.210308 2.036168
-3.303341 1.955442
-3.283074 1.973716
-3.350682 1.939059
-3.310052 0.383410
-3.362281 1.949671
-3.352854 1.966883
-3.354287 1.856531
-3.340416 1.963439
-3.386443 1.890687
-3.430509 1.906025
-3.487330 1.867170
-3.412213 1.897904
-3.519355 1.783001
-3.531464 1.860301
-3.449167 0.326985
-3.532437 1.793587
-3.476980 1.826633
-3.530701 1.739662
-3.502356 1.841009
-3.477471 1.857895
-3.695974 1.705919
-3.678281 1.765955
-3.652863 1.721017
-3.656905 1.678337
-3.706535 1.730652
-3.431605 0.281948
-3.752191 1.635002
-3.651562 1.633902
-3.699567 1.647499
-3.603649 1.738416
-3.743782 1.552208
-3.810173 1.453146
-3.723146 1.591449
-3.798258 1.518297
-3.812929 1.545734
-3.862359 1.420987
-3.331876 0.246552
-3.898412 1.480365
-3.937505 1.230358
-3.840662 1.402122
-3.826997 1.410967
-3.870757 1.294700
-3.846536 1.319044
-3.946127 1.249089
-3.886070 1.323673
-3.862645 1.268540
-3.857615 1.311923
-3.986733 1.102527
-3.354042 0.297562
-3.269210 0.233971
-3.295659 0.226091
-3.275286 0.197938
-3.285687 0.229690
-3.161158 0.182746
-3.232307 0.228764
-3.133073 0.186722
-3.239516 0.205086
-3.163355 0.144441
-3.941839 1.068053
-3.158702 0.159428
-3.017566 0.090759
-3.071273 0.111170
-3.070673 0.190051
-3.077898 0.163339
-2.983410 0.129141
-2.953067 0.102413
-2.933316 0.103844
-2.967766 0.124234
-2.979238 0.132136
-3.900970 1.121011
-2.905249 0.112725
-2.844722 0.114334
-2.797436 0.072409
-2.808105 0.073383
-2.795841 0.069987
-2.833055 0.073880
-2.781063 0.069133
-2.736156 0.093071
-2.743644 0.064891
-2.724116 -0.013023
-3.908456 1.014105
-2.599532 0.024232
-2.665968 0.106287
-2.594880 -0.009673
-2.549558 0.032633
-2.488462 0.093883
-2.570649 -0.015268
-2.562638 0.056668
-2.481378 -0.032990
-2.536140 0.064722
-2.435458 -0.012815
-3.857748 0.993810
-2.443380 0.084552
-2.437926 -0.022260
-2.406427 -0.070174
-2.344057 0.006873
-2.391293 0.005152
-2.328916 -0.017646
-2.291740 -0.037232
-2.282786 -0.040086
-2.254678 -0.017385
-2.235086 -0.033441
