500 2
-2.233540 0.623758
-2.215981 0.632229
-2.186875 0.298450
-0.520706 0.517692
-0.509076 0.570937
-0.511638 0.492249
-0.500177 0.593177
-0.319154 0.596505
-0.346792 0.610475
-0.456115 0.618623
-0.309471 0.609500
-0.320256 0.644295
-0.260788 0.630851
-2.170233 0.369911
-0.317644 0.642555
-0.349122 0.616930
-0.149464 0.661628
-0.125489 0.692659
-0.190531 0.629172
-0.068441 0.646180
-0.168844 0.581819
-0.037236 0.657987
-0.064492 0.731836
-0.007931 0.600694
-2.152094 0.236842
-0.075530 0.672972
-0.047034 0.583183
0.033781 0.710712
0.141740 0.638658
0.137767 0.645067
0.063836 0.651854
0.126766 0.627783
0.191301 0.604554
0.233918 0.568475
0.185975 0.598163
-2.120234 0.204477
0.207437 0.601457
0.241745 0.630071
0.260252 0.566018
0.311724 0.582848
0.324929 0.557206
0.344784 0.710303
0.393271 0.543200
0.358612 0.554281
0.403789 0.467513
0.455185 0.447928
-2.159143 0.212077
0.419327 0.493734
0.539633 0.476990
0.404513 0.554256
0.514269 0.516131
0.600671 0.492856
0.567068 0.473349
0.623496 0.469691
0.591872 0.427643
0.603817 0.438643
0.729433 0.389246
-2.129897 0.136992
0.722696 0.394919
0.698274 0.347476
0.705724 0.379833
0.805679 0.365976
0.906440 0.349340
0.810801 0.420599
0.805027 0.336362
0.843288 0.360494
0.891058 0.394505
0.895661 0.321242
-2.140003 0.243112
1.070855 0.240721
0.944529 0.288307
0.960449 0.320767
0.855918 0.315426
1.047978 0.295735
1.053553 0.269727
1.009974 0.348107
1.126610 0.272741
1.284468 0.191996
1.139331 0.272442
-2.065126 0.222486
1.197888 0.266373
1.173471 0.260657
1.186942 0.275315
1.149729 0.230071
1.390163 0.323509
1.371726 0.212184
1.426336 0.205873
1.338710 0.188083
1.364797 0.243901
1.370017 0.193433
-2.127096 0.201851
1.529009 0.203498
1.445987 0.196691
1.518713 0.228336
1.573014 0.262347
1.606993 0.264846
1.661405 0.193056
1.613453 0.244018
1.581787 0.265311
1.637726 0.231326
1.640238 0.244744
-2.067834 0.114803
1.700803 0.225586
1.687929 0.281566
1.711181 0.313571
1.894775 0.225665
1.801605 0.314133
1.856871 0.362122
1.815826 0.307185
1.846748 0.346514
1.807011 0.358350
1.788115 0.294907
-2.205470 0.566430
-2.094614 0.137091
1.867232 0.357950
1.887757 0.389905
1.927960 0.441049
1.904173 0.494857
1.996211 0.448439
1.977635 0.420267
1.962339 0.461407
1.960044 0.542646
2.007783 0.564410
2.022720 0.541113
-2.089112 0.139263
1.990223 0.605742
2.034182 0.619866
2.043414 0.639095
2.047657 0.668522
2.041457 0.696359
2.043957 0.718376
2.075873 0.732899
2.073578 0.874498
2.049439 0.799806
2.042621 0.870670
-2.040184 0.080434
2.091853 0.877840
2.027924 0.945680
2.050112 0.862664
2.060405 0.907080
2.119381 0.974515
2.073465 0.932877
2.063639 1.012708
2.089598 0.911788
2.063592 1.082988
1.991066 1.049915
-1.996407 0.016880
2.058821 1.108417
2.070108 1.106733
2.064854 1.167680
2.061896 1.181666
2.026308 1.221080
1.986227 1.255105
2.037817 1.275807
1.963770 1.231363
2.076187 1.326433
2.023159 1.390588
-2.046910 0.140547
2.033574 1.341876
2.020366 1.390422
1.945918 1.287967
1.947663 1.425166
2.048722 1.380170
1.957727 1.524807
1.951638 1.462246
1.971869 1.588498
1.967364 1.530524
1.939109 1.530825
-2.002550 0.058149
1.935256 1.434371
1.943126 1.575319
1.982461 1.636177
1.928148 1.783839
1.956782 1.673044
1.957367 1.795251
1.917726 1.731765
1.939230 1.727145
1.900260 1.858556
1.898745 1.785578
-1.918326 0.001149
1.915213 1.783808
1.896484 1.893205
1.882018 1.917791
1.871339 1.975796
1.831413 1.986599
1.844272 1.976335
1.820142 2.040937
1.838969 2.012795
1.853364 2.029007
1.798621 2.022911
-1.983954 -0.043460
1.789464 2.049878
1.754862 2.059016
1.787445 1.990908
1.732864 2.103113
1.679568 2.133165
1.794930 2.086140
1.614569 2.239860
1.669064 2.186260
1.628353 2.204140
1.551694 2.188989
-1.911615 -0.034199
1.546939 2.197834
1.621228 2.225535
1.554734 2.222291
1.630412 2.244635
1.555809 2.219181
1.462893 2.275249
1.472409 2.245555
1.400978 2.306391
1.350337 2.278197
1.382906 2.267699
-1.899201 -0.039014
1.425397 2.303042
1.320489 2.251376
1.227287 2.295490
1.226422 2.251024
1.315943 2.328246
1.264536 2.257793
1.202995 2.317102
1.126192 2.346091
1.190167 2.302415
1.062916 2.339172
-2.240498 0.409583
-1.898334 -0.038924
1.117907 2.326812
1.162374 2.332035
1.132350 2.284988
0.979560 2.347066
1.095731 2.238067
1.100853 2.286844
1.001477 2.335274
0.919981 2.297447
0.951619 2.369366
0.952051 2.332313
-1.857159 -0.066330
0.797625 2.337758
0.835045 2.338516
0.814591 2.289541
0.886161 2.337399
0.821166 2.331535
0.796085 2.281442
0.703265 2.324742
0.780268 2.340816
0.692111 2.353536
0.703189 2.407825
-1.909682 -0.035897
0.587628 2.401213
0.598555 2.413458
0.624258 2.338868
0.560542 2.340499
0.527184 2.364295
0.530922 2.405387
0.475910 2.370034
0.496747 2.417312
0.475143 2.390194
0.489471 2.433400
-1.809872 -0.135121
0.482282 2.428473
0.359316 2.470501
0.416055 2.472258
0.296165 2.471037
0.310872 2.464721
0.293870 2.416269
0.266090 2.462924
0.325223 2.440233
0.208609 2.483623
0.153701 2.473332
-1.799727 -0.105194
0.158377 2.485481
0.166649 2.442294
0.198348 2.529997
0.096909 2.487485
0.119393 2.503850
0.037976 2.528996
0.044385 2.548327
-0.012275 2.494920
-0.053638 2.665218
-0.077312 2.528871
-1.832780 -0.103216
-0.041724 2.532308
-0.103217 2.600663
-0.097031 2.556923
-0.160837 2.576555
-0.147642 2.561027
-0.111281 2.590111
-0.231714 2.521758
-0.213475 2.627068
-0.254840 2.609715
-0.285040 2.603772
-1.814130 -0.073336
-0.312759 2.649803
-0.346681 2.651924
-0.346613 2.644789
-0.377478 2.619122
-0.343871 2.660154
-0.385743 2.626888
-0.453724 2.616717
-0.401259 2.595835
-0.446310 2.656296
-0.434585 2.671308
-1.684098 -0.130032
-0.588512 2.670331
-0.531870 2.756984
-0.560804 2.656865
-0.555318 2.650985
-0.550838 2.637850
-0.600440 2.758993
-0.629889 2.648265
-0.735383 2.659267
-0.794509 2.660060
-0.660080 2.610065
-1.631192 -0.123851
-0.754604 2.649819
-0.827343 2.635862
-0.760583 2.705371
-0.858672 2.616052
-0.778753 2.695625
-0.861795 2.623979
-0.821074 2.700683
-0.822680 2.641892
-1.021734 2.604412
-0.955178 2.626335
-1.654822 -0.148756
-0.899548 2.618824
-0.968434 2.624989
-0.896358 2.656135
-1.168620 2.618526
-1.000046 2.599171
-0.969420 2.600249
-1.044152 2.580725
-1.091647 2.517940
-1.134228 2.583776
-1.165741 2.591930
-2.124934 0.537849
-1.734728 -0.137806
-1.156887 2.538621
-1.255269 2.493017
-1.218441 2.569134
-1.148838 2.567280
-1.280889 2.518667
-1.259339 2.494789
-1.234335 2.580025
-1.302881 2.512484
-1.392935 2.451670
-1.366805 2.491627
-1.593892 -0.110385
-1.422387 2.449136
-1.437859 2.398039
-1.443493 2.405874
-1.442105 2.475855
-1.520938 2.381718
-1.620352 2.368016
-1.560803 2.371726
-1.620815 2.251613
-1.505949 2.293558
-1.516659 2.371542
-1.479246 -0.103068
-1.583151 2.350374
-1.652685 2.334428
-1.629051 2.300028
-1.693874 2.297706
-1.727496 2.228398
-1.683198 2.235564
-1.717219 2.240848
-1.696761 2.258671
-1.736927 2.227680
-1.763106 2.203420
-1.590774 -0.143765
-1.789513 2.091391
-1.806370 2.144793
-1.773455 2.185285
-1.706455 2.083178
-1.823830 2.135946
-1.792352 2.072186
-1.835230 2.106324
-1.869238 2.045855
-1.873037 1.980482
-1.919563 1.978536
-1.573987 -0.225047
-1.823352 2.062006
-1.922098 1.908694
-1.922960 1.966432
-1.979629 1.894695
-1.888459 1.901020
-1.912400 1.903983
-1.977260 1.813889
-1.988054 1.795313
-1.902763 1.912033
-1.997412 1.772999
-1.412436 -0.165772
-1.905251 1.773719
-2.069215 1.720643
-2.032879 1.682465
-2.029284 1.664958
-1.982794 1.740028
-2.010343 1.650802
-2.036954 1.654985
-2.035748 1.560301
-1.971004 1.640112
-2.058241 1.482359
-1.518159 -0.079612
-2.084192 1.541265
-2.070792 1.398399
-1.995170 1.411049
-2.125956 1.511266
-2.024996 1.369986
-2.122128 1.417562
-2.080737 1.417011
-2.099906 1.401444
-2.119656 1.307415
-2.134523 1.240709
-1.482227 -0.117829
-2.072290 1.246247
-2.110011 1.227540
-2.093012 1.200872
-2.117111 1.259820
-2.197324 1.186273
-2.152140 1.147108
-2.179563 1.142235
-2.183326 1.108849
-2.058878 1.112819
-2.201772 1.004990
-1.425839 -0.184735
-2.187155 0.994796
-2.141721 1.016645
-2.169502 0.998987
-2.160202 0.969732
-2.155217 0.928923
-2.183075 0.892021
-2.201254 0.940898
-2.262798 0.821200
-2.163998 0.877379
-2.251108 0.772022
-1.458210 -0.166095
-2.250509 0.758049
-2.249054 0.838341
-2.203834 0.682526
-2.244452 0.746187
-2.141456 0.628840
-2.198950 0.795003
-2.202425 0.678994
-2.175248 0.661972
-2.216160 0.606386
-2.251875 0.685373
-2.159878 0.554016
-1.388097 -0.190535
-1.397295 -0.173309
-1.335918 -0.172956
-1.393138 -0.145475
-1.207940 -0.099626
-1.242962 -0.086085
-1.235789 -0.104366
-1.204940 -0.046093
-1.229770 -0.095850
-1.154673 -0.070078
-2.218699 0.481246
-1.135335 -0.129423
-1.063069 -0.048534
-1.130548 -0.035268
-1.104849 -0.071144
-1.041199 -0.026662
-1.148778 -0.066610
-1.075778 -0.057493
-1.074632 -0.002771
-1.086018 0.033277
-0.956365 0.071489
-2.160103 0.429037
-0.990361 0.052334
-0.957739 0.089911
-0.973071 0.027063
-0.934317 0.083995
-0.893432 0.114879
-0.892978 0.141884
-0.873281 0.147473
-0.845377 0.165912
-0.831518 0.267598
-0.779055 0.218572
-2.196481 0.353261
-0.744436 0.233108
-0.851883 0.152610
-0.776407 0.267496
-0.778290 0.321922
-0.783777 0.399310
-0.716208 0.317721
-0.761172 0.368476
-0.721737 0.340754
-0.702607 0.414105
-0.637247 0.357115
-2.191422 0.293505
-0.681820 0.407266
-0.645018 0.422855
-0.608041 0.437777
-0.624949 0.447186
-0.628556 0.458338
-0.568829 0.505243
-0.561348 0.583386
-0.551128 0.540293
-0.559368 0.555741
-0.453665 0.573637
