500 2
1.013740 -0.392747
1.106317 -0.381556
1.151620 -0.561475
3.065509 0.157698
3.019111 0.173368
3.133593 0.143119
3.155944 0.143723
3.122124 0.067894
3.259482 0.212937
3.110048 0.161920
3.357633 0.149073
3.275892 0.117367
3.415878 0.202011
1.255407 -0.579760
3.286237 0.103773
3.644303 0.251116
3.636626 0.186500
3.639093 0.155682
3.727253 0.188083
3.710859 0.148878
3.804354 0.140631
3.976808 0.168882
3.911614 0.151925
3.788424 0.175935
1.169532 -0.612135
3.940937 0.187239
3.846633 0.186548
3.936145 0.167865
3.989810 0.123044
4.002379 0.172482
4.127048 0.127704
4.141214 0.118995
4.122372 0.141251
4.078396 0.157243
4.204943 0.171974
1.189140 -0.601780
4.215689 0.133599
4.239794 0.188503
4.353471 0.050851
4.256588 0.171911
4.269276 0.074352
4.273444 0.144831
4.452422 0.076736
4.396398 0.097220
4.483784 0.100790
4.472383 0.120120
1.235405 -0.695680
4.376184 0.135622
4.425524 0.028003
4.467579 0.057414
4.649278 -0.036818
4.594983 0.026474
4.547920 0.019695
4.562528 -0.075608
4.699574 -0.069930
4.692595 -0.023648
4.678906 -0.027168
1.193381 -0.630194
4.724106 -0.064414
4.707003 -0.118980
4.772006 -0.112823
4.732134 -0.140089
4.728882 -0.134034
4.775358 -0.127474
4.796520 -0.149182
4.862547 -0.246625
4.850909 -0.263067
4.845063 -0.289001
1.322814 -0.612252
4.882748 -0.249327
4.897041 -0.365616
4.961331 -0.385764
4.904081 -0.328056
4.789010 -0.298972
4.896410 -0.358667
4.954743 -0.384934
4.919014 -0.398271
4.992041 -0.496889
4.882049 -0.521994
1.333578 -0.623599
4.978278 -0.575361
5.012612 -0.579000
5.018793 -0.680692
5.002728 -0.606188
5.049168 -0.684496
5.051866 -0.704551
5.022001 -0.634144
5.021834 -0.709569
5.058457 -0.787431
5.126711 -0.876857
1.284174 -0.634163
5.096606 -0.835975
5.089411 -0.864077
5.076827 -0.882131
5.062519 -0.821238
5.082367 -0.925695
5.046195 -0.859365
5.080202 -1.018067
5.112175 -0.970197
5.170043 -1.035723
5.105492 -1.067126
1.268301 -0.702007
5.061729 -1.002568
5.074856 -1.023479
5.121436 -1.126963
5.054876 -1.187654
5.096220 -1.181592
5.079864 -1.224351
5.027404 -1.187363
5.108166 -1.180011
5.088228 -1.236520
5.011889 -1.308310
1.062250 -0.384965
1.362613 -0.666678
5.059184 -1.279537
5.034959 -1.342589
5.012472 -1.373463
5.007729 -1.362388
4.981355 -1.377522
4.936526 -1.547485
4.952906 -1.443189
4.928603 -1.500707
4.850003 -1.569412
4.911572 -1.509172
1.399932 -0.689100
4.878394 -1.536185
4.888722 -1.547413
4.817840 -1.605763
4.904285 -1.520393
4.832214 -1.630568
4.752384 -1.610663
4.777143 -1.589396
4.785165 -1.625545
4.727358 -1.634300
4.705877 -1.650052
1.410981 -0.658408
4.682405 -1.640164
4.715025 -1.653990
4.659427 -1.653668
4.549513 -1.661065
4.641524 -1.621301
4.532909 -1.706528
4.476836 -1.695058
4.533545 -1.722374
4.616350 -1.666266
4.542786 -1.647216
1.422392 -0.684737
4.395098 -1.694109
4.568187 -1.651745
4.426445 -1.663973
4.296338 -1.675011
4.312984 -1.736862
4.321496 -1.647986
4.244082 -1.693920
4.341521 -1.697985
4.157285 -1.723138
4.166798 -1.629223
1.336905 -0.632765
4.210176 -1.715566
4.081446 -1.627548
4.158284 -1.658648
4.084247 -1.624764
4.079487 -1.658839
4.023093 -1.617369
4.139947 -1.633421
4.084044 -1.672783
4.072682 -1.599254
4.012918 -1.578632
1.466992 -0.685511
3.997923 -1.628062
3.947652 -1.576074
3.916663 -1.567421
3.886082 -1.593062
3.821449 -1.531586
3.882236 -1.546992
3.860751 -1.580573
3.812293 -1.478438
3.734622 -1.451586
3.728978 -1.461884
1.355720 -0.743271
3.761530 -1.485953
3.701178 -1.394782
3.618886 -1.367640
3.697021 -1.419989
3.720133 -1.417428
3.694894 -1.422044
3.610237 -1.338999
3.666565 -1.434718
3.574880 -1.290802
3.572960 -1.260777
1.413597 -0.674880
3.594697 -1.269061
3.608600 -1.310883
3.628887 -1.356389
3.552479 -1.220701
3.572285 -1.200545
3.533730 -1.142823
3.503650 -1.141253
3.534100 -1.131634
3.561904 -1.181647
3.495650 -1.057070
1.513576 -0.710877
3.500935 -1.077184
3.544605 -1.049260
3.500195 -0.932931
3.468403 -1.070529
3.492796 -0.997775
3.510667 -0.990693
3.466282 -0.911275
3.500753 -0.924657
3.452186 -0.863126
3.501393 -0.787707
1.581953 -0.665412
3.498989 -0.766542
3.422519 -0.758737
3.491462 -0.854331
3.488274 -0.756977
3.484090 -0.520006
3.499329 -0.486438
3.499715 -0.655058
3.489305 -0.640750
3.566549 -0.442755
3.496746 -0.530679
1.048705 -0.475195
1.547385 -0.662037
3.453243 -0.544219
3.550185 -0.460052
3.532843 -0.402986
3.521328 -0.405350
3.552253 -0.310345
3.532938 -0.397954
3.528343 -0.279514
3.544238 -0.326927
3.578882 -0.200767
3.552226 -0.228561
1.623963 -0.647807
3.564689 -0.179945
3.596850 -0.084552
3.539290 0.012067
3.606366 -0.128483
3.573195 -0.198824
3.595156 0.098593
3.570832 0.109921
3.543529 0.231558
3.582366 0.225029
3.578038 0.171843
1.708715 -0.708142
3.580294 0.403998
3.543601 0.361734
3.561555 0.317667
3.579200 0.345918
3.574178 0.406523
3.565266 0.527376
3.607607 0.487424
3.572982 0.486357
3.535349 0.699419
3.562734 0.554982
1.650921 -0.678821
3.536409 0.683797
3.553242 0.644543
3.553015 0.690319
3.507857 0.861282
3.543817 0.708321
3.527165 0.919194
3.485611 0.832475
3.544122 0.826478
3.454809 0.992451
3.503707 0.853337
1.557611 -0.645441
3.443499 0.934764
3.479738 0.925558
3.443557 0.961085
3.431958 1.011982
3.396045 1.070118
3.392283 1.034963
3.338931 1.158602
3.372476 1.110398
3.361475 1.139119
3.334674 1.147596
1.718280 -0.658176
3.301072 1.199991
3.315197 1.222612
3.356867 1.226763
3.299809 1.189371
3.163272 1.312227
3.233145 1.195818
3.223614 1.314194
3.270119 1.295382
3.135636 1.363294
3.276814 1.363911
1.768783 -0.648881
3.181334 1.276689
3.112224 1.347145
3.196211 1.318931
3.109411 1.405593
3.059699 1.394839
3.078894 1.485011
3.058571 1.477310
3.009838 1.476388
3.037401 1.496233
2.965013 1.500238
1.872240 -0.686321
2.962525 1.504467
2.886675 1.478930
2.918748 1.481573
2.923933 1.469318
2.862104 1.589522
2.813027 1.572028
2.750683 1.534818
2.829070 1.518211
2.678096 1.541483
2.765476 1.560432
1.802218 -0.635326
2.674512 1.556373
2.633180 1.626454
2.725437 1.544121
2.600640 1.581372
2.634065 1.543319
2.547743 1.575864
2.499778 1.578082
2.487041 1.553666
2.409531 1.579230
2.435379 1.606191
1.829821 -0.627799
2.493523 1.528044
2.365536 1.632856
2.390385 1.648790
2.361064 1.602230
2.397054 1.568995
2.387413 1.581268
2.319260 1.620874
2.348625 1.530950
2.267788 1.602285
2.248345 1.567927
1.096779 -0.476328
1.759819 -0.654661
2.252181 1.604090
2.214376 1.626350
2.208145 1.593628
2.127829 1.577000
2.027951 1.568956
2.124425 1.579773
2.081581 1.549735
2.042989 1.584191
1.848899 1.485772
1.809594 1.503004
1.794708 -0.583274
1.831970 1.518438
1.930806 1.469921
1.898471 1.509500
1.842262 1.538789
1.745585 1.468075
1.838290 1.519410
1.711986 1.486854
1.693523 1.444554
1.764128 1.482715
1.626470 1.430305
1.818286 -0.646959
1.623662 1.411388
1.667901 1.420894
1.651686 1.411524
1.563277 1.405432
1.616898 1.368698
1.507713 1.366763
1.502765 1.342100
1.529747 1.373556
1.442507 1.289016
1.485103 1.323184
1.932419 -0.546540
1.523207 1.365285
1.439864 1.232643
1.421734 1.278799
1.414806 1.147697
1.451595 1.305530
1.319382 1.138380
1.342942 1.170529
1.383785 1.223714
1.316525 1.161199
1.356454 1.195130
1.851223 -0.661189
1.320879 1.116152
1.234863 1.104220
1.264459 1.038313
1.259223 1.060546
1.275923 1.028581
1.213031 1.009766
1.199657 0.964018
1.215624 0.961634
1.273058 1.022455
1.175812 1.036500
1.965927 -0.543063
1.316175 0.846151
1.180386 0.934522
1.168929 0.892217
1.148246 0.799211
1.099943 0.795651
1.165155 0.839945
1.115934 0.788189
1.087062 0.703252
1.182469 0.862700
1.111132 0.699906
2.025487 -0.600285
1.062750 0.580801
1.050730 0.575319
1.102901 0.538122
1.076873 0.514749
1.033372 0.515758
1.015676 0.500229
1.083899 0.442051
1.047599 0.502136
0.988503 0.474074
1.036593 0.428407
1.959194 -0.549924
1.085461 0.366284
1.149943 0.483142
1.093698 0.364915
1.030819 0.383625
0.930350 0.249034
0.978990 0.170195
0.985173 0.242526
1.044699 0.283071
1.042284 0.206183
0.921455 0.158398
2.034101 -0.618711
0.987374 0.096357
1.025335 0.071199
1.002053 0.020299
1.016215 0.090138
0.949257 0.022225
0.966403 -0.023372
1.017295 0.066668
0.939286 -0.013255
0.982948 0.021167
0.963493 -0.253920
2.033625 -0.559488
1.042493 -0.060091
0.972373 -0.141427
1.024495 -0.147396
0.960903 -0.256958
1.040949 -0.264674
1.006147 -0.228068
0.954155 -0.300850
1.061919 -0.215844
1.068319 -0.388278
1.046895 -0.346958
1.065809 -0.438669
2.068570 -0.489226
2.136677 -0.489389
2.079488 -0.523438
2.132408 -0.478149
2.171450 -0.525175
2.135221 -0.486387
2.176216 -0.558421
2.259652 -0.371073
2.176839 -0.364798
2.213563 -0.407430
1.062763 -0.470551
2.298149 -0.335512
2.288224 -0.322363
2.254310 -0.377796
2.352803 -0.265893
2.303711 -0.334467
2.334913 -0.300496
2.392394 -0.234949
2.371933 -0.270552
2.392911 -0.212098
2.427737 -0.189971
1.117155 -0.449053
2.383926 -0.189150
2.331839 -0.207868
2.460500 -0.167549
2.483497 -0.105985
2.468340 -0.162595
2.533899 -0.128735
2.522781 -0.074775
2.550332 -0.101821
2.598109 -0.060954
2.641513 -0.038632
1.119987 -0.561365
2.631513 -0.096911
2.568713 -0.022947
2.597339 -0.049598
2.765811 0.083239
2.677865 0.031093
2.697859 0.036727
2.757519 0.069614
2.743541 -0.028154
2.690889 0.023983
2.802974 0.049681
1.141725 -0.545399
2.911629 0.079681
2.815953 0.041695
2.889882 0.051573
2.884608 0.107519
2.829618 0.156249
3.010678 0.104715
2.973743 0.090723
2.997473 0.098171
2.998098 0.093040
3.032055 0.085760
