1000 2
-1.102402 0.400436
-1.108467 0.376075
-0.864694 0.360588
1.962575 0.041787
1.981910 0.085012
1.932310 0.063818
1.937645 0.079211
1.947524 0.068305
2.036623 0.096016
2.077885 0.174549
2.151030 0.207702
2.050106 0.133121
2.132634 0.163822
-0.863834 0.359203
2.031465 0.202143
2.167653 0.218164
2.145008 0.220523
2.162734 0.217247
2.125383 0.194623
2.198761 0.258877
2.150443 0.203985
2.222975 0.284584
2.184138 0.265016
2.197608 0.262311
-0.904705 0.403967
2.153921 0.265187
2.232943 0.295344
2.242322 0.318300
2.307626 0.400691
2.263133 0.325438
2.311108 0.445951
2.262259 0.370793
2.271221 0.351517
2.269599 0.360859
2.328754 0.424576
-0.876758 0.360492
2.331767 0.470624
2.384604 0.502203
2.370260 0.554069
2.390562 0.503610
2.358988 0.545083
2.314372 0.574629
2.445026 0.557228
2.406492 0.645735
2.405888 0.683674
2.400462 0.630217
-0.807439 0.370853
2.418026 0.702287
2.433303 0.749796
2.443036 0.720212
2.402605 0.681851
2.469724 0.754202
2.442387 0.748716
2.469256 0.782064
2.469691 0.816696
2.474321 0.837884
2.440805 0.805485
-0.818251 0.371277
2.440882 0.834244
2.466256 0.889509
2.482145 0.896248
2.452087 0.871252
2.496560 0.890383
2.452899 0.933956
2.495991 0.992547
2.406947 0.942455
2.469884 0.966120
2.461092 1.088397
-0.793563 0.378646
2.436481 0.999979
2.513110 1.088148
2.474752 1.068200
2.461202 1.112746
2.424260 1.123582
2.459068 1.126789
2.473969 1.201351
2.463312 1.117012
2.443241 1.221632
2.466980 1.274551
-0.747367 0.353068
2.420668 1.220292
2.476588 1.249447
2.411191 1.273730
2.384686 1.252764
2.398782 1.378549
2.411843 1.301998
2.413490 1.317713
2.397021 1.339811
2.358266 1.368800
2.407621 1.353959
-0.673317 0.388047
2.332267 1.415100
2.328408 1.426143
2.310859 1.456481
2.359139 1.466046
2.353761 1.468093
2.324432 1.470266
2.251308 1.564438
2.262166 1.533116
2.221115 1.602269
2.197614 1.512918
-0.660787 0.310079
2.204484 1.632323
2.272547 1.543096
2.147223 1.707113
2.165419 1.669958
2.152606 1.702061
2.159839 1.656870
2.158876 1.698473
2.127386 1.723295
2.081434 1.731178
2.096688 1.765146
-0.958462 0.408290
-0.702355 0.349521
2.109957 1.759809
2.061875 1.753412
2.112946 1.769279
1.974677 1.870216
2.084250 1.771185
2.036956 1.859621
1.980968 1.881595
1.931565 1.946475
2.018223 1.874742
1.952004 1.827112
-0.681372 0.360274
1.779249 1.930862
1.872685 1.954835
1.882501 2.017170
1.862041 1.980791
1.870569 2.014667
1.855927 2.007588
1.815110 2.027557
1.799034 2.043575
1.749595 2.064886
1.810537 1.963822
-0.670918 0.341125
1.764893 2.047281
1.812710 2.060073
1.750090 2.077033
1.663913 2.141872
1.724149 2.122269
1.680709 2.098624
1.647759 2.145948
1.601118 2.147080
1.687233 2.117965
1.538609 2.163059
-0.651633 0.331750
1.608882 2.151550
1.560447 2.180366
1.538374 2.189048
1.466503 2.204609
1.537867 2.159262
1.474075 2.221548
1.516657 2.177803
1.391081 2.243333
1.386649 2.236227
1.312822 2.243136
-0.598674 0.371871
1.363143 2.260102
1.367176 2.263037
1.316859 2.254009
1.355814 2.213467
1.222165 2.261228
1.234298 2.257431
1.243370 2.265170
1.239336 2.293819
1.270396 2.259691
1.162861 2.291089
-0.565266 0.369227
1.198402 2.274313
1.171806 2.292662
1.168150 2.255547
1.109499 2.261241
1.120558 2.270055
1.082148 2.220990
1.060794 2.230154
1.076549 2.211104
1.007922 2.169474
1.019307 2.213298
-0.576745 0.350972
1.004102 2.182097
0.951688 2.166552
1.029135 2.223238
0.933459 2.165758
0.883277 2.150904
0.829585 2.100559
0.817382 2.074601
0.918515 2.126769
0.867281 2.096558
0.775481 2.054137
-0.553556 0.361276
0.746872 2.000742
0.798919 2.064894
0.695015 1.984564
0.746926 2.010919
0.724977 2.032304
0.665652 1.944699
0.632442 1.881408
0.667698 1.907564
0.636942 1.930524
0.603151 1.792647
-0.490262 0.357171
0.575813 1.807214
0.653844 1.883542
0.505453 1.654063
0.562669 1.793730
0.475437 1.663968
0.413347 1.546250
0.414547 1.485421
0.431324 1.572147
0.369152 1.487253
0.473869 1.570388
-0.560317 0.328199
0.383783 1.559098
0.325310 1.332630
0.311814 1.348841
0.304522 1.487771
0.305661 1.348688
0.279290 1.293430
0.339116 1.314837
0.296726 1.291787
0.258660 1.215979
0.234227 1.191394
-1.012816 0.410480
-0.485627 0.319632
0.246533 1.121158
0.162479 1.046995
0.200019 1.073034
0.211849 1.128526
0.186586 1.021956
0.174944 0.959656
0.174484 0.916980
0.189693 0.952230
0.164511 0.912692
0.174879 0.884192
-0.509259 0.327511
0.148943 0.851012
0.166229 0.826916
0.143813 0.773222
0.154224 0.768263
0.137767 0.823017
0.104876 0.823545
0.136095 0.642813
0.108407 0.702355
0.125652 0.645372
0.148113 0.665499
-0.421466 0.306309
0.116889 0.558804
0.155407 0.635715
0.058931 0.401847
0.116579 0.445996
0.109072 0.481887
0.086655 0.333198
0.095691 0.371613
0.119244 0.302129
0.147917 0.353130
0.105311 0.224214
-0.421291 0.308838
0.090911 0.138427
0.091729 0.127666
0.040334 0.010688
0.138634 0.003841
0.088963 0.007771
0.080618 -0.036761
0.069954 -0.024856
0.066636 -0.193008
0.063412 -0.176424
0.079442 -0.190500
-0.385429 0.302484
0.077905 -0.169641
0.026074 -0.213677
0.058296 -0.228432
0.051104 -0.307063
0.055338 -0.249057
0.054678 -0.364091
0.060395 -0.323988
0.049118 -0.394073
0.015551 -0.387378
0.034766 -0.450505
-0.339870 0.333822
0.060589 -0.457135
0.010617 -0.355183
0.050562 -0.509363
0.059462 -0.587796
-0.016283 -0.466085
-0.007582 -0.666193
0.053047 -0.731755
0.055255 -0.704208
0.038080 -0.720108
0.024622 -0.680750
-0.381101 0.306131
0.045911 -0.789753
0.073829 -0.887076
0.056978 -0.807725
0.060808 -0.793058
0.041650 -0.901948
0.062261 -0.996637
0.066224 -1.177079
0.003699 -1.126081
0.078103 -1.236281
0.026606 -1.005680
-0.200126 0.278219
0.092455 -1.118859
0.087737 -1.260069
0.072557 -1.171213
0.121305 -1.298151
0.081597 -1.293802
0.094603 -1.336344
0.096829 -1.357454
0.109485 -1.453977
0.121618 -1.478630
0.093433 -1.511452
-0.317233 0.286571
0.091253 -1.562571
0.119557 -1.536566
0.128090 -1.560972
0.118594 -1.499238
0.126127 -1.587611
0.142818 -1.585820
0.171721 -1.594548
0.124845 -1.630998
0.131570 -1.693632
0.127304 -1.728042
-0.201708 0.270999
0.129251 -1.740906
0.177828 -1.636458
0.104370 -1.876311
0.089839 -1.847504
0.127722 -1.806042
0.138715 -1.869720
0.104906 -1.902355
0.099465 -1.940672
0.076747 -1.910107
0.089436 -1.937361
-1.032127 0.353717
-0.225606 0.220904
0.079286 -1.970090
0.089490 -1.971865
0.041899 -2.011794
0.009045 -2.072285
0.039654 -2.034473
0.006781 -2.087076
0.012739 -2.062697
-0.024205 -2.116797
-0.018630 -2.116606
-0.021756 -2.095911
-0.212817 0.265986
-0.078684 -2.104402
-0.083539 -2.161874
-0.103047 -2.149419
-0.100371 -2.136645
-0.115791 -2.150559
-0.118012 -2.215890
-0.170250 -2.213504
-0.173965 -2.223863
-0.161320 -2.191264
-0.252616 -2.257379
-0.153610 0.255193
-0.249096 -2.229401
-0.234406 -2.220618
-0.286062 -2.249608
-0.309058 -2.273072
-0.309643 -2.260906
-0.320863 -2.250708
-0.351760 -2.295120
-0.404635 -2.286713
-0.455606 -2.306204
-0.462051 -2.292557
-0.205882 0.223127
-0.514709 -2.317428
-0.433112 -2.233634
-0.442364 -2.291584
-0.509847 -2.290346
-0.562120 -2.301575
-0.514191 -2.291449
-0.583445 -2.321131
-0.589703 -2.330089
-0.603489 -2.323283
-0.644391 -2.317232
-0.015349 0.257943
-0.661082 -2.326453
-0.714376 -2.304972
-0.647022 -2.293675
-0.762762 -2.321743
-0.789411 -2.345515
-0.640631 -2.251223
-0.740040 -2.323498
-0.858029 -2.282724
-0.846096 -2.294931
-0.871234 -2.270236
-0.108930 0.192761
-0.856948 -2.318301
-0.950660 -2.266960
-0.913212 -2.287651
-1.008688 -2.244820
-1.015315 -2.238514
-0.951544 -2.284259
-1.042063 -2.219882
-1.096105 -2.213281
-1.072689 -2.157102
-1.070101 -2.183129
-0.138371 0.298781
-1.070194 -2.217524
-1.061229 -2.202043
-1.163504 -2.158244
-1.113256 -2.191626
-1.092725 -2.207761
-1.233613 -2.115366
-1.181409 -2.130023
-1.214776 -2.114522
-1.252939 -2.112265
-1.267367 -2.076808
0.107319 0.172519
-1.277037 -2.070691
-1.332262 -2.043841
-1.272773 -2.077572
-1.308283 -2.054580
-1.344487 -2.032429
-1.390954 -1.983467
-1.365124 -2.001381
-1.366841 -1.997965
-1.398494 -1.950489
-1.453377 -1.901836
0.006295 0.187721
-1.441664 -1.924404
-1.445945 -1.911044
-1.485097 -1.876317
-1.422904 -1.898673
-1.443739 -1.842350
-1.430119 -1.856552
-1.536033 -1.854193
-1.521497 -1.745735
-1.530857 -1.803117
-1.534730 -1.805350
0.107315 0.198312
-1.619588 -1.708692
-1.565867 -1.768100
-1.635279 -1.701421
-1.618746 -1.696694
-1.677422 -1.637433
-1.640252 -1.678935
-1.666736 -1.618790
-1.622814 -1.698446
-1.650489 -1.615884
-1.726146 -1.563111
-1.008713 0.374825
0.242984 0.189576
-1.691300 -1.552724
-1.693213 -1.590729
-1.749734 -1.427141
-1.747195 -1.458121
-1.725668 -1.525437
-1.758561 -1.433282
-1.733471 -1.472180
-1.721101 -1.392852
-1.754009 -1.357716
-1.725324 -1.375867
0.302015 0.168020
-1.756042 -1.373776
-1.748520 -1.317920
-1.746984 -1.287940
-1.737197 -1.207547
-1.727382 -1.263645
-1.723607 -1.236716
-1.726323 -1.186047
-1.708976 -1.165738
-1.684562 -1.157180
-1.770597 -1.218791
0.345383 0.157985
-1.719573 -1.144765
-1.700571 -1.111197
-1.633278 -1.085465
-1.630104 -0.999672
-1.633235 -1.035076
-1.642689 -1.041453
-1.664501 -1.024087
-1.620637 -1.020942
-1.603052 -0.993819
-1.577322 -1.035072
0.359861 0.170547
-1.527267 -0.927532
-1.583893 -0.966658
-1.595043 -0.955847
-1.577493 -0.929512
-1.482034 -0.894661
-1.536438 -0.914066
-1.456175 -0.873230
-1.407925 -0.859808
-1.415469 -0.860323
-1.379169 -0.870510
0.505101 0.169692
-1.379019 -0.839725
-1.370594 -0.842961
-1.358647 -0.844006
-1.402121 -0.845827
-1.291870 -0.866147
-1.334999 -0.838871
-1.279718 -0.892731
-1.339617 -0.785858
-1.248602 -0.842183
-1.290731 -0.876029
0.490486 0.147563
-1.216652 -0.857811
-1.224103 -0.853425
-1.195801 -0.816001
-1.166676 -0.854692
-1.156701 -0.867315
-1.097207 -0.810688
-1.109055 -0.871767
-1.113471 -0.854604
-1.072554 -0.841036
-1.050405 -0.871442
0.518521 0.139412
-1.002615 -0.895000
-1.028797 -0.872338
-0.975875 -0.894906
-1.028152 -0.874212
-1.017452 -0.839505
-0.925104 -0.907583
-0.988269 -0.862352
-0.913621 -0.893543
-0.899005 -0.911470
-0.932309 -0.884929
0.504390 0.147626
-0.890820 -0.873594
-0.889202 -0.935015
-0.821333 -0.925025
-0.775859 -0.911442
-0.770505 -0.950417
-0.783583 -0.949242
-0.750838 -0.915548
-0.760813 -0.936087
-0.699701 -0.972204
-0.663452 -0.993703
0.480778 0.156210
-0.706892 -0.972597
-0.645911 -0.953101
-0.596545 -0.959759
-0.637516 -0.972349
-0.592778 -0.985360
-0.658588 -0.974919
-0.561016 -0.984305
-0.585954 -0.977972
-0.551718 -0.969297
-0.426737 -0.961862
0.634047 0.111590
-0.538081 -0.979027
-0.507192 -0.969314
-0.408705 -0.967796
-0.418388 -0.962764
-0.363703 -1.000514
-0.416954 -0.940825
-0.394991 -0.949160
-0.240770 -0.994408
-0.318884 -0.987780
-0.277921 -1.005316
-0.991445 0.377536
0.556377 0.125036
-0.237537 -0.950809
-0.214399 -1.015468
-0.128691 -0.987671
-0.148904 -1.007301
-0.174432 -1.009738
-0.010999 -0.997547
-0.010219 -1.015685
-0.000502 -1.046836
0.023988 -0.989939
0.125573 -0.998909
0.670065 0.135500
0.028447 -1.047656
0.168836 -1.033980
0.168221 -0.983266
0.234247 -1.000721
0.166404 -1.004197
0.252062 -1.011006
0.220366 -1.015670
0.256691 -0.999031
0.405145 -0.990392
0.345574 -1.003112
0.646478 0.131725
0.383937 -1.000555
0.415580 -1.005450
0.457054 -0.993858
0.500775 -0.994923
0.505921 -1.004328
0.511333 -0.977580
0.498524 -0.992895
0.541828 -0.995244
0.494490 -0.974315
0.620465 -0.936000
0.798500 0.095036
0.701888 -0.937574
0.661915 -0.961878
0.649855 -0.943710
0.762703 -0.903931
0.759763 -0.905509
0.799882 -0.895519
0.807791 -0.895238
0.802654 -0.878970
0.769059 -0.924600
0.802958 -0.867261
0.659777 0.126462
0.804349 -0.815898
0.867033 -0.852834
0.898707 -0.860664
0.912875 -0.827068
0.930423 -0.822871
0.915276 -0.805936
0.976631 -0.755961
0.929705 -0.803338
1.007249 -0.760486
0.992188 -0.700097
0.700655 0.119465
1.010086 -0.682040
1.035983 -0.662366
1.059496 -0.706282
1.022973 -0.662990
1.040951 -0.629938
1.010049 -0.675224
1.065974 -0.551562
1.049521 -0.580655
1.077774 -0.555138
1.090360 -0.517490
0.732006 0.088005
1.119889 -0.490925
1.065383 -0.515542
1.066245 -0.414998
1.115634 -0.376017
1.075970 -0.451293
1.040699 -0.437894
1.136401 -0.385948
1.117196 -0.340585
1.127530 -0.282141
1.127029 -0.387086
0.871259 0.076405
1.129076 -0.218312
1.190387 -0.171038
1.133349 -0.211493
1.148919 -0.184878
1.149548 -0.146970
1.117235 -0.061430
1.158305 -0.102618
1.102985 -0.068958
1.138295 0.144644
1.137375 0.048198
0.860612 0.093077
1.183729 0.122245
1.175305 0.214803
1.200722 0.138570
1.140605 0.136877
1.181766 0.228754
1.175521 0.342364
1.176298 0.270898
1.191327 0.347356
1.197971 0.370867
1.187288 0.374029
0.906800 0.076826
1.196370 0.375701
1.181727 0.413586
1.190875 0.446864
1.189296 0.428049
1.199658 0.425891
1.161505 0.536243
1.184767 0.548864
1.164990 0.461186
1.227283 0.688812
1.176665 0.653513
-0.911018 0.347890
0.883648 0.086320
1.177326 0.612448
1.178164 0.540852
1.178596 0.676831
1.144416 0.748338
1.154960 0.761965
1.148748 0.716511
1.174736 0.820399
1.125124 0.774175
1.155824 0.795841
1.139637 0.849903
0.963488 0.063193
1.112785 0.865683
1.159678 0.895460
1.113544 0.959198
1.110373 0.902874
1.124488 0.887606
1.088700 0.942025
1.057648 0.976126
1.130050 0.980552
1.080368 1.042769
1.011671 1.081062
0.904472 0.107779
1.024799 1.046097
1.060544 1.040329
0.983481 1.089274
1.035191 1.099946
0.965472 1.153537
0.961735 1.155591
0.938953 1.179257
0.895866 1.232970
0.843285 1.304591
0.852477 1.284173
1.163936 0.044833
0.887061 1.202506
0.895024 1.218243
0.895850 1.237853
0.787038 1.340123
0.794245 1.392644
0.821253 1.311994
0.744060 1.398900
0.787691 1.349765
0.741892 1.363614
0.700139 1.396422
1.134480 0.076070
0.628512 1.465991
0.650078 1.451097
0.621204 1.469651
0.632286 1.515936
0.579126 1.503339
0.594516 1.491131
0.491076 1.516301
0.460067 1.637299
0.442142 1.561766
0.441916 1.573088
1.253905 0.084756
0.519869 1.511600
0.410758 1.550183
0.377297 1.639764
0.315581 1.678506
0.340420 1.692492
0.273665 1.711455
0.285259 1.737582
0.325197 1.683439
0.272846 1.725182
0.259135 1.742028
1.104491 0.064625
0.198448 1.794468
0.200584 1.796170
0.147457 1.832790
0.162277 1.786928
0.091423 1.875050
0.171988 1.826548
0.086085 1.921283
0.072655 1.912636
0.051252 1.923900
0.081665 1.895721
1.314276 0.045240
0.066699 1.915146
0.000779 1.968632
0.054687 1.912635
0.013316 1.951611
-0.013918 1.950042
-0.079550 2.009383
-0.021592 1.981251
-0.064345 2.021208
0.004725 1.990589
-0.105058 2.043565
1.333507 0.054485
-0.156532 2.005507
-0.211477 2.029460
-0.147947 2.079010
-0.233177 2.076941
-0.188903 2.090722
-0.167095 2.103409
-0.215849 2.099805
-0.232867 2.093905
-0.307065 2.097970
-0.221042 2.102989
1.270628 0.045258
-0.312220 2.063066
-0.309498 2.123305
-0.412194 2.082752
-0.407896 2.126799
-0.367405 2.093933
-0.365295 2.125531
-0.412063 2.111320
-0.401791 2.129432
-0.463197 2.110710
-0.498423 2.090007
-0.951944 0.382967
1.357587 0.077962
-0.502026 2.118643
-0.506108 2.101251
-0.518919 2.102197
-0.559726 2.089400
-0.577817 2.101177
-0.557777 2.083640
-0.529999 2.103181
-0.596811 2.046819
-0.653029 2.066443
-0.609568 2.058147
1.523323 0.036601
-0.655496 2.101758
-0.683288 2.032632
-0.725482 2.095002
-0.744357 2.054833
-0.790913 2.072188
-0.795436 2.098101
-0.845593 2.057706
-0.825849 2.090397
-0.830118 2.004073
-0.856305 2.011175
1.470947 0.019369
-0.823632 2.041024
-0.959302 2.058245
-0.858267 1.995323
-0.911146 2.079996
-0.996732 2.040052
-0.974582 2.045164
-0.940257 2.025284
-1.017347 2.022254
-1.067315 2.010407
-1.099665 2.006517
1.434038 0.035415
-1.035680 1.968064
-1.110849 2.003276
-1.136739 2.019588
-1.184877 1.976093
-1.121530 2.005145
-1.217838 1.974261
-1.137763 1.982699
-1.228369 1.957051
-1.253102 1.962116
-1.318738 1.945362
1.416911 0.042274
-1.257492 1.949384
-1.371620 1.938248
-1.332300 1.910780
-1.446217 1.893478
-1.453043 1.848533
-1.443101 1.893807
-1.402656 1.919494
-1.411766 1.917562
-1.516135 1.860950
-1.505219 1.880997
1.571684 0.028116
-1.509306 1.893428
-1.546710 1.869705
-1.509488 1.863055
-1.550981 1.823652
-1.579525 1.831631
-1.613476 1.811892
-1.678025 1.843448
-1.611722 1.844769
-1.693835 1.772124
-1.676848 1.842733
1.644906 0.027356
-1.669142 1.804616
-1.741374 1.789969
-1.756318 1.798381
-1.749742 1.783524
-1.726132 1.769315
-1.824659 1.740154
-1.791113 1.773443
-1.842824 1.729191
-1.870321 1.717466
-1.852763 1.739355
1.659724 0.012011
-1.941862 1.694530
-1.968293 1.655495
-1.941864 1.708177
-1.983219 1.657482
-1.934993 1.691227
-2.003028 1.666010
-2.070117 1.637175
-1.989657 1.619286
-2.037922 1.621829
-2.061955 1.605719
1.706970 0.028102
-2.066800 1.610718
-2.067987 1.578447
-2.100962 1.601387
-2.085055 1.608556
-2.155867 1.547570
-2.158088 1.559166
-2.129398 1.517090
-2.150140 1.525280
-2.179153 1.486345
-2.223177 1.497085
1.643611 0.036501
-2.219931 1.492191
-2.256170 1.461292
-2.276215 1.427870
-2.301791 1.388745
-2.310111 1.381577
-2.314130 1.388281
-2.348005 1.358412
-2.337941 1.316987
-2.323126 1.325741
-2.335603 1.358714
-0.961315 0.380527
1.660112 0.029009
-2.373953 1.293392
-2.405776 1.211761
-2.392317 1.261165
-2.412647 1.211872
-2.418855 1.182556
-2.384845 1.246106
-2.324834 1.181463
-2.399243 1.154430
-2.442711 1.123827
-2.422751 1.129496
1.652514 0.047689
-2.435982 1.117616
-2.455267 1.060115
-2.424795 1.105493
-2.408245 1.029135
-2.449360 0.920181
-2.452478 0.941218
-2.435185 0.959039
-2.441377 0.919858
-2.434031 0.968453
-2.414033 0.946647
1.702866 0.030135
-2.450758 0.878110
-2.435151 0.855387
-2.450306 0.765553
-2.481816 0.814820
-2.421498 0.791945
-2.434584 0.831508
-2.426232 0.756840
-2.432665 0.765223
-2.394412 0.669710
-2.387901 0.676622
1.792825 0.041384
-2.405646 0.702280
-2.431405 0.705861
-2.394087 0.616414
-2.369704 0.679121
-2.354753 0.584356
-2.352325 0.593738
-2.321844 0.528898
-2.320378 0.508797
-2.295671 0.532168
-2.298742 0.526935
1.758540 0.030734
-2.244753 0.491757
-2.275643 0.520143
-2.197530 0.471723
-2.215852 0.471450
-2.139320 0.412648
-2.215971 0.454954
-2.173040 0.439809
-2.129053 0.432119
-2.125031 0.425291
-2.073103 0.429668
1.787433 0.037491
-2.158627 0.394403
-2.080577 0.407283
-2.077719 0.405620
-2.076402 0.416603
-2.051731 0.380875
-2.014901 0.400471
-2.029667 0.383308
-2.022424 0.368156
-1.976324 0.381978
-1.929749 0.376247
1.832353 0.033803
-1.904951 0.396704
-1.956456 0.368982
-1.923700 0.353402
-1.948171 0.374713
-1.861461 0.373996
-1.807369 0.347942
-1.851641 0.342594
-1.778569 0.323715
-1.784180 0.371032
-1.757411 0.356440
1.908244 0.037282
-1.751745 0.391531
-1.708389 0.323889
-1.641765 0.362627
-1.623426 0.339447
-1.572167 0.333176
-1.643477 0.331114
-1.678983 0.368053
-1.638225 0.357968
-1.579940 0.357378
-1.552793 0.347652
1.877445 0.026164
-1.510041 0.337359
-1.461249 0.271997
-1.590825 0.362990
-1.479896 0.360939
-1.441391 0.361344
-1.375446 0.358839
-1.377037 0.363654
-1.398492 0.374779
-1.361189 0.391883
-1.361548 0.355263
1.873267 0.032909
-1.389465 0.307871
-1.326824 0.380985
-1.316854 0.387377
-1.274673 0.385653
-1.276683 0.409528
-1.214745 0.360525
-1.134753 0.385536
-1.153048 0.387591
-1.160658 0.359000
-1.109683 0.393791
