500 2
3.458951 1.221088
3.336602 1.312839
3.529745 0.958864
2.035954 0.309266
2.011598 0.308586
1.953866 0.406327
2.079383 0.363876
1.971212 0.310118
1.997215 0.231602
1.870802 0.325542
1.863130 0.320895
1.835859 0.244332
1.852955 0.207451
3.416407 0.913611
1.885574 0.380786
1.832221 0.366062
1.721930 0.404772
1.678528 0.273758
1.718741 0.306652
1.807225 0.332006
1.712424 0.292578
1.682514 0.282731
1.561314 0.311342
1.552705 0.241534
3.539711 0.950750
1.595205 0.245859
1.489011 0.258213
1.583040 0.282654
1.444794 0.291471
1.517015 0.236349
1.332448 0.179040
1.444933 0.165913
1.486031 0.219515
1.441256 0.201018
1.392097 0.163154
3.560431 0.934011
1.312827 0.157560
1.369238 0.166134
1.389544 0.125770
1.319597 0.160132
1.301789 0.044340
1.263555 0.097281
1.215259 0.055340
1.272265 0.022037
1.258628 -0.001296
1.284828 0.038718
3.560759 0.886244
1.242167 -0.106779
1.268504 -0.021412
1.200480 -0.055323
1.162460 -0.082398
1.179321 -0.134173
1.167976 -0.148776
1.149087 -0.153465
1.150135 -0.191877
1.163392 -0.308289
1.087629 -0.308319
3.586219 0.889633
1.132705 -0.222003
1.175014 -0.254888
1.131980 -0.293001
1.130540 -0.341638
1.072668 -0.315214
1.097876 -0.416008
1.010289 -0.428464
1.066790 -0.432163
1.004796 -0.434225
1.055344 -0.468039
3.521179 0.842652
1.077698 -0.404669
0.992288 -0.542814
1.058354 -0.504903
1.018999 -0.589167
1.007249 -0.547930
1.033964 -0.720089
1.010077 -0.557634
1.001043 -0.581662
0.970225 -0.785008
0.943102 -0.547051
3.585347 0.889788
1.006124 -0.712993
1.028278 -0.622772
0.872983 -0.757217
0.935452 -0.851050
0.885074 -0.891550
0.935584 -0.833569
0.914360 -0.870842
0.887672 -0.889094
0.855508 -0.946320
0.788515 -0.923433
3.568869 0.885367
0.813689 -0.900804
0.860006 -0.947278
0.745105 -0.952417
0.710992 -1.074139
0.706182 -1.008569
0.756938 -0.975424
0.688091 -1.121255
0.649361 -1.095415
0.747257 -1.056541
0.664683 -1.094067
3.588019 0.883639
0.710087 -1.005786
0.646572 -1.099904
0.538245 -1.072139
0.519244 -1.107820
0.436483 -1.160905
0.567785 -1.139681
0.519249 -1.085588
0.460033 -1.106616
0.443263 -1.114332
0.361548 -1.156725
3.418326 1.214941
3.607569 0.774529
0.381588 -1.164151
0.305239 -1.114814
0.271130 -1.200472
0.318927 -1.122131
0.303029 -1.107533
0.155006 -1.115089
0.292248 -1.142023
0.325003 -1.095478
0.205344 -1.115440
0.108689 -1.067526
3.565237 0.773424
0.179539 -1.085726
0.026299 -1.044889
0.122318 -1.119240
0.161215 -1.066879
0.080450 -1.064362
0.030731 -1.013095
-0.011892 -1.007557
-0.004803 -1.001018
0.084779 -1.015311
0.036042 -0.974888
3.523385 0.756915
-0.095637 -0.944750
-0.030403 -0.970652
-0.087272 -0.926228
-0.089338 -0.851514
-0.126463 -0.926852
-0.154218 -0.957745
-0.102683 -0.836729
-0.156857 -0.828067
-0.088506 -0.862612
-0.194026 -0.806390
3.599560 0.687784
-0.221597 -0.695414
-0.215678 -0.685785
-0.189538 -0.661873
-0.228965 -0.737283
-0.214730 -0.657095
-0.223429 -0.622584
-0.242943 -0.654788
-0.249367 -0.620954
-0.238935 -0.610244
-0.257200 -0.582402
3.552893 0.754788
-0.279355 -0.596763
-0.341589 -0.429568
-0.205185 -0.522168
-0.257167 -0.374421
-0.328672 -0.442188
-0.312922 -0.213695
-0.320373 -0.329100
-0.335390 -0.292939
-0.305822 -0.371178
-0.229580 -0.404970
3.565658 0.750311
-0.305810 -0.366420
-0.353949 -0.290821
-0.345525 -0.147046
-0.368597 -0.058298
-0.359481 -0.136493
-0.315488 -0.113254
-0.302580 -0.101688
-0.353817 -0.021701
-0.348065 0.061218
-0.319524 -0.055939
3.574110 0.714420
-0.409769 0.123520
-0.341608 0.146390
-0.350432 0.094936
-0.325429 0.149205
-0.377412 0.053957
-0.367892 0.055457
-0.341386 0.222762
-0.354699 0.268396
-0.334906 0.191634
-0.299811 0.319819
3.509527 0.683067
-0.288992 0.256094
-0.235362 0.403882
-0.286529 0.404499
-0.253231 0.478228
-0.297016 0.454890
-0.259256 0.470593
-0.294353 0.515256
-0.211864 0.597340
-0.276881 0.510528
-0.250735 0.535003
3.524671 0.657942
-0.225925 0.516200
-0.218988 0.592352
-0.217433 0.676942
-0.160302 0.622594
-0.207213 0.610057
-0.246126 0.624497
-0.144541 0.701390
-0.172078 0.684908
-0.127043 0.711073
-0.128399 0.756909
3.604789 0.579855
-0.110423 0.774231
-0.133460 0.768979
-0.082274 0.850378
-0.088594 0.813107
-0.062567 0.859540
-0.098341 0.806301
-0.142291 0.760657
-0.014740 0.860450
-0.046811 0.792605
-0.024770 1.018411
3.470906 1.139806
3.531810 0.583101
-0.005622 0.941291
0.009352 0.895785
0.013574 1.060078
0.060140 1.077812
0.053188 1.018324
0.057792 1.001619
0.114817 1.075784
0.062039 1.056633
0.099264 1.079626
0.170881 1.122627
3.545683 0.569455
0.180448 1.115376
0.160632 1.170587
0.234101 1.234838
0.225977 1.210078
0.279640 1.242225
0.188335 1.199014
0.219748 1.229525
0.322899 1.327603
0.217085 1.285275
0.302627 1.286795
3.531959 0.482898
0.321093 1.347208
0.356859 1.278294
0.383578 1.325811
0.424372 1.430543
0.324902 1.398274
0.411239 1.481590
0.438485 1.472396
0.437469 1.435624
0.496215 1.528980
0.465423 1.464134
3.561380 0.531933
0.494865 1.463578
0.555485 1.564220
0.541821 1.594862
0.479977 1.669666
0.439183 1.521580
0.470274 1.530240
0.517659 1.602451
0.665276 1.684967
0.595518 1.703666
0.574931 1.642739
3.478209 0.432715
0.662178 1.711586
0.543437 1.652508
0.638894 1.694885
0.751992 1.756144
0.736128 1.835603
0.633950 1.849659
0.717904 1.823517
0.745275 1.787863
0.673772 1.788427
0.821682 1.908632
3.447942 0.429181
0.816395 1.925201
0.840662 1.937157
0.799781 1.980714
0.844966 1.948148
0.810091 1.905452
0.783781 1.896023
0.849832 1.952626
0.898139 2.052629
0.971948 2.110988
0.935975 2.111896
3.480005 0.430423
0.939916 2.108409
0.894032 2.048939
0.992410 2.178401
0.935055 2.101538
1.009134 2.196809
1.032865 2.204500
1.139511 2.161192
1.063224 2.217439
1.156986 2.307664
1.027598 2.226906
3.356689 0.301264
1.133941 2.288448
1.101356 2.302085
1.145362 2.281749
1.085938 2.271529
1.189242 2.327487
1.203102 2.357083
1.235713 2.384492
1.242727 2.387385
1.289007 2.335004
1.262540 2.383669
3.400529 0.298077
1.306290 2.427506
1.381576 2.484156
1.345028 2.430467
1.315515 2.437897
1.376025 2.397612
1.402975 2.482389
1.390644 2.542999
1.487205 2.553722
1.408404 2.474738
1.440957 2.490112
3.412640 0.396167
1.548469 2.586004
1.542770 2.506904
1.528558 2.529424
1.541013 2.544061
1.610523 2.512508
1.581797 2.528876
1.592125 2.592191
1.640051 2.562772
1.655393 2.596205
1.723618 2.560123
3.446474 1.256612
3.377933 0.296882
1.670587 2.574786
1.778557 2.651994
1.790327 2.578607
1.702166 2.659797
1.767663 2.609750
1.800941 2.600715
1.837655 2.590597
1.977365 2.599535
1.889262 2.558485
1.913002 2.537944
3.316584 0.222967
1.971165 2.609674
1.982602 2.557044
2.008912 2.530984
2.096580 2.598563
2.037877 2.587578
2.064258 2.576505
2.167447 2.568704
2.129397 2.587093
2.193989 2.543364
2.212009 2.560060
3.348555 0.269348
2.154705 2.575159
2.171215 2.494815
2.187303 2.533050
2.196448 2.538097
2.293874 2.521290
2.302008 2.588512
2.340631 2.613344
2.397942 2.481706
2.351621 2.511423
2.300720 2.485859
3.400545 0.362273
2.365090 2.528717
2.420572 2.479532
2.460982 2.432796
2.424359 2.451026
2.458085 2.454987
2.462307 2.478729
2.537330 2.414163
2.476737 2.465314
2.552282 2.464815
2.576979 2.369357
3.315002 0.221673
2.531113 2.392066
2.545262 2.351014
2.615611 2.304243
2.650935 2.295777
2.718857 2.216392
2.652838 2.316033
2.644286 2.319938
2.675426 2.292390
2.735765 2.253927
2.746082 2.228748
3.356417 0.263179
2.671773 2.164627
2.850142 2.178195
2.819751 2.157280
2.845152 2.117533
2.823674 2.197956
2.839906 2.162077
2.842113 2.131053
2.875871 2.121123
2.924006 2.087651
2.863605 2.064919
3.270714 0.159479
2.883318 2.096432
2.898389 2.090775
2.893590 2.036949
2.973576 1.974478
2.998732 1.886231
3.053259 1.987588
3.070889 1.910522
2.979903 1.884454
3.069690 1.913210
3.107071 1.903511
3.216173 0.250135
3.085722 1.950819
3.115653 1.788629
3.012471 1.805611
3.008071 1.705875
3.188871 1.802200
3.201700 1.758408
3.181044 1.817132
3.203397 1.729952
3.077171 1.672764
3.180735 1.740984
3.237694 0.191304
3.227266 1.655862
3.162993 1.684093
3.235041 1.686988
3.207045 1.741010
3.336742 1.572757
3.222372 1.590729
3.259378 1.520665
3.327935 1.539914
3.289265 1.492700
3.287371 1.519078
3.293520 0.190213
3.278442 1.536392
3.341339 1.418579
3.331702 1.492072
3.331359 1.437605
3.358319 1.399746
3.383407 1.402047
3.461326 1.416489
3.395375 1.319568
3.399995 1.304053
3.335654 1.350605
3.451604 1.102136
3.207242 0.203981
3.178035 0.145624
3.134309 0.118192
3.181800 0.176469
3.125578 0.090788
3.105726 0.134913
3.015771 0.087237
3.071903 0.138139
2.992961 0.137842
3.010954 0.050637
3.487931 1.084797
2.984011 0.046340
2.939250 0.046539
2.937070 0.111399
2.857012 0.146826
2.833983 0.083041
2.845563 0.103100
2.728289 0.052374
2.823158 0.019075
2.763718 0.069379
2.848871 0.088831
3.489580 1.063091
2.687404 0.250229
2.732502 0.113624
2.716987 0.046361
2.603686 0.127636
2.685793 0.183874
2.635945 0.058666
2.651006 0.131789
2.445283 0.163858
2.494111 0.111303
2.595506 0.105380
3.521868 1.138832
2.506635 0.126171
2.436446 0.199305
2.430874 0.150683
2.387035 0.228267
2.415369 0.139692
2.356336 0.218359
2.301667 0.236755
2.396951 0.196575
2.299014 0.188604
2.277616 0.213670
3.504306 1.010885
2.303037 0.189596
2.193938 0.260667
2.137568 0.311686
2.147524 0.210408
2.226112 0.247894
2.132167 0.245896
2.118206 0.226039
2.104269 0.277282
2.178166 0.261606
2.063431 0.302548
