1000 2
1.955474 1.268035
1.926382 1.361400
1.908565 1.415647
0.511990 1.212607
0.491790 1.099892
0.511011 1.188970
0.437040 1.114772
0.455004 1.073241
0.455261 1.151520
0.485223 1.126376
0.465600 1.080231
0.470477 1.070737
0.447799 1.047093
1.851827 1.524023
0.393932 0.988974
0.414472 1.019724
0.411319 0.915154
0.417680 0.913381
0.447647 0.925651
0.451997 0.933070
0.381156 0.875693
0.433822 0.853168
0.439558 0.794950
0.382736 0.810408
1.867273 1.526427
0.302426 0.822365
0.428885 0.759841
0.413556 0.726692
0.397270 0.775075
0.376210 0.652082
0.366583 0.631478
0.409706 0.716668
0.438439 0.644633
0.391565 0.593576
0.395911 0.587846
1.839280 1.567615
0.346894 0.536317
0.411162 0.603805
0.392705 0.517578
0.448604 0.573387
0.385705 0.493509
0.407459 0.511803
0.424039 0.514070
0.459262 0.426276
0.439641 0.449927
0.412071 0.412061
1.860038 1.545605
0.415389 0.359314
0.506947 0.406028
0.496632 0.415980
0.471460 0.412993
0.491682 0.373954
0.525117 0.309949
0.533294 0.316567
0.567977 0.328538
0.515273 0.314393
0.583371 0.228894
1.831138 1.593661
0.531009 0.264020
0.589485 0.283930
0.614146 0.225183
0.634119 0.289651
0.609539 0.229028
0.622161 0.259187
0.679889 0.213240
0.671984 0.175440
0.719623 0.127127
0.725199 0.129051
1.795974 1.615130
0.697745 0.168346
0.681500 0.171386
0.787707 0.085519
0.723646 0.126976
0.731384 0.122158
0.733760 0.110145
0.787331 0.044607
0.781573 0.051334
0.808830 0.071883
0.739736 0.044345
1.782920 1.631077
0.785111 0.014971
0.713093 0.109326
0.726859 -0.067535
0.756686 -0.051928
0.780785 -0.070562
0.774944 -0.047206
0.818193 -0.081347
0.812230 -0.123771
0.716986 -0.116819
0.797522 -0.135743
1.787652 1.640466
0.765842 -0.146647
0.714741 -0.213772
0.711618 -0.310355
0.771481 -0.240497
0.778815 -0.222171
0.740033 -0.292083
0.792536 -0.327759
0.712796 -0.332469
0.733626 -0.318232
0.610086 -0.265997
1.827248 1.577475
0.707092 -0.357282
0.667843 -0.407118
0.704767 -0.404417
0.682978 -0.414130
0.688954 -0.357095
0.686737 -0.409653
0.663708 -0.457481
0.693203 -0.422128
0.594231 -0.446442
0.613300 -0.446058
1.955625 1.295099
1.781554 1.645145
0.599499 -0.523537
0.591872 -0.517764
0.580444 -0.560677
0.561974 -0.553047
0.566159 -0.531958
0.624003 -0.512936
0.530711 -0.592153
0.515497 -0.602589
0.491302 -0.623589
0.571671 -0.682597
1.764255 1.705289
0.506407 -0.664551
0.480397 -0.715394
0.407343 -0.729055
0.387966 -0.760131
0.395360 -0.705802
0.394679 -0.678954
0.380073 -0.672407
0.354514 -0.756895
0.395496 -0.763589
0.409030 -0.758202
1.740905 1.683406
0.390076 -0.781371
0.310471 -0.776655
0.367041 -0.842837
0.323255 -0.789915
0.276158 -0.806939
0.224646 -0.782949
0.252770 -0.798183
0.224208 -0.818891
0.230980 -0.806300
0.151858 -0.848259
1.726472 1.703113
0.180300 -0.802972
0.161841 -0.831349
0.215053 -0.877780
0.118797 -0.831198
0.116551 -0.837022
0.087993 -0.841645
0.088898 -0.780619
0.003065 -0.870672
-0.026233 -0.868707
0.056316 -0.847191
1.683748 1.725399
-0.055788 -0.887495
-0.048780 -0.852417
-0.080966 -0.854046
-0.090598 -0.835495
-0.101389 -0.840097
-0.136431 -0.840144
-0.101802 -0.843799
-0.103965 -0.865103
-0.223834 -0.873741
-0.152509 -0.878722
1.735516 1.679062
-0.178448 -0.871434
-0.173082 -0.891858
-0.193846 -0.802881
-0.292382 -0.841965
-0.273282 -0.831070
-0.318775 -0.823297
-0.342485 -0.830022
-0.290082 -0.795733
-0.344592 -0.817748
-0.397114 -0.788244
1.637536 1.762082
-0.424431 -0.800771
-0.424982 -0.787233
-0.400080 -0.831124
-0.438627 -0.777275
-0.438099 -0.777496
-0.421023 -0.796272
-0.471159 -0.770537
-0.510094 -0.773357
-0.466192 -0.713499
-0.519840 -0.730746
1.637296 1.780740
-0.579559 -0.680406
-0.588138 -0.675381
-0.558689 -0.752020
-0.567453 -0.689699
-0.551981 -0.693600
-0.627913 -0.649791
-0.624094 -0.679829
-0.604942 -0.652038
-0.616372 -0.683583
-0.682282 -0.577371
1.665768 1.735497
-0.633425 -0.639007
-0.677146 -0.570986
-0.693208 -0.636679
-0.705943 -0.537652
-0.713831 -0.494669
-0.749040 -0.470921
-0.738175 -0.484568
-0.695781 -0.427954
-0.745804 -0.386050
-0.728466 -0.493821
1.597628 1.757320
-0.734656 -0.360472
-0.786326 -0.305607
-0.766024 -0.359756
-0.763446 -0.263264
-0.763960 -0.308488
-0.794248 -0.284333
-0.775142 -0.227112
-0.814778 -0.188171
-0.794696 -0.205442
-0.797401 -0.187853
1.931444 1.380791
1.550452 1.756368
-0.830200 -0.153469
-0.863746 -0.089560
-0.805211 -0.101686
-0.812624 -0.106526
-0.847223 -0.099066
-0.865323 -0.001256
-0.860649 -0.008700
-0.843071 0.003353
-0.833716 -0.014858
-0.863352 -0.022153
1.583652 1.821850
-0.915320 0.071366
-0.867778 0.097347
-0.911843 0.143072
-0.904666 0.161944
-0.921129 0.157254
-0.887866 0.143871
-0.932601 0.191050
-0.920623 0.155909
-0.963393 0.257926
-0.952121 0.268333
1.523008 1.827417
-0.992407 0.307163
-0.935063 0.294404
-0.999435 0.351339
-0.975931 0.322939
-0.961802 0.409742
-1.007843 0.457225
-1.038699 0.499298
-1.040712 0.534921
-1.042489 0.560081
-1.037606 0.555955
1.556494 1.808947
-1.060934 0.554454
-1.062815 0.614985
-1.089757 0.725301
-1.096464 0.784556
-1.092742 0.696195
-1.108184 0.697088
-1.173647 0.864059
-1.170449 0.873521
-1.170812 0.943594
-1.182550 0.920169
1.445300 1.848727
-1.161396 0.916690
-1.205256 0.978292
-1.279037 1.055972
-1.212549 1.075036
-1.247552 1.034919
-1.285935 1.203669
-1.273755 1.103879
-1.294268 1.186132
-1.289590 1.243229
-1.318899 1.252576
1.505693 1.818684
-1.322255 1.206663
-1.339114 1.275473
-1.335799 1.309600
-1.361519 1.359868
-1.284553 1.328530
-1.395071 1.386523
-1.409532 1.446063
-1.410643 1.495478
-1.402038 1.451817
-1.376504 1.473843
1.487049 1.850142
-1.417360 1.544417
-1.415420 1.505218
-1.431306 1.555093
-1.428635 1.537617
-1.439393 1.579435
-1.437473 1.598357
-1.454492 1.682866
-1.441336 1.667648
-1.467254 1.728944
-1.472146 1.716313
1.442868 1.850002
-1.465839 1.726256
-1.460631 1.746375
-1.448206 1.762421
-1.462695 1.792282
-1.473214 1.815242
-1.422756 1.832699
-1.446930 1.850907
-1.450730 1.863272
-1.458115 1.934683
-1.369582 1.915145
1.418844 1.871305
-1.445836 1.835884
-1.395007 1.963094
-1.411705 1.952840
-1.422551 1.958984
-1.426705 2.018332
-1.390723 2.012283
-1.368052 2.029919
-1.372091 2.088222
-1.354167 2.114720
-1.319640 2.140723
1.419179 1.864647
-1.328059 2.154971
-1.317851 2.190718
-1.325812 2.189646
-1.259045 2.219176
-1.309250 2.246187
-1.299255 2.229879
-1.279492 2.261864
-1.261385 2.295866
-1.217649 2.351988
-1.177325 2.369536
1.918577 1.361800
1.384669 1.847516
-1.239809 2.282225
-1.231838 2.318058
-1.157948 2.361089
-1.180851 2.365145
-1.134951 2.380536
-1.119061 2.406507
-1.059554 2.448889
-1.109013 2.409691
-1.064500 2.453002
-1.037934 2.423622
1.333115 1.833537
-1.032108 2.430068
-0.988950 2.462698
-0.987200 2.483444
-1.029305 2.417470
-0.948150 2.445916
-0.988864 2.487906
-0.889984 2.495845
-0.883228 2.505572
-0.920396 2.458828
-0.864413 2.461110
1.409391 1.862808
-0.839584 2.463979
-0.871338 2.473601
-0.755699 2.455017
-0.850139 2.462338
-0.801358 2.441253
-0.744724 2.441614
-0.695584 2.455023
-0.648607 2.424205
-0.684788 2.426205
-0.662017 2.391079
1.362060 1.867323
-0.644227 2.396960
-0.595891 2.371109
-0.610601 2.325974
-0.680380 2.324954
-0.561309 2.328806
-0.533550 2.306302
-0.550645 2.335050
-0.531084 2.301351
-0.541786 2.298113
-0.537251 2.298737
1.377618 1.860690
-0.496334 2.223658
-0.500032 2.270812
-0.431632 2.119913
-0.449604 2.161676
-0.443523 2.119770
-0.443936 2.143425
-0.426252 2.147175
-0.406010 2.093712
-0.409310 2.112861
-0.442221 2.031226
1.248257 1.872608
-0.400598 2.015667
-0.416299 1.970255
-0.417993 2.004687
-0.414015 1.970507
-0.421447 2.022406
-0.399070 2.013309
-0.395574 1.916475
-0.401077 1.927328
-0.384022 1.896653
-0.422119 1.815105
1.284682 1.859346
-0.383095 1.806989
-0.438368 1.864573
-0.434948 1.775474
-0.424930 1.775720
-0.391621 1.769756
-0.403729 1.679585
-0.358938 1.635778
-0.433356 1.662799
-0.448680 1.646328
-0.475035 1.608607
1.162609 1.902039
-0.442671 1.624952
-0.455196 1.615862
-0.437767 1.667813
-0.450892 1.549748
-0.502413 1.501099
-0.472915 1.511677
-0.481556 1.454180
-0.499250 1.465445
-0.519808 1.422991
-0.504640 1.415427
1.284294 1.883564
-0.549118 1.341990
-0.532001 1.427504
-0.514947 1.384512
-0.556433 1.371031
-0.572924 1.301718
-0.579161 1.319121
-0.571905 1.306603
-0.525742 1.315001
-0.619681 1.214002
-0.574996 1.227895
1.180140 1.883680
-0.646895 1.193845
-0.635777 1.198018
-0.681164 1.127475
-0.608792 1.227980
-0.659921 1.127219
-0.699746 1.056462
-0.726510 1.126716
-0.716726 1.104190
-0.764335 1.027609
-0.759336 1.004545
1.901296 1.441094
1.202663 1.860951
-0.815178 0.980007
-0.829999 0.981798
-0.871405 0.960001
-0.921161 0.894414
-0.882171 0.925954
-0.843427 0.949830
-1.019161 0.850274
-0.982374 0.891010
-1.003725 0.840041
-0.954548 0.899312
1.236373 1.860040
-1.038003 0.910370
-0.979462 0.859988
-1.029087 0.786255
-1.081613 0.814294
-1.037641 0.843485
-1.168855 0.788729
-1.260275 0.770077
-1.224534 0.763632
-1.246019 0.754636
-1.268046 0.727486
1.166253 1.884846
-1.301607 0.707497
-1.308363 0.714383
-1.348290 0.695444
-1.392421 0.660897
-1.423777 0.695408
-1.339662 0.711564
-1.373535 0.694813
-1.415353 0.697267
-1.484789 0.641710
-1.454793 0.656850
1.114012 1.864367
-1.523357 0.626307
-1.594067 0.626320
-1.602490 0.629710
-1.586251 0.602822
-1.561698 0.630982
-1.685293 0.623026
-1.670296 0.595117
-1.675488 0.619467
-1.721824 0.637140
-1.715801 0.632638
1.126759 1.847733
-1.814960 0.575212
-1.753527 0.613481
-1.821714 0.600212
-1.825615 0.595914
-1.853081 0.612894
-1.864237 0.609143
-1.858647 0.594145
-1.866608 0.588307
-1.930321 0.578024
-1.839328 0.610066
1.091446 1.881358
-2.015549 0.590167
-1.937444 0.595742
-1.991758 0.569152
-2.063998 0.604936
-1.983069 0.600079
-2.102049 0.570048
-2.059040 0.563624
-2.053343 0.578934
-2.127342 0.559730
-2.152534 0.625119
1.105344 1.881051
-2.129446 0.626262
-2.161840 0.520284
-2.162623 0.611665
-2.218525 0.535065
-2.199677 0.521885
-2.239155 0.517363
-2.264207 0.574698
-2.216901 0.564187
-2.325137 0.507511
-2.347416 0.492126
1.032433 1.850040
-2.291683 0.543518
-2.403386 0.460820
-2.372930 0.495583
-2.429250 0.436872
-2.408018 0.454579
-2.457314 0.414059
-2.417271 0.420606
-2.482909 0.411321
-2.472586 0.422242
-2.450397 0.410294
1.021491 1.875198
-2.514161 0.353814
-2.519372 0.378187
-2.510158 0.368689
-2.561133 0.322911
-2.563194 0.287360
-2.514194 0.342656
-2.606597 0.258495
-2.607148 0.247986
-2.582135 0.236333
-2.584983 0.223233
0.997597 1.858337
-2.666841 0.158627
-2.644458 0.179605
-2.636023 0.213039
-2.623010 0.102292
-2.642946 0.158010
-2.640051 0.068741
-2.671257 0.043469
-2.667619 0.059496
-2.678211 0.020754
-2.692502 0.067844
1.917866 1.423303
1.003208 1.844161
-2.689784 0.020847
-2.676120 -0.041762
-2.694800 -0.017511
-2.706810 -0.080658
-2.677700 -0.079466
-2.708057 -0.078987
-2.762301 -0.160043
-2.687326 -0.115482
-2.666487 -0.102434
-2.687673 -0.210924
1.026206 1.861826
-2.707132 -0.139058
-2.674438 -0.160312
-2.687782 -0.232985
-2.682961 -0.252375
-2.690546 -0.288013
-2.657022 -0.310916
-2.678497 -0.309717
-2.667645 -0.316034
-2.642051 -0.338304
-2.673812 -0.418981
0.939565 1.822123
-2.660025 -0.460137
-2.673352 -0.463508
-2.646416 -0.535558
-2.643208 -0.501182
-2.641533 -0.524081
-2.606533 -0.538662
-2.609294 -0.589261
-2.598278 -0.553946
-2.603477 -0.591991
-2.607068 -0.664302
0.964803 1.833728
-2.649965 -0.586664
-2.622114 -0.652110
-2.569457 -0.574664
-2.590043 -0.681790
-2.566955 -0.757131
-2.525573 -0.786401
-2.539524 -0.807533
-2.546842 -0.789800
-2.534322 -0.774401
-2.510952 -0.827958
0.933704 1.825114
-2.497046 -0.875248
-2.525563 -0.843598
-2.506613 -0.851670
-2.436045 -0.940816
-2.481711 -0.904267
-2.433468 -0.956959
-2.473816 -0.915221
-2.427309 -0.958014
-2.370534 -1.031785
-2.380362 -0.979515
0.939689 1.834783
-2.381794 -0.985442
-2.328641 -1.063414
-2.347673 -1.044094
-2.323840 -1.061003
-2.338092 -1.048927
-2.277905 -1.092986
-2.337896 -1.049564
-2.287656 -1.096220
-2.273246 -1.115911
-2.255724 -1.127110
0.843958 1.795269
-2.190389 -1.171280
-2.196791 -1.163422
-2.164657 -1.175977
-2.159769 -1.195947
-2.163070 -1.199057
-2.128917 -1.209798
-2.170347 -1.200500
-2.068654 -1.279520
-2.103117 -1.232334
-2.148192 -1.201765
0.863654 1.778336
-1.994120 -1.273010
-2.042323 -1.289876
-1.991572 -1.335723
-2.004411 -1.330508
-1.933147 -1.389138
-1.952414 -1.359357
-1.929249 -1.380924
-1.854272 -1.431717
-1.935370 -1.373911
-1.907751 -1.404706
0.857555 1.752221
-1.813786 -1.476578
-1.855891 -1.439132
-1.825112 -1.465115
-1.770691 -1.499004
-1.845530 -1.444043
-1.825147 -1.472807
-1.733532 -1.507297
-1.777047 -1.487892
-1.754353 -1.504527
-1.644645 -1.535132
0.828360 1.782161
-1.705513 -1.546584
-1.677895 -1.539422
-1.682326 -1.568467
-1.645895 -1.577682
-1.561976 -1.621692
-1.576264 -1.593711
-1.586129 -1.589160
-1.552204 -1.609409
-1.555524 -1.600917
-1.527332 -1.638217
1.916164 1.436959
0.835147 1.746639
-1.498291 -1.645887
-1.465586 -1.671006
-1.460351 -1.669037
-1.436769 -1.696588
-1.507029 -1.630513
-1.406417 -1.691198
-1.348546 -1.731120
-1.382765 -1.716791
-1.382304 -1.708195
-1.348293 -1.748552
0.760579 1.723138
-1.311296 -1.731279
-1.231226 -1.776435
-1.271482 -1.759912
-1.277119 -1.728347
-1.270511 -1.770137
-1.216217 -1.797077
-1.212482 -1.807606
-1.206813 -1.790264
-1.097408 -1.883253
-1.018102 -1.861633
0.811597 1.734869
-1.139039 -1.851224
-1.104100 -1.824070
-1.122215 -1.839307
-1.042159 -1.865894
-1.082635 -1.869203
-1.077722 -1.894759
-0.970386 -1.914744
-0.979537 -1.885978
-0.900946 -1.955931
-0.868259 -1.952291
0.802849 1.726299
-0.879844 -1.963503
-0.920103 -1.974534
-0.875153 -1.911763
-0.893758 -1.904135
-0.765409 -1.972209
-0.799960 -1.972839
-0.801571 -1.951913
-0.756177 -2.010862
-0.750787 -2.023224
-0.720354 -2.024264
0.769634 1.673428
-0.687724 -2.036264
-0.680294 -2.056134
-0.683822 -2.053056
-0.680385 -2.050629
-0.639607 -2.082363
-0.646784 -2.052262
-0.648270 -2.057865
-0.561998 -2.057295
-0.572572 -2.078566
-0.529679 -2.098878
0.738349 1.653527
-0.483982 -2.117990
-0.551767 -2.082449
-0.466548 -2.115973
-0.512049 -2.066673
-0.416714 -2.135445
-0.386514 -2.117234
-0.405501 -2.140280
-0.430022 -2.106215
-0.399565 -2.130091
-0.382233 -2.151337
0.801869 1.720325
-0.376571 -2.114850
-0.282733 -2.148873
-0.193045 -2.157438
-0.241851 -2.128239
-0.268769 -2.184860
-0.228473 -2.140061
-0.212986 -2.181512
-0.176577 -2.176043
-0.110670 -2.200226
-0.080057 -2.178041
0.723917 1.624601
-0.098165 -2.220418
-0.034439 -2.208135
-0.040690 -2.179745
-0.063732 -2.213970
-0.002064 -2.190731
0.015942 -2.199802
0.023487 -2.203113
0.002404 -2.154394
0.016589 -2.215048
0.028550 -2.167180
0.724886 1.616859
0.092651 -2.191762
0.110244 -2.215654
0.116714 -2.221790
0.114318 -2.191065
0.199057 -2.193811
0.207768 -2.186886
0.174305 -2.201145
0.203693 -2.240678
0.219749 -2.258044
0.263678 -2.204300
0.736428 1.638629
0.248709 -2.194197
0.281587 -2.167394
0.272781 -2.187897
0.352112 -2.164529
0.314468 -2.164922
0.359245 -2.201160
0.372888 -2.190917
0.447048 -2.126486
0.414199 -2.172729
0.384519 -2.138681
1.901881 1.454213
0.680532 1.581237
0.489757 -2.135475
0.454917 -2.141860
0.455971 -2.132561
0.565081 -2.082143
0.485310 -2.059219
0.544282 -2.068317
0.522646 -2.113739
0.655870 -2.082080
0.595814 -2.094884
0.615232 -2.054599
0.696302 1.569570
0.670936 -2.037316
0.699681 -2.014897
0.649803 -2.030051
0.735012 -1.987676
0.772572 -1.978903
0.750591 -1.999377
0.758774 -1.982741
0.770942 -1.997623
0.806406 -1.945725
0.849915 -1.930660
0.704061 1.651348
0.831328 -1.936524
0.839232 -1.927531
0.890414 -1.907841
0.867576 -1.911496
0.919487 -1.903927
0.909244 -1.900159
0.946503 -1.821416
1.013860 -1.807898
1.021841 -1.808981
1.002272 -1.841423
0.652421 1.492350
0.966769 -1.865968
1.057515 -1.781858
1.028877 -1.835649
1.034678 -1.830568
1.061670 -1.821288
1.089191 -1.776811
1.060014 -1.779453
1.142109 -1.745563
1.097144 -1.763525
1.151538 -1.740447
0.625138 1.468422
1.267260 -1.682964
1.238061 -1.695450
1.188761 -1.660074
1.216370 -1.727023
1.289113 -1.705883
1.308478 -1.630667
1.244421 -1.662303
1.356020 -1.611685
1.381797 -1.602334
1.387095 -1.580732
0.638372 1.476082
1.408500 -1.579549
1.421537 -1.582263
1.422644 -1.581981
1.464525 -1.556355
1.451717 -1.558631
1.435327 -1.513931
1.500600 -1.520442
1.457525 -1.555189
1.503976 -1.512061
1.522162 -1.511019
0.626421 1.464387
1.481615 -1.552075
1.596391 -1.414320
1.622865 -1.459957
1.594965 -1.455512
1.633615 -1.406292
1.609625 -1.421528
1.673469 -1.375467
1.648389 -1.372533
1.690230 -1.364559
1.708537 -1.336321
0.642972 1.494169
1.760105 -1.322637
1.720249 -1.341246
1.747370 -1.321679
1.734214 -1.323321
1.801061 -1.250527
1.829730 -1.251244
1.854531 -1.231485
1.836303 -1.184934
1.865248 -1.146808
1.867758 -1.200759
0.621637 1.445616
1.892218 -1.159269
1.922741 -1.131652
1.900910 -1.171843
1.921568 -1.115963
1.995533 -1.045405
1.950595 -1.077302
1.990807 -1.029215
1.977085 -1.011145
1.957926 -1.039951
2.009186 -1.004544
0.616567 1.385449
1.994556 -1.011230
2.071887 -0.926928
2.026602 -0.975911
2.065620 -0.901055
2.100655 -0.879242
2.108070 -0.862752
2.091845 -0.845971
2.158649 -0.794052
2.093513 -0.846440
2.128726 -0.771587
1.884123 1.485078
0.580692 1.356877
2.157579 -0.742745
2.189891 -0.745441
2.159678 -0.740388
2.166838 -0.723542
2.087233 -0.684551
2.200122 -0.645998
2.170304 -0.648964
2.123245 -0.635773
2.184886 -0.663451
2.177861 -0.569239
0.628095 1.332512
2.215425 -0.555073
2.217253 -0.495052
2.226238 -0.535118
2.194288 -0.521608
2.211376 -0.534471
2.220817 -0.472392
2.235496 -0.457588
2.298606 -0.412413
2.231687 -0.448177
2.217855 -0.404548
0.549344 1.283655
2.231951 -0.372180
2.221751 -0.325284
2.236616 -0.337296
2.186192 -0.321027
2.229538 -0.331974
2.158799 -0.251247
2.228523 -0.245670
2.246301 -0.273017
2.243648 -0.210576
2.264094 -0.171158
0.484060 1.359931
2.223216 -0.145059
2.238991 -0.182950
2.225360 -0.199453
2.239469 -0.087136
2.226683 -0.133700
2.244235 -0.080829
2.238599 -0.084134
2.233041 -0.047078
2.213789 0.013933
2.253854 0.004449
0.550335 1.344300
2.219375 0.012060
2.170111 0.095753
2.181940 0.119210
2.193764 0.101122
2.175868 0.103078
2.197801 0.159066
2.149054 0.180277
2.232131 0.162261
2.148463 0.165877
2.164600 0.172195
0.571134 1.366237
2.199280 0.227655
2.188113 0.205661
2.149278 0.226020
2.143295 0.306213
2.160804 0.305587
2.101384 0.303385
2.163903 0.285874
2.140274 0.353473
2.126057 0.440821
2.138663 0.408478
0.523760 1.235489
2.116295 0.472633
2.099250 0.490210
2.083939 0.522752
2.102597 0.487907
2.076510 0.524920
2.082451 0.505269
2.079545 0.596516
2.091749 0.550787
2.052333 0.604679
2.063199 0.673161
0.540500 1.259910
2.029383 0.582399
2.050702 0.659299
2.026119 0.686367
2.048656 0.705255
1.995847 0.775960
2.077291 0.778290
1.949297 0.772155
2.030375 0.766203
2.018550 0.790196
2.022393 0.829002
0.514994 1.199884
2.014766 0.879617
2.016303 0.969021
2.036212 0.932719
2.030702 0.961926
2.037717 1.006746
1.994893 0.951591
2.017947 0.986682
2.010470 0.955604
2.006921 1.036122
2.034317 1.059830
0.513102 1.173632
1.990803 1.069343
1.983500 1.120876
2.012041 1.075888
1.984113 1.110569
1.950112 1.078889
2.031616 1.207045
1.966722 1.234382
2.023835 1.159737
1.984416 1.150486
1.960520 1.244117
