1000 2
2.748125 1.086252
2.737041 1.137463
2.676039 1.214308
0.946736 1.294799
0.838787 1.261283
0.940695 1.274746
0.897572 1.202841
0.876035 1.237476
0.828481 1.242037
0.828087 1.217023
0.775413 1.236532
0.743391 1.223352
0.699414 1.218986
2.632177 1.271640
0.733861 1.160443
0.686215 1.252585
0.668924 1.208393
0.610940 1.236437
0.594489 1.242165
0.684260 1.259454
0.586098 1.264688
0.635232 1.237167
0.513145 1.251822
0.590735 1.250094
2.594819 1.295224
0.514473 1.232996
0.494083 1.275333
0.491446 1.262063
0.405799 1.326419
0.445976 1.284565
0.398672 1.323888
0.448169 1.309964
0.434690 1.298217
0.348202 1.360726
0.332185 1.374562
2.585843 1.327879
0.362788 1.317968
0.333455 1.389696
0.285407 1.340812
0.297648 1.415817
0.288587 1.418990
0.276652 1.389054
0.257189 1.433693
0.298808 1.422095
0.262566 1.419073
0.212730 1.536641
2.605401 1.298481
0.200452 1.441227
0.307334 1.562648
0.231002 1.547317
0.188193 1.598314
0.181899 1.579576
0.175891 1.625562
0.161492 1.623818
0.200707 1.617168
0.169229 1.657831
0.164203 1.648805
2.547935 1.356584
0.133787 1.677500
0.101004 1.736193
0.124850 1.749959
0.118095 1.748570
0.123500 1.804285
0.129119 1.755896
0.105134 1.791672
0.131586 1.789051
0.057532 1.872938
0.065936 1.776473
2.474240 1.311211
0.063295 1.852246
0.017845 1.898366
0.010286 1.946617
-0.002025 1.920312
0.017631 1.908656
-0.015710 1.907034
-0.030220 1.961433
-0.004121 1.890965
-0.012960 1.913951
-0.121021 1.964298
2.577572 1.336570
-0.055256 1.953340
-0.057966 1.922305
-0.155512 1.930921
-0.108136 1.975631
-0.156699 1.963939
-0.210004 1.995815
-0.202352 1.983662
-0.154702 2.001775
-0.150994 1.955728
-0.272791 1.951900
2.527436 1.353126
-0.264105 1.991810
-0.243694 1.993294
-0.371766 1.896191
-0.333769 1.951412
-0.334711 1.957774
-0.345643 1.977313
-0.358121 1.946925
-0.427359 1.933596
-0.416671 1.904043
-0.397363 1.854856
2.465585 1.350881
-0.476752 1.890840
-0.482473 1.885578
-0.517546 1.817894
-0.487214 1.867058
-0.540147 1.821733
-0.526359 1.820251
-0.542744 1.806541
-0.497086 1.823939
-0.567712 1.794583
-0.629300 1.722082
2.755345 1.122781
2.494285 1.367662
-0.629547 1.733857
-0.625221 1.740315
-0.686005 1.678400
-0.659078 1.627825
-0.674552 1.583650
-0.672460 1.693566
-0.675585 1.635056
-0.717958 1.613028
-0.695448 1.531631
-0.687562 1.559707
2.490010 1.363276
-0.739209 1.510028
-0.735916 1.500118
-0.663917 1.513230
-0.749714 1.463822
-0.737833 1.490629
-0.708726 1.431482
-0.714603 1.388909
-0.755419 1.375656
-0.777356 1.416940
-0.702952 1.360855
2.476927 1.401455
-0.742285 1.340944
-0.739972 1.316028
-0.757575 1.317852
-0.764063 1.251220
-0.794468 1.217315
-0.775042 1.267558
-0.793102 1.216758
-0.755714 1.276216
-0.790976 1.182472
-0.774004 1.204189
2.336372 1.424482
-0.757271 1.068729
-0.792296 1.097980
-0.771330 1.105468
-0.785183 1.084794
-0.763456 1.053359
-0.786069 1.004794
-0.757730 1.017362
-0.789811 1.046949
-0.819111 0.924384
-0.741748 1.027228
2.404950 1.388647
-0.783319 0.940875
-0.799653 0.916759
-0.839270 0.974306
-0.793725 0.891489
-0.813659 0.842769
-0.800877 0.781784
-0.792836 0.885298
-0.740120 0.812599
-0.799908 0.839167
-0.805522 0.764211
2.343997 1.413015
-0.760368 0.801563
-0.822402 0.719497
-0.790211 0.721883
-0.754741 0.624058
-0.793605 0.684408
-0.771331 0.607622
-0.762083 0.590018
-0.704421 0.604350
-0.774593 0.603088
-0.721368 0.531650
2.378384 1.432866
-0.752502 0.567943
-0.765527 0.501812
-0.783646 0.466563
-0.796558 0.502954
-0.720378 0.512886
-0.739337 0.439811
-0.728122 0.453821
-0.696124 0.390987
-0.647271 0.430944
-0.762677 0.453402
2.369412 1.406724
-0.716633 0.380687
-0.675869 0.291084
-0.631447 0.247342
-0.657810 0.271042
-0.679959 0.361218
-0.637449 0.261449
-0.643908 0.213590
-0.630851 0.228142
-0.619039 0.177978
-0.625392 0.204086
2.266379 1.446514
-0.637481 0.225138
-0.564187 0.163432
-0.582432 0.160656
-0.543544 0.157452
-0.521559 0.132472
-0.519947 0.114423
-0.476930 0.079646
-0.561369 0.107825
-0.454184 0.054235
-0.489105 0.078989
2.287050 1.434534
-0.440510 0.037718
-0.401428 0.016528
-0.434251 0.036995
-0.377541 -0.082214
-0.315056 -0.077765
-0.315610 -0.070081
-0.258473 -0.086556
-0.393628 0.002375
-0.359488 -0.104739
-0.278249 -0.100549
2.746078 1.142511
2.274476 1.430101
-0.291456 -0.105323
-0.281196 -0.118454
-0.256484 -0.134684
-0.288447 -0.116662
-0.236856 -0.185419
-0.195934 -0.196705
-0.254706 -0.148088
-0.205177 -0.188000
-0.203719 -0.195676
-0.151898 -0.248911
2.331504 1.375823
-0.190368 -0.220531
-0.171638 -0.228276
-0.143033 -0.286042
-0.066973 -0.360476
-0.149880 -0.255553
-0.071691 -0.349971
-0.046109 -0.392966
-0.087522 -0.339846
-0.002904 -0.432258
-0.011723 -0.419619
2.303551 1.488233
0.013893 -0.507640
0.047672 -0.497192
0.017092 -0.534144
0.047255 -0.495439
0.123049 -0.572246
0.038233 -0.521181
0.091635 -0.532317
0.123153 -0.591807
0.152560 -0.648130
0.124013 -0.641697
2.192847 1.454437
0.195420 -0.686598
0.212538 -0.773521
0.198604 -0.687471
0.242777 -0.820608
0.220168 -0.791895
0.252173 -0.834182
0.243310 -0.832250
0.280022 -0.873951
0.279643 -0.881416
0.298945 -0.932863
2.197879 1.463142
0.304826 -0.901604
0.304615 -0.915407
0.325789 -0.960561
0.276538 -0.902122
0.351294 -1.002117
0.358251 -1.045345
0.383286 -1.055579
0.404321 -1.078380
0.410043 -1.115146
0.435216 -1.151527
2.222840 1.434167
0.433003 -1.131875
0.468529 -1.143965
0.466383 -1.212604
0.452960 -1.182118
0.491276 -1.208233
0.478912 -1.200021
0.506847 -1.309107
0.500245 -1.266958
0.509015 -1.299211
0.568220 -1.327956
2.126861 1.457144
0.500790 -1.316938
0.541477 -1.369471
0.524521 -1.345868
0.521827 -1.432753
0.499888 -1.468169
0.574082 -1.411903
0.579136 -1.414505
0.604211 -1.464158
0.594128 -1.472874
0.550697 -1.461013
2.136614 1.466681
0.645195 -1.515102
0.661892 -1.560379
0.686987 -1.593856
0.690310 -1.601651
0.711943 -1.625638
0.710973 -1.602183
0.669813 -1.540577
0.718434 -1.595079
0.707240 -1.562470
0.774102 -1.611787
2.116903 1.452854
0.800180 -1.596577
0.745438 -1.613212
0.784664 -1.629990
0.858146 -1.657607
0.865649 -1.659420
0.869790 -1.708031
0.969263 -1.683105
0.908937 -1.644099
0.949962 -1.626051
0.934206 -1.669822
2.169355 1.472909
0.950867 -1.712637
0.896419 -1.642641
1.033848 -1.651547
1.061636 -1.649390
1.093567 -1.699033
1.093067 -1.651186
1.137174 -1.632374
1.167520 -1.634185
1.147355 -1.637499
1.134363 -1.633660
2.709745 1.167353
2.089030 1.408442
1.205707 -1.605831
1.179229 -1.620382
1.234487 -1.580565
1.204389 -1.628862
1.262315 -1.579214
1.302355 -1.524233
1.262484 -1.573902
1.292553 -1.584516
1.272818 -1.586974
1.327389 -1.546028
2.065824 1.400380
1.406911 -1.511095
1.364144 -1.542702
1.405696 -1.512565
1.374063 -1.518586
1.417276 -1.467069
1.409518 -1.513991
1.413111 -1.501400
1.489860 -1.451922
1.457811 -1.460176
1.532381 -1.456388
2.060272 1.455592
1.487859 -1.452978
1.597838 -1.418466
1.580509 -1.443339
1.627872 -1.414731
1.557238 -1.371499
1.595774 -1.422546
1.610978 -1.440535
1.629662 -1.439938
1.693716 -1.432896
1.730070 -1.377752
2.101204 1.399191
1.761008 -1.400388
1.724474 -1.356356
1.755503 -1.409023
1.749236 -1.391599
1.809166 -1.369736
1.798626 -1.434208
1.806717 -1.402607
1.856336 -1.395466
1.862321 -1.418779
1.870878 -1.423171
2.009068 1.463433
1.909977 -1.391144
1.959233 -1.386310
1.908752 -1.374344
1.910133 -1.408745
1.938010 -1.374302
1.969651 -1.406974
1.977263 -1.361038
2.068959 -1.377081
2.002911 -1.398955
2.030963 -1.410211
2.048452 1.459814
2.096870 -1.415587
2.020229 -1.368675
2.113548 -1.372430
2.152626 -1.359567
2.226288 -1.319726
2.129167 -1.372787
2.148521 -1.373032
2.326677 -1.325940
2.247101 -1.336671
2.192100 -1.362661
1.949210 1.425187
2.300744 -1.279206
2.277251 -1.373481
2.343315 -1.332576
2.290448 -1.300050
2.301819 -1.256267
2.355923 -1.284693
2.376201 -1.278564
2.390630 -1.280867
2.410429 -1.282907
2.433640 -1.311072
1.919186 1.454229
2.397973 -1.296413
2.447389 -1.261392
2.453395 -1.249426
2.471678 -1.250467
2.514374 -1.222980
2.505656 -1.230000
2.523587 -1.214870
2.561780 -1.219990
2.573790 -1.217675
2.614443 -1.189913
1.976163 1.436627
2.619157 -1.210564
2.612671 -1.190653
2.656938 -1.184867
2.609753 -1.189062
2.644177 -1.139884
2.692113 -1.167017
2.741007 -1.154900
2.755017 -1.166571
2.770292 -1.171003
2.803702 -1.160174
1.864673 1.453244
2.788335 -1.200638
2.795290 -1.158978
2.863365 -1.133599
2.890838 -1.175087
2.770535 -1.085066
2.871800 -1.150902
2.929892 -1.168370
2.910496 -1.184891
2.922239 -1.172035
2.925205 -1.171963
2.691878 1.191557
1.866053 1.419575
2.951997 -1.146227
2.988235 -1.201272
3.065312 -1.242321
3.036963 -1.252481
2.985405 -1.206789
3.018986 -1.245137
3.067381 -1.242266
3.131913 -1.338645
3.167839 -1.356969
3.118791 -1.289920
1.866741 1.428456
3.173907 -1.361765
3.133756 -1.318169
3.218506 -1.373804
3.229267 -1.376099
3.195745 -1.414805
3.197389 -1.424157
3.228626 -1.511252
3.275413 -1.428798
3.231488 -1.474120
3.233692 -1.468396
1.812991 1.402178
3.279353 -1.583180
3.243099 -1.503765
3.245869 -1.602808
3.260354 -1.629130
3.290458 -1.650061
3.282528 -1.584768
3.290077 -1.620849
3.290319 -1.649327
3.260731 -1.743000
3.283620 -1.729506
1.801512 1.425410
3.268266 -1.737212
3.245829 -1.640513
3.272409 -1.763545
3.246894 -1.802633
3.279058 -1.722417
3.255270 -1.863768
3.257377 -1.815709
3.250399 -1.904391
3.251391 -1.914557
3.269109 -1.946521
1.809376 1.485835
3.197437 -2.004500
3.230912 -1.914129
3.147379 -1.972080
3.256335 -2.021441
3.209065 -2.042265
3.236771 -2.086144
3.207835 -2.078078
3.238215 -2.006752
3.258258 -2.045197
3.194892 -2.074979
1.750673 1.427622
3.201882 -2.159399
3.204526 -2.181583
3.203768 -2.168711
3.176909 -2.177608
3.175792 -2.194487
3.169735 -2.242249
3.159788 -2.212238
3.124205 -2.234711
3.157741 -2.242579
3.085605 -2.318720
1.699913 1.375253
3.107006 -2.304617
3.054313 -2.349603
3.079988 -2.313264
3.095920 -2.349669
3.041457 -2.343648
3.009579 -2.406219
3.057047 -2.358819
2.953077 -2.452023
2.953809 -2.446079
2.899962 -2.493471
1.737413 1.415851
2.979529 -2.410585
2.902782 -2.505321
2.940516 -2.470622
2.859431 -2.521428
2.882218 -2.559457
2.861332 -2.518095
2.830776 -2.533103
2.850086 -2.530574
2.790967 -2.579811
2.745336 -2.567177
1.728536 1.430977
2.755960 -2.609045
2.706083 -2.626754
2.740389 -2.595235
2.671617 -2.640550
2.698052 -2.627498
2.636217 -2.647007
2.637341 -2.651359
2.664879 -2.644242
2.604281 -2.675237
2.582747 -2.668395
1.643892 1.420892
2.600750 -2.658904
2.529944 -2.715067
2.583531 -2.704316
2.555580 -2.656658
2.448627 -2.718211
2.412309 -2.766243
2.451431 -2.761181
2.360272 -2.757910
2.395617 -2.754619
2.358348 -2.784836
2.718520 1.186838
1.682531 1.398180
2.358487 -2.779570
2.293769 -2.821805
2.293329 -2.812740
2.308049 -2.802418
2.350011 -2.798108
2.349868 -2.752245
2.199008 -2.832921
2.149520 -2.831749
2.182501 -2.780637
2.124682 -2.837245
1.619326 1.405011
2.191587 -2.842379
2.104422 -2.837921
2.147228 -2.857315
2.102266 -2.851064
2.055856 -2.872693
2.085250 -2.841306
1.978334 -2.880905
1.902780 -2.852008
2.013509 -2.876626
1.910889 -2.908696
1.691942 1.413940
2.007637 -2.888981
1.952223 -2.891126
1.860529 -2.896139
1.953696 -2.877393
1.903139 -2.938921
1.856068 -2.890786
1.875174 -2.909021
1.837843 -2.867119
1.723466 -2.878341
1.795285 -2.924044
1.574030 1.383944
1.735928 -2.951878
1.729058 -2.873785
1.714738 -2.910131
1.712960 -2.909709
1.684178 -2.936171
1.650381 -2.933565
1.573135 -2.916522
1.506742 -2.942798
1.616140 -2.904753
1.551277 -2.938258
1.577159 1.394990
1.478392 -2.953773
1.453200 -2.941096
1.469541 -2.951744
1.359811 -2.939674
1.420585 -2.951555
1.378939 -2.947320
1.382064 -2.949129
1.378112 -2.941119
1.341443 -2.943888
1.317149 -2.932737
1.541658 1.383304
1.302263 -2.953600
1.278252 -2.946894
1.282016 -2.926491
1.236946 -2.923294
1.238857 -2.934585
1.133368 -2.903608
1.127935 -2.893656
1.157798 -2.937222
1.118266 -2.928388
1.089208 -2.920322
1.519132 1.326635
1.068445 -2.903528
1.048425 -2.876291
1.121940 -2.887854
0.980526 -2.899772
1.009890 -2.880907
0.956402 -2.861814
0.932297 -2.905393
0.902353 -2.908079
0.932077 -2.897366
0.908248 -2.914191
1.489223 1.362597
0.878381 -2.879397
0.830106 -2.878946
0.748722 -2.883946
0.828792 -2.906173
0.717276 -2.879136
0.769660 -2.879169
0.696990 -2.880165
0.671799 -2.890903
0.625648 -2.870964
0.741296 -2.874136
1.542895 1.385145
0.630019 -2.879898
0.533480 -2.851576
0.524881 -2.852627
0.567734 -2.872425
0.471406 -2.819149
0.443503 -2.816781
0.555053 -2.860814
0.505002 -2.821989
0.472765 -2.834733
0.439198 -2.811261
1.462414 1.378249
0.431379 -2.830696
0.400708 -2.791119
0.369190 -2.785888
0.345341 -2.780413
0.313833 -2.737355
0.327230 -2.768823
0.336007 -2.761549
0.274337 -2.706927
0.271655 -2.724224
0.193865 -2.718860
2.681480 1.235915
1.428520 1.307478
0.229264 -2.725447
0.214629 -2.719086
0.166237 -2.665650
0.217874 -2.722124
0.139369 -2.671173
0.091002 -2.663147
0.128546 -2.668751
0.094606 -2.602820
0.143264 -2.680323
-0.011023 -2.605237
1.493329 1.312101
-0.063244 -2.585819
0.020336 -2.602051
-0.040722 -2.587061
-0.098028 -2.522834
-0.139478 -2.544711
-0.181926 -2.548689
-0.164953 -2.536301
-0.143064 -2.458886
-0.201730 -2.515142
-0.253564 -2.491372
1.413114 1.339272
-0.186601 -2.446227
-0.151626 -2.493822
-0.246027 -2.463300
-0.268284 -2.436258
-0.251914 -2.453361
-0.306393 -2.408657
-0.374796 -2.397979
-0.309422 -2.441384
-0.361993 -2.378163
-0.369194 -2.355353
1.391302 1.375595
-0.359935 -2.349248
-0.432895 -2.288389
-0.364976 -2.298829
-0.406986 -2.325181
-0.432670 -2.238549
-0.458019 -2.253704
-0.485542 -2.181556
-0.515179 -2.183306
-0.493781 -2.226238
-0.463654 -2.163696
1.413752 1.335146
-0.580485 -2.118438
-0.545716 -2.152584
-0.518517 -2.118072
-0.550907 -2.117627
-0.578199 -2.046588
-0.546251 -2.066251
-0.572515 -2.059003
-0.556345 -1.990776
-0.558978 -1.983958
-0.618015 -1.930387
1.324813 1.312615
-0.598032 -1.913505
-0.556748 -1.890011
-0.629636 -1.837638
-0.610280 -1.866814
-0.645357 -1.899018
-0.659614 -1.817510
-0.565083 -1.757771
-0.637200 -1.796981
-0.672725 -1.744293
-0.621364 -1.804710
1.326510 1.345327
-0.649635 -1.765014
-0.624206 -1.783158
-0.653447 -1.698354
-0.688474 -1.628680
-0.707470 -1.628329
-0.712998 -1.636554
-0.692775 -1.613317
-0.719796 -1.546877
-0.719867 -1.562166
-0.741939 -1.614670
1.288035 1.284635
-0.720936 -1.537791
-0.707175 -1.527716
-0.745060 -1.436293
-0.721573 -1.506055
-0.698021 -1.468042
-0.730675 -1.427014
-0.735900 -1.425672
-0.695404 -1.453802
-0.762579 -1.401460
-0.766291 -1.328857
1.339849 1.340764
-0.723532 -1.294846
-0.708130 -1.299386
-0.746523 -1.328155
-0.706002 -1.289680
-0.710157 -1.279701
-0.688331 -1.230123
-0.700558 -1.242237
-0.685556 -1.245621
-0.655874 -1.163309
-0.635582 -1.128278
1.312036 1.331087
-0.615838 -1.196942
-0.625363 -1.139574
-0.664611 -1.177926
-0.620017 -1.122078
-0.593164 -1.104592
-0.598081 -1.067889
-0.570684 -1.059995
-0.575051 -1.065170
-0.545328 -1.016617
-0.526091 -1.050125
2.680743 1.221419
1.277901 1.322201
-0.527298 -1.009032
-0.488040 -0.961077
-0.458533 -0.937895
-0.431495 -0.918642
-0.474885 -0.939656
-0.429938 -0.936266
-0.430320 -0.878604
-0.380750 -0.871862
-0.419256 -0.914677
-0.425005 -0.893077
1.242077 1.340855
-0.394897 -0.908213
-0.365149 -0.853390
-0.300897 -0.802553
-0.172940 -0.716731
-0.250294 -0.783328
-0.235414 -0.748246
-0.155748 -0.711940
-0.256539 -0.766061
-0.149381 -0.705224
-0.079806 -0.654102
1.288409 1.316225
-0.129652 -0.686701
-0.089406 -0.672137
-0.080359 -0.605811
-0.088984 -0.666321
-0.021158 -0.638105
0.048829 -0.614344
0.053704 -0.511574
0.086004 -0.558455
0.117167 -0.514442
0.137346 -0.530648
1.242161 1.322978
0.251585 -0.513606
0.197371 -0.494610
0.315499 -0.442396
0.361259 -0.426437
0.363840 -0.389731
0.406058 -0.358428
0.457026 -0.368827
0.362881 -0.427922
0.309093 -0.445590
0.548121 -0.339183
1.228320 1.314424
0.547663 -0.344146
0.512944 -0.364633
0.610142 -0.347149
0.615658 -0.329435
0.618902 -0.320997
0.657528 -0.323630
0.745772 -0.330301
0.666806 -0.310598
0.738290 -0.286629
0.806826 -0.267238
1.170632 1.290444
0.795268 -0.274174
0.806326 -0.270472
0.797970 -0.294381
0.867956 -0.274320
0.863132 -0.262262
0.841840 -0.230313
0.871811 -0.269815
0.884117 -0.243969
0.987961 -0.247562
0.948752 -0.232517
1.134820 1.308149
0.922979 -0.261088
0.962891 -0.252616
0.959958 -0.224283
0.984131 -0.215153
1.029845 -0.288584
1.100732 -0.221766
1.093049 -0.196335
1.111178 -0.201924
1.106330 -0.226413
1.250076 -0.156965
1.136871 1.307743
1.194855 -0.177367
1.230208 -0.158021
1.197396 -0.191118
1.199821 -0.177194
1.263442 -0.189367
1.316610 -0.099492
1.268719 -0.153816
1.370474 -0.101081
1.315264 -0.115105
1.338724 -0.149054
1.139586 1.264503
1.439699 -0.081748
1.432001 -0.023749
1.416172 -0.134877
1.443297 -0.102292
1.494984 -0.095714
1.487082 -0.057394
1.483348 -0.036296
1.514817 -0.021274
1.520997 -0.012254
1.528869 -0.058293
1.121810 1.302786
1.642386 -0.069054
1.593991 -0.087514
1.714246 -0.119410
1.622536 -0.047272
1.662145 -0.072283
1.677170 -0.033503
1.747144 -0.028823
1.710309 -0.055724
1.716915 -0.045060
1.799592 -0.063499
2.645153 1.294511
1.150613 1.322475
1.777334 -0.073812
1.854918 -0.026649
1.846697 -0.049434
1.810020 -0.076973
1.841770 -0.068488
1.877234 -0.033496
1.969992 -0.013344
1.871642 -0.178068
2.005213 -0.057392
1.968847 -0.033836
1.048964 1.272191
1.990626 -0.050906
1.993585 -0.065852
2.029903 -0.020501
2.030797 -0.062460
2.095417 -0.038667
2.145112 -0.051466
2.066401 -0.036452
2.094115 -0.047056
2.112809 -0.041197
2.098864 -0.064436
1.065864 1.287541
2.298367 0.044788
2.242433 0.025103
2.261661 -0.030995
2.226482 -0.042387
2.298553 -0.055202
2.251317 -0.029000
2.252962 -0.003510
2.287735 -0.037791
2.322254 -0.022428
2.372980 -0.003687
1.043284 1.285412
2.356613 0.001297
2.378646 -0.007238
2.400850 -0.016523
2.456653 0.019556
2.423121 -0.054412
2.448594 0.017931
2.522614 0.030049
2.458033 0.003618
2.536120 0.050079
2.525708 0.056266
1.049355 1.275415
2.570492 0.050363
2.581215 0.075039
2.517742 0.012339
2.572874 0.022796
2.602961 0.067535
2.636729 0.124999
2.669330 0.121766
2.677167 0.140680
2.636384 0.103366
2.694418 0.147728
1.056088 1.271016
2.753728 0.182458
2.805746 0.199729
2.748727 0.203533
2.711063 0.181026
2.727209 0.164304
2.797491 0.190185
2.833803 0.277533
2.822541 0.250050
2.834980 0.268289
2.854756 0.339245
1.039020 1.299513
2.861711 0.264377
2.851103 0.326297
2.885556 0.367349
2.863528 0.382124
2.809453 0.329117
2.855543 0.342699
2.875214 0.410794
2.847025 0.416688
2.869787 0.460712
2.863133 0.466130
0.947256 1.284109
2.857449 0.463553
2.863817 0.430236
2.863316 0.481888
2.892150 0.540690
2.818172 0.530553
2.866355 0.580508
2.819571 0.603253
2.868122 0.564794
2.834868 0.615498
2.847030 0.699929
0.971200 1.264145
2.793811 0.812774
2.867148 0.655426
2.862674 0.739851
2.855090 0.670521
2.868388 0.726090
2.813681 0.782192
2.825919 0.867642
2.836833 0.798475
2.788300 0.883771
2.798051 0.923026
0.920275 1.256984
2.810941 0.848274
2.804766 0.939920
2.784642 0.926350
2.811348 0.972389
2.780143 0.942835
2.810150 0.985396
2.760044 1.047909
2.781512 0.996306
2.772305 1.028653
2.748268 1.141009
