300 2
0.315916 -1.421748
0.338675 -1.316287
0.401417 -1.020241
-0.055322 2.109076
-0.226431 2.115937
-0.226507 2.087002
-0.315576 2.083474
-0.342186 2.083090
-0.415776 2.056360
-0.449490 2.086820
-0.465287 2.052027
-0.643421 2.058800
-0.672178 2.088060
0.389567 -1.030986
-0.573596 2.003938
-0.586791 2.002483
-0.740834 2.088679
-0.654786 1.972698
-0.879236 1.957975
-0.813275 1.993458
-0.882754 1.990250
-0.842119 1.975235
-1.014012 1.928917
-1.031229 1.937154
0.392614 -0.899575
-0.943003 1.956780
-1.080207 1.893450
-1.152647 1.888403
-1.235934 1.802681
-1.176870 1.859351
-1.359950 1.788196
-1.366797 1.817375
-1.370281 1.772135
-1.458006 1.713144
-1.378707 1.785211
0.449290 -0.845682
-1.455347 1.692796
-1.462798 1.698384
-1.519675 1.648559
-1.588517 1.627567
-1.582002 1.590932
-1.645997 1.564280
-1.649430 1.524040
-1.813196 1.425293
-1.808220 1.345491
-1.701559 1.405993
0.436429 -0.874914
-1.810845 1.334502
-1.871350 1.254363
-1.880714 1.255289
-1.839304 1.293721
-1.911143 1.214069
-1.917526 1.174232
-1.984183 1.101354
-1.952999 1.097549
-1.996983 1.149940
-1.973486 1.041265
0.495700 -0.731719
-2.077676 0.894580
-2.092517 0.921165
-2.109776 0.846252
-2.137865 0.787390
-2.112648 0.851825
-2.152822 0.739086
-2.189530 0.681501
-2.216328 0.550755
-2.214767 0.613509
-2.271612 0.505928
0.487621 -0.770751
-2.270907 0.439196
-2.331499 0.330445
-2.255601 0.489528
-2.324780 0.329354
-2.333902 0.329739
-2.346370 0.235458
-2.381642 0.147937
-2.429404 0.089392
-2.365767 0.228111
-2.351301 0.118181
0.485457 -0.727480
-2.394918 0.087501
-2.417498 0.019845
-2.403573 -0.051537
-2.417145 -0.131515
-2.437422 -0.106769
-2.451258 -0.174799
-2.471417 -0.291645
-2.468324 -0.340468
-2.422821 -0.404052
-2.470229 -0.373142
0.533945 -0.662228
-2.456178 -0.400308
-2.487664 -0.533164
-2.472044 -0.521365
-2.477643 -0.563325
-2.464996 -0.469788
-2.411815 -0.726705
-2.479545 -0.640712
-2.469584 -0.655878
-2.467922 -0.866962
-2.497128 -0.841350
0.571613 -0.624634
-2.472671 -0.936140
-2.426623 -1.122923
-2.461750 -1.162033
-2.393869 -1.066330
-2.448560 -1.195625
-2.441794 -1.267933
-2.484828 -1.443584
-2.408653 -1.331382
-2.405607 -1.358743
-2.366214 -1.415690
0.330281 -1.369477
0.585763 -0.568205
-2.397356 -1.591410
-2.340179 -1.653442
-2.343793 -1.644682
-2.427884 -1.520744
-2.329103 -1.674508
-2.336952 -1.802767
-2.362703 -1.782922
-2.321149 -1.884305
-2.377024 -1.796380
-2.244109 -2.001481
0.588318 -0.573419
-2.301127 -1.967477
-2.294904 -1.982060
-2.261908 -2.081339
-2.226903 -2.136559
-2.192855 -2.213743
-2.205070 -2.188381
-2.150216 -2.326823
-2.133868 -2.304104
-2.202025 -2.203804
-2.091248 -2.401088
0.598876 -0.533740
-2.077399 -2.429439
-2.090760 -2.422366
-2.045955 -2.473358
-2.007792 -2.519922
-1.966389 -2.568173
-1.971563 -2.562902
-1.895070 -2.669537
-1.901452 -2.622966
-1.878428 -2.666825
-1.876470 -2.716345
0.618781 -0.509160
-1.779059 -2.699810
-1.783406 -2.770204
-1.749725 -2.812357
-1.625562 -2.807338
-1.615032 -2.806676
-1.677526 -2.873302
-1.616635 -2.842396
-1.598451 -2.866877
-1.442218 -2.940917
-1.399722 -2.958103
0.661063 -0.437283
-1.286239 -2.935480
-1.257513 -2.985334
-1.401886 -2.971041
-1.245842 -2.974702
-1.203240 -3.014734
-1.100129 -2.971087
-1.146928 -3.016744
-1.094620 -2.958262
-1.062010 -2.995770
-1.067827 -3.039980
0.625264 -0.452461
-0.881137 -2.975308
-0.947839 -3.008659
-0.812362 -3.064095
-0.890294 -2.971042
-0.734722 -2.952831
-0.647740 -2.980494
-0.676852 -2.933480
-0.678619 -2.957344
-0.622610 -2.980489
-0.555008 -2.920753
0.725154 -0.336213
-0.470927 -2.868206
-0.513447 -2.895168
-0.370410 -2.786283
-0.490263 -2.883144
-0.450779 -2.841883
-0.368790 -2.807877
-0.310103 -2.782920
-0.295955 -2.732292
-0.230583 -2.662013
-0.156991 -2.581656
0.756606 -0.302903
-0.177836 -2.628174
-0.174802 -2.580466
-0.165083 -2.535446
-0.114643 -2.536953
-0.029716 -2.453232
-0.089451 -2.477241
-0.042009 -2.385298
0.021495 -2.310083
0.015343 -2.324468
0.014649 -2.352050
0.747913 -0.297009
0.072549 -2.217980
0.042960 -2.243039
0.081292 -2.117148
0.115479 -2.088565
0.093007 -2.142978
0.109998 -2.122872
0.141171 -2.020447
0.185494 -1.921412
0.183688 -1.919932
0.192450 -1.894050
0.773720 -0.255733
0.197042 -1.806952
0.174722 -1.804919
0.205857 -1.745299
0.234785 -1.641118
0.334156 -1.660151
0.176262 -1.528208
0.310369 -1.604838
0.289952 -1.447780
0.236574 -1.568292
0.333312 -1.484854
0.321834 -1.269137
0.793425 -0.232052
0.808085 -0.199429
0.836867 -0.206954
0.851037 -0.112326
0.828644 -0.103683
0.900622 0.012358
0.815355 -0.064425
0.898273 0.038667
0.972223 0.079205
0.961658 0.122734
0.304667 -1.170984
0.962791 0.179585
0.994750 0.160594
0.988353 0.159639
1.062552 0.311575
1.024336 0.344164
0.995175 0.436324
1.043855 0.380366
1.024179 0.392095
1.061007 0.570121
1.079606 0.574135
0.375713 -1.108745
1.057994 0.591778
1.081950 0.668405
1.076571 0.690665
1.066310 0.724249
1.070499 0.825451
1.093773 0.786126
1.108245 0.941446
0.988273 0.885748
1.059983 0.935801
1.056427 1.145679
0.369364 -1.237819
1.052997 1.097063
1.126277 1.176533
1.028885 1.235262
1.041926 1.140360
0.997529 1.166593
1.053165 1.264100
1.028401 1.321071
0.972893 1.390806
0.972391 1.368968
0.985707 1.450593
0.382673 -1.069352
0.975233 1.446632
0.908991 1.531413
0.920600 1.468442
0.898364 1.553928
0.844170 1.655951
0.880857 1.598811
0.858639 1.652996
0.787233 1.710033
0.697191 1.746398
0.753274 1.734344
0.406334 -1.024373
0.683974 1.778555
0.629041 1.849415
0.636685 1.835724
0.608304 1.853299
0.478589 1.928963
0.446995 1.970627
0.380255 1.984217
0.345408 1.904364
0.342515 1.989201
0.368767 1.990975
0.374643 -0.999829
0.335547 2.010881
0.280287 2.028563
0.265713 2.009291
0.172618 2.044959
0.080357 2.073739
0.064027 2.092177
0.001619 2.068499
-0.037847 2.069294
-0.022007 2.089298
-0.042962 2.056037
