500 2
-0.911806 1.768975
-0.880568 1.706208
-0.928461 1.582812
-2.841394 -0.067532
-2.762257 -0.073994
-2.842995 -0.150556
-2.746291 -0.180575
-2.801471 -0.288099
-2.873916 -0.195042
-2.836811 -0.249251
-2.754836 -0.386481
-2.775156 -0.443567
-2.760851 -0.320749
-0.933112 1.512065
-2.714617 -0.429853
-2.797165 -0.466641
-2.712588 -0.467300
-2.705611 -0.499219
-2.769197 -0.618421
-2.836258 -0.522606
-2.761752 -0.485897
-2.756317 -0.637604
-2.709930 -0.575025
-2.766038 -0.624004
-0.977169 1.561625
-2.713661 -0.572195
-2.661350 -0.565133
-2.692162 -0.660134
-2.619042 -0.719185
-2.748693 -0.689450
-2.613696 -0.812445
-2.670727 -0.787146
-2.633842 -0.798064
-2.614233 -0.870012
-2.577282 -0.777654
-0.993418 1.517296
-2.639286 -0.846397
-2.634293 -0.865896
-2.515103 -0.833371
-2.452481 -0.990161
-2.540338 -0.941540
-2.471923 -0.900812
-2.555429 -1.012140
-2.559249 -1.041912
-2.584970 -1.018948
-2.429242 -1.106363
-0.994247 1.549727
-2.428412 -1.124116
-2.479272 -1.028804
-2.372784 -1.140000
-2.422943 -1.171845
-2.350553 -1.259374
-2.360125 -1.205027
-2.344074 -1.252007
-2.316714 -1.310973
-2.302196 -1.320962
-2.306527 -1.334288
-1.029227 1.518483
-2.264862 -1.355218
-2.244565 -1.370742
-2.253736 -1.400277
-2.203885 -1.409007
-2.178168 -1.431037
-2.215453 -1.356898
-2.253467 -1.378835
-2.193815 -1.467421
-2.169455 -1.457258
-2.106838 -1.405234
-1.093030 1.429163
-2.094347 -1.507712
-2.141012 -1.512082
-2.059475 -1.582942
-2.081310 -1.535747
-2.023111 -1.517199
-2.008551 -1.570663
-2.001205 -1.553796
-1.938058 -1.589767
-1.892951 -1.734622
-1.890338 -1.687476
-1.015900 1.505485
-1.896946 -1.674213
-1.966012 -1.565939
-1.890422 -1.682883
-1.873052 -1.657609
-1.842859 -1.680632
-1.804626 -1.727018
-1.809749 -1.780230
-1.706390 -1.803978
-1.766423 -1.750899
-1.634677 -1.849503
-0.987949 1.400103
-1.701362 -1.811763
-1.651338 -1.829070
-1.607372 -1.836114
-1.608839 -1.860847
-1.542660 -1.911528
-1.475062 -1.925789
-1.556421 -1.875701
-1.559211 -1.890218
-1.542066 -1.892269
-1.497202 -1.942212
-1.066236 1.450007
-1.479292 -1.894109
-1.370383 -1.933564
-1.430010 -1.919165
-1.436194 -1.919427
-1.286735 -1.957504
-1.294176 -1.965030
-1.295955 -1.952143
-1.276581 -1.922118
-1.267231 -1.945141
-1.185192 -1.972655
-0.932087 1.762157
-1.061106 1.462499
-1.165974 -1.961730
-1.091923 -1.980213
-1.111349 -1.972051
-1.083378 -1.933725
-1.052800 -1.917638
-1.166620 -1.956655
-1.002706 -2.039813
-1.057948 -1.978429
-0.981034 -1.990242
-0.976487 -1.959610
-1.163340 1.426246
-0.964964 -1.992430
-1.000121 -1.960861
-0.911131 -1.893175
-0.876019 -1.868910
-0.875579 -1.910915
-0.844006 -1.870712
-0.890500 -1.905493
-0.807015 -1.856362
-0.906203 -1.751390
-0.787691 -1.833238
-1.118500 1.382166
-0.725118 -1.768175
-0.818033 -1.819852
-0.751851 -1.743082
-0.709163 -1.754313
-0.640222 -1.645300
-0.678355 -1.745735
-0.626104 -1.619280
-0.620723 -1.625161
-0.602234 -1.621097
-0.583776 -1.609840
-1.104419 1.325798
-0.637635 -1.634206
-0.611516 -1.633337
-0.620215 -1.612067
-0.551172 -1.475337
-0.568400 -1.525872
-0.607480 -1.452742
-0.508647 -1.515754
-0.477166 -1.356302
-0.500105 -1.444648
-0.491232 -1.413151
-1.057919 1.388604
-0.489841 -1.365888
-0.527674 -1.286397
-0.475373 -1.332036
-0.532927 -1.257063
-0.489128 -1.322657
-0.507870 -1.259501
-0.515706 -1.246813
-0.451498 -1.150143
-0.417118 -1.175307
-0.496914 -1.115952
-1.179544 1.350755
-0.450320 -1.128772
-0.419681 -1.061045
-0.408500 -1.155108
-0.435775 -1.006657
-0.439559 -0.965110
-0.402757 -0.919312
-0.438619 -0.992955
-0.427606 -0.942104
-0.396433 -0.858737
-0.419530 -0.852297
-1.214912 1.316636
-0.405942 -0.899183
-0.448520 -0.770379
-0.391752 -0.767809
-0.403509 -0.837675
-0.432559 -0.758357
-0.400072 -0.740524
-0.407281 -0.713435
-0.391668 -0.681572
-0.410073 -0.642110
-0.410045 -0.669107
-1.252520 1.324729
-0.436080 -0.673957
-0.511517 -0.486330
-0.473010 -0.556440
-0.465851 -0.537332
-0.439083 -0.493922
-0.449694 -0.423113
-0.496755 -0.360482
-0.500987 -0.370719
-0.493436 -0.535046
-0.488766 -0.380874
-1.243465 1.362440
-0.534392 -0.359765
-0.577610 -0.357122
-0.542957 -0.302273
-0.586182 -0.305080
-0.556332 -0.337468
-0.623413 -0.274928
-0.620983 -0.242091
-0.645105 -0.184838
-0.621401 -0.239374
-0.662533 -0.212298
-1.246869 1.311971
-0.696913 -0.171148
-0.733558 -0.122588
-0.769218 -0.187445
-0.795621 -0.160415
-0.697439 -0.199559
-0.845278 -0.105441
-0.786760 -0.151291
-0.914235 -0.131391
-0.820724 -0.191064
-0.909103 -0.131906
-0.856427 1.767329
-1.255067 1.298974
-0.954003 -0.142287
-0.872058 -0.134350
-0.910538 -0.091314
-0.968226 -0.085945
-0.982054 -0.129485
-1.048520 -0.122564
-1.051490 -0.002742
-0.959102 -0.061747
-1.059674 -0.110375
-1.190962 -0.078406
-1.258718 1.318562
-1.146709 -0.017938
-1.132724 -0.187890
-1.316588 -0.002135
-1.293318 -0.045829
-1.379449 0.017167
-1.316170 0.019284
-1.261078 -0.085825
-1.318318 0.005539
-1.328363 0.058598
-1.367694 -0.039042
-1.308493 1.295558
-1.396753 0.016668
-1.389404 -0.036982
-1.446098 0.029718
-1.503161 0.051531
-1.546831 0.061487
-1.549492 0.086017
-1.465211 0.076824
-1.655167 0.083413
-1.576196 0.089749
-1.495075 0.113798
-1.324719 1.285496
-1.613749 0.126569
-1.752258 0.166295
-1.748719 0.184184
-1.723765 0.221753
-1.669139 0.236159
-1.710768 0.246026
-1.779202 0.313736
-1.759601 0.213339
-1.843785 0.294579
-1.818188 0.302457
-1.430501 1.202749
-1.837012 0.305998
-1.788885 0.378012
-1.910863 0.412406
-1.937623 0.440820
-1.892726 0.438249
-1.867935 0.377993
-1.971887 0.457319
-1.896612 0.424188
-1.896704 0.400498
-2.017771 0.512629
-1.353061 1.226451
-2.031697 0.596742
-1.966024 0.546496
-2.120719 0.622048
-2.217403 0.778767
-2.224336 0.945682
-2.199061 0.821320
-2.298738 0.882174
-2.270672 0.926569
-2.198704 0.810665
-2.321689 0.982801
-1.375107 1.309793
-2.306372 0.960719
-2.361418 1.087740
-2.339499 1.000133
-2.400171 1.016070
-2.388497 1.106396
-2.437001 1.150527
-2.411798 1.136113
-2.471892 1.247446
-2.547554 1.303339
-2.513137 1.271097
-1.392132 1.207213
-2.512846 1.263052
-2.523960 1.303337
-2.569279 1.364791
-2.575537 1.379313
-2.595641 1.390907
-2.604360 1.443069
-2.596671 1.415659
-2.666847 1.561834
-2.633906 1.387439
-2.640474 1.492372
-1.423612 1.182814
-2.617559 1.523070
-2.620716 1.510126
-2.646959 1.572188
-2.657094 1.669043
-2.714512 1.672483
-2.700222 1.684357
-2.723475 1.643042
-2.720161 1.746380
-2.690635 1.792574
-2.741042 1.704515
-1.545685 1.069243
-2.717342 1.838382
-2.713515 1.883528
-2.678322 1.869841
-2.749324 1.890656
-2.693986 1.985778
-2.699351 2.014703
-2.718560 1.948774
-2.721170 1.923473
-2.653212 2.060983
-2.711981 2.025927
-0.827573 1.804709
-1.441230 1.139263
-2.631195 2.140656
-2.677976 2.066619
-2.678540 2.131846
-2.658215 2.165145
-2.678957 2.151981
-2.684787 2.169598
-2.589908 2.227062
-2.593410 2.250235
-2.616888 2.296179
-2.559632 2.276880
-1.458692 1.167060
-2.578261 2.290650
-2.583949 2.234221
-2.535529 2.307821
-2.510061 2.343349
-2.527488 2.351730
-2.454839 2.422138
-2.558417 2.352446
-2.487931 2.471535
-2.421792 2.454389
-2.433345 2.455034
-1.577838 1.095656
-2.387922 2.476459
-2.391819 2.455579
-2.354663 2.517765
-2.338001 2.554238
-2.319941 2.552261
-2.348554 2.541588
-2.309670 2.557493
-2.269636 2.565807
-2.250729 2.592839
-2.225775 2.580200
-1.657670 1.142002
-2.239271 2.603176
-2.268468 2.562216
-2.169382 2.624059
-1.995465 2.574853
-2.132921 2.651537
-2.069728 2.629913
-2.000373 2.668474
-1.901675 2.637444
-1.976697 2.706460
-1.946992 2.629565
-1.591998 1.113616
-1.988209 2.629211
-1.874771 2.654074
-1.892452 2.627401
-1.819135 2.674030
-1.781166 2.585945
-1.794430 2.669761
-1.665741 2.654881
-1.685403 2.649352
-1.750524 2.704080
-1.666897 2.625207
-1.651420 1.063498
-1.751204 2.567220
-1.704648 2.585069
-1.684517 2.692234
-1.567558 2.612146
-1.586624 2.638947
-1.526449 2.626295
-1.464652 2.615620
-1.583982 2.595289
-1.405823 2.536290
-1.325503 2.562287
-1.554407 1.110094
-1.471983 2.579524
-1.320387 2.578238
-1.325766 2.566917
-1.383167 2.525831
-1.305803 2.525931
-1.286903 2.550332
-1.275667 2.579548
-1.376033 2.441871
-1.133644 2.465959
-1.083715 2.530117
-1.765522 1.044621
-1.251580 2.482485
-1.122459 2.443783
-1.162639 2.392314
-1.096666 2.433956
-1.072236 2.401084
-1.068879 2.376447
-1.050580 2.370570
-1.089462 2.398187
-1.058229 2.368621
-0.949632 2.299553
-1.706799 1.044109
-0.985647 2.339515
-0.940157 2.184481
-1.044624 2.336400
-0.978542 2.268874
-0.888437 2.184297
-0.873704 2.140370
-0.827279 2.171586
-0.858272 2.168422
-0.874072 2.151989
-0.840129 2.082592
-1.756647 1.002063
-0.852373 2.048199
-0.827787 2.015138
-0.822690 2.019038
-0.834961 1.932180
-0.841507 1.904896
-0.745659 1.973426
-0.808291 1.920861
-0.794090 1.939174
-0.807807 1.831114
-0.804902 1.938960
-0.808142 1.836002
-1.877355 0.999201
-1.782908 0.947474
-1.818981 0.991308
-1.883925 0.949609
-1.850852 0.940086
-1.857305 0.940778
-1.926182 0.949277
-1.896046 0.909087
-2.062503 0.868172
-1.997749 0.894100
-0.842100 1.684263
-2.145400 0.826895
-2.137430 0.777676
-2.263366 0.701130
-2.232064 0.712486
-2.355662 0.611022
-2.234242 0.728708
-2.231797 0.698196
-2.390616 0.576287
-2.414162 0.595339
-2.379864 0.621670
-0.856773 1.662413
-2.291498 0.668042
-2.497037 0.498409
-2.456579 0.538647
-2.535655 0.498621
-2.459262 0.507689
-2.551776 0.458061
-2.482714 0.502871
-2.571546 0.352036
-2.625149 0.421375
-2.569790 0.386027
-0.912336 1.632787
-2.580981 0.365505
-2.588781 0.380664
-2.604002 0.380165
-2.674285 0.276696
-2.687577 0.281251
-2.717671 0.268221
-2.654262 0.324027
-2.773572 0.092247
-2.744562 0.146300
-2.740075 0.181689
-0.972480 1.552957
-2.754936 0.118152
-2.726376 0.090773
-2.807530 0.106111
-2.744891 -0.006053
-2.827464 -0.012988
-2.745751 0.030505
-2.828408 -0.070815
-2.796910 -0.063162
-2.820924 -0.018798
-2.807209 -0.129087
