300 2
0.518834 1.984262
0.571159 2.011514
0.108846 2.157776
-2.680252 -0.033649
-2.650545 -0.149865
-2.689688 -0.201089
-2.689248 -0.198596
-2.714125 -0.153274
-2.724645 -0.427539
-2.712876 -0.456474
-2.711122 -0.413795
-2.717013 -0.429580
-2.707046 -0.488743
0.090824 2.138930
-2.700668 -0.537717
-2.721401 -0.619800
-2.765948 -0.679779
-2.716754 -0.693429
-2.714638 -0.764278
-2.733561 -0.811380
-2.667881 -0.925504
-2.701615 -0.875097
-2.696489 -0.875988
-2.720372 -0.871819
0.067628 2.098671
-2.681520 -0.961793
-2.666723 -1.020179
-2.658885 -1.010445
-2.641729 -1.147708
-2.639048 -1.079806
-2.599488 -1.253148
-2.605079 -1.229488
-2.603100 -1.188349
-2.552357 -1.318936
-2.536839 -1.350409
-0.018069 2.150628
-2.502011 -1.457200
-2.495744 -1.426983
-2.434012 -1.494676
-2.435266 -1.502324
-2.419722 -1.533152
-2.341238 -1.589260
-2.466187 -1.464748
-2.302444 -1.669419
-2.249184 -1.684954
-2.183318 -1.678390
-0.038988 2.116643
-2.210623 -1.668990
-2.245627 -1.667456
-2.043535 -1.790031
-2.026987 -1.834393
-2.106750 -1.763133
-1.998614 -1.811233
-1.982978 -1.809050
-1.934052 -1.801990
-1.834334 -1.900600
-1.760165 -1.916289
-0.006496 2.184347
-1.762454 -1.932602
-1.674496 -1.961361
-1.690795 -1.984895
-1.672559 -1.959715
-1.692091 -1.895166
-1.540876 -1.977607
-1.418830 -1.942478
-1.478371 -2.038878
-1.370381 -2.039549
-1.383472 -2.029992
-0.157103 2.209583
-1.307945 -2.025422
-1.239336 -2.027768
-1.126211 -2.061438
-1.158340 -2.055882
-1.209261 -2.060630
-1.075305 -2.071592
-0.969663 -2.061943
-0.989532 -2.006174
-0.903812 -2.096675
-0.904025 -2.075768
-0.215820 2.193905
-0.845743 -2.097297
-0.792130 -2.066403
-0.736663 -2.128426
-0.744946 -2.054113
-0.662108 -2.076377
-0.686193 -2.067667
-0.519582 -2.055927
-0.481410 -2.048825
-0.470519 -2.100216
-0.410431 -2.048752
-0.254482 2.210681
-0.439624 -2.043929
-0.349857 -2.044231
-0.314270 -2.036243
-0.242080 -2.014532
-0.257448 -1.998861
-0.166732 -1.984557
-0.238743 -2.031887
-0.132097 -1.976444
-0.010270 -1.934780
-0.018289 -1.964680
-0.240488 2.149803
0.177646 -1.879300
0.195291 -1.873190
0.217255 -1.886549
0.219730 -1.830036
0.337944 -1.888560
0.331648 -1.852342
0.328492 -1.779216
0.398573 -1.825495
0.392897 -1.815486
0.414639 -1.736121
0.494884 2.039438
-0.301357 2.188987
0.511530 -1.789071
0.573108 -1.738969
0.585693 -1.740170
0.607467 -1.709678
0.710570 -1.675932
0.742112 -1.666251
0.823741 -1.598733
0.830623 -1.606525
0.813834 -1.607757
0.845212 -1.589568
-0.255831 2.243254
0.870920 -1.590609
0.989861 -1.503477
0.973591 -1.519400
1.026722 -1.471920
1.065364 -1.434920
1.138704 -1.379176
1.178967 -1.326631
1.160195 -1.349458
1.170669 -1.359824
1.175687 -1.336688
-0.480304 2.180294
1.247583 -1.272351
1.359569 -1.111210
1.355531 -1.197015
1.310109 -1.179703
1.266584 -1.165775
1.374509 -1.090373
1.430944 -1.027480
1.393680 -0.994993
1.474846 -0.903045
1.476786 -0.866685
-0.395246 2.144518
1.434981 -0.912475
1.568051 -0.855590
1.490644 -0.778460
1.513694 -0.792790
1.536793 -0.736753
1.560762 -0.594659
1.569268 -0.610827
1.574591 -0.543607
1.592536 -0.474983
1.539813 -0.397580
-0.493318 2.230955
1.615217 -0.386405
1.587945 -0.441761
1.599158 -0.398688
1.652213 -0.269694
1.597014 -0.232215
1.624048 -0.189381
1.589864 -0.175253
1.601519 -0.188830
1.622518 -0.039699
1.612399 -0.072193
-0.574664 2.152682
1.607748 0.187880
1.595490 0.174917
1.592181 0.226756
1.610036 0.150445
1.622147 0.301816
1.586292 0.343164
1.610201 0.304237
1.573068 0.394530
1.542043 0.403533
1.558016 0.565198
-0.592694 2.208050
1.527566 0.533706
1.532832 0.604525
1.561665 0.606044
1.477914 0.734633
1.469246 0.781286
1.496966 0.670935
1.480169 0.857854
1.466847 0.903868
1.468989 0.846198
1.442034 0.998461
-0.621173 2.175332
1.388232 1.054227
1.381997 1.078988
1.334392 1.174207
1.408751 1.118384
1.441593 1.046741
1.322198 1.231818
1.332843 1.227390
1.281658 1.306532
1.280301 1.298363
1.244938 1.334781
-0.716487 2.151455
1.236651 1.391912
1.176609 1.494635
1.183943 1.519728
1.146111 1.543363
1.109607 1.557051
1.053671 1.621265
1.075161 1.642885
1.023588 1.686935
0.939727 1.766711
1.037577 1.676307
-0.783545 2.179652
0.936884 1.774014
0.890819 1.792567
0.864863 1.810673
0.899509 1.807821
0.790530 1.893699
0.852630 1.849905
0.762870 1.944435
0.730249 1.931239
0.640245 1.990425
0.669541 1.949951
0.427526 2.068510
-0.789669 2.161042
-0.771595 2.209834
-0.943926 2.141551
-0.877046 2.157278
-1.022356 2.139609
-1.048633 2.119920
-0.953061 2.134059
-1.105970 2.119015
-1.137691 2.115090
-1.150966 2.100786
0.363356 2.048612
-1.277327 2.041116
-1.250246 2.068826
-1.360487 2.009295
-1.399277 2.010994
-1.367482 2.061257
-1.360890 2.000615
-1.480371 1.951813
-1.656918 1.904438
-1.533952 1.895013
-1.515566 1.898768
0.243903 2.078160
-1.581624 1.891964
-1.638893 1.815351
-1.709925 1.834071
-1.735926 1.783123
-1.762256 1.772606
-1.767088 1.758292
-1.803622 1.692340
-1.759421 1.757537
-1.902597 1.595591
-1.879097 1.644278
0.285740 2.124937
-1.890286 1.680797
-1.944362 1.531125
-2.073486 1.475184
-2.068295 1.444983
-2.079212 1.386193
-2.039222 1.401436
-2.144423 1.385277
-2.130149 1.258389
-2.119466 1.302410
-2.189214 1.293160
0.238842 2.091045
-2.224193 1.189033
-2.196095 1.224457
-2.228012 1.187509
-2.284078 1.111655
-2.314913 1.001842
-2.313644 1.046249
-2.313609 1.033672
-2.363766 0.967578
-2.312151 0.832757
-2.433491 0.751634
0.187913 2.123692
-2.436052 0.822312
-2.465988 0.711852
-2.459164 0.675433
-2.444443 0.764978
-2.503747 0.580001
-2.508158 0.567476
-2.505388 0.529270
-2.516380 0.472178
-2.533800 0.483292
-2.553909 0.448037
0.191687 2.093016
-2.583886 0.361393
-2.577046 0.343215
-2.607918 0.272305
-2.601482 0.144959
-2.626472 0.248223
-2.649732 0.221795
-2.627315 0.057218
-2.628440 0.066278
-2.645930 0.044134
-2.669768 -0.070484
