300 2
2.691722 1.082880
2.553862 1.074658
2.392745 1.400563
-0.927834 -1.093922
-1.031641 -1.209510
-1.110517 -1.288632
-1.082656 -1.258937
-1.120151 -1.307223
-1.183877 -1.359398
-1.171231 -1.339903
-1.195232 -1.329727
-1.302613 -1.435923
-1.363227 -1.469970
2.409256 1.348912
-1.230446 -1.337021
-1.349019 -1.472849
-1.495152 -1.511821
-1.480189 -1.493956
-1.456949 -1.485959
-1.614086 -1.568685
-1.589995 -1.538855
-1.674523 -1.618675
-1.727815 -1.557770
-1.708306 -1.593121
2.284483 1.371692
-1.818283 -1.606733
-1.743499 -1.589899
-1.880376 -1.631414
-1.957486 -1.570157
-1.881320 -1.583342
-1.990177 -1.575537
-1.982068 -1.530526
-2.083894 -1.523221
-2.121089 -1.514769
-2.183540 -1.462253
2.258785 1.417098
-2.171115 -1.471742
-2.156890 -1.494518
-2.212473 -1.405998
-2.291984 -1.374097
-2.301737 -1.332373
-2.320439 -1.280682
-2.380972 -1.259294
-2.433738 -1.159138
-2.373776 -1.239296
-2.403323 -1.292391
2.204602 1.441639
-2.376145 -1.143949
-2.435453 -1.109873
-2.450495 -1.057738
-2.482309 -1.036891
-2.472911 -1.099113
-2.436905 -0.989491
-2.465661 -0.981816
-2.463677 -0.919016
-2.497736 -0.791736
-2.460740 -0.793336
2.102224 1.477538
-2.411546 -0.672104
-2.464159 -0.630062
-2.427197 -0.652595
-2.412064 -0.601190
-2.396891 -0.560611
-2.397548 -0.554312
-2.357378 -0.452322
-2.283757 -0.390623
-2.326840 -0.364904
-2.318516 -0.321356
2.214298 1.456670
-2.345758 -0.290672
-2.258606 -0.282858
-2.194828 -0.218738
-2.137170 -0.246361
-2.199267 -0.196194
-2.179719 -0.148157
-2.212242 -0.155289
-2.101878 -0.121323
-2.064312 -0.093576
-2.058989 -0.075066
2.087655 1.480042
-1.943734 -0.061734
-2.008750 -0.038272
-1.966192 -0.022279
-1.928613 0.007705
-1.805113 0.071137
-1.852564 -0.025552
-1.673614 0.059262
-1.625282 -0.031937
-1.718208 0.047012
-1.566239 0.011127
2.049464 1.485934
-1.551184 0.045545
-1.416547 0.039234
-1.427699 0.026009
-1.413748 0.025838
-1.300007 -0.016779
-1.281619 0.015674
-1.133353 -0.068093
-1.210732 -0.015500
-1.161776 -0.004198
-1.197706 -0.024409
1.962998 1.500911
-0.999125 -0.103484
-0.955623 -0.095587
-0.888479 -0.156680
-0.800291 -0.134832
-0.628586 -0.218339
-0.868819 -0.174116
-0.528189 -0.271680
-0.485906 -0.277135
-0.365381 -0.297544
-0.316110 -0.369606
2.613641 1.250324
2.011691 1.490453
-0.208692 -0.410700
-0.224410 -0.408848
-0.152401 -0.444459
-0.056324 -0.495440
0.024912 -0.535126
0.020655 -0.535725
0.044218 -0.530513
0.073932 -0.557020
0.134253 -0.579491
0.201810 -0.615128
1.994187 1.490033
0.185828 -0.607823
0.278348 -0.641578
0.421379 -0.685394
0.292517 -0.654644
0.413448 -0.698400
0.542039 -0.742501
0.536667 -0.775719
0.543478 -0.696007
0.658523 -0.763847
0.711412 -0.885999
1.872440 1.522651
0.810355 -0.839961
0.857521 -0.863150
0.767325 -0.876680
0.825848 -0.799569
0.958514 -0.906210
0.956418 -0.922242
1.012618 -0.913417
1.010393 -0.910214
1.075727 -0.935602
1.288658 -0.956064
1.739248 1.525437
1.282895 -0.992628
1.292211 -0.959477
1.372603 -0.971053
1.557581 -0.989007
1.354696 -0.990713
1.552457 -1.012556
1.590337 -0.941896
1.693433 -0.997545
1.768226 -0.974861
1.728302 -0.976376
1.799045 1.545604
1.765058 -0.976680
1.780679 -0.971778
1.808848 -0.957375
1.861960 -0.969208
1.861177 -0.954448
1.980612 -0.985634
1.999201 -0.892757
2.084935 -0.881134
2.026253 -0.907591
2.124265 -0.900697
1.830828 1.536976
2.184769 -0.821287
2.113948 -0.923501
2.209135 -0.841468
2.191710 -0.858342
2.260940 -0.802378
2.343942 -0.700108
2.378090 -0.694913
2.253558 -0.807209
2.431648 -0.657838
2.482625 -0.604982
1.716808 1.525970
2.475210 -0.640029
2.530724 -0.568937
2.527582 -0.553867
2.474304 -0.511130
2.633488 -0.437984
2.551739 -0.449873
2.612084 -0.364344
2.651739 -0.349916
2.689341 -0.301210
2.667111 -0.294037
1.721530 1.535715
2.708221 -0.255395
2.734161 -0.189459
2.757598 -0.189054
2.704128 -0.087005
2.751896 -0.078235
2.823292 -0.016224
2.784168 0.060841
2.781260 0.002272
2.803929 0.183030
2.779124 0.192634
1.631154 1.512610
2.782926 0.085575
2.817218 0.206975
2.848235 0.303140
2.850679 0.284463
2.807201 0.335982
2.797055 0.343571
2.815055 0.431161
2.816757 0.449843
2.819292 0.432895
2.802281 0.566378
1.543440 1.560708
2.772849 0.618111
2.755705 0.750926
2.755080 0.684048
2.755375 0.829942
2.743893 0.785543
2.715071 0.824401
2.730830 0.955023
2.670453 0.992128
2.683023 0.948109
2.656605 1.031348
2.555253 1.224813
1.604123 1.520879
1.537677 1.527752
1.480802 1.534364
1.391769 1.504626
1.363873 1.494248
1.285836 1.514967
1.360016 1.509342
1.304528 1.508781
1.223933 1.491997
1.177601 1.476982
2.503037 1.122535
1.098487 1.439786
1.037321 1.380081
1.028450 1.487694
0.860694 1.393263
0.908808 1.415460
0.813718 1.356315
0.796415 1.346447
0.793631 1.311751
0.771321 1.324070
0.601499 1.219478
2.487226 1.264175
0.713798 1.294819
0.683618 1.299147
0.539128 1.179385
0.577298 1.200419
0.445349 1.072507
0.455252 1.091581
0.391724 1.036633
0.419687 1.056405
0.367912 0.987165
0.359136 0.984441
2.502544 1.245302
0.267898 0.843507
0.278675 0.852249
0.219120 0.817855
0.191890 0.793467
0.201366 0.815294
0.186614 0.728953
0.084092 0.613948
0.111086 0.665849
0.045084 0.558293
-0.007631 0.504532
2.453100 1.303796
0.030010 0.541292
-0.014398 0.486578
-0.077458 0.368540
-0.124539 0.302524
-0.072994 0.408586
-0.104073 0.313877
-0.218965 0.183500
-0.199907 0.204213
-0.196298 0.175293
-0.252592 0.110298
2.400540 1.368816
-0.378073 -0.105439
-0.268208 0.010223
-0.423518 -0.217553
-0.474872 -0.354397
-0.467163 -0.370854
-0.510565 -0.445162
-0.533833 -0.474046
-0.578673 -0.530512
-0.594389 -0.552755
-0.623215 -0.613723
2.352423 1.401795
-0.698758 -0.794334
-0.713608 -0.761403
-0.737518 -0.823872
-0.722252 -0.814857
-0.821050 -0.969198
-0.842359 -0.990248
-0.845477 -0.993401
-0.932751 -1.068784
-0.874829 -1.029587
-0.974387 -1.143212
