1000 2
-1.198059 -1.646998
-1.181320 -1.497147
-1.257048 -1.208805
-2.664661 -0.243783
-2.657199 -0.251978
-2.682396 -0.211136
-2.614750 -0.273215
-2.613228 -0.194061
-2.663271 -0.213886
-2.678185 -0.311374
-2.688758 -0.313376
-2.692219 -0.362180
-2.717484 -0.354409
-1.300522 -1.181480
-2.718041 -0.406905
-2.741634 -0.427301
-2.727667 -0.500527
-2.720391 -0.456345
-2.704956 -0.511652
-2.714643 -0.482800
-2.715758 -0.518882
-2.724985 -0.528644
-2.713427 -0.532896
-2.726430 -0.568348
-1.276707 -1.189727
-2.691185 -0.555419
-2.737910 -0.611789
-2.704417 -0.651195
-2.716808 -0.640717
-2.708541 -0.698312
-2.699779 -0.706613
-2.711617 -0.719310
-2.713911 -0.731954
-2.708395 -0.701467
-2.681886 -0.807967
-1.293389 -1.161599
-2.708411 -0.828940
-2.708368 -0.815042
-2.667641 -0.868362
-2.691653 -0.854788
-2.718116 -0.766665
-2.680822 -0.881234
-2.703376 -0.858936
-2.665473 -1.010339
-2.685079 -0.974345
-2.639266 -0.979523
-1.310574 -1.152958
-2.535842 -1.033660
-2.657752 -1.055510
-2.686243 -1.068593
-2.638720 -1.107183
-2.668560 -1.133946
-2.632617 -1.207045
-2.674788 -1.101344
-2.638870 -1.148939
-2.637693 -1.182546
-2.627712 -1.183451
-1.326897 -1.115479
-2.639529 -1.216327
-2.621407 -1.243816
-2.610085 -1.284520
-2.607998 -1.285429
-2.596911 -1.287242
-2.632822 -1.295275
-2.599952 -1.339024
-2.597565 -1.336325
-2.595390 -1.324814
-2.566800 -1.353586
-1.321367 -1.189211
-2.545072 -1.408089
-2.578176 -1.363216
-2.497778 -1.485445
-2.544840 -1.409919
-2.544458 -1.436827
-2.516260 -1.427132
-2.444539 -1.488467
-2.413034 -1.535679
-2.481050 -1.473023
-2.405037 -1.556092
-1.322774 -1.075702
-2.423451 -1.579288
-2.459897 -1.566927
-2.370230 -1.597585
-2.341914 -1.574800
-2.346816 -1.617152
-2.383207 -1.573486
-2.313622 -1.654644
-2.296439 -1.658213
-2.240022 -1.666488
-2.299218 -1.659444
-1.340916 -1.047328
-2.224419 -1.707441
-2.243788 -1.704577
-2.184088 -1.725692
-2.185456 -1.721601
-2.145922 -1.716989
-2.186012 -1.737857
-2.156651 -1.738520
-2.148597 -1.745115
-2.144586 -1.738178
-1.988437 -1.812268
-1.287037 -1.105456
-2.081169 -1.773318
-2.038388 -1.756760
-2.032353 -1.806669
-2.034116 -1.753771
-2.018979 -1.793664
-1.936902 -1.800772
-1.947987 -1.818870
-1.886527 -1.813819
-1.915134 -1.784899
-1.885508 -1.813946
-1.224384 -1.344129
-1.356500 -1.046178
-1.801284 -1.841684
-1.838637 -1.785641
-1.731859 -1.791275
-1.736460 -1.811861
-1.685252 -1.804141
-1.677412 -1.832235
-1.717891 -1.812393
-1.689355 -1.809142
-1.614399 -1.786866
-1.588951 -1.760601
-1.394485 -0.952406
-1.550429 -1.797834
-1.621812 -1.783159
-1.549002 -1.785498
-1.489749 -1.776848
-1.474126 -1.770428
-1.368216 -1.759473
-1.359799 -1.756762
-1.400395 -1.761336
-1.306168 -1.700613
-1.399045 -1.755280
-1.384912 -0.991628
-1.291057 -1.746212
-1.241334 -1.741837
-1.220567 -1.722957
-1.163529 -1.760370
-1.176751 -1.720428
-1.144699 -1.724097
-1.108497 -1.706775
-1.105383 -1.722399
-1.077719 -1.653213
-0.957744 -1.678317
-1.419745 -0.894293
-0.948324 -1.673717
-0.932114 -1.710506
-0.934935 -1.708428
-0.979269 -1.688972
-0.954033 -1.698597
-0.841043 -1.659929
-0.856718 -1.677184
-0.790744 -1.665043
-0.753644 -1.656801
-0.780855 -1.609184
-1.361841 -1.004568
-0.693039 -1.623925
-0.738246 -1.641351
-0.655663 -1.632251
-0.645571 -1.617155
-0.595241 -1.606601
-0.557663 -1.589023
-0.598113 -1.624484
-0.550446 -1.597599
-0.583632 -1.611770
-0.556351 -1.612014
-1.393990 -0.966920
-0.577883 -1.580905
-0.422433 -1.564880
-0.483203 -1.575065
-0.453589 -1.577817
-0.392958 -1.534769
-0.413267 -1.546617
-0.337260 -1.509987
-0.421485 -1.561342
-0.349674 -1.506144
-0.291721 -1.489768
-1.414067 -0.908335
-0.341972 -1.500533
-0.298473 -1.464886
-0.335651 -1.506297
-0.321484 -1.527057
-0.251063 -1.455375
-0.230142 -1.460177
-0.266794 -1.467931
-0.239814 -1.436630
-0.238907 -1.397521
-0.234087 -1.421406
-1.400033 -0.896795
-0.231592 -1.415830
-0.168725 -1.344984
-0.148974 -1.338840
-0.116252 -1.367824
-0.105188 -1.309976
-0.120256 -1.296217
-0.146858 -1.307002
-0.150175 -1.306193
-0.086397 -1.212674
-0.093104 -1.238932
-1.380192 -0.891438
-0.034285 -1.227225
-0.065153 -1.177710
-0.103940 -1.200058
-0.001671 -1.068187
0.002290 -1.185797
-0.003173 -1.129556
-0.004496 -1.117049
-0.006805 -1.050406
0.030998 -1.085525
0.043856 -1.100472
-1.469731 -0.764528
0.058886 -1.044381
0.018821 -1.076965
0.072021 -0.998629
0.128176 -0.911035
0.103474 -0.922390
0.103124 -0.963822
0.110786 -0.893816
0.105589 -0.951416
0.129711 -0.805950
0.170127 -0.835520
-1.225796 -1.357299
-1.448085 -0.826094
0.157633 -0.841522
0.177882 -0.794257
0.217165 -0.832212
0.220251 -0.681721
0.183833 -0.742962
0.195860 -0.720730
0.164788 -0.620792
0.248391 -0.631527
0.230407 -0.616854
0.292947 -0.522126
-1.482211 -0.742000
0.298080 -0.557933
0.283378 -0.515681
0.325038 -0.430931
0.333175 -0.407455
0.329117 -0.405618
0.286254 -0.434531
0.333243 -0.456859
0.276168 -0.460135
0.343623 -0.393836
0.350887 -0.326469
-1.481337 -0.748047
0.376662 -0.244685
0.353697 -0.305944
0.365498 -0.283421
0.366697 -0.279554
0.342990 -0.291589
0.399097 -0.153903
0.365584 -0.212179
0.401312 -0.207275
0.377884 -0.148844
0.380645 -0.158887
-1.510630 -0.688058
0.336353 -0.155850
0.379783 -0.078160
0.391556 -0.066368
0.347854 -0.031933
0.398130 -0.047322
0.384735 0.043430
0.405267 -0.044938
0.323041 0.076767
0.352817 0.041171
0.378224 0.081058
-1.474686 -0.765292
0.353096 0.079296
0.350556 0.091130
0.343470 0.141778
0.345341 0.125587
0.321774 0.135181
0.318080 0.196739
0.292926 0.201842
0.300402 0.184490
0.301490 0.247224
0.290885 0.246018
-1.507081 -0.692542
0.260280 0.273921
0.277068 0.291049
0.247161 0.299238
0.214626 0.314826
0.195540 0.349825
0.250833 0.305068
0.202645 0.364921
0.231259 0.364028
0.170851 0.391131
0.247628 0.392545
-1.562765 -0.595284
0.167553 0.423651
0.105396 0.473186
0.173585 0.411804
0.093917 0.469225
0.104264 0.455520
0.090876 0.447209
0.087803 0.512386
0.074982 0.578681
0.047397 0.567285
0.028293 0.529776
-1.545483 -0.633311
0.033887 0.603773
0.019433 0.598317
0.047200 0.596526
-0.013068 0.665161
0.023628 0.670807
0.009132 0.714338
0.008143 0.658087
0.004100 0.699945
-0.025516 0.710479
0.019647 0.813777
-1.555140 -0.577590
0.052887 0.847109
0.004489 0.729761
-0.020056 0.724127
0.023872 0.813492
0.014366 0.823267
-0.036774 0.839745
-0.007417 0.872897
0.002400 0.890014
0.051999 0.951087
0.054859 0.920619
-1.572143 -0.561892
0.060740 0.905461
0.066603 0.932201
0.130893 0.992076
0.131788 0.952891
0.140477 0.996132
0.185353 1.006358
0.204727 1.009618
0.244544 1.041648
0.141214 1.027693
0.239468 1.017413
-1.222422 -1.333146
-1.539696 -0.591572
0.268441 1.031264
0.301925 1.047582
0.288358 1.039733
0.359411 1.057714
0.293974 1.042572
0.364532 1.031217
0.381581 1.041350
0.398972 1.050612
0.435991 1.063789
0.426663 1.016000
-1.536413 -0.551451
0.490706 1.015491
0.438981 1.077460
0.450634 1.030711
0.493288 1.037436
0.495776 1.032598
0.533429 1.021131
0.602518 1.004163
0.620303 0.972548
0.577594 0.987815
0.614412 0.954204
-1.596771 -0.575395
0.648993 0.986876
0.647437 0.977929
0.757687 0.941190
0.714321 0.940649
0.675178 0.956872
0.804678 0.891501
0.741976 0.930320
0.787505 0.920522
0.819081 0.915277
0.843229 0.911136
-1.602755 -0.497452
0.831524 0.913697
0.978789 0.896272
0.950807 0.833123
0.977093 0.811967
0.960394 0.845894
1.000954 0.802926
1.021066 0.796306
1.007294 0.813062
1.035807 0.798323
0.981736 0.791105
-1.622220 -0.517083
1.065733 0.795053
1.135857 0.739592
1.057133 0.702885
1.105734 0.745756
1.137751 0.723350
1.104836 0.783791
1.180785 0.672323
1.194715 0.716806
1.180798 0.690088
1.230356 0.709757
-1.552836 -0.456858
1.236634 0.657710
1.212941 0.666272
1.241929 0.648464
1.274282 0.642719
1.277416 0.613305
1.290992 0.639596
1.335824 0.620515
1.302497 0.606772
1.328206 0.585336
1.460664 0.677889
-1.634106 -0.493928
1.409138 0.616425
1.364013 0.627020
1.469895 0.625527
1.450111 0.600683
1.478595 0.639459
1.473923 0.624297
1.454427 0.626552
1.562979 0.644626
1.533489 0.635260
1.588299 0.709982
-1.646192 -0.392670
1.588297 0.655155
1.602792 0.688903
1.629619 0.697089
1.607380 0.689430
1.592945 0.657152
1.627305 0.761380
1.656651 0.726669
1.676779 0.780805
1.683099 0.725626
1.711585 0.811666
-1.702357 -0.385325
1.727067 0.798063
1.737876 0.818057
1.773749 0.859157
1.742005 0.872743
1.724270 0.893817
1.702764 0.866230
1.807906 0.921676
1.796554 0.963056
1.790619 0.947533
1.777379 0.921964
-1.656525 -0.394608
1.807901 0.972700
1.811187 0.980059
1.823028 1.019693
1.848564 1.084568
1.834431 1.062048
1.811046 1.043257
1.820040 1.108011
1.837862 1.089705
1.793973 1.135798
1.835372 1.143055
-1.210287 -1.395043
-1.709329 -0.401231
1.812290 1.220684
1.816031 1.211079
1.812255 1.250404
1.797097 1.279044
1.821356 1.250134
1.749808 1.279520
1.801413 1.290574
1.798144 1.302032
1.772117 1.386540
1.795978 1.352148
-1.714554 -0.331824
1.774792 1.386866
1.764745 1.389919
1.764612 1.489609
1.761401 1.443283
1.712425 1.431318
1.686121 1.524134
1.689334 1.525492
1.706285 1.513145
1.722519 1.508587
1.650776 1.600935
-1.786977 -0.285131
1.683319 1.582596
1.626970 1.667923
1.614425 1.619471
1.625677 1.634554
1.632725 1.610500
1.636245 1.657299
1.567700 1.694982
1.547021 1.775003
1.574677 1.753283
1.535150 1.733935
-1.755706 -0.344160
1.528930 1.769463
1.531399 1.805291
1.568380 1.761009
1.489334 1.838665
1.525588 1.798487
1.484272 1.861538
1.412918 1.944118
1.415111 1.944548
1.477395 1.884465
1.409090 1.901229
-1.774199 -0.279937
1.348242 1.999536
1.407824 1.944451
1.355782 1.952321
1.349766 2.013612
1.315237 2.021088
1.322201 2.042355
1.268871 2.083868
1.323346 2.032886
1.286525 2.069721
1.286543 2.047942
-1.779886 -0.301530
1.221138 2.098441
1.259201 2.084703
1.184124 2.109782
1.208683 2.108621
1.205869 2.121641
1.151094 2.138397
1.142046 2.170910
1.128786 2.139619
1.103936 2.153495
1.069585 2.158737
-1.863979 -0.204315
1.100705 2.169808
1.068002 2.175016
1.041097 2.170761
0.968060 2.238935
0.989763 2.222466
0.975560 2.222583
0.903820 2.254086
0.937637 2.225844
0.857502 2.263236
0.832077 2.272213
-1.854348 -0.216402
0.857573 2.262719
0.792855 2.298308
0.838771 2.294032
0.761944 2.301641
0.732541 2.310989
0.754727 2.299656
0.702578 2.285513
0.732854 2.309074
0.640830 2.312859
0.627895 2.307563
-1.912814 -0.224978
0.612741 2.336643
0.678333 2.331691
0.539826 2.332871
0.578267 2.327420
0.574940 2.314995
0.499458 2.305428
0.449970 2.321547
0.385252 2.365200
0.412240 2.346582
0.345405 2.347531
-1.821725 -0.282108
0.359596 2.363003
0.268123 2.373362
0.311477 2.371709
0.361723 2.329963
0.283222 2.351274
0.280772 2.354448
0.222911 2.355047
0.208734 2.380201
0.209177 2.388937
0.135659 2.364526
-1.247373 -1.381065
-1.833983 -0.226917
0.129907 2.378664
0.084413 2.373869
0.078427 2.378570
0.019689 2.365688
0.044884 2.360488
0.088765 2.355865
-0.036689 2.365843
-0.022521 2.356352
-0.009722 2.348306
-0.027869 2.361356
-1.897639 -0.110852
-0.161613 2.298015
-0.033264 2.331320
-0.131678 2.359742
-0.190170 2.340367
-0.186453 2.299313
-0.151326 2.335923
-0.241114 2.323711
-0.274922 2.307260
-0.198414 2.334409
-0.322488 2.302506
-1.932157 -0.152674
-0.334868 2.302574
-0.368601 2.291865
-0.400055 2.286561
-0.382665 2.294571
-0.477623 2.251031
-0.476170 2.242018
-0.468374 2.256290
-0.431029 2.212916
-0.498881 2.236013
-0.545887 2.198249
-1.944584 -0.123059
-0.577687 2.204650
-0.574460 2.216937
-0.564476 2.198676
-0.601241 2.171750
-0.664463 2.148926
-0.637079 2.169692
-0.682238 2.145881
-0.696449 2.138150
-0.711915 2.101141
-0.694768 2.131739
-1.928603 -0.154488
-0.741437 2.103922
-0.767536 2.093415
-0.821566 2.041911
-0.824268 2.058364
-0.781090 2.073267
-0.867800 2.009773
-0.896616 1.975883
-0.880639 2.016094
-0.917311 1.976841
-0.883740 2.001696
-2.016309 -0.111744
-0.887019 2.001010
-0.996843 1.898687
-0.959737 1.931260
-0.972532 1.922410
-0.959359 1.925851
-0.981782 1.879871
-0.969259 1.887761
-1.060080 1.825303
-1.070760 1.828690
-1.055493 1.825647
-2.022100 -0.065559
-1.074894 1.819832
-1.040433 1.837994
-1.102742 1.761347
-1.116021 1.760026
-1.126799 1.740100
-1.155445 1.699482
-1.155775 1.698083
-1.184562 1.674304
-1.220878 1.635803
-1.200940 1.647137
-2.069539 -0.034306
-1.207698 1.603959
-1.251948 1.582298
-1.277212 1.522599
-1.259883 1.536452
-1.254737 1.538496
-1.269354 1.485881
-1.300826 1.447148
-1.292127 1.415875
-1.299232 1.451200
-1.318975 1.393028
-2.008697 -0.111676
-1.341632 1.360272
-1.306153 1.430750
-1.318315 1.368781
-1.326072 1.397988
-1.343025 1.282014
-1.329552 1.296423
-1.326866 1.260689
-1.337079 1.222690
-1.331712 1.272733
-1.310946 1.188167
-2.004652 -0.100982
-1.342748 1.131687
-1.332672 1.199744
-1.341907 1.136542
-1.311985 1.195851
-1.329289 1.115792
-1.309268 0.994543
-1.310659 1.076447
-1.247178 1.030264
-1.313242 0.932455
-1.286730 0.990405
-1.227644 -1.329088
-2.123692 -0.054744
-1.268566 0.932070
-1.291929 0.942126
-1.316757 0.817008
-1.253859 0.811430
-1.287272 0.919760
-1.266273 0.807338
-1.246306 0.830726
-1.179824 0.722058
-1.263248 0.807484
-1.226856 0.723303
-2.086755 -0.048150
-1.212758 0.732839
-1.231728 0.686963
-1.221682 0.702012
-1.172036 0.629226
-1.173587 0.628454
-1.172408 0.619861
-1.180716 0.632041
-1.166223 0.597432
-1.140002 0.530545
-1.145346 0.565192
-2.131345 -0.035244
-1.115597 0.552622
-1.105312 0.469862
-1.065102 0.446884
-1.113715 0.505335
-1.072438 0.452967
-1.063410 0.407934
-1.061483 0.400703
-1.015859 0.336516
-1.003752 0.307087
-1.004835 0.353942
-2.162056 0.023705
-0.953596 0.284951
-0.982480 0.293123
-0.967014 0.254111
-0.947366 0.239587
-0.933099 0.186789
-0.942743 0.177623
-0.948572 0.219248
-0.889000 0.176908
-0.883103 0.151608
-0.844546 0.160718
-2.243670 0.002689
-0.867472 0.153920
-0.814733 0.069530
-0.801368 0.067923
-0.772492 0.019635
-0.822724 0.102820
-0.770054 0.045179
-0.724824 -0.028753
-0.724778 0.011964
-0.703527 -0.020363
-0.727453 -0.049028
-2.254040 -0.023297
-0.634933 -0.125863
-0.722057 -0.049999
-0.602145 -0.195860
-0.673671 -0.130252
-0.564932 -0.187966
-0.563492 -0.178894
-0.560985 -0.182505
-0.517999 -0.159960
-0.566981 -0.205551
-0.533471 -0.215773
-2.193853 -0.034655
-0.561145 -0.240244
-0.557296 -0.253539
-0.434478 -0.275051
-0.501092 -0.276767
-0.385006 -0.351342
-0.471116 -0.289298
-0.387336 -0.338020
-0.391868 -0.342382
-0.344190 -0.367766
-0.297320 -0.408218
-2.217529 -0.023286
-0.262399 -0.429829
-0.260253 -0.375323
-0.280154 -0.418543
-0.238145 -0.449908
-0.197006 -0.415029
-0.280831 -0.441871
-0.120282 -0.501677
-0.179220 -0.514916
-0.150475 -0.497480
-0.130212 -0.492851
-2.236522 -0.038435
-0.209978 -0.465361
-0.111227 -0.518966
-0.026602 -0.574053
0.023018 -0.557689
-0.010400 -0.523084
0.034021 -0.631704
0.102952 -0.623247
0.054626 -0.637175
0.157654 -0.683221
0.195249 -0.677057
-2.323006 -0.030998
0.181940 -0.670877
0.277261 -0.720754
0.264612 -0.649156
0.343765 -0.759797
0.329112 -0.751519
0.351984 -0.781615
0.439615 -0.833667
0.461659 -0.831383
0.385751 -0.807299
0.476806 -0.862270
-1.204878 -1.264958
-2.297783 0.015182
0.503447 -0.858491
0.502181 -0.868955
0.510174 -0.858396
0.596459 -0.921284
0.583915 -0.954513
0.579762 -0.934398
0.585981 -0.937228
0.652739 -0.995535
0.645195 -0.980796
0.658070 -0.983830
-2.339152 -0.051491
0.667470 -1.000395
0.711423 -1.039786
0.716900 -1.039075
0.724269 -1.072083
0.739479 -1.075268
0.789217 -1.112924
0.781566 -1.104430
0.784153 -1.113212
0.809037 -1.133494
0.911023 -1.142287
-2.355570 -0.007990
0.845967 -1.173247
0.892054 -1.212745
0.873878 -1.219540
0.862072 -1.239868
0.913143 -1.260543
0.915955 -1.219419
0.899786 -1.265137
0.969301 -1.351397
0.955961 -1.342690
0.949516 -1.283928
-2.351878 -0.006346
1.001306 -1.357779
1.025761 -1.408435
0.967263 -1.374341
0.970824 -1.335743
0.964952 -1.397571
0.993646 -1.445006
0.997540 -1.439856
1.035861 -1.428745
0.999691 -1.425220
0.988913 -1.463089
-2.385234 -0.021437
1.061822 -1.534410
1.046193 -1.545318
1.007813 -1.593352
1.042933 -1.594931
1.035400 -1.582913
1.118449 -1.567976
1.039380 -1.597478
1.018525 -1.738483
1.055640 -1.755769
1.034050 -1.668871
-2.389188 -0.040713
1.068911 -1.745222
1.076797 -1.739324
1.001808 -1.844188
1.014167 -1.726301
1.027382 -1.786984
1.039438 -1.799624
1.019079 -1.851665
1.022323 -1.852304
1.017831 -1.857602
1.012034 -1.950726
-2.408313 -0.021598
1.002015 -1.893907
1.000532 -1.996031
1.003360 -2.051571
0.986064 -1.925943
0.991761 -1.965714
0.981455 -2.014322
0.970545 -2.108494
0.981106 -2.096688
0.958281 -2.093993
0.981417 -2.114509
-2.440401 -0.041572
0.942601 -2.199038
0.921914 -2.197807
0.908613 -2.241429
0.924851 -2.228417
0.949345 -2.172819
0.878987 -2.287246
0.882092 -2.309506
0.903671 -2.253663
0.848242 -2.320122
0.855376 -2.363385
-2.490724 -0.041137
0.848546 -2.341306
0.825708 -2.389767
0.826752 -2.380506
0.763448 -2.420309
0.759048 -2.445063
0.803473 -2.473329
0.739691 -2.408158
0.702200 -2.468418
0.653923 -2.544720
0.698689 -2.520431
-2.485694 -0.049507
0.599614 -2.613690
0.612850 -2.595092
0.623395 -2.503597
0.617808 -2.570395
0.614332 -2.628476
0.579196 -2.619324
0.543403 -2.647792
0.510864 -2.684832
0.494224 -2.680898
0.513952 -2.680817
-1.262403 -1.237334
-2.456748 0.021027
0.516796 -2.687492
0.466712 -2.702289
0.424164 -2.717608
0.442087 -2.717641
0.444808 -2.708184
0.424282 -2.736404
0.345894 -2.765554
0.362942 -2.704195
0.294480 -2.776707
0.257079 -2.789471
-2.477323 -0.070277
0.259074 -2.798594
0.272630 -2.779263
0.267412 -2.777706
0.228431 -2.792275
0.181264 -2.806514
0.164446 -2.840637
0.167236 -2.824990
0.138803 -2.819104
0.125102 -2.831778
0.090427 -2.771190
-2.510638 -0.078297
0.030260 -2.831558
0.011080 -2.822171
0.041827 -2.871598
0.030397 -2.860368
-0.040190 -2.833770
-0.088496 -2.767360
-0.103595 -2.843659
-0.136633 -2.829944
-0.111501 -2.835823
-0.122347 -2.851446
-2.467633 -0.011927
-0.158708 -2.829287
-0.161172 -2.845182
-0.208957 -2.836025
-0.254256 -2.835632
-0.226186 -2.853235
-0.304615 -2.803451
-0.276137 -2.848804
-0.310532 -2.813862
-0.290994 -2.782797
-0.316801 -2.826928
-2.551738 -0.092363
-0.337584 -2.818421
-0.401313 -2.771283
-0.371318 -2.786762
-0.399480 -2.820193
-0.426403 -2.786604
-0.474615 -2.748554
-0.512702 -2.736265
-0.493718 -2.751564
-0.526046 -2.719120
-0.555322 -2.700168
-2.562166 -0.079845
-0.527160 -2.758189
-0.581290 -2.703424
-0.606970 -2.706692
-0.547824 -2.742216
-0.629421 -2.712132
-0.615021 -2.647840
-0.649708 -2.654202
-0.689477 -2.623048
-0.672535 -2.631943
-0.709527 -2.603134
-2.590967 -0.123866
-0.712946 -2.591635
-0.741450 -2.571001
-0.737043 -2.581293
-0.749301 -2.579132
-0.762172 -2.505868
-0.705215 -2.598075
-0.760198 -2.540639
-0.823621 -2.436291
-0.808261 -2.494903
-0.836539 -2.433776
-2.574132 -0.160145
-0.828351 -2.441967
-0.845748 -2.451189
-0.846489 -2.385754
-0.828352 -2.361511
-0.867117 -2.345299
-0.880765 -2.367218
-0.910680 -2.292127
-0.953579 -2.231494
-0.951341 -2.244838
-0.949148 -2.270145
-2.618596 -0.139138
-0.966468 -2.220696
-0.935112 -2.271797
-1.010486 -2.123155
-0.986049 -2.157536
-1.052964 -2.074245
-0.996776 -2.162652
-1.026408 -2.011439
-1.099746 -1.998623
-1.056773 -1.966419
-1.048060 -2.025960
-2.640914 -0.189914
-1.091057 -1.950448
-1.075822 -1.934669
-1.096867 -1.895162
-1.103751 -1.861148
-1.106827 -1.829482
-1.157465 -1.772753
-1.125138 -1.758709
-1.116361 -1.614591
-1.192763 -1.594807
-1.128940 -1.746870
