500 2
4.263354 1.299125
4.202688 1.241250
4.134471 1.506270
2.271875 1.192883
2.192155 1.111478
2.208813 1.080789
2.249714 1.087660
2.229558 1.163830
2.185702 1.184469
2.094875 1.049446
2.114398 1.066084
2.126281 1.052441
2.151288 1.015067
4.124992 1.489156
2.092144 0.989761
2.104038 1.051004
2.078807 1.001091
1.971774 0.949135
1.933781 0.989537
2.035324 0.993899
1.983157 0.984836
1.949336 0.948112
1.910110 0.910764
1.919636 0.911084
4.050091 1.557022
1.829968 0.880927
1.839250 0.838243
1.768283 0.820300
1.878287 0.833135
1.740387 0.835579
1.754675 0.833561
1.745293 0.882224
1.790444 0.885522
1.630579 0.822330
1.743234 0.826794
4.073399 1.574672
1.659539 0.740356
1.545612 0.769314
1.640988 0.765022
1.592957 0.745547
1.464268 0.740830
1.510974 0.706801
1.464893 0.737814
1.559411 0.814538
1.379381 0.773160
1.507423 0.778040
4.125845 1.508182
1.385595 0.785764
1.329311 0.766275
1.400946 0.689188
1.328202 0.710868
1.311531 0.642420
1.245526 0.685647
1.276512 0.694391
1.242024 0.757057
1.150993 0.686734
1.142510 0.653693
4.058169 1.580055
1.205316 0.759681
1.108985 0.745065
1.129187 0.728252
1.103689 0.655212
1.118797 0.644564
0.988127 0.698162
0.968029 0.769272
0.933371 0.610015
0.860324 0.652274
0.923842 0.706120
4.033789 1.580493
0.886060 0.690143
0.840935 0.712462
0.810116 0.663789
0.797845 0.648529
0.795406 0.687309
0.733313 0.682774
0.791322 0.660955
0.755613 0.662299
0.679240 0.608616
0.723133 0.621768
4.022373 1.608210
0.603211 0.644050
0.598077 0.553416
0.713849 0.570322
0.604921 0.651172
0.496870 0.605053
0.534229 0.621153
0.542595 0.582662
0.434198 0.561588
0.425546 0.599062
0.435094 0.502885
3.923039 1.641394
0.387600 0.497121
0.376672 0.536284
0.384677 0.562379
0.315570 0.483537
0.240250 0.443873
0.300953 0.438582
0.244645 0.392572
0.285210 0.419840
0.320344 0.480087
0.221080 0.435426
3.961088 1.645786
0.152489 0.327482
0.236047 0.356216
0.082929 0.353058
0.136381 0.224151
0.123118 0.292601
0.124939 0.234610
0.188389 0.268318
0.081022 0.176818
0.109176 0.169856
0.119116 0.146195
4.230881 1.235501
4.029270 1.670928
0.111827 0.151773
0.059930 0.085864
0.077891 0.142354
0.069953 0.061256
0.149791 0.024037
0.074025 0.106278
0.079295 -0.040536
0.127890 0.018075
0.138530 -0.103554
0.039069 -0.084235
3.906699 1.624068
0.101894 -0.146751
0.073701 -0.138880
0.086526 -0.222106
0.088887 -0.182190
0.090415 -0.152228
0.181919 -0.342093
0.125707 -0.267481
0.090744 -0.294935
0.164077 -0.236201
0.179011 -0.375710
3.870296 1.672149
0.134198 -0.285919
0.184021 -0.269409
0.152212 -0.398702
0.126410 -0.353979
0.205294 -0.474344
0.222642 -0.417515
0.205431 -0.517023
0.275497 -0.505798
0.255739 -0.464696
0.325391 -0.537465
3.893328 1.722753
0.296289 -0.570724
0.305242 -0.583384
0.242630 -0.606239
0.397357 -0.653752
0.327718 -0.595050
0.360986 -0.624635
0.466078 -0.733938
0.389255 -0.631560
0.563553 -0.732163
0.380357 -0.724511
3.792377 1.595508
0.403401 -0.714784
0.498188 -0.783402
0.486287 -0.750408
0.528805 -0.720004
0.587379 -0.838906
0.631354 -0.763525
0.596696 -0.838485
0.576845 -0.842388
0.650224 -0.876019
0.585170 -0.821842
3.882542 1.707734
0.619845 -0.877166
0.698319 -0.854108
0.680385 -0.942483
0.741402 -0.902180
0.736435 -1.002224
0.754281 -0.960776
0.843315 -0.918250
0.815503 -0.972410
0.797320 -1.007685
0.862435 -0.954955
3.817892 1.736305
0.871542 -1.012856
0.966970 -1.015376
0.970324 -0.990841
0.926137 -0.934753
0.970567 -1.002255
0.965040 -0.995596
1.022434 -1.046510
1.032236 -1.052341
1.052804 -1.066508
1.027442 -0.994123
3.803788 1.713344
1.142513 -1.046347
1.146819 -1.028008
1.100160 -1.047299
1.172426 -0.993262
1.245415 -1.007948
1.258620 -1.026240
1.251855 -1.049998
1.244366 -1.089573
1.277890 -1.022648
1.424858 -1.009978
3.759670 1.746627
1.342349 -0.978288
1.312382 -1.002379
1.444736 -0.993032
1.427515 -1.051456
1.451340 -1.035600
1.558196 -1.070791
1.618725 -0.907882
1.571443 -0.956065
1.554922 -0.974352
1.490978 -1.048390
3.679517 1.747205
1.579603 -0.935366
1.608656 -0.992185
1.619544 -0.968870
1.791004 -0.916888
1.647280 -1.013808
1.715312 -0.965064
1.780199 -0.990199
1.762414 -0.964940
1.780760 -0.914607
1.765428 -0.942048
4.212867 1.373349
3.762005 1.708779
1.745363 -0.859961
1.844141 -0.890179
1.743977 -0.920583
1.831334 -0.942603
1.960799 -0.872219
1.927908 -0.891354
2.033947 -0.814866
1.923620 -0.855217
1.983651 -0.892868
2.047712 -0.836775
3.794485 1.707550
2.032978 -0.830838
2.097368 -0.776472
2.149322 -0.775711
2.129137 -0.793968
2.239304 -0.773809
2.214324 -0.710990
2.212853 -0.749064
2.112083 -0.765125
2.210533 -0.794806
2.191251 -0.693934
3.614856 1.791893
2.307803 -0.765763
2.377483 -0.747962
2.408585 -0.807638
2.376977 -0.746857
2.406444 -0.776050
2.359709 -0.716493
2.474372 -0.756799
2.438514 -0.770238
2.520106 -0.753548
2.476475 -0.745726
3.670620 1.748296
2.527670 -0.777639
2.563109 -0.749681
2.585859 -0.798451
2.583608 -0.790329
2.606702 -0.800390
2.626016 -0.789990
2.560555 -0.771894
2.601961 -0.702132
2.722833 -0.789761
2.718623 -0.819706
3.574965 1.781077
2.724766 -0.803486
2.768191 -0.741048
2.784280 -0.835839
2.769088 -0.807459
2.852453 -0.768508
2.861760 -0.838735
2.966576 -0.851538
2.865756 -0.856611
2.991087 -0.830059
3.034431 -0.900810
3.575848 1.787738
3.022500 -0.867158
3.062361 -0.866234
3.110881 -0.901489
3.093151 -0.891002
3.099782 -0.831827
2.981596 -0.972549
3.081862 -0.878433
3.240300 -0.953999
3.179230 -0.921032
3.256323 -0.981644
3.580369 1.812506
3.266531 -0.851312
3.300045 -0.953101
3.322042 -0.976574
3.273699 -0.963599
3.343011 -1.003668
3.384070 -1.019068
3.324504 -0.970809
3.377426 -1.025409
3.379104 -1.002823
3.481400 -1.035928
3.568965 1.796988
3.376202 -0.982073
3.464906 -1.028749
3.467878 -1.034298
3.544238 -1.046814
3.519692 -1.052194
3.563075 -1.116587
3.662477 -1.149313
3.631918 -1.051085
3.652533 -1.031452
3.599418 -1.042736
3.564030 1.818760
3.687123 -1.076952
3.744701 -1.090761
3.726275 -1.060201
3.765209 -1.099265
3.696900 -1.003577
3.807580 -1.053052
3.793986 -1.115739
3.801019 -1.029607
3.866821 -1.059998
3.908643 -1.138260
3.456850 1.825981
3.898121 -1.059302
3.953462 -1.099157
3.939285 -1.047675
4.040378 -1.046804
4.044669 -1.053897
4.001926 -0.995408
4.028204 -1.024965
4.072427 -0.979595
4.125025 -1.052705
4.195860 -0.971061
4.225085 1.343112
3.606632 1.725493
4.173013 -0.995416
4.185569 -0.982808
4.202003 -0.999663
4.245134 -0.932395
4.229230 -0.969393
4.213088 -0.898852
4.237197 -0.969432
4.236608 -0.977126
4.307363 -0.912114
4.308331 -0.874215
3.498185 1.841389
4.311779 -0.853350
4.290615 -0.860288
4.311586 -0.869711
4.364745 -0.825632
4.377026 -0.829083
4.367727 -0.836066
4.383875 -0.807923
4.427215 -0.642197
4.445221 -0.736593
4.453775 -0.722299
3.509120 1.767955
4.462451 -0.709991
4.408932 -0.617615
4.477913 -0.659452
4.390346 -0.620476
4.483634 -0.656164
4.437186 -0.499855
4.527075 -0.572356
4.506066 -0.486597
4.465196 -0.481636
4.492531 -0.520013
3.461652 1.808965
4.510658 -0.402029
4.502795 -0.466739
4.475971 -0.441964
4.444997 -0.349237
4.493862 -0.376390
4.451205 -0.349486
4.465914 -0.208705
4.535902 -0.188776
4.468850 -0.233023
4.499820 -0.222018
3.438521 1.779081
4.479680 -0.335834
4.469873 -0.156692
4.432571 -0.118326
4.455598 -0.097383
4.454453 -0.088576
4.444262 -0.014096
4.441159 0.025579
4.449158 -0.004643
4.432355 0.032546
4.411099 0.074489
3.389352 1.835345
4.370576 -0.021654
4.438753 -0.034059
4.442244 0.060014
4.359674 0.102209
4.460957 0.167952
4.424973 0.144630
4.412339 0.190692
4.421287 0.187594
4.372108 0.145125
4.371224 0.290112
3.387074 1.796285
4.384963 0.274968
4.381712 0.313926
4.402835 0.283838
4.338256 0.385310
4.321490 0.467645
4.350561 0.359712
4.294388 0.392104
4.313500 0.403869
4.380601 0.523093
4.355437 0.561210
3.378880 1.762328
4.254500 0.523901
4.322594 0.488313
4.424136 0.586051
4.339248 0.626521
4.321594 0.668047
4.294362 0.713964
4.336226 0.637397
4.340564 0.741318
4.302648 0.689941
4.393440 0.803040
3.365663 1.907392
4.302093 0.898106
4.293502 0.751311
4.328324 0.832036
4.328391 0.855412
4.306143 0.870626
4.321404 0.816935
4.421085 0.915468
4.329738 0.976022
4.255144 0.892802
4.300896 1.020789
3.334404 1.833353
4.272253 1.000009
4.332620 1.064635
4.318009 1.029270
4.306997 1.033548
4.273069 1.195753
4.255259 1.123412
4.252092 1.153748
4.255975 1.216166
4.339095 1.070351
4.309769 1.144235
4.230120 1.359769
3.211469 1.775224
3.168656 1.775368
3.224609 1.799584
3.148521 1.822882
3.119798 1.807180
3.118737 1.802550
3.096900 1.771871
3.114362 1.780711
3.071411 1.767838
3.025626 1.751523
4.154651 1.435965
2.979508 1.741064
3.050363 1.766859
2.919306 1.701831
2.891551 1.685274
2.891368 1.683097
2.861411 1.669909
2.925268 1.724514
2.974526 1.722242
2.820048 1.669142
2.798161 1.650207
4.199341 1.363798
2.876685 1.671665
2.746834 1.567440
2.771022 1.643656
2.757310 1.573430
2.756900 1.591274
2.684651 1.576991
2.695079 1.566417
2.659756 1.488884
2.583209 1.536608
2.516133 1.526312
4.173858 1.367461
2.625339 1.487371
2.544991 1.496657
2.602906 1.501415
2.492281 1.411847
2.614759 1.403589
2.600259 1.431188
2.455086 1.352176
2.506184 1.417616
2.453668 1.333694
2.460145 1.360505
4.189081 1.415952
2.514435 1.424337
2.442814 1.382907
2.485872 1.366021
2.349982 1.248901
2.365485 1.323724
2.331626 1.273562
2.343108 1.228102
2.340065 1.199555
2.347293 1.254142
2.379815 1.259246
