500 2
-1.660613 -0.504411
-1.597571 -0.518142
-1.720804 -0.260152
-1.138567 1.734316
-1.205953 1.731200
-1.112829 1.793104
-1.072464 1.811700
-1.070643 1.823857
-1.054407 1.812438
-0.964264 1.931350
-1.004242 1.844011
-1.027707 1.945900
-0.931003 1.917889
-1.747449 -0.239006
-0.878353 1.841316
-0.958521 1.904916
-0.909937 1.919398
-0.915232 1.942202
-0.969431 1.898782
-0.912009 1.940229
-0.864678 1.977504
-0.861334 1.992276
-0.804493 2.000637
-0.797095 1.972966
-1.751116 -0.173580
-0.794474 2.060672
-0.693803 1.982180
-0.765374 2.070029
-0.680892 2.047087
-0.769210 2.136321
-0.647750 2.124307
-0.724747 2.102524
-0.625284 2.150215
-0.620813 2.200000
-0.619123 2.171447
-1.828841 -0.257210
-0.552915 2.194034
-0.621869 2.197874
-0.543251 2.309170
-0.491785 2.289550
-0.489965 2.344421
-0.446013 2.145937
-0.398704 2.416650
-0.526195 2.259908
-0.425045 2.323013
-0.504573 2.301913
-1.835146 -0.149879
-0.433067 2.341298
-0.407336 2.424117
-0.367928 2.383054
-0.349089 2.445940
-0.337078 2.365469
-0.321803 2.473183
-0.246637 2.432721
-0.348920 2.504794
-0.141381 2.588447
-0.256978 2.581408
-1.773338 -0.219304
-0.182752 2.562172
-0.201918 2.616126
-0.209113 2.593674
-0.230572 2.544138
-0.119693 2.583801
-0.116351 2.614693
-0.097320 2.686668
-0.088681 2.646521
-0.008302 2.684359
-0.001008 2.690038
-1.782610 -0.095006
0.034765 2.734786
-0.050856 2.698157
0.002170 2.785540
0.038382 2.763690
0.061574 2.763525
0.093103 2.794275
0.136286 2.727888
0.151350 2.716187
0.209381 2.955311
0.276918 2.853528
-1.861838 -0.070260
0.166105 2.851785
0.250317 2.785064
0.285298 2.820786
0.186136 2.833026
0.412566 2.966774
0.322196 2.929558
0.365542 2.937908
0.414112 2.995251
0.438143 2.979364
0.471817 3.018076
-1.783551 -0.108115
0.458619 2.985701
0.419082 3.002776
0.515274 2.950208
0.545649 2.982451
0.511346 3.036973
0.654263 3.065412
0.564796 2.994910
0.541395 3.073924
0.557365 3.032887
0.687447 3.138283
-1.837076 0.023151
0.682858 3.120748
0.753763 3.113708
0.759189 3.089784
0.756921 3.101804
0.845637 3.115831
0.837021 3.125563
0.795793 3.068147
0.865376 3.149858
0.952815 3.046583
1.020945 3.125736
-1.593865 -0.400700
-1.779263 -0.048895
0.995360 3.125165
1.013597 3.115939
0.938586 3.137117
0.989978 3.081630
1.003523 3.135669
1.009837 3.104246
0.993215 3.167005
1.142786 3.042672
1.133293 3.116920
1.140339 3.132227
-1.790792 -0.075131
1.207596 3.000271
1.155690 3.060264
1.286737 3.043592
1.188190 3.043721
1.289019 3.020873
1.330578 3.008027
1.332037 3.009592
1.321235 2.961980
1.316486 2.925146
1.404734 2.943120
-1.836492 0.102154
1.423669 2.961634
1.330232 2.933931
1.435587 2.930494
1.382686 2.953994
1.468747 2.872336
1.478953 2.886030
1.551175 2.780009
1.543557 2.842606
1.486251 2.835981
1.539443 2.769272
-1.795865 0.008709
1.610015 2.703815
1.628109 2.647925
1.593264 2.746914
1.513963 2.801540
1.579069 2.740049
1.647117 2.605910
1.614853 2.683582
1.616398 2.676630
1.727341 2.538064
1.684027 2.626119
-1.808462 0.039420
1.710699 2.497863
1.710689 2.484547
1.642681 2.472267
1.665852 2.449329
1.730528 2.413666
1.742157 2.426821
1.654405 2.383758
1.822068 2.334692
1.745156 2.451532
1.762248 2.237424
-1.845940 0.023589
1.825776 2.310957
1.762812 2.306732
1.779009 2.249860
1.841234 2.215740
1.836899 2.235581
1.844875 2.138950
1.914769 2.118452
1.776409 2.127305
1.815205 2.079317
1.904674 2.027267
-1.800174 0.123650
1.896989 2.056744
1.917053 2.025016
1.813502 1.838105
1.884466 1.943257
1.872253 1.986084
1.921273 1.892795
1.889524 1.854340
1.856958 1.853975
1.843722 1.794173
1.897080 1.787037
-1.795227 0.115200
1.868333 1.826957
1.905227 1.770178
1.881459 1.761088
1.944036 1.778109
1.889652 1.756291
1.865726 1.644112
1.901220 1.737139
1.858049 1.561520
1.799710 1.667242
1.799220 1.518412
-1.871111 0.135300
1.788450 1.540882
1.841057 1.568032
1.778133 1.482965
1.867860 1.538897
1.833456 1.415415
1.687822 1.492152
1.733195 1.478572
1.714259 1.466454
1.671480 1.436639
1.619434 1.369550
-1.856247 0.158924
1.679810 1.382738
1.537730 1.283617
1.588050 1.414825
1.563896 1.329587
1.565678 1.378301
1.513207 1.326653
1.442073 1.303977
1.528594 1.314146
1.477388 1.382335
1.380076 1.311224
-1.686068 -0.404331
-1.828036 0.145798
1.312960 1.249009
1.272915 1.266952
1.329503 1.302973
1.339769 1.278600
1.344739 1.268262
1.250573 1.267859
1.313016 1.303561
1.226763 1.331251
1.234120 1.246226
1.204951 1.286260
-1.795407 0.204685
1.118273 1.234589
1.132340 1.223820
1.078110 1.208581
1.044430 1.286599
1.063334 1.342553
1.018078 1.264220
0.949382 1.226992
1.064705 1.176902
0.987497 1.155151
0.961612 1.370543
-1.883967 0.181632
1.018865 1.225957
0.922863 1.235625
0.909920 1.235537
0.845136 1.216075
0.880670 1.357915
0.772561 1.202390
0.748346 1.265669
0.845798 1.217223
0.762111 1.134411
0.668377 1.158927
-1.796279 0.276961
0.733252 1.193983
0.738189 1.194557
0.633622 1.253972
0.671374 1.203079
0.655705 1.203988
0.465365 1.117271
0.550755 1.132948
0.571228 1.141104
0.543663 1.107335
0.513909 1.074609
-1.821390 0.238350
0.410751 1.082821
0.415595 1.027078
0.449754 1.053298
0.437029 1.061627
0.425229 1.053126
0.404768 1.025479
0.351134 0.995657
0.309906 0.980028
0.292719 0.955548
0.338625 0.998322
-1.799593 0.285494
0.363327 0.980357
0.286179 0.915776
0.187056 0.901806
0.271633 0.888310
0.245029 0.820756
0.251243 0.849079
0.187449 0.810802
0.202914 0.777064
0.201059 0.772255
0.206972 0.777386
-1.804235 0.306548
0.164477 0.782752
0.155011 0.711056
0.188199 0.657788
0.126511 0.684158
0.137425 0.624965
0.062211 0.655044
0.070480 0.607072
0.112058 0.622178
0.089650 0.600579
0.112900 0.502865
-1.829546 0.319836
0.152398 0.532199
0.070837 0.537212
0.071791 0.556231
0.082038 0.401542
0.054142 0.464618
0.083916 0.479564
0.113594 0.346887
0.065381 0.305484
0.017792 0.428218
0.095424 0.283740
-1.797523 0.387037
0.112002 0.263134
0.058776 0.266860
0.107122 0.282219
0.005219 0.197138
0.035727 0.194661
0.068835 0.162333
0.076447 0.085407
0.119508 0.047921
0.111892 0.086971
0.097705 0.071759
-1.768796 0.436911
0.035128 0.016336
0.126336 0.071153
0.148678 0.048795
0.112662 -0.073436
0.052099 0.028116
0.132798 -0.070777
0.075756 -0.113080
0.019612 -0.118712
0.111639 -0.158015
0.126966 -0.099482
-1.737158 -0.390980
-1.820503 0.396097
0.094854 -0.137337
0.091346 -0.223453
0.060818 -0.196180
0.110483 -0.256376
0.157314 -0.305203
0.116316 -0.324704
0.144926 -0.266860
0.134463 -0.286929
0.145230 -0.364441
0.084933 -0.331546
-1.810202 0.414199
0.053217 -0.402710
0.163034 -0.379926
0.062913 -0.409657
0.096226 -0.548873
0.070262 -0.455139
0.098648 -0.482104
0.089382 -0.558280
0.065269 -0.632593
0.054961 -0.616177
0.071957 -0.633154
-1.841718 0.475177
0.038202 -0.676320
0.074773 -0.647802
0.049524 -0.673627
-0.033788 -0.738418
0.015349 -0.791925
-0.039087 -0.843722
0.032577 -0.783325
-0.039550 -0.720344
0.006486 -0.869254
-0.037985 -0.791265
-1.750765 0.425334
-0.090589 -0.877560
-0.088149 -0.824483
-0.133929 -0.868489
-0.103073 -0.784271
-0.134528 -0.887732
-0.175901 -0.939175
-0.135987 -0.859081
-0.143743 -0.926611
-0.173156 -0.914998
-0.240886 -0.984087
-1.777699 0.534621
-0.289333 -0.972309
-0.395025 -0.986736
-0.337488 -0.973093
-0.440067 -0.903520
-0.382806 -0.898637
-0.408423 -0.979995
-0.316805 -1.001515
-0.415245 -0.980969
-0.477555 -1.003486
-0.480229 -1.014792
-1.771053 0.662698
-0.522274 -0.993254
-0.530311 -0.979886
-0.556409 -0.977605
-0.638776 -0.975045
-0.643994 -0.956130
-0.622035 -0.931918
-0.614455 -1.014387
-0.772763 -0.948714
-0.788530 -0.995267
-0.809542 -0.978253
-1.734311 0.626850
-0.709289 -1.015466
-0.847085 -0.956947
-0.835952 -0.947592
-0.801333 -0.969883
-0.894331 -0.900280
-0.910654 -0.964246
-1.022069 -0.909131
-1.056393 -0.887618
-1.037540 -0.878748
-1.042487 -0.897271
-1.753539 0.554911
-0.987522 -0.828887
-1.060142 -0.933868
-1.014781 -0.792875
-1.175822 -0.848465
-1.166457 -0.857018
-1.192404 -0.849585
-1.111696 -0.802081
-1.229487 -0.850419
-1.145418 -0.807809
-1.215591 -0.783968
-1.759476 0.600995
-1.129527 -0.898604
-1.197049 -0.755331
-1.320517 -0.749787
-1.311139 -0.755573
-1.352959 -0.733137
-1.360613 -0.702348
-1.361195 -0.744985
-1.472220 -0.700984
-1.393861 -0.660235
-1.476337 -0.679167
-1.796613 0.522639
-1.439338 -0.647110
-1.474049 -0.624961
-1.453306 -0.658593
-1.435560 -0.635371
-1.545652 -0.576456
-1.535606 -0.563164
-1.518753 -0.527240
-1.468107 -0.621557
-1.548608 -0.578372
-1.564152 -0.506886
-1.669220 -0.354344
-1.753678 0.680208
-1.730286 0.741580
-1.716447 0.660239
-1.733557 0.777293
-1.728430 0.783034
-1.771556 0.748665
-1.798732 0.844230
-1.706675 0.864180
-1.742374 0.826713
-1.776608 0.919791
-1.625633 -0.412384
-1.729016 0.856015
-1.663018 1.061743
-1.673140 0.997421
-1.659385 0.992748
-1.730758 1.025444
-1.680324 1.086191
-1.669135 1.033824
-1.696604 1.002874
-1.684698 1.188171
-1.641124 1.217193
-1.690280 -0.363430
-1.751776 1.129972
-1.599541 1.170110
-1.694071 1.183036
-1.594185 1.236120
-1.571305 1.321691
-1.498473 1.362036
-1.517677 1.324303
-1.653679 1.208505
-1.543944 1.308920
-1.538942 1.378028
-1.752113 -0.292317
-1.513079 1.401493
-1.555554 1.376163
-1.430871 1.505478
-1.488938 1.429703
-1.441970 1.417361
-1.479416 1.452031
-1.431916 1.426778
-1.390873 1.485756
-1.411262 1.500791
-1.325323 1.583080
-1.767456 -0.250282
-1.346151 1.581579
-1.373118 1.530393
-1.365988 1.620875
-1.230048 1.605643
-1.301910 1.683946
-1.272982 1.672951
-1.314815 1.639203
-1.186250 1.719255
-1.270925 1.653333
-1.150380 1.575099
