300 2
0.563234 1.393617
0.462040 1.444440
0.181099 1.549781
-2.056852 -0.520025
-2.056607 -0.454707
-2.031917 -0.528162
-1.965902 -0.616568
-1.982332 -0.624965
-1.936891 -0.692415
-1.963315 -0.757553
-1.918658 -0.744375
-1.863989 -0.828437
-1.848606 -0.859284
0.097760 1.573564
-1.827643 -0.984105
-1.791819 -0.944519
-1.812294 -0.914372
-1.678034 -1.129232
-1.753937 -1.009578
-1.713950 -1.097440
-1.708881 -1.143629
-1.641786 -1.158296
-1.617221 -1.198381
-1.633039 -1.142044
0.057284 1.571387
-1.522961 -1.327951
-1.494457 -1.279201
-1.449335 -1.332164
-1.445934 -1.343576
-1.433968 -1.408326
-1.437693 -1.358751
-1.313699 -1.391091
-1.356218 -1.445095
-1.330885 -1.443901
-1.250120 -1.506777
0.024577 1.586874
-1.183706 -1.547329
-1.246992 -1.550846
-1.100243 -1.604440
-1.144527 -1.524785
-1.075515 -1.612133
-1.051298 -1.632601
-1.005791 -1.695207
-0.939482 -1.705774
-0.986062 -1.736055
-0.904291 -1.741697
0.001389 1.654525
-0.807679 -1.753894
-0.771154 -1.787341
-0.627942 -1.854765
-0.756587 -1.830630
-0.658051 -1.914165
-0.617764 -1.886358
-0.505102 -1.951890
-0.579545 -1.916162
-0.480918 -1.955379
-0.475796 -1.963332
-0.078709 1.607964
-0.395462 -2.034613
-0.428699 -1.997486
-0.394816 -2.019862
-0.314514 -2.062833
-0.316296 -2.048123
-0.260134 -2.078391
-0.165173 -2.121197
-0.041053 -2.210280
-0.188307 -2.122900
-0.109276 -2.179270
-0.139809 1.677862
0.048597 -2.233073
0.007494 -2.200461
0.149009 -2.270344
0.172443 -2.274032
0.062056 -2.247603
0.179490 -2.275957
0.327748 -2.348021
0.358840 -2.335324
0.368764 -2.312235
0.500156 -2.358108
-0.176309 1.666073
0.437364 -2.323467
0.574742 -2.394011
0.587959 -2.344080
0.679214 -2.362448
0.642493 -2.448627
0.727519 -2.404700
0.734963 -2.422085
0.712695 -2.357433
0.825971 -2.380354
0.789690 -2.446554
-0.142935 1.662443
0.902071 -2.371402
1.028304 -2.496346
1.103817 -2.433140
0.993110 -2.385864
1.184468 -2.376832
1.141809 -2.399793
1.154269 -2.409495
1.261843 -2.485882
1.311018 -2.414843
1.320725 -2.411314
-0.168890 1.625979
1.338324 -2.378282
1.389746 -2.365430
1.404705 -2.324111
1.455110 -2.379837
1.471099 -2.375383
1.652439 -2.293021
1.524168 -2.331421
1.670823 -2.307472
1.729997 -2.209837
1.751787 -2.212152
0.498661 1.413728
-0.289051 1.726753
1.868406 -2.224990
1.858562 -2.294588
1.854400 -2.169277
1.944650 -2.133880
1.885836 -2.201413
1.971588 -2.084671
1.985419 -2.126894
2.000991 -2.125066
2.103621 -2.032130
2.140373 -1.992574
-0.347264 1.720965
2.137891 -1.979438
2.165947 -1.936933
2.181908 -1.882653
2.130280 -1.964415
2.248936 -1.792164
2.229494 -1.883916
2.297495 -1.734469
2.277816 -1.693098
2.342655 -1.539837
2.258802 -1.682875
-0.333459 1.749020
2.308731 -1.536338
2.303288 -1.458279
2.334008 -1.549905
2.367158 -1.404751
2.336384 -1.475130
2.302608 -1.392790
2.336823 -1.340930
2.329396 -1.335777
2.266371 -1.234516
2.333126 -1.176438
-0.428726 1.754636
2.342507 -1.205543
2.346344 -1.050814
2.299306 -1.024219
2.307328 -0.952424
2.288598 -0.967546
2.291557 -0.874409
2.274976 -0.833641
2.306339 -0.748149
2.260836 -0.747360
2.290064 -0.735981
-0.428888 1.677092
2.224863 -0.739396
2.245573 -0.538865
2.247257 -0.540797
2.245200 -0.557322
2.274848 -0.338895
2.201432 -0.434802
2.213411 -0.362830
2.178882 -0.413500
2.116484 -0.386989
2.183022 -0.193147
-0.541024 1.789499
2.171431 -0.222461
2.157444 -0.096077
2.161926 -0.160260
2.092494 0.004502
2.079190 0.056677
2.076211 0.023612
2.070008 0.063324
2.029974 0.152489
1.995070 0.221516
1.995429 0.205360
-0.575174 1.742909
1.948062 0.287932
1.897899 0.306869
1.969886 0.302208
1.913997 0.353772
1.871004 0.382622
1.843515 0.434742
1.823195 0.466285
1.772921 0.533310
1.761845 0.532306
1.699973 0.593277
-0.629630 1.771945
1.717358 0.619424
1.665502 0.631463
1.571077 0.737979
1.625187 0.691659
1.550251 0.760478
1.532765 0.824123
1.529694 0.777323
1.461770 0.837172
1.452987 0.851236
1.422597 0.861357
-0.577812 1.701510
1.369373 0.894206
1.428033 0.878678
1.325911 0.986386
1.404941 0.928859
1.212274 1.032403
1.095569 1.134221
1.136687 1.087517
1.041039 1.156948
1.041161 1.154017
0.993113 1.217456
-0.671205 1.794139
1.005742 1.190375
0.841806 1.224194
0.858184 1.256651
0.855697 1.274866
0.765330 1.314408
0.768815 1.310306
0.734850 1.329477
0.728948 1.316470
0.666356 1.365700
0.555738 1.420874
0.393731 1.477420
-0.697228 1.794309
-0.637499 1.760750
-0.822147 1.792436
-0.850368 1.781380
-0.871113 1.756065
-0.928570 1.784204
-0.980138 1.779167
-0.954754 1.769801
-1.142024 1.761152
-1.174063 1.755013
0.467604 1.426460
-1.312641 1.738637
-1.228783 1.735221
-1.301465 1.716241
-1.317984 1.699206
-1.278715 1.695267
-1.440261 1.702652
-1.445101 1.659257
-1.523180 1.645947
-1.533926 1.624570
-1.577923 1.550083
0.361397 1.457222
-1.654703 1.539546
-1.633497 1.603787
-1.604677 1.522196
-1.623495 1.596309
-1.735751 1.456767
-1.725000 1.455626
-1.720308 1.426743
-1.753214 1.415297
-1.777479 1.378924
-1.874770 1.289886
0.279786 1.520229
-1.867128 1.251225
-1.889765 1.264513
-1.901473 1.236521
-1.967755 1.133875
-1.985263 1.066655
-1.963093 1.129350
-1.980644 1.106401
-2.009521 1.004182
-2.009134 1.020019
-2.016810 1.029159
0.251457 1.545317
-2.039792 0.913271
-2.046980 0.847509
-2.045803 0.830810
-2.070125 0.699167
-2.066383 0.736527
-2.074433 0.711112
-2.100612 0.592037
-2.081572 0.619196
-2.078972 0.574712
-2.078495 0.524250
0.287648 1.507217
-2.069876 0.332535
-2.080207 0.327575
-2.129840 0.303916
-2.090785 0.263715
-2.075541 0.216590
-2.154470 0.261775
-2.044495 0.095331
-2.083478 0.125990
-2.130776 0.094207
-2.101729 0.120365
0.183198 1.558406
-2.104573 0.034672
-2.135332 -0.132066
-2.097634 -0.011010
-2.082067 -0.152086
-2.044866 -0.113030
-2.105175 -0.307621
-2.077085 -0.325521
-2.067946 -0.392701
-2.048161 -0.406706
-2.017775 -0.528079
