1000 2
-1.801926 -1.511114
-1.806926 -1.511415
-1.844063 -1.359641
-0.755633 -0.075787
-0.679941 -0.050520
-0.584739 -0.022074
-0.598102 -0.037163
-0.471986 0.041789
-0.524109 0.002498
-0.367893 0.034594
-0.453039 0.028375
-0.457945 0.044968
-0.377681 0.091836
-1.856549 -1.275048
-0.321490 0.045672
-0.274463 0.124325
-0.228195 0.156674
-0.367855 0.114378
-0.192142 0.111222
-0.256600 0.132076
-0.166448 0.171915
-0.149800 0.190640
-0.149400 0.190294
-0.136505 0.212720
-1.853728 -1.335243
-0.130161 0.173534
-0.058984 0.244287
-0.069618 0.241346
-0.068227 0.256774
0.110730 0.304122
0.107056 0.277085
0.069241 0.340838
0.044456 0.305559
0.125823 0.366918
0.099769 0.348928
-1.868391 -1.317176
0.141743 0.348664
0.162455 0.402562
0.228259 0.370104
0.162641 0.330790
0.195220 0.372363
0.242044 0.376554
0.208032 0.406739
0.227052 0.436352
0.218169 0.450998
0.336140 0.440899
-1.910293 -1.286614
0.311145 0.390628
0.244912 0.419658
0.328849 0.441591
0.366234 0.487345
0.347229 0.532617
0.314515 0.479508
0.378768 0.486074
0.387306 0.506866
0.411386 0.498939
0.459358 0.569325
-1.914313 -1.216305
0.435547 0.434327
0.465870 0.559503
0.481697 0.552646
0.487290 0.550953
0.480177 0.546549
0.523317 0.543946
0.543958 0.552877
0.591091 0.591673
0.595886 0.592738
0.587746 0.569808
-1.829375 -1.229370
0.614958 0.608204
0.641732 0.573903
0.721275 0.628537
0.624705 0.583634
0.658555 0.671112
0.730257 0.619658
0.729862 0.619940
0.755918 0.625360
0.726150 0.610106
0.730477 0.641439
-1.910033 -1.188378
0.769572 0.586900
0.803376 0.616824
0.899824 0.666980
0.887292 0.588209
0.861185 0.629259
0.874102 0.620250
0.911796 0.624732
0.942391 0.593104
0.906663 0.648758
0.954388 0.600104
-1.886587 -1.095894
0.982034 0.592767
0.985293 0.651828
0.926679 0.600317
1.030949 0.561846
1.079550 0.552864
1.080610 0.575964
1.088965 0.541400
1.121987 0.502725
1.083788 0.544039
1.112749 0.577185
-1.874944 -1.174006
1.109621 0.538805
1.126866 0.527621
1.184435 0.511850
1.218324 0.506904
1.219112 0.449321
1.220842 0.442719
1.273101 0.361503
1.214055 0.405389
1.254422 0.372668
1.262780 0.380513
-1.866838 -1.429491
-1.871755 -1.135549
1.264964 0.368540
1.292483 0.405674
1.264387 0.314056
1.285134 0.376726
1.311840 0.320029
1.346563 0.267908
1.312425 0.292339
1.352434 0.263892
1.368236 0.236176
1.345308 0.179147
-1.890264 -1.076627
1.414958 0.201430
1.362486 0.163420
1.367959 0.187657
1.412241 0.162877
1.451397 0.159305
1.427718 0.182888
1.496328 0.101463
1.445514 0.130788
1.454865 0.079471
1.503188 0.057928
-1.918739 -1.159734
1.511159 0.044740
1.525853 0.045202
1.528164 0.040231
1.588779 -0.009906
1.624600 -0.062293
1.583447 -0.002318
1.622277 -0.036213
1.599985 -0.012107
1.601315 -0.055848
1.648769 -0.006802
-1.887185 -1.088481
1.613343 -0.075158
1.643354 -0.071388
1.676233 -0.075939
1.703541 -0.110195
1.694079 -0.141659
1.777047 -0.167226
1.738856 -0.169753
1.795012 -0.186194
1.867199 -0.226615
1.788604 -0.230826
-1.852991 -0.997474
1.874157 -0.241056
1.865713 -0.233526
1.920882 -0.269542
1.864656 -0.239082
1.855136 -0.242044
1.882142 -0.241097
1.896983 -0.265370
2.006525 -0.319384
2.004636 -0.310664
2.066278 -0.343669
-1.864308 -1.027291
1.995271 -0.299084
2.020027 -0.296592
2.023306 -0.312903
2.140514 -0.369334
2.122171 -0.363143
2.087947 -0.328835
2.163020 -0.387874
2.150269 -0.348893
2.211577 -0.375572
2.221543 -0.369098
-1.881194 -1.007849
2.190954 -0.358737
2.271134 -0.381998
2.203294 -0.361176
2.313814 -0.368985
2.327048 -0.365315
2.351221 -0.348983
2.361469 -0.348582
2.351722 -0.342686
2.287427 -0.379790
2.384256 -0.378196
-1.855808 -1.050903
2.441661 -0.321695
2.387005 -0.330770
2.462315 -0.281063
2.441185 -0.304121
2.417347 -0.318162
2.498468 -0.236399
2.503498 -0.220888
2.487600 -0.266718
2.518788 -0.217180
2.566130 -0.174766
-1.833140 -0.990386
2.553487 -0.213687
2.537213 -0.204939
2.563127 -0.135889
2.602716 -0.153516
2.600538 -0.089477
2.595202 -0.079533
2.591376 -0.086638
2.584920 -0.007152
2.606797 -0.020330
2.625142 -0.008464
-1.853185 -0.920085
2.648451 0.057304
2.623585 0.078692
2.644510 0.126769
2.652265 0.136613
2.647370 0.147594
2.676389 0.168457
2.632971 0.192788
2.643041 0.163219
2.624025 0.280278
2.641474 0.222168
-1.870960 -1.432138
-1.861118 -0.985772
2.669146 0.262597
2.682867 0.309936
2.643328 0.393217
2.636488 0.356154
2.662729 0.229542
2.631516 0.420881
2.568505 0.458143
2.615939 0.435900
2.613838 0.441911
2.632203 0.502223
-1.822806 -0.986594
2.625299 0.507950
2.597427 0.574431
2.597838 0.650312
2.601202 0.583981
2.574750 0.636822
2.610233 0.577070
2.596138 0.659815
2.574225 0.605200
2.544956 0.757692
2.584324 0.729727
-1.840220 -0.907691
2.575214 0.749449
2.512594 0.797850
2.567293 0.777083
2.477007 0.882031
2.497999 0.879077
2.470183 0.906530
2.490313 0.943962
2.471385 0.939008
2.484300 0.965927
2.482450 0.934956
-1.868233 -0.952726
2.385632 0.915902
2.444592 1.007632
2.450543 1.008848
2.418165 1.061093
2.377483 1.068516
2.387954 1.127895
2.403843 1.091893
2.392262 1.099803
2.339216 1.128753
2.363377 1.121410
-1.841718 -0.858650
2.341450 1.135040
2.335192 1.158663
2.372578 1.115921
2.270885 1.238615
2.271152 1.206520
2.257730 1.196322
2.222276 1.249999
2.269757 1.226695
2.216594 1.282781
2.160508 1.313326
-1.835645 -0.887721
2.143820 1.316607
2.137199 1.310440
2.147971 1.320194
2.050502 1.396467
2.141917 1.313668
2.060978 1.374493
2.067778 1.384396
2.090952 1.359068
2.052023 1.389708
2.019261 1.413169
-1.826392 -0.843349
1.958776 1.454241
1.962187 1.439241
1.992393 1.447240
1.920042 1.436968
1.922928 1.484280
1.897496 1.480810
1.859099 1.449434
1.777286 1.561428
1.890436 1.481508
1.872635 1.444742
-1.798904 -0.811862
1.811186 1.519075
1.824114 1.532829
1.820857 1.532546
1.769476 1.503432
1.780258 1.551371
1.752635 1.537994
1.706249 1.564788
1.694953 1.588262
1.685531 1.596214
1.630249 1.636080
-1.797430 -0.834008
1.574339 1.641868
1.640615 1.611359
1.669214 1.619776
1.596757 1.665678
1.591675 1.667355
1.584772 1.653916
1.547200 1.707807
1.577821 1.681463
1.529679 1.678916
1.501664 1.750600
-1.793959 -0.756297
1.483491 1.773399
1.483640 1.752630
1.482081 1.809403
1.501883 1.794395
1.484248 1.829383
1.406315 1.906994
1.465963 1.890011
1.440434 1.854853
1.458631 1.814634
1.428427 1.911947
-1.850422 -1.449122
-1.796235 -0.777017
1.434563 1.901922
1.410910 1.934017
1.391756 1.917661
1.389600 1.993993
1.393249 1.976578
1.371702 2.012499
1.367199 2.039785
1.392498 1.988814
1.339560 2.065277
1.319299 2.098589
-1.731154 -0.759351
1.327093 2.084721
1.246280 2.176205
1.297122 2.124976
1.266956 2.144768
1.253705 2.182492
1.304343 2.141924
1.260550 2.193430
1.217570 2.267603
1.244791 2.247738
1.236647 2.217998
-1.762691 -0.733060
1.198007 2.229789
1.221654 2.262968
1.199971 2.291935
1.157304 2.336781
1.145169 2.242841
1.198749 2.337542
1.145552 2.350209
1.108371 2.434027
1.123982 2.385736
1.041317 2.449036
-1.725325 -0.647835
1.116982 2.382974
1.001618 2.375971
1.065590 2.438597
1.055230 2.455132
1.047389 2.435951
0.963215 2.531913
0.938989 2.540394
0.967378 2.534246
0.926904 2.529312
0.944220 2.570781
-1.720130 -0.619364
0.888178 2.545762
0.876466 2.552342
0.934992 2.519858
0.844639 2.570819
0.861603 2.555483
0.846343 2.519846
0.863306 2.550030
0.801389 2.584825
0.842142 2.609915
0.750955 2.592941
-1.717974 -0.639930
0.719700 2.607289
0.729549 2.584168
0.715098 2.609026
0.668995 2.616749
0.633255 2.595481
0.681806 2.609933
0.613221 2.628458
0.595472 2.609523
0.493333 2.622130
0.515047 2.633833
-1.729457 -0.669891
0.546133 2.631108
0.522506 2.627039
0.503341 2.621076
0.553288 2.625458
0.425923 2.634141
0.430797 2.652989
0.371286 2.588967
0.427437 2.621336
0.387450 2.636311
0.287946 2.638386
-1.672708 -0.559395
0.351254 2.616694
0.269189 2.610484
0.320841 2.610715
0.293105 2.616760
0.277151 2.616223
0.223732 2.610888
0.227595 2.599061
0.177642 2.576449
0.186225 2.625183
0.175715 2.604418
-1.676090 -0.557749
0.159009 2.604395
0.161586 2.585841
0.134371 2.585360
0.172816 2.542594
0.083458 2.572524
0.086611 2.568490
0.057355 2.566051
0.065257 2.593106
-0.068963 2.491868
0.020442 2.563174
-1.654727 -0.544518
-0.054016 2.554398
-0.001752 2.610408
-0.140223 2.508415
-0.069537 2.558059
-0.088745 2.526388
-0.090530 2.518235
-0.158461 2.548782
-0.153185 2.534255
-0.143988 2.525920
-0.219059 2.530264
-1.851852 -1.424496
-1.640221 -0.530716
-0.233390 2.488342
-0.183106 2.507458
-0.272853 2.509848
-0.239838 2.520092
-0.262187 2.513317
-0.307492 2.479399
-0.322553 2.495765
-0.326820 2.507143
-0.419280 2.494470
-0.400419 2.484169
-1.622385 -0.515587
-0.362318 2.487469
-0.443102 2.491511
-0.477467 2.486783
-0.459579 2.501160
-0.522507 2.470325
-0.460711 2.469585
-0.496461 2.477585
-0.540758 2.469345
-0.580584 2.475348
-0.549539 2.495341
-1.641264 -0.519220
-0.662680 2.502091
-0.653162 2.499496
-0.636388 2.472604
-0.670170 2.468274
-0.642801 2.463669
-0.728006 2.441731
-0.712274 2.446158
-0.678337 2.471855
-0.778385 2.455579
-0.697031 2.447615
-1.588188 -0.459120
-0.769200 2.487516
-0.831947 2.471133
-0.883645 2.447129
-0.770833 2.420876
-0.907244 2.429498
-0.851445 2.460185
-0.941629 2.435462
-0.922081 2.485373
-0.967276 2.435999
-0.921128 2.463127
-1.606123 -0.488137
-1.023015 2.400008
-0.982301 2.423196
-0.989835 2.431217
-1.054980 2.410209
-1.025219 2.402457
-1.085758 2.407387
-1.166160 2.383749
-1.114654 2.361737
-1.149913 2.401183
-1.163966 2.355112
-1.583205 -0.472461
-1.158395 2.327081
-1.207315 2.347221
-1.243581 2.327070
-1.245950 2.341468
-1.250916 2.317284
-1.302371 2.277120
-1.218979 2.333495
-1.303652 2.262189
-1.337422 2.282945
-1.244763 2.297155
-1.553839 -0.446654
-1.311525 2.274796
-1.335548 2.213059
-1.374360 2.204483
-1.354627 2.220642
-1.375811 2.129823
-1.404623 2.121170
-1.389155 2.168491
-1.394661 2.081181
-1.395712 2.193046
-1.432749 2.094442
-1.498618 -0.406449
-1.442852 2.116562
-1.438504 2.084188
-1.415286 2.068698
-1.424352 2.072584
-1.484662 1.986858
-1.444905 1.937868
-1.441131 1.974996
-1.493533 1.840073
-1.431686 1.885752
-1.436017 1.825390
-1.578815 -0.467409
-1.487983 1.854791
-1.475828 1.834142
-1.490102 1.842018
-1.468871 1.732224
-1.483588 1.778681
-1.451303 1.771358
-1.447380 1.753246
-1.472957 1.700098
-1.477135 1.716000
-1.419741 1.682331
-1.489261 -0.381097
-1.452813 1.631437
-1.513162 1.626216
-1.472923 1.578988
-1.472401 1.644032
-1.466337 1.546656
-1.496933 1.545282
-1.447668 1.551677
-1.444734 1.556229
-1.402517 1.465108
-1.446074 1.483143
-1.851986 -1.406094
-1.450013 -0.339131
-1.382457 1.409042
-1.435747 1.492258
-1.449172 1.479749
-1.401574 1.407875
-1.396872 1.417667
-1.382328 1.393194
-1.361094 1.344341
-1.328233 1.278016
-1.369647 1.343464
-1.344084 1.284638
-1.448537 -0.374533
-1.303896 1.286003
-1.292644 1.262330
-1.299022 1.253554
-1.320860 1.269615
-1.276579 1.238145
-1.279794 1.259066
-1.305018 1.262231
-1.238680 1.197992
-1.218427 1.166141
-1.226764 1.168082
-1.488966 -0.389523
-1.208587 1.146035
-1.207088 1.146303
-1.188023 1.141544
-1.210442 1.159802
-1.160620 1.098822
-1.099570 1.035632
-1.093543 1.021631
-1.033893 1.013292
-1.098253 1.000246
-0.976184 0.921830
-1.448738 -0.370151
-1.035075 0.978060
-0.984060 0.950092
-1.032818 1.026012
-1.034819 0.927128
-0.922110 0.915893
-0.948563 0.913866
-0.942961 0.864261
-0.894927 0.908977
-0.904810 0.865655
-0.921549 0.796834
-1.408226 -0.358741
-0.899705 0.895497
-0.887569 0.869560
-0.826684 0.795901
-0.839365 0.798323
-0.829591 0.814442
-0.766293 0.738385
-0.780702 0.750563
-0.773737 0.733075
-0.770841 0.748191
-0.698916 0.683809
-1.360313 -0.360790
-0.693434 0.696199
-0.689986 0.631712
-0.714690 0.658597
-0.688051 0.602381
-0.708780 0.660900
-0.692541 0.627650
-0.692304 0.639617
-0.646537 0.556724
-0.628820 0.540212
-0.598378 0.497070
-1.353523 -0.317963
-0.637561 0.540173
-0.616214 0.490192
-0.625178 0.505283
-0.565344 0.384110
-0.535437 0.302490
-0.530393 0.333541
-0.490696 0.203280
-0.470928 0.268954
-0.500001 0.263404
-0.491476 0.224878
-1.367483 -0.320830
-0.471470 0.203726
-0.414206 0.118721
-0.486369 0.081198
-0.437319 0.140380
-0.370114 -0.086478
-0.360019 0.043112
-0.349925 -0.079815
-0.292709 -0.163242
-0.324920 -0.080072
-0.353422 -0.096799
-1.318339 -0.316102
-0.307595 -0.148149
-0.296565 -0.176558
-0.265283 -0.165475
-0.252850 -0.226602
-0.275110 -0.250926
-0.243048 -0.257525
-0.226374 -0.244495
-0.194466 -0.293284
-0.125508 -0.356486
-0.159489 -0.305441
-1.376713 -0.307674
-0.164287 -0.313411
-0.115500 -0.358480
-0.100103 -0.375925
-0.122370 -0.369073
-0.133090 -0.361379
-0.066630 -0.407382
0.014376 -0.460029
-0.043876 -0.410890
-0.007037 -0.388083
-0.007930 -0.443085
-1.881416 -1.453402
-1.261213 -0.321713
0.048294 -0.462154
0.033635 -0.494234
0.124696 -0.530349
0.097311 -0.484821
0.165822 -0.522949
0.205476 -0.516344
0.189212 -0.538185
0.211822 -0.570626
0.179940 -0.536717
0.277474 -0.582018
-1.293724 -0.270472
0.216725 -0.582797
0.250139 -0.551368
0.276125 -0.559025
0.313509 -0.615288
0.376142 -0.652567
0.373112 -0.639943
0.369020 -0.630743
0.384166 -0.601744
0.333420 -0.626688
0.480889 -0.707179
-1.271359 -0.293665
0.483437 -0.682955
0.394719 -0.672604
0.436018 -0.643057
0.438805 -0.656433
0.546553 -0.731782
0.468665 -0.678311
0.566145 -0.737359
0.550747 -0.721366
0.637976 -0.791809
0.564459 -0.751723
-1.230893 -0.246818
0.691735 -0.793023
0.622876 -0.770196
0.623157 -0.852819
0.727896 -0.821603
0.713006 -0.775056
0.735078 -0.835693
0.773069 -0.836260
0.810737 -0.919450
0.800517 -0.865744
0.867354 -0.908075
-1.252704 -0.312116
0.859305 -0.884602
0.855581 -0.906482
0.833502 -0.910828
0.878309 -0.905479
0.922278 -0.915908
0.900672 -0.922445
1.009033 -0.945855
0.949046 -0.953394
0.947148 -0.963487
0.966906 -0.961300
-1.189490 -0.281675
1.051281 -1.005137
0.998811 -0.967501
1.008322 -0.955329
1.068384 -0.960795
1.024195 -0.986379
1.095868 -1.023399
1.109296 -1.021953
1.114577 -1.036734
1.133660 -1.044833
1.151603 -1.054194
-1.176027 -0.265280
1.128312 -1.057995
1.152568 -1.038504
1.210887 -1.060276
1.212349 -1.096331
1.296658 -1.104087
1.311071 -1.142546
1.311782 -1.138097
1.267553 -1.124355
1.343827 -1.170678
1.334853 -1.212218
-1.170420 -0.267318
1.361933 -1.205349
1.462427 -1.181874
1.411184 -1.208108
1.439324 -1.233407
1.438957 -1.233040
1.447768 -1.254754
1.440298 -1.248251
1.444522 -1.245403
1.494620 -1.324678
1.539084 -1.351887
-1.045026 -0.224986
1.469912 -1.323775
1.536811 -1.364695
1.538176 -1.363461
1.588153 -1.388784
1.517257 -1.351291
1.533493 -1.429973
1.567909 -1.454623
1.571693 -1.464518
1.591273 -1.454507
1.564864 -1.514476
-1.082210 -0.271497
1.585202 -1.560052
1.564120 -1.523881
1.523637 -1.603921
1.580202 -1.568610
1.568097 -1.612822
1.587685 -1.625158
1.602160 -1.624821
1.628830 -1.664801
1.572666 -1.647965
1.536651 -1.692393
-1.879072 -1.349796
-1.093024 -0.248182
1.568002 -1.716012
1.559845 -1.717384
1.568692 -1.746637
1.541314 -1.838782
1.525561 -1.776604
1.581576 -1.764435
1.516714 -1.826995
1.486537 -1.842427
1.508052 -1.854917
1.386031 -1.797925
-1.038183 -0.199671
1.474504 -1.869917
1.412146 -1.921011
1.418594 -1.932491
1.409662 -1.925888
1.401429 -1.948990
1.388405 -1.961364
1.352859 -1.988490
1.352649 -1.968604
1.327837 -2.015978
1.338207 -1.953374
-1.080737 -0.218900
1.310264 -1.991866
1.208713 -1.994438
1.313374 -1.977798
1.236291 -2.029368
1.223277 -2.036111
1.220670 -2.030745
1.234381 -2.005966
1.186053 -2.061200
1.180902 -2.045330
1.136864 -2.055143
-1.003082 -0.197588
1.147759 -2.092299
1.096316 -2.056254
1.152728 -2.051605
1.146389 -2.086954
1.120221 -2.039629
1.021611 -2.080588
0.996500 -2.115021
0.941377 -2.082444
0.943631 -2.065279
1.025248 -2.083276
-1.055402 -0.209347
0.899292 -2.093143
0.854794 -2.149896
0.810136 -2.120116
0.855279 -2.112585
0.812687 -2.116580
0.827996 -2.117042
0.854975 -2.103272
0.814437 -2.086443
0.742182 -2.122708
0.752513 -2.098359
-0.992820 -0.208214
0.733761 -2.090379
0.710057 -2.120249
0.771815 -2.164233
0.711279 -2.124953
0.675454 -2.095912
0.677889 -2.054457
0.606726 -2.122957
0.599010 -2.102402
0.565727 -2.074750
0.639288 -2.130452
-0.971907 -0.186877
0.574826 -2.042493
0.516697 -2.076739
0.461671 -2.042282
0.500598 -2.075814
0.439548 -2.086264
0.414785 -2.045264
0.416152 -2.098466
0.421630 -2.077439
0.345505 -2.097843
0.367687 -2.078842
-0.921406 -0.172501
0.314129 -2.049995
0.263189 -2.030371
0.225168 -2.048218
0.247614 -2.015449
0.299688 -2.050032
0.223908 -2.060313
0.210022 -2.076037
0.209823 -2.063603
0.158914 -2.006298
0.216314 -2.071801
-0.903338 -0.158299
0.143415 -2.006604
0.071197 -2.019120
0.097112 -2.013213
-0.002076 -1.994982
0.035356 -2.046906
0.029194 -2.024474
0.037456 -2.031772
0.011630 -2.000937
0.035401 -2.001343
-0.022212 -2.016445
-0.900305 -0.147147
-0.052324 -2.019756
-0.074189 -2.012612
-0.108432 -2.009798
-0.142998 -2.029512
-0.141855 -2.023642
-0.135465 -2.025692
-0.143913 -2.036189
-0.214852 -2.032507
-0.268047 -2.026314
-0.250632 -2.021924
-1.902223 -1.354580
-0.905919 -0.151253
-0.258838 -2.019195
-0.271654 -2.021919
-0.300792 -2.046258
-0.279387 -2.024911
-0.437945 -1.957995
-0.319246 -2.034392
-0.438126 -1.945628
-0.334822 -2.012182
-0.384632 -1.997810
-0.377288 -2.027770
-0.822812 -0.177270
-0.457253 -2.069138
-0.413007 -2.062085
-0.367459 -2.033182
-0.462079 -2.062341
-0.560818 -2.140299
-0.516740 -2.099093
-0.490792 -2.078922
-0.548002 -2.103126
-0.580512 -2.152870
-0.600563 -2.152761
-0.819109 -0.177937
-0.605565 -2.126093
-0.616831 -2.130548
-0.643034 -2.151942
-0.653170 -2.166967
-0.674491 -2.159769
-0.670269 -2.136602
-0.707141 -2.158177
-0.705143 -2.163978
-0.702483 -2.231148
-0.772470 -2.162496
-0.870975 -0.148341
-0.804508 -2.169673
-0.790372 -2.172699
-0.792606 -2.196935
-0.807779 -2.184879
-0.873773 -2.157273
-0.836416 -2.171618
-0.871809 -2.164446
-0.885844 -2.203259
-0.879090 -2.151739
-0.898623 -2.164024
-0.825666 -0.101782
-0.934229 -2.185170
-0.972580 -2.178990
-0.983483 -2.136051
-0.974129 -2.179488
-1.031602 -2.201266
-1.095419 -2.113164
-1.079355 -2.147923
-1.135194 -2.157565
-1.093588 -2.111088
-1.045558 -2.105337
-0.817536 -0.119711
-1.196868 -2.150537
-1.217685 -2.186970
-1.175948 -2.143401
-1.210754 -2.149175
-1.221696 -2.169186
-1.194546 -2.141565
-1.284754 -2.123170
-1.282609 -2.116964
-1.327806 -2.100467
-1.325986 -2.085307
-0.724733 -0.065269
-1.273475 -2.129065
-1.360236 -2.080799
-1.338477 -2.129971
-1.417888 -2.047145
-1.294417 -2.088890
-1.343786 -2.057834
-1.364577 -2.083204
-1.449040 -1.993588
-1.419136 -2.004371
-1.451616 -2.025877
-0.733620 -0.081990
-1.428421 -2.004388
-1.485019 -1.992190
-1.483520 -2.054740
-1.507838 -1.936202
-1.474507 -1.954946
-1.566251 -1.904858
-1.508112 -1.891420
-1.589657 -1.887237
-1.542865 -1.908360
-1.557844 -1.878354
-0.716389 -0.085736
-1.594452 -1.855811
-1.580672 -1.859642
-1.607890 -1.854305
-1.665836 -1.794241
-1.716989 -1.757914
-1.663990 -1.768459
-1.653650 -1.746810
-1.672091 -1.791780
-1.710463 -1.700498
-1.706730 -1.720896
-0.742886 -0.088748
-1.711310 -1.640817
-1.711090 -1.720903
-1.752314 -1.713611
-1.766642 -1.645122
-1.713473 -1.671836
-1.794214 -1.587881
-1.780407 -1.611992
-1.796417 -1.558409
-1.812533 -1.520428
-1.787997 -1.582149
