1000 2
-0.358692 1.456007
-0.338221 1.505144
-0.185274 1.441093
1.406014 0.011168
1.379654 -0.081431
1.417464 -0.061765
1.466311 -0.084527
1.446498 -0.074912
1.415152 -0.079883
1.402559 -0.161911
1.403054 -0.138292
1.415186 -0.139253
1.437615 -0.179593
-0.051310 1.398629
1.365778 -0.316897
1.438372 -0.198470
1.432025 -0.282801
1.440717 -0.230358
1.385369 -0.265501
1.435321 -0.325612
1.423806 -0.353466
1.413383 -0.400832
1.423784 -0.440215
1.431322 -0.416397
-0.149435 1.408781
1.351069 -0.456534
1.410232 -0.496073
1.423025 -0.510886
1.422388 -0.513362
1.436130 -0.487401
1.415316 -0.550931
1.390932 -0.564752
1.408088 -0.577178
1.387030 -0.571577
1.386954 -0.685953
-0.072478 1.381559
1.387587 -0.649074
1.347970 -0.715025
1.336116 -0.695105
1.351735 -0.721966
1.360408 -0.763189
1.325230 -0.717236
1.343892 -0.740793
1.357117 -0.777176
1.362026 -0.743257
1.233814 -0.849637
-0.127573 1.436994
1.271788 -0.813429
1.254147 -0.826558
1.248975 -0.856694
1.299119 -0.844826
1.254473 -0.906952
1.263023 -0.849920
1.171057 -0.943188
1.240291 -0.843724
1.192057 -0.908393
1.211851 -0.919847
0.011302 1.341018
1.156571 -0.889483
1.124158 -0.942801
1.152222 -0.939466
1.115369 -0.918657
1.127671 -0.932286
1.104927 -0.893900
1.049472 -0.937510
1.023709 -0.921072
1.058286 -0.942714
1.065450 -0.952591
0.001887 1.314492
1.034845 -0.944459
0.960295 -0.938485
0.960071 -0.906213
0.924870 -0.907319
0.927313 -0.892949
0.935444 -0.900527
0.961869 -0.906774
0.876714 -0.875337
0.903455 -0.892729
0.854730 -0.826309
0.036752 1.374601
0.833835 -0.838627
0.862219 -0.825688
0.811102 -0.818432
0.809347 -0.778293
0.808597 -0.806805
0.823572 -0.704449
0.762605 -0.766397
0.758230 -0.755898
0.749924 -0.730436
0.738744 -0.735214
0.043485 1.343784
0.675469 -0.729181
0.722735 -0.668181
0.743058 -0.738809
0.579627 -0.625466
0.663105 -0.588233
0.669117 -0.646456
0.624770 -0.608748
0.621240 -0.593964
0.625239 -0.583271
0.654146 -0.559517
-0.004447 1.319215
0.591476 -0.572599
0.554187 -0.527390
0.572523 -0.548282
0.450337 -0.467436
0.508601 -0.519901
0.464028 -0.506931
0.420725 -0.440491
0.455481 -0.460372
0.467846 -0.482780
0.462950 -0.501177
-0.274622 1.432607
0.037488 1.349102
0.391069 -0.442163
0.405919 -0.497003
0.411433 -0.440459
0.319692 -0.412120
0.390685 -0.454877
0.304945 -0.401800
0.333741 -0.426380
0.315970 -0.360023
0.253893 -0.376954
0.234729 -0.439980
0.047919 1.345615
0.285113 -0.404895
0.161351 -0.408694
0.169036 -0.375036
0.184800 -0.399544
0.120671 -0.409061
0.175770 -0.392941
0.156456 -0.395803
0.143334 -0.381794
0.115119 -0.402337
0.123964 -0.391585
0.108827 1.314277
0.071402 -0.405388
0.066628 -0.435386
0.026585 -0.443572
0.016888 -0.420404
0.034224 -0.444259
0.004348 -0.425406
0.021648 -0.461201
0.004755 -0.470748
-0.033495 -0.502053
-0.107181 -0.537657
0.107097 1.293317
-0.092681 -0.558524
-0.071303 -0.486041
-0.144072 -0.601648
-0.129767 -0.599364
-0.072699 -0.522910
-0.190264 -0.587189
-0.117426 -0.602874
-0.167082 -0.699408
-0.126857 -0.656613
-0.150067 -0.618987
0.153259 1.280379
-0.195278 -0.718659
-0.185234 -0.710702
-0.201494 -0.730335
-0.206808 -0.769845
-0.239657 -0.815490
-0.226343 -0.790018
-0.212649 -0.800251
-0.277379 -0.801458
-0.279070 -0.923805
-0.257946 -0.887442
0.141155 1.252905
-0.266321 -0.915319
-0.317090 -0.964006
-0.233278 -0.880831
-0.249748 -0.874256
-0.294975 -0.972305
-0.277666 -0.957788
-0.303279 -0.978378
-0.251026 -1.023235
-0.317759 -1.026884
-0.324610 -1.081257
0.177960 1.249227
-0.310514 -1.052534
-0.322283 -1.096798
-0.334681 -1.011505
-0.343058 -1.149392
-0.297108 -1.165802
-0.324006 -1.182745
-0.318082 -1.240063
-0.303913 -1.142490
-0.359963 -1.088583
-0.339214 -1.243886
0.225235 1.218769
-0.331892 -1.261315
-0.315835 -1.275982
-0.393303 -1.273892
-0.344189 -1.335433
-0.337324 -1.301827
-0.318136 -1.321904
-0.327846 -1.343901
-0.348663 -1.374204
-0.384370 -1.359882
-0.343296 -1.370805
0.242933 1.218833
-0.304688 -1.451458
-0.318095 -1.448428
-0.320373 -1.495870
-0.341347 -1.508341
-0.320830 -1.521271
-0.286781 -1.595508
-0.320016 -1.582077
-0.276499 -1.514470
-0.296980 -1.596048
-0.340640 -1.568854
0.301603 1.160435
-0.245857 -1.663463
-0.267316 -1.657983
-0.240609 -1.708761
-0.263626 -1.685297
-0.264373 -1.720524
-0.213989 -1.758172
-0.213425 -1.727578
-0.223250 -1.747653
-0.211007 -1.754009
-0.206849 -1.747254
-0.286090 1.461248
0.210643 1.210360
-0.240949 -1.801630
-0.199503 -1.815190
-0.174231 -1.855472
-0.184050 -1.829155
-0.171948 -1.862286
-0.150356 -1.917586
-0.147270 -1.896402
-0.118153 -1.958436
-0.163994 -1.904711
-0.148972 -1.915244
0.235769 1.178708
-0.091258 -1.975533
-0.101838 -2.005912
-0.116067 -1.990509
-0.046849 -2.075635
-0.050463 -2.025167
-0.024932 -2.106535
0.002109 -2.148375
-0.088333 -2.013151
0.030264 -2.180526
-0.001089 -2.155859
0.510786 1.039011
0.028645 -2.182983
0.105991 -2.224608
0.020456 -2.151450
0.039903 -2.184556
0.054139 -2.213247
0.065503 -2.233815
0.158084 -2.287844
0.123601 -2.272520
0.122376 -2.277622
0.118523 -2.285415
0.431976 1.099979
0.128561 -2.274649
0.178527 -2.337260
0.150067 -2.304662
0.192157 -2.302604
0.241210 -2.352355
0.243475 -2.390365
0.291792 -2.438435
0.251931 -2.400500
0.277924 -2.421816
0.265208 -2.407127
0.477909 1.069752
0.260912 -2.409524
0.360178 -2.478115
0.360971 -2.482705
0.335496 -2.454081
0.359247 -2.461036
0.405139 -2.492611
0.394949 -2.480211
0.411285 -2.500269
0.422076 -2.519179
0.453207 -2.464380
0.482350 1.012243
0.474974 -2.521517
0.487386 -2.504887
0.551289 -2.553620
0.555855 -2.542840
0.511396 -2.555231
0.570938 -2.540448
0.599511 -2.574084
0.559679 -2.520591
0.667833 -2.571320
0.635183 -2.564850
0.549568 0.980657
0.728751 -2.567938
0.677409 -2.586626
0.718252 -2.618529
0.642592 -2.558338
0.737242 -2.555958
0.755203 -2.555024
0.720349 -2.551239
0.818422 -2.540183
0.861077 -2.548552
0.815657 -2.531276
0.529554 1.044176
0.843135 -2.588727
0.900555 -2.534087
0.850329 -2.515065
0.898824 -2.545958
0.883754 -2.532849
0.992571 -2.518372
0.995067 -2.486008
0.997192 -2.480708
0.990640 -2.425256
1.099932 -2.467630
0.473422 0.992448
1.074922 -2.449261
1.033101 -2.469091
1.026716 -2.511806
1.100170 -2.471557
1.107793 -2.463190
1.147604 -2.438015
1.225763 -2.419133
1.156361 -2.434725
1.176138 -2.418561
1.269482 -2.421490
0.617126 0.964395
1.285563 -2.386624
1.303305 -2.382132
1.394192 -2.394540
1.311418 -2.425505
1.449261 -2.364932
1.370072 -2.406309
1.416274 -2.397286
1.432996 -2.382572
1.469379 -2.368298
1.426499 -2.383461
-0.340700 1.475977
0.575997 0.983390
1.469925 -2.364221
1.504592 -2.337037
1.498454 -2.360337
1.519597 -2.344236
1.626391 -2.283454
1.548121 -2.320158
1.602664 -2.318792
1.667208 -2.243449
1.649811 -2.275519
1.634390 -2.279942
0.618566 0.948971
1.669332 -2.248134
1.673961 -2.246126
1.695390 -2.246294
1.745185 -2.145566
1.749840 -2.185004
1.772688 -2.189288
1.797325 -2.157469
1.777902 -2.173041
1.762416 -2.168689
1.840000 -2.122227
0.621043 0.935719
1.872741 -2.143305
1.839998 -2.096709
1.840794 -2.092188
1.891046 -2.054909
1.845783 -2.052826
1.893229 -2.071107
1.993535 -1.984029
1.964610 -2.014050
2.013760 -1.958324
2.023673 -1.927682
0.597077 0.962133
2.001675 -1.960844
2.024253 -1.908435
2.048436 -1.914643
2.036341 -1.900681
2.080893 -1.881191
2.099170 -1.876966
2.102750 -1.865049
2.120868 -1.860975
2.148047 -1.808707
2.147458 -1.811054
0.700220 0.891243
2.109186 -1.828016
2.168694 -1.772067
2.145250 -1.798643
2.198914 -1.724038
2.202462 -1.716228
2.195814 -1.716153
2.264413 -1.628040
2.222306 -1.697122
2.251304 -1.658868
2.282062 -1.604826
0.739982 0.855783
2.289894 -1.569025
2.271658 -1.588100
2.251704 -1.644149
2.298395 -1.554656
2.310051 -1.476426
2.329521 -1.471655
2.337103 -1.450417
2.321857 -1.480039
2.305784 -1.480939
2.349736 -1.366237
0.660271 0.927572
2.358517 -1.392578
2.386026 -1.321861
2.373008 -1.344378
2.395684 -1.276356
2.392865 -1.318633
2.384510 -1.270515
2.401153 -1.223584
2.431629 -1.140824
2.436506 -1.166172
2.411173 -1.154514
0.796029 0.897896
2.364754 -1.228148
2.420536 -1.164258
2.455843 -1.075067
2.425343 -1.156659
2.453536 -1.065269
2.472972 -0.971948
2.458427 -0.983889
2.479783 -0.975402
2.458732 -1.053761
2.492163 -0.866093
0.800294 0.828513
2.498527 -0.862099
2.478904 -0.881204
2.487251 -0.826866
2.494301 -0.776176
2.472320 -0.824404
2.506825 -0.762458
2.541895 -0.759721
2.540532 -0.706148
2.517130 -0.672927
2.497042 -0.699927
0.798700 0.867115
2.524432 -0.666645
2.505074 -0.641438
2.505711 -0.550841
2.538377 -0.599069
2.530988 -0.543164
2.498075 -0.544001
2.536067 -0.487967
2.550608 -0.447909
2.487803 -0.460119
2.534746 -0.471013
-0.297184 1.452303
0.800380 0.827734
2.509240 -0.325904
2.543674 -0.420031
2.530201 -0.351216
2.538807 -0.329438
2.518982 -0.329492
2.530276 -0.324129
2.547035 -0.233743
2.539112 -0.257038
2.537792 -0.115158
2.535077 -0.171820
0.778199 0.813177
2.525552 -0.097068
2.520888 -0.103556
2.534729 -0.106190
2.536356 -0.084640
2.516093 -0.046386
2.522360 -0.041541
2.461585 0.027269
2.516150 0.013523
2.514646 0.048069
2.511804 0.065573
0.848163 0.775930
2.516920 0.087080
2.490470 0.110952
2.476433 0.140108
2.459974 0.235129
2.477171 0.216315
2.492819 0.189201
2.458163 0.258665
2.474606 0.227899
2.463529 0.285365
2.476724 0.242933
0.856232 0.776006
2.403571 0.330254
2.476722 0.299319
2.461794 0.325878
2.457953 0.336802
2.449885 0.436237
2.456609 0.462280
2.373851 0.406688
2.431837 0.475211
2.444867 0.512867
2.437460 0.468498
0.889208 0.721043
2.390913 0.612491
2.395314 0.577412
2.422584 0.461918
2.414567 0.632431
2.373609 0.644467
2.364500 0.732256
2.372427 0.734833
2.341462 0.750710
2.399829 0.756181
2.310400 0.767345
0.884897 0.769105
2.332469 0.744292
2.327641 0.815807
2.344680 0.874489
2.346136 0.826114
2.358952 0.857769
2.301963 0.960092
2.277958 0.942354
2.300342 0.907349
2.274445 0.963859
2.294355 0.959191
0.927336 0.773390
2.279849 0.990315
2.240745 1.047064
2.280582 1.013841
2.205934 1.032605
2.234017 1.078614
2.175837 1.187536
2.232184 1.121658
2.178030 1.169953
2.193659 1.172799
2.148979 1.239952
0.944994 0.710511
2.181953 1.179921
2.125602 1.302094
2.124166 1.271021
2.096641 1.327838
2.082398 1.361255
2.055147 1.423305
2.091755 1.333104
2.031012 1.436728
2.009803 1.410297
1.990415 1.465981
0.901040 0.789652
2.000032 1.468785
1.976563 1.471593
1.965767 1.505905
1.898117 1.527033
1.944623 1.509065
1.927337 1.523939
1.889308 1.563435
1.916813 1.584517
1.856545 1.582415
1.829025 1.598061
0.938450 0.695279
1.798950 1.592025
1.848082 1.601806
1.825695 1.626634
1.731824 1.610353
1.684617 1.687526
1.690226 1.620680
1.726381 1.664961
1.711600 1.643929
1.696881 1.691477
1.672320 1.669412
-0.203966 1.432059
0.956604 0.694838
1.648723 1.702112
1.635592 1.695435
1.583745 1.721205
1.527814 1.718563
1.521630 1.718049
1.516094 1.698441
1.476338 1.741953
1.496844 1.729821
1.513693 1.719586
1.418776 1.748898
0.899050 0.686980
1.407166 1.749644
1.387455 1.735904
1.330776 1.752194
1.361435 1.731435
1.314271 1.731894
1.385377 1.753262
1.268277 1.732318
1.250071 1.724080
1.277153 1.732046
1.178668 1.743948
1.053183 0.634891
1.182666 1.745193
1.127831 1.707847
1.037213 1.690211
1.080219 1.714274
1.119084 1.734398
1.011372 1.693852
0.953315 1.688691
1.071650 1.681726
0.900129 1.643036
0.893124 1.619874
0.915934 0.674854
0.974531 1.675732
0.949120 1.632513
0.916655 1.613241
0.846778 1.605516
0.843401 1.637622
0.772095 1.568920
0.722005 1.526313
0.800178 1.558837
0.769677 1.497001
0.678112 1.465945
1.033122 0.617426
0.708696 1.521262
0.656789 1.445892
0.659322 1.476862
0.600490 1.432162
0.621358 1.434256
0.584858 1.453076
0.583138 1.401588
0.577336 1.374926
0.575936 1.423097
0.528801 1.349222
1.049966 0.602985
0.505277 1.299113
0.459157 1.274953
0.455827 1.254988
0.460244 1.274445
0.332136 1.102985
0.403929 1.227409
0.362505 1.113858
0.303747 1.145144
0.301185 1.083306
0.209885 1.011818
1.046486 0.614432
0.346212 1.083172
0.232215 1.015629
0.304802 1.077862
0.151316 0.929450
0.136849 1.015849
0.099969 0.833674
0.132848 0.908360
0.053566 0.829369
0.032809 0.813394
0.095798 0.858037
1.047199 0.600463
0.018629 0.802596
0.013994 0.776651
0.024474 0.755668
0.006680 0.742657
-0.080494 0.704127
-0.101278 0.698492
-0.113100 0.695225
-0.089165 0.670538
-0.134895 0.673023
-0.176331 0.647438
1.050030 0.587709
-0.200340 0.582057
-0.205500 0.603454
-0.231762 0.583834
-0.194688 0.615255
-0.241592 0.553922
-0.257064 0.570711
-0.284072 0.539026
-0.290678 0.511626
-0.352676 0.468794
-0.343759 0.484554
1.086972 0.565909
-0.340968 0.475935
-0.353722 0.438877
-0.407913 0.429496
-0.391954 0.413172
-0.385660 0.447061
-0.489759 0.356553
-0.444069 0.365133
-0.458029 0.318938
-0.418668 0.347742
-0.451477 0.363930
-0.167259 1.429088
1.080526 0.548824
-0.485323 0.302964
-0.528539 0.248689
-0.512814 0.269354
-0.539202 0.240685
-0.583956 0.160142
-0.607142 0.160118
-0.602562 0.130678
-0.567946 0.212999
-0.666543 0.087999
-0.675894 0.046436
1.142556 0.481047
-0.622894 0.108184
-0.722588 -0.032854
-0.675872 0.005208
-0.637045 0.038423
-0.702199 0.012691
-0.705695 -0.015834
-0.760513 -0.103973
-0.718819 -0.112440
-0.796359 -0.140834
-0.823599 -0.201539
1.148870 0.490295
-0.782381 -0.195634
-0.768163 -0.138973
-0.812981 -0.244237
-0.763787 -0.234341
-0.835227 -0.291392
-0.810672 -0.248340
-0.849400 -0.287411
-0.904046 -0.362707
-0.922398 -0.425407
-0.901397 -0.391158
1.092767 0.550070
-0.901265 -0.401303
-0.912671 -0.414548
-0.920807 -0.413037
-0.919804 -0.460662
-0.928183 -0.476395
-0.953820 -0.480270
-0.946116 -0.537705
-1.007365 -0.602599
-0.996011 -0.583950
-1.032414 -0.632081
1.179349 0.441941
-0.999012 -0.607506
-1.036731 -0.686932
-1.051951 -0.699108
-1.033951 -0.666873
-1.017965 -0.688373
-1.090191 -0.776595
-1.034027 -0.758869
-1.075858 -0.805903
-1.108387 -0.767347
-1.077047 -0.798400
1.175616 0.437502
-1.096946 -0.835764
-1.114124 -0.865513
-1.110138 -0.941139
-1.064485 -1.004575
-1.101398 -0.933463
-1.120429 -1.012539
-1.144296 -1.045823
-1.145851 -1.053615
-1.171495 -1.024887
-1.111976 -1.018509
1.167949 0.431566
-1.135282 -1.025751
-1.179578 -1.142829
-1.182786 -1.220304
-1.163977 -1.108035
-1.210795 -1.225933
-1.188585 -1.213071
-1.192824 -1.234306
-1.193151 -1.244715
-1.203332 -1.276201
-1.196750 -1.301402
1.153035 0.463461
-1.222420 -1.338740
-1.218246 -1.366666
-1.237846 -1.351798
-1.281128 -1.476923
-1.238181 -1.428739
-1.271449 -1.383576
-1.236119 -1.381115
-1.276170 -1.406987
-1.324715 -1.458211
-1.279031 -1.478296
1.223457 0.368931
-1.302890 -1.479839
-1.286508 -1.479051
-1.342075 -1.526859
-1.315676 -1.504352
-1.346460 -1.557647
-1.410105 -1.554577
-1.392428 -1.566629
-1.467474 -1.551867
-1.436291 -1.540383
-1.512276 -1.574958
1.191877 0.394788
-1.461544 -1.655976
-1.433623 -1.521703
-1.495573 -1.590670
-1.538675 -1.573648
-1.502582 -1.607602
-1.545759 -1.601814
-1.657846 -1.550715
-1.647768 -1.568321
-1.623367 -1.592629
-1.624008 -1.571203
-0.190193 1.423988
1.182122 0.391485
-1.644891 -1.564394
-1.649093 -1.573597
-1.702662 -1.538639
-1.748814 -1.511804
-1.770364 -1.489603
-1.769053 -1.545482
-1.721399 -1.553883
-1.734125 -1.474995
-1.786945 -1.484288
-1.731076 -1.472148
1.228357 0.346813
-1.807974 -1.474894
-1.774783 -1.421336
-1.880830 -1.398083
-1.826153 -1.410429
-1.875384 -1.394630
-1.867126 -1.413279
-1.927697 -1.345581
-1.864174 -1.370421
-1.841436 -1.395250
-1.999915 -1.221254
1.259833 0.336210
-1.960569 -1.269304
-1.929087 -1.288905
-1.957031 -1.250989
-1.938098 -1.226208
-1.999748 -1.257497
-2.029675 -1.169689
-2.023134 -1.148602
-2.013653 -1.135913
-2.036545 -1.079517
-2.043716 -1.118100
1.264740 0.306340
-2.058892 -1.042951
-2.045175 -1.044886
-2.062267 -1.071219
-2.038842 -1.052402
-2.051168 -1.052772
-2.066272 -0.968593
-2.057409 -0.984056
-2.091313 -0.949152
-2.014238 -0.939286
-2.040068 -0.878326
1.270466 0.296328
-2.092489 -0.866992
-2.124729 -0.916442
-2.077016 -0.814053
-2.087049 -0.843889
-2.099901 -0.789589
-2.088445 -0.737770
-2.095634 -0.718001
-2.087912 -0.701530
-2.103256 -0.707309
-2.092134 -0.666967
1.240933 0.327689
-2.082739 -0.598176
-2.101614 -0.604137
-2.115206 -0.554436
-2.103468 -0.640767
-2.073331 -0.554245
-2.053144 -0.608352
-2.119112 -0.483506
-2.083495 -0.522632
-2.083986 -0.545674
-2.105897 -0.449121
1.301510 0.216374
-2.122418 -0.417365
-2.101281 -0.350412
-2.106494 -0.387729
-2.080679 -0.406993
-2.100131 -0.330726
-2.080690 -0.316617
-2.117402 -0.241720
-2.075974 -0.254681
-2.130378 -0.264880
-2.092665 -0.251295
1.294160 0.270193
-2.097379 -0.182303
-2.113815 -0.072174
-2.109035 -0.108112
-2.074635 -0.084721
-2.133345 -0.083884
-2.130692 -0.028162
-2.120127 -0.026077
-2.034667 -0.025781
-2.079362 0.036924
-2.088443 0.061799
1.316080 0.181619
-2.040581 0.020451
-2.103979 0.060234
-2.129405 0.065610
-2.094209 0.158474
-2.088787 0.131925
-2.093382 0.165667
-2.088095 0.194351
-2.053054 0.179327
-2.016160 0.197561
-2.089242 0.188181
1.344040 0.153744
-2.098585 0.267735
-2.071495 0.289403
-2.050992 0.271596
-2.081662 0.331670
-2.071419 0.329664
-2.048171 0.388406
-2.042144 0.374442
-2.034838 0.419177
-2.033457 0.455930
-2.017585 0.501373
-0.178107 1.425937
1.372437 0.125608
-2.048188 0.467006
-2.031250 0.507906
-1.999699 0.534949
-2.005293 0.533047
-1.975451 0.510058
-1.962614 0.613064
-1.918503 0.618878
-1.964448 0.574569
-1.948413 0.636507
-1.935343 0.667162
1.292213 0.110841
-1.960944 0.672170
-1.929848 0.720101
-1.940191 0.649290
-1.889337 0.735352
-1.894242 0.787234
-1.868543 0.801901
-1.890593 0.759852
-1.868587 0.816971
-1.878236 0.812426
-1.789285 0.820590
1.358869 0.091520
-1.864491 0.836305
-1.841024 0.881812
-1.838318 0.936909
-1.801420 0.891177
-1.805359 0.897178
-1.764684 0.860075
-1.821077 0.913350
-1.743274 0.898005
-1.791075 0.958542
-1.757383 0.994089
1.373248 0.124010
-1.761745 0.978155
-1.711899 1.010620
-1.697238 1.063062
-1.706694 1.032895
-1.634742 1.074045
-1.700584 1.066137
-1.682038 1.045529
-1.585723 1.088861
-1.571151 1.130684
-1.578810 1.125105
1.354316 0.103995
-1.568991 1.163143
-1.489591 1.160608
-1.540641 1.140867
-1.477918 1.153694
-1.445552 1.200288
-1.436776 1.223663
-1.447131 1.211372
-1.438349 1.198843
-1.462780 1.215983
-1.428821 1.193784
1.365442 0.098005
-1.386191 1.252421
-1.359143 1.275053
-1.350266 1.251322
-1.308823 1.279361
-1.340282 1.256094
-1.287876 1.241583
-1.322531 1.304431
-1.264653 1.316124
-1.230085 1.323827
-1.259802 1.310792
1.373756 0.072238
-1.160071 1.342604
-1.119596 1.361134
-1.141247 1.359503
-1.128443 1.369789
-1.239991 1.281518
-1.137106 1.324613
-1.068869 1.377747
-1.037184 1.408571
-1.075122 1.386956
-0.974571 1.404494
1.384190 0.025288
-1.014114 1.332583
-0.985568 1.424410
-0.965932 1.396924
-0.932931 1.430572
-0.912122 1.432192
-0.873710 1.446415
-0.892017 1.386530
-0.818938 1.431202
-0.803064 1.448551
-0.762963 1.459656
1.358737 0.010581
-0.708565 1.415320
-0.772745 1.475764
-0.750218 1.465904
-0.700513 1.475534
-0.731632 1.473899
-0.748455 1.456824
-0.689547 1.464780
-0.718388 1.470600
-0.637180 1.457123
-0.639390 1.483999
1.420640 -0.009873
-0.649234 1.485907
-0.570884 1.469984
-0.625609 1.483128
-0.503841 1.491378
-0.524816 1.462430
-0.563258 1.490419
-0.446411 1.455651
-0.468222 1.492629
-0.415688 1.469435
-0.441522 1.479958
