300 2
1.125327 -0.717395
1.146923 -0.648001
0.795602 -0.913601
-3.105631 0.688911
-3.156602 0.707235
-3.264594 0.706662
-3.248388 0.693323
-3.283201 0.672539
-3.428233 0.658156
-3.447548 0.650810
-3.476761 0.690477
-3.484106 0.686428
-3.526455 0.673304
0.670150 -0.935898
-3.437025 0.603635
-3.632327 0.592634
-3.675508 0.589051
-3.694019 0.553448
-3.752766 0.545948
-3.771552 0.542664
-3.780880 0.515203
-3.829007 0.468703
-3.859660 0.408875
-3.901369 0.378481
0.803693 -0.976676
-3.907193 0.359285
-3.934098 0.311236
-3.961573 0.263118
-3.979516 0.245121
-4.022105 0.189680
-4.024074 0.188613
-4.038082 0.062654
-4.103713 0.130142
-4.040770 0.073211
-4.021591 0.018055
0.662899 -0.955968
-4.035241 -0.035132
-4.084450 -0.131396
-4.043286 -0.121215
-4.123149 -0.158686
-4.038532 -0.171549
-4.068228 -0.214983
-4.045732 -0.293551
-4.032011 -0.310734
-4.023879 -0.360310
-3.994549 -0.406104
0.670102 -1.031819
-3.954819 -0.476971
-3.994921 -0.515443
-3.922945 -0.591623
-3.946023 -0.592259
-3.928732 -0.637230
-3.937312 -0.587708
-3.831450 -0.680434
-3.850586 -0.654021
-3.733680 -0.750330
-3.759552 -0.738992
0.612094 -0.965184
-3.724974 -0.795727
-3.696917 -0.794181
-3.588961 -0.844619
-3.591398 -0.862892
-3.586014 -0.797122
-3.574019 -0.806794
-3.410273 -0.887149
-3.400030 -0.881191
-3.402626 -0.903512
-3.325641 -0.932221
0.544536 -0.980125
-3.088852 -1.008172
-3.222221 -0.854250
-3.165183 -0.924365
-3.130574 -0.916096
-3.031100 -0.924725
-3.004333 -0.858101
-3.048180 -0.944729
-2.994281 -0.974836
-2.996992 -0.922696
-2.963640 -0.868741
0.484189 -1.047223
-2.850737 -0.863550
-2.793690 -0.798241
-2.672860 -0.831389
-2.786470 -0.857731
-2.615156 -0.772138
-2.683319 -0.808566
-2.608102 -0.781337
-2.537925 -0.706805
-2.450115 -0.666473
-2.407042 -0.637039
0.490891 -0.984596
-2.361332 -0.608425
-2.328080 -0.562633
-2.285952 -0.516120
-2.311298 -0.571691
-2.202310 -0.452486
-2.116349 -0.355676
-2.141383 -0.389123
-2.032013 -0.273655
-2.062324 -0.309366
-2.059877 -0.296448
0.511609 -0.949509
-2.036493 -0.281117
-1.941510 -0.163549
-1.893855 -0.033330
-1.878220 -0.155481
-1.693141 0.105502
-1.723576 0.169298
-1.586450 0.322971
-1.627047 0.302176
-1.520329 0.413597
-1.514827 0.403510
1.066649 -0.768776
0.404922 -1.020891
-1.466535 0.491610
-1.445666 0.461227
-1.478273 0.471411
-1.362493 0.566584
-1.337270 0.609325
-1.286100 0.656400
-1.250653 0.701573
-1.167981 0.771256
-1.098155 0.835615
-1.079017 0.856014
0.406926 -0.986532
-1.069145 0.878095
-0.966483 0.965709
-0.988028 0.934250
-0.945370 0.979567
-0.920334 0.998780
-0.806306 1.080793
-0.945774 0.967869
-0.760344 1.091220
-0.690963 1.145540
-0.705107 1.166659
0.326879 -1.018367
-0.667543 1.186557
-0.526486 1.239412
-0.616131 1.182066
-0.554140 1.238989
-0.460060 1.266701
-0.359258 1.337960
-0.336322 1.319590
-0.223557 1.353147
-0.301859 1.326501
-0.317609 1.343509
0.218929 -0.999605
-0.183761 1.339874
-0.124895 1.406516
-0.145068 1.374087
-0.079738 1.381111
0.047166 1.403279
0.199514 1.396052
0.106995 1.409423
0.303121 1.408692
0.364785 1.446511
0.413683 1.409250
0.275278 -1.004045
0.440701 1.399280
0.378700 1.359060
0.521547 1.365676
0.589190 1.372221
0.533622 1.392652
0.635213 1.339395
0.665097 1.330474
0.792687 1.246024
0.693579 1.298705
0.702093 1.332814
0.210940 -0.999667
0.828111 1.359349
0.757106 1.294888
0.900631 1.199433
0.985935 1.173683
0.987500 1.169464
0.983678 1.153605
1.053201 1.128562
1.109776 1.065658
1.104939 1.096731
1.157000 1.024101
0.085096 -0.983580
1.101452 1.079930
1.153305 1.033306
1.197521 0.892311
1.220635 0.826690
1.290808 0.788127
1.261005 0.864193
1.294399 0.797592
1.340681 0.720529
1.327858 0.676634
1.297086 0.644728
-0.029858 -0.965899
1.365685 0.612761
1.410745 0.532246
1.398230 0.570832
1.395472 0.458704
1.399699 0.409895
1.402968 0.357816
1.415574 0.264662
1.427488 0.295512
1.407722 0.315803
1.436739 0.189602
0.062924 -0.991912
1.417096 -0.012168
1.402979 0.159652
1.434291 0.041740
1.418694 -0.072645
1.430112 -0.061707
1.417790 -0.154108
1.396696 -0.103489
1.377483 -0.223510
1.358206 -0.272602
1.374985 -0.275977
-0.083779 -0.952099
1.377476 -0.313923
1.360343 -0.383963
1.295887 -0.413547
1.287458 -0.440250
1.323593 -0.465652
1.281255 -0.511852
1.255243 -0.550167
1.153831 -0.670115
1.187133 -0.638170
1.175281 -0.686239
1.037378 -0.775911
-0.068148 -0.958050
-0.106989 -0.972280
-0.158287 -0.923907
-0.211992 -0.909577
-0.241000 -0.908823
-0.225251 -0.889707
-0.344769 -0.832350
-0.325513 -0.858626
-0.282453 -0.863199
-0.402336 -0.802135
1.065615 -0.760242
-0.401959 -0.821051
-0.383000 -0.816533
-0.475100 -0.768774
-0.540885 -0.710443
-0.567420 -0.689846
-0.600913 -0.659102
-0.629538 -0.633627
-0.732308 -0.554600
-0.778822 -0.515702
-0.744903 -0.573188
0.971291 -0.819215
-0.768375 -0.533807
-0.813224 -0.481203
-0.829697 -0.463408
-0.862038 -0.449296
-0.873678 -0.448255
-0.954086 -0.378027
-0.988750 -0.372188
-1.096712 -0.277758
-1.068930 -0.284445
-1.029481 -0.318180
0.995645 -0.831287
-1.137737 -0.199606
-1.164610 -0.218290
-1.214773 -0.194758
-1.250403 -0.171742
-1.353826 -0.123155
-1.318338 -0.058298
-1.372839 -0.067440
-1.422005 -0.033786
-1.397319 -0.044751
-1.507665 -0.006647
0.878853 -0.886810
-1.576997 0.053104
-1.552434 0.076630
-1.518038 0.052624
-1.796456 0.190696
-1.773208 0.267960
-1.908674 0.268733
-1.985548 0.321874
-2.040293 0.381310
-2.021788 0.388594
-2.159054 0.443290
0.850733 -0.919074
-2.249221 0.403126
-2.183049 0.458290
-2.220588 0.479234
-2.377589 0.530962
-2.344059 0.532938
-2.473240 0.608414
-2.510728 0.606908
-2.611382 0.574930
-2.525290 0.601435
-2.751716 0.703074
0.848243 -0.921494
-2.781047 0.662455
-2.707342 0.640062
-2.845316 0.681535
-2.753886 0.649738
-2.813905 0.686213
-2.927745 0.734974
-2.892808 0.674424
-3.034842 0.673925
-3.074519 0.635208
-3.082352 0.722857
