500 2
-0.627757 0.595581
-0.628607 0.516123
-0.855221 0.691903
-2.376142 1.179133
-2.367096 1.129731
-2.418660 1.219771
-2.366465 1.114353
-2.420217 0.993627
-2.470364 1.049313
-2.438187 1.034216
-2.452408 1.053235
-2.459154 1.027499
-2.455908 0.971282
-0.832932 0.661279
-2.403812 0.956743
-2.467817 0.871673
-2.459476 0.878594
-2.468662 0.906438
-2.508051 0.894963
-2.479674 0.827957
-2.439357 0.733483
-2.501174 0.818500
-2.491070 0.783071
-2.537747 0.654822
-0.886834 0.738058
-2.497244 0.695109
-2.436174 0.639527
-2.507310 0.672686
-2.490397 0.674999
-2.486387 0.658947
-2.507914 0.547351
-2.514740 0.515872
-2.522788 0.468624
-2.527821 0.501017
-2.482342 0.560454
-0.821640 0.596783
-2.556242 0.506461
-2.574968 0.385199
-2.556166 0.420523
-2.523018 0.345561
-2.543919 0.410887
-2.439225 0.294612
-2.553560 0.210436
-2.557312 0.302233
-2.560239 0.275634
-2.542732 0.292609
-0.934716 0.808844
-2.566929 0.283812
-2.615350 0.113799
-2.557420 0.094570
-2.624971 0.055435
-2.596173 0.199033
-2.566638 0.144149
-2.484606 -0.027809
-2.606752 0.005258
-2.630917 -0.005111
-2.622247 -0.045126
-0.978610 0.794370
-2.605454 0.045231
-2.603964 -0.012412
-2.663261 -0.134175
-2.632330 -0.151475
-2.664145 -0.131274
-2.636685 -0.119034
-2.702849 -0.246270
-2.638913 -0.267650
-2.645732 -0.233061
-2.660518 -0.302527
-0.871659 0.735047
-2.659815 -0.289267
-2.708055 -0.347592
-2.682884 -0.374272
-2.700532 -0.285004
-2.686377 -0.446021
-2.669246 -0.485774
-2.645473 -0.354118
-2.662084 -0.585147
-2.712557 -0.472013
-2.631315 -0.522213
-1.001780 0.767284
-2.664850 -0.595152
-2.655092 -0.498203
-2.650450 -0.623106
-2.666119 -0.535833
-2.739652 -0.609276
-2.717108 -0.658948
-2.671517 -0.717957
-2.651819 -0.762255
-2.706069 -0.789134
-2.752131 -0.859576
-0.918081 0.768293
-2.720145 -0.804273
-2.680759 -0.862319
-2.633700 -0.842122
-2.771354 -0.846847
-2.702490 -0.908420
-2.669846 -0.969294
-2.700187 -0.914340
-2.691361 -0.939820
-2.679192 -0.991196
-2.643150 -1.073444
-0.962794 0.810833
-2.656146 -0.985685
-2.664645 -1.052287
-2.661504 -1.075806
-2.626791 -1.134081
-2.653707 -1.252033
-2.612595 -1.185066
-2.623038 -1.113427
-2.593025 -1.257955
-2.546412 -1.273776
-2.617410 -1.248253
-0.720164 0.581711
-0.936741 0.825032
-2.556251 -1.350090
-2.597066 -1.312698
-2.576113 -1.306191
-2.570003 -1.321941
-2.549052 -1.354414
-2.544671 -1.371031
-2.511958 -1.403193
-2.473546 -1.361175
-2.478111 -1.397718
-2.488479 -1.423436
-0.966843 0.837126
-2.430120 -1.492487
-2.425434 -1.516359
-2.466256 -1.471187
-2.410185 -1.490516
-2.383726 -1.530356
-2.341386 -1.530839
-2.389017 -1.588592
-2.270714 -1.555425
-2.296978 -1.481246
-2.191413 -1.537686
-1.101166 0.910113
-2.292155 -1.564452
-2.247288 -1.582606
-2.216969 -1.614568
-2.240861 -1.581386
-2.160735 -1.652895
-2.028771 -1.625017
-2.111511 -1.700681
-2.145189 -1.609841
-2.094896 -1.686031
-2.003205 -1.668387
-0.986316 0.868810
-1.955238 -1.624409
-1.991568 -1.604973
-1.905449 -1.627330
-1.898579 -1.585832
-1.950743 -1.627324
-1.960872 -1.655450
-1.823094 -1.631334
-1.881389 -1.650840
-1.777244 -1.655151
-1.671901 -1.621398
-1.052167 0.948858
-1.813412 -1.657772
-1.723128 -1.603786
-1.720659 -1.613360
-1.696328 -1.655584
-1.570235 -1.620759
-1.597278 -1.594848
-1.616224 -1.582745
-1.509050 -1.638414
-1.576958 -1.615185
-1.542600 -1.575633
-1.019511 0.921542
-1.572141 -1.580981
-1.495313 -1.601009
-1.430299 -1.562775
-1.371076 -1.607373
-1.408602 -1.594418
-1.289963 -1.625282
-1.358104 -1.625966
-1.300943 -1.572990
-1.301926 -1.601838
-1.218181 -1.588229
-1.056784 1.068905
-1.203431 -1.616407
-1.252890 -1.588687
-1.179745 -1.623901
-1.295899 -1.592000
-1.207096 -1.545218
-1.173858 -1.606464
-1.100924 -1.595544
-1.086790 -1.610098
-1.064954 -1.580812
-1.013034 -1.583896
-1.036787 0.973800
-1.065962 -1.546338
-1.028936 -1.536863
-1.000307 -1.565218
-0.822700 -1.533934
-0.938833 -1.470816
-0.960612 -1.602868
-0.838076 -1.520595
-0.894615 -1.472545
-0.991571 -1.480769
-0.796130 -1.500737
-0.958772 0.989615
-0.759877 -1.449994
-0.781850 -1.456815
-0.798944 -1.497765
-0.759883 -1.479121
-0.783462 -1.487373
-0.770159 -1.451997
-0.629762 -1.402370
-0.609940 -1.406983
-0.589308 -1.394699
-0.617509 -1.331823
-1.103086 1.045199
-0.621664 -1.368887
-0.532999 -1.271077
-0.572045 -1.368485
-0.558988 -1.354427
-0.464283 -1.308874
-0.463981 -1.326498
-0.498148 -1.361393
-0.382568 -1.356418
-0.533532 -1.289776
-0.462517 -1.302455
-0.671185 0.567207
-1.073116 0.982355
-0.401080 -1.217048
-0.215898 -1.233411
-0.279884 -1.195582
-0.330284 -1.207443
-0.286256 -1.170259
-0.358779 -1.271815
-0.276368 -1.179855
-0.252459 -1.188038
-0.186423 -1.140661
-0.127263 -1.054291
-1.080983 1.066299
-0.096418 -1.100480
-0.223155 -1.156183
-0.167582 -1.118934
-0.052024 -1.083753
-0.131306 -0.985289
-0.059675 -1.077315
-0.011114 -1.037723
0.021553 -1.023956
-0.021358 -1.015030
-0.003983 -0.915938
-1.074840 1.075552
-0.008390 -1.051151
0.134498 -0.928348
0.064336 -0.997966
0.077557 -0.960805
0.051256 -0.982738
0.130590 -0.912172
0.071838 -0.958246
0.155635 -0.885615
0.222032 -0.844559
0.228245 -0.844267
-1.109337 1.129412
0.197404 -0.907764
0.185544 -0.836608
0.239331 -0.812781
0.283390 -0.816909
0.322117 -0.784759
0.280744 -0.790056
0.304343 -0.803845
0.249941 -0.808903
0.322784 -0.766560
0.401822 -0.725388
-1.125934 1.122358
0.371274 -0.727767
0.410984 -0.699981
0.454869 -0.659950
0.372824 -0.747968
0.555508 -0.585473
0.542722 -0.613452
0.477825 -0.653459
0.570353 -0.555215
0.558217 -0.574063
0.563897 -0.561505
-1.142792 1.115133
0.617322 -0.513743
0.666263 -0.540729
0.644112 -0.523316
0.611363 -0.390930
0.678155 -0.371760
0.623054 -0.495885
0.631327 -0.456409
0.667573 -0.485876
0.684862 -0.464328
0.783011 -0.400710
-1.155611 1.170763
0.735824 -0.369747
0.804678 -0.329079
0.780704 -0.365408
0.852087 -0.285885
0.828829 -0.294828
0.881685 -0.263364
0.868133 -0.247141
0.926981 -0.224881
0.931599 -0.229768
0.956034 -0.173462
-1.156694 1.182109
0.944859 -0.170727
0.971612 -0.084390
0.945720 -0.165151
0.978716 -0.139599
1.038870 -0.043848
0.990305 -0.032942
1.052447 0.027457
1.030181 -0.007989
1.032874 0.044150
1.071469 0.042000
-1.187791 1.265812
1.041045 0.010313
1.056166 0.084513
1.059411 0.102109
1.107653 0.156985
1.015374 0.230423
1.098103 0.147260
1.098858 0.146816
1.011980 0.220299
1.097470 0.217072
1.121248 0.252518
-1.219136 1.241577
1.043556 0.228025
1.113081 0.339995
1.082442 0.395564
1.107368 0.477360
1.095848 0.400491
1.151338 0.415236
1.100903 0.357850
1.123309 0.481443
1.176280 0.536337
1.056556 0.569746
-0.685335 0.530674
-1.165088 1.222700
1.151609 0.647629
1.128676 0.538521
1.155840 0.631112
1.126406 0.683484
1.110410 0.710975
1.092149 0.693610
1.072921 0.743465
1.134208 0.748356
1.105268 0.781641
1.128876 0.810185
-1.226003 1.262432
1.081186 0.858851
1.120045 0.771626
1.018815 0.808699
1.182992 0.834297
1.040560 0.894448
1.044192 0.944841
1.063578 0.963159
0.920946 0.995500
1.046115 0.965547
0.996825 1.057296
-1.231333 1.255006
1.021306 0.993126
0.991990 1.046867
0.994653 1.027511
0.854141 1.080123
0.904568 1.183438
0.876529 1.163649
0.807326 1.187046
0.865791 1.114878
0.845868 1.166010
0.771764 1.207227
-1.228130 1.279241
0.821678 1.175395
0.749738 1.219584
0.759914 1.211676
0.797537 1.228710
0.712893 1.214678
0.715516 1.248100
0.687462 1.194422
0.645520 1.217651
0.540769 1.265852
0.540151 1.266508
-1.257753 1.307507
0.647083 1.211101
0.518036 1.251719
0.590217 1.185715
0.438126 1.253448
0.487285 1.230687
0.481945 1.272459
0.455984 1.184198
0.424153 1.175386
0.457457 1.206208
0.282237 1.190180
-1.254659 1.311899
0.297109 1.171420
0.331482 1.178994
0.277462 1.151798
0.307506 1.086944
0.241143 1.113996
0.281176 1.151219
0.221999 1.057160
0.232838 1.115270
0.152823 1.125407
0.184629 1.065422
-1.275500 1.331187
0.130268 1.023094
0.103818 1.041811
0.159820 1.089480
0.083700 0.968089
0.042004 0.954006
0.080300 0.975026
-0.021935 0.902945
-0.028290 0.974389
0.021921 0.920263
-0.104093 0.832508
-1.338537 1.339191
0.004501 0.908764
-0.077631 0.876442
0.011040 0.881935
-0.178585 0.866152
-0.135384 0.803531
-0.124682 0.804896
-0.140819 0.786660
-0.165575 0.737985
-0.179906 0.777121
-0.179229 0.775398
-1.266024 1.337374
-0.244149 0.706676
-0.227665 0.626111
-0.256049 0.687159
-0.206103 0.794486
-0.234948 0.682991
-0.314593 0.631667
-0.316290 0.681272
-0.329341 0.657347
-0.365755 0.617406
-0.358318 0.585632
-1.333832 1.382249
-0.388119 0.524759
-0.484555 0.577105
-0.423522 0.583226
-0.422585 0.564953
-0.554542 0.600495
-0.517133 0.558144
-0.607721 0.565150
-0.601358 0.535452
-0.664385 0.536327
-0.579755 0.612858
-0.722221 0.582520
-1.419680 1.448294
-1.334921 1.415086
-1.418334 1.519122
-1.341000 1.347322
-1.439582 1.456136
-1.521140 1.446191
-1.522573 1.520741
-1.463508 1.433081
-1.485548 1.507815
-1.575982 1.528133
-0.743705 0.621028
-1.594037 1.483374
-1.650826 1.568919
-1.604746 1.500003
-1.632284 1.525441
-1.699301 1.499456
-1.695105 1.541007
-1.728584 1.501129
-1.730058 1.561076
-1.774100 1.540972
-1.742777 1.524029
-0.763703 0.592882
-1.733653 1.499021
-1.824705 1.597527
-1.926666 1.506145
-1.869619 1.503896
-1.850829 1.489459
-1.941683 1.533181
-1.830573 1.546041
-1.896404 1.516405
-2.032448 1.491265
-1.948741 1.482234
-0.803568 0.656015
-2.027725 1.460547
-2.079255 1.506603
-2.116898 1.482129
-2.042074 1.448411
-2.110975 1.450844
-2.146953 1.460789
-2.109029 1.453471
-2.112680 1.458059
-2.172112 1.456954
-2.194342 1.435937
-0.813202 0.691336
-2.213678 1.401973
-2.234861 1.390179
-2.259125 1.329737
-2.262267 1.304818
-2.301216 1.285010
-2.285254 1.321173
-2.347061 1.183569
-2.354978 1.232263
-2.346095 1.193217
-2.335508 1.239911
