500 2
3.986104 -0.244200
3.925772 -0.321984
4.077233 0.019512
2.593803 0.802485
2.618225 0.754282
2.554410 0.768092
2.508074 0.722565
2.507630 0.826814
2.480951 0.842946
2.475243 0.835615
2.414938 0.806917
2.367406 0.781980
2.334748 0.761267
4.088150 -0.045396
2.391660 0.721615
2.329723 0.788230
2.313848 0.731409
2.226127 0.831047
2.253744 0.772967
2.292173 0.740809
2.175103 0.837641
2.211928 0.741442
2.046092 0.827443
2.161715 0.816369
4.077812 -0.035468
2.079156 0.808896
2.193982 0.767465
2.046178 0.784939
2.061344 0.779188
2.064335 0.801390
2.000236 0.860034
1.937723 0.807743
1.966141 0.831811
1.927688 0.838383
1.932482 0.881549
4.075492 0.018517
1.806213 0.869096
1.952865 0.845341
1.827845 0.857761
1.749174 0.849466
1.834269 0.860994
1.685086 0.965858
1.705018 0.954704
1.792272 0.990648
1.763178 0.948132
1.718006 0.956435
4.082663 -0.054671
1.690112 0.952241
1.720065 1.009474
1.643546 1.065109
1.607427 1.061917
1.602751 1.088568
1.622269 1.063951
1.593174 1.053126
1.610748 1.120453
1.585120 1.183663
1.538801 1.246843
4.067398 0.006678
1.481852 1.188619
1.505570 1.215102
1.486529 1.256854
1.444680 1.214910
1.421386 1.242855
1.497777 1.303876
1.503478 1.188190
1.498014 1.339270
1.466796 1.304464
1.296448 1.375688
4.104687 0.140928
1.320336 1.407950
1.416689 1.349843
1.377585 1.337764
1.298972 1.399835
1.318567 1.391533
1.213967 1.426184
1.311789 1.387566
1.224005 1.455402
1.227062 1.515713
1.150752 1.459931
4.086833 0.012565
1.042573 1.424930
1.161003 1.470431
1.084440 1.543897
1.139873 1.536800
1.048100 1.574637
1.114164 1.515782
0.999587 1.621501
0.989610 1.580230
1.021857 1.571275
0.962541 1.587714
4.133624 0.125847
1.009981 1.573639
0.860265 1.633916
0.770556 1.633059
0.890640 1.646745
0.879375 1.617627
0.747173 1.690374
0.743777 1.684254
0.750526 1.660008
0.754407 1.655183
0.683659 1.638960
4.151552 0.121698
0.688864 1.583757
0.668410 1.663869
0.559548 1.682112
0.622674 1.680436
0.601165 1.684119
0.484210 1.658070
0.554908 1.643736
0.426004 1.606250
0.465093 1.647904
0.475623 1.603357
3.924784 -0.306867
4.117121 0.100933
0.485502 1.649809
0.305261 1.596903
0.390691 1.574350
0.382818 1.633061
0.355730 1.550974
0.294318 1.561194
0.260208 1.596870
0.333484 1.531107
0.295792 1.560379
0.240647 1.547441
4.127408 0.175318
0.268051 1.560637
0.137068 1.494918
0.208560 1.415621
0.187147 1.527020
0.199033 1.448671
0.211370 1.406333
0.151452 1.385178
0.067140 1.276268
0.138541 1.389490
0.147161 1.416034
4.129826 0.202008
0.067278 1.279222
0.128215 1.260979
0.073267 1.255889
0.076824 1.339476
0.068304 1.269122
0.106962 1.241948
0.065495 1.142880
0.021801 1.111822
0.037669 1.086492
0.010082 1.061707
4.121362 0.191142
0.032114 0.992798
0.055562 1.063174
0.049741 0.915018
0.017733 0.952724
0.022477 0.941222
0.127088 0.958975
0.018062 0.974914
0.029084 0.827374
-0.026819 0.847761
0.033879 0.867763
4.133046 0.272057
-0.002136 0.833310
0.013258 0.743793
0.056274 0.748163
0.043311 0.805683
0.003087 0.707076
0.018625 0.624366
0.010150 0.753602
0.006513 0.646416
0.031253 0.683199
0.027473 0.504339
4.077084 0.166326
-0.002468 0.567233
0.053990 0.475461
0.012669 0.420893
-0.007873 0.508125
0.021278 0.505376
0.022870 0.429862
0.020566 0.454438
0.010522 0.380740
0.003693 0.268704
0.083574 0.265058
4.089503 0.225097
0.051042 0.366088
0.082065 0.196623
0.073512 0.230832
0.077068 0.155945
0.095670 0.209854
0.128404 0.068109
0.109466 0.097495
0.121676 0.094270
0.116826 0.092256
0.122046 -0.014913
4.101026 0.314267
0.106002 0.065910
0.181652 0.039102
0.157380 0.001716
0.227538 -0.034948
0.251758 0.043647
0.195887 -0.033615
0.225406 -0.075374
0.201963 -0.021146
0.283712 -0.097031
0.323277 -0.150285
4.167087 0.336582
0.309166 -0.162380
0.390526 -0.184946
0.257945 -0.209401
0.335695 -0.163143
0.320378 -0.072407
0.361633 -0.187700
0.390851 -0.198210
0.469611 -0.299583
0.517273 -0.318826
0.476913 -0.289044
4.098883 0.348528
0.485744 -0.310336
0.544383 -0.331713
0.505718 -0.310140
0.516976 -0.312366
0.605266 -0.403422
0.668534 -0.357730
0.609616 -0.407214
0.668654 -0.428308
0.618520 -0.324615
0.706565 -0.415348
3.960283 -0.246467
4.148174 0.323892
0.755239 -0.420831
0.696490 -0.388284
0.680052 -0.413935
0.780107 -0.415261
0.826539 -0.516849
0.836358 -0.475197
0.917749 -0.398339
0.865405 -0.422413
0.828978 -0.484745
0.890774 -0.477293
4.070935 0.332395
0.953287 -0.471673
1.059936 -0.483355
1.105525 -0.479500
1.026628 -0.482889
1.133335 -0.566827
1.053540 -0.530553
1.156037 -0.561307
1.176608 -0.498801
1.078654 -0.502232
1.123239 -0.573299
4.059484 0.396709
1.211772 -0.549532
1.251715 -0.561947
1.288848 -0.609128
1.363770 -0.625970
1.248720 -0.587002
1.410993 -0.637852
1.249965 -0.570628
1.385515 -0.593644
1.406765 -0.674167
1.353448 -0.685217
4.046783 0.437319
1.450256 -0.699704
1.391799 -0.637800
1.408417 -0.630594
1.518792 -0.708122
1.528451 -0.707528
1.418481 -0.669457
1.538791 -0.781458
1.606936 -0.729916
1.577380 -0.698715
1.567980 -0.798244
4.079768 0.400283
1.540555 -0.783787
1.591121 -0.772682
1.474955 -0.850530
1.631887 -0.876355
1.657773 -0.817271
1.638869 -0.854664
1.692674 -0.923773
1.741529 -0.884876
1.704925 -0.926195
1.696784 -0.929374
4.000410 0.507861
1.741867 -1.002674
1.754311 -1.012067
1.770136 -1.008172
1.766284 -1.076037
1.780479 -1.095058
1.812054 -1.050497
1.832718 -1.107521
1.758483 -1.009665
1.825846 -1.105589
1.853939 -1.170797
3.952955 0.513940
1.882700 -1.110990
1.877218 -1.275126
1.833458 -1.160082
1.923697 -1.340456
1.907709 -1.331210
1.862986 -1.246620
1.994973 -1.374647
1.892503 -1.357096
2.007733 -1.453191
1.953114 -1.432863
3.970380 0.560733
1.990169 -1.495234
2.090258 -1.374894
1.967685 -1.474240
2.036236 -1.539346
1.987589 -1.504452
2.051066 -1.513253
2.081142 -1.627162
2.069500 -1.606594
2.119908 -1.641934
2.112356 -1.627236
3.938864 0.542297
2.141727 -1.679868
2.089120 -1.718239
2.066850 -1.629564
2.187795 -1.707420
2.236625 -1.738452
2.194228 -1.733439
2.211499 -1.733858
2.214800 -1.688405
2.216072 -1.774814
2.258717 -1.804594
3.991806 0.544878
2.309655 -1.813542
2.297834 -1.812325
2.282946 -1.812418
2.316517 -1.885624
2.357443 -1.884606
2.388536 -1.921137
2.372347 -1.889773
2.395984 -1.837694
2.434985 -1.899104
2.434594 -1.862601
3.979594 -0.245102
4.014649 0.511687
2.473074 -1.959927
2.544794 -1.965064
2.570309 -1.924640
2.565964 -1.949407
2.612083 -1.933627
2.645342 -1.951206
2.670840 -1.922088
2.593239 -2.009779
2.765859 -1.943558
2.773984 -1.905424
3.900054 0.664526
2.666086 -1.933520
2.771675 -1.917789
2.745685 -1.913615
2.796225 -1.984061
2.750100 -2.008232
2.898642 -1.958649
2.893321 -1.991271
2.849777 -1.951602
2.858018 -1.958460
2.971763 -1.859449
3.858221 0.723410
3.002031 -1.922376
3.055377 -1.913505
3.004525 -1.867677
3.086031 -1.902487
3.082353 -1.930444
3.127429 -1.919383
3.109467 -1.894851
3.146620 -1.872808
3.226381 -1.871727
3.135713 -1.746534
3.856274 0.698950
3.300605 -1.804094
3.170456 -1.816255
3.271884 -1.725706
3.243390 -1.788553
3.352271 -1.839352
3.330120 -1.754129
3.305076 -1.814653
3.337906 -1.768468
3.284315 -1.833815
3.340427 -1.647215
3.833934 0.702833
3.382405 -1.715121
3.395206 -1.669503
3.429098 -1.622562
3.433715 -1.645901
3.407714 -1.536001
3.430125 -1.622300
3.461777 -1.603705
3.559969 -1.484067
3.438188 -1.594322
3.518230 -1.546262
3.852060 0.673193
3.366330 -1.456933
3.519623 -1.522444
3.489445 -1.509202
3.543576 -1.472701
3.548991 -1.432621
3.554996 -1.375751
3.535820 -1.374439
3.573986 -1.330925
3.601545 -1.273337
3.584044 -1.286069
3.888156 0.704618
3.576914 -1.290450
3.597421 -1.257984
3.572084 -1.177971
3.588819 -1.098459
3.605039 -1.118980
3.622395 -1.158095
3.631451 -1.124714
3.641068 -1.076277
3.618252 -0.972478
3.693900 -0.981052
3.856029 0.747063
3.615227 -1.019741
3.654258 -0.933219
3.609861 -1.016819
3.640173 -0.912989
3.668528 -0.951365
3.700272 -0.876042
3.675388 -0.887069
3.722851 -0.829525
3.708276 -0.688671
3.741919 -0.772812
3.797214 0.739542
3.748198 -0.738981
3.710891 -0.788109
3.746243 -0.789457
3.732954 -0.782280
3.773176 -0.640097
3.777051 -0.642371
3.742389 -0.693736
3.800261 -0.564308
3.749497 -0.584917
3.845353 -0.535870
3.787432 0.721579
3.762474 -0.568652
3.854021 -0.501967
3.837609 -0.516994
3.895971 -0.447596
3.916746 -0.442386
3.895525 -0.418122
3.910111 -0.421709
3.878637 -0.400370
3.898414 -0.412984
3.873204 -0.371153
3.969131 -0.249469
3.765549 0.763105
3.780536 0.823665
3.704679 0.769444
3.680002 0.801775
3.643380 0.829721
3.635245 0.765255
3.632307 0.824704
3.558737 0.849471
3.573396 0.897931
3.531050 0.852686
4.007373 -0.193330
3.535048 0.873061
3.509092 0.844707
3.490445 0.866451
3.468467 0.867396
3.389356 0.901654
3.444706 0.912775
3.390823 0.888762
3.343883 0.872413
3.357115 0.945351
3.349138 0.916482
3.984761 -0.214034
3.315975 0.929234
3.294618 0.898441
3.194690 0.883159
3.170076 0.910900
3.166105 0.930264
3.158873 0.862408
3.070566 0.886169
3.111172 0.942835
3.089271 0.884424
3.100466 0.888412
4.009553 -0.183937
3.005697 0.926683
2.936957 0.900937
2.971298 0.896269
2.910247 0.885312
2.942467 0.848613
2.958197 0.795014
2.901517 0.883561
2.807062 0.872420
2.958150 0.862934
2.862045 0.877959
4.029662 -0.024988
2.838960 0.895781
2.751376 0.823311
2.797918 0.839819
2.773582 0.892595
2.750197 0.811936
2.724735 0.822026
2.762130 0.820886
2.669006 0.818918
2.656028 0.831947
2.586333 0.819820
