500 2
1.202685 -2.118195
1.288767 -1.983686
1.041199 -2.198946
-0.138220 -0.823577
-0.082300 -0.709000
-0.079139 -0.769011
-0.136380 -0.731874
-0.179669 -0.838296
-0.099039 -0.640722
-0.204713 -0.645641
-0.142622 -0.628391
-0.217953 -0.595396
-0.146605 -0.688467
1.030585 -2.140509
-0.174600 -0.624544
-0.173001 -0.492937
-0.204723 -0.395784
-0.236212 -0.453873
-0.218140 -0.487236
-0.250231 -0.511351
-0.245261 -0.466980
-0.288944 -0.451467
-0.295363 -0.404930
-0.343179 -0.365052
1.008395 -2.204533
-0.346928 -0.513876
-0.379766 -0.219888
-0.342271 -0.345592
-0.323287 -0.327282
-0.415733 -0.251087
-0.408767 -0.260790
-0.419752 -0.284613
-0.406781 -0.226368
-0.491680 -0.294302
-0.525974 -0.201969
0.951181 -2.187397
-0.458281 -0.187013
-0.475614 -0.264674
-0.471289 -0.141951
-0.573203 -0.080860
-0.578092 -0.116011
-0.495477 -0.160164
-0.511518 -0.225569
-0.738905 -0.157513
-0.593490 -0.176554
-0.600128 -0.146689
0.963035 -2.203950
-0.711276 -0.053571
-0.685699 -0.089742
-0.692818 -0.015505
-0.784846 -0.097474
-0.686940 -0.010896
-0.713564 -0.016396
-0.842967 -0.056018
-0.897384 -0.048577
-0.954941 -0.023740
-0.929705 -0.013438
0.909316 -2.193440
-0.879623 -0.090467
-0.977194 -0.070064
-0.863660 -0.030602
-0.957407 0.012707
-0.896957 0.051423
-1.123495 0.009950
-1.019094 0.046424
-1.081480 0.041997
-1.123958 0.059892
-1.148716 0.055587
0.857026 -2.201157
-1.126310 0.017505
-1.089632 0.036869
-1.223659 0.076099
-1.258581 0.030049
-1.347665 0.187796
-1.326900 0.049992
-1.235799 0.115071
-1.392511 0.185337
-1.473357 0.123542
-1.424276 0.131335
0.833565 -2.206503
-1.393290 0.126707
-1.373984 0.213597
-1.448952 0.228757
-1.432716 0.204631
-1.496890 0.152655
-1.506135 0.224416
-1.579909 0.222461
-1.545360 0.251794
-1.464368 0.189139
-1.651230 0.147663
0.866328 -2.246569
-1.631338 0.300538
-1.656546 0.328254
-1.643849 0.299266
-1.704458 0.333923
-1.635830 0.327093
-1.694362 0.349007
-1.765907 0.426446
-1.769463 0.427911
-1.720106 0.392592
-1.807246 0.489409
0.861180 -2.178083
-1.827759 0.471221
-1.791225 0.577341
-1.849211 0.534604
-1.785230 0.566448
-1.830161 0.514083
-1.907488 0.553712
-1.914704 0.522162
-1.855989 0.592378
-1.863129 0.658542
-1.879294 0.651135
1.203669 -2.082816
0.798923 -2.223663
-1.878139 0.658187
-1.893722 0.718316
-1.887604 0.687513
-1.867523 0.705353
-1.830526 0.759510
-1.910712 0.815717
-1.884015 0.901227
-1.880559 0.814668
-1.884327 0.898431
-1.921507 0.881622
0.842408 -2.213350
-1.855400 0.969168
-1.888735 0.940334
-1.899224 0.968256
-1.887133 0.971138
-1.833989 1.008789
-1.876522 1.010562
-1.836690 1.077161
-1.831238 1.039526
-1.754543 1.169662
-1.786488 1.173502
0.763042 -2.217892
-1.790312 1.179265
-1.785921 1.155921
-1.747344 1.228736
-1.751758 1.215444
-1.744624 1.224902
-1.788695 1.244618
-1.776970 1.247224
-1.713606 1.288072
-1.622476 1.358880
-1.639534 1.382896
0.766840 -2.188861
-1.664355 1.343074
-1.692082 1.346651
-1.650394 1.414307
-1.594706 1.404965
-1.626780 1.391034
-1.546945 1.470466
-1.535737 1.487984
-1.448758 1.415564
-1.519894 1.517447
-1.483831 1.515236
0.631222 -2.194211
-1.466509 1.523679
-1.503906 1.507326
-1.428885 1.518298
-1.316777 1.574627
-1.275278 1.562428
-1.320097 1.596208
-1.301007 1.562666
-1.340108 1.592667
-1.296510 1.617942
-1.170440 1.569136
0.677615 -2.219549
-1.351135 1.548379
-1.135150 1.583412
-1.163484 1.664482
-1.121432 1.700111
-1.148440 1.641655
-1.045853 1.632689
-1.077500 1.551243
-1.054811 1.689702
-0.953014 1.690633
-0.999357 1.702756
0.672187 -2.201684
-0.958301 1.690890
-0.907763 1.695009
-0.971670 1.675165
-0.758405 1.762777
-0.878087 1.748734
-0.876813 1.694285
-0.783584 1.686192
-0.763908 1.662429
-0.739565 1.685783
-0.732737 1.736577
0.639636 -2.188030
-0.743737 1.754432
-0.692101 1.646458
-0.613379 1.686465
-0.663552 1.663397
-0.594571 1.627558
-0.512251 1.688979
-0.626224 1.687210
-0.567973 1.667799
-0.552983 1.692393
-0.422941 1.697659
0.665710 -2.176004
-0.459527 1.667864
-0.427670 1.665427
-0.356046 1.603875
-0.433036 1.686848
-0.376528 1.585203
-0.377751 1.604725
-0.319140 1.540763
-0.358165 1.607440
-0.183093 1.623416
-0.266128 1.524416
0.630204 -2.209618
-0.264226 1.540827
-0.263348 1.537337
-0.176194 1.469415
-0.146392 1.423239
-0.208894 1.506573
-0.246479 1.595652
-0.139777 1.437762
-0.068069 1.411285
-0.121323 1.407469
-0.060136 1.381230
1.214122 -2.083265
0.664135 -2.267007
-0.021663 1.330709
-0.130026 1.380189
-0.008709 1.345934
-0.045293 1.291161
-0.055178 1.348017
0.039816 1.344226
0.080665 1.249449
0.019925 1.311390
0.090316 1.262528
0.107689 1.241786
0.588925 -2.127364
0.061766 1.237092
0.066401 1.173798
0.114974 1.160307
0.130128 1.188052
0.203178 1.208555
0.218142 1.135573
0.173879 1.027896
0.235561 1.121647
0.286564 1.031158
0.190064 1.028973
0.548225 -2.152054
0.291090 1.051850
0.344494 0.994753
0.360708 1.069281
0.279255 1.092420
0.436999 0.979018
0.489839 0.986922
0.371339 1.007863
0.418015 1.008988
0.496859 0.924470
0.472434 0.940439
0.434084 -2.086625
0.531445 0.861283
0.429846 0.891389
0.453387 0.891564
0.600707 0.878809
0.534029 0.948066
0.577371 0.904167
0.608754 0.894165
0.566209 0.855015
0.687955 0.807713
0.715568 0.757808
0.492040 -2.142315
0.668771 0.814308
0.626510 0.823088
0.682749 0.806477
0.824152 0.709870
0.770322 0.845711
0.804964 0.745510
0.783327 0.790914
0.877226 0.682395
0.868146 0.759665
0.947807 0.758744
0.458668 -2.181151
0.848308 0.726058
0.877891 0.723771
1.009905 0.706093
1.027748 0.677563
1.018446 0.720630
0.984933 0.700570
1.003445 0.683284
1.079809 0.720647
1.006301 0.650844
1.138555 0.698602
0.487142 -2.235143
1.093959 0.626322
1.177968 0.611909
1.196527 0.639930
1.146932 0.592644
1.272331 0.574687
1.211260 0.669578
1.343835 0.534978
1.338746 0.590145
1.370384 0.594993
1.346220 0.636293
0.384864 -2.153862
1.395054 0.529100
1.401932 0.520038
1.445944 0.492488
1.414096 0.497657
1.448812 0.469971
1.546841 0.395827
1.508842 0.492154
1.409448 0.554291
1.579789 0.428971
1.568958 0.327717
0.369133 -2.062199
1.565172 0.447269
1.593276 0.378703
1.570536 0.361088
1.660670 0.321121
1.627654 0.313055
1.620567 0.270564
1.578233 0.401333
1.713586 0.334487
1.752214 0.277003
1.742854 0.288216
0.280929 -2.041334
1.680678 0.263381
1.757506 0.220376
1.721960 0.283368
1.733777 0.219114
1.764115 0.151359
1.806569 0.135555
1.764870 0.202667
1.742901 0.164837
1.852263 0.088604
1.850633 0.162368
1.236018 -2.079934
0.366223 -2.113817
1.925429 0.057363
1.893069 0.129311
1.969530 -0.022046
1.879143 -0.000315
1.951574 -0.054064
1.914954 -0.079355
1.842523 -0.014667
1.944142 -0.035067
1.953655 -0.052068
1.960613 -0.191387
0.256011 -2.115556
2.008028 -0.129105
1.936210 -0.122031
2.030531 -0.250101
1.980929 -0.185818
2.001638 -0.253784
2.040456 -0.267920
2.039587 -0.297075
1.986800 -0.279611
1.979857 -0.267599
2.008924 -0.305417
0.278658 -2.130039
2.029422 -0.273979
2.051436 -0.392702
2.091325 -0.389098
2.067456 -0.496157
2.061113 -0.534201
2.112638 -0.436315
2.069557 -0.499404
2.089311 -0.503754
2.080130 -0.540528
2.075654 -0.648215
0.328060 -2.020603
2.068354 -0.675470
2.040157 -0.588314
2.066484 -0.614203
2.084220 -0.739519
2.070542 -0.757902
2.104521 -0.651178
2.029080 -0.748732
2.053773 -0.885621
2.028376 -0.716076
2.081713 -0.831424
0.214776 -2.024696
2.000044 -0.831572
2.051845 -0.792479
2.006742 -0.870660
1.966284 -0.945935
2.014543 -0.861406
1.994915 -0.920256
2.045297 -0.965716
2.015901 -0.957599
1.970208 -1.089561
1.985408 -1.054700
0.156547 -1.995230
1.923916 -1.131188
1.964281 -1.104525
1.953103 -1.085885
1.933807 -1.164599
1.927414 -1.227611
1.959426 -1.138240
1.904895 -1.205778
1.870028 -1.231205
1.792743 -1.180246
1.850881 -1.289948
0.152375 -1.998828
1.888172 -1.255127
1.808589 -1.316515
1.816885 -1.343081
1.810694 -1.375587
1.788756 -1.336494
1.731897 -1.445764
1.790301 -1.423902
1.753472 -1.395179
1.773915 -1.426045
1.721682 -1.489115
0.262224 -1.972369
1.679418 -1.424369
1.665944 -1.484128
1.720904 -1.415014
1.614251 -1.508944
1.753861 -1.507001
1.650922 -1.634241
1.613463 -1.620133
1.577796 -1.697880
1.567529 -1.685209
1.568992 -1.682529
0.172177 -2.013737
1.586453 -1.765683
1.634558 -1.633410
1.546163 -1.721921
1.528831 -1.797375
1.558710 -1.776452
1.517548 -1.877930
1.515648 -1.792024
1.505828 -1.861707
1.424218 -1.784205
1.487870 -1.873340
0.143177 -1.996651
1.491529 -1.799852
1.440323 -1.952867
1.488775 -1.868971
1.484603 -1.863628
1.390702 -1.993887
1.404652 -2.029060
1.365909 -2.000858
1.316801 -1.976150
1.277011 -2.072730
1.267855 -2.000754
1.224428 -2.077279
0.124858 -1.986864
0.074685 -1.901575
0.171740 -1.937653
0.094908 -1.956402
0.077020 -1.913133
0.031339 -1.879526
0.052653 -1.828925
0.006352 -1.837648
0.018466 -1.849411
-0.020473 -1.766211
1.155879 -2.130365
0.033556 -1.792608
-0.002993 -1.668180
-0.049484 -1.722716
0.027184 -1.661412
-0.075126 -1.681725
-0.078822 -1.583651
-0.060889 -1.619186
0.000472 -1.616469
-0.050022 -1.558731
-0.086435 -1.550429
1.062519 -2.181745
-0.097562 -1.557599
-0.067978 -1.528209
-0.053745 -1.492014
-0.034874 -1.381820
-0.093213 -1.477440
-0.008027 -1.422703
-0.030713 -1.361848
-0.042749 -1.437412
-0.084378 -1.338882
-0.148860 -1.371925
1.073299 -2.126193
-0.154147 -1.271875
-0.074479 -1.269480
-0.097720 -1.211279
-0.066515 -1.252099
-0.034181 -1.161109
-0.014425 -1.222461
-0.034125 -1.155832
-0.059654 -1.108593
-0.064480 -1.080540
-0.090877 -1.082695
1.065578 -2.155843
-0.064146 -1.119383
-0.063911 -0.952802
-0.136053 -1.005279
-0.079627 -1.064210
-0.051524 -0.960309
-0.130486 -0.935621
-0.066518 -1.033414
-0.096912 -0.900434
-0.100103 -0.800365
-0.045498 -0.932201
