500 2
-1.470980 -2.768512
-1.454264 -2.741445
-1.285732 -2.957359
-0.258115 -1.543172
-0.187377 -1.530505
-0.255294 -1.642303
-0.248921 -1.545546
-0.153938 -1.381047
-0.178952 -1.403174
-0.226529 -1.435553
-0.212414 -1.321678
-0.202079 -1.311996
-0.230695 -1.252068
-1.206146 -2.867644
-0.268216 -1.297109
-0.226369 -1.220726
-0.269160 -1.158732
-0.236357 -1.139575
-0.185015 -1.032742
-0.316520 -0.806067
-0.284613 -0.914698
-0.274319 -0.756604
-0.280567 -0.838632
-0.263671 -0.711431
-1.180381 -2.955363
-0.295044 -0.733021
-0.304161 -0.883247
-0.339862 -0.653139
-0.322594 -0.727183
-0.305069 -0.614450
-0.319874 -0.493720
-0.297317 -0.569201
-0.280584 -0.465463
-0.323709 -0.533903
-0.332659 -0.422541
-1.272469 -2.987866
-0.348732 -0.456472
-0.357606 -0.456937
-0.270256 -0.334605
-0.336133 -0.305746
-0.283506 -0.215989
-0.294927 -0.389795
-0.287341 -0.199582
-0.313693 -0.183162
-0.283972 -0.166029
-0.320444 -0.203950
-1.200761 -2.959093
-0.338498 -0.195599
-0.239928 -0.036192
-0.236243 -0.123071
-0.216052 -0.058959
-0.230711 0.022822
-0.214556 0.001717
-0.234540 0.088432
-0.243261 0.155006
-0.245102 0.104300
-0.180014 0.081100
-1.017371 -2.944594
-0.251613 0.082517
-0.140692 0.194676
-0.171093 0.223085
-0.190629 0.190472
-0.162049 0.205450
-0.165667 0.259875
-0.168343 0.237858
-0.137777 0.224797
-0.110323 0.299644
-0.173583 0.318795
-1.039981 -2.929588
-0.141607 0.346381
-0.133577 0.314890
-0.054412 0.562679
-0.027501 0.523133
-0.049937 0.493830
-0.054422 0.545978
-0.059540 0.455052
0.012552 0.497876
-0.054257 0.452362
0.023764 0.577124
-1.141359 -2.960473
0.029322 0.520806
0.001431 0.557956
0.084373 0.638207
0.074625 0.639025
0.100478 0.655817
0.083190 0.670627
0.150438 0.727278
0.223829 0.764554
0.162916 0.737039
0.262334 0.817828
-1.089033 -2.992661
0.191073 0.741951
0.265414 0.830533
0.266353 0.829444
0.248576 0.836855
0.257354 0.818198
0.245163 0.807426
0.309831 0.845955
0.403570 0.911504
0.348500 0.859370
0.352048 0.858140
-1.022752 -3.033466
0.402753 0.855016
0.431152 0.861875
0.534714 0.902161
0.498659 0.839031
0.488642 0.963339
0.491817 0.988962
0.535573 0.912777
0.537964 0.902266
0.621385 0.873851
0.701137 0.950081
-1.390349 -2.798610
-1.005302 -2.920573
0.724092 0.923444
0.788177 0.915715
0.799340 0.901387
0.812356 0.896937
0.823614 0.874432
0.785753 0.910792
0.891904 0.880645
0.822802 0.864842
0.915862 0.829828
0.939986 0.834764
-1.016431 -3.015860
0.912514 0.868556
0.892151 0.801738
0.968878 0.822949
0.959447 0.818740
1.026217 0.839802
0.954504 0.765102
1.033213 0.809303
1.107675 0.787071
1.136715 0.712281
1.147127 0.694674
-0.963776 -2.965226
1.109321 0.702873
1.081546 0.726687
1.194022 0.617998
1.178893 0.622358
1.163908 0.621308
1.218389 0.598648
1.212301 0.516514
1.242109 0.548116
1.230234 0.590981
1.283887 0.503889
-0.943896 -2.960556
1.251527 0.570178
1.343544 0.450446
1.318920 0.408906
1.328384 0.394073
1.325117 0.389584
1.335590 0.347434
1.345706 0.365045
1.330195 0.345347
1.370966 0.291111
1.403606 0.257690
-0.865552 -2.985640
1.354115 0.305059
1.414038 0.231301
1.410259 0.173525
1.351377 0.192294
1.411031 0.225513
1.478457 0.054009
1.455014 0.139802
1.473652 0.028363
1.442269 0.064231
1.489569 -0.042611
-0.801284 -3.031966
1.498053 0.028525
1.471723 -0.075203
1.475717 -0.180452
1.538949 -0.069060
1.529755 -0.118616
1.476178 -0.203346
1.489965 -0.100496
1.557123 -0.024850
1.513968 -0.259859
1.599679 -0.230828
-0.828977 -3.015995
1.532723 -0.261795
1.521422 -0.300200
1.485224 -0.392784
1.503599 -0.301561
1.516943 -0.366959
1.548764 -0.351490
1.514212 -0.462836
1.534665 -0.470913
1.510048 -0.507394
1.489071 -0.442693
-0.807935 -2.984329
1.532037 -0.420644
1.536686 -0.505431
1.510876 -0.559961
1.420290 -0.577662
1.452339 -0.643046
1.462502 -0.627915
1.414616 -0.712382
1.426606 -0.664190
1.435162 -0.623789
1.399192 -0.689179
-0.864052 -2.999022
1.438140 -0.660398
1.390192 -0.709519
1.381480 -0.764443
1.314298 -0.781890
1.341270 -0.797939
1.401453 -0.736274
1.267245 -0.873408
1.223673 -0.915325
1.265641 -0.878916
1.233336 -0.862332
-0.847344 -3.015747
1.282554 -0.844599
1.192434 -0.887933
1.147285 -0.921248
1.134355 -0.903767
1.190674 -0.907027
1.115407 -0.931855
1.031733 -0.940607
1.075641 -0.990604
1.115085 -0.942324
1.072914 -0.948024
-1.369057 -2.882934
-0.827585 -2.981716
1.052558 -1.002961
0.970089 -0.886642
0.882299 -1.004840
0.955682 -0.969507
0.919264 -0.972384
0.852085 -0.956220
0.705951 -0.990129
0.790800 -1.043896
0.762480 -0.995726
0.783874 -0.998629
-0.815388 -2.998036
0.755905 -1.001146
0.660574 -0.987985
0.618050 -0.960428
0.663396 -1.010607
0.549998 -0.942127
0.636788 -1.080344
0.569708 -1.037936
0.568035 -1.053232
0.548388 -1.012614
0.471879 -0.954052
-0.749710 -2.985122
0.432545 -1.013434
0.391362 -1.020824
0.393395 -0.992442
0.375172 -1.009340
0.366825 -1.013129
0.348774 -1.021348
0.329814 -1.077214
0.234385 -1.051353
0.245253 -1.017470
0.244914 -1.017912
-0.705444 -2.938336
0.105527 -1.031086
0.204616 -0.956176
0.176958 -1.015790
0.222102 -1.026062
0.029060 -1.075621
0.103933 -0.936431
-0.028294 -1.060105
-0.051276 -1.053240
-0.185321 -1.091445
-0.016548 -1.108821
-0.759821 -2.997919
-0.385490 -1.036543
-0.228108 -1.086481
-0.576334 -1.086686
-0.526708 -1.053389
-0.494416 -1.111385
-0.555586 -1.072743
-0.506176 -1.042751
-0.567512 -1.126054
-0.711991 -1.061989
-0.637733 -1.115507
-0.658308 -3.009685
-0.707899 -1.074353
-0.702032 -1.151626
-0.652152 -1.143217
-0.668814 -1.044339
-0.867458 -1.131013
-0.627592 -1.101784
-0.792142 -1.047022
-0.807204 -1.106047
-0.936918 -1.090575
-0.909095 -1.109039
-0.625067 -2.972804
-0.854753 -1.049525
-1.014351 -1.103810
-1.028866 -1.127104
-0.962623 -1.138054
-1.039989 -1.182670
-1.035381 -1.067204
-1.103863 -1.127843
-1.207603 -1.123083
-1.226831 -1.134076
-1.202662 -1.114084
-0.614108 -2.982055
-1.255505 -1.101152
-1.220423 -1.145090
-1.371100 -1.174919
-1.289084 -1.134745
-1.420568 -1.122353
-1.328542 -1.119676
-1.486833 -1.149272
-1.322327 -1.119699
-1.449485 -1.144753
-1.459713 -1.106256
-0.533300 -2.950771
-1.484804 -1.102829
-1.530163 -1.140721
-1.501036 -1.199909
-1.567005 -1.141577
-1.478788 -1.231068
-1.579218 -1.151312
-1.590619 -1.176860
-1.665376 -1.103724
-1.759784 -1.139272
-1.811210 -1.122915
-0.617161 -2.904826
-1.806538 -1.183430
-1.896488 -1.143365
-1.854480 -1.156394
-2.074255 -1.173189
-2.104840 -1.125585
-1.910405 -1.167943
-1.998265 -1.157972
-2.107176 -1.219159
-2.260569 -1.132806
-2.099159 -1.170754
-1.369526 -2.849569
-0.557779 -2.965006
-2.265867 -1.160160
-2.243718 -1.124406
-2.293260 -1.113648
-2.186219 -1.199882
-2.343662 -1.118181
-2.241490 -1.116345
-2.330175 -1.101414
-2.325080 -1.074831
-2.396505 -1.012161
-2.433607 -1.005873
-0.415197 -2.917918
-2.377788 -1.023220
-2.397450 -0.973342
-2.355442 -0.995468
-2.398387 -0.953047
-2.335743 -0.964900
-2.343477 -0.880036
-2.358287 -0.894995
-2.349819 -0.833279
-2.365207 -0.887279
-2.346219 -0.904422
-0.439766 -2.825600
-2.378820 -0.842366
-2.315889 -0.849489
-2.388311 -0.818887
-2.236340 -0.782259
-2.254690 -0.870535
-2.230456 -0.826005
-2.222770 -0.818954
-2.203672 -0.756240
-2.163367 -0.849958
-2.014539 -0.836376
-0.518305 -2.890268
-2.108909 -0.799458
-2.197731 -0.740279
-2.074860 -0.855912
-1.927242 -0.849441
-2.040959 -0.857711
-2.147228 -0.908488
-2.087140 -0.864672
-2.062837 -0.875517
-2.094064 -1.003155
-1.968669 -1.103453
-0.433690 -2.900004
-2.003577 -0.976118
-2.046606 -1.034496
-1.989243 -0.984690
-2.015553 -1.357742
-1.907035 -1.224518
-1.980448 -1.430725
-1.958150 -1.398236
-1.983986 -1.384455
-1.978198 -1.439327
-1.966118 -1.352850
-0.403365 -2.907446
-1.961555 -1.368103
-1.888348 -1.584770
-1.930941 -1.605818
-1.892270 -1.575154
-1.900527 -1.639470
-1.879932 -1.700223
-1.878249 -1.634148
-1.837893 -1.690843
-1.856794 -1.760768
-1.880185 -1.687669
-0.387575 -2.802930
-1.849562 -1.757966
-1.871233 -1.698567
-1.779355 -1.816634
-1.770091 -1.889962
-1.808643 -1.788505
-1.837963 -1.936294
-1.822577 -1.883792
-1.802400 -1.961751
-1.798240 -1.962444
-1.817512 -2.115867
-0.428647 -2.817414
-1.681145 -1.993675
-1.737836 -2.064068
-1.662586 -2.037409
-1.776411 -2.083005
-1.699213 -2.270062
-1.706739 -2.204855
-1.755496 -2.196937
-1.745445 -2.263586
-1.745318 -2.269608
-1.752578 -2.255963
-0.308654 -2.820232
-1.714427 -2.327763
-1.673495 -2.345774
-1.661843 -2.359203
-1.657281 -2.340666
-1.620011 -2.305259
-1.630220 -2.414562
-1.633858 -2.447401
-1.637530 -2.427827
-1.595858 -2.490954
-1.602524 -2.562644
-0.397140 -2.869993
-1.620578 -2.477265
-1.587346 -2.547358
-1.580249 -2.601855
-1.537746 -2.616043
-1.515962 -2.638562
-1.525682 -2.589019
-1.559756 -2.668566
-1.557284 -2.603718
-1.499172 -2.676629
-1.478413 -2.713461
-1.363251 -2.841929
-0.306711 -2.803750
-0.296163 -2.778836
-0.338521 -2.778442
-0.325010 -2.777666
-0.257563 -2.774141
-0.252339 -2.767581
-0.185353 -2.615950
-0.230512 -2.654725
-0.280473 -2.645019
-0.225003 -2.628797
-1.331031 -2.910141
-0.142783 -2.601460
-0.207499 -2.594354
-0.191099 -2.626215
-0.172563 -2.470975
-0.154202 -2.511313
-0.189548 -2.617667
-0.141886 -2.532404
-0.114331 -2.479306
-0.126752 -2.469445
-0.128076 -2.361509
-1.314727 -2.825414
-0.179107 -2.355117
-0.142044 -2.304526
-0.134792 -2.409578
-0.140957 -2.268562
-0.111522 -2.281782
-0.130571 -2.328574
-0.035351 -2.229289
-0.133695 -2.222366
-0.109417 -2.104250
-0.070983 -2.170223
-1.307330 -2.808191
-0.081815 -2.139910
-0.109197 -2.091363
-0.147385 -2.179940
-0.134454 -2.089902
-0.125121 -1.995789
-0.111418 -2.033092
-0.102336 -2.034143
-0.106983 -1.980572
-0.127879 -1.988828
-0.124905 -1.864784
-1.308095 -2.847842
-0.137269 -1.811295
-0.151191 -1.785699
-0.150018 -1.781408
-0.113201 -1.659198
-0.162428 -1.756332
-0.148260 -1.699162
-0.162534 -1.713877
-0.171423 -1.604770
-0.174382 -1.718829
-0.169773 -1.600859
