300 2
1.186322 2.655984
1.164602 2.661008
1.627153 2.664238
3.765889 -0.118647
3.758394 -0.128139
3.783879 -0.171051
3.750610 -0.243391
3.728846 -0.278939
3.747578 -0.285641
3.705771 -0.446168
3.708993 -0.431314
3.672012 -0.563764
3.643139 -0.629148
1.657057 2.679838
3.670341 -0.523817
3.657329 -0.669530
3.665186 -0.688325
3.601870 -0.729162
3.586931 -0.791846
3.594931 -0.803026
3.577313 -0.807951
3.534196 -0.904649
3.513335 -0.986835
3.495931 -1.023514
1.785004 2.696867
3.498642 -0.993256
3.408149 -1.106933
3.403028 -1.073248
3.389030 -1.119507
3.368452 -1.144639
3.324993 -1.191574
3.295301 -1.222013
3.246959 -1.262120
3.183337 -1.267590
3.193990 -1.339962
1.812663 2.663804
3.063237 -1.394593
3.081214 -1.406769
3.081464 -1.352635
2.977220 -1.439986
2.980300 -1.416620
2.909446 -1.484423
2.892967 -1.514346
2.843793 -1.512151
2.783148 -1.575459
2.770212 -1.505646
1.857361 2.668865
2.658352 -1.553919
2.813705 -1.472054
2.610068 -1.612646
2.612492 -1.627959
2.547814 -1.626282
2.514262 -1.613594
2.408390 -1.636713
2.308016 -1.659703
2.337840 -1.656068
2.281215 -1.655381
1.944785 2.679376
2.240206 -1.689865
2.268045 -1.639920
2.164931 -1.713435
2.157124 -1.654476
2.132683 -1.670723
2.106943 -1.734590
1.922992 -1.767558
1.976012 -1.632000
1.923020 -1.730188
1.874207 -1.686463
1.889508 2.650802
1.823128 -1.736311
1.811285 -1.761688
1.719746 -1.741746
1.752841 -1.782783
1.580824 -1.699307
1.593436 -1.710880
1.562820 -1.754969
1.467565 -1.719153
1.427474 -1.723646
1.367577 -1.718874
1.924221 2.707191
1.458445 -1.728262
1.320484 -1.665632
1.179388 -1.697758
1.201534 -1.706632
1.139032 -1.735571
1.179574 -1.644684
1.028688 -1.639642
0.983124 -1.688549
0.885641 -1.624453
0.945720 -1.610432
2.039212 2.710248
0.919498 -1.655313
0.862743 -1.564083
0.811825 -1.578176
0.805561 -1.555211
0.738328 -1.524229
0.792385 -1.576604
0.681466 -1.535036
0.623514 -1.441914
0.566434 -1.530056
0.557849 -1.426786
2.003423 2.671357
0.520460 -1.408813
0.503083 -1.405394
0.438728 -1.388410
0.333233 -1.281048
0.389948 -1.347134
0.377136 -1.334074
0.268472 -1.241597
0.264856 -1.216919
0.232233 -1.201227
0.213783 -1.165216
1.188583 2.622989
2.066605 2.661599
0.142793 -1.131955
0.159695 -1.126295
0.062592 -1.006567
0.119815 -1.092048
0.048200 -0.955802
0.010187 -0.930540
0.077059 -1.023324
-0.058873 -0.831753
-0.020602 -0.863555
-0.051597 -0.818798
2.179076 2.639590
-0.061624 -0.876692
-0.108733 -0.700921
-0.080995 -0.748202
-0.185823 -0.592630
-0.118766 -0.663347
-0.169401 -0.559451
-0.154977 -0.598972
-0.178713 -0.414036
-0.216086 -0.457418
-0.215095 -0.382922
2.166446 2.668183
-0.228213 -0.338336
-0.258486 -0.281158
-0.254065 -0.238358
-0.266192 -0.174417
-0.271831 -0.110984
-0.276088 -0.123524
-0.290004 -0.079582
-0.296059 -0.002453
-0.308082 0.044734
-0.325985 0.076936
2.249052 2.589886
-0.324990 0.188395
-0.320283 0.169588
-0.335548 0.280448
-0.358787 0.239062
-0.378095 0.343932
-0.339887 0.358323
-0.324511 0.425518
-0.366724 0.516389
-0.401500 0.573702
-0.345452 0.540700
2.323449 2.716465
-0.357070 0.586906
-0.351844 0.699975
-0.381327 0.613177
-0.354409 0.738302
-0.358820 0.818627
-0.317492 0.716440
-0.311136 0.926758
-0.314487 0.965376
-0.306901 1.035324
-0.339605 0.952433
2.258914 2.651691
-0.291096 1.124246
-0.243666 1.191360
-0.259380 1.279511
-0.280255 1.289070
-0.256038 1.356695
-0.231687 1.368479
-0.297448 1.366001
-0.234040 1.428845
-0.172033 1.516586
-0.159272 1.601893
2.424058 2.675271
-0.147391 1.627160
-0.159720 1.573315
-0.127288 1.714588
-0.056395 1.792191
-0.133568 1.787683
-0.048442 1.744244
-0.064117 1.835021
-0.071365 1.808488
-0.034976 1.849084
0.047052 1.983269
2.384403 2.656822
0.067434 2.036503
0.017388 1.967541
0.106220 2.069461
0.107153 2.051486
0.191097 2.139113
0.248258 2.242653
0.210961 2.199317
0.188280 2.171973
0.358408 2.289446
0.319651 2.258097
2.462568 2.623688
0.338088 2.266119
0.377947 2.313625
0.398551 2.339584
0.471072 2.391516
0.562508 2.428420
0.568518 2.399825
0.584194 2.473706
0.639943 2.471458
0.707668 2.507262
0.743596 2.550436
2.479824 2.642711
0.752235 2.518953
0.762533 2.548344
0.811116 2.481924
0.837811 2.585549
0.915905 2.668642
1.064727 2.636569
1.022744 2.617825
0.983022 2.601774
1.060204 2.619337
1.139942 2.670933
1.364047 2.648154
2.529782 2.625130
2.575417 2.617878
2.582610 2.601697
2.645048 2.608136
2.718985 2.576486
2.744784 2.574697
2.760091 2.496155
2.779943 2.552677
2.876117 2.499790
2.924227 2.501367
1.442932 2.615347
2.947524 2.474386
2.958675 2.471695
3.095650 2.427986
3.021609 2.378791
3.125001 2.339628
3.076609 2.373053
3.266948 2.214803
3.224283 2.311122
3.144357 2.313457
3.310592 2.239144
1.384966 2.649384
3.326388 2.077248
3.423623 2.088052
3.343006 2.117725
3.453432 2.002876
3.383712 2.107721
3.477942 1.974689
3.470224 1.961949
3.446872 1.968905
3.483777 1.871374
3.535401 1.953353
1.390015 2.704122
3.521972 1.754701
3.547236 1.848708
3.637664 1.720504
3.568429 1.752966
3.619087 1.607732
3.576942 1.585728
3.604412 1.674198
3.678715 1.476230
3.706039 1.396314
3.695585 1.259464
1.478024 2.665252
3.685737 1.412160
3.695886 1.333824
3.669035 1.380548
3.697547 1.260685
3.701594 1.249019
3.693290 1.082945
3.786968 1.062841
3.748943 1.077544
3.789521 0.991852
3.724716 1.054739
1.437729 2.686998
3.764659 0.732870
3.746264 0.917374
3.775903 0.688368
3.803547 0.672753
3.776688 0.674052
3.779912 0.614744
3.746526 0.515051
3.802958 0.487107
3.776346 0.463031
3.819595 0.381175
1.808360 2.626811
3.832465 0.274128
3.805006 0.255727
3.785849 0.351612
3.754384 0.202251
3.800444 0.172322
3.794055 0.083671
3.751333 -0.006479
3.814241 -0.002245
3.784748 -0.049186
3.750309 -0.128631
