500 2
-0.784124 1.752555
-0.814168 1.657378
-0.399327 1.708632
-0.334371 -0.132583
-0.398485 -0.135056
-0.352164 -0.199908
-0.407599 -0.183544
-0.418586 -0.226545
-0.468974 -0.317502
-0.481968 -0.230999
-0.479573 -0.367512
-0.447529 -0.212680
-0.554640 -0.408694
-0.535452 1.689064
-0.536774 -0.422377
-0.511463 -0.398688
-0.513371 -0.452293
-0.538385 -0.467841
-0.627129 -0.484897
-0.555503 -0.454728
-0.580475 -0.425489
-0.592910 -0.532590
-0.607934 -0.536190
-0.617854 -0.533785
-0.452698 1.716433
-0.626545 -0.577399
-0.727792 -0.696675
-0.690922 -0.614412
-0.621780 -0.613252
-0.674960 -0.697011
-0.682741 -0.798529
-0.755431 -0.796778
-0.727118 -0.791015
-0.764810 -0.824946
-0.751069 -0.751357
-0.405661 1.722116
-0.818020 -0.996997
-0.840387 -0.828637
-0.795852 -1.041163
-0.840862 -0.979461
-0.808435 -0.991269
-0.795723 -0.968955
-0.779200 -1.041785
-0.866087 -1.311725
-0.884858 -1.193519
-0.918658 -1.119894
-0.384466 1.695506
-0.905486 -1.066464
-0.961816 -1.475630
-0.945100 -1.454252
-0.991606 -1.488114
-0.934665 -1.470814
-1.004376 -1.573141
-1.015922 -1.683389
-1.011882 -1.589135
-1.067098 -1.642836
-1.010624 -1.724160
-0.449661 1.675316
-1.059762 -1.656152
-1.069929 -1.696158
-1.100291 -1.734042
-1.091705 -1.726282
-1.014857 -1.758114
-1.127804 -1.784598
-1.138592 -1.957412
-1.111114 -1.913471
-1.171305 -1.930141
-1.070035 -2.032672
-0.365894 1.661410
-1.125152 -1.985236
-1.091041 -1.954126
-1.148217 -1.999964
-1.138507 -1.920965
-1.126794 -2.062540
-1.239046 -2.173530
-1.138197 -2.026181
-1.115511 -2.076402
-1.179673 -2.131150
-1.176091 -2.278688
-0.401140 1.672937
-1.166349 -2.284363
-1.161060 -2.151606
-1.124797 -2.336622
-1.162653 -2.155344
-1.176289 -2.360946
-1.195311 -2.376047
-1.188070 -2.468485
-1.179126 -2.473267
-1.182380 -2.558108
-1.152680 -2.550501
-0.314027 1.630851
-1.178898 -2.589795
-1.164912 -2.580410
-1.174666 -2.533837
-1.154540 -2.635445
-1.151574 -2.672443
-1.177128 -2.729167
-1.151548 -2.744034
-1.153986 -2.631256
-1.087769 -2.773333
-1.089734 -2.803815
-0.234356 1.636626
-1.095214 -2.796265
-1.125342 -2.898432
-1.061046 -2.848398
-1.107648 -2.794442
-1.023712 -2.886828
-1.076309 -2.940285
-1.047947 -2.842648
-1.021694 -2.950241
-0.943895 -2.978532
-1.010810 -2.950525
-0.782278 1.720333
-0.243535 1.562222
-0.950757 -3.035845
-0.944780 -3.009862
-0.903197 -3.033541
-0.964297 -3.015430
-0.912856 -3.027927
-0.828248 -3.046222
-0.853548 -3.068611
-0.828530 -3.069869
-0.819879 -3.112843
-0.774091 -3.118935
-0.308000 1.650388
-0.755455 -3.199385
-0.728707 -3.058389
-0.713083 -3.114879
-0.651479 -3.142862
-0.620738 -3.062496
-0.676214 -3.152012
-0.625943 -3.153568
-0.604683 -3.142330
-0.696278 -3.122785
-0.516716 -3.154788
-0.239958 1.544871
-0.485803 -3.168101
-0.623779 -3.151252
-0.468287 -3.193701
-0.544971 -3.120415
-0.442131 -3.141583
-0.424367 -3.133593
-0.399091 -3.132057
-0.329763 -3.150284
-0.331716 -3.110591
-0.323690 -3.113603
-0.243278 1.573412
-0.324369 -3.175180
-0.260435 -3.094171
-0.245437 -3.111546
-0.236539 -3.122547
-0.119823 -3.100177
-0.161413 -3.047011
-0.176890 -3.077580
-0.102945 -3.030348
-0.060978 -3.033276
-0.137340 -3.077567
-0.221203 1.509406
-0.100517 -3.049637
-0.003439 -2.932003
-0.028080 -2.967216
-0.012291 -2.964890
0.057941 -2.919408
0.001450 -2.953493
0.096574 -2.916126
0.142502 -2.853859
0.152013 -2.830056
0.168953 -2.868213
-0.244308 1.538810
0.141788 -2.859351
0.159610 -2.782054
0.131303 -2.821717
0.229664 -2.736795
0.178252 -2.795128
0.246503 -2.725292
0.202639 -2.788789
0.211599 -2.717986
0.303495 -2.629390
0.271728 -2.695764
-0.135119 1.578067
0.270086 -2.665564
0.355920 -2.532581
0.265820 -2.585389
0.301370 -2.584518
0.322058 -2.534841
0.358060 -2.556216
0.355388 -2.487886
0.340939 -2.551783
0.361556 -2.451108
0.378890 -2.445795
-0.223548 1.593931
0.329713 -2.444863
0.343575 -2.411556
0.393777 -2.428045
0.345694 -2.304708
0.376690 -2.346048
0.399661 -2.227910
0.314557 -2.237093
0.396931 -2.282301
0.360321 -2.220231
0.392073 -2.202188
-0.184255 1.491642
0.347322 -2.105415
0.375411 -2.074888
0.391624 -2.137330
0.344937 -2.049449
0.359625 -2.048139
0.338937 -2.060409
0.327036 -2.037655
0.315535 -1.940062
0.283627 -1.863924
0.287643 -1.902988
-0.132899 1.465904
0.352553 -1.968321
0.293954 -1.845175
0.258427 -1.883399
0.241804 -1.864943
0.174208 -1.744650
0.241316 -1.817504
0.247223 -1.819547
0.189979 -1.767030
0.152695 -1.794577
0.194590 -1.809828
-0.685614 1.750688
-0.240588 1.496632
0.127115 -1.680181
0.086626 -1.690569
0.052027 -1.637531
0.105045 -1.692255
0.093694 -1.670591
0.108257 -1.703840
0.031910 -1.591836
-0.000650 -1.626191
-0.098130 -1.520167
-0.081457 -1.639866
-0.178614 1.436704
-0.165476 -1.511265
-0.154658 -1.541677
-0.223662 -1.440318
-0.188616 -1.469335
-0.222924 -1.452225
-0.108422 -1.427525
-0.258873 -1.414521
-0.239176 -1.428480
-0.311866 -1.435735
-0.231633 -1.521039
-0.104301 1.431629
-0.342453 -1.419509
-0.424330 -1.367827
-0.415159 -1.419039
-0.312924 -1.408162
-0.420673 -1.383827
-0.467771 -1.335061
-0.375205 -1.332275
-0.437973 -1.367563
-0.709868 -1.208560
-0.653207 -1.294825
-0.120685 1.427801
-0.654472 -1.335392
-0.541856 -1.324191
-0.643076 -1.295560
-0.594522 -1.312895
-0.815541 -1.305813
-1.000179 -1.229598
-0.908843 -1.198571
-1.087991 -1.154004
-0.986220 -1.170730
-1.020540 -1.169595
-0.144425 1.373664
-1.082853 -1.188917
-1.073929 -1.140759
-1.123584 -1.129504
-1.083478 -1.208701
-1.293198 -1.098363
-1.218842 -1.067982
-1.371640 -1.048824
-1.204648 -1.075587
-1.257792 -1.072471
-1.197686 -1.060733
-0.073887 1.289695
-1.423026 -1.000958
-1.467081 -1.007322
-1.417747 -0.865190
-1.524535 -0.982679
-1.446688 -1.021610
-1.467865 -0.998616
-1.571585 -0.933973
-1.595089 -0.892200
-1.485161 -0.950125
-1.632177 -0.902128
-0.117597 1.410369
-1.426029 -0.856540
-1.653483 -0.835068
-1.647262 -0.864408
-1.660728 -0.803576
-1.684624 -0.820598
-1.733108 -0.756768
-1.717561 -0.745125
-1.716347 -0.787312
-1.765357 -0.724465
-1.806359 -0.677927
-0.047783 1.263366
-1.761361 -0.697672
-1.783104 -0.653388
-1.760333 -0.724512
-1.784697 -0.706549
-1.864759 -0.556263
-1.846053 -0.688796
-1.859048 -0.524152
-1.887362 -0.505588
-1.845905 -0.506946
-1.812252 -0.496458
-0.065428 1.294189
-1.907904 -0.405479
-1.947232 -0.379259
-1.898605 -0.411584
-1.973034 -0.354437
-1.903706 -0.344889
-1.886928 -0.372996
-1.970169 -0.357667
-1.945184 -0.192358
-1.962213 -0.236852
-1.975724 -0.267359
-0.095911 1.253945
-1.974702 -0.311115
-1.982830 -0.152334
-2.008767 -0.164910
-2.001678 -0.141591
-1.953543 -0.139464
-2.023496 -0.120796
-1.938219 -0.206405
-1.980265 -0.081938
-2.074635 0.020146
-2.027928 -0.018658
-0.615589 1.705632
-0.025096 1.265162
-2.037619 -0.000870
-2.019633 -0.041778
-1.994247 -0.035424
-2.038961 0.119455
-2.062253 0.066917
-2.099276 0.186335
-2.058986 0.127594
-2.067645 0.209191
-2.125906 0.253515
-2.123771 0.238406
-0.002307 1.194973
-2.149837 0.291533
-2.061967 0.244291
-2.017341 0.210493
-2.098402 0.396539
-2.083357 0.208489
-2.113568 0.306018
-2.146562 0.428182
-2.116605 0.549351
-2.125535 0.346387
-2.117622 0.485476
0.016054 1.040424
-2.150994 0.461809
-2.110780 0.536783
-2.122202 0.582417
-2.096262 0.619497
-2.109743 0.663028
-2.028671 0.631315
-2.066792 0.721583
-2.081928 0.677530
-2.105244 0.723349
-2.023325 0.714550
-0.010734 1.150358
-2.078101 0.784250
-2.083242 0.758382
-2.062328 0.687836
-1.927251 0.735110
-1.994867 0.874548
-2.086907 0.831745
-2.027209 0.899082
-1.983609 0.944279
-1.993937 0.927003
-2.042425 0.923906
-0.003571 1.122920
-2.018036 0.963354
-1.961193 1.008296
-1.878914 1.120890
-1.892240 1.075742
-1.937873 1.025065
-1.896133 1.156589
-1.880918 1.107099
-1.890802 1.113721
-1.836715 1.178965
-1.836550 1.163841
-0.002969 1.189749
-1.691341 1.251855
-1.833340 1.163876
-1.764315 1.231576
-1.833865 1.184757
-1.771108 1.296927
-1.669701 1.328589
-1.716825 1.303261
-1.723848 1.356888
-1.777007 1.248285
-1.665237 1.372977
0.025725 1.126714
-1.676488 1.323321
-1.588601 1.421979
-1.616790 1.368372
-1.625212 1.390711
-1.593431 1.330366
-1.588113 1.443660
-1.549930 1.460768
-1.497784 1.427773
-1.449345 1.499747
-1.529248 1.479826
0.012758 1.033614
-1.439158 1.488073
-1.459778 1.437902
-1.334291 1.481295
-1.479957 1.536421
-1.344734 1.582874
-1.357846 1.600585
-1.338738 1.557488
-1.294604 1.614938
-1.317597 1.580309
-1.303755 1.590644
0.019764 1.018217
-1.243534 1.605547
-1.160792 1.672248
-1.154126 1.650730
-1.253144 1.582089
-1.120943 1.661846
-1.107970 1.666292
-1.215614 1.575585
-1.113637 1.682291
-1.059165 1.659107
-0.994277 1.720911
0.040297 1.043467
-1.068707 1.663756
-0.999690 1.697428
-0.989279 1.694784
-0.845753 1.762121
-0.919788 1.723252
-0.916018 1.675723
-0.914673 1.703986
-0.847100 1.715845
-0.840727 1.764408
-0.868574 1.676620
-0.571744 1.719289
0.053314 0.944471
0.040277 0.954940
0.029411 0.873992
0.123547 0.881010
0.026670 0.868178
0.014889 0.706402
0.064440 0.870202
0.014020 0.638397
0.060029 0.792636
0.049954 0.711465
-0.639363 1.743224
0.051995 0.767130
0.050076 0.677627
0.045955 0.688329
0.043542 0.674839
0.032851 0.580276
-0.020611 0.514608
0.010147 0.539900
0.014954 0.564632
0.039742 0.495894
0.035265 0.431065
-0.575688 1.644208
-0.024117 0.475782
-0.049176 0.381911
-0.009917 0.347170
-0.041447 0.407972
0.037789 0.441750
-0.062585 0.272663
-0.039565 0.349805
-0.101103 0.218131
-0.020336 0.339270
-0.039867 0.283222
-0.639607 1.723089
-0.105230 0.193269
-0.089626 0.212637
0.034531 0.309027
-0.114572 0.200880
-0.112934 0.196406
-0.131457 0.154475
-0.193961 0.039230
-0.165126 0.080667
-0.203649 0.042255
-0.200057 0.035480
-0.569364 1.741577
-0.219455 0.015984
-0.209151 -0.024668
-0.241930 -0.041582
-0.251467 -0.120981
-0.305274 -0.083712
-0.284302 -0.052076
-0.320548 -0.088685
-0.344859 -0.126681
-0.266199 -0.147707
-0.356885 -0.180352
