500 2
-1.390460 -2.292735
-1.417177 -2.232075
-1.782902 -2.197397
-2.135646 -0.235019
-2.161630 -0.295201
-2.186660 -0.189189
-2.139585 -0.190661
-2.139758 -0.079845
-2.264915 -0.058605
-2.214783 -0.153502
-2.130342 -0.184715
-2.235612 0.016560
-2.267618 -0.019273
-1.741887 -2.208980
-2.197624 0.013114
-2.212486 -0.040325
-2.209695 0.065237
-2.226405 0.114206
-2.344159 0.163189
-2.252620 0.082656
-2.291982 0.167714
-2.276229 0.206323
-2.244874 0.163059
-2.335636 0.221206
-1.796473 -2.175934
-2.282322 0.193392
-2.226983 0.251137
-2.280728 0.259419
-2.312642 0.348248
-2.343678 0.276343
-2.355157 0.422280
-2.277226 0.434770
-2.351401 0.431839
-2.459617 0.395807
-2.315006 0.478022
-1.712795 -2.154129
-2.263784 0.498684
-2.352369 0.502968
-2.356170 0.487925
-2.461869 0.558876
-2.424420 0.622029
-2.388503 0.630138
-2.383105 0.534224
-2.448046 0.619824
-2.486385 0.646563
-2.454075 0.680730
-1.867901 -2.108157
-2.368405 0.710305
-2.379188 0.658538
-2.462090 0.759297
-2.454308 0.818715
-2.457790 0.754466
-2.446822 0.813576
-2.434531 0.830209
-2.495786 0.865754
-2.523725 0.999804
-2.525897 0.854345
-1.799390 -2.155596
-2.468485 0.944469
-2.520022 0.948270
-2.451020 1.024105
-2.522605 1.028233
-2.413527 1.072916
-2.549197 1.027528
-2.524834 1.034128
-2.560117 1.118857
-2.529393 1.142263
-2.520276 1.167721
-1.845614 -2.100593
-2.560869 1.182914
-2.520909 1.356352
-2.529183 1.310061
-2.567977 1.363227
-2.543469 1.350773
-2.575185 1.388605
-2.516539 1.279119
-2.532471 1.427405
-2.590057 1.407286
-2.500911 1.510240
-1.848255 -2.117389
-2.499184 1.538874
-2.538769 1.510841
-2.614299 1.492719
-2.575779 1.560350
-2.468100 1.572357
-2.532641 1.590389
-2.566959 1.658448
-2.530224 1.694962
-2.487735 1.666965
-2.483834 1.656947
-1.875233 -2.138460
-2.503302 1.703962
-2.508174 1.693664
-2.381597 1.882237
-2.498627 1.804551
-2.525269 1.726991
-2.508865 1.804586
-2.514599 1.887024
-2.511642 1.875059
-2.438051 1.840647
-2.419789 1.996785
-1.910738 -2.076136
-2.470602 1.884944
-2.412308 2.021681
-2.437485 2.029339
-2.313245 2.012212
-2.385791 2.045318
-2.334128 2.023211
-2.454304 1.956105
-2.363247 2.053945
-2.266487 2.134616
-2.285590 2.168132
-1.475657 -2.255566
-1.908603 -2.051531
-2.268476 2.144747
-2.235722 2.115581
-2.245950 2.190892
-2.178098 2.242993
-2.187105 2.229226
-2.135944 2.150558
-2.105726 2.305770
-2.134005 2.191684
-2.136151 2.175748
-2.104139 2.189777
-1.887167 -2.078574
-2.037989 2.284173
-2.124037 2.239335
-2.036898 2.311285
-2.009799 2.266254
-1.932688 2.251827
-1.974375 2.242628
-1.852196 2.276737
-1.904391 2.276873
-1.908286 2.211993
-1.847812 2.299393
-1.893851 -2.070526
-1.843424 2.310648
-1.913452 2.293509
-1.799474 2.272273
-1.705018 2.213463
-1.637759 2.211267
-1.672336 2.250049
-1.693247 2.247937
-1.674317 2.177733
-1.690699 2.311537
-1.574385 2.243989
-1.916490 -2.037943
-1.528583 2.202701
-1.544527 2.275005
-1.558320 2.274155
-1.491124 2.166569
-1.511398 2.165063
-1.446060 2.144229
-1.442034 2.214264
-1.452855 2.127846
-1.375049 2.146356
-1.352879 2.144400
-1.976064 -2.022368
-1.351051 2.161199
-1.344317 2.128727
-1.283918 2.071200
-1.166756 1.997912
-1.232730 2.064089
-1.247341 2.109452
-1.210110 2.032266
-1.121442 2.006905
-1.162685 2.037552
-1.181923 1.993987
-1.927255 -2.069952
-1.161096 2.019707
-1.170337 1.999080
-1.088761 1.988300
-1.057146 1.961630
-1.018857 1.931669
-0.996528 1.956190
-1.042838 1.965561
-1.001594 1.927006
-0.950797 1.907621
-0.933606 1.906334
-1.966232 -1.942775
-0.940535 1.905008
-0.840255 1.831995
-0.821181 1.785831
-0.870455 1.839053
-0.808041 1.787981
-0.856846 1.837536
-0.754884 1.762597
-0.690742 1.714711
-0.751752 1.733009
-0.725085 1.717902
-1.957305 -1.945499
-0.716233 1.716852
-0.716859 1.672815
-0.651721 1.701078
-0.731828 1.727699
-0.683424 1.680389
-0.622776 1.591714
-0.665576 1.636850
-0.589011 1.551380
-0.642358 1.584162
-0.580646 1.545824
-1.983162 -1.957965
-0.605790 1.573032
-0.634623 1.509696
-0.541975 1.516150
-0.529893 1.563142
-0.490917 1.344813
-0.530152 1.470648
-0.527689 1.353104
-0.510026 1.372589
-0.536877 1.307395
-0.502852 1.328120
-2.009273 -1.924616
-0.429488 1.298055
-0.547515 1.285202
-0.457281 1.283625
-0.436188 1.269345
-0.391186 1.176959
-0.476678 1.232800
-0.447516 1.089320
-0.429342 1.103692
-0.456344 1.117924
-0.436540 1.102643
-1.488436 -2.251762
-1.996410 -1.907709
-0.555685 1.033720
-0.514414 0.998841
-0.419987 1.014445
-0.474465 0.965886
-0.405974 0.939290
-0.484534 0.956538
-0.537648 0.888161
-0.501057 0.822471
-0.458310 0.784491
-0.452677 0.903957
-1.958991 -1.894984
-0.480532 0.789189
-0.416470 0.839639
-0.456889 0.780723
-0.493061 0.723396
-0.516919 0.673270
-0.469557 0.699277
-0.491521 0.644112
-0.469874 0.588108
-0.462223 0.643834
-0.473378 0.538183
-2.031387 -1.852946
-0.429215 0.473575
-0.414451 0.460673
-0.450817 0.411585
-0.458138 0.454465
-0.421583 0.462675
-0.438418 0.403550
-0.455148 0.308948
-0.446755 0.358948
-0.387470 0.242796
-0.398736 0.309924
-2.018883 -1.822942
-0.353881 0.245443
-0.398324 0.242332
-0.301229 0.154327
-0.424189 0.273343
-0.348263 0.190215
-0.399065 0.201693
-0.356384 0.096946
-0.426240 0.093232
-0.275258 0.024354
-0.303900 0.074014
-2.045253 -1.838678
-0.318508 0.183946
-0.261765 0.027029
-0.342732 0.044221
-0.257002 -0.014589
-0.246371 -0.063221
-0.242760 -0.102338
-0.237868 -0.054256
-0.317806 -0.099321
-0.296830 -0.064482
-0.241397 -0.083044
-2.076090 -1.796863
-0.157643 -0.157574
-0.136915 -0.206786
-0.129074 -0.192035
-0.193389 -0.183101
-0.207273 -0.246833
-0.125897 -0.229080
-0.114799 -0.227355
-0.095193 -0.262360
-0.041911 -0.334859
0.012266 -0.395972
-1.973498 -1.879160
-0.006035 -0.403864
0.022081 -0.375962
-0.022310 -0.342544
0.004034 -0.440187
0.042302 -0.426067
0.071709 -0.505163
-0.028261 -0.503450
0.046192 -0.481579
0.062253 -0.568407
0.123540 -0.509696
-2.041665 -1.680787
0.084427 -0.555766
0.118830 -0.531760
0.114266 -0.621123
0.054766 -0.583003
0.142233 -0.591147
0.087690 -0.630122
0.173040 -0.671854
0.195690 -0.758234
0.092320 -0.685991
0.177658 -0.715476
-1.999278 -1.698367
0.192643 -0.693239
0.201843 -0.790479
0.206458 -0.766882
0.226237 -0.845732
0.106930 -0.869320
0.198049 -0.824576
0.293312 -0.957698
0.252384 -0.949345
0.306254 -1.015757
0.303955 -0.973721
-2.026141 -1.742660
0.258426 -0.977173
0.231565 -1.135481
0.296089 -1.013234
0.341387 -1.081947
0.294396 -1.062281
0.339288 -1.173306
0.268021 -1.138056
0.358264 -1.186967
0.333101 -1.230731
0.295683 -1.149731
-1.578829 -2.222258
-2.028278 -1.760689
0.334473 -1.124196
0.350119 -1.236857
0.391550 -1.307327
0.312878 -1.342430
0.368765 -1.325844
0.343121 -1.402608
0.353896 -1.437755
0.362307 -1.443926
0.407477 -1.439407
0.340413 -1.411700
-2.124948 -1.588668
0.333939 -1.504519
0.218128 -1.508880
0.338401 -1.404849
0.398518 -1.527603
0.366531 -1.613785
0.334286 -1.585912
0.319551 -1.596755
0.352889 -1.685365
0.336051 -1.605420
0.332761 -1.686800
-2.057673 -1.661736
0.258811 -1.744287
0.258822 -1.704263
0.266238 -1.784754
0.266247 -1.822037
0.261066 -1.699224
0.260250 -1.808802
0.263438 -1.818452
0.251870 -1.835888
0.206461 -1.894268
0.207466 -1.896345
-2.063926 -1.591803
0.204173 -1.907546
0.197430 -1.929975
0.123093 -2.008984
0.141082 -1.945998
0.037272 -2.090316
0.108375 -1.998783
0.111001 -2.020758
0.093667 -2.038085
-0.050284 -2.129243
0.049870 -2.052106
-2.076678 -1.645818
-0.024826 -2.114238
0.093056 -2.085723
-0.056976 -2.064354
-0.076769 -2.008815
-0.077493 -2.030911
-0.120011 -2.134328
-0.201150 -2.135777
-0.081717 -2.172119
-0.255675 -2.156491
-0.198922 -2.196974
-2.077883 -1.518066
-0.273749 -2.134260
-0.239333 -2.139230
-0.223346 -2.124402
-0.363858 -2.153299
-0.316933 -2.202541
-0.390661 -2.195507
-0.276746 -2.156703
-0.420808 -2.131835
-0.468525 -2.241029
-0.550557 -2.205584
-2.033412 -1.570929
-0.468417 -2.163573
-0.336939 -2.216977
-0.552011 -2.163187
-0.559037 -2.204692
-0.653650 -2.201185
-0.678635 -2.173270
-0.669197 -2.181388
-0.595225 -2.218077
-0.753089 -2.204314
-0.768230 -2.176695
-2.056137 -1.411837
-0.754513 -2.205042
-0.789874 -2.274273
-0.829167 -2.239023
-0.795604 -2.142520
-0.793132 -2.258298
-0.952942 -2.213723
-0.973102 -2.248278
-0.882650 -2.283938
-1.029346 -2.236392
-0.913922 -2.211045
-2.076253 -1.471725
-1.010507 -2.228563
-0.893838 -2.195947
-1.045850 -2.201353
-0.989315 -2.264944
-1.147433 -2.272715
-1.099117 -2.217189
-1.163531 -2.201419
-1.166107 -2.241486
-1.148648 -2.234149
-1.285672 -2.280467
-2.102093 -1.516953
-1.219014 -2.282281
-1.308323 -2.273639
-1.274620 -2.191472
-1.312377 -2.253337
-1.381975 -2.201817
-1.420087 -2.240362
-1.300778 -2.328722
-1.276754 -2.276065
-1.414569 -2.278618
-1.369208 -2.254518
-1.517532 -2.252090
-2.024266 -1.435527
-2.099801 -1.272758
-2.033890 -1.324385
-2.087003 -1.401634
-2.120609 -1.260531
-2.104558 -1.279348
-2.076800 -1.237836
-2.100960 -1.280717
-2.043376 -1.302635
-2.136816 -1.183873
-1.660181 -2.228423
-2.078680 -1.127270
-2.080168 -1.093403
-2.081453 -1.069957
-2.028361 -1.063892
-2.092335 -1.074120
-2.155910 -1.014389
-2.135163 -0.975056
-2.040785 -0.930440
-2.062662 -0.950926
-2.119953 -0.976791
-1.670919 -2.259735
-2.009665 -0.902836
-2.045300 -0.897171
-2.091069 -0.892235
-2.038099 -0.848292
-2.083977 -0.852904
-2.154466 -0.765047
-2.066499 -0.903503
-2.046480 -0.702759
-2.075859 -0.785809
-2.072177 -0.691217
-1.557140 -2.266051
-2.112657 -0.696001
-2.090339 -0.642645
-2.028004 -0.557557
-2.080572 -0.666870
-2.019357 -0.644331
-2.077622 -0.539508
-2.092917 -0.566585
-2.128689 -0.468948
-2.108372 -0.509076
-2.115329 -0.446554
-1.699679 -2.234477
-2.163619 -0.346039
-2.171152 -0.429663
-2.081997 -0.428007
-2.112449 -0.431647
-2.083238 -0.494886
-2.093954 -0.270305
-2.126339 -0.416799
-2.152067 -0.268916
-2.135099 -0.320219
-2.172132 -0.287887
