500 2
1.141482 -2.270674
1.117112 -2.292035
1.440402 -2.212731
1.313745 -0.281196
1.273830 -0.383380
1.279048 -0.209916
1.282948 -0.306759
1.334245 -0.156778
1.245841 -0.129654
1.229520 -0.101024
1.248258 -0.148736
1.287378 -0.236555
1.316149 -0.081854
1.460650 -2.208024
1.212111 -0.102415
1.218469 0.000400
1.199744 0.053956
1.218694 0.034598
1.187905 -0.010273
1.231684 -0.058979
1.220801 0.010465
1.230069 0.047986
1.160237 0.082431
1.224483 0.188028
1.467332 -2.267024
1.145821 0.122259
1.191453 0.160526
1.244017 0.120916
1.141254 0.313009
1.187129 0.147559
1.230255 0.364583
1.180445 0.289555
1.234213 0.367371
1.209418 0.315942
1.168715 0.358823
1.526650 -2.221259
1.128854 0.414163
1.227892 0.401939
1.168697 0.519530
1.205502 0.576983
1.219098 0.458077
1.185435 0.503788
1.188494 0.567757
1.220811 0.515061
1.316890 0.500021
1.280846 0.583738
1.560127 -2.193888
1.240860 0.656122
1.293404 0.657328
1.257383 0.672741
1.264828 0.635270
1.345470 0.741742
1.251327 0.704527
1.307262 0.819428
1.345916 0.794041
1.365291 0.765067
1.342923 0.840298
1.505529 -2.209846
1.355185 0.812645
1.391945 0.839595
1.373962 0.881176
1.398968 0.925568
1.401864 0.957896
1.389693 0.932989
1.463995 1.040245
1.449480 1.092592
1.412638 1.059474
1.470527 0.934694
1.558289 -2.190376
1.475670 1.138110
1.514484 1.057148
1.479181 1.153237
1.480635 1.259439
1.504717 1.193993
1.485889 1.128900
1.414826 1.104544
1.581914 1.339593
1.567253 1.300043
1.495910 1.253376
1.512531 -2.185947
1.524682 1.270059
1.467731 1.416008
1.522590 1.364365
1.545514 1.363526
1.571963 1.444575
1.555325 1.412279
1.584018 1.513631
1.648239 1.575546
1.625503 1.578864
1.622573 1.593711
1.614551 -2.135265
1.604538 1.609150
1.618101 1.633917
1.609216 1.692244
1.614826 1.681939
1.656434 1.684403
1.568791 1.766461
1.602784 1.691845
1.622347 1.808090
1.612082 1.795961
1.598422 1.851106
1.611149 -2.116364
1.647563 1.844416
1.573713 1.775393
1.605884 1.807567
1.613080 1.855912
1.593616 1.939041
1.631110 2.102165
1.649364 1.910130
1.579545 2.025391
1.475303 1.967719
1.590089 1.957570
1.324875 -2.200923
1.707881 -2.128659
1.481789 2.083168
1.594684 2.121104
1.483092 2.154990
1.530913 2.131622
1.472575 2.048970
1.542933 2.130590
1.428269 2.259681
1.479831 2.088485
1.501805 2.158115
1.426134 2.209890
1.600244 -2.174573
1.337266 2.265600
1.323701 2.259923
1.309740 2.239647
1.372864 2.243586
1.319104 2.270374
1.370720 2.280896
1.365116 2.261853
1.231120 2.249872
1.241221 2.280590
1.167650 2.254294
1.664008 -2.087021
1.203891 2.360477
1.239786 2.203121
1.086242 2.328830
1.152462 2.315291
1.051216 2.275744
1.024821 2.313148
0.951445 2.310906
1.005586 2.279543
0.873278 2.312359
0.907645 2.257725
1.692238 -2.055751
0.849520 2.279104
0.803690 2.261819
0.731459 2.263856
0.878598 2.307197
0.884987 2.312587
0.801842 2.264423
0.696943 2.296119
0.743829 2.234106
0.720503 2.257351
0.714685 2.257493
1.728714 -2.029479
0.683151 2.289412
0.759174 2.179947
0.658751 2.199056
0.443687 2.085053
0.604814 2.202206
0.591478 2.241079
0.544825 2.230509
0.588924 2.187333
0.434869 2.121288
0.578655 2.245680
1.700816 -2.028802
0.541135 2.187969
0.411663 2.138785
0.416928 2.178049
0.385803 2.132802
0.201461 2.155001
0.320529 2.172699
0.212399 2.108101
0.308711 2.146166
0.229049 2.113126
0.169065 2.106166
1.715850 -2.016929
0.230932 2.130211
0.174108 2.084626
0.062910 2.084725
0.066527 2.115271
0.065588 2.086875
-0.001400 2.128359
0.083355 2.061401
-0.025893 2.014739
-0.018670 2.024420
-0.082899 2.011880
1.714983 -2.032053
-0.032720 2.026140
-0.111548 1.971744
-0.089305 1.978118
-0.055023 2.040315
-0.045760 1.954280
-0.113842 1.961759
-0.251141 1.925542
-0.137570 1.944044
-0.208749 1.905892
-0.173577 1.910552
1.770716 -1.986543
-0.148259 1.906418
-0.197727 1.806688
-0.330059 1.751985
-0.224383 1.835923
-0.289702 1.785750
-0.257679 1.776749
-0.289227 1.754096
-0.284664 1.778068
-0.349963 1.691127
-0.280480 1.756256
1.770138 -1.947960
-0.331825 1.653287
-0.357634 1.625751
-0.313206 1.584613
-0.322994 1.700479
-0.332130 1.625718
-0.342878 1.553383
-0.422524 1.564999
-0.405514 1.546433
-0.383098 1.460233
-0.320317 1.489210
1.327483 -2.248991
1.759582 -1.905466
-0.370859 1.377427
-0.407371 1.238892
-0.418773 1.312781
-0.438967 1.404298
-0.342506 1.379656
-0.367095 1.339838
-0.381607 1.230778
-0.416845 1.273122
-0.427551 1.186652
-0.430793 1.194046
1.718867 -1.913601
-0.386037 1.251009
-0.342516 1.121366
-0.454761 1.022709
-0.452760 1.158857
-0.370544 1.149385
-0.369685 0.992591
-0.389901 0.961147
-0.396284 1.016806
-0.408161 0.964193
-0.371134 0.904790
1.754720 -1.848340
-0.486592 0.871954
-0.402604 0.780378
-0.405875 0.799215
-0.326235 0.868237
-0.366366 0.826383
-0.437595 0.763640
-0.393813 0.813023
-0.430627 0.695899
-0.414543 0.654312
-0.415230 0.653306
1.804004 -1.823334
-0.396767 0.614241
-0.378810 0.649974
-0.420556 0.592356
-0.450423 0.524166
-0.474018 0.539356
-0.373508 0.544604
-0.427279 0.506739
-0.435367 0.442804
-0.429804 0.495537
-0.471898 0.425253
1.821599 -1.683935
-0.413686 0.420496
-0.464956 0.425821
-0.473469 0.342308
-0.473954 0.490623
-0.443620 0.388428
-0.425594 0.331074
-0.491182 0.229811
-0.398249 0.247453
-0.541805 0.134964
-0.483784 0.336442
1.839777 -1.816285
-0.523417 0.211240
-0.497190 0.183532
-0.509799 0.154359
-0.491701 0.093315
-0.520747 0.060628
-0.531745 0.133240
-0.483925 0.028694
-0.495221 -0.009826
-0.520560 -0.001073
-0.532904 -0.029523
1.714323 -1.802874
-0.503877 -0.084879
-0.532065 -0.101590
-0.520681 -0.107687
-0.524579 -0.245323
-0.547569 -0.244917
-0.610568 -0.156554
-0.499325 -0.185118
-0.595204 -0.291619
-0.541089 -0.280903
-0.539801 -0.219396
1.810141 -1.799280
-0.632201 -0.272317
-0.570303 -0.236226
-0.485631 -0.395419
-0.614306 -0.385315
-0.617488 -0.415634
-0.586390 -0.480107
-0.584435 -0.462056
-0.583332 -0.594120
-0.641930 -0.505129
-0.594094 -0.578433
1.750447 -1.617188
-0.618294 -0.506630
-0.603798 -0.573712
-0.614454 -0.616622
-0.582159 -0.712581
-0.476225 -0.688795
-0.599193 -0.682716
-0.606495 -0.623726
-0.566946 -0.714905
-0.643836 -0.760460
-0.557540 -0.877518
1.770189 -1.513388
-0.533892 -0.771327
-0.647264 -0.811579
-0.574337 -0.799553
-0.547251 -0.816025
-0.636154 -0.780085
-0.590085 -0.927633
-0.618398 -0.928664
-0.488900 -0.957654
-0.633414 -1.013175
-0.601610 -1.099136
1.257702 -2.292285
1.798066 -1.714738
-0.584860 -1.022085
-0.613579 -0.991634
-0.560167 -1.139255
-0.596091 -1.203503
-0.564480 -1.107103
-0.541970 -1.108717
-0.585172 -1.173702
-0.600362 -1.157967
-0.530065 -1.191648
-0.500631 -1.260804
1.832034 -1.536643
-0.555243 -1.307016
-0.521902 -1.281595
-0.543743 -1.332071
-0.522451 -1.239465
-0.624832 -1.229968
-0.584774 -1.378330
-0.565524 -1.412744
-0.472892 -1.406931
-0.485870 -1.449946
-0.515160 -1.439500
1.849810 -1.639661
-0.528084 -1.512866
-0.446540 -1.467780
-0.502245 -1.459458
-0.484323 -1.561796
-0.483621 -1.507607
-0.509234 -1.488852
-0.452238 -1.587109
-0.333102 -1.722530
-0.412564 -1.704645
-0.479493 -1.590603
1.794121 -1.553297
-0.421946 -1.688334
-0.397226 -1.725686
-0.302666 -1.723852
-0.369699 -1.660657
-0.325625 -1.731470
-0.306118 -1.778078
-0.318397 -1.850068
-0.241102 -1.857290
-0.225625 -1.815218
-0.224598 -1.805662
1.825014 -1.509490
-0.267173 -1.808231
-0.080921 -1.908049
-0.160217 -1.903153
-0.127162 -1.811073
-0.130635 -1.860283
-0.202958 -1.864945
-0.065136 -1.907418
-0.105843 -1.975425
-0.208287 -1.947526
-0.035031 -1.930256
1.749279 -1.579082
-0.109269 -1.748728
0.013571 -1.916688
0.086558 -1.978464
0.089562 -1.993227
0.112238 -1.995066
0.124020 -2.030778
0.101065 -1.942980
0.186261 -2.068865
0.168244 -1.946702
0.220698 -2.039026
1.862073 -1.560257
0.222837 -2.019170
0.239746 -2.061647
0.343884 -2.054308
0.275776 -2.063952
0.271153 -1.977453
0.358628 -2.068716
0.367537 -2.105668
0.501680 -2.068587
0.428687 -2.100022
0.420341 -2.153771
1.790909 -1.498587
0.423034 -2.070348
0.521015 -2.053775
0.489384 -2.074795
0.517712 -2.220605
0.545563 -2.127710
0.642802 -2.185273
0.650392 -2.239061
0.627817 -2.198379
0.679068 -2.211887
0.664163 -2.146436
1.844142 -1.438444
0.705379 -2.214791
0.672609 -2.106536
0.742349 -2.235798
0.693107 -2.146036
0.853948 -2.213662
0.912525 -2.296304
0.857700 -2.127312
0.783116 -2.267314
0.892133 -2.181801
0.877257 -2.290648
1.797683 -1.376940
0.924236 -2.242118
1.033157 -2.241987
0.979249 -2.235806
1.012749 -2.302766
1.099707 -2.278720
1.018711 -2.257051
1.024070 -2.257059
1.133625 -2.281989
1.102954 -2.275307
1.122485 -2.224388
1.327376 -2.280037
1.795711 -1.364314
1.865149 -1.437025
1.824544 -1.379229
1.814016 -1.294621
1.807287 -1.314915
1.814271 -1.286182
1.771186 -1.177123
1.821448 -1.227580
1.839684 -1.322117
1.803495 -1.108415
1.448785 -2.200977
1.772663 -1.130480
1.791578 -1.183063
1.793567 -1.141398
1.702325 -0.949142
1.796964 -1.042452
1.722054 -1.002789
1.782318 -1.146730
1.779487 -1.044740
1.738611 -0.966186
1.740912 -0.999143
1.351682 -2.211423
1.643069 -0.859141
1.615065 -0.882411
1.736579 -0.794627
1.630511 -0.852040
1.694335 -0.859160
1.702865 -0.746659
1.621616 -0.895714
1.652960 -0.749851
1.605659 -0.801733
1.657936 -0.810546
1.349657 -2.293755
1.622593 -0.694530
1.645526 -0.722203
1.513305 -0.629754
1.588956 -0.670968
1.577575 -0.669247
1.449773 -0.635585
1.528754 -0.622738
1.521488 -0.526374
1.492687 -0.544262
1.475087 -0.506910
1.497473 -2.231595
1.513558 -0.581117
1.438223 -0.548712
1.500232 -0.455550
1.319574 -0.420415
1.430983 -0.471731
1.396141 -0.420938
1.419147 -0.377604
1.390083 -0.407123
1.308899 -0.496821
1.370710 -0.297894
