1000 2
-2.678041 0.182019
-2.652356 0.182832
-2.775703 -0.083223
-1.951182 -2.477039
-1.914486 -2.481020
-1.892579 -2.500024
-1.861984 -2.492251
-1.948109 -2.439452
-1.904915 -2.481005
-1.841867 -2.535813
-1.855933 -2.522318
-1.736902 -2.555618
-1.747661 -2.581963
-2.815405 -0.083993
-1.763750 -2.552025
-1.734930 -2.561260
-1.682310 -2.595252
-1.675489 -2.535055
-1.678073 -2.589982
-1.653208 -2.611965
-1.531438 -2.655638
-1.529601 -2.677046
-1.543612 -2.670273
-1.516599 -2.648479
-2.744683 -0.155169
-1.514771 -2.593515
-1.426155 -2.717071
-1.393209 -2.720372
-1.406865 -2.730027
-1.428060 -2.689129
-1.380180 -2.721399
-1.370461 -2.732716
-1.373865 -2.751712
-1.296551 -2.793695
-1.295514 -2.727385
-2.778978 -0.130118
-1.224210 -2.759526
-1.187617 -2.810194
-1.181363 -2.798417
-1.082017 -2.822860
-1.166363 -2.777884
-1.124804 -2.821564
-1.111445 -2.841197
-1.140788 -2.825671
-1.007112 -2.898406
-1.000260 -2.896459
-2.814301 -0.193788
-0.994659 -2.842939
-1.049777 -2.902946
-0.972547 -2.937132
-1.035911 -2.872258
-0.948228 -2.922507
-0.966313 -2.912185
-0.902388 -2.953232
-0.827362 -2.991588
-0.852229 -2.979934
-0.819581 -2.994017
-2.801691 -0.209355
-0.847873 -2.944485
-0.850972 -2.971714
-0.755090 -3.014826
-0.757272 -2.994780
-0.781330 -2.962858
-0.758307 -2.984467
-0.685347 -3.051233
-0.667125 -3.032773
-0.643355 -3.053123
-0.673371 -3.045158
-2.822554 -0.278863
-0.602169 -3.022690
-0.631151 -3.024553
-0.548551 -3.057536
-0.590591 -3.039365
-0.589817 -3.070431
-0.542794 -3.055737
-0.505596 -3.057094
-0.467526 -3.067745
-0.501095 -3.058717
-0.408824 -3.068939
-2.794615 -0.248575
-0.371282 -3.101750
-0.418057 -3.059734
-0.305421 -3.010608
-0.458751 -3.108578
-0.308722 -3.093511
-0.295451 -3.085431
-0.249438 -3.080045
-0.277455 -3.072696
-0.281138 -3.067211
-0.274624 -3.100981
-2.846632 -0.296942
-0.174652 -3.075778
-0.184519 -3.068904
-0.087873 -3.057680
-0.110352 -3.059227
-0.077466 -3.060014
-0.031475 -3.088212
-0.010160 -3.073221
-0.041466 -3.069087
-0.026688 -3.073812
0.000424 -3.033816
-2.817858 -0.331001
0.105343 -3.044685
0.019177 -3.049623
0.085465 -3.065054
0.121729 -3.023391
0.161572 -3.027114
0.140576 -3.034701
0.182003 -3.035909
0.220742 -3.025403
0.242961 -3.011833
0.260894 -2.987167
-2.699125 0.099951
-2.839720 -0.387464
0.270869 -3.013770
0.299052 -2.971521
0.325170 -2.967040
0.288896 -2.999709
0.344420 -2.983387
0.346743 -2.962317
0.381499 -2.945634
0.420438 -2.982109
0.428243 -2.960389
0.373220 -2.903438
-2.835952 -0.321087
0.440143 -2.932887
0.512970 -2.903887
0.504861 -2.892452
0.585095 -2.877823
0.516874 -2.907169
0.585598 -2.867734
0.473062 -2.931106
0.646173 -2.804097
0.589477 -2.840810
0.673718 -2.791948
-2.840446 -0.461804
0.668590 -2.776790
0.671960 -2.801109
0.723346 -2.748214
0.686956 -2.801451
0.709309 -2.776202
0.727406 -2.752624
0.757398 -2.744288
0.756575 -2.725337
0.798700 -2.701149
0.825578 -2.635142
-2.849453 -0.485733
0.725472 -2.697045
0.814707 -2.657857
0.819738 -2.633668
0.895031 -2.541895
0.816395 -2.662749
0.906305 -2.553554
0.859552 -2.526317
0.894412 -2.580485
0.958305 -2.478823
0.913528 -2.524399
-2.822791 -0.488938
0.910907 -2.551006
0.966134 -2.433341
0.991415 -2.422617
0.983390 -2.433440
0.996697 -2.378043
1.007332 -2.368470
0.974036 -2.388857
1.050512 -2.354900
0.992019 -2.369031
0.984950 -2.368497
-2.838755 -0.375803
1.046455 -2.263829
0.987180 -2.267381
1.020287 -2.260038
1.034310 -2.231184
1.063701 -2.158648
1.065161 -2.155630
1.065958 -2.082718
1.004764 -2.131565
1.035015 -2.111676
1.060726 -2.109273
-2.862558 -0.566919
1.035538 -2.081827
1.056402 -1.965727
1.060666 -1.992429
1.047673 -1.988595
1.041143 -1.970030
1.048381 -2.004946
1.044989 -1.964875
1.012829 -1.924665
0.994001 -1.903893
1.034239 -1.933831
-2.814967 -0.507013
1.060801 -1.915789
1.050448 -1.908714
0.989103 -1.758109
1.014311 -1.843064
0.929850 -1.863444
0.945533 -1.816867
0.899335 -1.742645
0.911552 -1.756996
0.926715 -1.600006
0.859701 -1.719297
-2.823627 -0.538282
0.873661 -1.751745
0.826460 -1.652662
0.823580 -1.680435
0.844098 -1.704673
0.725695 -1.699702
0.696677 -1.636391
0.791732 -1.695679
0.695686 -1.686720
0.692670 -1.650614
0.665694 -1.593601
-2.832909 -0.561203
0.635668 -1.622981
0.627180 -1.652508
0.681860 -1.643892
0.600175 -1.630068
0.609495 -1.657175
0.558692 -1.723359
0.541628 -1.641667
0.503962 -1.635269
0.524681 -1.636637
0.487184 -1.639220
-2.722081 0.083995
-2.852653 -0.632807
0.472674 -1.667862
0.442847 -1.646150
0.431611 -1.640115
0.422766 -1.634067
0.394945 -1.592289
0.345789 -1.625983
0.379019 -1.677530
0.352727 -1.660915
0.307994 -1.638522
0.332309 -1.643975
-2.842438 -0.674199
0.292227 -1.607015
0.240042 -1.638525
0.211368 -1.638570
0.211451 -1.656729
0.189163 -1.625831
0.193013 -1.596558
0.123681 -1.637745
0.146008 -1.576707
0.103480 -1.587255
0.071950 -1.611616
-2.859151 -0.694596
0.069748 -1.599789
0.018697 -1.637271
0.005797 -1.538014
0.058812 -1.590129
-0.008200 -1.607486
-0.051221 -1.576740
-0.049080 -1.609190
-0.104052 -1.588784
-0.091174 -1.569919
-0.159326 -1.543122
-2.851367 -0.753781
-0.110942 -1.571037
-0.139270 -1.604144
-0.162368 -1.523080
-0.240669 -1.590969
-0.196049 -1.488729
-0.207998 -1.518376
-0.190115 -1.573965
-0.239390 -1.532812
-0.304491 -1.442616
-0.272767 -1.548790
-2.851990 -0.765090
-0.284633 -1.497018
-0.288604 -1.558816
-0.383657 -1.445302
-0.369426 -1.481427
-0.376763 -1.498136
-0.445760 -1.409510
-0.352967 -1.440211
-0.389297 -1.497163
-0.492039 -1.425718
-0.420952 -1.456521
-2.820730 -0.757142
-0.474510 -1.414315
-0.502932 -1.395908
-0.500946 -1.452565
-0.529838 -1.421234
-0.527228 -1.443981
-0.530280 -1.395181
-0.578003 -1.399449
-0.604384 -1.400644
-0.551495 -1.416389
-0.732709 -1.380773
-2.828602 -0.793742
-0.662165 -1.384765
-0.656493 -1.403816
-0.702274 -1.398263
-0.673671 -1.353216
-0.720357 -1.384871
-0.717579 -1.400595
-0.758711 -1.347013
-0.773164 -1.406092
-0.845065 -1.371727
-0.750180 -1.372134
-2.849844 -0.899913
-0.842234 -1.389733
-0.799263 -1.389439
-0.826103 -1.367483
-0.893426 -1.375681
-0.837065 -1.390377
-0.920135 -1.383893
-0.883510 -1.392519
-0.921081 -1.413756
-0.940984 -1.455825
-1.005118 -1.379558
-2.809529 -0.968500
-0.995649 -1.417370
-1.020975 -1.447860
-0.970162 -1.409298
-1.083566 -1.488097
-1.090824 -1.495195
-1.066528 -1.426175
-1.046724 -1.445780
-1.128725 -1.532808
-1.143718 -1.562482
-1.193728 -1.490166
-2.829317 -0.866112
-1.161828 -1.502707
-1.157103 -1.583038
-1.213472 -1.522798
-1.197800 -1.506626
-1.200636 -1.542026
-1.233891 -1.523137
-1.231400 -1.546142
-1.371954 -1.589867
-1.296690 -1.579976
-1.322155 -1.542166
-2.728845 0.022267
-2.826724 -0.956362
-1.319190 -1.532765
-1.335005 -1.555345
-1.404448 -1.611387
-1.390715 -1.545269
-1.477636 -1.535250
-1.491084 -1.536332
-1.458301 -1.555432
-1.436736 -1.535451
-1.490733 -1.571617
-1.477054 -1.494788
-2.747864 -0.908577
-1.510269 -1.497877
-1.506283 -1.489413
-1.570252 -1.495655
-1.561719 -1.499248
-1.589957 -1.456689
-1.626663 -1.436826
-1.589543 -1.478077
-1.658744 -1.394061
-1.678189 -1.453413
-1.625696 -1.367772
-2.826111 -0.955475
-1.676083 -1.400014
-1.697445 -1.377183
-1.712072 -1.350366
-1.767423 -1.308204
-1.710619 -1.315888
-1.714437 -1.308406
-1.787675 -1.289088
-1.797685 -1.257669
-1.767429 -1.283768
-1.833580 -1.216899
-2.824997 -0.997283
-1.791476 -1.202305
-1.778731 -1.244580
-1.876301 -1.171627
-1.845406 -1.158376
-1.852780 -1.138171
-1.875848 -1.155396
-1.867492 -1.148121
-1.919373 -1.089818
-1.892134 -1.074521
-1.889430 -1.068768
-2.819443 -1.043138
-1.908153 -1.116178
-1.945489 -1.016035
-1.946179 -0.960519
-1.970473 -0.968607
-1.934210 -0.994803
-1.950223 -0.968766
-1.992589 -0.958548
-1.937532 -0.991879
-1.931267 -0.929904
-1.944682 -0.887673
-2.745591 -1.007934
-1.961894 -0.894445
-1.950612 -0.854968
-1.962252 -0.787941
-1.956085 -0.795817
-1.935574 -0.775280
-1.974933 -0.820761
-1.945723 -0.777075
-1.907548 -0.765294
-1.902886 -0.718031
-1.925099 -0.669639
-2.778625 -1.119931
-1.911533 -0.740491
-1.847654 -0.600152
-1.897117 -0.659145
-1.890218 -0.626588
-1.908968 -0.640536
-1.855863 -0.542784
-1.904922 -0.639338
-1.791801 -0.533961
-1.823598 -0.550951
-1.799015 -0.545433
-2.785944 -1.103085
-1.824979 -0.567985
-1.780683 -0.500671
-1.794000 -0.522641
-1.798541 -0.473136
-1.756074 -0.455263
-1.745140 -0.437515
-1.725584 -0.438799
-1.710976 -0.442645
-1.742165 -0.455603
-1.706345 -0.418933
-2.793801 -1.154166
-1.685003 -0.380707
-1.696919 -0.459004
-1.683603 -0.382080
-1.681774 -0.323560
-1.636702 -0.384142
-1.620477 -0.326920
-1.602381 -0.329034
-1.534040 -0.302256
-1.568485 -0.268010
-1.587411 -0.308492
-2.776451 -1.291532
-1.590408 -0.331171
-1.558440 -0.319437
-1.481020 -0.285144
-1.490587 -0.282162
-1.465650 -0.265983
-1.404653 -0.270070
-1.379536 -0.265459
-1.342900 -0.250993
-1.328893 -0.256111
-1.349243 -0.255173
-2.659498 0.121863
-2.804937 -1.210627
-1.355988 -0.283902
-1.313938 -0.258257
-1.311322 -0.253206
-1.282904 -0.246770
-1.252307 -0.247307
-1.217573 -0.186274
-1.246136 -0.200125
-1.216809 -0.230502
-1.178647 -0.223451
-1.214381 -0.231665
-2.798000 -1.293158
-1.201568 -0.226099
-1.140851 -0.207979
-1.099296 -0.170799
-1.104643 -0.184667
-1.089915 -0.197665
-1.077631 -0.191807
-1.089572 -0.194828
-1.090843 -0.177558
-1.092862 -0.169618
-1.007503 -0.133879
-2.764569 -1.352012
-0.972877 -0.064390
-1.009505 -0.111277
-0.959371 -0.109942
-0.918414 -0.068777
-0.985859 -0.104523
-0.909938 -0.004940
-0.887177 0.022026
-0.964716 -0.051564
-0.882367 0.004490
-0.891994 -0.000739
-2.753906 -1.245350
-0.859771 0.042665
-0.823191 0.101918
-0.819108 0.077545
-0.767765 0.051767
-0.840483 0.070237
-0.784924 0.188047
-0.839491 0.136224
-0.761942 0.242040
-0.742954 0.320450
-0.765086 0.260554
-2.744660 -1.389362
-0.691506 0.333327
-0.702607 0.344830
-0.750521 0.261468
-0.766320 0.294709
-0.741315 0.354023
-0.695393 0.434332
-0.653866 0.469937
-0.637115 0.518721
-0.647337 0.547350
-0.653076 0.594709
-2.752113 -1.360623
-0.616552 0.662357
-0.593957 0.684822
-0.581602 0.718534
-0.605533 0.702335
-0.584114 0.741699
-0.574461 0.751435
-0.558185 0.812479
-0.562873 0.783524
-0.543437 0.910302
-0.541185 0.864026
-2.764726 -1.335607
-0.560248 0.940128
-0.545465 0.898702
-0.542657 0.978851
-0.508395 1.037820
-0.511334 0.990723
-0.488883 1.093861
-0.518448 1.117433
-0.508602 1.069053
-0.506553 1.118981
-0.528102 1.179695
-2.709193 -1.550405
-0.512965 1.094829
-0.503345 1.197263
-0.532768 1.241871
-0.485440 1.266086
-0.491923 1.254010
-0.471379 1.285431
-0.484016 1.285573
-0.513353 1.320990
-0.485045 1.360312
-0.466698 1.297112
-2.714957 -1.481727
-0.492829 1.361962
-0.516573 1.386494
-0.464007 1.433922
-0.395275 1.443417
-0.466169 1.417201
-0.473415 1.417450
-0.412923 1.482315
-0.450209 1.493677
-0.436073 1.527856
-0.410177 1.532907
-2.704720 -1.500139
-0.426634 1.573946
-0.376642 1.643228
-0.379307 1.624151
-0.390055 1.574521
-0.346562 1.671722
-0.358893 1.642531
-0.415912 1.609676
-0.325221 1.683606
-0.277843 1.697894
-0.256565 1.747161
-2.709265 0.071136
-2.682763 -1.486032
-0.311724 1.696211
-0.260097 1.760486
-0.229222 1.770797
-0.227044 1.790931
-0.231973 1.796744
-0.176615 1.827463
-0.179490 1.835433
-0.190624 1.783229
-0.160046 1.807098
-0.135657 1.824810
-2.727672 -1.445006
-0.080454 1.836222
-0.103749 1.824317
-0.109992 1.850801
-0.085450 1.839530
-0.019601 1.858522
0.053674 1.824197
0.029350 1.893259
0.018647 1.856649
0.042508 1.862746
0.077849 1.898471
-2.676497 -1.598798
0.097122 1.886754
0.105814 1.895049
0.153213 1.920021
0.104918 1.911668
0.077726 1.851469
0.137926 1.858480
0.228200 1.919125
0.217524 1.860965
0.195350 1.923487
0.293696 1.869750
-2.663004 -1.603953
0.373430 1.886202
0.288209 1.918748
0.332942 1.869716
0.371767 1.878587
0.360453 1.875346
0.316116 1.834893
0.389992 1.874347
0.394613 1.838024
0.424481 1.821997
0.506696 1.816990
-2.646274 -1.659873
0.521621 1.809004
0.485936 1.816323
0.548912 1.779269
0.587754 1.782928
0.552162 1.783209
0.545000 1.822915
0.607813 1.744908
0.613750 1.738900
0.661086 1.708274
0.674487 1.679259
-2.637620 -1.628797
0.659226 1.694052
0.663911 1.700921
0.689019 1.662622
0.761593 1.640384
0.624811 1.716096
0.713850 1.661141
0.729055 1.638757
0.738864 1.635620
0.787727 1.571358
0.806579 1.524962
-2.564560 -1.750296
0.761352 1.590390
0.758408 1.528004
0.775830 1.440750
0.812213 1.507122
0.878008 1.432533
0.879537 1.410870
0.908538 1.417993
0.923344 1.417127
0.847855 1.435916
0.916880 1.376718
-2.559326 -1.796500
0.950076 1.327034
0.910271 1.366929
0.955478 1.323226
0.964029 1.286708
0.989950 1.235496
0.988952 1.282037
0.999332 1.253460
1.041918 1.214011
1.044381 1.209088
1.009205 1.232644
-2.624075 -1.699211
1.093579 1.129680
1.083013 1.140487
1.090194 1.132738
1.091977 1.133862
1.053419 1.168420
1.043657 1.151086
1.122231 1.090506
1.120161 1.049883
1.149994 1.056522
1.140347 1.054876
-2.580672 -1.750448
1.179270 1.004160
1.141230 1.025174
1.169950 1.003943
1.218645 0.952219
1.161595 0.963793
1.186143 0.972968
1.171201 0.984934
1.255478 0.857675
1.281654 0.823489
1.289526 0.855507
-2.769656 -0.042332
-2.546535 -1.769083
1.270861 0.796136
1.226971 0.820361
1.233134 0.855788
1.297972 0.833649
1.325408 0.749774
1.307871 0.740179
1.334676 0.729723
1.371855 0.654168
1.311873 0.753597
1.357602 0.693328
-2.489552 -1.784544
1.365234 0.656505
1.384799 0.616973
1.383586 0.625653
1.393341 0.581579
1.439007 0.517707
1.409463 0.578764
1.433848 0.523748
1.393055 0.543304
1.473532 0.434131
1.482581 0.412800
-2.532408 -1.848210
1.462447 0.448867
1.442504 0.409226
1.443394 0.488774
1.510566 0.397426
1.476163 0.348120
1.511500 0.340925
1.545598 0.247815
1.549106 0.256596
1.554429 0.268100
1.530325 0.274259
-2.536094 -1.850030
1.505951 0.314126
1.554902 0.228301
1.568907 0.195106
1.602162 0.070957
1.560836 0.109214
1.575044 0.083770
1.576709 0.137951
1.572551 0.084233
1.615506 0.027411
1.582162 -0.060131
-2.473624 -1.929941
1.602605 0.041833
1.605222 -0.011606
1.592860 -0.007811
1.631837 -0.083987
1.599567 -0.120020
1.571506 -0.108643
1.592012 -0.162338
1.595468 -0.192071
1.606711 -0.140778
1.578028 -0.184460
-2.498273 -1.891948
1.590280 -0.248790
1.576914 -0.228578
1.574750 -0.232660
1.568966 -0.287246
1.550890 -0.308439
1.557239 -0.287187
1.545760 -0.317294
1.553849 -0.293316
1.572543 -0.341373
1.447047 -0.371790
-2.474040 -1.896643
1.531733 -0.326690
1.502808 -0.445043
1.497558 -0.421723
1.463090 -0.401369
1.492005 -0.429667
1.456329 -0.479776
1.450093 -0.475464
1.420649 -0.507187
1.465046 -0.507670
1.441748 -0.492893
-2.433923 -1.969716
1.386698 -0.553455
1.367635 -0.562262
1.358267 -0.606995
1.343831 -0.615027
1.286878 -0.624158
1.295903 -0.615760
1.282805 -0.603837
1.272246 -0.582700
1.300267 -0.619329
1.265515 -0.669340
-2.400337 -2.045894
1.233130 -0.606758
1.235244 -0.648964
1.120227 -0.629854
1.204744 -0.674068
1.177822 -0.640451
1.114012 -0.679806
1.144138 -0.624519
1.119665 -0.655266
1.096625 -0.632434
1.080601 -0.632478
-2.393382 -2.045207
1.104418 -0.689618
1.051275 -0.596367
1.007305 -0.643869
1.016146 -0.665124
0.992066 -0.659206
0.988554 -0.620822
0.963055 -0.631275
0.947448 -0.653899
0.895735 -0.617116
0.892797 -0.620239
-2.760451 -0.083975
-2.352782 -2.040559
0.852616 -0.613734
0.845293 -0.630543
0.883660 -0.649944
0.792355 -0.610234
0.796407 -0.620089
0.796277 -0.585605
0.786387 -0.611696
0.774702 -0.602906
0.678228 -0.589410
0.681483 -0.568661
-2.336777 -2.090078
0.689649 -0.590631
0.671782 -0.564389
0.646095 -0.555586
0.600956 -0.589894
0.575349 -0.542866
0.544152 -0.549283
0.568787 -0.564280
0.523770 -0.546520
0.527658 -0.570183
0.502693 -0.514046
-2.410534 -1.987560
0.491088 -0.513685
0.439282 -0.469829
0.450758 -0.490160
0.457697 -0.523892
0.419442 -0.464653
0.381255 -0.439669
0.372450 -0.468413
0.362276 -0.419493
0.310021 -0.448206
0.349876 -0.398947
-2.322313 -2.139615
0.319257 -0.362251
0.218781 -0.298785
0.274148 -0.350769
0.243567 -0.291279
0.220574 -0.303254
0.228841 -0.332754
0.223941 -0.309707
0.194126 -0.295514
0.194449 -0.276289
0.185623 -0.263254
-2.336212 -2.121229
0.208848 -0.286327
0.137659 -0.218394
0.149223 -0.212658
0.051780 -0.167720
0.067451 -0.155606
0.039384 -0.149014
0.067400 -0.165269
0.049767 -0.147450
-0.010656 -0.072950
0.008530 -0.105332
-2.288836 -2.194246
-0.045656 -0.047078
-0.023824 -0.067750
-0.037679 -0.041252
-0.068590 -0.013122
-0.060013 -0.034889
-0.087819 -0.066213
-0.109479 0.028478
-0.080460 0.002722
-0.144236 0.038845
-0.118863 0.036292
-2.273449 -2.205319
-0.145592 0.061537
-0.156579 0.055129
-0.129958 0.051462
-0.207066 0.100070
-0.228779 0.164436
-0.254411 0.195279
-0.250998 0.167661
-0.351843 0.243773
-0.320519 0.225880
-0.348423 0.216972
-2.323629 -2.159046
-0.355010 0.250640
-0.361248 0.215085
-0.353730 0.236292
-0.395344 0.325252
-0.468393 0.314872
-0.514694 0.364935
-0.499553 0.322876
-0.552312 0.329538
-0.510221 0.367604
-0.595591 0.404031
-2.234039 -2.237372
-0.601027 0.393271
-0.733454 0.416996
-0.619027 0.406458
-0.772447 0.476165
-0.820915 0.497732
-0.749216 0.545692
-0.826739 0.548482
-0.806097 0.552460
-0.787817 0.505179
-0.864374 0.571094
-2.194359 -2.299169
-0.884965 0.636968
-0.922326 0.622622
-0.933280 0.599777
-1.010963 0.664413
-1.001030 0.646241
-0.982190 0.651968
-1.055271 0.711541
-1.109852 0.729203
-1.109223 0.722731
-1.157481 0.776905
-2.817932 -0.054060
-2.246089 -2.230820
-1.162827 0.769537
-1.156852 0.801070
-1.145546 0.752631
-1.156965 0.758324
-1.263577 0.793296
-1.241711 0.823102
-1.309535 0.846930
-1.270811 0.826634
-1.278092 0.841822
-1.330360 0.868444
-2.100286 -2.349591
-1.339734 0.897565
-1.382877 0.914116
-1.330328 0.862600
-1.418020 0.924404
-1.405730 0.922958
-1.400350 0.919337
-1.441803 0.961496
-1.442209 0.967703
-1.488144 0.991135
-1.454569 0.941720
-2.201298 -2.285226
-1.503854 0.988865
-1.585961 1.016733
-1.588422 1.025085
-1.598023 1.075916
-1.573700 1.041353
-1.524576 0.983547
-1.585435 1.073030
-1.640771 1.083462
-1.646286 1.082996
-1.769687 1.096485
-2.188421 -2.286299
-1.715060 1.111177
-1.672953 1.078803
-1.733694 1.110301
-1.766992 1.139539
-1.761540 1.144231
-1.792640 1.110886
-1.781316 1.139930
-1.854161 1.142500
-1.808541 1.137230
-1.886992 1.129282
-2.104242 -2.355970
-1.893599 1.104071
-1.893430 1.071050
-1.964012 1.104728
-1.918280 1.136901
-1.912048 1.134413
-1.952589 1.105685
-1.975712 1.081441
-1.977962 1.113453
-2.047555 1.039105
-1.958804 1.088753
-2.128718 -2.339017
-2.068257 1.048399
-2.036354 1.050568
-2.049528 1.063585
-2.091084 1.007270
-2.091776 1.039020
-2.121984 0.993523
-2.155605 0.987017
-2.213922 0.951227
-2.135768 0.997537
-2.195832 0.946744
-2.053708 -2.395996
-2.194306 0.903531
-2.239226 0.902138
-2.195801 0.877966
-2.288664 0.851307
-2.274192 0.832299
-2.274377 0.814529
-2.282261 0.850188
-2.310354 0.780431
-2.346235 0.749402
-2.273515 0.698552
-2.064220 -2.395719
-2.244433 0.820842
-2.334572 0.762390
-2.291747 0.751820
-2.340392 0.715375
-2.398473 0.660038
-2.389070 0.655728
-2.344102 0.594003
-2.402467 0.674175
-2.435070 0.569579
-2.452180 0.507333
-2.007878 -2.426784
-2.471484 0.526706
-2.422644 0.574136
-2.476585 0.532009
-2.535852 0.429886
-2.446476 0.529439
-2.495986 0.487237
-2.529420 0.439159
-2.533454 0.421735
-2.502530 0.406419
-2.509263 0.447879
-2.050112 -2.408185
-2.523386 0.330407
-2.598726 0.331933
-2.518822 0.415143
-2.613406 0.301408
-2.599851 0.305844
-2.615716 0.284673
-2.635362 0.241496
-2.661928 0.203227
-2.658014 0.182894
-2.668034 0.163062
