1000 2
-2.157321 1.206531
-2.170940 1.168113
-2.273716 0.942114
-2.780997 -1.597148
-2.843209 -1.590697
-2.815139 -1.616627
-2.864665 -1.640495
-2.867228 -1.631249
-2.895663 -1.645387
-2.903617 -1.624866
-2.912112 -1.640256
-2.934865 -1.654886
-3.018687 -1.668555
-2.271603 0.969294
-3.059029 -1.659906
-3.020207 -1.635872
-3.018275 -1.625865
-3.043304 -1.645695
-2.985912 -1.588510
-3.100070 -1.635191
-3.080525 -1.666044
-3.132714 -1.602524
-3.161429 -1.601836
-3.128008 -1.586022
-2.273193 0.928428
-3.153626 -1.564817
-3.192004 -1.573366
-3.153556 -1.558320
-3.215942 -1.510685
-3.205575 -1.529799
-3.208803 -1.511807
-3.300517 -1.409864
-3.250094 -1.468218
-3.275251 -1.430045
-3.227571 -1.440828
-2.267787 0.955909
-3.241230 -1.427058
-3.341205 -1.397858
-3.319982 -1.267397
-3.302834 -1.335682
-3.297619 -1.353290
-3.290310 -1.378110
-3.313947 -1.327969
-3.333866 -1.303958
-3.276906 -1.312529
-3.336739 -1.193378
-2.344375 0.780623
-3.300276 -1.221315
-3.366247 -1.209886
-3.389827 -1.071501
-3.353901 -1.162572
-3.377547 -1.152387
-3.366593 -1.064071
-3.390780 -1.060833
-3.366221 -1.084376
-3.377077 -1.012304
-3.378959 -1.065918
-2.309250 0.868164
-3.351676 -1.042346
-3.387167 -0.982379
-3.333193 -0.888701
-3.323164 -0.929247
-3.311906 -0.834282
-3.316743 -0.926777
-3.323907 -0.875568
-3.300828 -0.833391
-3.313326 -0.857112
-3.291136 -0.789424
-2.327030 0.818769
-3.261721 -0.741037
-3.213818 -0.717983
-3.246396 -0.719630
-3.234920 -0.723088
-3.197764 -0.662824
-3.217963 -0.685221
-3.173981 -0.701314
-3.182494 -0.625431
-3.208941 -0.652292
-3.112326 -0.638007
-2.321047 0.818936
-3.078695 -0.582673
-3.116789 -0.604519
-3.054035 -0.586249
-3.044761 -0.580520
-3.016870 -0.564700
-3.012381 -0.571760
-2.962378 -0.532696
-2.983748 -0.550928
-2.857075 -0.464360
-2.894949 -0.517953
-2.337671 0.740299
-2.898476 -0.519151
-2.913340 -0.531332
-2.848829 -0.517340
-2.744414 -0.505104
-2.795696 -0.483416
-2.812035 -0.505697
-2.745409 -0.512967
-2.719664 -0.467026
-2.622910 -0.498884
-2.686176 -0.481824
-2.301789 0.745391
-2.658850 -0.465216
-2.655774 -0.523073
-2.529971 -0.512783
-2.295047 -0.540252
-2.356183 -0.522925
-2.337278 -0.518380
-2.298856 -0.506119
-2.262879 -0.566887
-2.257884 -0.546359
-2.238650 -0.503386
-2.197223 1.108774
-2.342159 0.727479
-2.214562 -0.540126
-2.231530 -0.536447
-2.199198 -0.648778
-2.153599 -0.558545
-2.163241 -0.560814
-2.069273 -0.524955
-2.092711 -0.547682
-2.086233 -0.545174
-2.066789 -0.552042
-2.122774 -0.600908
-2.345017 0.710206
-1.959247 -0.536328
-1.976719 -0.552205
-1.943873 -0.565574
-1.880501 -0.578907
-1.908082 -0.552623
-1.804335 -0.570874
-1.871140 -0.572392
-1.846778 -0.585050
-1.706851 -0.581623
-1.736722 -0.571949
-2.344868 0.706347
-1.659761 -0.589317
-1.673798 -0.572805
-1.714306 -0.602964
-1.662131 -0.599018
-1.624016 -0.590622
-1.646775 -0.605295
-1.562136 -0.621197
-1.576067 -0.583201
-1.487850 -0.633472
-1.426400 -0.604735
-2.360769 0.651802
-1.421482 -0.626493
-1.197016 -0.646860
-1.120811 -0.630530
-1.171496 -0.620214
-1.056388 -0.659142
-1.120292 -0.638404
-1.033272 -0.611085
-1.038671 -0.676588
-0.982716 -0.693962
-0.980660 -0.669060
-2.361431 0.587042
-0.992542 -0.675309
-0.972240 -0.670888
-0.941644 -0.686655
-0.907228 -0.703661
-0.917763 -0.698047
-0.875746 -0.723071
-0.844617 -0.692309
-0.830768 -0.719336
-0.832770 -0.721139
-0.794299 -0.736562
-2.374892 0.547942
-0.824082 -0.714282
-0.708571 -0.763177
-0.737469 -0.772492
-0.664149 -0.786159
-0.727078 -0.756951
-0.710827 -0.757697
-0.658067 -0.795888
-0.676535 -0.793706
-0.596414 -0.825718
-0.629412 -0.779547
-2.382559 0.565989
-0.623048 -0.806145
-0.493771 -0.874050
-0.559234 -0.824440
-0.540259 -0.829669
-0.542121 -0.837616
-0.494531 -0.840807
-0.464884 -0.872423
-0.445167 -0.864286
-0.396104 -0.870451
-0.378114 -0.909966
-2.367178 0.535960
-0.365473 -0.910530
-0.298525 -0.904764
-0.372934 -0.834307
-0.312239 -0.923413
-0.301245 -0.891405
-0.202436 -0.912780
-0.253885 -0.931986
-0.220535 -0.914055
-0.188416 -0.951475
-0.223868 -0.966105
-2.347762 0.584321
-0.173218 -0.931210
-0.178028 -0.912186
-0.147998 -0.945069
-0.078814 -0.869693
-0.062670 -0.882703
-0.053398 -0.902290
-0.042071 -0.898918
-0.086102 -0.932082
-0.024909 -0.917351
0.020921 -0.880154
-2.364977 0.543889
0.028997 -0.830803
0.033903 -0.854419
0.029780 -0.879490
0.051529 -0.864436
0.085673 -0.868705
0.106127 -0.803779
0.107730 -0.794154
0.111614 -0.800751
0.174092 -0.775566
0.152011 -0.761016
-2.220842 1.111029
-2.377619 0.490801
0.140261 -0.747563
0.163351 -0.718125
0.172261 -0.682810
0.218710 -0.678052
0.232974 -0.669599
0.198569 -0.676289
0.167847 -0.688243
0.221152 -0.616006
0.206663 -0.618908
0.213343 -0.598235
-2.366333 0.550154
0.191177 -0.664948
0.249320 -0.518474
0.245739 -0.566786
0.260943 -0.519763
0.209672 -0.512502
0.216597 -0.468212
0.273189 -0.378364
0.249015 -0.449516
0.278741 -0.390401
0.245957 -0.416396
-2.397464 0.389825
0.289655 -0.400046
0.255535 -0.310398
0.266027 -0.364597
0.253546 -0.327503
0.294001 -0.240865
0.304490 -0.248620
0.245189 -0.298750
0.266815 -0.230601
0.275835 -0.218234
0.278707 -0.241544
-2.416289 0.256516
0.265317 -0.251629
0.327013 -0.156374
0.287048 -0.197948
0.238866 -0.163061
0.275804 -0.080436
0.301442 -0.137814
0.276287 -0.121729
0.257836 -0.081407
0.245598 -0.062104
0.276504 -0.086847
-2.371961 0.288082
0.314665 -0.046569
0.277524 -0.049984
0.256078 0.015703
0.250252 0.054699
0.271281 0.050581
0.191853 0.019877
0.224598 0.044820
0.287185 0.113423
0.255569 0.090019
0.269516 0.155058
-2.381558 0.430429
0.292401 0.201796
0.278069 0.108221
0.317616 0.163783
0.283543 0.230147
0.268529 0.241758
0.255323 0.223920
0.278534 0.305570
0.278618 0.299749
0.311256 0.347129
0.272657 0.340271
-2.399130 0.299880
0.284716 0.323891
0.318389 0.292272
0.293928 0.366679
0.326906 0.333607
0.293476 0.415078
0.295938 0.367392
0.317719 0.424300
0.282564 0.432785
0.306758 0.472454
0.291917 0.443572
-2.415987 0.144839
0.264834 0.489290
0.296345 0.492901
0.296002 0.522621
0.254119 0.528239
0.268683 0.587810
0.267528 0.601994
0.233264 0.616316
0.277724 0.644938
0.272133 0.597170
0.231107 0.659545
-2.401778 0.142913
0.223320 0.698026
0.254468 0.667499
0.227425 0.704965
0.252270 0.698094
0.247359 0.728965
0.218283 0.781182
0.223187 0.738123
0.232615 0.767094
0.204438 0.818946
0.193963 0.791660
-2.426603 0.140603
0.234999 0.833055
0.185763 0.875829
0.219079 0.864134
0.193919 0.928763
0.203997 0.959115
0.224053 0.904563
0.190724 1.008159
0.178815 0.989311
0.182910 1.008873
0.182539 1.005229
-2.129220 1.171079
-2.410516 0.131250
0.182059 1.009623
0.165811 1.064887
0.172131 1.030301
0.153145 1.084047
0.148765 1.061613
0.140653 1.098649
0.109265 1.136964
0.130754 1.116233
0.128584 1.082330
0.129160 1.128191
-2.411403 0.107686
0.010272 1.204130
0.067532 1.152003
0.001733 1.226406
0.035727 1.166109
-0.006535 1.213804
0.018010 1.231038
-0.047109 1.241112
-0.014779 1.233709
-0.081281 1.228425
-0.031050 1.258464
-2.436143 0.030407
-0.100038 1.267236
-0.112864 1.272419
-0.130669 1.280763
-0.083434 1.264237
-0.141658 1.282238
-0.137506 1.219324
-0.229239 1.351704
-0.259584 1.346876
-0.217794 1.323847
-0.258047 1.321660
-2.421103 -0.002683
-0.288755 1.280760
-0.287253 1.327328
-0.267400 1.322788
-0.245923 1.338912
-0.397005 1.384762
-0.367108 1.378241
-0.378655 1.348596
-0.354369 1.351481
-0.441176 1.392801
-0.370876 1.335526
-2.441510 0.027522
-0.401940 1.358853
-0.426649 1.363817
-0.417254 1.346056
-0.460802 1.282951
-0.492083 1.384441
-0.518263 1.323838
-0.499524 1.380993
-0.600641 1.304001
-0.583875 1.348118
-0.595452 1.333704
-2.381699 0.001730
-0.633383 1.321066
-0.530961 1.318320
-0.627836 1.324984
-0.652865 1.309882
-0.705923 1.290647
-0.650196 1.341599
-0.707455 1.301283
-0.712879 1.283439
-0.713156 1.259816
-0.733399 1.222951
-2.429582 -0.049425
-0.782427 1.238661
-0.790181 1.219656
-0.769438 1.216441
-0.777301 1.235242
-0.811871 1.199855
-0.849196 1.154627
-0.835528 1.175529
-0.846219 1.137217
-0.886824 1.123600
-0.898734 1.114000
-2.423678 -0.154092
-0.916058 1.054222
-0.867279 1.123229
-0.954247 1.077640
-0.929611 1.082485
-0.948616 1.062806
-0.994943 0.998717
-0.906322 1.054896
-0.986412 1.044900
-1.100883 0.990551
-1.021128 0.986928
-2.450517 -0.171912
-0.999182 1.001300
-1.033190 0.962005
-1.033752 0.944707
-1.058983 0.929409
-1.055476 0.932202
-1.067315 0.908140
-1.126345 0.936834
-1.103264 0.848488
-1.146760 0.926409
-1.090958 0.893391
-2.437213 -0.164862
-1.106724 0.847849
-1.107363 0.854288
-1.190029 0.773703
-1.167984 0.740484
-1.146724 0.817213
-1.143843 0.708460
-1.194448 0.704804
-1.187753 0.719784
-1.223054 0.673755
-1.181347 0.685698
-2.221559 1.078389
-2.469628 -0.258785
-1.186900 0.695433
-1.208743 0.641909
-1.218859 0.649301
-1.218822 0.601554
-1.249144 0.514972
-1.262274 0.489635
-1.240449 0.533665
-1.269496 0.478224
-1.269357 0.487621
-1.239282 0.576317
-2.440598 -0.396624
-1.257754 0.452292
-1.285294 0.485433
-1.281755 0.443197
-1.305187 0.396540
-1.243041 0.422334
-1.230251 0.367697
-1.345594 0.349889
-1.338510 0.345747
-1.324926 0.339866
-1.349022 0.254031
-2.464828 -0.325805
-1.329218 0.276145
-1.349369 0.305902
-1.294117 0.241929
-1.339845 0.211050
-1.378611 0.228675
-1.355696 0.269856
-1.366988 0.154105
-1.411436 0.232571
-1.391390 0.135717
-1.423776 0.157124
-2.455694 -0.339018
-1.338501 0.152490
-1.374474 0.155163
-1.351146 0.122742
-1.345343 0.127474
-1.391827 -0.061287
-1.421253 -0.054749
-1.398989 -0.028930
-1.388771 -0.062733
-1.396786 -0.105514
-1.380902 -0.035918
-2.497973 -0.421515
-1.340587 -0.132791
-1.348055 -0.113016
-1.364751 -0.099043
-1.408467 -0.159647
-1.417465 -0.137900
-1.402136 -0.159431
-1.433225 -0.204810
-1.414190 -0.285952
-1.376162 -0.240038
-1.501564 -0.202021
-2.458809 -0.583203
-1.398165 -0.303935
-1.407898 -0.293572
-1.424297 -0.323228
-1.410373 -0.373141
-1.398563 -0.355252
-1.391722 -0.514861
-1.444592 -0.380705
-1.421695 -0.515370
-1.401291 -0.482254
-1.424840 -0.533377
-2.456448 -0.581056
-1.417907 -0.673216
-1.447723 -0.832274
-1.395927 -0.513028
-1.463029 -0.617242
-1.365860 -0.685136
-1.447225 -0.786223
-1.434294 -0.836108
-1.437704 -0.865489
-1.435583 -0.956467
-1.429847 -0.878902
-2.481025 -0.566760
-1.436329 -0.885087
-1.442036 -0.965901
-1.414636 -1.026036
-1.409541 -0.983858
-1.426221 -1.048256
-1.428669 -1.048632
-1.419691 -1.063487
-1.441521 -1.045926
-1.441432 -1.118984
-1.409261 -1.095293
-2.487004 -0.590086
-1.414723 -1.151392
-1.387257 -1.228450
-1.419991 -1.221966
-1.402731 -1.228223
-1.404172 -1.223024
-1.383829 -1.286012
-1.349527 -1.317611
-1.403158 -1.328674
-1.398547 -1.348147
-1.333808 -1.317612
-2.480810 -0.553820
-1.386679 -1.368524
-1.391797 -1.388833
-1.390193 -1.411687
-1.410988 -1.366740
-1.392015 -1.468945
-1.357481 -1.444359
-1.375634 -1.500806
-1.399408 -1.530970
-1.346208 -1.579187
-1.371444 -1.578654
-2.210084 1.120788
-2.468440 -0.639608
-1.358787 -1.654292
-1.372805 -1.640567
-1.365694 -1.636807
-1.357933 -1.668628
-1.355026 -1.685507
-1.349986 -1.675242
-1.362692 -1.739220
-1.358961 -1.808340
-1.333517 -1.849019
-1.338820 -1.873794
-2.475217 -0.704286
-1.340930 -1.867876
-1.340595 -1.907593
-1.329824 -1.892263
-1.330189 -1.964776
-1.332514 -1.965591
-1.335425 -1.997958
-1.343919 -1.933127
-1.326197 -2.008810
-1.322091 -2.048556
-1.324509 -2.019824
-2.482964 -0.857819
-1.312658 -2.046686
-1.299783 -2.092700
-1.289182 -2.124874
-1.294442 -2.128852
-1.299048 -2.133433
-1.271409 -2.186310
-1.280612 -2.167187
-1.253556 -2.200246
-1.280991 -2.185773
-1.255545 -2.162038
-2.499515 -0.783067
-1.253550 -2.232419
-1.230081 -2.274616
-1.239192 -2.260277
-1.230964 -2.271931
-1.203169 -2.331885
-1.206742 -2.360983
-1.191469 -2.379534
-1.171777 -2.326689
-1.190620 -2.343793
-1.205237 -2.385124
-2.488572 -0.871648
-1.146761 -2.428954
-1.135472 -2.430054
-1.091378 -2.485276
-1.082491 -2.477364
-1.097273 -2.463835
-1.086431 -2.502136
-1.076398 -2.506138
-1.045973 -2.527325
-0.992611 -2.520372
-0.995903 -2.540814
-2.480842 -0.882513
-0.958381 -2.541103
-0.987503 -2.549183
-0.980487 -2.529232
-0.973891 -2.532536
-0.872688 -2.559692
-0.858802 -2.517226
-0.907565 -2.558740
-0.734135 -2.563565
-0.821383 -2.538472
-0.792889 -2.562129
-2.494637 -0.967330
-0.800713 -2.557128
-0.766745 -2.539644
-0.761142 -2.503200
-0.716980 -2.554384
-0.689124 -2.522025
-0.663991 -2.519849
-0.653336 -2.554650
-0.650665 -2.553020
-0.656740 -2.535511
-0.687759 -2.526051
-2.505409 -0.939878
-0.609146 -2.528162
-0.566482 -2.519495
-0.644742 -2.525319
-0.549351 -2.518662
-0.430826 -2.497812
-0.519569 -2.510614
-0.446589 -2.499544
-0.365015 -2.466083
-0.419995 -2.494849
-0.377217 -2.479031
-2.499029 -1.032101
-0.348432 -2.453119
-0.319444 -2.431412
-0.321935 -2.452184
-0.227758 -2.435100
-0.287725 -2.439541
-0.264348 -2.428276
-0.296660 -2.454056
-0.203003 -2.379578
-0.185019 -2.403318
-0.166162 -2.389928
-2.485942 -0.992148
-0.181262 -2.377025
-0.169630 -2.351544
-0.152913 -2.374978
-0.125498 -2.349672
-0.097339 -2.325884
-0.146823 -2.376574
-0.038180 -2.295230
-0.019871 -2.287812
-0.051990 -2.260025
-0.039668 -2.293419
-2.190462 1.115767
-2.523302 -1.085195
0.016276 -2.255667
0.045265 -2.219778
0.050318 -2.210319
0.034544 -2.246836
0.099010 -2.205859
0.141381 -2.139531
0.138592 -2.163460
0.101223 -2.195659
0.116761 -2.216782
0.169565 -2.151326
-2.467368 -1.043092
0.141696 -2.146571
0.192967 -2.093413
0.268565 -2.071111
0.186785 -2.098066
0.307153 -2.059470
0.325726 -2.044669
0.294412 -2.062297
0.255378 -2.049558
0.379919 -1.978733
0.351286 -2.010865
-2.492789 -1.082182
0.332123 -1.994086
0.427609 -1.946052
0.436860 -1.914066
0.415267 -1.960724
0.488046 -1.890312
0.446687 -1.926188
0.482746 -1.913163
0.480456 -1.908095
0.546500 -1.847238
0.523271 -1.862944
-2.511869 -1.099195
0.549201 -1.829018
0.588910 -1.813281
0.543236 -1.850582
0.583947 -1.800157
0.564625 -1.772308
0.665584 -1.725077
0.604619 -1.755942
0.728381 -1.648781
0.732855 -1.745743
0.696082 -1.698434
-2.518421 -1.170691
0.762785 -1.584964
0.778485 -1.692367
0.778445 -1.622321
0.814317 -1.572760
0.774311 -1.621372
0.842006 -1.537713
0.831143 -1.482438
0.820135 -1.485448
0.879094 -1.539576
0.836241 -1.548443
-2.532465 -1.215333
0.870204 -1.508287
0.965783 -1.424002
0.980017 -1.413249
0.941925 -1.453375
0.941804 -1.437895
0.959765 -1.403942
0.984369 -1.406003
0.957735 -1.353556
1.040450 -1.335353
1.044742 -1.318426
-2.514765 -1.158086
1.042299 -1.314646
1.074206 -1.290400
1.082425 -1.228321
1.081149 -1.209829
1.147491 -1.208072
1.070831 -1.258660
1.127286 -1.211297
1.170206 -1.186619
1.188434 -1.196126
1.191670 -1.141634
-2.545719 -1.201178
1.208325 -1.107011
1.203694 -1.102061
1.243870 -1.130643
1.233107 -1.060599
1.223161 -0.991403
1.300948 -0.996173
1.249184 -1.060228
1.258945 -1.020663
1.265799 -1.010942
1.283032 -0.953801
-2.548234 -1.201726
1.310814 -0.863949
1.254762 -0.953919
1.333455 -0.866750
1.316451 -0.877839
1.330294 -0.834755
1.338477 -0.799971
1.331868 -0.827464
1.339321 -0.816130
1.361139 -0.711637
1.388737 -0.706624
-2.557688 -1.272276
1.347031 -0.719447
1.306646 -0.784239
1.333036 -0.632860
1.372164 -0.670063
1.356291 -0.651143
1.332239 -0.594269
1.376472 -0.658656
1.411276 -0.530063
1.362292 -0.458943
1.371987 -0.515592
-2.235847 1.039648
-2.545058 -1.281236
1.378452 -0.478710
1.386652 -0.476906
1.378182 -0.465919
1.377958 -0.374858
1.348381 -0.407628
1.382015 -0.277214
1.374203 -0.374533
1.364159 -0.348151
1.374464 -0.288913
1.372691 -0.308701
-2.597779 -1.304342
1.377327 -0.230449
1.368261 -0.193153
1.363206 -0.176423
1.355595 -0.120228
1.369636 -0.071427
1.355999 -0.084378
1.364291 -0.058293
1.367012 -0.102709
1.324517 -0.089660
1.332232 0.096659
-2.582844 -1.344671
1.349219 0.012781
1.370045 -0.027333
1.345260 0.046506
1.326471 0.106159
1.356671 0.066244
1.349724 0.152454
1.359297 0.104893
1.362725 0.145239
1.340364 0.276571
1.339985 0.267256
-2.579781 -1.386031
1.309053 0.290830
1.352173 0.305742
1.354542 0.332730
1.318004 0.439271
1.323260 0.376863
1.322714 0.458391
1.305542 0.505240
1.304763 0.537043
1.298782 0.494689
1.301214 0.554403
-2.612040 -1.414209
1.306500 0.551334
1.300936 0.562111
1.261943 0.681412
1.288367 0.637872
1.257204 0.680802
1.293559 0.620109
1.222032 0.829633
1.232394 0.830270
1.233128 0.834946
1.245716 0.850286
-2.588553 -1.379519
1.190072 0.890665
1.242962 0.860605
1.184211 0.936604
1.239168 0.874043
1.189418 0.972261
1.139711 0.979643
1.183215 0.977767
1.142311 1.049869
1.169091 1.020854
1.152980 1.052942
-2.610088 -1.443388
1.156808 1.024875
1.040543 1.217675
1.084097 1.219954
1.053535 1.242108
1.053060 1.151052
1.044225 1.244800
0.932268 1.444242
1.015231 1.312305
0.937157 1.455791
0.968851 1.411852
-2.646659 -1.463337
0.913149 1.489254
0.877881 1.496613
0.877668 1.510371
0.834810 1.573432
0.838617 1.540871
0.799115 1.625694
0.803269 1.662973
0.757253 1.622637
0.799055 1.624500
0.738543 1.687952
-2.629424 -1.426243
0.756307 1.654236
0.701914 1.735077
0.735085 1.694783
0.635029 1.773077
0.627446 1.781460
0.602502 1.808943
0.575078 1.837120
0.579176 1.829701
0.584802 1.801156
0.599136 1.827826
-2.631810 -1.448066
0.552293 1.857200
0.466358 1.942378
0.443641 1.880374
0.481815 1.921954
0.407035 1.974992
0.359342 1.993415
0.377581 1.993654
0.320156 2.005405
0.288105 2.041020
0.227185 2.072458
-2.285320 0.932719
-2.685509 -1.508127
0.217532 2.058425
0.194204 2.060915
0.256412 2.091841
0.159197 2.058423
0.108219 2.076395
0.115172 2.115266
0.132681 2.091915
0.110031 2.078272
0.069383 2.061559
0.077648 2.136831
-2.656183 -1.497466
-0.027370 2.146191
-0.142580 2.168348
-0.045914 2.135194
-0.181087 2.182857
-0.164093 2.178969
-0.186459 2.178648
-0.184427 2.173379
-0.186788 2.204391
-0.201866 2.160680
-0.286170 2.163658
-2.682206 -1.508843
-0.359692 2.182832
-0.360000 2.208171
-0.384221 2.196475
-0.461421 2.192731
-0.427683 2.260159
-0.404928 2.146839
-0.467140 2.153999
-0.468135 2.190712
-0.516673 2.228913
-0.689873 2.175032
-2.700281 -1.539876
-0.522838 2.242206
-0.636871 2.212231
-0.652221 2.215322
-0.712369 2.206944
-0.672121 2.154588
-0.890930 2.175357
-0.837106 2.182905
-0.891832 2.178763
-0.889943 2.163882
-0.868417 2.172022
-2.715141 -1.561459
-0.933523 2.167191
-0.897822 2.139876
-1.010982 2.129533
-0.984139 2.142828
-1.068804 2.111498
-1.091326 2.111171
-1.072520 2.110294
-1.033550 2.125419
-1.136348 2.005161
-1.135476 2.073264
-2.686168 -1.541489
-1.189703 2.064745
-1.153736 2.078989
-1.204152 2.053137
-1.265484 2.031497
-1.192478 2.061162
-1.273420 2.061483
-1.355953 1.975085
-1.371825 1.979154
-1.414796 1.933536
-1.439604 1.908348
-2.748672 -1.578365
-1.366111 1.968946
-1.375013 1.974049
-1.426019 1.944036
-1.468650 1.900486
-1.544050 1.846316
-1.498162 1.857473
-1.523815 1.853520
-1.562678 1.799583
-1.519024 1.859601
-1.600169 1.765434
-2.763835 -1.589932
-1.595965 1.759021
-1.665084 1.748730
-1.625178 1.691931
-1.693408 1.701872
-1.693444 1.703685
-1.768341 1.667213
-1.704435 1.670279
-1.763839 1.649463
-1.783542 1.606848
-1.808251 1.627137
-2.785782 -1.604678
-1.872303 1.536654
-1.829297 1.595682
-1.855403 1.572266
-1.912965 1.517911
-1.842938 1.582110
-1.879683 1.549894
-1.950658 1.479247
-1.934859 1.502479
-1.919942 1.483828
-1.962413 1.476382
-2.812768 -1.615309
-1.953203 1.401316
-1.997032 1.427390
-2.041850 1.368070
-2.097730 1.320214
-2.015128 1.379099
-2.116882 1.265006
-2.087927 1.302304
-2.166857 1.185358
-2.144826 1.214733
-2.122880 1.264735
