500 2
2.726419 -1.261016
2.814079 -1.247258
2.994649 -1.082900
1.985998 0.411066
1.958210 0.458687
1.901774 0.503735
1.888071 0.504803
1.946393 0.599335
1.833870 0.633764
1.870865 0.535960
1.799666 0.559465
1.772609 0.512288
1.824382 0.560434
3.011420 -1.055489
1.782697 0.588153
1.734300 0.611554
1.676933 0.510403
1.699935 0.685615
1.710063 0.661364
1.677159 0.666257
1.712157 0.662411
1.616433 0.719730
1.641125 0.727034
1.658624 0.623381
3.001523 -1.070668
1.621990 0.689596
1.539459 0.770023
1.597600 0.745932
1.589807 0.742437
1.537201 0.875465
1.533678 0.843191
1.547940 0.851489
1.484690 0.935430
1.537997 0.826002
1.455861 0.961508
3.052180 -1.026131
1.436194 0.935638
1.457703 0.953030
1.472635 1.002128
1.415431 1.039700
1.462496 0.993787
1.446583 0.972977
1.427081 1.114644
1.422925 1.135818
1.456364 1.070126
1.375353 1.126488
3.030933 -1.029892
1.356182 1.123949
1.450600 1.270685
1.416920 1.229224
1.418056 1.295269
1.364581 1.356770
1.384097 1.383240
1.246752 1.448161
1.395941 1.293150
1.412284 1.323609
1.363246 1.585630
3.015546 -1.039545
1.408621 1.504837
1.373624 1.574739
1.397150 1.716341
1.372265 1.673435
1.354872 1.477087
1.377090 1.621153
1.347825 1.652080
1.395342 1.763602
1.341954 1.633572
1.367744 1.762372
3.028357 -1.001748
1.337162 1.762995
1.343446 1.824163
1.309706 1.850227
1.400740 1.818087
1.355766 1.863726
1.322446 1.901142
1.404719 1.834882
1.325514 1.994925
1.342492 1.944061
1.311169 1.948070
3.055005 -0.946668
1.272169 2.078689
1.253367 1.989550
1.262563 2.036247
1.340200 2.020706
1.208774 2.212528
1.287088 2.135303
1.255999 2.233810
1.264929 2.219383
1.241029 2.274970
1.255750 2.236850
3.071019 -0.955247
1.223830 2.291891
1.155375 2.331372
1.191220 2.356717
1.218188 2.358495
1.113161 2.466572
1.079908 2.359721
1.180837 2.462064
1.073194 2.496429
1.191086 2.401719
1.094548 2.491780
3.067216 -0.874264
1.137644 2.448772
1.138444 2.421333
1.025480 2.496209
1.033985 2.498877
1.030856 2.549894
0.986741 2.561017
0.937002 2.600655
1.038829 2.540715
0.911575 2.655067
0.925243 2.660319
2.852801 -1.211698
3.079959 -0.917787
0.878916 2.601237
0.838212 2.598363
0.822277 2.647615
0.895525 2.555259
0.743472 2.642738
0.807285 2.578404
0.657735 2.590420
0.797482 2.642269
0.734165 2.634624
0.704763 2.592517
3.098660 -0.935343
0.770739 2.599753
0.572780 2.622354
0.574017 2.568071
0.539606 2.539482
0.633989 2.596534
0.556668 2.544188
0.486106 2.578899
0.486885 2.580606
0.455809 2.474188
0.464076 2.522466
3.136912 -0.888213
0.491826 2.580544
0.366775 2.498957
0.373952 2.486774
0.374416 2.517825
0.385105 2.485848
0.276213 2.417153
0.230420 2.430921
0.273954 2.428796
0.245990 2.440753
0.257514 2.388074
3.113230 -0.850627
0.221435 2.419593
0.178444 2.369204
0.143337 2.311414
0.165301 2.341187
0.193844 2.375478
0.117277 2.287817
0.165230 2.348356
0.112375 2.255844
0.070767 2.279041
0.049497 2.243425
3.106163 -0.817321
0.066135 2.261720
0.066228 2.252872
0.031096 2.188678
0.019956 2.178783
-0.019247 2.162465
-0.080347 2.111647
0.018380 2.136223
-0.051108 2.096923
-0.062606 2.089200
-0.098803 2.101699
3.031808 -0.867783
-0.075306 2.088974
-0.120681 1.886165
-0.181791 2.028230
-0.184295 1.983375
-0.118711 1.991980
-0.199593 1.914629
-0.186055 1.970451
-0.144313 1.956603
-0.281511 1.811593
-0.209099 1.904816
3.081930 -0.745858
-0.248387 1.807998
-0.290094 1.797784
-0.276773 1.754614
-0.333335 1.738872
-0.296245 1.713871
-0.343384 1.712447
-0.288690 1.750795
-0.332173 1.747173
-0.341118 1.651468
-0.390890 1.575192
3.075485 -0.761311
-0.343862 1.631336
-0.330032 1.680063
-0.281623 1.583059
-0.318461 1.615416
-0.370833 1.529586
-0.430599 1.509116
-0.415284 1.437893
-0.369542 1.457437
-0.345404 1.522679
-0.413471 1.359109
3.054532 -0.719398
-0.388039 1.393858
-0.356138 1.302943
-0.453621 1.212031
-0.396742 1.367254
-0.440220 1.290595
-0.385142 1.245718
-0.382652 1.306889
-0.426782 1.189517
-0.400325 1.161107
-0.389728 1.125562
3.187842 -0.698104
-0.407670 1.162840
-0.329110 1.070984
-0.378126 1.099087
-0.352716 1.037208
-0.414126 1.013967
-0.398376 0.956260
-0.364321 1.006203
-0.391180 1.006885
-0.272404 1.043479
-0.298504 0.828350
2.882681 -1.154643
3.141050 -0.715296
-0.338325 0.892582
-0.214856 0.918507
-0.329605 0.861343
-0.280409 0.834975
-0.212167 0.770976
-0.267328 0.782269
-0.247588 0.773058
-0.282246 0.766145
-0.169957 0.616417
-0.251575 0.714645
3.064428 -0.631736
-0.260824 0.698310
-0.197958 0.643808
-0.180206 0.589012
-0.122532 0.496467
-0.141408 0.640731
-0.158210 0.552785
-0.131875 0.557198
-0.180302 0.489938
-0.139980 0.441293
-0.106666 0.508649
3.136007 -0.664787
-0.113120 0.441665
-0.034217 0.379115
-0.100349 0.478104
-0.108657 0.393310
-0.045857 0.311940
-0.086300 0.340541
-0.030209 0.289849
-0.034834 0.275084
-0.026075 0.239543
0.043361 0.175255
3.061377 -0.631319
-0.021367 0.236666
0.040646 0.100176
0.063343 0.234721
0.056606 0.093719
0.040406 0.139553
0.073389 0.096002
-0.002501 0.125430
0.045699 0.063381
0.064152 -0.014883
0.051022 0.052354
3.100602 -0.617815
0.099738 0.014609
0.117980 -0.010722
0.081119 -0.109232
0.067968 -0.027413
0.108668 -0.160558
0.128706 -0.133311
0.104981 -0.156505
0.165130 -0.172465
0.132490 -0.227223
0.109779 -0.336450
3.082936 -0.537062
0.137361 -0.276288
0.127173 -0.333788
0.143121 -0.330076
0.183847 -0.345437
0.257160 -0.334239
0.096735 -0.336744
0.226477 -0.452873
0.187566 -0.412873
0.165904 -0.434111
0.155980 -0.493641
3.092902 -0.574097
0.205192 -0.444818
0.178148 -0.610981
0.228033 -0.607691
0.191063 -0.476120
0.210702 -0.592509
0.189386 -0.610770
0.260612 -0.636729
0.195172 -0.665784
0.210486 -0.803951
0.210538 -0.712113
3.069051 -0.439620
0.214599 -0.770999
0.241125 -0.708216
0.218385 -0.823424
0.240578 -0.724593
0.307007 -0.857488
0.315037 -0.861486
0.264494 -0.874146
0.296790 -0.971497
0.351640 -0.947296
0.289682 -0.923583
3.027174 -0.583965
0.285735 -0.995007
0.316741 -1.047704
0.324730 -1.056567
0.381948 -1.080759
0.383700 -1.042771
0.427814 -1.106502
0.395038 -1.155512
0.482544 -1.176114
0.339010 -1.141064
0.358262 -1.096604
2.999348 -0.539363
0.490407 -1.193430
0.368084 -1.168980
0.450953 -1.228110
0.450576 -1.307846
0.445798 -1.253753
0.532202 -1.368663
0.478092 -1.284153
0.504730 -1.245643
0.500527 -1.356954
0.481281 -1.379208
2.859291 -1.208452
3.045678 -0.422379
0.530540 -1.371714
0.623526 -1.442725
0.652220 -1.376980
0.572439 -1.457852
0.535430 -1.418552
0.600004 -1.456626
0.672993 -1.457928
0.689477 -1.450744
0.671314 -1.551727
0.802493 -1.475302
3.006972 -0.264397
0.673024 -1.471521
0.813287 -1.432939
0.736903 -1.483015
0.815083 -1.558734
0.775129 -1.553451
0.877663 -1.609157
0.897821 -1.599352
0.861723 -1.541100
0.960953 -1.532745
0.920285 -1.578383
3.067327 -0.396255
1.026101 -1.560780
0.989252 -1.602996
1.037096 -1.630527
1.098746 -1.589872
0.969473 -1.609035
1.104442 -1.605443
1.087798 -1.622906
1.155399 -1.695497
1.187356 -1.583584
1.200639 -1.586176
3.038849 -0.460854
1.148413 -1.602290
1.216538 -1.625380
1.188092 -1.563238
1.309365 -1.622085
1.197495 -1.620259
1.323295 -1.634143
1.347873 -1.621428
1.332382 -1.607778
1.362797 -1.573082
1.446194 -1.652492
3.061094 -0.354146
1.441555 -1.616830
1.372693 -1.627868
1.438337 -1.619690
1.429397 -1.646253
1.465349 -1.569932
1.558683 -1.589009
1.519891 -1.632041
1.606161 -1.584011
1.556231 -1.597847
1.581281 -1.502570
3.011359 -0.273295
1.498491 -1.509288
1.646374 -1.519885
1.746850 -1.530842
1.770653 -1.549776
1.730021 -1.562860
1.720556 -1.561024
1.825379 -1.489215
1.863976 -1.495016
1.839611 -1.486143
1.888538 -1.486535
3.020173 -0.375245
1.859892 -1.470861
1.880714 -1.466793
1.971517 -1.420080
1.868289 -1.445940
1.957920 -1.399283
2.032404 -1.482653
1.955555 -1.445093
2.007941 -1.418210
2.078103 -1.459262
2.083436 -1.454446
2.994276 -0.271971
2.020630 -1.478067
2.089876 -1.409045
2.165052 -1.375755
2.168591 -1.352129
2.169708 -1.486949
2.231108 -1.444102
2.201280 -1.456673
2.354762 -1.401312
2.231347 -1.401927
2.313989 -1.442088
3.013672 -0.123154
2.404661 -1.413598
2.358111 -1.459708
2.396963 -1.450411
2.421745 -1.392798
2.479340 -1.410837
2.484869 -1.362729
2.494144 -1.300374
2.525122 -1.366987
2.581817 -1.362908
2.569353 -1.381432
3.035413 -0.269769
2.582496 -1.331074
2.588973 -1.288878
2.661614 -1.346421
2.656528 -1.337315
2.731416 -1.321321
2.816742 -1.291131
2.765025 -1.295300
2.698131 -1.276059
2.741978 -1.317178
2.773524 -1.268476
2.942744 -1.183443
2.977747 -0.105218
2.931771 -0.123439
2.909615 -0.095124
2.971270 -0.185589
2.924194 -0.092982
2.901503 -0.054445
2.891757 -0.027738
2.885909 -0.017718
2.896533 -0.082426
2.845122 0.005036
2.911163 -1.180106
2.829578 0.028609
2.817845 0.044016
2.768457 0.073904
2.768667 0.088558
2.763819 0.101911
2.817970 0.039052
2.746429 0.104995
2.656855 0.207513
2.723458 0.153135
2.659481 0.203319
2.829842 -1.151798
2.620880 0.141858
2.631189 0.206567
2.570276 0.211804
2.535376 0.241967
2.638514 0.190666
2.613470 0.262922
2.475564 0.270109
2.507737 0.251895
2.496283 0.302629
2.471047 0.265536
2.938172 -1.133744
2.502410 0.336049
2.282892 0.397878
2.401917 0.292525
2.389590 0.294628
2.309049 0.313445
2.339232 0.335377
2.357385 0.324936
2.290325 0.342707
2.222249 0.355005
2.224369 0.391667
2.969846 -1.097188
2.223387 0.382508
2.202169 0.403432
2.215847 0.390571
2.117843 0.410810
2.148830 0.429883
2.051912 0.457134
2.085453 0.389400
2.079535 0.437515
1.954369 0.496796
1.856712 0.454761
