300 2
2.303318 -0.825490
2.319710 -0.808890
1.989978 -1.043305
-2.421156 -0.139934
-2.510541 -0.101038
-2.547790 -0.188489
-2.640618 -0.266782
-2.606891 -0.210635
-2.577722 -0.221527
-2.637696 -0.295844
-2.674187 -0.321282
-2.696901 -0.400105
-2.726842 -0.435854
1.923866 -1.023333
-2.623381 -0.383055
-2.742343 -0.464982
-2.762437 -0.525537
-2.752671 -0.498770
-2.788130 -0.687052
-2.777621 -0.691090
-2.816081 -0.713290
-2.820682 -0.823373
-2.781126 -0.814421
-2.826840 -0.938745
1.836333 -1.022468
-2.815686 -0.937376
-2.803408 -0.902364
-2.805133 -0.967246
-2.764220 -1.120519
-2.770962 -1.148757
-2.785995 -1.113684
-2.766747 -1.170908
-2.761516 -1.121859
-2.692569 -1.331321
-2.706308 -1.311900
1.729481 -1.056399
-2.664010 -1.387370
-2.679897 -1.369130
-2.618183 -1.442195
-2.680694 -1.368096
-2.624047 -1.472300
-2.553500 -1.533743
-2.553990 -1.533428
-2.518755 -1.538798
-2.527353 -1.559311
-2.501450 -1.550734
1.750200 -1.009861
-2.307440 -1.671292
-2.355804 -1.673733
-2.263700 -1.712492
-2.237346 -1.719319
-2.249311 -1.688943
-2.103089 -1.750449
-2.104297 -1.760944
-2.136603 -1.734984
-2.036685 -1.727868
-1.948976 -1.741936
1.673343 -1.027268
-1.922821 -1.760115
-1.951501 -1.761754
-1.897370 -1.742027
-1.747528 -1.769452
-1.781523 -1.732727
-1.610859 -1.657558
-1.517137 -1.710094
-1.552737 -1.717688
-1.557381 -1.740980
-1.584337 -1.744808
1.675002 -1.060769
-1.478381 -1.642474
-1.441156 -1.687829
-1.364118 -1.672515
-1.314583 -1.610252
-1.263059 -1.591688
-1.337498 -1.644093
-1.230666 -1.591438
-1.075621 -1.559195
-1.149154 -1.557443
-1.137308 -1.559710
1.596745 -1.070912
-1.052908 -1.509089
-1.024744 -1.448625
-0.933068 -1.412328
-0.935059 -1.387262
-0.973322 -1.455716
-0.744380 -1.300381
-0.808815 -1.318623
-0.848339 -1.236148
-0.740650 -1.178668
-0.657063 -1.098598
1.567443 -1.069165
-0.665251 -1.110271
-0.621162 -1.095609
-0.703802 -1.153933
-0.611788 -1.034946
-0.573864 -0.872675
-0.507304 -0.852892
-0.571253 -0.941058
-0.521336 -0.866341
-0.430225 -0.679881
-0.478776 -0.772274
1.470886 -1.069899
-0.376031 -0.674287
-0.431006 -0.705827
-0.290699 -0.308801
-0.196419 -0.128935
-0.179619 -0.066758
-0.095926 0.021122
-0.086415 0.037698
-0.094329 0.009034
-0.062331 0.120299
-0.043241 0.147621
2.269961 -0.837217
1.504030 -1.017305
0.006939 0.147331
0.033115 0.239378
0.062970 0.283117
0.070602 0.303073
0.090774 0.322445
0.123137 0.366943
0.152330 0.405277
0.232199 0.511805
0.251591 0.525863
0.309262 0.598023
1.460271 -1.055779
0.362782 0.664003
0.322169 0.619688
0.401102 0.704773
0.418492 0.717712
0.467064 0.754896
0.436298 0.721048
0.556172 0.829677
0.463030 0.752306
0.586361 0.855599
0.589404 0.877841
1.316281 -1.081610
0.652496 0.860444
0.698567 0.966907
0.718619 0.931443
0.760199 0.963521
0.788943 0.982955
0.854288 1.019355
0.938747 1.040118
0.938165 1.044270
1.011283 1.090633
1.037786 1.082671
1.177729 -1.093545
1.050028 1.052509
1.132375 1.098425
1.165200 1.119062
1.283914 1.146350
1.244505 1.098650
1.388269 1.150845
1.506709 1.141331
1.394851 1.138936
1.545193 1.105192
1.578060 1.123928
1.290617 -1.051605
1.641113 1.186275
1.751754 1.126390
1.732625 1.133454
1.795793 1.159448
1.812123 1.126633
1.838285 1.172796
1.851492 1.094883
1.974764 1.070535
1.945313 1.115671
1.980454 1.075804
0.995368 -0.954484
2.046611 1.029877
2.065242 1.078693
2.171230 1.000085
2.108641 1.022425
2.199447 1.011030
2.214705 0.953756
2.342646 0.853725
2.343111 0.849040
2.302932 0.884279
2.313851 0.898829
1.175471 -1.031964
2.393589 0.793516
2.425820 0.763740
2.456163 0.717597
2.446296 0.716100
2.509728 0.661156
2.505509 0.588509
2.491269 0.642581
2.527757 0.589721
2.551530 0.510817
2.565192 0.459654
1.093009 -1.070702
2.571446 0.415515
2.587453 0.397587
2.621170 0.350974
2.587436 0.344501
2.594722 0.327800
2.617541 0.237500
2.612093 0.189822
2.620940 0.212392
2.679254 0.086897
2.635727 0.053125
0.992505 -0.909945
2.657044 0.066134
2.593094 -0.101979
2.594672 -0.221083
2.664781 -0.215342
2.630092 -0.245761
2.605704 -0.268384
2.654647 -0.203454
2.608603 -0.317176
2.565860 -0.335182
2.577494 -0.375713
0.947666 -0.978428
2.556013 -0.419057
2.559829 -0.521673
2.520565 -0.491639
2.424448 -0.710574
2.491572 -0.615475
2.427058 -0.647048
2.465740 -0.629979
2.429103 -0.753152
2.373579 -0.754808
2.369859 -0.768141
2.113373 -0.943206
0.902529 -1.015465
0.997856 -1.034025
0.875854 -0.947228
0.848188 -0.936898
0.688295 -0.935262
0.744868 -0.929888
0.729254 -0.898801
0.688533 -0.895383
0.541338 -0.854146
0.618177 -0.880583
2.159098 -0.905217
0.414861 -0.773187
0.491804 -0.816501
0.500309 -0.813884
0.346974 -0.741650
0.258705 -0.699605
0.260234 -0.717559
0.238874 -0.685198
0.252739 -0.700953
0.161089 -0.632051
0.086640 -0.649339
2.147785 -0.914884
-0.026444 -0.506397
0.042192 -0.630078
-0.011280 -0.557564
-0.326744 -0.459856
-0.161630 -0.479463
-0.271128 -0.391305
-0.349290 -0.389309
-0.433846 -0.350018
-0.542807 -0.320514
-0.636422 -0.287097
2.211477 -0.890609
-0.714296 -0.269965
-0.699813 -0.240881
-0.777547 -0.252781
-0.730012 -0.235951
-0.833837 -0.192741
-0.803357 -0.176097
-0.940757 -0.161008
-0.959289 -0.162397
-0.929421 -0.153954
-1.079682 -0.092054
1.976084 -0.959255
-1.138605 -0.104791
-1.123093 -0.080641
-1.243624 -0.082198
-1.270872 -0.091438
-1.257246 -0.089209
-1.400233 -0.005734
-1.353401 -0.025465
-1.438151 -0.061234
-1.460290 -0.012016
-1.598466 0.001503
2.031846 -0.965865
-1.586331 -0.034016
-1.565734 -0.002786
-1.725067 0.024545
-1.783419 0.011313
-1.778876 0.048280
-1.866410 0.019433
-1.810318 0.037333
-1.896255 -0.060783
-1.976522 0.041655
-1.956329 0.092512
1.971846 -0.979964
-2.075176 0.074862
-1.992226 0.021780
-2.158503 0.005591
-2.248703 -0.014952
-2.281409 -0.056735
-2.238160 0.036956
-2.330211 -0.006135
-2.338378 -0.103601
-2.336074 -0.027442
-2.448939 -0.130566
