300 2
2.693980 0.157644
2.699543 0.049020
2.738452 0.597944
-0.598833 1.193058
-0.555496 1.212351
-0.682955 1.163012
-0.652768 1.180845
-0.666225 1.168309
-0.865410 1.100101
-0.832604 1.108145
-1.029570 1.032366
-0.854703 1.107129
-0.990746 1.045085
2.710566 0.569547
-0.931913 1.046823
-1.077143 1.008116
-1.106131 0.982171
-1.139424 0.940305
-1.165598 0.950952
-1.308496 0.879588
-1.200198 0.913496
-1.255929 0.846891
-1.351780 0.815275
-1.339712 0.820751
2.645818 0.808068
-1.430399 0.755117
-1.473006 0.712378
-1.496005 0.684497
-1.511417 0.682329
-1.548707 0.607259
-1.588720 0.581130
-1.564483 0.603683
-1.631725 0.543456
-1.630427 0.520975
-1.659764 0.458308
2.689900 0.800225
-1.678284 0.505238
-1.615867 0.514493
-1.691646 0.337336
-1.770700 0.303123
-1.751651 0.241386
-1.791848 0.237222
-1.815884 0.143674
-1.854637 0.072422
-1.851738 0.079222
-1.829628 0.076275
2.676575 0.885093
-1.843117 0.018938
-1.875241 -0.022888
-1.861533 -0.083017
-1.885762 -0.110631
-1.894450 -0.120432
-1.893122 -0.250626
-1.872491 -0.282060
-1.888454 -0.367658
-1.903646 -0.305320
-1.892394 -0.398774
2.696412 0.837210
-1.895802 -0.480231
-1.898103 -0.537330
-1.899472 -0.469592
-1.902674 -0.457151
-1.873693 -0.507049
-1.858926 -0.694537
-1.889116 -0.814425
-1.851795 -0.778995
-1.883232 -0.789804
-1.874499 -0.826184
2.605941 0.980621
-1.838185 -0.991306
-1.811248 -1.001993
-1.817508 -0.926444
-1.851490 -1.095396
-1.805104 -1.053561
-1.799420 -1.132382
-1.738568 -1.211944
-1.780000 -1.168167
-1.781735 -1.205927
-1.710076 -1.267510
2.630466 1.011635
-1.737419 -1.295845
-1.682091 -1.395226
-1.675082 -1.435681
-1.636230 -1.398862
-1.631480 -1.515741
-1.522812 -1.587677
-1.602434 -1.489511
-1.567689 -1.546467
-1.428447 -1.703905
-1.461250 -1.654928
2.646230 1.000791
-1.421182 -1.688137
-1.324799 -1.759947
-1.344899 -1.751087
-1.368911 -1.689353
-1.266958 -1.825045
-1.249236 -1.802785
-1.142675 -1.829410
-1.131624 -1.862437
-1.101049 -1.818945
-1.152869 -1.886776
2.623248 1.048933
-1.032565 -1.812169
-0.934816 -1.897869
-0.933296 -1.969056
-0.751763 -1.897521
-0.892619 -1.934677
-0.812347 -2.003780
-0.723970 -1.925479
-0.596730 -2.046369
-0.714675 -2.038787
-0.641666 -1.978348
2.716233 0.222050
2.572920 1.093369
-0.585394 -2.068872
-0.534191 -2.029996
-0.473607 -2.094498
-0.440550 -2.066398
-0.347414 -2.082755
-0.323924 -2.106717
-0.251701 -2.116268
-0.344060 -2.130076
-0.245595 -2.125544
-0.187981 -2.154438
2.661272 1.002251
-0.205750 -2.125975
-0.119200 -2.144261
-0.052629 -2.118832
-0.010565 -2.175402
0.082642 -2.159476
0.155353 -2.168319
0.179258 -2.173353
0.182704 -2.142808
0.111512 -2.144941
0.229510 -2.181588
2.545155 1.044319
0.355805 -2.187289
0.477532 -2.155674
0.566339 -2.141496
0.534139 -2.156014
0.565870 -2.157558
0.628600 -2.144230
0.720955 -2.144680
0.714770 -2.138233
0.700700 -2.132801
0.770742 -2.137008
2.598545 1.152058
0.828883 -2.090514
0.851692 -2.125942
0.905585 -2.099693
0.988865 -2.118447
1.071477 -2.109503
1.052256 -2.100662
1.006523 -2.043423
1.048259 -2.086911
1.213927 -2.060895
1.291860 -2.030608
2.566644 1.179572
1.265131 -2.043296
1.417289 -1.999911
1.423402 -1.973004
1.367918 -2.008130
1.465673 -1.938367
1.604094 -1.917697
1.588150 -1.898154
1.594570 -1.878939
1.681682 -1.817612
1.627438 -1.884116
2.485131 1.267775
1.671589 -1.831615
1.738243 -1.782931
1.763847 -1.757943
1.808550 -1.779230
1.859797 -1.711856
1.966909 -1.590258
1.884656 -1.650982
1.997924 -1.568124
1.930182 -1.638346
1.955757 -1.630675
2.497248 1.296534
2.042737 -1.506285
2.021248 -1.536695
2.131031 -1.417274
2.133441 -1.407850
2.128518 -1.417038
2.106495 -1.436819
2.227203 -1.289807
2.242056 -1.271869
2.229119 -1.305887
2.295197 -1.192352
2.485379 1.348906
2.327878 -1.150544
2.372225 -1.093300
2.354744 -1.065530
2.388604 -1.090049
2.385753 -1.013776
2.407760 -0.977622
2.411999 -0.984901
2.524684 -0.790492
2.485993 -0.889865
2.449674 -0.839606
2.401137 1.407462
2.496359 -0.779957
2.540113 -0.713221
2.538066 -0.714403
2.535113 -0.711798
2.546584 -0.723264
2.539812 -0.515313
2.627655 -0.574203
2.610049 -0.397473
2.604416 -0.457525
2.622924 -0.398079
2.432782 1.387177
2.619956 -0.358720
2.620795 -0.315883
2.624114 -0.199675
2.661874 -0.176142
2.695223 -0.072279
2.658587 -0.156831
2.679593 -0.014339
2.665275 -0.027397
2.623966 -0.123547
2.678746 0.113909
2.706154 0.324302
2.376997 1.438001
2.383024 1.445748
2.363300 1.455854
2.228404 1.540685
2.348141 1.599425
2.198738 1.549239
2.054425 1.621674
2.072672 1.655366
2.161442 1.564549
1.986603 1.667964
2.599404 0.317093
2.031403 1.639925
1.955278 1.666484
2.006117 1.723017
1.878273 1.733049
1.886860 1.693277
1.776714 1.719382
1.716998 1.687344
1.728325 1.713254
1.679616 1.708358
1.688718 1.697346
2.708771 0.380499
1.504679 1.775175
1.584972 1.762260
1.481899 1.709170
1.539326 1.692240
1.513303 1.722980
1.296991 1.698572
1.455986 1.720774
1.321214 1.717482
1.224028 1.698338
1.233413 1.695243
2.752085 0.472480
1.249949 1.694362
1.148537 1.691788
1.099893 1.666137
1.060053 1.663181
1.096172 1.661835
0.963909 1.678817
1.018419 1.629228
0.816552 1.672394
0.796415 1.622276
0.724778 1.637137
2.691933 0.447357
0.746715 1.561708
0.676328 1.618720
0.724032 1.597064
0.532055 1.539701
0.587314 1.537929
0.555162 1.556975
0.491752 1.523745
0.450247 1.532223
0.473357 1.484432
0.347404 1.459997
2.713140 0.512957
0.263942 1.457687
0.212473 1.436975
0.174679 1.432566
0.154431 1.448324
0.134127 1.412652
0.072668 1.397785
-0.123643 1.260900
-0.027735 1.316899
-0.082481 1.324092
-0.061523 1.389861
2.692120 0.575767
-0.135433 1.330142
-0.149094 1.274488
-0.060894 1.444291
-0.276146 1.241662
-0.381000 1.264193
-0.244629 1.286383
-0.300392 1.270959
-0.464115 1.190964
-0.518280 1.230283
-0.448942 1.178692
