300 2
1.029768 -2.358740
0.942698 -2.477522
0.746286 -2.571298
-2.306529 -0.844601
-2.275792 -0.968380
-2.294330 -0.921697
-2.281832 -0.869095
-2.291930 -0.946998
-2.319764 -0.798070
-2.304773 -0.721701
-2.263942 -0.642638
-2.360506 -0.720697
-2.299602 -0.655675
0.622584 -2.657683
-2.282481 -0.642754
-2.216789 -0.508192
-2.307093 -0.471096
-2.301125 -0.412709
-2.273391 -0.340189
-2.298866 -0.342101
-2.234006 -0.171952
-2.234472 -0.225498
-2.232715 -0.200823
-2.214008 -0.091940
0.535560 -2.654390
-2.243899 -0.135465
-2.180440 0.042099
-2.209453 0.017738
-2.166919 0.068447
-2.117570 0.133079
-2.104021 0.261668
-2.065114 0.356935
-2.070959 0.320481
-2.039523 0.382490
-2.126792 0.246555
0.506307 -2.689131
-2.032114 0.480177
-2.023721 0.460143
-1.918348 0.555429
-1.982938 0.519751
-1.980598 0.540331
-1.905338 0.654831
-1.877288 0.713105
-1.921617 0.660805
-1.861877 0.750885
-1.832315 0.762461
0.525893 -2.693363
-1.794200 0.798744
-1.789828 0.831833
-1.762072 0.898015
-1.739082 0.907484
-1.681656 0.980026
-1.681289 0.985860
-1.617003 1.057003
-1.600685 1.065500
-1.582831 1.147787
-1.569703 1.075619
0.468461 -2.697391
-1.547864 1.128815
-1.478859 1.182871
-1.478635 1.185019
-1.418881 1.234931
-1.391433 1.256691
-1.373383 1.269038
-1.265476 1.343943
-1.244448 1.355956
-1.260899 1.329893
-1.165710 1.416394
0.475993 -2.701113
-1.142922 1.421371
-1.056900 1.438913
-1.062176 1.529482
-1.024538 1.492076
-0.973627 1.504388
-0.996147 1.550374
-0.805692 1.547546
-0.815097 1.564282
-0.829669 1.603240
-0.774467 1.576861
0.343445 -2.771210
-0.788719 1.636503
-0.685472 1.639319
-0.641851 1.609268
-0.633257 1.649291
-0.538580 1.643206
-0.563321 1.652333
-0.366099 1.700606
-0.456643 1.674030
-0.439306 1.701530
-0.330776 1.686756
0.421484 -2.720248
-0.380898 1.691953
-0.186743 1.700042
-0.184490 1.715620
-0.215350 1.720050
-0.164755 1.723144
-0.023235 1.703802
-0.015190 1.715544
0.004157 1.716729
0.117654 1.708540
0.237799 1.728526
0.291464 -2.766871
0.113624 1.709200
0.224975 1.740613
0.228292 1.690300
0.368113 1.666504
0.370839 1.678292
0.362992 1.711682
0.484124 1.669309
0.517113 1.670393
0.664065 1.656777
0.554596 1.627626
0.885259 -2.452853
0.256999 -2.731003
0.748282 1.620019
0.785782 1.607857
0.776154 1.611571
0.736557 1.617584
0.738965 1.617430
0.924151 1.545015
0.902861 1.576572
0.972547 1.525454
1.026859 1.510855
0.944827 1.552634
0.290822 -2.761569
1.079214 1.475917
1.180570 1.430529
1.135322 1.451928
1.164963 1.436541
1.223030 1.351780
1.386412 1.377220
1.289782 1.296590
1.352341 1.257390
1.331987 1.268517
1.395637 1.202964
0.136246 -2.812606
1.327373 1.265295
1.409590 1.142544
1.432129 1.172244
1.481911 1.094963
1.508240 1.034774
1.495754 1.041774
1.548464 0.917444
1.570351 0.891032
1.628542 0.756609
1.641126 0.735275
0.079396 -2.856586
1.590194 0.798912
1.679025 0.636966
1.644994 0.702522
1.682980 0.635157
1.668756 0.597239
1.702639 0.485192
1.702071 0.568181
1.715687 0.470412
1.757010 0.397968
1.716477 0.383361
0.064270 -2.828441
1.738062 0.395151
1.716788 0.288175
1.788031 0.195188
1.771383 0.096223
1.755983 0.080505
1.775381 -0.049124
1.764230 0.029753
1.701259 -0.040360
1.766147 -0.116644
1.820479 -0.119887
0.158425 -2.761614
1.788646 -0.171894
1.748403 -0.273240
1.686935 -0.311850
1.744364 -0.328406
1.771697 -0.374918
1.733378 -0.429096
1.777062 -0.430790
1.697386 -0.655649
1.726956 -0.591940
1.705458 -0.663133
-0.063795 -2.860813
1.706487 -0.716964
1.683985 -0.897352
1.778476 -0.806043
1.656114 -0.894861
1.680456 -0.883921
1.639813 -0.833301
1.678648 -1.003705
1.682649 -0.947586
1.670864 -1.068306
1.679846 -1.083906
0.027797 -2.830234
1.586864 -1.163135
1.625207 -1.143972
1.616443 -1.280194
1.695394 -1.266422
1.615355 -1.363255
1.544102 -1.384608
1.578534 -1.426154
1.538502 -1.432170
1.528251 -1.562073
1.506164 -1.590632
-0.116016 -2.870252
1.497745 -1.587464
1.483239 -1.593902
1.462435 -1.698797
1.454391 -1.721246
1.403031 -1.824965
1.426552 -1.743369
1.360398 -1.911927
1.401971 -1.804743
1.301493 -2.010542
1.319362 -1.979060
-0.205714 -2.878334
1.288561 -2.028605
1.267020 -2.072219
1.237487 -2.102180
1.226706 -2.149227
1.203927 -2.164011
1.173856 -2.200444
1.137798 -2.198951
1.028921 -2.348238
1.080060 -2.331676
0.972342 -2.382549
0.837347 -2.567777
-0.184790 -2.870257
-0.280559 -2.884185
-0.227832 -2.874721
-0.366207 -2.878037
-0.436611 -2.883479
-0.406195 -2.896678
-0.452515 -2.888318
-0.538942 -2.880663
-0.575575 -2.903599
-0.628871 -2.904004
0.869387 -2.410233
-0.729538 -2.888157
-0.730160 -2.841871
-0.694763 -2.915076
-0.675383 -2.921992
-0.833710 -2.825101
-0.908583 -2.849089
-0.892536 -2.880756
-0.971473 -2.800553
-1.033507 -2.813279
-1.012666 -2.791287
0.842349 -2.498489
-1.100011 -2.794163
-1.142573 -2.799848
-1.132676 -2.758707
-1.231303 -2.763344
-1.208862 -2.719950
-1.195367 -2.752092
-1.277514 -2.688441
-1.301263 -2.699002
-1.424853 -2.597032
-1.450626 -2.605195
0.813243 -2.546651
-1.415069 -2.594286
-1.538907 -2.524355
-1.575255 -2.496274
-1.531879 -2.531924
-1.617484 -2.434659
-1.578752 -2.461656
-1.578743 -2.489599
-1.701839 -2.366646
-1.692054 -2.363029
-1.735945 -2.349454
0.743018 -2.578969
-1.772126 -2.261962
-1.763585 -2.274521
-1.787566 -2.225373
-1.807651 -2.195096
-1.819138 -2.197488
-1.833753 -2.127863
-1.844803 -2.143597
-2.004109 -1.899013
-1.867197 -1.946112
-1.854293 -2.036204
0.711937 -2.586392
-1.996313 -1.901937
-1.947989 -1.938142
-2.012919 -1.788421
-2.019685 -1.756961
-2.067893 -1.700111
-2.118761 -1.618910
-2.146691 -1.552650
-2.068389 -1.609392
-2.110508 -1.583593
-2.141790 -1.522837
0.709300 -2.571817
-2.168514 -1.494707
-2.135033 -1.527228
-2.175077 -1.400582
-2.223500 -1.269603
-2.211024 -1.308146
-2.243335 -1.182515
-2.270901 -1.156662
-2.215272 -1.134669
-2.286012 -1.060584
-2.234096 -1.118918
