1000 2
-0.129617 0.906433
-0.069858 0.843091
0.038931 0.673819
1.068553 -1.255897
1.047051 -1.356491
1.078118 -1.276615
1.025523 -1.311735
1.051852 -1.389602
1.067489 -1.287087
1.067590 -1.334583
1.045573 -1.397882
1.047579 -1.395550
1.042111 -1.442611
0.106719 0.610910
0.952453 -1.457636
0.988471 -1.466083
1.000216 -1.493220
0.983219 -1.446956
0.965428 -1.507457
0.995944 -1.521410
0.991018 -1.502226
0.982025 -1.557101
0.945504 -1.560639
0.925750 -1.572111
0.098200 0.626791
0.928699 -1.542574
0.858678 -1.684081
0.901268 -1.628525
0.887694 -1.656104
0.836191 -1.708578
0.836583 -1.712892
0.813514 -1.725394
0.809834 -1.730362
0.834877 -1.731779
0.797275 -1.754420
0.119220 0.580265
0.759914 -1.795079
0.769647 -1.796333
0.683045 -1.804515
0.703899 -1.830380
0.723585 -1.825159
0.672778 -1.777346
0.739754 -1.862008
0.708689 -1.846144
0.680399 -1.856559
0.631629 -1.914473
0.160645 0.529543
0.646383 -1.907418
0.614195 -1.940543
0.599651 -1.971640
0.569828 -1.991568
0.620581 -1.952930
0.569568 -2.004886
0.507476 -2.049203
0.576446 -2.006914
0.586558 -2.004552
0.481573 -2.110189
0.138389 0.529971
0.494347 -2.070029
0.503767 -2.096390
0.473053 -2.113870
0.466966 -2.107490
0.384779 -2.170686
0.456659 -2.105612
0.427025 -2.150399
0.363569 -2.212089
0.376750 -2.255605
0.335355 -2.239487
0.140686 0.535535
0.360463 -2.210082
0.380786 -2.167137
0.346939 -2.215225
0.336741 -2.240757
0.284551 -2.271053
0.305809 -2.265847
0.320780 -2.242704
0.289050 -2.294531
0.208073 -2.291103
0.220187 -2.340903
0.176122 0.471291
0.181985 -2.296173
0.196925 -2.300804
0.133184 -2.321212
0.133810 -2.319978
0.119089 -2.337764
0.092449 -2.316116
0.076542 -2.372007
0.072591 -2.322747
0.081086 -2.333728
0.005198 -2.353495
0.178777 0.453129
0.014670 -2.350492
-0.035220 -2.360723
-0.022677 -2.357590
-0.075285 -2.318563
-0.076141 -2.310280
-0.113662 -2.342149
-0.126566 -2.327600
-0.159569 -2.338426
-0.163602 -2.280668
-0.126858 -2.327291
0.236516 0.359746
-0.223781 -2.306017
-0.267221 -2.264431
-0.299180 -2.268213
-0.243049 -2.280960
-0.255991 -2.272090
-0.317839 -2.249166
-0.291693 -2.287325
-0.346720 -2.226024
-0.339483 -2.255380
-0.344889 -2.163464
-0.124387 0.890843
0.238356 0.387428
-0.366405 -2.195817
-0.396039 -2.178849
-0.460227 -2.111495
-0.405400 -2.193196
-0.483879 -2.078632
-0.472875 -2.185660
-0.450144 -2.056644
-0.480943 -2.047024
-0.490687 -2.054845
-0.486864 -2.042552
0.232282 0.387988
-0.492654 -1.987563
-0.486156 -2.000351
-0.503942 -1.969827
-0.534121 -1.917490
-0.505205 -1.908012
-0.538993 -1.991330
-0.511253 -1.846680
-0.473204 -1.812556
-0.578067 -1.854105
-0.520164 -1.829357
0.284955 0.332259
-0.507633 -1.762118
-0.516136 -1.775633
-0.521781 -1.760747
-0.510434 -1.671511
-0.535971 -1.756159
-0.513125 -1.689962
-0.525312 -1.676557
-0.526821 -1.705020
-0.508870 -1.593523
-0.532098 -1.639277
0.291673 0.265285
-0.493041 -1.594942
-0.515801 -1.561001
-0.536148 -1.527643
-0.548117 -1.596753
-0.526672 -1.502309
-0.517290 -1.582038
-0.518761 -1.522320
-0.516721 -1.397764
-0.518264 -1.453500
-0.477707 -1.360011
0.256601 0.277488
-0.512886 -1.375080
-0.525256 -1.414148
-0.518966 -1.353340
-0.499001 -1.330749
-0.535928 -1.313169
-0.476854 -1.310378
-0.480393 -1.298688
-0.507443 -1.336063
-0.497669 -1.249652
-0.522705 -1.256150
0.273763 0.278767
-0.471750 -1.185256
-0.503505 -1.185393
-0.498839 -1.187390
-0.497432 -1.148663
-0.492340 -1.156815
-0.477867 -1.137469
-0.548014 -1.066122
-0.446615 -1.119711
-0.505837 -1.042781
-0.502520 -1.070664
0.322314 0.203246
-0.541591 -0.974863
-0.527635 -0.932824
-0.502686 -1.003415
-0.521758 -0.941923
-0.511185 -0.926682
-0.494298 -1.004087
-0.484855 -0.891638
-0.533019 -0.872996
-0.509418 -0.846982
-0.498134 -0.837346
0.318156 0.191728
-0.495052 -0.798073
-0.505326 -0.791206
-0.563184 -0.687934
-0.481621 -0.732357
-0.546762 -0.703589
-0.488472 -0.683308
-0.539265 -0.648836
-0.490829 -0.691838
-0.516840 -0.671003
-0.483567 -0.619724
0.271498 0.239796
-0.473625 -0.554886
-0.483081 -0.632108
-0.498232 -0.537275
-0.504006 -0.459026
-0.468445 -0.478293
-0.456942 -0.414694
-0.460936 -0.374102
-0.426199 -0.466186
-0.463347 -0.340455
-0.471556 -0.350042
0.303177 0.155402
-0.450987 -0.312942
-0.402357 -0.358545
-0.444254 -0.297891
-0.463148 -0.238087
-0.445159 -0.190690
-0.460343 -0.190372
-0.436070 -0.226756
-0.440988 -0.170537
-0.450701 -0.135652
-0.409445 -0.033866
-0.039523 0.813328
0.383946 0.086505
-0.394018 -0.024115
-0.440390 -0.028091
-0.414115 0.071771
-0.430244 0.060450
-0.440794 0.046990
-0.417587 0.181432
-0.462475 -0.052162
-0.403807 0.157430
-0.368553 0.157310
-0.401806 0.301139
0.325233 0.163247
-0.386162 0.383563
-0.408163 0.310868
-0.396935 0.428487
-0.363962 0.430151
-0.382888 0.404335
-0.314078 0.380513
-0.362744 0.539151
-0.377602 0.482979
-0.339616 0.565494
-0.329697 0.611116
0.394234 0.093321
-0.323338 0.630465
-0.325060 0.614341
-0.340142 0.679230
-0.327734 0.766806
-0.171397 0.720861
-0.229635 0.820774
-0.167664 0.900391
-0.261294 0.779898
-0.195956 0.898700
-0.173385 0.922398
0.448754 0.005501
-0.206474 0.862153
-0.114858 0.997077
-0.123178 1.039213
-0.073570 1.038614
-0.071268 1.072863
-0.043948 1.142535
-0.028000 1.140162
0.023717 1.213192
0.008143 1.198266
-0.000339 1.212400
0.396203 0.045239
0.019108 1.251583
0.033044 1.254550
0.076276 1.282553
0.073451 1.336553
0.099054 1.342096
0.041198 1.336688
0.075009 1.367812
0.104209 1.404091
0.120578 1.405740
0.177009 1.395586
0.417721 0.013377
0.159122 1.499524
0.188965 1.515124
0.159454 1.496053
0.168281 1.495773
0.195249 1.534229
0.244414 1.584409
0.255877 1.620749
0.242767 1.572626
0.291811 1.657305
0.332025 1.660657
0.431588 0.017686
0.309460 1.661657
0.296894 1.651679
0.355675 1.698739
0.330940 1.691520
0.370754 1.741663
0.358010 1.701580
0.403159 1.775606
0.405738 1.741596
0.425233 1.762145
0.426369 1.763682
0.480775 -0.048234
0.457647 1.786538
0.506239 1.814549
0.470787 1.776907
0.486675 1.766054
0.571424 1.825189
0.571098 1.806556
0.572698 1.850178
0.633471 1.872394
0.592274 1.858202
0.740042 1.810014
0.458949 -0.050740
0.722661 1.841783
0.691940 1.859315
0.680720 1.875823
0.705416 1.900840
0.788906 1.877777
0.768240 1.891377
0.761997 1.871347
0.844389 1.849985
0.773585 1.908089
0.859476 1.844314
0.538264 -0.129985
0.926985 1.874041
0.909367 1.881049
0.890327 1.886233
0.939562 1.892131
0.992207 1.876984
0.987865 1.883906
1.006008 1.865429
1.087344 1.866508
0.991589 1.865757
1.064442 1.857133
-0.056680 0.834788
0.504502 -0.095680
1.098600 1.825059
1.127316 1.815636
1.096151 1.833457
1.151000 1.834944
1.164002 1.851785
1.227687 1.766049
1.189295 1.801723
1.220948 1.761689
1.277174 1.720378
1.248303 1.739273
0.545424 -0.112259
1.316359 1.676046
1.281112 1.719458
1.238740 1.747648
1.284902 1.675296
1.290966 1.661965
1.324378 1.684392
1.406229 1.569005
1.411764 1.581897
1.307319 1.563215
1.393823 1.550271
0.590601 -0.195871
1.426591 1.532099
1.413479 1.527756
1.387267 1.496898
1.442793 1.540874
1.415098 1.504023
1.416388 1.527591
1.463088 1.444046
1.451248 1.442912
1.484673 1.470642
1.501666 1.403992
0.539700 -0.103049
1.475853 1.345907
1.491276 1.336513
1.500963 1.308934
1.481893 1.303859
1.498107 1.326219
1.527612 1.261391
1.489551 1.256770
1.532943 1.220924
1.523573 1.222675
1.543587 1.181294
0.625622 -0.243021
1.521159 1.208756
1.528996 1.166006
1.503177 1.150530
1.522133 1.131370
1.538958 1.127701
1.484389 1.070913
1.505069 1.112437
1.520315 1.051823
1.495559 1.000927
1.502667 1.032316
0.584884 -0.217464
1.454529 1.023883
1.441585 0.940764
1.437475 0.939853
1.400165 0.884166
1.416316 0.920282
1.434419 0.910850
1.382996 0.852400
1.439357 0.876585
1.367271 0.866072
1.374911 0.856367
0.582431 -0.269052
1.311915 0.761036
1.297851 0.792164
1.278052 0.800398
1.264627 0.752041
1.327873 0.774884
1.268340 0.755067
1.231986 0.746390
1.179570 0.708179
1.181670 0.692729
1.143506 0.686985
0.627747 -0.268737
1.183384 0.674925
1.099045 0.659077
1.098408 0.661473
1.067102 0.684745
1.039164 0.602382
1.082665 0.659560
1.064258 0.641049
0.975325 0.608557
0.997544 0.622738
0.986753 0.577727
0.627713 -0.259074
0.962232 0.605422
0.946129 0.629585
0.867915 0.554660
0.868043 0.615866
0.876855 0.548135
0.814841 0.548501
0.750305 0.509568
0.823138 0.541649
0.786582 0.533119
0.751939 0.497145
0.627235 -0.262753
0.672335 0.493030
0.615999 0.501309
0.668534 0.445646
0.583879 0.461123
0.463293 0.456438
0.474930 0.475410
0.455676 0.395417
0.428442 0.429517
0.383719 0.388939
0.398946 0.407157
-0.058725 0.751260
0.668829 -0.296603
0.318283 0.349266
0.401209 0.414920
0.316157 0.376730
0.251315 0.327068
0.207823 0.352197
0.006091 0.258175
0.062193 0.275960
0.136406 0.313867
0.023256 0.290067
0.012042 0.282509
0.675791 -0.313194
-0.098170 0.240178
-0.120200 0.214089
-0.066493 0.232911
-0.205702 0.217025
-0.247776 0.192995
-0.116543 0.243236
-0.304173 0.203139
-0.352260 0.185957
-0.472467 0.171321
-0.490333 0.185562
0.738461 -0.357126
-0.522226 0.159709
-0.503410 0.166059
-0.485711 0.167422
-0.641439 0.119525
-0.665493 0.107926
-0.793820 0.052417
-0.700929 0.065317
-0.764660 0.152969
-0.713798 0.091122
-0.747810 0.091073
0.667463 -0.312137
-0.751844 0.094251
-0.851280 0.077949
-0.972823 0.026385
-0.859840 0.089418
-0.962435 0.014250
-1.133577 -0.026160
-0.933829 0.039870
-1.177577 -0.056434
-1.161806 -0.038701
-1.158691 -0.048821
0.767752 -0.423209
-1.307035 -0.129466
-1.240195 -0.048286
-1.243558 -0.062899
-1.332461 -0.087361
-1.293093 -0.064303
-1.506412 -0.116589
-1.336466 -0.112624
-1.411211 -0.137070
-1.537020 -0.123327
-1.539720 -0.163578
0.704079 -0.369349
-1.604702 -0.152488
-1.567734 -0.130173
-1.572542 -0.154394
-1.628078 -0.135854
-1.690389 -0.165658
-1.759462 -0.122275
-1.810730 -0.175500
-1.690278 -0.164917
-1.820310 -0.179258
-1.804357 -0.187518
0.748386 -0.396423
-1.761775 -0.137259
-1.868834 -0.174162
-1.866621 -0.179200
-1.892879 -0.198675
-1.933949 -0.184334
-2.027802 -0.224171
-2.016143 -0.205813
-1.986679 -0.214303
-2.122141 -0.226638
-2.169238 -0.223023
0.805087 -0.452681
-2.105477 -0.194621
-2.198234 -0.236022
-2.241797 -0.264912
-2.226123 -0.261246
-2.171364 -0.247960
-2.326036 -0.268843
-2.337653 -0.256883
-2.350692 -0.293040
-2.354168 -0.286328
-2.336354 -0.267108
0.805857 -0.452228
-2.481743 -0.339435
-2.387146 -0.289637
-2.443303 -0.327124
-2.426999 -0.357384
-2.468288 -0.305179
-2.509189 -0.324317
-2.513633 -0.352468
-2.567984 -0.383760
-2.582937 -0.380836
-2.574996 -0.397325
0.784552 -0.433675
-2.640154 -0.435755
-2.651249 -0.438219
-2.636275 -0.445468
-2.634917 -0.511146
-2.734839 -0.496279
-2.666255 -0.451626
-2.691549 -0.457906
-2.735886 -0.525848
-2.731169 -0.509603
-2.740875 -0.508944
-0.023910 0.724537
0.786293 -0.436278
-2.781533 -0.550807
-2.798580 -0.568133
-2.825386 -0.590988
-2.826308 -0.579863
-2.866981 -0.650698
-2.792702 -0.583308
-2.878945 -0.704403
-2.892556 -0.721921
-2.840935 -0.660848
-2.884858 -0.656274
0.837382 -0.487171
-2.879499 -0.713670
-2.893940 -0.746094
-2.949492 -0.845922
-2.948915 -0.835893
-2.929056 -0.804756
-2.897457 -0.826118
-2.928232 -0.800646
-2.929500 -0.845250
-2.915490 -0.859468
-2.978406 -0.954206
0.813668 -0.464992
-2.928470 -0.855086
-2.955605 -0.945668
-2.960405 -0.998374
-2.982526 -1.022765
-2.993284 -0.994673
-2.944448 -1.040595
-2.961529 -1.129112
-2.928231 -1.110839
-2.973612 -1.090308
-2.924078 -1.152126
0.836320 -0.497898
-2.934135 -1.200509
-2.933621 -1.206989
-2.939084 -1.192557
-2.931868 -1.216493
-2.909645 -1.284998
-2.907904 -1.268555
-2.866503 -1.354515
-2.893165 -1.284955
-2.870473 -1.318650
-2.873391 -1.326905
0.850192 -0.517237
-2.891746 -1.326449
-2.877648 -1.342711
-2.817325 -1.412683
-2.844125 -1.408296
-2.858091 -1.400797
-2.849304 -1.398563
-2.779872 -1.509994
-2.763793 -1.526376
-2.754395 -1.550939
-2.745497 -1.533449
0.907511 -0.574088
-2.718083 -1.564091
-2.749593 -1.537568
-2.723379 -1.557660
-2.657131 -1.637344
-2.706634 -1.573934
-2.634421 -1.612704
-2.643001 -1.653446
-2.714210 -1.576545
-2.577551 -1.670928
-2.600359 -1.673507
0.901698 -0.547065
-2.609886 -1.657237
-2.590391 -1.655220
-2.554518 -1.609149
-2.534252 -1.706399
-2.491229 -1.704107
-2.489346 -1.714913
-2.566884 -1.667725
-2.416234 -1.768718
-2.457042 -1.761064
-2.417078 -1.735640
0.907965 -0.601293
-2.342576 -1.790926
-2.349617 -1.781531
-2.313743 -1.717792
-2.398592 -1.745740
-2.270071 -1.787889
-2.326964 -1.750353
-2.251624 -1.779519
-2.186471 -1.816841
-2.192978 -1.800969
-2.228559 -1.742891
0.949610 -0.625145
-2.150690 -1.820642
-2.113435 -1.778154
-2.098204 -1.795263
-2.116690 -1.771694
-2.114279 -1.768694
-2.119613 -1.772589
-2.073734 -1.786094
-2.019502 -1.760286
-2.020333 -1.763301
-1.973760 -1.758242
0.896750 -0.563838
-1.994056 -1.774414
-2.024624 -1.739225
-1.978043 -1.775375
-1.983512 -1.706213
-1.918238 -1.712362
-1.913173 -1.721007
-1.878567 -1.696518
-1.871125 -1.690435
-1.883486 -1.718629
-1.886502 -1.701385
0.000242 0.798427
0.921314 -0.606174
-1.751457 -1.591061
-1.811455 -1.638330
-1.803504 -1.612614
-1.733275 -1.590176
-1.746765 -1.581144
-1.721485 -1.559998
-1.750777 -1.582156
-1.687368 -1.519479
-1.687598 -1.482228
-1.646594 -1.445093
0.906423 -0.534473
-1.637386 -1.434810
-1.589554 -1.396878
-1.623142 -1.464257
-1.621102 -1.332154
-1.600463 -1.387942
-1.588745 -1.332046
-1.584765 -1.335039
-1.519168 -1.280638
-1.569524 -1.288646
-1.554208 -1.197879
0.998661 -0.680825
-1.565007 -1.257642
-1.544629 -1.227402
-1.495412 -1.193306
-1.524573 -1.197139
-1.563678 -1.190309
-1.501926 -1.155126
-1.514655 -1.165663
-1.500292 -1.054617
-1.503343 -1.051352
-1.515947 -1.081737
0.936570 -0.690638
-1.396386 -0.994110
-1.498763 -1.050387
-1.475748 -0.970799
-1.505368 -1.012633
-1.484503 -0.991120
-1.469146 -0.952182
-1.474702 -0.874362
-1.453855 -0.816903
-1.460115 -0.873624
-1.426800 -0.777345
0.997158 -0.719695
-1.457061 -0.779045
-1.455447 -0.810560
-1.449410 -0.702872
-1.441010 -0.698024
-1.451391 -0.624870
-1.445558 -0.599108
-1.455866 -0.644904
-1.411988 -0.649622
-1.446831 -0.630274
-1.454643 -0.574981
1.006088 -0.775579
-1.448011 -0.527920
-1.444656 -0.525210
-1.447948 -0.444465
-1.389754 -0.458689
-1.438729 -0.371088
-1.461288 -0.390615
-1.457449 -0.343909
-1.460336 -0.391635
-1.447672 -0.258903
-1.417772 -0.334722
0.990985 -0.717917
-1.438374 -0.259308
-1.468577 -0.188553
-1.443036 -0.149339
-1.441863 -0.088032
-1.489713 -0.006266
-1.469821 -0.091523
-1.505825 -0.004432
-1.472127 0.039119
-1.504519 0.159416
-1.500143 0.021604
0.986045 -0.762257
-1.518914 0.212025
-1.489368 0.192834
-1.524706 0.273456
-1.541053 0.247071
-1.508061 0.304123
-1.527216 0.270189
-1.533133 0.258043
-1.552008 0.308054
-1.580333 0.360237
-1.531806 0.357383
1.047225 -0.800778
-1.551676 0.470767
-1.589330 0.408929
-1.606904 0.415067
-1.568906 0.410131
-1.584571 0.417285
-1.621896 0.506154
-1.624872 0.487479
-1.629586 0.467983
-1.671446 0.510531
-1.672568 0.532053
1.034890 -0.813774
-1.665880 0.548334
-1.614713 0.588622
-1.695032 0.622334
-1.714125 0.624046
-1.616710 0.633385
-1.757247 0.623336
-1.777265 0.669443
-1.765924 0.658133
-1.831233 0.719149
-1.787505 0.684904
0.061991 0.689691
1.030446 -0.795754
-1.795903 0.721174
-1.786728 0.741899
-1.781752 0.733720
-1.852203 0.717315
-1.733860 0.761220
-1.884541 0.771164
-1.895404 0.780621
-1.837031 0.747370
-1.941895 0.843809
-1.972034 0.798326
1.043940 -0.839007
-1.944265 0.874833
-1.796586 0.862938
-1.950690 0.860657
-1.943352 0.860726
-1.961340 0.851719
-1.977666 0.899114
-1.996150 0.929106
-1.994518 0.879378
-2.007142 0.963931
-2.036340 1.000295
1.081496 -0.872285
-2.009569 0.958163
-2.062255 1.005208
-2.036975 1.077307
-2.041440 1.010181
-2.073627 1.072264
-2.067221 1.062976
-2.077116 1.101086
-2.104654 1.167260
-2.106430 1.132026
-2.114607 1.144029
1.063369 -0.877895
-2.124656 1.190478
-2.130792 1.230885
-2.113704 1.201184
-2.098336 1.253133
-2.110667 1.189348
-2.122296 1.273567
-2.146884 1.279947
-2.099275 1.320158
-2.082022 1.325125
-2.125372 1.308578
1.066470 -0.932000
-2.109425 1.343786
-2.087216 1.378771
-2.041189 1.315678
-2.090780 1.427778
-2.093243 1.432310
-2.057095 1.449537
-2.096436 1.459376
-2.089446 1.467947
-2.011007 1.516806
-2.013550 1.526330
1.053426 -0.882877
-2.039913 1.535766
-2.052052 1.586767
-2.027323 1.643847
-2.052434 1.543030
-2.030616 1.614098
-2.011557 1.627042
-2.021722 1.646043
-2.012043 1.661988
-1.964116 1.725244
-1.990845 1.768441
1.072028 -0.878847
-1.978010 1.734195
-1.958568 1.804409
-1.959576 1.875473
-1.964763 1.805870
-1.960606 1.826916
-1.962510 1.836724
-1.928868 1.896177
-1.926306 1.913738
-1.958593 1.929980
-1.919835 1.929678
1.055050 -0.965779
-1.906225 1.975808
-1.896666 1.964276
-1.870535 2.048729
-1.891879 2.011420
-1.898785 2.018514
-1.813744 2.143313
-1.835366 2.094567
-1.776065 2.101759
-1.841048 2.110981
-1.824465 2.106241
1.125106 -0.988598
-1.810903 2.131298
-1.839683 2.100229
-1.770734 2.187406
-1.769804 2.192907
-1.710727 2.219946
-1.731906 2.201611
-1.714072 2.247817
-1.728750 2.235109
-1.669730 2.218929
-1.644281 2.319651
1.103836 -1.021610
-1.701076 2.276782
-1.670238 2.300727
-1.626233 2.325261
-1.662545 2.296875
-1.531807 2.391635
-1.601852 2.355080
-1.557000 2.381551
-1.584763 2.339428
-1.500390 2.404518
-1.497730 2.394175
0.082089 0.638779
1.075450 -1.003493
-1.529871 2.395296
-1.479669 2.382650
-1.487732 2.470351
-1.394020 2.474860
-1.399958 2.420310
-1.475273 2.422799
-1.340861 2.392630
-1.364336 2.404269
-1.280704 2.487969
-1.307292 2.453789
1.035967 -1.085620
-1.288633 2.498708
-1.293335 2.478561
-1.242065 2.479405
-1.226658 2.453619
-1.250099 2.470354
-1.151893 2.490888
-1.197093 2.507736
-1.127794 2.539302
-1.114776 2.506073
-1.129936 2.424970
1.082673 -1.042407
-1.111410 2.494132
-1.115338 2.507031
-1.059408 2.482607
-1.068105 2.477988
-0.990247 2.444084
-0.986617 2.417651
-0.968964 2.448468
-0.945114 2.424406
-0.904405 2.402017
-0.952782 2.423135
1.089166 -1.021206
-0.919832 2.400965
-0.953070 2.443213
-0.894982 2.378213
-0.892897 2.392635
-0.829610 2.324587
-0.870956 2.332560
-0.827641 2.303946
-0.812770 2.295298
-0.843830 2.263481
-0.829029 2.305425
1.075484 -1.148554
-0.768315 2.219518
-0.770647 2.247980
-0.768668 2.149627
-0.796618 2.188351
-0.782640 2.170131
-0.759743 2.185385
-0.758904 2.156555
-0.726164 2.133374
-0.675263 2.042879
-0.709095 2.071382
1.091941 -1.131486
-0.689968 2.039685
-0.734522 1.976354
-0.711486 1.973190
-0.683279 2.017745
-0.675176 1.946837
-0.652159 1.979075
-0.685503 2.000830
-0.661753 1.897518
-0.709352 1.792933
-0.662396 1.864396
1.099032 -1.199317
-0.677061 1.831040
-0.661392 1.785643
-0.665555 1.850784
-0.636298 1.788956
-0.625745 1.763922
-0.662290 1.770447
-0.601038 1.727680
-0.648349 1.719357
-0.607821 1.696839
-0.551788 1.637592
1.107673 -1.180560
-0.607732 1.671863
-0.552232 1.601411
-0.523470 1.554811
-0.528458 1.539426
-0.531737 1.570591
-0.532230 1.531126
-0.518829 1.521288
-0.483680 1.447637
-0.484454 1.520009
-0.482217 1.471582
1.123971 -1.180862
-0.466778 1.429986
-0.443657 1.379459
-0.427096 1.364670
-0.441613 1.377759
-0.435721 1.371539
-0.437992 1.308143
-0.426779 1.328372
-0.369748 1.228535
-0.434565 1.299279
-0.376378 1.303188
1.123622 -1.195953
-0.296125 1.218911
-0.335632 1.150533
-0.367420 1.221856
-0.318450 1.136826
-0.366381 1.135807
-0.235062 1.027748
-0.221417 1.056889
-0.246300 1.054746
-0.272944 1.001903
-0.201741 0.964515
