300 2
0.055453 2.068312
0.090657 2.034856
0.499489 1.794260
0.291631 -2.032281
0.200344 -2.152661
0.180167 -2.154320
0.177579 -2.168380
0.148164 -2.196897
0.128058 -2.218407
0.064774 -2.263081
-0.066131 -2.391294
-0.024349 -2.354012
-0.020957 -2.343834
0.494693 1.797086
-0.042640 -2.332803
-0.124977 -2.400367
-0.162666 -2.459246
-0.225547 -2.477833
-0.168806 -2.419611
-0.276033 -2.489509
-0.293650 -2.490615
-0.405425 -2.585780
-0.463258 -2.558735
-0.465748 -2.570143
0.487133 1.776117
-0.476525 -2.562226
-0.542887 -2.569004
-0.570961 -2.593184
-0.633356 -2.608442
-0.654802 -2.595753
-0.603322 -2.666835
-0.693722 -2.651477
-0.785050 -2.617730
-0.818706 -2.648551
-0.811963 -2.661420
0.480038 1.831495
-0.908218 -2.668478
-1.022203 -2.648487
-1.082823 -2.644245
-1.089406 -2.651492
-1.088806 -2.639854
-1.145413 -2.648441
-1.205297 -2.621344
-1.282195 -2.636929
-1.239169 -2.612169
-1.339314 -2.580046
0.622343 1.677991
-1.280384 -2.604160
-1.349634 -2.622385
-1.461814 -2.601634
-1.515890 -2.590234
-1.552379 -2.517770
-1.611162 -2.565963
-1.622275 -2.547219
-1.692311 -2.533014
-1.716237 -2.500859
-1.704447 -2.510247
0.725610 1.586322
-1.773321 -2.501973
-1.807872 -2.490385
-1.950852 -2.421768
-1.973763 -2.431515
-1.958547 -2.411717
-2.056328 -2.322333
-2.116254 -2.321839
-2.134896 -2.320587
-2.193360 -2.305066
-2.113651 -2.353190
0.606973 1.681041
-2.263197 -2.233776
-2.230520 -2.259582
-2.275492 -2.201743
-2.290387 -2.211108
-2.390770 -2.117767
-2.386675 -2.130752
-2.405727 -2.125978
-2.375528 -2.158700
-2.491545 -2.041641
-2.417130 -2.085336
0.649072 1.649083
-2.491239 -2.032158
-2.520621 -2.005004
-2.569197 -1.884803
-2.667387 -1.781783
-2.635514 -1.888982
-2.633948 -1.799155
-2.722391 -1.716294
-2.579660 -1.820662
-2.710099 -1.654169
-2.767114 -1.555690
0.736260 1.510138
-2.717155 -1.634921
-2.771209 -1.563739
-2.789313 -1.468635
-2.809153 -1.449626
-2.773224 -1.484049
-2.821409 -1.483213
-2.829293 -1.296245
-2.824418 -1.312586
-2.861668 -1.222265
-2.828346 -1.119283
0.653463 1.613324
-2.855081 -1.082200
-2.931264 -1.001816
-2.905218 -1.083331
-2.804225 -1.094957
-2.888186 -0.893687
-2.936962 -0.891775
-2.884210 -0.783763
-2.854838 -0.737390
-2.909417 -0.678959
-2.865083 -0.702186
0.168745 2.017153
0.767451 1.519507
-2.945614 -0.534031
-2.917544 -0.605141
-2.879299 -0.553571
-2.850996 -0.523835
-2.920341 -0.454990
-2.866699 -0.345118
-2.900193 -0.420638
-2.874060 -0.225195
-2.903518 -0.174431
-2.955860 -0.231308
0.752085 1.477619
-2.884003 -0.137128
-2.886050 -0.102192
-2.904559 0.150991
-2.887422 0.064949
-2.884384 0.160772
-2.874249 0.099101
-2.906467 0.148575
-2.834851 0.310267
-2.863300 0.237306
-2.832511 0.404239
0.773107 1.484618
-2.864317 0.438046
-2.834048 0.493724
-2.808982 0.526278
-2.801877 0.538863
-2.862261 0.600409
-2.759556 0.551867
-2.750857 0.609279
-2.743382 0.779583
-2.751080 0.722461
-2.696905 0.832482
0.757554 1.497516
-2.706739 0.802382
-2.693152 0.830029
-2.599540 1.010634
-2.659207 0.951606
-2.652615 0.964792
-2.625398 1.002181
-2.585103 1.133109
-2.509746 1.171091
-2.529675 1.150341
-2.496578 1.207031
0.828815 1.379847
-2.469343 1.231229
-2.446111 1.340822
-2.462443 1.325237
-2.415159 1.375776
-2.317583 1.400995
-2.286938 1.443471
-2.266639 1.488992
-2.239365 1.484257
-2.226485 1.531411
-2.237741 1.462573
0.857538 1.256332
-2.134386 1.615723
-2.096237 1.690172
-2.125843 1.586592
-2.084655 1.680616
-1.987314 1.727197
-1.941957 1.762231
-2.055242 1.696372
-1.950667 1.718366
-1.884285 1.790189
-1.887249 1.768906
0.781531 1.265923
-1.846181 1.836647
-1.804469 1.843040
-1.675375 1.904499
-1.662833 1.877887
-1.605050 1.929038
-1.602049 1.920927
-1.537752 1.940213
-1.425675 1.969052
-1.387410 2.025843
-1.415141 2.001597
0.880921 1.272549
-1.398278 2.013384
-1.355576 2.026845
-1.314246 2.028353
-1.209748 2.033639
-1.113221 2.088332
-1.134616 2.065500
-1.204321 2.103091
-1.028461 2.113298
-0.871777 2.112686
-0.927428 2.073707
0.893985 1.157795
-0.805417 2.119937
-0.831770 2.110198
-0.688635 2.157501
-0.758994 2.150290
-0.618193 2.140793
-0.616819 2.147464
-0.544962 2.148767
-0.444724 2.144367
-0.493482 2.126412
-0.499877 2.154541
0.876392 1.119056
-0.403049 2.170710
-0.367624 2.080958
-0.267828 2.132052
-0.179858 2.133378
-0.226128 2.112125
-0.126017 2.099425
-0.095617 2.106968
0.070481 2.084642
-0.052125 2.049675
-0.026243 2.056149
0.204181 1.994955
0.934052 1.044232
0.904556 0.998745
0.937519 0.950062
0.884572 1.023094
0.980878 0.925722
0.959176 0.970247
0.956187 0.873527
0.936988 0.813965
0.940889 0.862189
0.922146 0.646246
0.245496 1.954278
0.993457 0.732519
0.972236 0.555338
0.965217 0.467193
0.967661 0.529021
0.964318 0.498597
0.958441 0.314416
0.965025 0.242429
0.940472 0.316026
0.950987 0.115803
0.947196 0.223810
0.281337 1.954523
0.914028 0.148473
0.924127 0.103579
0.984869 0.079023
0.979157 0.057891
0.927649 -0.030679
0.904525 -0.052498
0.868686 -0.239131
0.871663 -0.214567
0.900609 -0.141847
0.841129 -0.392639
0.363492 1.895992
0.849853 -0.335834
0.857892 -0.415999
0.864171 -0.391065
0.814764 -0.512501
0.775917 -0.517699
0.833121 -0.608176
0.796323 -0.657650
0.780217 -0.694112
0.805272 -0.654477
0.764842 -0.644035
0.249002 1.978988
0.736189 -0.789526
0.756411 -0.806479
0.752305 -0.833942
0.746656 -0.910414
0.683734 -0.971271
0.714833 -1.045835
0.688362 -1.042529
0.718415 -1.099414
0.632094 -1.252461
0.651048 -1.221328
0.358339 1.921215
0.606778 -1.279312
0.583974 -1.480927
0.621938 -1.304850
0.586582 -1.438285
0.565778 -1.508518
0.601449 -1.414030
0.532023 -1.608589
0.483750 -1.584931
0.491205 -1.626648
0.532693 -1.559848
0.405565 1.865331
0.467061 -1.723312
0.495466 -1.763676
0.405439 -1.817276
0.388650 -1.800550
0.429491 -1.837938
0.428277 -1.865279
0.285096 -1.979638
0.268521 -1.965795
0.379939 -1.932541
0.312082 -2.021569
