300 2
-0.888265 -0.822684
-0.837441 -0.880338
-0.654789 -1.205132
2.111854 -0.391256
2.100385 -0.383609
2.117014 -0.386532
2.096735 -0.332006
2.051360 -0.247929
2.078880 -0.224152
2.075191 -0.059024
2.111463 -0.224869
2.052291 -0.118865
1.993666 0.003975
-0.656402 -1.224629
2.057864 -0.098802
2.010962 -0.011707
2.066960 0.085213
1.993870 0.119552
2.020074 0.093079
1.963745 0.198491
1.958714 0.306267
1.995641 0.267685
1.906744 0.409296
1.927449 0.418395
-0.566098 -1.283469
1.911924 0.517525
1.892754 0.492139
1.862704 0.610302
1.916092 0.552825
1.916339 0.558021
1.855543 0.639693
1.791248 0.718598
1.832204 0.722733
1.766066 0.778454
1.801035 0.827425
-0.512161 -1.353391
1.748924 0.862503
1.851716 0.978137
1.727902 0.966398
1.711555 1.003072
1.685336 0.980938
1.657299 1.044301
1.713561 1.117226
1.627211 1.227463
1.652067 1.191749
1.678385 1.266373
-0.430516 -1.429262
1.580935 1.163943
1.632150 1.290400
1.640316 1.329080
1.595274 1.436068
1.567247 1.383421
1.566169 1.479078
1.522397 1.610505
1.569263 1.534606
1.486480 1.726535
1.521058 1.588804
-0.438531 -1.428353
1.533132 1.588415
1.478909 1.738691
1.485270 1.753965
1.451509 1.871106
1.441960 1.884914
1.414697 1.961889
1.409109 1.964693
1.367025 2.055029
1.399078 2.100232
1.344186 2.094998
-0.530517 -1.342313
1.363841 2.227908
1.308083 2.251898
1.288163 2.144399
1.332836 2.283479
1.240590 2.351192
1.342454 2.308028
1.269463 2.373370
1.265761 2.386156
1.207221 2.550955
1.185778 2.470767
-0.414584 -1.454331
1.133883 2.605280
1.118687 2.593226
1.129532 2.571496
1.061161 2.679533
1.128035 2.620979
1.011254 2.713126
0.986235 2.756361
1.027095 2.696765
0.862809 2.871490
0.850520 2.834794
-0.342568 -1.492783
0.911613 2.836813
0.840714 2.862815
0.738903 2.875810
0.690741 2.903306
0.832648 2.830051
0.689613 2.902902
0.576259 2.966961
0.639548 2.940528
0.472038 2.991158
0.538013 2.952862
-0.298297 -1.526616
0.421977 2.984399
0.387911 2.997340
0.257670 3.020287
0.313436 2.984169
0.313826 3.024648
0.226023 3.063923
0.153810 3.031484
0.158269 3.034888
0.093624 3.028917
0.117638 3.011474
-0.870882 -0.856607
-0.246942 -1.575890
0.037689 2.999490
0.039507 3.096984
-0.100642 3.009668
-0.092171 3.039998
-0.168842 3.006056
-0.195578 3.024960
-0.373706 2.999147
-0.291753 3.014711
-0.266333 2.997420
-0.366726 3.003205
-0.209840 -1.642077
-0.436221 2.979172
-0.502268 2.967309
-0.513807 2.971932
-0.501828 2.966411
-0.611621 2.916308
-0.705992 2.898607
-0.654868 2.888728
-0.668598 2.874377
-0.753698 2.816778
-0.810614 2.797183
-0.200490 -1.658622
-0.820955 2.785542
-0.850229 2.772360
-0.960247 2.664956
-1.012462 2.631299
-0.995831 2.644138
-0.985491 2.639136
-1.103276 2.528814
-1.044347 2.609205
-1.138890 2.481607
-1.145022 2.487517
-0.181619 -1.611150
-1.110238 2.459615
-1.155055 2.418493
-1.176180 2.408515
-1.213578 2.354245
-1.267708 2.304132
-1.261007 2.235027
-1.305256 2.177843
-1.266159 2.125845
-1.361638 1.996308
-1.321481 2.096636
-0.092560 -1.644202
-1.368380 1.995120
-1.396098 1.881099
-1.386584 1.925350
-1.345106 1.882883
-1.408599 1.727460
-1.374257 1.765381
-1.416435 1.742896
-1.374035 1.752167
-1.421059 1.666564
-1.426902 1.592766
-0.089066 -1.646515
-1.410131 1.540081
-1.425813 1.553496
-1.426709 1.456981
-1.424280 1.385858
-1.413685 1.272327
-1.428129 1.251316
-1.409048 1.164837
-1.398288 1.107539
-1.431804 1.098779
-1.412815 1.098461
-0.066378 -1.710743
-1.383286 1.055584
-1.399086 0.920134
-1.395971 0.891987
-1.388796 0.853383
-1.398283 0.885136
-1.365968 0.766206
-1.369393 0.759253
-1.386155 0.638189
-1.368181 0.680519
-1.344134 0.597767
-0.148310 -1.646824
-1.334337 0.666247
-1.346339 0.590744
-1.356363 0.477369
-1.297729 0.322843
-1.311507 0.370548
-1.280644 0.216824
-1.278658 0.248015
-1.273316 0.184466
-1.288102 0.156083
-1.211852 0.045553
0.013086 -1.767846
-1.255544 0.097356
-1.195717 -0.098386
-1.228152 0.027780
-1.206552 -0.066072
-1.175846 -0.128528
-1.167077 -0.233874
-1.135013 -0.228429
-1.143138 -0.280912
-1.120820 -0.298825
-1.118243 -0.391978
0.091234 -1.785449
-1.080967 -0.467327
-1.035034 -0.484740
-1.055482 -0.482063
-1.056322 -0.509671
-1.026850 -0.563110
-0.995609 -0.661016
-1.005032 -0.660289
-0.975497 -0.663703
-0.996337 -0.758043
-0.876264 -0.776772
-0.850446 -0.917549
0.116927 -1.775351
0.223687 -1.845895
0.147135 -1.775441
0.226500 -1.877562
0.198178 -1.832528
0.340459 -1.901878
0.296580 -1.835195
0.355572 -1.876186
0.412748 -1.914370
0.418491 -1.933476
-0.756778 -0.968058
0.571535 -1.933007
0.538440 -1.933248
0.608631 -1.945884
0.554073 -1.952385
0.697205 -1.958382
0.773197 -1.975759
0.823461 -1.975574
0.839312 -1.983072
0.906027 -1.959069
0.979259 -1.984789
-0.779031 -1.022541
0.945928 -1.964545
0.992943 -1.951218
1.044584 -1.985507
1.087870 -1.967008
1.151545 -1.978620
1.259817 -1.953098
1.267931 -1.942053
1.287617 -1.920586
1.400396 -1.883743
1.340863 -1.883658
-0.744655 -1.073509
1.420250 -1.842409
1.482450 -1.878781
1.454636 -1.855996
1.478518 -1.846812
1.547530 -1.837027
1.528301 -1.805429
1.650211 -1.729645
1.687299 -1.681044
1.706739 -1.687114
1.710203 -1.669510
-0.681934 -1.187412
1.720408 -1.674365
1.755738 -1.628617
1.766582 -1.578494
1.838594 -1.516706
1.821058 -1.501989
1.863309 -1.506866
1.870858 -1.476154
1.934786 -1.367622
1.894362 -1.401701
1.918847 -1.335302
-0.647622 -1.157095
1.942355 -1.244676
1.969540 -1.202369
2.005106 -1.209778
2.019848 -1.135760
2.031527 -0.995045
2.023141 -1.074083
2.050699 -1.021636
2.000064 -0.892779
2.075083 -1.008196
2.068147 -0.826022
-0.604952 -1.225889
2.066292 -0.845288
2.100061 -0.766677
2.100419 -0.731719
2.107691 -0.696847
2.149825 -0.666708
2.109467 -0.606673
2.058857 -0.627226
2.070675 -0.596216
2.097558 -0.475756
2.121027 -0.502262
