300 2
-0.163792 -1.168674
-0.070579 -1.073182
0.227059 -0.940403
0.091895 2.421329
0.105737 2.434242
0.012763 2.463748
-0.023821 2.479353
-0.075983 2.506194
-0.085229 2.512990
-0.131317 2.531613
-0.151824 2.549868
-0.211985 2.565995
-0.274848 2.600522
0.211027 -0.954535
-0.135677 2.503095
-0.366017 2.603724
-0.477696 2.623638
-0.535444 2.629558
-0.382866 2.648017
-0.594222 2.668612
-0.626674 2.650961
-0.596214 2.663109
-0.652464 2.658139
-0.786640 2.691491
0.302807 -0.900494
-0.741063 2.698990
-0.797114 2.708218
-0.956616 2.728613
-0.899533 2.706033
-0.933443 2.696668
-1.029147 2.713101
-1.121458 2.703831
-1.191226 2.720871
-1.281505 2.744364
-1.214844 2.742597
0.347688 -0.872382
-1.334399 2.738645
-1.394225 2.697070
-1.385904 2.688638
-1.444268 2.736018
-1.537728 2.695636
-1.540632 2.751547
-1.614494 2.738317
-1.629402 2.708225
-1.560942 2.674139
-1.753328 2.685196
0.359878 -0.853719
-1.707925 2.599875
-1.711615 2.633233
-1.851743 2.703135
-1.931606 2.658189
-1.900096 2.620413
-2.023109 2.609462
-1.950660 2.617286
-2.091768 2.582190
-2.082278 2.596978
-2.122875 2.539828
0.483180 -0.817760
-2.152548 2.559631
-2.193442 2.525167
-2.190352 2.543098
-2.408540 2.425877
-2.364538 2.395198
-2.346105 2.465488
-2.441094 2.388273
-2.514673 2.317355
-2.492180 2.391969
-2.552086 2.361283
0.422930 -0.842647
-2.594170 2.328627
-2.684705 2.225265
-2.604357 2.313533
-2.737014 2.223571
-2.753782 2.204372
-2.796448 2.196471
-2.750409 2.249203
-2.811687 2.167285
-2.829062 2.124614
-2.866717 2.075964
0.456238 -0.808294
-2.849565 2.099634
-2.932277 2.017256
-2.970870 1.940850
-2.994856 1.943938
-3.016073 1.866404
-3.042667 1.833259
-3.027296 1.893609
-3.026355 1.831511
-3.070368 1.752375
-3.157052 1.581892
0.512017 -0.775382
-3.142496 1.566401
-3.201117 1.485625
-3.169635 1.551099
-3.229550 1.428572
-3.238006 1.379178
-3.221218 1.422269
-3.263938 1.341008
-3.243992 1.335850
-3.302267 1.260171
-3.269354 1.210756
0.493164 -0.766577
-3.315741 1.162787
-3.310253 1.133868
-3.303065 0.995122
-3.338444 1.066208
-3.327269 1.034610
-3.314066 0.933040
-3.336077 1.026356
-3.312946 0.805917
-3.343096 0.848435
-3.342270 0.835120
-0.136873 -1.140021
0.619656 -0.687305
-3.348774 0.652152
-3.374899 0.641623
-3.395609 0.551206
-3.441543 0.550088
-3.375655 0.588790
-3.370647 0.450372
-3.376095 0.411778
-3.394171 0.374536
-3.392664 0.325238
-3.402946 0.345653
0.720064 -0.581155
-3.412257 0.323154
-3.390422 0.226896
-3.400377 0.220291
-3.374618 -0.009439
-3.411342 0.035998
-3.362824 0.115776
-3.367592 -0.071324
-3.344918 -0.020869
-3.362294 -0.111080
-3.395079 -0.207427
0.650056 -0.658587
-3.335026 -0.295111
-3.338474 -0.244795
-3.304461 -0.315457
-3.303394 -0.366310
-3.248869 -0.501715
-3.272743 -0.437295
-3.249480 -0.525607
-3.253508 -0.482548
-3.243947 -0.512060
-3.205716 -0.595874
0.726165 -0.554936
-3.131186 -0.649401
-3.122437 -0.754547
-3.114947 -0.756097
-3.010231 -0.851583
-3.064550 -0.834799
-3.091147 -0.806713
-2.979300 -0.913374
-2.961248 -0.953274
-3.012906 -0.927918
-2.877487 -1.054533
0.692874 -0.600970
-2.861972 -1.032834
-2.897563 -0.990894
-2.779980 -1.094487
-2.802435 -1.090997
-2.709676 -1.135374
-2.738312 -1.126672
-2.671434 -1.140755
-2.653210 -1.170492
-2.565283 -1.226258
-2.527212 -1.225356
0.757433 -0.533688
-2.550963 -1.210437
-2.407206 -1.258095
-2.346252 -1.296735
-2.385831 -1.307266
-2.308155 -1.280743
-2.174715 -1.413066
-2.231575 -1.317986
-2.058451 -1.390433
-2.147255 -1.363107
-2.117262 -1.378711
0.883860 -0.513174
-2.074714 -1.424242
-1.986647 -1.393448
-1.975492 -1.384053
-1.899726 -1.402241
-1.901395 -1.380530
-1.824470 -1.418405
-1.864477 -1.457560
-1.745402 -1.445285
-1.581567 -1.448334
-1.621552 -1.465014
0.798163 -0.500330
-1.517645 -1.446885
-1.502721 -1.438849
-1.535034 -1.439117
-1.385050 -1.443919
-1.396563 -1.468439
-1.274506 -1.447574
-1.314370 -1.458906
-1.172951 -1.468491
-1.331290 -1.362338
-1.150470 -1.411873
0.876284 -0.398246
-1.023941 -1.409228
-0.996329 -1.410695
-1.012423 -1.422279
-0.880399 -1.389622
-0.817142 -1.367646
-0.706946 -1.359581
-0.738279 -1.342439
-0.816084 -1.371505
-0.593396 -1.296479
-0.608165 -1.326269
0.832839 -0.459432
-0.551749 -1.302686
-0.597798 -1.334448
-0.444136 -1.230508
-0.367434 -1.285219
-0.324969 -1.174901
-0.399041 -1.236184
-0.314121 -1.240234
-0.223104 -1.202906
-0.209952 -1.195735
-0.142495 -1.133334
0.023351 -1.138462
0.881379 -0.361497
0.882918 -0.363375
0.924275 -0.300518
1.003593 -0.291868
0.994040 -0.176459
1.024559 -0.059433
1.048134 -0.188778
1.054944 -0.096051
1.099136 0.107184
1.098991 0.022767
0.057036 -0.995351
1.058531 -0.020772
1.102522 0.062059
1.061170 0.201576
1.077741 0.233526
1.124400 0.098148
1.123127 0.295235
1.121601 0.315042
1.138531 0.211035
1.096029 0.410867
1.112119 0.581967
0.093919 -1.040715
1.128444 0.617341
1.139258 0.531601
1.165947 0.509530
1.156354 0.630475
1.092606 0.702548
1.156304 0.795744
1.120481 0.726100
1.063017 0.782981
1.106459 0.835600
1.120030 0.842130
0.074869 -1.004259
1.109184 0.985914
1.075341 0.916421
1.078818 1.087781
1.083192 1.000446
1.032592 1.160636
1.024573 1.164346
0.984870 1.196926
1.063674 1.258156
1.039972 1.150113
1.026665 1.237772
0.237481 -0.951261
0.981652 1.320487
0.922579 1.464329
0.945593 1.451860
0.888481 1.570894
0.920441 1.489438
0.842104 1.597962
0.863973 1.669576
0.779348 1.797874
0.828182 1.685685
0.742657 1.790731
0.104954 -1.027371
0.684633 1.942643
0.715220 1.874272
0.701985 1.922497
0.638841 1.966578
0.632795 2.009156
0.631136 2.007026
0.539806 2.119095
0.475258 2.088997
0.612389 2.082259
0.516425 2.098009
0.179067 -0.966674
0.499818 2.162355
0.469962 2.187679
0.389262 2.231978
0.301487 2.293206
0.414316 2.212384
0.279573 2.297600
0.276084 2.314359
0.245184 2.320685
0.132203 2.408650
0.140077 2.380456
