1005 2
-0.381151 -1.152963
-0.596410 -1.387881
-0.523200 -1.739128
2.135514 -0.993779
-0.753152 2.210640
1.230590 1.346991
1.847688 1.112904
2.025579 1.706887
1.458019 1.990332
1.744134 -1.886940
1.607105 -2.143099
1.618728 -2.275101
1.588248 -2.318927
1.585128 -2.346018
1.586483 -2.320753
2.165683 -1.252512
2.005248 -1.571255
2.168096 -1.006323
-0.852750 -1.385248
1.891674 -1.788489
1.823496 -2.028241
1.789415 -2.154424
1.804337 -2.180150
1.847988 -2.328629
1.987694 -2.237468
1.756953 -2.242709
2.254834 -0.986777
2.215385 -1.242005
2.163389 -1.377319
-0.783852 -1.686834
2.233561 -1.005071
2.129226 -1.635930
2.060352 -1.780459
1.986203 -2.045174
1.877361 -2.147316
1.868376 -2.081407
2.139976 -1.104964
2.031519 -1.317159
2.011575 -1.130209
1.886970 -1.203374
-0.573328 -1.846873
2.215288 -0.910367
2.184676 -0.888686
2.004047 -1.520008
1.882949 -1.376184
1.980731 -1.643108
1.890269 -1.556156
1.937533 -1.809480
1.828898 -1.672428
1.852931 -1.964028
1.729111 -1.660576
-1.018255 -1.562847
2.094175 -1.963575
1.797502 -1.850209
1.707290 -1.687973
1.850313 -1.088139
1.806875 -1.147350
2.055997 -0.945526
1.774905 -1.248014
1.701769 -1.315361
1.632604 -1.484438
1.647528 -1.556936
-0.895666 -1.908269
2.053213 -1.910638
1.669818 -1.543243
1.563366 -1.521965
1.686469 -1.060141
1.664259 -1.066274
1.663522 -1.149945
1.560948 -1.200901
1.472742 -1.292484
1.402774 -1.325580
1.572059 -1.428010
-0.739760 -1.979634
1.438265 -1.386518
1.525790 -0.950171
1.523471 -0.980406
1.461243 -1.011865
1.360170 -1.032567
1.354132 -1.160033
1.290998 -1.205024
1.379421 -1.232680
1.220057 -1.157123
1.331307 -0.781937
-1.178224 -1.775809
1.329981 -0.806316
1.338962 -0.922248
1.250738 -0.983126
1.188399 -1.013500
1.170045 -1.071093
1.225534 -1.093138
1.064361 -1.036183
1.221400 -0.674749
1.199003 -0.665048
1.107725 -0.664733
-0.971985 -1.895019
1.027702 -0.736842
1.007784 -0.835900
0.965559 -0.906998
1.020123 -0.896568
1.016795 -0.976767
1.067901 -0.482358
1.065081 -0.512563
1.017198 -0.604581
0.912741 -0.618011
0.866148 -0.708758
-0.736735 -2.024716
0.825122 -0.747392
0.822220 -0.810246
0.893543 -0.257808
0.851950 -0.287126
0.828484 -0.408608
0.738316 -0.448624
0.691675 -0.518158
0.622074 -0.582930
0.789844 -0.662070
0.630090 -0.601481
-0.326208 -1.452713
-1.175103 -1.991044
0.730765 -0.074924
0.689283 -0.116673
0.563006 -0.098394
0.545608 -0.210863
0.534155 -0.376254
0.457334 -0.392871
0.597942 -0.460731
0.445772 -0.437963
0.484991 0.308595
0.436497 0.237800
-0.959317 -1.939807
0.488093 0.017312
0.339221 0.053213
0.253453 -0.091370
0.204104 -0.151638
0.420854 -0.286944
0.288598 -0.260851
0.328755 0.727483
0.274903 0.511747
0.339013 1.031112
0.240243 0.335527
-0.792653 -2.047824
0.192584 0.188669
0.069866 0.066494
0.054012 0.013692
0.117476 -0.014233
0.039484 -0.009380
0.156548 0.973082
0.054149 0.759227
0.271638 1.033816
0.055535 0.613941
-0.066315 0.488620
-1.272410 -1.714493
-0.072287 0.230244
-0.137693 0.219000
-0.082548 0.100577
-0.229972 0.252242
-0.081202 0.104301
0.159928 1.425761
-0.051801 1.213706
-0.053874 0.962383
0.220037 1.242651
-0.134630 0.775594
-1.267950 -1.690184
-0.271004 0.674067
-0.344712 0.489262
-0.290980 0.313913
-0.341063 0.384089
-0.072297 1.314339
-0.275476 1.139554
-0.457030 1.382841
-0.461373 1.299127
0.118127 1.531073
-0.015992 1.512356
-0.237868 -1.653106
-0.303912 0.960460
-0.478532 1.219437
-0.422853 0.868350
-0.577873 1.070310
-0.556959 0.784797
-0.648563 0.890252
-0.593537 0.727465
-0.717069 0.869792
-0.570704 0.702571
-0.514148 0.630290
-0.246037 -1.807542
-0.692406 0.787203
-0.554847 1.460809
-0.603980 1.406054
-0.215780 1.518411
-0.660337 1.304654
-0.730056 1.223946
-0.834131 1.072090
-0.846361 0.987772
-0.687512 0.807210
-0.805271 1.015327
-0.140592 -1.276806
-0.855662 0.947971
-0.745942 1.552747
-0.770549 1.497467
-0.786446 1.398080
-0.916889 1.320308
-0.984640 1.247600
-1.058943 1.182368
-0.893515 1.085891
-1.051636 1.131865
-0.930457 1.640272
-0.431538 -1.833110
-0.896903 1.622861
-0.962480 1.511931
-1.092595 1.420557
-1.109866 1.302179
-1.151476 1.255860
-1.107889 1.292878
-1.231082 1.275500
-1.000086 1.686514
-1.030333 1.686224
-1.116398 1.602418
-0.439509 -1.937174
-1.157043 1.534891
-1.317512 1.491964
-1.342240 1.412761
-1.210324 1.368370
-1.354278 1.350675
-1.139832 1.801976
-1.150010 1.756843
-1.229135 1.705410
-1.305112 1.650076
-1.438970 1.571103
-0.480611 -1.556269
-0.470387 -2.119021
-1.471197 1.518971
-1.351691 1.495864
-1.499612 1.478795
-1.356404 1.953316
-1.314958 1.873720
-1.375688 1.808916
-1.437403 1.750393
-1.529412 1.669573
-1.585624 1.609875
-1.567025 1.537666
-0.538988 -2.137875
-1.410908 1.995536
-1.461436 1.990566
-1.536254 1.947590
-1.627846 1.835749
-1.675823 1.752896
-1.708516 1.659517
-1.597423 1.684476
-1.713846 1.653702
-1.497202 2.111074
-1.504340 2.075027
-0.899775 -2.073076
-1.604884 2.064385
-1.760302 1.960845
-1.828455 1.853382
-1.914590 1.804715
-1.778217 1.805356
-1.945281 1.778189
-1.503145 2.235509
-1.579692 2.198716
-1.675619 2.126484
-1.852046 2.048223
-0.740255 -2.094790
-1.990941 1.973345
-2.112378 1.869381
-1.930185 1.917339
-2.062680 1.832721
-1.498516 2.321912
-1.630966 2.266435
-1.264904 2.382529
-1.805220 2.182021
-2.112129 2.084831
-2.233429 2.035593
-0.557154 -2.189331
-2.223293 1.956431
-2.110012 2.028074
-2.240824 1.929445
-1.514647 2.347721
-1.680961 2.282667
-1.151090 2.401876
-1.933808 2.214733
-2.110966 2.130547
-2.284731 2.049717
-2.337590 1.965068
-0.052114 -1.882882
-2.424816 2.157620
-2.497154 2.142855
-2.402647 1.891949
-1.156828 2.327260
-1.645122 2.292525
-1.753269 2.284100
-1.064906 2.400149
-1.977996 2.206293
-2.099454 2.182651
-2.458074 1.976345
-0.079471 -1.907934
-2.546602 1.878019
-2.545447 1.834434
-1.613905 2.091718
-1.841175 2.026747
-1.692842 1.947917
-2.066458 1.513101
-1.055807 2.264517
-1.317383 2.076164
-2.037611 1.975821
-2.233523 1.472992
-0.181450 -2.027834
-2.379694 1.709053
-2.345111 1.548886
-2.494415 1.657808
-2.513156 1.542823
-2.550774 1.676962
-2.564658 1.453130
-2.653285 1.839021
-2.607270 1.721983
-2.604814 1.339781
-2.078014 1.188061
-0.230127 -2.087580
-2.193381 1.234383
-1.452725 1.939589
-2.289333 1.221145
-2.376718 1.219858
-2.516056 1.095509
-2.559781 1.007253
-2.656328 1.697547
-2.566496 1.305575
-2.597361 1.007061
-2.153541 0.782854
-0.280955 -2.202328
-2.196812 0.872774
-2.301197 0.931560
-2.367064 0.881190
-2.460289 0.818636
-2.548301 0.876601
-2.543761 0.986796
-2.577429 0.880829
-2.152963 0.560694
-2.180554 0.568630
-2.244644 0.571269
-0.232583 -0.746901
-0.266943 -2.280731
-2.342529 0.636109
-2.457256 0.664555
-2.490190 0.541223
-2.477174 0.569615
-2.558030 0.617196
-2.131199 0.386493
-2.165058 0.374028
-2.214196 0.358992
-2.302755 0.280851
-2.361495 0.185179
-0.422202 -2.176046
-2.420338 0.184624
-2.464016 0.414996
-2.456556 0.229448
-2.033768 0.073284
-2.073378 0.138970
-2.177334 0.099270
-2.238438 0.076654
-2.308108 0.018219
-2.367148 -0.022726
-2.275833 -0.101406
-0.289045 -2.279250
-2.342855 -0.094010
-1.905731 -0.165567
-1.942907 -0.160026
-1.997898 -0.241453
-2.155496 -0.160651
-2.233748 -0.184306
-2.253326 -0.257187
-2.284649 -0.240173
-1.788488 -0.371990
-1.831638 -0.368207
0.079772 -1.958108
-1.900022 -0.385631
-1.979700 -0.443942
-2.042267 -0.535023
-2.199793 -0.377955
-2.154339 -0.371687
-2.180110 -0.463682
-1.605701 -0.528125
-1.718185 -0.510755
-1.811648 -0.550041
-1.851508 -0.594655
0.113564 -2.011895
-1.973317 -0.668449
-1.936967 -0.852492
-1.999873 -0.648552
-1.927662 -0.953849
-1.213032 -0.719657
-1.428456 -0.727293
-1.593633 -0.774352
-1.636495 -0.964958
-1.796750 -0.981655
-1.832727 -1.046740
0.026003 -2.084528
-1.861002 -0.886697
-1.838070 -1.067681
-1.063495 -0.860949
-1.247362 -0.896511
-0.793064 -0.708621
-1.453657 -0.985914
-1.570310 -1.109293
-1.579200 -1.285588
-1.621178 -1.327216
-1.783910 -1.081820
-0.099493 -2.182315
-1.615908 -1.341567
-0.719839 -0.936316
-0.952505 -1.003694
-0.348191 -0.609524
-1.020431 -1.150709
-1.477393 -1.271584
-1.509714 -1.408027
-1.448373 -1.511055
-1.629487 -1.484095
-1.543348 -1.540285
-0.037828 -2.266420
-1.450244 -1.507244
-0.354688 -0.701870
1.742379 1.473203
1.629334 1.604215
1.516722 1.212697
1.479262 1.201229
1.941357 1.407169
1.919845 1.402544
1.789401 1.891300
1.735478 1.825039
-0.093361 -2.331335
1.260443 1.747944
1.403548 1.774898
1.309930 1.474182
1.769559 1.170136
1.959726 1.613529
1.488232 1.930870
1.342972 1.424655
1.760653 1.185865
1.919138 1.684102
1.548212 1.881185
-0.070635 -2.272745
1.732157 1.620556
1.527608 1.292794
1.876660 1.375337
1.747774 1.780207
1.411929 1.644460
1.388069 1.421615
1.761476 1.244089
1.888695 1.662898
1.589647 1.786979
1.641192 1.537819
-0.562508 -1.109851
-0.009942 -2.363714
1.579379 1.365385
1.871522 1.407314
1.706714 1.751638
1.443351 1.623710
1.494052 1.463762
1.733626 1.335222
1.905409 1.645237
1.567022 1.746112
1.646249 1.543051
1.359584 0.988308
0.322296 -2.071947
1.367232 1.060148
1.317448 1.182491
1.590780 1.050346
1.317623 1.223148
1.573560 1.038789
1.431381 1.074373
1.266226 1.244648
1.659896 1.120357
1.433182 1.133561
1.239231 0.856141
0.292821 -2.088821
1.328241 0.906620
1.135260 1.003991
1.470220 0.818075
1.206434 1.077877
1.540191 0.891640
1.269352 0.809884
1.318449 0.896854
1.139372 0.645618
1.063411 0.525424
1.275435 0.901895
0.273174 -2.144955
1.190720 0.977824
1.065261 0.808525
1.391060 0.848591
1.192993 0.555987
1.094823 0.578429
1.164454 0.654619
0.701840 0.191278
0.848658 0.301809
0.640916 0.190005
0.903607 0.237092
0.186488 -2.229650
0.899988 0.341459
1.034602 0.509912
0.373511 -0.178642
0.588293 -0.008462
0.277944 -0.160775
0.525415 -0.210591
0.662769 0.059992
0.881733 0.333888
0.047427 -0.484532
0.234138 -0.338537
0.239336 -2.348680
-0.126748 -0.532407
0.080357 -0.672242
0.320222 -0.283333
0.487587 -0.103244
-0.383182 -0.917000
-0.431686 -0.948089
0.018751 -0.508963
-0.659913 -1.121888
-0.918932 -1.305706
-1.034742 -1.373207
0.187976 -2.374199
-0.915100 -1.401708
-0.965959 -1.405818
-1.241865 -1.588662
-1.438570 -1.710446
-1.750530 -1.967202
-1.678898 -1.915587
-1.947954 -2.135253
-1.863019 -2.069517
-1.949310 -2.152059
-1.995263 -2.197616
0.177582 -2.378070
-1.008509 -1.487892
-1.277264 -1.664659
-1.546103 -1.864902
-1.781861 -2.026590
-1.907096 -2.185603
-1.980207 -2.234995
-2.023409 -2.298264
-1.239263 -1.721065
-1.500573 -1.909810
-1.662778 -1.980014
0.157208 -2.418685
-1.792035 -2.189264
-1.883836 -2.273222
-1.977551 -2.344394
-2.028797 -2.367034
-1.355480 -1.924573
-1.560044 -2.088714
-1.657668 -2.163250
-1.752138 -2.275456
-1.896805 -2.343054
-1.976856 -2.448171
0.449146 -2.084944
-2.023918 -2.474083
-1.351655 -1.875029
-1.473652 -2.065376
-1.623582 -1.956455
-1.429728 -2.092334
-1.582908 -2.170906
-1.722767 -2.298230
-1.689716 -2.051893
-1.596481 -2.191156
-1.824909 -2.376116
-0.746322 -1.227373
0.429573 -2.115250
-1.810644 -2.252887
-1.780099 -2.299903
-1.884366 -2.416630
-1.898679 -2.372887
-1.953911 -2.424334
-1.999715 -2.479454
-2.010947 -2.452742
-2.025723 -2.509255
-1.396744 -1.888857
-1.461878 -2.014132
0.444263 -2.191996
-1.549028 -2.146422
-1.663721 -2.258678
-1.781632 -2.412799
-1.823614 -2.423277
2.102287 1.207129
2.147619 1.250474
1.981858 1.080000
2.121868 1.445533
1.950781 1.141899
2.067334 1.591397
0.478245 -2.290813
2.138134 1.257993
1.922350 1.151351
2.084066 1.504835
2.050520 1.354295
2.278234 1.010903
2.210209 1.000227
2.056932 0.940244
2.219651 1.412302
2.085153 1.037263
2.185428 1.391714
0.491167 -2.369099
2.400080 1.002597
2.424218 0.973748
2.289003 0.719185
2.360533 0.806506
2.217271 1.077666
2.068866 0.934616
2.250280 0.627917
2.261931 1.532179
2.299090 0.920856
2.438093 0.818094
0.490106 -2.428540
2.512603 0.823434
2.361230 0.293799
2.455359 0.354056
2.287443 0.253667
2.340618 0.460652
2.523585 0.443455
2.548947 0.589535
2.370825 -0.158456
2.452303 0.045145
2.318638 -0.067141
0.375095 -2.401829
2.353192 0.046352
2.548178 0.108023
2.558960 0.380691
2.367451 -0.358286
2.430045 -0.267251
2.312622 -0.407311
2.304099 -0.401841
2.550413 -0.191969
2.578981 -0.056897
2.348131 -1.076010
0.565843 -2.455503
2.469420 -1.220862
2.586088 -0.367252
2.340345 -1.314096
2.475406 -1.397650
2.559343 -1.413095
2.311014 -1.552267
2.434518 -1.618962
2.585763 -1.765936
2.730937 -1.859364
2.866949 -1.985301
0.794353 -2.100917
2.766750 -1.982428
2.949695 -2.133300
2.860999 -2.083285
2.955075 -2.188750
2.981022 -2.215634
2.329532 -1.702119
2.414707 -1.828196
2.643204 -2.007466
2.751527 -2.093103
2.889302 -2.218700
0.703479 -2.133403
2.960166 -2.307998
3.001126 -2.363400
2.268335 -1.945236
2.446725 -2.058649
2.635286 -2.131528
2.739076 -2.244362
2.887171 -2.331108
2.938869 -2.396840
2.999731 -2.463308
2.222868 -2.168947
0.691914 -2.208153
2.397760 -2.248849
2.501911 -2.256039
2.665995 -2.383099
2.816230 -2.465127
2.970881 -2.513347
3.000243 -2.541163
2.057537 -2.149131
2.291196 -2.274712
2.304094 -2.269138
2.393491 -2.188492
-0.125618 -0.878418
0.741369 -2.318626
2.457659 -2.353902
2.642816 -2.420257
2.464132 -2.355526
2.582411 -2.324645
2.789383 -2.513644
2.741720 -2.477085
2.733681 -2.411967
2.878984 -2.526517
2.985252 -2.523175
2.911275 -2.487952
0.743800 -2.389424
2.985049 -2.570390
3.014501 -2.550312
2.975091 -2.522200
1.999516 -2.202437
2.241686 -2.292442
2.375046 -2.362854
2.506201 -2.418619
2.755361 -2.511036
2.820650 -2.540444
1.758490 2.029583
0.725452 -2.450878
1.768479 2.064244
1.960625 1.853630
1.544208 2.000266
1.904590 1.918917
1.577838 2.026170
1.688053 2.039196
1.950901 1.803638
1.614784 2.009479
1.742919 1.974001
1.668092 2.193788
0.676680 -2.475428
1.552200 2.152377
1.906576 2.025768
1.479246 2.220018
1.978051 1.911076
1.500006 2.103161
1.677328 2.179039
1.701585 2.186801
1.512957 2.168678
1.421094 2.228517
1.731921 2.242108
0.978995 -2.106837
1.872075 2.115100
1.380832 2.032211
1.515490 2.316134
1.170006 2.154015
1.426676 2.305268
1.451772 2.312043
0.727940 1.964629
0.794909 2.088741
0.748007 1.879627
0.713109 1.979313
0.993848 -2.121297
1.060794 2.272045
1.181556 2.296217
0.425674 1.747207
0.447579 1.811720
0.490963 1.675876
0.457230 1.819212
0.484985 1.920705
0.701622 2.094435
0.323194 1.642679
0.275595 1.613360
0.890314 -2.227910
0.374760 1.528772
0.311562 1.691201
0.327337 1.699885
0.381444 1.775379
0.110966 1.398590
0.091179 1.355075
0.204557 1.533558
0.005470 1.195027
-0.049294 1.138018
0.007669 1.215980
0.965436 -2.307235
-0.145842 0.889043
-0.188486 0.924614
-0.332129 0.764915
-0.404021 0.736526
-0.595721 0.577294
-0.534138 0.623114
-0.771630 0.418887
-0.757366 0.423797
-0.834073 0.368465
-0.889346 0.333256
0.909929 -2.383941
-0.271114 0.692720
-0.357004 0.686883
-0.494810 0.582085
-0.696902 0.433770
-0.768097 0.378646
-0.909019 0.269089
-0.999874 0.210214
-0.339024 0.580248
-0.495608 0.490728
-0.674714 0.393269
0.931564 -2.441880
-0.760647 0.313824
-0.888875 0.233062
-0.974481 0.206675
-1.096002 0.138781
-0.452846 0.367964
-0.618071 0.330010
-0.678618 0.267729
-0.839222 0.193527
-0.995126 0.149703
-1.075909 0.087550
-0.185516 -1.058766
0.754103 -2.410046
-1.119775 0.081422
-0.390792 0.309020
-0.524718 0.275571
-0.593483 0.220812
-0.637851 0.478263
-0.629655 0.230433
-0.802661 0.176597
-0.674419 0.181812
-0.803596 0.271537
-0.915130 0.124388
0.897255 -2.465132
-0.917712 0.095253
-0.889901 0.222676
-1.004944 0.099157
-1.051312 0.080399
-1.060562 0.104653
-1.075039 0.065779
-1.087974 0.073963
-1.124831 0.070841
-0.360190 0.280911
-0.426995 0.237608
1.108760 -2.082202
-0.564740 0.211257
-0.741558 0.168653
-0.894914 0.126357
-1.016897 0.071591
1.178262 1.822551
1.155507 1.841931
1.296100 2.018400
1.153715 1.611041
1.278560 1.958784
1.182502 1.566516
1.191056 -2.086802
1.119113 1.771195
1.361331 1.889439
1.206799 1.542739
1.205510 1.775024
0.968782 1.936396
1.052742 1.908608
1.157808 2.126448
0.973544 1.695822
1.140598 2.046731
0.963906 1.647961
1.222687 -2.132183
0.893087 1.979932
1.051596 1.902640
0.595140 2.090418
0.546589 2.156000
1.007133 1.871767
1.166059 2.147061
0.645750 2.191831
0.962206 1.625768
0.604110 1.995474
0.476115 2.221275
1.178493 -2.263557
0.845463 2.040696
-0.001839 2.253655
0.233253 2.256516
-0.034088 2.300991
0.033368 2.152794
0.268007 2.310243
0.396587 2.262089
-0.407006 2.360563
-0.371773 2.430647
-0.405627 2.363016
1.156605 -2.362308
-0.262659 2.234255
-0.218897 2.440743
0.046838 2.409400
-0.831456 2.404070
-0.763082 2.476993
-0.915717 2.410694
-0.801626 2.305244
-0.591884 2.507347
-0.337340 2.496341
-1.104582 2.460777
1.093222 -2.426007
-1.226956 2.567639
-1.292040 2.625938
-1.787777 2.405907
-1.888658 2.543000
-1.848702 2.655335
-1.897644 2.355751
-2.162789 2.506231
-2.293343 2.623333
-2.318038 2.725364
-2.549944 2.783862
0.963163 -2.391803
-2.485121 2.712296
-2.740507 2.850302
-2.706925 2.826919
-2.763946 2.823522
-2.980253 2.860816
-2.215362 2.368863
-2.328492 2.464122
-2.551921 2.564102
-2.652204 2.666936
-2.795098 2.774327
1.099308 -2.446016
-3.020997 2.808864
-3.133937 2.812706
-2.384124 2.271764
-2.618212 2.424317
-2.700780 2.528947
-2.812691 2.620198
-3.002195 2.709145
-3.114372 2.768884
-3.232835 2.781981
-2.682566 2.181493
-0.671355 -1.567339
1.500911 -1.860970
-2.769193 2.281755
-2.805561 2.395532
-2.993695 2.536549
-3.144851 2.650688
-3.240595 2.713789
-3.274047 2.746175
-2.644403 2.046382
-2.745730 2.193779
-2.717833 2.299278
-2.772326 2.183317
1.451872 -1.946445
-2.921970 2.359436
-2.996033 2.462489
-2.859971 2.409712
-2.899897 2.362285
-3.137116 2.571993
-3.162093 2.626179
-3.041098 2.534926
-3.224707 2.667411
-3.251199 2.695311
-3.204921 2.640886
1.348456 -2.110583
-3.279931 2.713083
-3.304831 2.738711
-3.277932 2.713412
-2.620089 1.955217
-2.730635 2.133264
-2.851666 2.274559
-2.980064 2.413871
-3.105198 2.544870
-3.211419 2.645853
-1.640604 -1.811921
1.382425 -2.232539
-1.379999 -2.108421
2.282768 -2.336444
2.272794 -2.062963
-0.489124 0.192099
-0.670944 0.641631
-2.569340 2.209475
-2.769464 1.995452
1.179507 1.418879
1.141195 1.350512
1.005529 1.331561
1.473546 -2.295079
1.024883 1.340088
1.075728 1.067077
0.944869 1.465727
1.086907 1.382604
1.011199 1.244137
0.977378 0.836852
0.650286 0.267161
0.314172 -0.117269
-0.296506 -0.527214
1.746212 1.002896
1.401695 -2.379509
1.782964 1.040090
1.900048 0.848477
1.850466 0.889976
1.598822 0.765817
1.946290 0.829246
1.816405 0.945402
1.956443 0.875060
1.216511 0.512751
0.912313 0.235578
0.552357 -0.191250
1.278856 -2.353860
0.089250 -0.757348
2.227509 0.399619
2.278334 0.302951
2.288531 -0.062050
2.230203 -0.757309
2.119168 1.650649
2.049894 1.674081
2.183938 1.743664
2.153539 1.761004
2.220410 1.552001
1.441095 -2.384786
2.095517 1.870520
2.115073 1.745713
2.140521 1.835796
2.315851 1.202774
2.359188 0.500166
2.334716 -0.098897
2.285088 -0.291858
1.630756 2.020332
0.687911 1.789965
0.551259 1.702191
1.890651 -1.549976
0.404904 1.421745
1.391390 2.083717
1.393993 2.082291
1.317597 2.281817
1.308709 2.203260
1.313864 2.242576
1.194721 2.229501
1.355329 2.145691
1.298899 2.240525
1.130237 2.208857
1.724309 -1.797674
0.665578 1.990640
0.469815 1.853944
0.163541 1.665949
0.960424 2.198835
-0.168021 2.341697
-0.527741 2.391598
-0.850454 2.407699
0.774312 1.702852
-0.063239 2.152518
-0.420500 2.221878
