419 2
-0.126468 -0.271085
-0.092820 -0.154215
0.151003 -0.405147
-0.405697 2.932203
-0.091487 2.923517
0.283195 2.809919
0.355629 2.807814
-0.902239 -1.116298
-0.871600 -1.217230
0.215238 -0.820578
0.274572 -0.684551
1.333397 -0.280471
1.293414 -0.197879
0.047224 -0.458252
-0.771997 -1.587810
-0.749455 -1.527219
-0.395012 -1.465526
-0.228567 -1.424519
0.217569 -1.357704
0.484163 -1.270875
0.613119 -1.043363
0.941507 -0.923274
1.254686 -0.745164
1.478371 -0.576175
-1.035992 -0.540199
1.538355 -0.592656
-0.661669 -1.909719
-0.674489 -1.844155
0.424548 -1.552616
0.646838 -1.547125
1.680488 -0.899785
1.721174 -0.880008
-0.519186 -2.350013
-0.409418 -2.654866
-0.378105 -2.817147
-0.968421 -0.539618
-0.328630 -2.562408
-0.018360 -2.500851
0.191103 -2.465612
0.493492 -2.290300
0.596205 -1.879825
0.783559 -1.703833
1.191650 -1.847663
1.602303 -1.774131
1.694699 -1.698598
1.838156 -1.215826
-0.787788 -0.403292
1.798801 -1.063771
-0.347973 -2.749809
-0.125467 -2.583655
0.142763 -2.567706
0.474547 -2.566900
0.857702 -2.673909
1.238367 -2.667526
1.380910 -2.076124
1.571158 -1.874214
1.751525 -1.705487
-0.650598 -0.365552
2.088788 -1.649922
2.183558 -1.674131
1.943462 -1.342167
0.549279 -2.401772
0.613170 -2.209812
0.706019 -2.084935
0.720746 -1.910146
0.947687 -1.888738
1.112099 -1.976927
1.241085 -2.004222
-1.131384 -0.398796
1.206789 -2.268255
1.171959 -2.361103
0.851777 -2.596202
0.686669 -2.544198
-0.320253 -2.995921
-0.294642 -2.970481
1.130320 -2.947133
1.373470 -2.872020
2.176885 -1.854009
2.203555 -1.792368
-1.071587 -0.296975
-0.244932 -3.078254
-0.164072 -3.122541
0.110506 -3.237372
0.738129 -3.217944
0.945978 -3.134928
1.335287 -2.976246
1.647323 -2.802438
1.883716 -2.636505
2.095017 -2.334825
2.180479 -2.106726
-0.789154 -0.374394
2.271787 -1.970486
-1.011357 2.359082
-0.732894 1.588088
1.064746 -2.550608
0.955572 -2.219043
-0.006858 -0.255873
-0.844835 2.006947
-0.608991 1.207843
-0.649403 1.353430
-1.838315 1.396477
-0.652671 -0.340005
-1.745962 1.475737
-1.586549 1.572017
-1.417067 1.694602
-1.109888 2.569190
-1.180605 2.657617
-0.186324 2.166674
-0.097642 2.149881
0.182932 2.223009
0.324395 2.252820
1.191846 -2.850082
0.151834 -0.166865
0.548290 0.050186
1.170048 -2.790702
0.312324 -2.506115
0.121251 -2.520308
-0.093285 -2.552630
-0.223171 -2.581730
0.611068 -1.673437
0.613153 -1.583323
1.413043 -1.928340
1.529843 -1.836317
1.731058 -1.637414
0.748437 0.107591
1.869014 -1.525535
-0.208503 -0.225577
-0.069420 -0.106768
0.054637 -0.053712
-0.032294 -0.284473
-0.403358 -0.363429
-0.373353 -0.189765
-0.285372 0.124419
-0.057819 0.099776
0.212015 -0.010751
0.911760 0.231229
0.300838 -0.127702
0.097738 -0.573029
0.044849 -0.632514
-1.001893 -0.759944
-0.969912 -0.511488
-0.772801 -0.411835
-0.569527 -0.353805
-1.144622 -0.357424
-1.108982 -0.363949
-0.781702 -0.379206
0.988378 0.353059
-0.624029 -0.351476
0.469177 0.020301
0.765485 0.140081
0.998823 0.279032
0.977982 0.406509
0.499416 0.021240
0.721848 0.078850
0.989723 0.098461
1.130821 0.065086
-1.316288 -0.012408
0.510333 0.014241
-1.348103 0.049925
-0.391476 0.489349
-0.271190 0.377637
0.889097 0.736653
0.892234 0.731800
-1.453707 0.216887
-1.438930 0.462142
-1.198783 0.547872
-0.961333 0.663547
-0.683677 0.777695
0.696645 0.061842
-0.512229 0.969193
-0.264912 0.999244
0.091255 1.042514
0.501533 1.129741
0.693765 1.213743
0.788014 1.042510
-1.678527 0.628734
-1.636353 0.626013
-0.687641 1.213353
-0.501253 1.190275
1.005297 0.103595
0.683997 1.621113
0.678970 1.589747
-1.837179 0.901754
-1.894416 1.176406
-1.784486 1.453374
-1.604868 1.621469
-1.227976 1.625992
-0.840641 1.423908
-0.627482 1.451580
-0.244322 2.072028
1.139943 0.081350
0.032833 2.196472
0.226857 2.198106
0.458544 2.106743
0.631207 1.844967
-1.970220 1.247502
-2.101326 1.478316
-2.024494 1.481854
-1.817563 1.522564
-1.659885 1.651834
-1.379537 1.908701
-1.261701 -0.103712
-1.206589 2.439638
-0.876494 2.483003
-0.427569 2.320030
-0.022870 2.248271
0.117716 2.267495
0.390998 2.409193
0.410890 2.554641
0.499141 2.222208
-1.284284 1.843444
-1.068713 1.645424
-1.368858 0.052233
-0.927501 1.586722
-0.586248 1.727445
-0.478363 1.950696
-0.632596 2.366938
-0.395033 2.143313
-0.726844 2.388286
-1.208479 2.207789
-1.248649 2.076113
-2.213579 1.699446
-2.190016 1.711229
0.014221 -0.304109
-0.344402 0.605084
-1.227196 2.609919
-1.102770 2.667586
0.361008 2.601725
0.373264 2.654089
-2.229700 1.807818
-2.200036 1.856833
-2.033387 2.144244
-1.738831 2.457969
-1.396161 2.659541
-1.184954 2.734178
-0.284663 0.687701
-0.956776 2.817754
-0.460213 2.925389
-0.209311 2.940463
0.250979 2.846539
0.325232 2.785774
-0.915496 -1.069945
-0.864593 -1.313616
0.151799 -0.774325
0.145291 -0.754743
1.312558 -0.236588
0.864859 0.759005
1.309608 -0.260849
-0.758440 -1.599988
-0.696317 -1.517320
-0.409887 -1.475946
-0.161074 -1.407205
0.183104 -1.380161
0.467456 -1.277754
0.602822 -1.130704
0.962367 -0.917139
1.225147 -0.764003
0.884794 0.704098
1.425133 -0.602605
1.426796 -0.426854
-0.647141 -1.998805
-0.687287 -1.765698
0.445336 -1.505703
0.654273 -1.533876
1.653207 -0.864174
1.693480 -0.870317
-0.590239 -2.141376
-0.392775 -2.620028
-1.536922 0.261338
-0.336914 -2.839670
-0.328527 -2.497602
-0.066141 -2.538087
0.191381 -2.525381
0.390023 -2.341764
0.546531 -1.852697
0.807456 -1.669948
1.235816 -1.842601
1.647319 -1.814334
1.775256 -1.619840
-1.451015 0.378733
1.848324 -1.342160
1.801541 -1.051184
-0.277379 -2.746814
-0.181588 -2.623321
0.120134 -2.586454
0.582407 -2.662609
0.827927 -2.723677
1.273009 -2.559839
1.394738 -2.247786
1.627397 -1.867238
-1.247510 0.516323
1.778174 -1.679210
2.018116 -1.604786
2.159152 -1.689459
1.947778 -1.388593
0.530893 -2.445859
0.536789 -2.246524
0.573543 -2.065141
0.699145 -1.912914
0.966728 -1.848335
1.034938 -1.915992
-0.950130 0.673985
1.275128 -1.993802
1.307444 -2.311031
1.215656 -2.466506
0.844378 -2.660379
0.693506 -2.613571
-0.275467 -3.008183
-0.268382 -2.980755
1.119532 -2.948957
1.325367 -2.805796
2.205373 -1.817785
-0.678017 0.801874
2.203622 -1.859483
-0.318928 -3.063249
-0.114566 -3.152387
0.075145 -3.220860
0.718202 -3.226689
1.112454 -3.068533
1.230955 -2.957438
1.518793 -2.832958
1.933564 -2.555237
2.074910 -2.371686
-0.496369 0.961672
2.211681 -2.098187
2.278550 -1.953859
-1.086797 2.432839
-0.673348 1.522738
1.107412 -2.636933
-0.615859 1.249269
-0.697786 1.382833
-1.879672 1.393235
-1.785184 1.525716
-1.599270 1.622136
-0.215343 -0.336429
-0.262892 0.996194
-1.435841 1.765133
-1.144527 2.553830
-1.077000 2.624491
-0.170863 2.215303
0.008718 2.222428
0.146062 2.232015
0.381958 2.239113
1.170896 -2.881652
1.131415 -2.830808
0.276030 -2.521883
0.085800 1.038658
0.109771 -2.530806
-0.053827 -2.571378
-0.247948 -2.586056
0.652814 -1.657860
0.587416 -1.560919
1.413586 -1.929251
1.671524 -1.764487
1.769666 -1.684470
1.860164 -1.521899
0.399810 1.100390
0.615075 1.113813
0.759319 1.217524
-1.665676 0.585524
-1.690878 0.564314
-0.634403 1.092228
-0.489650 1.180225
0.678457 1.580772
-0.249174 -0.226002
0.661242 1.684902
-1.841732 0.902779
-1.837365 1.173252
-1.674077 1.440340
-1.532281 1.635233
-1.288638 1.679171
-0.841743 1.428765
-0.533092 1.632789
-0.320455 1.996771
-0.131766 2.127372
-0.173720 -0.055486
0.256396 2.189769
0.411515 2.219576
0.633091 1.844941
-1.955392 1.273949
-2.114813 1.518534
-1.992518 1.407154
-1.685989 1.529898
-1.575886 1.645147
-1.382017 1.968343
-1.298803 2.216939
-0.033494 -0.004394
-0.925855 2.474560
-0.591188 2.275887
-0.051534 2.186446
0.131773 2.222520
0.357703 2.426440
0.461334 2.513397
0.512549 2.285036
-1.209616 1.804866
-1.110306 1.741138
-0.975168 1.581017
0.189859 -0.082601
-0.555584 1.801126
-0.545480 1.946338
-0.626536 2.214861
-0.497438 2.100099
-0.790783 2.352551
-1.161692 2.222117
-1.235778 1.963078
-2.202581 1.718286
-2.214048 1.736252
-1.267303 2.665887
0.182444 -0.176680
-1.122251 2.681904
0.381045 2.662724
0.371450 2.672688
-2.241657 1.833581
-2.173018 1.901876
-2.009406 2.171790
-1.703830 2.492710
-1.450219 2.639172
-1.249609 2.724592
-0.870978 2.893270
