1005 2
-1.464989 -1.465620
-1.630981 -1.542932
-1.890330 -1.523602
-2.191764 0.962465
1.277112 -0.780545
0.010323 -0.022903
-0.589392 0.362018
-0.196094 0.860982
0.303404 0.500750
-2.599310 0.869313
-2.702866 0.952467
-2.839692 0.983099
-2.843910 0.953878
-2.891658 0.865885
-2.859226 0.910940
-2.197661 1.226758
-2.340206 1.257202
-2.070907 1.096973
-1.375596 -1.903714
-2.463743 1.292863
-2.601499 1.272605
-2.768331 1.205844
-2.786973 1.401873
-2.984540 1.193695
-3.017179 1.543900
-2.784845 1.392068
-1.919645 1.406986
-2.165757 1.413815
-2.289720 1.409855
-1.802683 -1.754445
-2.023249 1.193985
-2.409605 1.488452
-2.467715 1.623951
-2.817460 1.659585
-2.776299 1.702059
-2.684206 1.762452
-2.018823 1.547790
-2.086941 1.672602
-1.921718 1.848364
-2.003851 1.969081
-2.008060 -1.576431
-1.930212 1.518401
-1.918391 1.705838
-2.236264 1.794161
-2.119424 2.001765
-2.347270 1.959889
-2.158196 2.199343
-2.444496 2.135010
-2.336988 2.254623
-2.492209 2.106013
-2.325988 2.304501
-1.526948 -1.938948
-2.733273 2.035115
-2.516228 2.076897
-2.409946 2.240440
-1.805827 2.093420
-1.826476 2.160743
-1.860454 1.791531
-1.917192 2.193540
-1.978156 2.360970
-2.061513 2.434597
-2.181782 2.432873
-1.875387 -1.888168
-2.512442 2.207592
-2.292966 2.337809
-2.264847 2.412577
-1.677511 2.323654
-1.732268 2.295776
-1.756783 2.440373
-1.782931 2.472143
-1.848915 2.604321
-1.771270 2.726447
-1.970909 2.520959
-1.996822 -1.765103
-1.848127 2.674845
-1.534742 2.428891
-1.479872 2.527586
-1.475169 2.614405
-1.548738 2.648594
-1.537990 2.777056
-1.668040 2.769736
-1.709717 2.734210
-1.643401 2.841107
-1.294141 2.578582
-1.610610 -2.179221
-1.191391 2.653300
-1.347248 2.682978
-1.301074 2.793638
-1.328895 2.874521
-1.450583 2.902355
-1.427200 2.853152
-1.450500 2.919682
-0.956715 2.719342
-0.959456 2.734027
-1.164138 2.766459
-1.811152 -1.992887
-1.136744 2.870711
-1.117396 2.933291
-1.211136 3.004591
-1.094095 2.964945
-1.096546 3.055959
-0.735091 2.778337
-0.760643 2.809983
-0.701868 2.871663
-0.697911 2.954256
-0.887918 3.024725
-2.120312 -1.675952
-0.860827 3.070502
-0.947136 3.101817
-0.343431 2.803888
-0.423454 2.843735
-0.510016 2.905525
-0.565755 2.959122
-0.484695 3.079072
-0.519854 3.118316
-0.723625 3.045666
-0.526561 3.145628
-1.648749 -1.403465
-1.846645 -2.139853
-0.073412 2.782444
-0.068651 2.818460
-0.258860 2.942632
-0.199166 3.023103
-0.192434 3.115312
-0.332042 3.144127
-0.390192 3.095982
-0.220906 3.189899
0.176692 2.691964
0.184179 2.754499
-1.931363 -1.907955
0.141308 2.911265
0.139798 3.036856
0.065070 3.143779
0.184833 3.161671
-0.024540 3.152578
0.027312 3.176032
0.438484 2.591233
0.359069 2.719210
0.320028 2.532798
0.437878 2.848837
-2.117669 -1.709521
0.361499 2.987799
0.471746 3.121150
0.344864 3.156440
0.198489 3.179714
0.372452 3.159885
0.599712 2.508915
0.647513 2.653502
0.526947 2.406501
0.717856 2.778474
0.759474 2.896225
-1.498990 -2.246983
0.588803 3.073479
0.666443 3.090578
0.742835 3.239783
0.857286 3.201116
0.600787 3.111516
0.816260 2.252954
0.844300 2.468064
0.945255 2.591326
0.651861 2.351356
0.905238 2.767203
-1.384696 -2.278543
1.011251 2.790189
1.131742 2.985773
1.248858 2.989202
1.158847 2.973239
0.985808 2.258404
1.113367 2.441910
1.206865 2.140413
1.337072 2.176049
0.926259 2.170478
0.964237 2.080371
-1.776188 -1.294615
1.178923 2.536773
1.388129 2.364137
1.300494 2.618744
1.514123 2.388889
1.469807 2.709667
1.674116 2.449409
1.480221 2.727921
1.686708 2.499771
1.466612 2.958678
1.401084 2.789156
-1.930223 -1.275248
1.654195 2.541744
1.448008 2.013262
1.547955 2.014650
1.083234 2.046363
1.635972 2.054737
1.757510 2.093356
1.778106 2.271508
1.842420 2.271531
1.616652 2.759983
1.753636 2.414934
-1.538177 -1.272424
1.877808 2.285659
1.664183 1.810261
1.714095 1.824973
1.770167 1.891620
1.873316 1.898737
1.922940 2.024139
1.992206 2.052260
1.930284 2.081805
1.995218 2.069462
1.759420 1.717882
-2.062196 -1.357218
1.839245 1.650431
1.913530 1.651358
1.925052 1.742720
2.113950 1.664046
2.145248 1.725776
2.032151 1.864086
2.088793 1.919132
1.942978 1.350471
1.990185 1.326693
2.023002 1.455498
-2.138370 -1.407825
2.084993 1.508821
2.186294 1.498782
2.210322 1.572086
2.227569 1.493330
2.294096 1.436719
2.038541 1.051674
2.063263 1.039815
2.101027 1.094779
2.218519 1.191719
2.287776 1.175522
-1.775933 -1.439701
-2.163432 -1.490219
2.338568 1.144705
2.265117 1.348213
2.363056 1.187875
2.103369 0.701336
2.117405 0.805708
2.177662 0.700991
2.252063 0.835007
2.305622 1.026129
2.366297 0.929817
2.416105 0.953496
-2.239935 -1.503009
2.114403 0.421061
2.167187 0.532554
2.200289 0.484081
2.327309 0.331571
2.397928 0.535571
2.429529 0.555803
2.401888 0.677597
2.445252 0.559119
2.128351 0.236446
2.153466 0.237205
-1.967708 -2.009775
2.233294 0.112560
2.317816 0.153703
2.393294 0.188682
2.445501 0.124505
2.418133 0.374067
2.479014 0.181637
1.976672 -0.310830
2.087895 -0.086303
2.205100 -0.071903
2.265621 -0.146019
-2.130389 -1.641128
2.384253 -0.116966
2.475649 -0.181344
2.422565 0.171628
2.476590 -0.030511
1.869848 -0.423783
2.021529 -0.391090
1.668264 -0.398006
2.131988 -0.514257
2.258512 -0.457447
2.386499 -0.578282
-2.271731 -1.539751
2.399364 -0.519465
2.411255 -0.139959
2.431880 -0.358546
1.748007 -0.668570
1.934590 -0.676284
1.695236 -0.512430
2.031600 -0.696603
2.186044 -0.691023
2.321615 -0.674965
2.321738 -0.865578
-2.098586 -1.038333
2.448214 -0.769577
2.416604 -1.142490
2.341630 -0.807712
1.505743 -0.753216
1.671334 -0.847077
1.835724 -0.860054
1.603393 -0.624225
1.907551 -0.923416
1.999066 -1.198035
2.242044 -1.247556
-2.117069 -1.094244
2.175230 -1.359076
2.173208 -1.330448
1.526238 -1.037690
1.620211 -1.079674
1.448877 -1.193430
1.440832 -1.390949
1.419766 -0.926000
1.392321 -0.954610
1.728154 -1.314854
1.561039 -1.514142
-2.233239 -1.098905
1.843084 -1.403423
1.636229 -1.569570
1.894366 -1.528781
1.713124 -1.654496
1.972243 -1.504423
1.756749 -1.736587
2.102805 -1.558764
2.016250 -1.563517
1.852794 -1.697730
1.311802 -1.401787
-2.316286 -1.155181
1.283113 -1.541823
1.337877 -1.250641
1.314306 -1.672303
1.416294 -1.744445
1.500509 -1.819231
1.596677 -1.860343
2.098221 -1.671739
1.735569 -1.781363
1.626824 -1.864674
1.005370 -1.743650
-2.321875 -1.283184
1.056530 -1.765638
1.148690 -1.788320
1.144119 -1.937695
1.262734 -1.978662
1.301150 -2.016768
1.299450 -1.984008
1.231406 -2.087973
0.870159 -1.856351
0.896734 -1.869224
0.868240 -1.936569
-1.111527 -1.407611
-2.360950 -1.331637
0.998528 -2.020828
0.919793 -2.137857
1.002282 -2.177722
1.233127 -2.033549
1.029431 -2.182219
0.700119 -1.944555
0.664829 -1.993027
0.692759 -2.012229
0.691366 -2.059534
0.764317 -2.217455
-2.283356 -1.392013
0.671434 -2.298983
0.780664 -2.221666
0.709354 -2.310759
0.528603 -1.998012
0.542708 -2.036067
0.561903 -2.078579
0.535879 -2.137122
0.539704 -2.305065
0.567952 -2.327272
0.514087 -2.311148
-2.410490 -1.332461
0.459219 -2.379000
0.226792 -2.034147
0.226480 -2.074724
0.216565 -2.134814
0.285760 -2.228935
0.284424 -2.337799
0.298055 -2.373001
0.275602 -2.406326
0.050270 -2.052915
0.098455 -2.073607
-2.248391 -0.867396
0.051755 -2.161978
-0.093900 -2.280607
0.051188 -2.361254
0.084596 -2.428912
0.190433 -2.369944
0.052156 -2.451837
-0.292401 -2.024230
-0.377006 -2.093663
-0.338079 -2.196895
-0.390396 -2.290606
-2.307647 -0.903123
-0.364329 -2.363228
-0.384290 -2.449820
-0.104676 -2.394715
-0.290053 -2.496745
-0.607890 -1.911952
-0.510386 -2.059492
-0.550848 -2.154475
-0.484261 -2.246349
-0.625539 -2.359550
-0.511625 -2.460087
-2.367491 -0.898551
-0.404342 -2.398645
-0.463641 -2.457520
-0.817894 -1.760775
-0.809035 -1.942852
-0.745685 -1.700410
-0.813848 -2.093152
-0.809935 -2.218796
-0.899590 -2.297702
-0.842844 -2.374230
-0.666023 -2.398126
-2.416579 -0.946644
-0.787921 -2.419937
-1.019778 -1.684985
-1.080724 -1.794317
-0.896388 -1.572247
-1.179860 -1.971684
-1.211636 -2.074422
-1.077741 -2.296251
-1.093913 -2.331474
-1.000008 -2.424606
-1.347680 -2.391551
-2.468507 -1.037719
-1.083559 -2.383401
-1.008373 -1.485710
-0.035169 0.445189
-0.180426 0.464635
-0.247790 0.138646
-0.334369 0.148000
-0.512243 0.614820
-0.401134 0.619571
0.041707 0.737062
0.073088 0.698989
-2.558358 -1.052338
0.183148 0.167959
0.218517 0.289193
-0.096917 0.119435
-0.490221 0.381671
-0.240585 0.752175
0.202342 0.533988
-0.030109 0.109744
-0.453452 0.325489
-0.195124 0.758262
0.231951 0.525072
-2.419055 -1.168693
-0.143359 0.532677
-0.289198 0.139961
-0.352475 0.586579
0.070108 0.706485
0.171491 0.231486
-0.051580 0.125051
-0.377350 0.346380
-0.175098 0.713937
0.140755 0.453029
-0.106602 0.430486
-1.176203 -1.644228
-2.525435 -1.160660
-0.332787 0.258393
-0.332476 0.567756
-0.022666 0.609683
0.058295 0.302747
-0.031426 0.156429
-0.375479 0.441136
-0.176998 0.636939
0.089823 0.442729
-0.139323 0.429522
-0.406993 -0.110203
-2.379553 -0.643206
-0.384904 -0.109398
-0.166172 -0.079178
-0.536981 0.137697
-0.189215 -0.049117
-0.492873 0.097365
-0.384766 -0.022652
-0.219192 -0.029983
-0.489550 0.241973
-0.417827 -0.101680
-0.510348 -0.308259
-2.383985 -0.683585
-0.488689 -0.242398
-0.237957 -0.271578
-0.669592 -0.089389
-0.278102 -0.239765
-0.615141 0.020892
-0.550310 -0.286966
-0.548312 -0.287345
-0.680325 -0.520992
-0.662136 -0.468528
-0.452951 -0.246491
-2.455047 -0.660999
-0.164179 -0.319769
-0.564846 -0.489902
-0.726264 -0.062847
-0.782841 -0.530495
-0.673860 -0.458413
-0.674953 -0.475800
-0.839555 -0.762157
-0.822890 -0.756305
-0.741498 -0.825059
-0.887375 -0.748939
-2.541278 -0.680525
-0.853932 -0.786097
-0.830591 -0.693498
-0.929217 -0.986631
-0.919442 -0.917434
-0.826953 -1.064985
-0.991351 -0.961875
-0.965261 -0.978313
-0.910206 -0.838449
-1.032786 -1.191965
-1.050121 -1.171974
-2.623395 -0.729781
-0.945608 -1.277144
-1.141518 -1.149663
-1.052830 -1.164859
-1.050298 -1.145365
-1.167238 -1.505771
-1.329274 -1.673910
-1.194237 -1.370635
-1.323221 -1.733334
-1.440821 -1.831452
-1.522436 -1.944003
-2.601907 -0.888879
-1.443012 -1.939454
-1.505951 -1.980023
-1.689645 -2.212868
-1.770935 -2.288831
-1.894739 -2.483916
-1.822549 -2.371151
-2.025771 -2.705339
-1.996985 -2.691563
-2.055348 -2.810024
-2.120253 -2.875051
-2.514583 -0.971165
-1.527961 -2.025573
-1.659917 -2.267155
-1.778472 -2.420290
-1.874504 -2.590765
-2.008764 -2.795791
-2.091169 -2.879149
-2.128548 -2.937704
-1.621020 -2.262113
-1.737009 -2.475411
-1.831249 -2.590692
-2.660239 -0.849902
-1.900757 -2.777172
-1.973992 -2.949946
-2.081047 -3.041619
-2.057747 -3.111574
-1.645547 -2.429325
-1.720151 -2.590112
-1.813751 -2.717728
-1.865676 -2.878807
-1.952142 -3.076783
-2.007605 -3.166621
-2.475439 -0.380186
-2.013803 -3.186229
-1.584378 -2.421165
-1.634160 -2.596114
-1.666934 -2.640642
-1.802393 -2.568638
-1.690251 -2.729202
-1.751484 -2.880094
-1.743320 -2.745075
-1.878636 -2.706793
-1.839910 -2.980701
-1.298816 -1.755844
-2.487560 -0.335882
-1.879183 -3.004392
-1.903266 -2.919371
-1.930149 -3.161173
-1.967481 -3.125266
-1.956982 -3.087178
-1.964047 -3.201076
-1.991982 -3.183420
-1.988774 -3.171119
-1.507323 -2.400424
-1.585029 -2.543998
-2.534241 -0.395183
-1.656518 -2.704512
-1.725596 -2.826232
-1.803355 -2.976849
-1.881408 -3.150480
-0.582211 0.704807
-0.579667 0.748301
-0.601780 0.491314
-0.491676 0.829314
-0.589443 0.543386
-0.416690 0.848503
-2.591010 -0.443036
-0.597064 0.755955
-0.555988 0.539023
-0.325802 0.796433
-0.497774 0.684844
-0.776534 0.844279
-0.689613 0.823542
-0.801084 0.536268
-0.537451 0.964320
-0.741357 0.604903
-0.531702 0.910056
-2.672424 -0.539205
-0.750463 0.830929
-0.716775 0.859578
-0.994958 0.931378
-0.973717 0.911292
-0.779536 0.765713
-0.839713 0.464901
-1.074037 0.810379
-0.582699 0.983749
-0.924256 1.089799
-1.031716 1.016322
-2.743520 -0.482410
-0.941974 0.954403
-1.368269 1.118122
-1.363090 1.103370
-1.400889 0.987134
-1.262013 1.145098
-1.235964 1.089791
-1.191771 1.077733
-1.593503 1.166440
-1.534567 1.184876
-1.595826 1.101937
-2.658834 -0.569191
-1.558729 1.260479
-1.456318 1.179920
-1.427141 1.187192
-1.752570 1.268250
-1.803834 1.308560
-1.773920 1.163068
-1.796643 1.409835
-1.728309 1.308622
-1.635607 1.280480
-2.022271 1.388114
-2.747944 -0.552197
-2.011969 1.427687
-1.778295 1.345602
-2.240984 1.470637
-2.342488 1.548465
-2.540677 1.697629
-2.381123 1.506024
-2.568583 1.643688
-2.873366 1.865510
-3.055723 2.006109
-3.200538 2.097531
-2.541284 -0.042999
-3.127093 2.027321
-3.407519 2.170601
-3.332384 2.108887
-3.464531 2.161993
-3.523168 2.170516
-2.573958 1.615739
-2.913873 1.843883
-3.080184 1.964313
-3.278100 2.060692
-3.391589 2.101209
-2.556475 -0.064993
-3.532048 2.143389
-3.636419 2.161322
-2.780939 1.724458
-3.099948 1.887662
-3.233955 1.988639
-3.367595 1.988812
-3.543252 2.045889
-3.650120 2.107709
-3.713181 2.148798
-2.980420 1.789444
-2.607177 -0.132923
-3.115638 1.836722
-3.275611 1.882303
-3.454816 1.946506
-3.657121 2.039320
-3.734504 2.082984
-3.748101 2.086100
-2.908535 1.762230
-3.084129 1.777632
-3.158006 1.702703
-2.966366 1.929502
-1.312885 -1.285350
-2.655366 -0.101712
-3.253081 1.804201
-3.443285 1.892398
-3.293511 1.792172
-3.154213 1.984012
-3.594368 1.978645
-3.562982 1.979504
-3.540204 2.022970
-3.678677 2.017195
-3.710299 2.048265
-3.686359 2.072575
-2.721657 -0.187151
-3.711797 2.038754
-3.769428 2.102862
-3.754123 2.102709
-2.805460 1.764588
-2.908263 1.750822
-3.149785 1.770181
-3.343440 1.794865
-3.508897 1.889870
-3.645151 1.973992
0.095985 0.937378
-2.826388 -0.113319
0.179360 0.933186
0.010790 0.943957
0.248442 0.701310
-0.045877 0.909362
0.291899 0.779453
0.163587 0.904333
-0.040420 0.870811
0.189717 0.704747
0.172891 0.895375
0.241001 1.118802
-2.850247 -0.194232
0.229892 1.051047
0.073839 1.125311
0.413908 0.891005
0.021501 1.064183
0.365157 0.820429
0.223310 1.153320
0.241910 1.133653
0.329510 1.295126
0.375153 1.415274
0.286550 1.074084
-2.551218 0.138151
-0.018881 1.144005
0.189159 1.264793
0.473030 0.828372
0.474243 1.273018
0.335515 1.366789
0.302307 1.322684
0.523189 1.732684
0.478224 1.643404
0.410003 1.728247
0.589309 1.651568
-2.573918 0.141457
0.431818 1.554056
0.414659 1.530184
0.571104 1.892062
0.573963 1.874028
0.486513 1.984116
0.649547 1.813278
0.511187 1.705048
0.501796 1.713146
0.608716 2.039824
0.666412 2.089140
-2.602440 0.108627
0.549220 2.058904
0.749447 2.029470
0.708135 2.176719
0.590617 1.924739
0.787289 2.355543
0.788229 2.480506
0.752698 2.407244
0.865150 2.621705
0.918468 2.820662
0.860697 2.716251
-2.705264 -0.001532
1.004533 2.821094
0.989058 2.933166
1.010546 3.061340
1.047533 3.499413
1.097593 3.639336
1.101938 3.563783
1.202538 3.814409
1.148794 3.732602
1.228923 3.843487
1.253778 3.868388
-2.769847 0.059636
1.041175 2.946400
1.039099 3.104774
1.105931 3.347608
1.152035 3.602286
1.249844 3.788593
1.289869 3.866153
1.379522 3.969432
1.112848 3.110860
1.171100 3.302810
1.160209 3.444630
-2.860725 0.188539
1.265839 3.652770
1.320397 3.783105
1.420562 3.914758
1.464286 3.983782
1.260579 3.142876
1.341820 3.378949
1.324264 3.459489
1.411008 3.686276
1.487900 3.873346
1.532711 3.957612
-1.361312 -1.256786
-2.786308 0.044390
1.541427 3.989549
1.271565 3.147118
1.363045 3.314482
1.179772 3.340114
1.386284 3.337173
1.461104 3.527731
1.446869 3.584289
1.267352 3.523614
1.417460 3.498969
1.560401 3.746463
-2.874701 0.194622
1.499973 3.762901
1.493428 3.789469
1.579589 3.821500
1.506363 3.881594
1.523854 3.930110
1.562682 3.947995
1.544946 3.997007
1.546538 3.957137
1.267959 3.111171
1.318208 3.231896
-2.534744 0.290306
1.411057 3.439095
1.475579 3.581477
1.543966 3.671819
1.593750 3.773695
0.358634 0.168948
0.320481 0.148700
0.355052 0.361479
0.153279 0.034902
0.366710 0.366055
0.145763 0.012050
-2.569577 0.346358
0.363448 0.141852
0.289821 0.348217
0.128173 0.067718
0.278607 0.127375
0.542320 -0.053942
0.496000 -0.031982
0.541368 0.189717
0.287724 -0.123328
0.511471 0.284779
0.229280 -0.099523
-2.619167 0.299435
0.580905 -0.033190
0.583117 0.003698
0.716954 -0.166146
0.733251 -0.156935
0.500160 -0.051154
0.525877 0.040410
0.874587 -0.161717
0.302604 -0.171700
0.671532 -0.215875
0.770839 -0.156681
-2.677623 0.350617
0.691691 -0.093189
1.002490 -0.353905
0.973633 -0.290063
0.953544 -0.204700
0.894006 -0.375513
1.010044 -0.313184
0.962475 -0.258502
1.250397 -0.550442
1.228190 -0.519957
1.154240 -0.387008
-2.811371 0.444958
1.151804 -0.589638
1.213563 -0.463881
1.127118 -0.393034
1.287098 -0.569247
1.395012 -0.680431
1.407102 -0.526252
1.319265 -0.746958
1.385985 -0.650819
1.352387 -0.588579
1.528412 -0.781618
-2.857946 0.371924
1.714004 -0.903750
1.613787 -0.805087
1.798280 -0.950848
1.909297 -1.052997
1.963559 -1.106787
1.967300 -1.028314
2.103914 -1.163766
2.184230 -1.296617
2.293366 -1.488681
2.501962 -1.747963
-2.822809 0.295849
2.423830 -1.617190
2.589565 -1.834073
2.634044 -1.830296
2.720503 -1.897219
2.789291 -1.967688
2.091142 -1.156215
2.243482 -1.317394
2.400825 -1.501361
2.524205 -1.667651
2.713081 -1.862720
-2.909845 0.418239
2.844163 -1.935685
2.858681 -1.959686
2.242335 -1.282339
2.482762 -1.450446
2.582643 -1.604642
2.696790 -1.724958
2.851649 -1.877132
2.906305 -1.932734
2.985783 -1.974329
2.401399 -1.387771
-1.653877 -1.688068
-2.383405 0.832562
2.537472 -1.458079
2.625503 -1.577117
2.783864 -1.725330
2.933940 -1.897554
3.033466 -1.947993
3.026505 -1.964037
2.335342 -1.357842
2.535350 -1.441471
2.522756 -1.318212
2.477365 -1.620660
-2.494737 0.731429
2.646409 -1.541489
2.781291 -1.666583
2.735914 -1.621728
2.584836 -1.676792
2.897572 -1.788236
2.868970 -1.765859
2.829984 -1.781295
2.984051 -1.924221
2.993176 -1.836525
3.009300 -1.924679
-2.593812 0.621822
3.043248 -1.909414
3.102766 -1.855430
3.026067 -1.946605
2.283918 -1.403616
2.462275 -1.422586
2.593277 -1.491346
2.740448 -1.619336
2.876493 -1.746249
2.991304 -1.856466
-1.561389 -2.580387
-2.714287 0.639169
-1.866186 -2.447561
-3.147656 1.588126
-2.893653 2.025243
1.156978 3.465585
1.529907 3.008253
2.512274 -1.176397
2.393925 -1.666635
0.017170 -0.145730
0.013855 -0.062766
0.018283 -0.287811
-2.837761 0.695368
0.035944 -0.233658
-0.105623 -0.275819
0.203941 -0.248669
0.022473 -0.167036
0.083749 -0.282027
-0.347956 -0.384505
-0.714147 -0.929747
-0.801517 -1.104778
-0.847682 -1.272272
-0.665697 0.264946
-2.870627 0.642404
-0.604413 0.309604
-0.778695 0.264766
-0.798952 0.311467
-0.746394 0.069237
-0.806926 0.333965
-0.711499 0.294143
-0.815372 0.328618
-0.773107 -0.326210
-0.849233 -0.623693
-1.053795 -0.944206
-2.859505 0.547934
-1.273741 -1.168727
-1.136994 0.776253
-1.379962 0.911881
-1.549477 0.984643
-1.752786 0.991808
-0.290576 0.940220
-0.276145 0.925606
-0.295891 1.114560
-0.291896 1.101801
-0.478289 1.058141
-2.868970 0.658106
-0.150346 1.140617
-0.252582 1.011054
-0.254870 1.130166
-0.775454 1.095400
-1.352765 1.242666
-1.584881 1.374170
-1.716039 1.489929
0.084656 1.303591
0.406066 1.848864
0.448622 1.933379
-2.333782 1.026864
0.430866 2.156813
0.403913 0.526407
0.379818 0.581885
0.581583 0.585934
0.534685 0.631093
0.539148 0.673736
0.604945 0.349400
0.406619 0.520274
0.537358 0.634835
0.558402 1.284567
-2.434743 0.937381
0.596915 1.559194
0.749644 1.822830
0.863951 1.953442
0.792911 0.067051
0.976678 -0.185831
1.274902 -0.355151
1.503063 -0.397272
0.455490 -0.260180
0.996046 -0.495708
1.075785 -0.568658
