1005 2
-0.770540 -0.973393
-1.104874 -1.016270
-1.320089 -0.876738
-0.738419 1.708008
2.054212 -1.901350
2.328581 -0.039095
1.967940 0.467665
2.423478 0.926839
2.778703 0.325337
-1.258377 1.854948
-1.441860 1.910183
-1.526508 1.951095
-1.589874 1.903263
-1.601218 1.900357
-1.628843 1.872446
-0.274820 2.115827
-0.843747 2.057073
0.008383 1.932118
-1.175882 -1.305145
-1.023200 2.129846
-1.357500 2.048003
-1.455347 2.029435
-1.487664 2.106354
-1.580064 2.166160
-1.476866 2.490822
-1.509552 2.089122
0.234452 2.143557
-0.321052 2.242601
-0.585659 2.254791
-1.381689 -1.127810
0.080252 2.034799
-0.792301 2.295664
-1.056195 2.377210
-1.332806 2.342191
-1.407587 2.184577
-1.378364 2.191501
-0.288061 2.306614
-0.540245 2.323158
-0.293950 2.282794
-0.376308 2.298452
-1.477423 -0.860329
-0.013418 2.272049
0.035703 2.269555
-0.740920 2.368373
-0.608344 2.308785
-0.882171 2.372625
-0.758008 2.280973
-1.035899 2.377862
-0.961047 2.324394
-1.144484 2.280727
-1.026671 2.220159
-1.317692 -1.357243
-1.218637 2.432877
-1.192348 2.215959
-1.011174 2.168864
-0.226782 2.225820
-0.412531 2.229704
0.039547 2.242472
-0.565484 2.194317
-0.702552 2.201323
-0.849617 2.234914
-0.876714 2.101386
-1.601798 -1.072990
-1.144603 2.460075
-0.983085 2.338206
-0.917841 2.109231
-0.300594 2.086383
-0.356340 2.071392
-0.488990 2.126612
-0.571723 2.036891
-0.681585 2.013355
-0.760948 1.986412
-0.761662 2.121566
-1.644482 -0.994525
-0.774117 1.956851
-0.256475 1.953274
-0.296599 1.948526
-0.374792 1.942636
-0.497860 1.924907
-0.631285 1.888959
-0.661159 1.864826
-0.651615 1.937469
-0.685348 1.861562
-0.220953 1.881739
-1.503799 -1.532465
-0.253482 1.828283
-0.260618 1.837488
-0.424633 1.829646
-0.549468 1.806307
-0.598452 1.736210
-0.608227 1.868486
-0.589744 1.657464
-0.157339 1.758728
-0.146582 1.719357
-0.224578 1.691280
-1.625624 -1.179557
-0.295486 1.666080
-0.425660 1.581787
-0.494448 1.582386
-0.450562 1.621216
-0.498542 1.545796
-0.075930 1.627463
-0.073157 1.583500
-0.121155 1.534091
-0.229134 1.497461
-0.373599 1.510825
-1.690381 -0.913105
-0.424811 1.463544
-0.485911 1.495812
0.040585 1.464336
0.026298 1.431165
-0.026359 1.388993
-0.161636 1.318033
-0.240697 1.303980
-0.340292 1.265677
-0.288877 1.307151
-0.385682 1.305459
-1.074993 -0.806634
-1.713280 -1.304798
0.203887 1.227027
0.170545 1.220008
0.117621 1.131406
0.064875 1.116037
-0.155660 1.118522
-0.249440 1.061973
-0.220231 1.226113
-0.284366 1.087666
0.420752 1.076144
0.261756 1.067800
-1.633370 -1.230081
0.230347 0.985701
0.100353 0.971595
-0.057122 0.929770
-0.127946 0.918014
-0.093346 1.000304
-0.160091 0.923674
0.558594 0.930912
0.476209 0.871180
0.584987 1.020416
0.308432 0.865646
-1.690851 -0.941902
0.212760 0.794187
0.037564 0.758564
0.019901 0.697243
-0.010966 0.775629
-0.080681 0.776744
0.668542 0.813887
0.538460 0.802499
0.991461 0.959833
0.451462 0.628859
0.313599 0.628095
-1.584408 -1.444998
0.115325 0.600911
0.109931 0.521291
-0.015071 0.531582
0.035654 0.382860
0.081672 0.425515
1.001324 0.801538
0.715460 0.605105
0.636644 0.570359
1.001152 0.903447
0.530911 0.400677
-1.580628 -1.466745
0.397050 0.330747
0.199406 0.241414
0.219587 0.039228
0.185400 0.148104
0.827083 0.390441
0.706590 0.237563
0.827058 0.134059
0.790602 0.036638
0.970511 0.551271
1.057464 0.537371
-1.276890 -0.498905
0.573118 0.236392
0.675485 -0.105735
0.431261 0.069802
0.510032 -0.245846
0.386986 -0.217512
0.409214 -0.351509
0.313770 -0.188096
0.430364 -0.510141
0.160856 -0.056139
0.321769 -0.319160
-1.331630 -0.569353
0.374661 -0.463429
0.875189 -0.343910
0.793633 -0.359957
0.965630 0.239582
0.745479 -0.420150
0.587219 -0.482152
0.529214 -0.650608
0.489787 -0.701639
0.249424 -0.219102
0.470707 -0.563158
-0.936729 -0.688813
0.517975 -0.798949
0.892707 -0.585100
0.883492 -0.623605
0.767353 -0.643910
0.695942 -0.735103
0.642616 -0.932989
0.610600 -1.005761
0.590377 -0.821415
0.605341 -1.069416
0.946580 -0.954173
-1.402580 -0.701522
0.939000 -1.013897
0.884555 -1.048770
0.832256 -1.169312
0.725293 -1.217832
0.695421 -1.258431
0.700595 -1.130818
0.695747 -1.273239
1.030068 -1.173505
0.982709 -1.196061
0.968021 -1.328756
-1.616754 -0.450961
0.887236 -1.407809
0.811872 -1.437882
0.767965 -1.472867
0.792847 -1.381893
0.764739 -1.501150
1.142426 -1.439438
1.080762 -1.462487
1.046097 -1.534715
0.947498 -1.598029
0.907480 -1.668301
-1.220601 -0.794185
-1.693076 -0.566250
0.842148 -1.668708
0.850162 -1.536704
0.833472 -1.669389
1.188708 -1.621332
1.175968 -1.672232
1.121210 -1.697644
1.081443 -1.804625
0.934841 -1.787003
0.927333 -1.881926
0.899853 -1.866433
-1.734308 -0.503379
1.300211 -1.800046
1.297562 -1.883831
1.230791 -1.906572
1.115984 -1.899438
1.080193 -2.015254
0.986758 -2.041299
1.006442 -1.974088
0.974252 -2.085693
1.494418 -2.016358
1.416725 -1.998881
-1.701502 -1.128992
1.301941 -2.028615
1.187545 -2.085884
1.154060 -2.338053
1.076009 -2.287090
1.069599 -2.134270
1.068788 -2.322813
1.661218 -2.127219
1.517482 -2.119111
1.443505 -2.234330
1.305533 -2.327446
-1.706913 -0.781064
1.193165 -2.451303
1.152858 -2.529327
1.132141 -2.399877
1.129421 -2.461676
1.722491 -2.220243
1.555333 -2.319111
1.903277 -2.073510
1.499772 -2.446832
1.404326 -2.644905
1.328129 -2.780153
-1.755256 -0.636422
1.180075 -2.731220
1.217750 -2.531291
1.184660 -2.793165
1.746630 -2.373604
1.626425 -2.487140
2.020346 -2.036658
1.539006 -2.564013
1.421925 -2.793979
1.338942 -2.830686
1.194893 -2.989542
-1.392517 -0.281979
1.421641 -3.044606
1.389604 -3.058315
1.174428 -2.981582
2.045811 -2.054348
1.736356 -2.403715
1.659168 -2.556052
2.014318 -2.101133
1.503355 -2.790838
1.413252 -2.912235
1.199861 -3.115355
-1.481713 -0.160990
1.140268 -3.133395
1.099007 -3.174182
1.618480 -2.450170
1.371103 -2.631735
1.164143 -2.623884
1.081700 -2.719517
1.965701 -2.113301
1.856210 -2.166366
1.153450 -2.821783
1.047200 -2.859453
-1.593738 -0.211092
1.151361 -3.006066
0.929779 -2.973869
1.061430 -3.143257
0.892446 -3.186774
0.998468 -3.183793
0.854917 -3.215566
1.164387 -3.304358
0.950535 -3.202704
0.770579 -3.216591
0.934332 -2.644827
-1.621099 -0.344555
0.850536 -2.761211
1.235725 -2.509917
0.859056 -2.872814
0.771956 -2.979127
0.571406 -3.121793
0.626017 -3.198470
1.121631 -3.368307
0.806241 -3.232638
0.456169 -3.199023
0.379999 -2.724514
-1.702908 -0.318895
0.444199 -2.757374
0.500084 -2.878065
0.419301 -2.953354
0.318157 -3.053579
0.371672 -3.148785
0.444976 -3.131500
0.223247 -3.129408
0.237078 -2.721767
0.211011 -2.736985
0.319917 -2.834776
-0.395838 -1.042759
-1.771993 -0.377960
0.126614 -2.923271
0.149217 -3.015826
0.056676 -3.061445
0.221860 -3.060699
0.013264 -3.064391
0.040688 -2.663403
0.006927 -2.684495
-0.013574 -2.738799
-0.103032 -2.795296
-0.163884 -2.890165
-1.761701 -0.522561
-0.105816 -2.986065
0.001851 -3.010216
-0.199193 -2.977400
-0.223717 -2.558699
-0.171580 -2.587585
-0.207807 -2.654111
-0.277119 -2.746724
-0.339112 -2.799375
-0.321825 -2.868007
-0.341944 -2.822634
-1.832414 -0.236264
-0.422446 -2.830239
-0.341989 -2.465631
-0.354050 -2.488572
-0.382519 -2.529529
-0.379782 -2.603180
-0.443988 -2.733990
-0.495306 -2.740332
-0.573808 -2.715208
-0.461149 -2.348437
-0.466878 -2.373897
-1.536103 0.108887
-0.511066 -2.426271
-0.632955 -2.438453
-0.705582 -2.530420
-0.748725 -2.532648
-0.614670 -2.657840
-0.676897 -2.637187
-0.587678 -2.079486
-0.596550 -2.133588
-0.638350 -2.230670
-0.755392 -2.333351
-1.569344 0.130051
-0.796479 -2.429263
-0.843977 -2.475983
-0.741553 -2.552962
-0.963927 -2.394923
-0.614455 -1.886757
-0.637940 -1.951703
-0.789279 -2.078603
-0.961638 -2.023316
-1.077975 -2.079523
-1.061024 -2.258224
-1.634978 0.128641
-0.924655 -2.348039
-1.080067 -2.251620
-0.527031 -1.450643
-0.752070 -1.685232
-0.464981 -1.453977
-0.956533 -1.801640
-1.048546 -1.905649
-1.213327 -1.946274
-1.188436 -2.069507
-1.115710 -2.150485
-1.674224 -0.114872
-1.184991 -2.107034
-0.529657 -1.308690
-0.849545 -1.388741
-0.402922 -1.334853
-1.036657 -1.509554
-1.162777 -1.702863
-1.292326 -1.813429
-1.330739 -1.840337
-1.498232 -1.919173
-1.483910 -1.836225
-1.797774 0.039112
-1.389357 -1.842435
-0.377251 -1.132617
2.387395 0.472427
2.369819 0.468051
2.181546 0.116614
2.133674 0.217343
2.238088 0.748124
2.244195 0.631382
2.627102 0.631078
2.650153 0.666790
-1.837739 0.003885
2.559877 0.109082
2.649172 0.044786
2.354704 0.047212
2.024156 0.411685
2.404000 0.790023
2.811945 0.402892
2.397369 0.021310
2.154443 0.445079
2.418452 0.750306
2.733187 0.327130
-1.776550 -0.170342
2.435259 0.408252
2.175860 0.238817
2.202521 0.581243
2.640872 0.550461
2.545345 0.155069
2.396448 0.083868
2.151569 0.501041
2.372343 0.658762
2.643062 0.385708
2.407284 0.404798
-0.863368 -1.149885
-1.871495 -0.043500
2.285270 0.295791
2.271677 0.571282
2.601027 0.548720
2.526003 0.236868
2.386240 0.231153
2.228284 0.416518
2.485150 0.585410
2.580578 0.370287
2.385352 0.356442
2.007627 0.065861
-1.583153 0.350811
2.025884 0.019968
2.207703 -0.031089
1.975595 0.272109
2.130521 -0.025145
1.937312 0.274366
2.039691 0.064673
2.168629 0.004140
2.029140 0.240062
2.023498 0.147904
1.772563 -0.058918
-1.584436 0.339615
1.908923 -0.017211
2.100781 -0.237176
1.716828 0.171517
2.039545 -0.122256
1.802503 0.176944
1.772799 -0.113427
1.854642 0.007021
1.596151 -0.174020
1.590481 -0.210018
1.918532 -0.082305
-1.660271 0.305855
2.175747 -0.311608
1.510716 -0.324638
1.818148 0.119010
1.464117 -0.108306
1.590496 -0.250670
1.598744 -0.262443
1.120550 -0.430952
1.191743 -0.463975
1.202305 -0.469392
0.973538 -0.411600
-1.711107 0.273619
1.320282 -0.432908
1.390681 -0.423820
0.757627 -0.580027
0.967659 -0.546151
0.927892 -0.615561
0.708750 -0.521969
1.022233 -0.579754
1.249386 -0.492469
0.254459 -0.754476
0.294747 -0.779853
-1.787932 0.253940
0.036929 -1.007794
0.013066 -0.772637
0.513218 -0.699221
0.898568 -0.638929
-0.453550 -1.057351
-0.551195 -1.096429
-0.570328 -1.113604
-0.960185 -1.192119
-1.151700 -1.287746
-1.060633 -1.266168
-1.840110 0.172855
-1.117442 -1.242808
-1.174481 -1.284604
-1.307658 -1.359621
-1.740524 -1.436698
-1.983037 -1.502770
-1.927290 -1.474074
-2.230243 -1.576534
-2.169737 -1.574038
-2.260620 -1.592321
-2.273938 -1.600361
-1.785639 0.128432
-1.321550 -1.366074
-1.416043 -1.408873
-1.862855 -1.522532
-2.043391 -1.550213
-2.218151 -1.614653
-2.296101 -1.626218
-2.363106 -1.684785
-1.474554 -1.455594
-1.734792 -1.572320
-1.963511 -1.601415
-1.899235 0.243124
-2.074798 -1.612387
-2.288919 -1.745609
-2.381589 -1.699064
-2.437279 -1.729406
-1.696358 -1.613700
-1.844537 -1.689149
-1.932517 -1.723578
-2.172246 -1.818156
-2.310895 -1.814388
-2.438573 -1.841749
-1.574202 0.632658
-2.502975 -1.863122
-1.680336 -1.594617
-1.825221 -1.684665
-1.767243 -1.796450
-1.844561 -1.601065
-1.978444 -1.755739
-2.158918 -1.849874
-1.995619 -1.835436
-2.031897 -1.651398
-2.281447 -1.880176
-1.004867 -1.202487
-1.581400 0.524919
-2.116919 -1.816903
-2.237020 -1.784934
-2.366215 -1.883874
-2.383754 -1.881772
-2.403696 -1.834100
-2.453709 -1.890149
-2.492373 -1.841070
-2.478720 -1.877935
-1.681624 -1.565149
-1.752761 -1.628478
-1.652947 0.559276
-1.951798 -1.729491
-2.100119 -1.799563
-2.221129 -1.848765
-2.344708 -1.890974
2.044846 0.905804
2.080056 0.885285
2.027065 0.638087
2.273525 0.927938
2.035895 0.679186
2.224336 0.875064
-1.712593 0.568364
2.114543 0.878438
2.023840 0.656133
2.306658 0.808604
2.117299 0.834445
1.953066 1.118518
1.941494 1.025705
1.837265 0.780192
2.106364 1.135712
1.872078 0.753094
2.199425 1.082168
-1.783894 0.573068
1.967359 1.116433
2.055572 0.979824
1.605291 1.428462
1.653350 1.503479
1.982610 1.155913
1.838962 0.864835
1.509630 1.409573
2.159201 1.196116
1.708356 1.420086
1.701568 1.540763
-1.855765 0.542524
1.795548 1.412372
1.287029 1.705134
1.461887 1.689369
1.263470 1.638547
1.383112 1.672481
1.508750 1.730812
1.600043 1.657786
0.915752 1.929002
1.029603 1.955238
0.992587 1.795647
-1.813960 0.719052
0.982978 1.911458
1.244572 1.904894
1.380193 1.873054
0.654999 2.039504
0.787999 2.072004
0.637707 1.891805
0.702116 2.036126
0.925701 2.082401
1.156089 2.037432
0.300943 2.191852
-1.899543 0.628801
0.249403 2.334090
0.819834 2.231900
-0.564698 2.509658
-0.631259 2.709704
-0.772274 2.824544
-0.773693 2.520387
-0.861086 2.676094
-0.943268 2.835200
-1.016693 2.967237
-1.201655 3.193371
-1.557058 0.759061
-1.160010 3.048450
-1.321075 3.276056
-1.318097 3.189836
-1.383068 3.263073
-1.435459 3.320847
-1.005971 2.555283
-1.107691 2.784591
-1.199316 2.965657
-1.344534 3.089778
-1.464613 3.212049
-1.567143 0.860200
-1.530805 3.299392
-1.616875 3.373806
-1.197113 2.553816
-1.345077 2.868744
-1.432684 3.023189
-1.511334 3.090135
-1.542426 3.201819
-1.661653 3.304604
-1.726433 3.337092
-1.396843 2.661897
-1.609998 0.888985
-1.443391 2.747763
-1.524514 2.927705
-1.608411 3.078983
-1.694754 3.191637
-1.732492 3.283021
-1.783023 3.334188
-1.431506 2.496768
-1.504112 2.641859
-1.490249 2.767905
-1.396473 2.749186
-0.527106 -0.868965
-1.690067 0.948273
-1.563248 2.812125
-1.623358 2.980959
-1.546353 2.855076
-1.555677 2.968820
-1.707695 3.168355
-1.653339 3.065567
-1.669063 3.124279
-1.748561 3.225392
-1.716246 3.154679
-1.720575 3.212374
-1.802728 0.804597
-1.825618 3.320069
-1.813979 3.328285
-1.792402 3.313675
-1.459857 2.367707
-1.514323 2.536554
-1.612357 2.749893
-1.706014 2.970908
-1.739429 3.096501
-1.758475 3.141859
2.692009 0.839931
-1.848546 0.784444
2.726628 0.794005
2.599187 0.864283
2.851444 0.572651
2.567132 0.866865
2.810190 0.591203
2.737865 0.775269
2.609190 0.771020
2.758073 0.527709
2.686801 0.683877
2.664003 0.989549
-1.881271 0.790239
2.650496 0.933117
2.503244 1.084658
2.831800 0.632795
2.543920 1.036810
2.824741 0.644060
2.732878 1.057129
2.762866 1.081998
2.492659 1.031349
2.405108 1.202373
2.751204 0.936115
-1.494842 1.087729
2.702706 1.083052
2.461859 1.087217
2.909328 0.645211
2.410894 1.011811
2.563960 1.219464
2.649671 1.275269
1.760677 1.076436
1.967516 1.175516
1.659318 1.101011
1.805030 1.027989
-1.497083 1.075438
1.992063 1.317564
2.096505 1.343686
1.443072 0.995968
1.505558 1.078409
1.339531 1.039034
1.363977 0.890756
1.753824 1.192025
1.900866 1.324588
1.223877 0.901011
1.198693 0.919255
-1.593054 1.137107
1.189284 0.978560
1.233259 0.820721
1.228723 0.976894
1.421438 1.104493
0.958991 0.775948
1.040380 0.855592
1.129309 0.930734
0.725379 0.643957
0.710175 0.657206
0.834446 0.754414
-1.652555 1.168074
0.501129 0.488724
0.417115 0.481316
0.301990 0.490716
0.080330 0.488044
-0.213844 0.366476
-0.099671 0.373834
-0.324963 0.360890
-0.272280 0.312830
-0.366636 0.307509
-0.435186 0.284893
-1.764813 1.116573
0.420681 0.387432
0.288586 0.412802
0.041967 0.323176
-0.244584 0.258645
-0.318086 0.238631
-0.484180 0.230667
-0.553649 0.169578
0.278607 0.306656
0.032428 0.235845
-0.060914 0.231009
-1.813675 1.063321
-0.292662 0.174831
-0.374208 0.148597
-0.526412 0.131997
-0.577748 0.105722
0.075343 0.128556
-0.079403 0.100609
-0.121420 0.135437
-0.320624 0.070483
-0.465607 0.052372
-0.541886 0.071183
-0.573639 -0.847232
-1.821015 0.831275
-0.596333 0.079472
0.140123 0.125664
-0.026374 0.089688
-0.079363 0.223514
0.000522 0.022938
-0.108220 0.074914
-0.265773 0.032729
-0.232869 0.154575
-0.189660 0.016488
-0.425285 0.031044
-1.820578 1.159609
-0.386335 0.109240
-0.375716 0.029158
-0.518314 0.036716
-0.528450 0.019545
-0.463781 0.053186
-0.583076 0.018905
-0.559987 0.080415
-0.588872 0.064997
0.162456 0.050601
0.059123 0.041084
-1.348763 1.409597
-0.104545 0.067150
-0.179597 0.042358
-0.347117 0.015091
-0.505603 0.006711
2.642064 -0.142370
2.713735 -0.094681
2.835830 0.125048
2.496097 -0.177198
2.790157 0.103186
2.542558 -0.086860
-1.377758 1.414265
2.678904 -0.052628
2.757821 0.105586
2.591368 -0.057354
2.718782 -0.050533
2.675890 -0.338181
2.702453 -0.173643
2.862107 -0.013421
2.535437 -0.310980
2.836272 0.028632
2.524612 -0.336787
-1.519733 1.288087
2.779519 -0.264218
2.766391 -0.271480
2.647714 -0.666839
2.707330 -0.810211
2.633132 -0.340177
2.955792 -0.012602
2.769996 -0.507442
2.442625 -0.372899
2.609445 -0.567726
2.779582 -0.656030
-1.597989 1.252488
2.810125 -0.593314
2.497218 -1.340448
2.656431 -1.037513
2.512718 -1.319904
2.444074 -1.254903
2.691307 -1.126759
2.739472 -1.032130
2.375936 -1.590203
2.487230 -1.542176
2.393186 -1.553772
-1.702256 1.345765
2.346367 -1.516776
2.600158 -1.437833
2.634103 -1.347847
2.280758 -1.747392
2.381251 -1.703951
2.262951 -1.757908
2.101485 -1.921052
2.521622 -1.624407
2.552942 -1.586906
2.188438 -1.988957
-1.727630 1.379165
2.302359 -2.040263
2.346875 -2.023136
1.867701 -2.598475
2.053280 -2.643933
2.136291 -2.620546
1.724938 -2.678148
1.853199 -2.688018
2.013085 -3.099154
2.062743 -3.284765
2.063327 -3.479836
-1.763005 1.260161
2.031008 -3.399700
2.074914 -3.689636
2.048030 -3.643423
2.064752 -3.764470
2.064409 -3.816514
1.644483 -2.894108
1.737211 -3.201278
1.908650 -3.406283
1.957639 -3.618927
1.986305 -3.693395
-1.771878 1.416801
2.010914 -3.830325
2.010390 -3.915953
1.567426 -3.175774
1.632307 -3.389358
1.834145 -3.599483
1.856542 -3.715628
1.951493 -3.823503
1.945206 -3.922640
1.961771 -4.047205
1.447283 -3.337316
-1.264984 -0.977213
-1.149601 1.588161
1.565400 -3.494543
1.602316 -3.631520
1.769363 -3.847270
1.818409 -3.936478
1.923554 -4.072643
1.911739 -4.111353
1.348442 -3.335400
1.443325 -3.482969
1.496737 -3.306038
1.513772 -3.514399
-1.284895 1.621694
1.574434 -3.696558
1.622829 -3.789983
1.634081 -3.653454
1.642192 -3.743841
1.703131 -3.903340
1.804330 -3.935680
1.758847 -3.887314
1.843101 -4.053134
1.860932 -3.990631
1.870551 -4.043518
-1.352327 1.678556
1.873954 -4.091559
1.974140 -4.151812
1.912737 -4.095032
1.217602 -3.269890
1.373037 -3.456402
1.496211 -3.609684
1.596510 -3.766868
1.685724 -3.908280
1.736213 -4.066615
-1.675625 -1.878660
-1.468198 1.800353
-1.901329 -1.542594
-1.533461 2.571354
-1.230759 2.605322
-0.067381 0.313181
0.062461 -0.120229
1.475150 -3.200728
1.392905 -3.535582
2.323591 -0.200996
2.305670 -0.137138
2.293004 -0.363807
-1.583874 1.739004
2.317699 -0.331286
2.123403 -0.318456
2.391729 -0.392523
2.275896 -0.254052
2.313452 -0.368687
1.568555 -0.426832
1.311598 -0.504255
0.886082 -0.668399
0.065579 -1.031313
1.862070 0.453151
-1.657108 1.786709
1.884369 0.407719
1.744774 0.500194
1.786420 0.502740
1.704515 0.289538
1.763408 0.602830
1.833078 0.385828
1.715709 0.469783
1.473651 -0.030077
1.109951 -0.326504
0.612861 -0.521027
-1.687088 1.517367
-0.220762 -0.756791
1.502099 1.298417
1.175244 1.629573
0.922515 1.782981
0.406664 1.882634
2.421111 1.010272
2.433553 0.925529
2.393335 1.161608
2.325404 1.151056
2.283719 1.173448
-1.681772 1.732051
2.486479 1.124615
2.417857 1.029069
2.358747 1.177498
2.057559 1.284229
1.229134 1.816468
1.058370 1.921757
0.599110 2.113584
2.355412 1.208738
1.587344 1.125742
1.422223 1.068924
-0.919622 1.750145
1.109372 1.015665
2.872103 0.352397
2.843989 0.411577
2.973268 0.248416
2.952757 0.166534
2.895965 0.516826
2.952339 0.060810
2.881421 0.320265
2.951230 0.118932
2.413314 0.922015
-1.145426 1.907706
2.061525 1.007021
1.496915 0.926583
1.253876 0.759061
2.913180 -0.102151
2.582724 -1.164896
2.413811 -1.499063
2.244596 -1.723223
2.518675 -0.595962
2.408576 -1.289973
2.296495 -1.501068
