1005 2
2.351815 -0.817186
2.424453 -0.947133
2.434381 -1.252870
0.121139 -2.327713
0.855905 1.690767
0.548233 0.071587
0.353767 -0.579837
-0.252100 -0.370558
-0.158625 0.262334
0.180297 -2.684399
0.368320 -2.814090
0.268233 -2.955782
0.202620 -3.004831
0.437473 -2.960742
0.216277 -3.041322
-0.142551 -2.368495
-0.083242 -2.549445
-0.058310 -2.280311
2.587785 -0.737136
-0.129511 -2.681343
-0.071462 -2.851248
-0.052263 -2.987668
-0.063312 -3.028941
0.052414 -3.164203
-0.149049 -3.198182
0.006460 -3.035009
-0.311324 -2.188230
-0.309369 -2.434229
-0.402235 -2.516885
2.636860 -1.057289
-0.163717 -2.269596
-0.334169 -2.719623
-0.431992 -2.836579
-0.594614 -3.028193
-0.661235 -2.978502
-0.530390 -2.996630
-0.592997 -2.296788
-0.676090 -2.432014
-0.906570 -2.272208
-0.973989 -2.298686
2.496452 -1.388032
-0.512511 -2.135040
-0.610949 -2.110202
-0.738142 -2.533480
-0.988467 -2.424122
-0.713388 -2.809209
-1.080037 -2.527117
-0.930782 -2.802736
-1.142002 -2.669655
-0.950986 -2.824091
-1.205479 -2.672902
2.779842 -0.868106
-0.755063 -3.146326
-0.977610 -2.821823
-1.201637 -2.691139
-1.098478 -2.181745
-1.187739 -2.231596
-0.734455 -2.120759
-1.281021 -2.289777
-1.396876 -2.341763
-1.394270 -2.458524
-1.430519 -2.506704
2.755015 -1.259044
-1.063938 -2.850004
-1.326406 -2.604259
-1.416392 -2.539659
-1.447185 -2.027114
-1.464870 -2.066689
-1.475743 -2.198791
-1.578663 -2.200821
-1.648220 -2.243568
-1.587160 -2.374218
-1.543446 -2.389335
2.650819 -1.536597
-1.568053 -2.430542
-1.630459 -1.912353
-1.700569 -1.859542
-1.651932 -1.992343
-1.711948 -2.042971
-1.790055 -2.111538
-1.870925 -2.090252
-1.856218 -2.130422
-1.919152 -2.082352
-1.789591 -1.730701
2.874708 -0.995950
-1.847196 -1.703622
-1.885682 -1.731732
-1.924065 -1.778940
-1.989032 -1.840340
-2.026877 -1.925362
-2.052549 -1.851077
-2.034797 -1.961857
-1.890973 -1.577483
-1.937019 -1.579517
-1.990015 -1.561798
2.780567 -1.316302
-2.033019 -1.703520
-2.142281 -1.616588
-2.215706 -1.575341
-2.156267 -1.674306
-2.238713 -1.606045
-1.983289 -1.443183
-2.016002 -1.420110
-2.095387 -1.412346
-2.192908 -1.393000
-2.295040 -1.380107
2.644274 -1.537488
-2.358107 -1.352166
-2.402937 -1.387387
-2.103988 -1.151921
-2.139197 -1.128651
-2.232145 -1.111932
-2.322329 -1.126331
-2.369551 -1.201547
-2.443790 -1.163212
-2.345906 -1.325531
-2.482776 -1.171363
2.215021 -1.100700
2.972522 -1.264432
-2.197991 -0.578039
-2.218675 -0.779507
-2.307945 -0.801119
-2.401420 -0.836215
-2.471730 -0.975619
-2.530266 -0.942080
-2.435228 -1.098169
-2.547175 -0.958652
-2.235779 -0.287125
-2.268246 -0.396568
2.805713 -1.277249
-2.375819 -0.448486
-2.485547 -0.498649
-2.543456 -0.649621
-2.596893 -0.711318
-2.518260 -0.829751
-2.618921 -0.760085
-2.161669 -0.134499
-2.273469 -0.191060
-2.097906 -0.168730
-2.417013 -0.248634
2.667408 -1.529181
-2.535297 -0.109546
-2.681032 -0.036237
-2.653514 -0.306940
-2.661238 -0.357399
-2.680568 -0.302041
-2.149106 0.130066
-2.275624 0.212358
-1.949367 0.032069
-2.413024 0.066972
-2.579522 0.208564
2.931738 -0.957937
-2.664166 0.228509
-2.702133 0.156276
-2.874556 0.207808
-2.881508 0.385522
-2.706407 0.244569
-1.906031 0.303686
-2.108085 0.322987
-2.201004 0.454490
-1.895281 0.158470
-2.373056 0.482178
2.937735 -0.895907
-2.491731 0.512566
-2.694150 0.608928
-2.675408 0.762843
-2.685997 0.653760
-1.979115 0.529323
-2.095871 0.667393
-1.926703 0.745989
-1.995382 0.875076
-1.863268 0.436164
-1.837424 0.525410
2.159047 -1.361422
-2.264498 0.695905
-2.103639 0.991650
-2.347222 0.795186
-2.253934 1.076191
-2.476744 0.958641
-2.376702 1.129821
-2.548995 0.937613
-2.419162 1.183505
-2.723366 0.922799
-2.595149 0.906170
2.166427 -1.543559
-2.484211 1.157297
-1.852792 1.202734
-1.906824 1.141607
-1.849532 0.651898
-1.940579 1.291851
-2.108720 1.291248
-2.158412 1.349073
-2.234766 1.410224
-2.665543 1.072989
-2.349992 1.274602
2.105025 -0.995850
-2.292714 1.401329
-1.743125 1.352622
-1.730106 1.445796
-1.872069 1.432076
-1.935416 1.501106
-1.958604 1.600412
-2.011570 1.666636
-2.072301 1.492961
-1.981555 1.748481
-1.582264 1.563168
2.228920 -1.649875
-1.573308 1.641502
-1.583621 1.719673
-1.705231 1.753466
-1.789930 1.795881
-1.879797 1.790023
-1.849335 1.820867
-1.859818 1.897162
-1.406211 1.762608
-1.462848 1.741140
-1.465015 1.855526
2.335307 -1.643360
-1.491266 1.904938
-1.474894 2.007836
-1.574722 2.059415
-1.772550 1.872494
-1.677257 2.033956
-1.229530 1.908058
-1.210916 1.936574
-1.280037 1.977745
-1.260181 2.068912
-1.383160 2.074954
2.302228 -1.260098
2.455499 -1.789039
-1.426157 2.128937
-1.359974 2.121090
-1.427132 2.171713
-1.076644 1.995593
-1.046633 2.021679
-0.983829 2.102151
-1.085245 2.122991
-1.054480 2.256971
-1.051651 2.298929
-1.193109 2.303427
2.487143 -1.761914
-0.778848 2.101642
-0.721729 2.144586
-0.810641 2.165783
-0.803428 2.283516
-0.848251 2.329790
-0.902572 2.383364
-1.027415 2.282892
-0.960983 2.429134
-0.444907 2.177798
-0.460005 2.202813
2.833132 -1.473083
-0.450648 2.284154
-0.530647 2.361385
-0.555866 2.445992
-0.543416 2.486263
-0.603035 2.450497
-0.508701 2.554526
-0.165645 2.172987
-0.101297 2.233270
-0.144485 2.313668
-0.227371 2.444058
2.659595 -1.616184
-0.268564 2.516121
-0.208549 2.593603
-0.379978 2.534487
-0.231639 2.612377
0.203946 2.089600
0.122661 2.226873
0.209992 1.993776
-0.001540 2.326383
0.159407 2.527709
0.138499 2.612575
2.537184 -1.695840
0.222517 2.661344
-0.106860 2.624649
0.210963 2.671755
0.430983 2.066336
0.447644 2.167300
0.356781 1.951243
0.496214 2.393025
0.421332 2.537900
0.317157 2.632563
0.414368 2.661244
1.986279 -1.774520
0.335652 2.841054
0.668219 2.868126
0.493867 2.700044
0.629344 1.898577
0.652055 2.043293
0.672324 2.241544
0.485175 1.887547
0.812120 2.370956
0.834360 2.519943
0.824058 2.678422
2.029036 -1.778237
0.836365 2.685101
0.678310 2.698613
0.849608 1.997572
0.946756 2.139689
1.117393 1.907180
1.196376 2.023938
0.784663 1.786860
0.912190 1.800268
1.051254 2.227289
1.290047 2.112845
2.117406 -1.785821
1.092535 2.337286
1.487583 2.152608
1.184371 2.567197
1.473846 2.370321
1.247859 2.506593
1.450160 2.388560
1.176444 2.794277
1.268151 2.536422
1.401022 2.456609
1.302448 1.858754
2.139915 -1.890197
1.436780 1.886373
0.999172 1.790335
1.587431 1.968472
1.623883 2.068167
1.660315 2.207335
1.747195 2.203001
1.385332 2.587383
1.541440 2.402078
1.823442 2.175434
1.744084 1.701817
2.201427 -1.974934
1.840302 1.721530
1.813945 1.794399
1.834265 1.869068
1.827139 2.101144
1.917538 2.040537
1.770727 2.151396
1.904883 2.089259
1.948624 1.553690
1.915265 1.635926
1.956667 1.639053
2.194125 -0.573009
2.330099 -1.994119
2.025087 1.701755
2.020951 1.861026
2.136421 1.855019
1.964126 1.958932
2.122552 1.888690
2.104882 1.410426
2.144139 1.370629
2.160981 1.389483
2.241023 1.484247
2.298581 1.565420
2.336916 -1.887211
2.309199 1.616412
2.161436 1.736800
2.302699 1.648943
2.247325 1.158117
2.255314 1.195072
2.294240 1.232476
2.351161 1.258733
2.415337 1.344707
2.446121 1.401266
2.370274 1.438626
2.235209 -2.071502
2.409268 1.495197
2.363507 0.904540
2.423196 0.863798
2.441998 1.009568
2.500002 0.917596
2.605909 0.899016
2.592734 1.057734
2.626778 1.126117
2.447105 0.714183
2.473979 0.657598
1.839830 -1.951397
2.508847 0.700243
2.614076 0.660501
2.691839 0.670230
2.702124 0.719538
2.643318 0.907434
2.799805 0.779973
2.529145 0.377253
2.524694 0.419032
2.623545 0.409135
2.690283 0.416399
1.833571 -1.981150
2.767982 0.467497
2.849332 0.357818
2.749748 0.595461
2.898436 0.370741
2.470090 -0.009838
2.536765 0.152191
2.653996 0.146206
2.741955 0.191932
2.855064 0.142898
2.909480 0.162045
1.939859 -2.025773
2.805888 0.400358
2.925014 0.182352
2.424318 -0.263962
2.521238 -0.268569
2.341577 -0.243489
2.689515 -0.173832
2.778359 -0.101705
2.905749 -0.007108
2.960726 -0.090276
2.913824 0.053183
1.981493 -2.098346
2.994519 -0.177809
2.399055 -0.419609
2.497821 -0.484080
2.191342 -0.384336
2.603403 -0.426501
2.735200 -0.338097
2.909991 -0.223856
2.982095 -0.326942
3.076589 -0.349693
3.173305 -0.675864
1.997487 -2.195487
2.979119 -0.421382
2.194977 -0.471024
0.189940 -0.178599
0.098668 -0.206537
0.455325 -0.261631
0.448792 -0.250792
0.050172 -0.524654
0.030507 -0.490740
-0.179765 -0.032067
-0.151740 -0.102617
1.999658 -2.289953
0.176806 0.238602
0.233646 0.138249
0.411569 0.070371
0.323359 -0.425063
-0.119383 -0.423464
-0.028658 0.199739
0.438334 0.006303
0.289050 -0.424995
-0.168949 -0.390884
-0.024433 0.158293
2.155636 -2.106285
0.129034 -0.114164
0.386400 -0.219518
0.065077 -0.495956
-0.127255 -0.107899
0.186628 0.102381
0.386241 0.010485
0.250580 -0.427592
-0.086094 -0.286860
0.013366 0.084952
0.122889 -0.198954
2.389708 -0.598747
2.025017 -2.302292
0.325192 -0.258641
0.038810 -0.394138
-0.167039 -0.093040
0.181552 0.029292
0.279496 -0.042097
0.195541 -0.321382
-0.062929 -0.300197
-0.023678 0.005051
0.097737 -0.165371
0.692448 -0.363050
1.695940 -2.100691
0.702545 -0.314525
0.585335 -0.136187
0.549770 -0.404951
0.625668 -0.080394
0.550702 -0.447841
0.685992 -0.319641
0.601724 -0.107902
0.421658 -0.378869
0.582677 -0.311259
0.861891 -0.296300
1.710804 -2.106768
0.865540 -0.367237
0.810613 -0.117938
0.674199 -0.538084
0.825182 -0.113878
0.745753 -0.501290
0.956405 -0.351722
0.907112 -0.355499
1.103650 -0.420853
1.207695 -0.415558
0.847477 -0.315554
1.709384 -2.166368
0.829053 0.075997
1.170655 -0.327031
0.690122 -0.589883
1.045750 -0.503128
1.130981 -0.388061
1.071846 -0.384298
1.493287 -0.487197
1.432148 -0.480126
1.528409 -0.377455
1.399863 -0.565998
1.759950 -2.256742
1.343974 -0.451792
1.265219 -0.410371
1.728794 -0.510998
1.607523 -0.510846
1.785820 -0.458916
1.692701 -0.621692
1.544863 -0.533971
1.444435 -0.484433
1.905988 -0.573675
1.928318 -0.571146
1.784139 -2.392433
1.959467 -0.457556
1.934168 -0.715681
1.950125 -0.590731
1.704635 -0.549351
2.212153 -0.600452
2.179343 -0.637586
2.213533 -0.627196
2.434455 -0.679627
2.760526 -0.738454
2.726312 -0.715420
1.858371 -2.415257
2.627332 -0.740681
2.814202 -0.763472
3.002124 -0.767626
3.296947 -0.765748
3.490564 -0.808654
3.453503 -0.811010
3.758594 -0.871468
3.668492 -0.844134
3.795588 -0.898841
3.851305 -0.948696
1.985201 -2.249746
2.832512 -0.797328
3.043591 -0.815196
3.382286 -0.838288
3.618024 -0.874892
3.812588 -0.943889
3.900448 -0.997521
3.906891 -0.997978
3.016849 -0.872198
3.337818 -0.902108
3.527400 -0.938925
1.894986 -2.409835
3.685745 -1.013708
3.844258 -1.030291
3.959527 -1.065391
3.992332 -1.109989
3.215746 -0.978681
3.363468 -1.019607
3.513571 -1.036095
3.683773 -1.059742
3.876847 -1.097592
4.003776 -1.118193
1.512120 -2.248329
4.060358 -1.121022
3.126315 -0.992888
3.320361 -1.046554
3.302587 -0.814581
3.290423 -1.137552
3.514142 -1.096460
3.592322 -1.129431
3.464410 -0.864412
3.547019 -1.117584
3.868967 -1.118168
2.486048 -0.727663
1.534211 -2.250527
3.825135 -1.088080
3.835406 -1.087223
3.906183 -1.132014
3.951066 -1.118778
3.974014 -1.098927
3.983185 -1.126725
4.058353 -1.131396
4.043369 -1.094767
3.088002 -1.001459
3.223300 -1.036998
1.592181 -2.289526
3.391432 -1.073677
3.549694 -1.142611
3.769195 -1.185182
3.880188 -1.169569
-0.057341 -0.724529
-0.041093 -0.773076
0.118290 -0.693578
-0.197424 -0.618586
0.228184 -0.624954
-0.111248 -0.586383
1.561057 -2.366225
-0.015829 -0.747091
0.144459 -0.657409
-0.138793 -0.523804
0.041360 -0.595333
-0.083469 -0.898415
-0.090307 -0.840073
0.121257 -0.853557
-0.271099 -0.723704
0.140480 -0.806133
-0.263937 -0.750293
1.622109 -2.451773
-0.058804 -0.941216
-0.051039 -0.861588
-0.078028 -1.194710
-0.161099 -1.296316
-0.010032 -0.872305
0.098989 -0.917853
-0.039967 -1.247488
-0.275006 -0.771154
-0.219665 -1.109345
-0.193972 -1.294060
1.637056 -2.553149
-0.190127 -1.263463
-0.187478 -1.547077
-0.194469 -1.508194
-0.082527 -1.527258
-0.236696 -1.520700
-0.214814 -1.436355
-0.248306 -1.401801
-0.226548 -1.807076
-0.242317 -1.807250
-0.125652 -1.811101
1.643172 -2.470067
-0.324146 -1.739401
-0.242745 -1.740845
-0.233143 -1.572465
-0.263683 -1.971456
-0.273424 -2.006717
-0.155892 -1.990962
-0.399389 -1.947122
-0.279973 -1.978558
-0.289571 -1.999271
-0.334141 -2.237556
1.681399 -2.562414
-0.331777 -2.212916
-0.304624 -2.161024
-0.448651 -2.637268
-0.464997 -2.752559
-0.454214 -2.745420
-0.409174 -2.726532
-0.469836 -2.782980
-0.535233 -3.162654
-0.529305 -3.167411
-0.583001 -3.625023
1.298634 -2.366557
-0.559267 -3.461095
-0.597913 -3.807502
-0.598835 -3.711266
-0.614602 -3.871674
-0.673603 -3.967296
-0.436446 -2.859885
-0.494117 -3.124546
-0.568585 -3.398358
-0.601136 -3.662099
-0.661733 -3.886025
1.263772 -2.400960
-0.659707 -3.961275
-0.726114 -4.051948
-0.529627 -3.087651
-0.564610 -3.340616
-0.514392 -3.545715
-0.653648 -3.732575
-0.701953 -3.899677
-0.759238 -4.079756
-0.809626 -4.146775
-0.610050 -3.254382
1.304574 -2.454556
-0.624440 -3.393333
-0.625862 -3.462129
-0.776995 -3.800538
-0.802324 -4.032745
-0.821230 -4.115590
-0.852066 -4.155938
-0.585684 -3.164598
-0.653550 -3.351682
-0.471559 -3.370368
-0.750424 -3.299470
2.084830 -0.776046
1.344040 -2.513890
-0.702731 -3.483772
-0.740173 -3.641428
-0.541778 -3.510113
-0.771470 -3.490663
-0.833774 -3.881318
-0.761148 -3.987872
-0.823763 -3.991042
-0.871735 -4.036621
-0.780502 -4.115142
-0.826785 -4.113229
1.330564 -2.631653
-0.883112 -4.136899
-0.866943 -4.166890
-0.838457 -4.132411
-0.558137 -3.159237
-0.582291 -3.255813
-0.667463 -3.436110
-0.732038 -3.618643
-0.806446 -3.758163
-0.887785 -3.986988
-0.466607 0.029551
1.417108 -2.691648
-0.407253 -0.053793
-0.399929 -0.241152
-0.194206 0.178187
-0.321958 -0.234482
-0.284270 0.148788
-0.365181 -0.053590
-0.289288 -0.213911
-0.228643 0.092400
-0.363986 -0.072837
-0.646812 0.011177
1.403302 -2.722380
-0.649274 0.047643
-0.574785 -0.241369
-0.464296 0.239055
-0.513955 -0.299891
-0.414173 0.183751
-0.759766 0.062943
-0.692146 0.011467
-0.776917 0.073619
-0.862870 0.108383
-0.555075 0.001480
1.165992 -2.433559
-0.524102 -0.423691
-0.914699 -0.023345
-0.457283 0.229131
-0.800227 0.170812
-0.922905 0.133703
-0.895060 0.113174
-1.213939 0.138491
-1.081147 0.138481
-1.265460 0.033958
-1.217548 0.219238
1.070004 -2.464215
-1.117772 0.185739
-1.042684 0.169751
-1.455036 0.202650
-1.374735 0.179576
-1.533469 0.127225
-1.427818 0.274871
-1.364284 0.212802
-1.283897 0.226111
-1.701483 0.225811
-1.693125 0.253647
1.129309 -2.512844
-1.720053 0.104962
-1.705609 0.362569
-1.635091 0.270023
-1.516630 0.254969
-1.842026 0.281654
-1.937554 0.327651
-1.705129 0.311134
-2.249576 0.395398
-2.396022 0.384943
-2.361508 0.399253
1.177609 -2.575034
-2.309570 0.457419
-2.530465 0.448329
-2.930218 0.454314
-3.089852 0.453754
-3.320815 0.462916
-3.171985 0.479061
-3.515727 0.501788
-3.456400 0.501504
-3.563372 0.524244
-3.603643 0.536065
1.106734 -2.694616
-2.588206 0.539703
-2.895454 0.562709
-3.088631 0.536627
-3.314908 0.565091
-3.495681 0.549207
-3.624979 0.575656
-3.703097 0.608886
-2.755954 0.610503
-3.048085 0.646537
-3.218848 0.635701
1.170244 -2.788969
-3.355794 0.634291
-3.545187 0.671695
-3.708738 0.721444
-3.800922 0.729726
-2.953347 0.685439
-3.071746 0.729173
-3.227346 0.723185
-3.473289 0.775650
-3.685634 0.809182
-3.728543 0.797437
2.060281 -0.847265
1.250693 -2.678531
-3.796864 0.804246
-2.874382 0.708935
-3.039525 0.752341
-3.086005 0.574750
-3.024656 0.794775
-3.185019 0.753848
-3.484023 0.800966
-3.239503 0.639832
-3.327048 0.836488
-3.599920 0.810290
1.238073 -2.817960
-3.530258 0.795244
-3.479289 0.855181
-3.700057 0.816442
-3.680180 0.800196
-3.730570 0.839337
-3.795135 0.808194
-3.776801 0.819862
-3.773929 0.838662
-2.863922 0.701698
-2.960507 0.734566
0.740807 -2.506218
-3.179780 0.774454
-3.343719 0.799061
-3.576232 0.817502
-3.685610 0.822118
0.298161 0.372351
0.318547 0.400859
0.085410 0.359271
0.408428 0.277803
0.067540 0.319889
0.418261 0.237072
0.732196 -2.536385
0.214209 0.379861
0.054164 0.319100
0.353159 0.175042
0.225001 0.262252
0.326962 0.601840
0.334490 0.544681
0.096226 0.525434
0.478450 0.457799
0.106397 0.472050
0.486060 0.407480
0.705339 -2.629118
0.318832 0.629477
0.268045 0.574730
0.387966 0.865227
0.412118 0.914930
0.394311 0.566283
0.055750 0.561317
0.264754 0.862929
0.562558 0.431963
0.475252 0.683053
0.376289 0.941319
0.786951 -2.702388
0.335155 0.937662
0.477458 1.280025
0.447587 1.178632
0.412072 1.272202
0.600613 1.246759
0.442504 1.155610
0.372819 1.018914
0.521096 1.423122
0.495854 1.369291
0.439238 1.432827
0.825137 -2.821072
0.607464 1.422246
0.473452 1.300686
0.476354 1.317133
0.574599 1.647656
0.592124 1.721051
0.458892 1.661929
0.735016 1.673213
0.566722 1.621185
0.520990 1.481423
0.622880 1.888035
0.827056 -2.872911
0.672746 2.115735
0.631877 1.975497
0.686961 2.254210
0.768327 2.446981
0.712380 2.318969
0.750144 2.395300
0.787829 2.542898
0.864629 2.869560
0.979827 3.091725
1.019653 3.216444
0.993370 -2.786986
0.955755 3.145820
1.091908 3.381414
1.049631 3.316723
1.076477 3.403495
1.107751 3.444646
0.813168 2.544610
0.858696 2.836419
0.901501 3.061290
0.963449 3.273604
1.057277 3.402284
0.944843 -2.875140
1.140378 3.570027
1.156422 3.609216
0.869684 2.778744
0.897016 3.016190
0.970052 3.221084
1.035279 3.332539
1.099690 3.551233
1.115974 3.600075
1.135521 3.708842
0.922997 2.904268
2.499407 -1.056039
0.473537 -2.491729
0.908467 3.056591
0.970137 3.264883
0.987955 3.422124
1.054471 3.647418
1.107946 3.744655
1.120303 3.773905
0.883745 2.832350
0.916150 3.065115
0.756742 3.080015
1.049914 3.041487
0.470980 -2.588622
0.901146 3.158200
0.949644 3.449082
0.875531 3.325998
1.056145 3.223731
1.022558 3.657841
0.995145 3.562526
1.029573 3.503565
1.050317 3.731695
1.079650 3.724165
1.118755 3.765846
0.519965 -2.694892
1.082892 3.760943
1.109203 3.826495
1.131819 3.808629
0.804911 2.797334
0.875095 3.000671
0.902323 3.149467
0.931102 3.437799
0.980372 3.556261
1.034085 3.707108
3.313129 -0.712953
0.555267 -2.824054
3.074631 -1.294353
-0.292286 -3.312222
-0.815331 -3.204280
-2.997031 0.402692
-2.905287 0.927109
0.665292 3.082615
1.114748 2.996630
0.651861 0.068954
0.571594 0.101871
0.759302 0.129903
0.562818 -2.902921
0.742864 0.190556
0.863153 -0.037758
0.653318 0.327792
0.669738 0.081866
0.789032 0.180986
1.148789 -0.213168
1.476524 -0.334914
1.727359 -0.380626
2.081373 -0.382826
0.384530 -0.645506
0.496633 -2.941245
0.312307 -0.632596
0.507205 -0.775925
0.440605 -0.770660
0.578266 -0.720692
0.313081 -0.846745
0.415368 -0.699799
0.409989 -0.796011
1.066611 -0.616807
1.451853 -0.624830
1.700022 -0.678492
0.737331 -2.884785
1.920017 -0.778231
0.084612 -1.105088
-0.056783 -1.499104
-0.099970 -1.802083
-0.061931 -2.022027
-0.392512 -0.519073
-0.317490 -0.462568
-0.474410 -0.477613
-0.420560 -0.572490
-0.359321 -0.671691
0.419379 -2.988907
-0.551195 -0.360658
-0.382845 -0.495665
-0.452281 -0.560685
-0.306256 -0.997578
-0.314088 -1.529975
-0.344227 -1.709474
-0.433950 -1.887828
-0.712035 -0.219056
-1.104731 -0.059534
-1.610508 0.062486
0.071145 -2.433605
-1.687328 0.058003
-0.136705 0.328588
-0.080146 0.344438
-0.180370 0.466581
-0.181665 0.443451
-0.332937 0.348139
-0.083146 0.544496
-0.173221 0.331354
-0.297419 0.392028
-0.753373 0.231892
0.171241 -2.571105
-1.152092 0.243329
-1.464211 0.317985
-1.634087 0.409527
0.207801 0.912936
0.295551 1.117790
0.374153 1.442785
0.366763 1.787055
0.561759 0.700070
0.604383 1.177263
0.656438 1.284813
