419 2
0.599372 -0.286968
0.525075 -0.471977
0.765437 -0.416379
-2.411543 -1.376998
-2.287211 -1.565763
-2.098006 -1.760266
-1.995997 -1.837190
1.121618 0.819388
1.347328 0.821928
1.384258 -0.294599
1.264756 -0.383092
1.276456 -1.521573
1.217377 -1.556283
0.906409 -0.297331
1.630073 0.865898
1.699329 0.837689
1.703227 0.536763
1.713908 0.130093
1.696624 -0.016422
1.834218 -0.346021
1.740335 -0.490396
1.672484 -0.972189
1.628139 -1.159223
1.519883 -1.578316
0.848965 0.791057
1.529394 -1.596270
1.917229 0.922508
1.850454 0.875997
2.214523 -0.233240
2.251750 -0.430475
1.997523 -1.632125
2.006647 -1.639106
2.295831 0.971509
2.794503 1.031461
3.017023 1.075534
0.805809 0.726716
2.746212 0.893150
2.792237 0.749420
2.833225 0.514678
2.774548 0.118105
2.492133 -0.165590
2.488836 -0.527722
2.783982 -0.893194
2.754514 -1.208523
2.703304 -1.400062
2.509659 -1.604110
0.688801 0.545080
2.266817 -1.658607
2.881749 0.924465
2.850644 0.730832
2.900434 0.574888
3.125072 0.044097
3.344144 -0.193929
3.316413 -0.611232
2.976707 -0.906026
2.834877 -1.171323
2.781679 -1.365764
0.640891 0.186265
2.912567 -1.682454
2.895583 -1.729689
2.683343 -1.741277
2.896605 0.072274
2.758209 0.032489
2.689975 -0.054067
2.556203 -0.345895
2.666353 -0.510223
2.823103 -0.670328
2.933584 -0.804946
0.588141 0.773880
3.096804 -0.673650
3.212333 -0.502325
3.169999 -0.163686
3.110480 -0.064034
3.201875 1.030087
3.196062 1.010661
3.598475 -0.275553
3.681046 -0.520186
3.024152 -1.717491
3.089958 -1.714544
0.613207 0.723961
3.328057 0.988797
3.446501 0.862965
3.629276 0.658049
3.761921 0.382057
3.770766 -0.300610
3.728285 -0.381731
3.704397 -0.775947
3.639900 -1.019094
3.486249 -1.380676
3.323364 -1.620148
0.643335 0.544368
3.195826 -1.734088
-2.133093 -0.490527
-1.389280 -0.479388
3.221114 -0.386223
3.026020 -0.394451
0.713703 -0.341487
-1.717949 -0.447019
-0.959191 -0.399103
-1.047351 -0.409664
-1.611696 0.743772
0.618801 0.152705
-1.670711 0.636082
-1.685928 0.261950
-1.711636 0.201901
-2.287178 -0.476313
-2.363394 -0.490592
-1.651053 -1.113131
-1.591337 -1.303282
-1.540053 -1.561122
-1.441860 -1.721093
3.605315 -0.342228
0.623454 -0.572850
0.592860 -1.033653
3.528943 -0.389997
2.926331 0.337655
2.870537 0.528158
2.795573 0.796561
2.794244 0.883275
2.334295 -0.362883
2.190070 -0.350490
2.850389 -0.981703
2.805992 -1.196582
2.737615 -1.384125
0.589896 -1.244693
2.690640 -1.506207
0.579256 -0.270176
0.565764 -0.406825
0.542907 -0.583862
0.660170 -0.393510
0.661412 -0.105267
0.528959 -0.138096
0.163048 -0.385824
0.227156 -0.511968
0.495579 -0.723421
0.505661 -1.553150
0.615312 -0.720731
1.007752 -0.470150
0.844330 -0.373859
0.834062 0.779563
0.821449 0.731693
0.693306 0.511786
0.653479 0.167870
0.618130 0.776895
0.592216 0.669129
0.663090 0.562870
0.482824 -1.592715
0.618611 0.157447
0.569082 -1.095446
0.571088 -1.335219
0.527790 -1.509105
0.489252 -1.586049
0.591473 -0.908068
0.599649 -1.297192
0.686772 -1.451574
0.914751 -1.573055
0.152280 0.788050
0.612566 -0.964349
0.166186 0.774226
-0.066661 -0.385201
0.050979 -0.462218
0.116613 -1.629167
0.111102 -1.642264
-0.503654 0.786698
-0.446769 0.749677
-0.458954 0.526348
-0.500898 0.168499
-0.612928 -0.300189
0.622267 -1.274092
-0.665133 -0.443138
-0.539699 -0.621284
-0.478749 -1.039237
-0.466367 -1.157672
-0.371780 -1.670425
-0.391015 -1.702845
-0.710374 0.835660
-1.053929 0.842123
-0.884816 -0.348235
-0.925373 -0.566387
0.713434 -1.468695
-0.845226 -1.756888
-0.740114 -1.738637
-1.323686 0.874749
-1.451780 0.822837
-1.665190 0.506704
-1.709921 0.311997
-1.536511 -0.013405
-1.232575 -0.312769
-1.185673 -0.659051
-1.490021 -0.961161
0.761047 -1.563156
-1.535191 -1.256452
-1.434325 -1.500954
-1.245269 -1.683895
-1.033773 -1.809131
-1.542636 0.861484
-1.884561 0.877583
-1.700454 0.804354
-1.711741 0.483206
-1.763265 0.352864
-1.882058 0.015099
0.274385 0.805810
-2.205233 -0.379056
-2.223651 -0.642749
-1.745803 -1.149808
-1.598784 -1.353141
-1.534596 -1.584913
-1.555766 -1.710827
-1.709836 -1.894550
-1.419410 -1.817395
-1.771112 -0.063256
-1.499992 -0.174432
0.231798 0.787264
-1.455524 -0.218524
-1.441644 -0.692468
-1.496708 -0.792096
-1.871466 -0.852193
-1.672926 -0.922192
-2.033555 -0.712432
-2.050717 -0.328532
-1.930603 -0.188068
-2.151032 0.892268
-2.093218 0.863079
0.607870 -0.368991
-0.129914 -0.346331
-2.475808 -0.447138
-2.428947 -0.567598
-1.838287 -1.893642
-1.789389 -1.889487
-2.218715 0.840741
-2.279594 0.780689
-2.442296 0.477988
-2.511460 0.255096
-2.546264 -0.067958
-2.508302 -0.449693
-0.330725 -0.451188
-2.476426 -0.902601
-2.425814 -1.249932
-2.325040 -1.511134
-2.053958 -1.809014
-2.001668 -1.842265
1.209458 0.844452
1.156535 0.834027
1.542981 -0.335946
1.577657 -0.479708
1.193489 -1.608476
-0.070549 -1.662495
1.108336 -1.595087
1.710047 0.891053
1.658291 0.842669
1.709703 0.441148
1.714564 0.201752
1.779129 -0.159479
1.808286 -0.396312
1.715575 -0.645308
1.681009 -0.984131
1.618922 -1.174969
-0.010457 -1.661997
1.596555 -1.529243
1.468798 -1.612159
2.113500 0.956003
1.978399 0.933358
2.136043 -0.316604
2.050559 -0.426771
1.880651 -1.619004
1.735429 -1.606481
2.193289 0.961836
2.617913 0.988693
-0.502886 0.856703
3.036993 1.085251
2.509842 0.963345
2.829416 0.791585
2.896208 0.585745
2.808651 0.152548
2.406393 -0.222930
2.500564 -0.578189
2.733932 -0.819995
2.812008 -1.153833
2.746557 -1.411292
-0.465788 0.729102
2.535204 -1.587606
2.356418 -1.661562
2.929327 0.974803
2.900614 0.854257
2.964012 0.633980
3.150757 0.110005
3.420734 -0.224324
3.453686 -0.485404
2.980969 -0.908287
2.879380 -1.089963
-0.462658 0.481421
2.780065 -1.432909
2.832033 -1.640668
3.034957 -1.756210
2.686182 -1.621715
2.927071 0.114253
2.726822 0.018228
2.680021 -0.056573
2.492496 -0.350781
2.616629 -0.502935
2.699542 -0.636109
-0.490652 0.206646
2.894295 -0.789706
3.087808 -0.722442
3.241091 -0.566299
3.263711 -0.147100
3.121118 -0.011596
3.220902 1.044549
3.208689 1.040280
3.651558 -0.403135
3.586587 -0.505024
3.160498 -1.713687
-0.556407 -0.109279
3.015985 -1.766042
3.369937 0.980630
3.467294 0.896932
3.613667 0.684287
3.742243 0.399519
3.784827 -0.228290
3.757612 -0.502684
3.701833 -0.695994
3.631207 -1.049804
3.428787 -1.522218
-0.525678 -0.345324
3.311757 -1.630551
3.232335 -1.698874
-2.137646 -0.549139
-1.329890 -0.428813
3.400737 -0.377491
-0.969968 -0.410158
-1.157531 -0.405133
-1.624831 0.797007
-1.707112 0.576150
-1.752757 0.333282
0.698460 -0.112898
-0.553222 -0.577065
-1.757558 0.128145
-2.301828 -0.526461
-2.435802 -0.455428
-1.588862 -1.175403
-1.576718 -1.350295
-1.475987 -1.612924
-1.458257 -1.668219
3.562174 -0.420998
3.538291 -0.398547
2.893720 0.316986
-0.492378 -0.927138
2.912771 0.610883
2.842184 0.843373
2.728246 0.958958
2.237719 -0.373315
2.186086 -0.361728
2.879827 -0.997047
2.806311 -1.154175
2.787149 -1.330981
2.705225 -1.504794
-0.450582 -1.206062
-0.391763 -1.610138
-0.349905 -1.698331
-0.770391 0.829916
-0.686286 0.842440
-0.774560 -0.301714
-0.900900 -0.462554
-0.744594 -1.753931
0.522573 -0.101087
-0.644959 -1.755403
-1.225327 0.873094
-1.504951 0.830880
-1.613200 0.542188
-1.678029 0.289165
-1.649565 0.044380
-1.345844 -0.280844
-1.282754 -0.553007
-1.558783 -0.879808
-1.572962 -1.294529
0.300633 -0.269915
-1.490491 -1.467063
-1.354480 -1.734268
-0.928499 -1.796333
-1.530458 0.900745
-1.840640 0.933125
-1.785154 0.822910
-1.647141 0.615421
-1.695756 0.335322
-1.916142 -0.036797
-2.185465 -0.329904
0.448450 -0.491510
-2.101513 -0.728428
-1.848363 -1.001554
-1.617115 -1.376405
-1.577979 -1.541874
-1.639867 -1.785504
-1.730254 -1.889107
-1.380345 -1.814642
-1.752216 -0.099152
-1.543828 -0.232929
-1.494793 -0.278594
0.586256 -0.625936
-1.491842 -0.582545
-1.555215 -0.776591
-1.929586 -0.751940
-1.685094 -0.912760
-1.991153 -0.788483
-2.047807 -0.350103
-2.009859 -0.257664
-2.018711 0.869003
-1.976764 0.868541
-2.480440 -0.381635
0.636937 -0.677395
-2.427627 -0.576581
-1.932976 -1.823087
-1.897537 -1.847121
-2.218354 0.832916
-2.261916 0.737588
-2.453579 0.407888
-2.509791 0.268994
-2.534529 -0.013715
-2.549545 -0.484376
-2.487978 -0.981871
