419 2
0.498239 -0.041305
0.437081 -0.189034
0.243445 0.140258
0.986066 -3.129094
0.717821 -3.130558
0.357816 -3.049799
0.266478 -3.020477
1.275782 0.846112
1.264993 0.797519
0.086073 0.513703
0.047276 0.464230
-0.825607 -0.130226
-0.859988 -0.104284
0.377680 0.111286
1.123372 1.306923
1.051721 1.155670
0.791654 1.173787
0.581913 1.130817
0.014405 0.961815
-0.143820 0.962908
-0.323430 0.740377
-0.513242 0.603240
-0.684672 0.488927
-1.007151 0.333809
1.404333 0.472176
-1.024635 0.131055
1.013605 1.558791
0.999405 1.632040
-0.200513 1.319705
-0.319344 1.223282
-1.285526 0.516213
-1.249883 0.486943
0.927589 1.822243
0.767083 2.168505
0.718660 2.552704
1.361840 0.390816
0.777642 2.053057
0.476126 2.201702
0.211901 2.157698
-0.034593 1.982968
-0.188892 1.600980
-0.523301 1.411883
-0.907801 1.584871
-1.186394 1.477445
-1.357504 1.258574
-1.456312 1.032479
1.189098 0.223612
-1.480400 0.851561
0.683652 2.322599
0.540556 2.267401
0.235844 2.232385
-0.369927 2.287258
-0.820351 2.438300
-0.932774 2.336013
-1.029114 1.809611
-1.199542 1.474621
-1.424485 1.349965
1.005105 0.136188
-1.601758 1.201788
-1.837717 1.382788
-1.560231 0.990231
-0.187677 2.116688
-0.220787 1.884528
-0.244505 1.822177
-0.454527 1.593916
-0.692232 1.611741
-0.781794 1.598552
-0.963310 1.669509
1.560489 0.149214
-0.954153 1.967728
-0.885863 2.100492
-0.562521 2.295154
-0.418272 2.243491
0.661973 2.659046
0.612098 2.640599
-0.857854 2.578030
-1.094994 2.561955
-1.894633 1.528561
-1.900975 1.556907
1.452539 0.211796
0.609578 2.792501
0.553524 2.800136
0.098765 2.885312
-0.330797 2.862191
-0.754034 2.741698
-1.049608 2.591135
-1.255097 2.519587
-1.535929 2.318329
-1.743904 2.082289
-1.877142 1.714175
1.147938 0.144698
-1.929285 1.612151
1.485618 -2.570935
1.194088 -1.894505
-0.760573 2.275978
-0.628330 1.999212
0.377650 -0.098541
1.337791 -2.264348
1.043217 -1.484501
1.068496 -1.647080
2.297495 -1.593189
0.940454 0.090007
2.218614 -1.662002
2.093577 -1.786866
1.920340 -1.938308
1.612093 -2.717551
1.721717 -2.836675
0.767349 -2.449026
0.559115 -2.467934
0.299206 -2.445203
0.236427 -2.448641
-0.937366 2.524574
0.346400 -0.166671
-0.062662 -0.357458
-0.860792 2.458880
-0.028837 2.203658
0.233952 2.206551
0.460322 2.219932
0.668335 2.164849
-0.297009 1.298140
-0.259010 1.210973
-1.044555 1.553456
-1.267639 1.449334
-1.422230 1.279647
-0.272214 -0.438669
-1.573915 1.185522
0.531938 -0.031029
0.420680 -0.211454
0.218150 -0.152432
0.353335 -0.071006
0.588444 0.076407
0.688896 -0.072466
0.624182 -0.373585
0.574041 -0.524121
0.098753 -0.327085
-0.412114 -0.700547
0.116003 -0.207913
0.224374 -0.013689
0.300356 0.232524
1.376071 0.498562
1.335570 0.382279
1.162761 0.242288
0.946577 0.141180
1.506845 0.178799
1.414099 0.173463
1.164767 0.197789
-0.547525 -0.713196
0.957957 0.121669
-0.072888 -0.343796
-0.341859 -0.480396
-0.516136 -0.640688
-0.498488 -0.779573
-0.066536 -0.343761
-0.213703 -0.386108
-0.575736 -0.456633
-0.656232 -0.522600
1.689641 -0.099686
-0.062558 -0.328507
1.684817 -0.081332
0.725769 -0.739948
0.730881 -0.825961
-0.408219 -1.091514
-0.407501 -1.148913
1.851215 -0.418953
1.835026 -0.433778
1.641629 -0.583471
1.381342 -0.813917
1.141176 -0.971941
-0.223385 -0.433053
0.916522 -1.139794
0.708414 -1.170798
0.313720 -1.288161
-0.018609 -1.400983
-0.179310 -1.433534
-0.321493 -1.399804
2.021033 -0.673055
2.023479 -0.675735
1.073338 -1.414073
0.984163 -1.447988
-0.514972 -0.464683
-0.214139 -1.728750
-0.180151 -1.810773
2.127411 -0.821704
2.307675 -1.302660
2.169086 -1.632760
2.049742 -1.751093
1.657151 -1.811292
1.227060 -1.675181
0.997707 -1.840113
0.879162 -2.116959
-0.667601 -0.453968
0.523846 -2.366180
0.279513 -2.398108
0.059303 -2.275961
-0.129560 -2.053689
2.498154 -1.468727
2.574786 -1.579291
2.521854 -1.578692
2.215750 -1.684551
2.075031 -1.824398
1.897894 -2.050979
1.675878 -0.055492
1.745867 -2.537948
1.404922 -2.727075
1.096887 -2.573994
0.507201 -2.431596
0.350494 -2.450619
0.110169 -2.627032
0.087176 -2.784847
0.016373 -2.433965
1.705098 -1.992093
1.520145 -1.819456
1.617310 0.048045
1.488854 -1.825453
1.064736 -1.929256
0.935283 -2.098276
1.174635 -2.587460
0.972894 -2.409581
1.344913 -2.552674
1.688065 -2.406239
1.752216 -2.224770
2.695566 -1.773795
2.630304 -1.796461
0.393207 -0.063098
0.693141 -0.717130
1.787141 -2.857711
1.651665 -2.905743
0.211593 -2.933014
0.155824 -2.838224
2.698740 -1.929215
2.671761 -2.077880
2.489547 -2.421354
2.169456 -2.738682
2.049967 -2.831395
1.773763 -2.927207
0.637790 -0.744412
1.554695 -3.031236
1.032598 -3.126282
0.707835 -3.129776
0.327336 -3.054900
0.265523 -3.018478
1.257675 0.937948
1.227621 0.976453
0.119584 0.637225
0.060994 0.514563
-0.909291 -0.029317
-0.405759 -0.976573
-0.892992 -0.083310
1.156544 1.222991
1.044490 1.202759
0.826388 1.171515
0.472977 1.110978
0.004041 0.990204
-0.170083 0.985872
-0.327394 0.769183
-0.510333 0.614032
-0.743387 0.457244
-0.371083 -1.201648
-1.026001 0.220581
-1.037628 0.153910
1.064528 1.493674
1.073926 1.467704
-0.125629 1.241222
-0.282900 1.090610
-1.273055 0.518725
-1.325460 0.599000
0.963169 1.749673
0.777722 2.319682
1.905698 -0.498497
0.740836 2.502383
0.741878 2.150806
0.478421 2.229064
0.294735 2.186053
-0.065253 1.954143
-0.196510 1.510988
-0.462479 1.389731
-1.034453 1.555242
-1.231372 1.535492
-1.374347 1.410438
1.782950 -0.502568
-1.489527 0.941304
-1.457935 0.798804
0.701724 2.409728
0.490777 2.310053
0.194171 2.327863
-0.040843 2.275125
-0.698535 2.443464
-1.008316 2.289465
-1.186512 1.770732
-1.285335 1.566735
1.631243 -0.592458
-1.444482 1.400595
-1.637276 1.276438
-1.807310 1.300494
-1.593214 1.078156
-0.147466 2.155384
-0.167720 1.913508
-0.183998 1.729084
-0.320466 1.505749
-0.643888 1.554093
-0.849237 1.601602
1.353264 -0.836308
-1.017828 1.697984
-1.012734 1.967779
-0.927945 2.234584
-0.562380 2.328153
-0.418092 2.295978
0.684284 2.678436
0.713125 2.621919
-0.792386 2.639189
-1.105634 2.477735
-1.844226 1.414323
1.062284 -1.041244
-1.875285 1.424271
0.604118 2.776002
0.495751 2.821618
-0.022143 2.892889
-0.291997 2.864835
-0.749412 2.727278
-1.026304 2.620746
-1.284877 2.484120
-1.498564 2.379260
-1.724739 2.083732
0.878723 -1.174261
-1.859637 1.828616
-1.913499 1.602586
1.509669 -2.583438
1.124446 -1.794915
-0.741039 2.368166
1.054748 -1.495792
1.105309 -1.644299
2.371631 -1.452725
2.216393 -1.616929
2.001165 -1.818203
0.586028 0.024737
0.666196 -1.130338
1.965903 -1.890177
1.570882 -2.742400
1.673175 -2.835093
0.706997 -2.363924
0.542213 -2.404077
0.333819 -2.409007
0.161958 -2.439836
-0.972818 2.550607
-0.901804 2.523836
-0.008495 2.174552
0.303226 -1.290712
0.310637 2.253064
0.549573 2.213560
0.678382 2.212779
-0.261828 1.282279
-0.244542 1.245614
-1.169729 1.561824
-1.288946 1.491986
-1.481281 1.346034
-1.524210 1.157470
0.089646 -1.379563
-0.201586 -1.418550
-0.306670 -1.471333
2.001834 -0.684131
2.002068 -0.688009
1.089947 -1.397328
0.966107 -1.416958
-0.156733 -1.844252
0.609390 -0.099602
-0.189144 -1.775134
2.134111 -0.901971
2.173328 -1.183297
2.182746 -1.644024
2.150277 -1.749375
1.613712 -1.893156
1.299152 -1.722390
1.078016 -1.861892
0.841342 -2.327853
0.554904 -2.484284
0.595810 -0.267116
0.342958 -2.473567
0.055251 -2.310945
-0.093691 -2.044083
2.414340 -1.457267
2.622807 -1.671629
2.434625 -1.658872
2.294675 -1.677681
2.138298 -1.868566
1.885433 -2.122338
1.743937 -2.670883
0.486872 -0.396206
1.457243 -2.683038
1.092958 -2.535242
0.506357 -2.480972
0.383522 -2.492064
0.142757 -2.611560
0.108475 -2.802757
0.037832 -2.446622
1.722301 -2.079782
1.536790 -1.927035
1.387778 -1.895992
0.209981 -0.260281
1.051852 -2.077927
1.082772 -2.172613
1.235858 -2.503319
0.961412 -2.382689
1.368221 -2.572722
1.629493 -2.321960
1.768464 -2.228826
2.653189 -1.786451
2.707901 -1.861508
1.751473 -2.815424
0.167502 -0.202190
1.590413 -2.872464
0.209576 -2.881629
0.184298 -2.885561
2.713195 -1.924915
2.689777 -2.023206
2.457583 -2.455923
2.279507 -2.656068
1.933863 -2.847481
1.732148 -2.902429
1.448868 -3.024448
