1005 2
-2.274257 1.382957
-2.543931 1.299287
-2.705575 0.619352
-0.847563 -1.116194
-0.513773 1.547973
0.717886 2.122625
0.630302 1.388453
1.294486 1.314376
1.339154 1.917508
-1.207502 -1.460270
-1.311374 -1.599703
-1.385739 -1.738976
-1.419240 -1.765457
-1.559248 -1.654965
-1.604285 -1.677897
-0.542858 -1.242640
-0.744516 -1.410968
-0.362994 -0.967000
-2.717902 1.356052
-0.897797 -1.556519
-1.011243 -1.721912
-1.181690 -1.853950
-1.070825 -1.989611
-1.337976 -1.971423
-1.102974 -2.175109
-1.148012 -1.948873
-0.234485 -1.084509
-0.417488 -1.390055
-0.501879 -1.535898
-2.844199 0.804793
-0.334822 -1.010797
-0.700111 -1.684171
-0.732828 -1.938204
-0.787465 -2.083240
-0.782530 -2.159861
-0.880901 -2.088061
-0.294350 -1.439090
-0.279925 -1.637732
-0.032790 -1.663004
-0.147340 -1.778035
-2.796992 0.385870
-0.115463 -1.139299
-0.066623 -1.264651
-0.257591 -1.846310
-0.133213 -1.929700
-0.365814 -2.024331
-0.203259 -2.131556
-0.443845 -2.165447
-0.276305 -2.195272
-0.549409 -2.189676
-0.299834 -2.231129
-2.964733 1.151390
-0.606794 -2.268209
-0.521358 -2.203262
-0.342812 -2.240131
0.148257 -1.770219
0.154341 -1.881028
0.034814 -1.348462
0.093255 -2.010212
-0.016495 -2.125972
-0.037206 -2.217774
-0.027873 -2.266164
-3.004689 0.582363
-0.333869 -2.315344
-0.139312 -2.276852
-0.024810 -2.299063
0.329848 -1.895849
0.299925 -1.958334
0.362472 -2.051856
0.301738 -2.170849
0.274845 -2.280293
0.330570 -2.324505
0.107057 -2.293416
-3.020014 0.405641
0.241738 -2.343681
0.525194 -1.963426
0.643592 -2.039709
0.575882 -2.091990
0.568829 -2.179632
0.531355 -2.283529
0.560330 -2.346960
0.457444 -2.332083
0.573582 -2.380018
0.771634 -1.995584
-3.070448 0.883637
0.708507 -2.036783
0.764564 -2.092413
0.767046 -2.179775
0.769611 -2.291276
0.785443 -2.365992
0.637374 -2.340892
0.809595 -2.405278
1.047840 -1.964476
1.015616 -2.014338
1.060458 -2.034730
-3.061180 0.534616
0.954914 -2.176054
1.029159 -2.280808
1.037014 -2.337845
1.130756 -2.284192
1.030757 -2.372743
1.213229 -1.917103
1.219341 -1.938572
1.245718 -2.012080
1.227229 -2.091812
1.280143 -2.219540
-3.015230 0.396285
1.211436 -2.288705
1.282595 -2.304629
1.399197 -1.830095
1.434817 -1.827611
1.376900 -1.917747
1.406465 -2.005869
1.419445 -2.197254
1.470975 -2.208186
1.372914 -2.215110
1.494289 -2.233907
-2.296887 1.157328
-3.243598 0.751117
1.611708 -1.685892
1.601026 -1.740644
1.584476 -1.805298
1.702381 -1.854155
1.618343 -2.036730
1.701133 -2.114315
1.556244 -2.148636
1.713218 -2.128021
1.774126 -1.482394
1.719656 -1.640390
-3.102824 0.529938
1.757902 -1.696754
1.852625 -1.762404
1.878163 -1.916659
1.892454 -1.995485
1.808868 -2.009066
1.858681 -2.018785
1.936847 -1.229651
1.871437 -1.470364
2.025342 -0.779387
1.915561 -1.541002
-2.979010 0.221644
1.974092 -1.662540
2.070560 -1.786397
2.025495 -1.850634
1.982604 -1.912451
2.002792 -1.887903
2.098902 -0.836699
2.089684 -1.051626
2.095041 -0.517953
2.096810 -1.333930
2.081422 -1.459045
-3.139352 0.732005
2.158443 -1.695974
2.100547 -1.741417
2.238530 -1.805512
2.316294 -1.660275
2.076141 -1.775666
2.161214 -0.247897
2.210937 -0.715194
2.203407 -0.849050
2.124041 -0.510958
2.173558 -1.070139
-3.123699 0.694249
2.301489 -1.187522
2.237772 -1.417991
2.179819 -1.573559
2.132337 -1.642561
2.138040 -0.509811
2.096320 -0.740069
2.002361 -0.541591
1.980885 -0.652839
2.145351 -0.333430
2.104407 -0.338655
-2.419637 0.761205
2.115443 -0.931344
1.981707 -0.844477
2.130168 -1.098227
1.942819 -0.994941
2.074346 -1.251967
1.927943 -1.159319
2.006987 -1.313738
1.877107 -1.201113
2.308220 -1.368237
2.057853 -1.421807
-2.557571 0.418575
1.853104 -1.245657
1.861172 -0.506557
1.802901 -0.620585
1.990727 -0.284143
1.753872 -0.767372
1.822976 -0.914416
1.773655 -1.036643
1.741419 -1.100811
2.147186 -1.254898
1.867088 -1.067867
-2.183070 1.276974
1.727374 -1.195250
1.712691 -0.540714
1.575448 -0.606308
1.634237 -0.700493
1.571883 -0.792396
1.560959 -0.920726
1.556723 -1.007408
1.631369 -0.965582
1.446921 -0.981537
1.419576 -0.517136
-2.652535 0.316700
1.431864 -0.541704
1.417407 -0.606822
1.479872 -0.769971
1.305242 -0.771975
1.288003 -0.868112
1.479970 -0.868261
1.305291 -0.908407
1.292291 -0.472215
1.281401 -0.491255
1.196426 -0.498439
-2.758365 0.230952
1.178972 -0.642562
1.159921 -0.720112
1.125682 -0.768715
1.192167 -0.709368
1.152975 -0.845040
1.073053 -0.322246
1.105460 -0.415631
1.091978 -0.449793
1.080862 -0.533367
1.018033 -0.604541
-2.514462 0.713677
-2.855935 0.087279
0.922225 -0.682048
0.972151 -0.628744
0.999308 -0.760153
0.907817 -0.208537
0.925284 -0.305876
0.863360 -0.344992
0.906643 -0.470505
0.750953 -0.519447
0.691062 -0.542953
0.632376 -0.523128
-2.924789 0.132515
0.687788 -0.123915
0.778747 -0.208456
0.776215 -0.279861
0.647082 -0.326081
0.569095 -0.401994
0.503683 -0.419989
0.690608 -0.487350
0.484143 -0.438442
0.471970 0.032465
0.516114 -0.051898
-3.175379 0.575437
0.424898 -0.071903
0.423332 -0.167400
0.289428 -0.257799
0.314897 -0.292370
0.354681 -0.307124
0.251449 -0.282591
0.244451 0.240581
0.322558 0.098258
0.189498 0.114337
0.106647 0.056944
-2.973260 0.216624
0.025769 -0.055556
0.087374 -0.181699
0.208037 -0.202063
0.073058 -0.199813
-0.162290 0.793646
-0.096859 0.493675
-0.084304 0.826190
-0.168251 0.365319
-0.163185 0.221121
-0.169685 0.068241
-2.916292 0.044806
-0.219551 0.023877
-0.105366 -0.035659
-0.214813 -0.016575
-0.282621 0.859770
-0.338565 0.625405
-0.167309 0.957073
-0.315909 0.485472
-0.309343 0.367124
-0.425330 0.195611
-0.448445 0.138800
-2.493990 -0.004032
-0.429484 0.034854
-0.568751 0.071813
-0.427467 0.105032
-0.394289 1.281667
-0.472124 0.970917
-0.493051 0.822195
-0.317714 1.308548
-0.538661 0.645633
-0.620549 0.525221
-0.675869 0.340184
-2.503268 0.055105
-0.684204 0.222444
-0.634020 0.188029
-0.646082 1.057066
-0.699099 0.910504
-0.767486 1.157926
-0.804798 1.003414
-0.564023 1.273133
-0.614102 1.310025
-0.743485 0.762407
-0.894872 0.869222
-2.592944 -0.058781
-0.821889 0.628592
-0.967678 0.733024
-0.953513 0.528793
-1.093478 0.537207
-0.976129 0.449994
-1.126300 0.527279
-0.969294 0.320638
-0.993375 0.432344
-1.150948 0.517927
-1.060855 1.093752
-2.705947 -0.024846
-1.020711 1.005091
-0.731712 1.296897
-1.142543 0.950965
-1.246507 0.819683
-1.267898 0.675025
-1.316893 0.615636
-1.109571 0.422017
-1.238312 0.562786
-1.386103 0.619214
-1.341620 1.111668
-2.768010 -0.142015
-1.344036 1.057508
-1.395783 0.975909
-1.416620 0.861097
-1.495747 0.746717
-1.480279 0.688149
-1.342846 0.666534
-1.469848 0.658489
-1.532819 1.137330
-1.481717 1.100003
-1.541296 1.005698
-2.015522 1.688307
-2.789416 -0.214234
-1.593804 0.956491
-1.613651 0.804156
-1.660554 0.766173
-1.583113 0.758260
-1.593327 0.684802
-1.670348 1.176676
-1.704217 1.145033
-1.724959 1.048915
-1.770777 0.999924
-1.860053 0.872239
-2.847631 -0.041857
-1.788477 0.797900
-1.712214 0.787131
-1.843523 0.780177
-1.848719 1.211787
-1.862493 1.191801
-1.877544 1.118909
-1.928517 1.010691
-1.911994 0.915389
-1.951420 0.864137
-1.949574 0.886502
-2.806500 -0.241265
-2.093042 0.843370
-1.962758 1.262514
-1.987778 1.221325
-2.042249 1.137590
-2.087517 1.051482
-2.084218 0.972338
-2.176673 0.888353
-2.121044 0.869210
-2.095363 1.287597
-2.083236 1.243002
-2.435488 -0.249372
-2.144640 1.166887
-2.210960 1.084823
-2.315911 0.997510
-2.330489 0.932329
-2.233953 0.968121
-2.375115 0.897872
-2.229470 1.331620
-2.308032 1.334344
-2.383258 1.216767
-2.459528 1.096881
-2.485327 -0.222505
-2.513473 1.055356
-2.587773 0.965167
-2.415200 1.003923
-2.607983 0.936677
-2.256223 1.487733
-2.349692 1.399521
-2.441402 1.308084
-2.542011 1.148489
-2.667100 1.045687
-2.721586 0.969559
-2.506179 -0.231534
-2.688903 1.056885
-2.759442 0.931071
-2.258553 1.554312
-2.389253 1.491313
-1.998523 1.692981
-2.527024 1.336304
-2.710720 1.201686
-2.848675 1.030682
-2.845287 0.939814
-2.815341 1.072529
-2.581023 -0.247151
-2.833086 0.915441
-2.295803 1.611059
-2.478658 1.483606
-1.930295 1.754533
-2.638946 1.362599
-2.803931 1.150232
-2.988473 0.962219
-3.005539 0.848781
-3.093701 1.066129
-3.174382 1.033405
-2.660524 -0.366024
-3.019253 0.773114
-2.029461 1.725252
1.073067 1.669248
1.023709 1.681694
0.664593 1.813289
0.633283 1.790423
1.008359 1.367147
1.001681 1.377888
1.394194 1.655000
1.356279 1.654260
-2.635177 -0.522007
1.038011 2.080063
0.995606 2.056438
0.812784 1.998349
0.728757 1.478134
1.249300 1.413061
1.273070 1.939860
0.835737 2.007801
0.769146 1.590321
1.230005 1.462985
1.307879 1.849992
-2.712776 -0.293951
1.046930 1.665731
0.690131 1.790880
0.978912 1.421043
1.291673 1.643587
1.129519 2.022300
0.850671 1.916880
0.806023 1.623777
1.217487 1.463014
1.226032 1.854609
1.052840 1.709082
-2.358387 1.617510
-2.696235 -0.425676
0.755784 1.762139
0.977348 1.459688
1.238860 1.703470
1.062006 1.959055
0.888387 1.916338
0.848569 1.625874
1.116853 1.483099
1.175859 1.814430
0.974509 1.770843
0.435295 1.765568
-2.309036 -0.507543
0.457887 1.780257
0.565845 1.907289
0.549672 1.603024
0.593050 1.951304
0.547886 1.614732
0.450578 1.802795
0.574751 1.902312
0.575417 1.635044
0.587254 1.794322
0.250077 1.855608
-2.361084 -0.438882
0.337488 1.831734
0.364477 2.018516
0.369855 1.596561
0.413829 1.980605
0.383266 1.639118
0.155014 1.849319
0.256356 1.849951
0.043312 1.862991
-0.230390 1.948453
0.331092 1.868685
-2.404174 -0.470159
0.359405 2.002955
0.100321 1.977760
0.350084 1.630626
-0.020851 1.770242
-0.157729 1.960833
-0.064831 1.943126
-0.818231 1.944308
-0.842318 1.997015
-0.963530 1.938988
-0.652175 1.815954
-2.397924 -0.623700
-0.684458 2.026431
-0.454127 2.020177
-1.300578 1.883383
-1.137118 1.963849
-1.406757 1.886346
-1.376115 1.788605
-0.991190 2.033387
-0.790522 2.044305
-1.581558 1.844001
-1.581124 1.921060
-2.478127 -0.667643
-1.592905 1.837947
-1.659342 1.742881
-1.574336 1.976477
-1.224155 2.040832
-2.103370 1.760162
-1.920411 1.884214
-1.915737 1.942923
-2.650485 1.616975
-2.873368 1.680020
-2.884763 1.720187
-2.560196 -0.660774
-2.821132 1.492891
-2.909786 1.556256
-3.112623 1.602134
-3.358909 1.598609
-3.601051 1.582491
-3.540609 1.541914
-3.858926 1.547074
-3.715739 1.542403
-3.855349 1.515767
-3.903527 1.494238
-2.573430 -0.529200
-2.937246 1.397909
-3.201392 1.426323
-3.462722 1.411389
-3.646853 1.429167
-3.786059 1.424708
-3.927191 1.393113
-4.008032 1.376313
-3.246165 1.195302
-3.414347 1.235708
-3.576194 1.353914
-2.519763 -0.755437
-3.728828 1.323730
-3.850166 1.333142
-4.028095 1.317956
-4.086526 1.319444
-3.369604 1.040417
-3.485151 1.097775
-3.642163 1.173361
-3.839980 1.202003
-3.958419 1.206972
-4.099975 1.226571
-2.183293 -0.641818
-4.123028 1.266654
-3.281098 0.867300
-3.466031 0.948519
-3.466432 1.103441
-3.485086 1.039342
-3.677215 1.080649
-3.807522 1.093584
-3.564422 1.148978
-3.667632 1.108563
-3.932494 1.151880
-2.539807 1.468717
-2.231083 -0.642094
-3.865443 1.181199
-3.847346 1.180658
-4.033449 1.197375
-4.062734 1.193774
-3.999253 1.214209
-4.090611 1.189569
-4.124249 1.260907
-4.081355 1.236844
-3.213704 0.792851
-3.356697 0.885379
-2.302810 -0.652705
-3.572792 0.990356
-3.757506 1.048634
-3.869496 1.105048
-4.015974 1.162739
0.972177 1.163611
0.861470 1.169420
0.813468 1.303347
1.087093 1.214954
0.763026 1.304846
1.108228 1.213855
-2.274382 -0.808216
0.940909 1.163894
0.794113 1.303281
1.076919 1.253635
0.914008 1.225939
0.838656 0.974017
0.853605 1.019431
0.675906 1.159334
1.104238 1.008951
0.679023 1.160550
1.065930 1.040720
-2.369287 -0.826340
0.822416 0.923999
0.871734 1.039934
0.671185 0.644492
0.694786 0.694835
0.943760 0.980920
0.651871 1.123423
0.657267 0.859117
1.037624 0.988187
0.854581 0.792080
0.684681 0.626988
-2.365816 -0.914359
0.704614 0.639471
0.542356 0.346358
0.509586 0.311854
0.369084 0.185618
0.515478 0.140809
0.527071 0.353896
0.589037 0.444357
0.101342 -0.531563
0.264077 -0.178283
-0.029656 -0.590400
-2.383824 -0.835283
0.201384 -0.593309
0.315637 -0.100394
0.406614 0.151061
-0.009110 -0.705278
-0.026379 -0.755246
-0.111578 -0.730708
0.039328 -0.850071
0.083463 -0.455325
0.107436 -0.349183
-0.217334 -1.058627
-2.463584 -0.841773
-0.315294 -1.202960
-0.125344 -0.788203
-0.473640 -1.484419
-0.585953 -1.609707
-0.557866 -1.523108
-0.592103 -1.683517
-0.614538 -1.698614
-0.857049 -2.026644
-0.958312 -2.150524
-1.141669 -2.420583
-2.039765 -0.801586
-1.036946 -2.302734
-1.242460 -2.571770
-1.203707 -2.506708
-1.290957 -2.641885
-1.285508 -2.674496
-0.704525 -1.860026
-0.828509 -2.038290
-1.021985 -2.344782
-1.113404 -2.462271
-1.248392 -2.706159
-2.087160 -0.833468
-1.306779 -2.814307
-1.316471 -2.841410
-0.855052 -2.067641
-0.928423 -2.302813
-1.085359 -2.522171
-1.111090 -2.613212
-1.229995 -2.783702
-1.276906 -2.879951
-1.289518 -2.930850
-0.912063 -2.289195
-2.084876 -0.892102
-0.949295 -2.442050
-1.038615 -2.518825
-1.106739 -2.728823
-1.218418 -2.854962
-1.265714 -2.989997
-1.276105 -3.022343
-0.855214 -2.318144
-0.909686 -2.457378
-1.087864 -2.371382
-0.906775 -2.470331
-2.038049 1.602998
-2.136202 -1.005667
-0.937338 -2.569373
-1.024259 -2.761861
-1.163191 -2.504274
-1.016052 -2.661373
-1.097223 -2.876370
-1.201958 -2.812243
-1.128686 -2.818887
-1.216403 -2.981182
-1.231071 -2.917683
-1.213747 -2.962117
-2.200690 -1.071428
-1.251160 -3.010751
-1.271612 -3.007801
-1.242952 -3.000414
-0.821663 -2.247108
-0.866953 -2.462375
-0.924064 -2.559759
-0.932720 -2.679750
-1.056987 -2.846678
-1.129298 -2.949794
1.566772 1.580688
-2.232509 -1.079768
1.546570 1.575286
1.427206 1.425724
1.527066 1.744672
1.419569 1.442572
1.497109 1.841564
1.511196 1.516306
1.390101 1.406059
1.384954 1.801322
1.475565 1.562427
1.744896 1.501485
-2.198790 -1.137711
1.729045 1.394585
1.538623 1.222392
1.642563 1.773390
1.520690 1.279736
1.567894 1.819643
1.764356 1.453155
1.741348 1.478790
1.827761 1.227368
1.885953 1.291257
1.696395 1.557667
-1.753443 -1.066330
1.494106 1.166540
1.806280 1.047114
1.690222 1.745050
1.846823 1.296981
1.920217 1.306259
1.899788 1.389758
1.987843 0.845496
2.136622 0.845163
2.001650 0.632326
1.994772 0.884579
-1.783870 -1.069104
2.174038 0.940293
2.055122 1.191939
2.105917 0.450723
2.168973 0.623491
2.063156 0.447962
2.093919 0.476090
2.230706 0.741296
2.224360 0.860991
2.153696 0.191207
2.202998 0.390901
-1.825819 -1.110857
2.125839 -0.022297
2.124947 0.187309
2.302744 0.497033
2.304048 0.621777
2.304189 -0.276950
2.433174 -0.284324
2.449989 0.239653
2.362584 -0.725218
2.493576 -0.792338
2.655438 -0.670097
-1.922809 -1.204028
2.363402 -0.941342
2.542752 -0.942197
2.693696 -0.970517
2.836009 -1.050388
2.973126 -1.193834
2.879555 -1.136014
3.037156 -1.239247
3.014302 -1.243877
3.102736 -1.323721
3.225431 -1.425685
-1.995959 -1.273967
2.470345 -1.083740
2.641893 -1.200756
2.824332 -1.256500
2.975239 -1.358409
3.071321 -1.380402
3.221596 -1.480046
3.290383 -1.553333
2.541080 -1.271311
2.678781 -1.407938
2.870245 -1.449281
-2.020301 -1.333681
3.031799 -1.501714
3.146604 -1.533168
3.224509 -1.595176
3.316101 -1.671950
2.498837 -1.480663
2.657133 -1.548335
2.813317 -1.557119
3.024175 -1.617648
3.201622 -1.723404
3.276318 -1.751603
-1.999817 1.508507
-2.133300 -1.161054
3.295325 -1.749712
2.378974 -1.556235
2.635387 -1.622192
2.597607 -1.650847
2.538237 -1.494251
2.825051 -1.644790
2.960856 -1.653794
2.742897 -1.684433
2.889493 -1.605470
3.157191 -1.722524
-2.033132 -1.331228
3.044498 -1.724933
3.116250 -1.715362
3.224936 -1.745318
3.229952 -1.783504
3.211560 -1.779070
3.272929 -1.771542
3.289721 -1.749719
3.312802 -1.826356
2.336551 -1.608755
2.577015 -1.626878
-1.600430 -1.124678
2.750606 -1.649024
2.897483 -1.688666
3.025748 -1.694791
3.187118 -1.744450
0.948233 2.282191
1.002623 2.234936
1.167109 2.102924
0.828456 2.167896
1.210028 2.094380
0.835393 2.157331
-1.524961 -1.198804
0.985771 2.209729
1.171371 2.062492
0.842296 2.146910
0.988319 2.148353
0.913805 2.327577
0.832166 2.302684
1.260582 2.192595
0.676289 2.259120
1.197355 2.174155
0.712663 2.242135
-1.626820 -1.244811
0.845847 2.409541
0.756383 2.452066
0.594014 2.318277
0.483124 2.389076
0.994292 2.363025
1.321697 2.253832
0.781070 2.329433
0.698211 2.336971
0.454656 2.317058
0.538157 2.465644
-1.744642 -1.367733
0.564349 2.525038
0.065347 2.176193
0.248838 2.321563
0.057506 2.019470
-0.054491 2.015670
0.167637 2.366071
0.336013 2.471889
-0.222930 1.794022
-0.143711 2.065723
-0.129414 1.782326
-1.797123 -1.417076
-0.247267 1.814569
-0.026272 2.222121
0.120405 2.367435
-0.307324 1.626957
-0.313762 1.697197
-0.273369 1.456393
-0.445177 1.522130
-0.259365 1.964587
-0.272876 1.976003
-0.418094 1.267631
-1.818212 -1.476868
-0.489930 1.337073
-0.346560 1.857408
-0.521408 0.920322
-0.606247 0.904027
-0.621028 0.941945
-0.558035 0.737013
-0.660911 0.640486
-0.724251 0.525639
-0.851826 0.503770
-1.099150 0.127843
-1.961039 -1.330326
-0.969041 0.180595
-1.185367 -0.004970
-1.120354 0.052859
-1.201152 -0.079418
-1.235072 -0.115679
-0.635531 0.593758
-0.745579 0.387998
-0.827290 0.278092
-1.028984 0.076208
-1.169860 -0.087797
-1.875956 -1.471304
-1.215100 -0.142353
-1.249395 -0.200145
-0.740496 0.325760
-0.827495 0.173343
-0.944799 0.100626
-1.050371 -0.044646
-1.171841 -0.143487
-1.232545 -0.248002
-1.271411 -0.299433
-0.760231 0.165226
-2.709937 0.879943
-1.184886 -1.242820
-0.854262 0.046249
-0.962546 -0.038144
-1.030299 -0.114433
-1.136620 -0.270057
-1.226641 -0.370924
-1.246106 -0.377161
-0.769053 0.156402
-0.827737 0.055570
-0.743610 0.010196
-0.943410 0.135549
-1.366335 -1.276182
-0.903211 -0.098339
-0.975906 -0.139684
-0.933698 -0.117145
-1.046861 -0.024697
-1.084096 -0.307402
-1.026144 -0.247374
-1.141948 -0.235290
-1.147085 -0.363137
-1.207095 -0.356333
-1.188679 -0.328693
-1.460044 -1.337825
-1.215286 -0.374837
-1.245204 -0.373681
-1.230612 -0.365727
-0.751003 0.165617
-0.814383 0.067802
-0.909963 -0.086670
-0.957904 -0.180180
-1.050070 -0.272042
-1.109990 -0.324629
-3.324307 1.107091
-1.601925 -1.414592
-3.434605 0.854986
-1.180423 -2.319912
-0.853879 -2.548630
2.503562 -1.735293
2.465093 -1.448914
-0.675775 -0.001135
-1.053165 0.210914
0.630632 2.112277
0.715540 2.129632
0.534360 2.229588
-1.643759 -1.557999
0.555476 2.208999
0.397455 2.135661
0.518113 2.270994
0.619128 2.157501
0.542289 2.264135
0.249859 2.049417
-0.912748 1.956790
-1.479589 1.869172
-1.689709 1.816556
0.583146 1.421776
-1.633333 -1.604240
0.623450 1.368760
0.482276 1.344109
0.495248 1.342552
0.325714 1.481078
0.517871 1.248006
0.528898 1.384207
0.384982 1.483574
-0.055088 1.657907
-0.962322 1.775800
-1.393884 1.775710
-1.736498 -1.522178
-1.744924 1.664363
0.534840 0.831964
0.419843 0.285824
-0.003778 -0.499408
-0.198546 -0.755703
1.328731 1.279577
1.302846 1.251699
1.310313 1.070321
1.368980 1.113610
1.225889 0.978542
-1.682353 -1.611971
1.511077 1.133366
1.282895 1.182681
1.404095 1.090015
0.964949 0.772418
0.366194 -0.280417
0.256043 -0.529069
0.125393 -0.754319
1.698596 1.052784
1.908902 0.770348
2.046234 0.434993
-0.883165 -1.234182
2.090453 -0.019743
1.433408 2.005029
1.422083 1.947778
1.585238 1.999542
1.520531 2.032799
1.673820 1.845023
1.388608 2.164065
1.488716 1.974639
1.546899 1.996811
1.918398 1.220662
-1.002444 -1.371201
2.025020 0.849144
2.081667 0.489781
2.093729 0.179819
0.872557 2.190489
0.090830 2.016326
-0.072982 1.819938
-0.184873 1.462429
0.248574 2.240605
-0.057364 2.013262
-0.279210 1.805416
