1005 2
-2.432318 -0.456278
-2.594854 -0.471690
-2.733801 -0.031301
-1.249163 1.881410
-0.098727 -2.068224
-0.506521 -0.502823
-0.709471 0.135833
-0.019502 0.307858
0.114542 -0.336243
-1.483229 2.143945
-1.524474 2.228379
-1.517148 2.430186
-1.592408 2.388405
-1.640662 2.356701
-1.683325 2.346287
-0.976185 2.022045
-1.076014 2.119967
-1.032435 1.809197
-2.675704 -0.770187
-1.043588 2.285356
-1.143717 2.420219
-1.414004 2.457013
-1.452405 2.500525
-1.391837 2.628848
-1.292143 2.684179
-1.406874 2.536072
-0.721033 1.846743
-0.863956 2.087914
-0.902873 2.233277
-2.870317 -0.432562
-0.795201 1.758935
-0.814815 2.378446
-0.936083 2.510978
-1.033499 2.643798
-0.906040 2.749466
-0.866021 2.744909
-0.502856 2.087981
-0.412887 2.264785
-0.279708 2.138026
-0.263885 2.274637
-2.851753 0.039770
-0.553441 1.866601
-0.428820 2.010679
-0.441974 2.385458
-0.253092 2.392962
-0.448871 2.511055
-0.182946 2.521622
-0.383482 2.645043
-0.209574 2.667992
-0.512347 2.726723
-0.194640 2.687312
-2.852353 -0.882250
-0.621601 2.805809
-0.668968 2.735908
-0.168289 2.702620
-0.116118 2.182426
0.056770 2.262539
-0.305717 2.041256
0.142010 2.353299
0.146454 2.509893
0.103752 2.575922
0.098401 2.638312
-3.025742 -0.357487
-0.453176 2.822456
-0.060145 2.668314
0.030286 2.693952
0.389844 2.226434
0.303972 2.250733
0.382230 2.335030
0.328840 2.419000
0.298023 2.545412
0.361523 2.565669
0.217524 2.578444
-2.990183 -0.129616
0.500296 2.587492
0.590733 2.179325
0.639854 2.180807
0.644702 2.235324
0.607586 2.329802
0.701458 2.426955
0.714194 2.469569
0.623367 2.481959
0.770137 2.482896
0.881930 2.059376
-2.975936 -0.985031
0.839637 2.112546
0.814155 2.171530
0.933445 2.279537
1.026312 2.301482
1.019173 2.356328
0.758203 2.423696
0.959438 2.421314
1.027337 1.969492
1.026768 1.998421
1.114039 2.050376
-3.048505 -0.529938
1.143609 2.120118
1.235824 2.190613
1.273191 2.214314
1.236837 2.197974
1.332937 2.188539
1.207924 1.844559
1.234675 1.842941
1.326091 1.899898
1.383595 1.963996
1.401546 2.052262
-3.033582 -0.178440
1.427375 2.092068
1.421998 2.125335
1.347217 1.735737
1.389758 1.737987
1.410861 1.789632
1.480810 1.841911
1.609299 1.867747
1.677866 1.881587
1.487227 2.005157
1.629747 1.951287
-2.478829 -0.172827
-3.188892 -0.631726
1.611804 1.372951
1.581810 1.512792
1.612814 1.564108
1.679472 1.669032
1.786648 1.657658
1.806550 1.747058
1.682919 1.841095
1.809007 1.770062
1.690226 1.069874
1.686555 1.279744
-3.039748 -0.439294
1.744462 1.370851
1.811488 1.467181
1.962425 1.459279
1.990378 1.516611
1.917446 1.580511
2.053364 1.487983
1.748508 0.846093
1.821102 0.900513
1.650444 0.841271
1.786890 1.221333
-3.032496 -0.156673
1.979650 1.220329
2.103566 1.235159
2.163990 1.226606
2.089730 1.382622
2.226861 1.237913
1.800584 0.645855
1.930234 0.634264
1.629931 0.635758
2.026770 0.700952
2.144156 0.795818
-3.048939 -0.871465
2.217732 1.009081
2.298276 1.046166
2.278345 1.208429
2.475892 0.879843
2.352017 0.971552
1.674426 0.351973
1.882029 0.438888
1.988313 0.425728
1.652377 0.430898
2.115382 0.367765
-3.070230 -0.746496
2.274799 0.396097
2.411239 0.502628
2.497606 0.576282
2.457979 0.642416
1.889416 0.099714
2.061963 0.089856
1.931697 -0.129730
2.047171 -0.165480
1.733525 0.173973
1.753463 -0.001624
-2.565414 0.074677
2.152513 0.024191
2.169662 -0.197390
2.268131 0.147772
2.251741 -0.268657
2.422193 0.002473
2.397347 -0.189643
2.474590 0.096809
2.452837 -0.231327
2.627778 0.313744
2.501577 0.155353
-2.644356 0.099697
2.465852 -0.314397
1.918258 -0.382246
2.040708 -0.521529
1.748351 -0.149339
2.115539 -0.512668
2.199603 -0.653163
2.348413 -0.468828
2.384936 -0.591404
2.544739 0.044154
2.406573 -0.424995
-2.364220 -0.203123
2.429456 -0.595480
1.965186 -0.669233
1.996144 -0.667204
2.129581 -0.732660
2.113552 -0.912672
2.227344 -0.910211
2.328995 -0.810518
2.268958 -0.895910
2.361111 -0.778907
1.907228 -1.057225
-2.737416 0.113407
1.881713 -1.113882
1.930807 -1.180629
2.053180 -1.150913
2.130793 -1.177146
2.195504 -1.137838
2.229768 -1.005706
2.229735 -1.237554
1.793144 -1.308456
1.832900 -1.326382
1.864764 -1.320722
-2.826864 0.243813
1.975593 -1.378363
2.029661 -1.448786
2.069859 -1.503346
2.021163 -1.518804
2.040808 -1.630456
1.698476 -1.522907
1.713590 -1.546142
1.723731 -1.659260
1.767353 -1.732234
1.842966 -1.784993
-2.640653 -0.112182
-2.880421 0.274649
1.961595 -1.736577
1.894875 -1.730031
1.942610 -1.827382
1.485994 -1.809995
1.550377 -1.814789
1.585934 -1.850753
1.679677 -1.885222
1.733694 -1.926455
1.823961 -1.943572
1.762220 -2.062592
-2.952880 0.196555
1.349964 -1.957549
1.399283 -1.954976
1.488937 -1.985570
1.562147 -2.056436
1.577181 -2.146528
1.616684 -2.159999
1.674762 -2.063275
1.657840 -2.173816
1.130188 -2.082227
1.192390 -2.147381
-3.125663 -0.341381
1.204077 -2.221739
1.279281 -2.316638
1.383955 -2.349532
1.384527 -2.403017
1.557614 -2.213542
1.338484 -2.483251
0.814347 -2.183655
0.989100 -2.242074
1.001273 -2.357665
1.109435 -2.429301
-3.005063 0.030338
1.211244 -2.529124
1.214481 -2.580002
1.216439 -2.536709
1.212894 -2.606589
0.580325 -2.271646
0.673082 -2.372380
0.484381 -2.087569
0.780098 -2.445531
0.847221 -2.583187
0.982303 -2.694432
-2.981284 0.141084
0.998281 -2.736610
1.053130 -2.688317
0.994549 -2.757343
0.355334 -2.296777
0.452061 -2.431330
0.360655 -2.081374
0.504052 -2.556110
0.532140 -2.704552
0.847522 -2.749778
0.698146 -2.899639
-2.582488 0.326194
0.843838 -2.961130
0.644342 -3.035587
0.721621 -2.920312
0.125879 -2.168788
0.256656 -2.400040
0.170954 -2.525881
0.290751 -2.164662
0.262926 -2.688774
0.216023 -2.794425
0.318636 -2.978702
-2.616751 0.338234
0.526097 -3.039863
0.496786 -3.037229
-0.103357 -2.330793
-0.141015 -2.553738
-0.314720 -2.490511
-0.329346 -2.569900
-0.029945 -2.144929
-0.112384 -2.230703
-0.081959 -2.702581
-0.331056 -2.690403
-2.738952 0.347136
-0.238186 -2.862334
-0.426929 -2.841790
-0.300811 -2.965943
-0.469585 -2.933567
-0.122540 -3.010195
-0.428938 -2.990405
-0.075111 -3.072939
-0.261337 -3.034682
-0.533564 -3.013783
-0.457745 -2.518591
-2.781941 0.416156
-0.755727 -2.633994
-0.248079 -2.346409
-0.683125 -2.694499
-0.671642 -2.789445
-0.796095 -2.883773
-0.669981 -2.957847
-0.307823 -3.046371
-0.451989 -3.003045
-0.810659 -2.943340
-0.901500 -2.545969
-2.844187 0.483885
-0.896389 -2.588129
-0.916385 -2.659311
-0.916809 -2.718974
-1.127490 -2.795094
-0.969991 -2.876920
-0.971857 -2.879744
-0.975489 -2.908552
-1.115481 -2.501402
-1.197669 -2.518230
-1.146927 -2.582279
-2.186983 -0.682767
-2.887261 0.455445
-1.326104 -2.614317
-1.300146 -2.704551
-1.342989 -2.739055
-1.207042 -2.810338
-1.218351 -2.824177
-1.407536 -2.415181
-1.415711 -2.420218
-1.451693 -2.456831
-1.416643 -2.563440
-1.441606 -2.622475
-2.903883 0.344687
-1.519491 -2.689999
-1.503939 -2.681956
-1.534746 -2.670248
-1.591696 -2.312016
-1.603952 -2.320657
-1.623349 -2.358052
-1.716534 -2.385593
-1.721836 -2.483634
-1.729856 -2.531181
-1.708475 -2.530312
-2.899569 0.478551
-1.716101 -2.582102
-1.799881 -2.120045
-1.768264 -2.199995
-1.837503 -2.218244
-1.961104 -2.239619
-1.978629 -2.317606
-2.003767 -2.335251
-1.998051 -2.383866
-1.996953 -1.895876
-2.042057 -1.901742
-2.519580 0.777058
-2.054503 -2.017202
-2.117485 -2.086130
-2.154116 -2.151641
-2.158418 -2.215646
-2.033123 -2.297260
-2.234352 -2.164695
-2.143685 -1.724603
-2.150448 -1.727476
-2.228045 -1.781096
-2.321888 -1.829023
-2.555242 0.760260
-2.329590 -1.961527
-2.350965 -2.034261
-2.251349 -2.068332
-2.343076 -2.077532
-2.263470 -1.357556
-2.282712 -1.512505
-2.350182 -1.566194
-2.398050 -1.685715
-2.472110 -1.799290
-2.610234 -1.743846
-2.622703 0.717820
-2.483447 -1.867495
-2.569524 -1.819518
-2.300526 -1.141117
-2.363140 -1.268088
-2.129610 -1.052914
-2.445022 -1.429925
-2.586799 -1.415638
-2.761756 -1.490730
-2.739826 -1.576860
-2.739977 -1.610085
-2.676310 0.760108
-2.759196 -1.657763
-2.352628 -0.941802
-2.447845 -0.992427
-2.161641 -0.930453
-2.553575 -1.113227
-2.737457 -1.208809
-2.846094 -1.330442
-2.859844 -1.349380
-2.987070 -1.398491
-3.019379 -1.278191
-2.750764 0.773244
-2.830106 -1.498848
-2.190650 -0.898872
-0.347941 -0.124393
-0.233601 -0.206417
-0.702383 -0.166402
-0.575461 -0.235215
-0.385280 0.250281
-0.367187 0.226626
0.055951 0.005381
0.048451 -0.016136
-2.786524 0.744161
-0.219068 -0.368770
-0.187436 -0.374175
-0.430939 -0.452014
-0.617653 0.052350
-0.106909 0.219474
0.082030 -0.288096
-0.495063 -0.414756
-0.551247 0.072134
-0.072747 0.210151
0.057297 -0.346478
-2.821631 0.634579
-0.276780 -0.081440
-0.539690 -0.208770
-0.321567 0.165430
-0.010735 -0.053848
-0.181545 -0.431899
-0.427981 -0.357262
-0.491146 0.041326
-0.119758 0.163996
-0.062013 -0.253827
-0.329197 -0.127070
-2.390068 -0.793014
-2.787557 0.868470
-0.495370 -0.136578
-0.317043 0.141176
-0.058592 -0.048418
-0.207500 -0.379086
-0.436592 -0.281051
-0.470919 -0.017473
-0.200975 0.068582
-0.110331 -0.245390
-0.328556 -0.121705
-0.844803 -0.248275
-2.446612 0.976012
-0.829668 -0.289270
-0.763059 -0.441830
-0.781449 -0.025096
-0.666902 -0.403043
-0.824515 -0.024775
-0.784321 -0.252151
-0.663918 -0.376805
-0.693117 -0.114862
-0.715377 -0.181738
-0.999092 -0.246294
-2.458356 0.975938
-0.943097 -0.245140
-0.846816 -0.469411
-0.917885 -0.013473
-0.803484 -0.382390
-0.926979 -0.047831
-1.059159 -0.312943
-1.008264 -0.264813
-1.206448 -0.357957
-1.387745 -0.394536
-0.955892 -0.187834
-2.501254 1.000197
-0.783466 -0.620710
-1.081435 -0.466908
-0.974102 -0.030765
-1.176416 -0.223843
-1.315786 -0.378863
-1.214257 -0.388548
-1.535787 -0.450952
-1.421198 -0.443803
-1.506608 -0.549306
-1.503900 -0.301147
-2.583463 0.968147
-1.525347 -0.438444
-1.407313 -0.416413
-1.838763 -0.556599
-1.834948 -0.521014
-1.906888 -0.684078
-1.808034 -0.389346
-1.687019 -0.484746
-1.615502 -0.471828
-2.052262 -0.620975
-2.050332 -0.608000
-2.697078 0.881652
-1.994110 -0.739331
-2.049100 -0.453156
-1.961892 -0.558049
-1.806389 -0.521801
-2.184605 -0.637732
-2.346780 -0.687520
-2.213772 -0.637096
-2.499126 -0.768595
-2.797604 -0.825837
-2.904939 -0.901537
-2.682846 1.079942
-2.711657 -0.826403
-2.861518 -0.875145
-3.158364 -1.024600
-3.240260 -1.075655
-3.489535 -1.166791
-3.427480 -1.138614
-3.642705 -1.242049
-3.603126 -1.198284
-3.741137 -1.227853
-3.803462 -1.264613
-2.721519 0.871001
-2.834352 -0.867173
-3.103191 -0.973573
-3.358785 -1.072758
-3.507011 -1.145531
-3.708213 -1.214918
-3.826681 -1.248892
-3.956553 -1.254190
-3.032321 -0.935302
-3.355874 -1.035311
-3.459634 -1.094276
-2.707039 1.047450
-3.598442 -1.150710
-3.821079 -1.208466
-3.974088 -1.239086
-4.011242 -1.239535
-3.240444 -0.961190
-3.417206 -1.041537
-3.501562 -1.070910
-3.741013 -1.157357
-3.952001 -1.210844
-4.031681 -1.216708
-2.339325 1.177031
-4.062388 -1.229087
-3.193028 -0.922359
-3.347980 -0.989782
-3.338611 -1.139140
-3.393780 -0.880543
-3.528016 -1.047918
-3.753508 -1.096396
-3.484489 -1.164116
-3.543372 -0.960980
-3.892044 -1.109881
-2.553128 -0.815752
-2.323495 1.230286
-3.808526 -1.193964
-3.883474 -1.159181
-4.022674 -1.195967
-3.938857 -1.216613
-3.965193 -1.180323
-4.052553 -1.204536
-4.043104 -1.244149
-4.034407 -1.207190
-3.129245 -0.827237
-3.318210 -0.965628
-2.396256 1.188625
-3.510904 -1.027716
-3.632477 -1.032086
-3.819730 -1.080127
-3.975870 -1.131808
-0.418315 0.455130
-0.383893 0.434970
-0.607128 0.298610
-0.278905 0.427757
-0.512164 0.250925
-0.200449 0.347543
-2.473814 1.217361
-0.396536 0.387039
-0.490662 0.204791
-0.224494 0.281834
-0.380105 0.376113
-0.461526 0.668630
-0.398215 0.566418
-0.709718 0.468668
-0.197986 0.598504
-0.655767 0.439373
-0.164743 0.525369
-2.504414 1.276369
-0.448494 0.670077
-0.480947 0.643884
-0.520762 0.853035
-0.502327 1.021573
-0.472970 0.598704
-0.678735 0.534521
-0.634561 0.914732
-0.185885 0.583992
-0.405627 0.821239
-0.496512 0.957674
-2.551722 1.327379
-0.481690 0.809827
-0.577178 1.303844
-0.546071 1.371380
-0.662801 1.125596
-0.480989 1.312946
-0.536688 1.263395
-0.511911 1.064195
-0.634380 1.493402
-0.587817 1.535521
-0.709084 1.447201
-2.511896 1.275239
-0.516232 1.501585
-0.583558 1.427823
-0.563578 1.410992
-0.678476 1.668646
-0.646511 1.708410
-0.757399 1.623615
-0.563660 1.700152
-0.626574 1.697615
-0.579887 1.620467
-0.724942 1.821755
-2.608464 1.278012
-0.706353 1.928510
-0.647160 1.920784
-0.860088 2.323438
-0.849284 2.478650
-0.731489 2.248591
-0.877682 2.435415
-0.877197 2.574177
-0.867755 2.768317
-0.837782 2.841675
-0.884127 3.252236
-2.220603 1.334173
-0.878321 3.207335
-0.941830 3.441460
-0.889647 3.300224
-0.935532 3.454167
-0.972093 3.533112
-0.906616 2.510865
-0.915919 2.793460
-0.923981 3.119946
-0.935560 3.314144
-0.955719 3.417363
-2.216423 1.359373
-0.987461 3.537361
-1.029178 3.669245
-0.964492 2.705559
-0.964562 2.990592
-0.969938 3.236754
-1.001436 3.406347
-1.011515 3.527325
-1.056642 3.668347
-1.118585 3.788303
-1.024487 2.884390
-2.235111 1.389717
-1.050996 3.074953
-1.027244 3.281331
-1.049854 3.377924
-1.111420 3.691953
-1.141568 3.764544
-1.146547 3.807926
-1.045784 2.888707
-1.056542 3.133008
-1.131707 3.009220
-0.928601 3.124275
-2.240557 -0.456452
-2.305162 1.418433
-1.069280 3.216863
-1.112674 3.430385
-1.137200 3.234086
-0.949467 3.235503
-1.116663 3.555613
-1.125372 3.591353
-1.069459 3.551621
-1.153471 3.745202
-1.138305 3.684189
-1.111465 3.737253
-2.344074 1.563148
-1.150216 3.775969
-1.144281 3.774710
-1.140083 3.785740
-0.964434 2.830186
-1.052526 3.057061
-1.065745 3.189740
-1.084631 3.359799
-1.106845 3.507445
-1.134340 3.669879
0.299561 -0.027687
-2.390768 1.588741
0.249641 0.017728
0.118451 0.203606
0.207864 -0.168533
0.086631 0.193436
0.208893 -0.171676
0.230933 -0.019103
0.108268 0.133673
0.126213 -0.146712
0.156009 0.052229
0.499304 0.046813
-2.466311 1.530068
0.506017 0.079338
0.289375 0.270653
0.401631 -0.182798
0.284116 0.286755
0.394154 -0.101909
0.542313 0.095249
0.523510 0.117210
0.578486 0.057085
0.673023 0.110639
0.438392 0.112535
-1.920046 1.648122
0.247503 0.408460
0.644435 0.256067
0.455842 -0.099601
0.691063 -0.014230
0.702556 0.111464
0.684639 0.125409
1.085849 0.191382
1.074325 0.189054
1.100682 0.280070
1.071795 0.098955
-2.026677 1.568743
0.929710 0.148132
0.827992 0.126156
1.297953 0.233015
1.263752 0.214650
1.214609 0.347428
1.283054 0.141866
1.214617 0.176753
1.195933 0.148654
1.455694 0.312528
1.606979 0.288483
-2.049030 1.605327
1.494205 0.431668
1.538098 0.192191
1.518646 0.253368
1.411786 0.202653
1.736813 0.351437
1.766482 0.328462
1.727736 0.318404
1.945045 0.401984
2.149604 0.389393
2.059398 0.361116
-2.095393 1.788516
2.164787 0.393385
2.288746 0.427761
2.527478 0.420229
2.629586 0.415602
2.945162 0.425386
2.865444 0.450790
3.240707 0.473531
3.097858 0.471861
3.293413 0.497396
3.327978 0.488627
-2.219365 1.749875
2.382519 0.420337
2.480796 0.448099
2.852047 0.509151
2.987106 0.512245
3.157181 0.511223
3.410956 0.547173
3.463100 0.542941
2.481212 0.471071
2.732758 0.509192
2.948247 0.531380
-2.225530 1.791329
3.078446 0.563380
3.279826 0.581095
3.469534 0.590316
3.524822 0.595032
2.634274 0.550718
2.798498 0.635157
2.936530 0.602306
3.194628 0.632208
3.377065 0.651696
3.490757 0.653462
-2.262342 -0.331046
-2.299545 1.663595
3.522494 0.653521
2.593608 0.629528
2.764869 0.643232
2.751057 0.746006
2.824123 0.450585
2.947603 0.663564
3.141298 0.672616
3.084476 0.680277
3.082070 0.567510
3.260296 0.685097
-2.313023 1.753795
3.323860 0.645845
3.314978 0.642828
3.385351 0.687646
3.440548 0.666541
3.434980 0.642387
3.446527 0.674819
3.472003 0.643966
3.491394 0.644165
2.545704 0.642578
2.686978 0.681149
-1.716633 1.775753
2.792912 0.667361
3.082223 0.695774
3.222437 0.699267
3.335127 0.701587
-0.234174 -0.678145
-0.142229 -0.674406
0.036923 -0.459580
-0.326763 -0.668939
0.015041 -0.451010
-0.352584 -0.599380
-1.797740 1.784932
-0.123783 -0.649688
0.017705 -0.510392
-0.330056 -0.587043
-0.166196 -0.584436
-0.041444 -0.844366
-0.101954 -0.888961
0.128922 -0.645024
-0.299379 -0.804893
0.064425 -0.663138
-0.325549 -0.752712
-1.813830 1.844657
-0.120100 -0.898186
-0.156878 -0.882968
-0.073273 -1.086516
-0.046336 -1.088307
-0.057875 -0.807838
0.192963 -0.638740
0.080640 -0.933609
-0.292429 -0.877016
-0.146465 -1.059236
-0.064988 -1.129597
-1.919751 1.891876
-0.093270 -1.125165
0.012884 -1.552839
0.009789 -1.510118
0.093132 -1.450116
-0.080060 -1.516591
-0.008125 -1.492503
-0.043497 -1.311365
0.005835 -1.779352
0.033225 -1.755114
0.142822 -1.691633
-2.026099 1.969227
-0.038193 -1.704431
0.026274 -1.729305
0.008700 -1.628258
0.067931 -1.964898
0.075320 -1.998666
0.254642 -1.970295
0.009893 -2.042027
0.060680 -1.917017
0.049533 -1.844771
0.112886 -2.268409
-1.998388 2.018076
0.126958 -2.336752
0.091508 -2.101506
0.156460 -2.525873
0.194341 -2.763473
0.198151 -2.821488
0.172054 -2.717294
0.190058 -2.885667
0.227926 -2.988077
0.234969 -3.291156
0.259834 -3.576692
-2.098961 1.911080
0.257310 -3.445967
0.299831 -3.776202
0.255243 -3.670969
0.283311 -3.792474
0.344947 -3.901255
0.203197 -2.855855
0.246724 -3.105624
0.263773 -3.431750
0.303782 -3.659052
0.306948 -3.770926
-2.045577 2.028801
0.375089 -3.953960
0.373059 -3.978743
0.314528 -3.049134
0.317566 -3.276855
0.355541 -3.501817
0.361233 -3.673238
0.383391 -3.848700
0.436672 -4.024621
0.461651 -4.069031
0.410896 -3.212979
-2.719182 -0.477940
-1.475263 1.881372
0.470063 -3.383590
0.435088 -3.551164
0.466130 -3.740928
0.467825 -3.947442
0.486116 -4.064841
0.494281 -4.109103
0.465625 -3.130560
0.509260 -3.295352
0.545030 -3.372302
0.325390 -3.405273
-1.558994 1.928827
0.522162 -3.544876
0.538358 -3.738209
0.488636 -3.610823
0.391366 -3.653284
0.518018 -3.899364
0.481165 -3.857921
0.452605 -3.867884
0.514769 -4.029726
0.483620 -4.024975
0.463343 -4.023232
-1.687699 1.961171
0.528513 -4.075558
0.491929 -4.091725
0.485701 -4.089637
0.526135 -3.199610
0.523532 -3.263831
0.542283 -3.384037
0.556013 -3.712402
0.560725 -3.816656
0.539558 -4.013455
-3.228165 -1.274193
-1.677114 2.103776
-3.392636 -0.749614
-1.290767 2.816006
-0.716185 3.007127
2.721791 0.872342
2.747175 0.348785
0.659213 -3.226190
0.089361 -3.302444
-0.513707 -0.663584
-0.489365 -0.564823
-0.584797 -0.779817
-1.782216 2.159062
-0.587248 -0.716522
-0.738717 -0.669915
-0.461369 -0.809070
-0.518067 -0.654874
-0.652716 -0.706775
-1.154043 -0.559600
-1.426890 -0.612388
-1.838966 -0.708360
-2.035103 -0.865825
-0.751260 0.163520
-1.831864 2.207338
-0.757122 0.114717
-0.840305 0.330987
-0.861340 0.254166
-0.942235 0.188806
-0.794362 0.429923
-0.787141 0.202046
-0.810811 0.334767
-1.228408 -0.113272
-1.517505 -0.250984
-1.729398 -0.318515
-1.995940 2.016003
-2.067074 -0.339912
-0.686958 0.832875
-0.690864 1.105874
-0.745598 1.444107
-0.858439 1.595912
-0.004663 0.302610
-0.030978 0.365099
0.025346 0.516321
0.085400 0.490479
-0.027304 0.599676
-1.814141 2.227469
0.257669 0.409442
0.027915 0.468656
0.136588 0.472197
-0.301425 0.930473
-0.435458 1.282107
-0.467791 1.496281
-0.433833 1.760389
0.531411 0.324877
1.063373 0.341870
1.282090 0.416640
-1.226527 1.965428
1.420933 0.489264
0.176112 -0.373105
0.166749 -0.384622
0.341212 -0.475960
0.286729 -0.508246
0.396222 -0.377970
0.258788 -0.585062
0.217573 -0.388291
0.330391 -0.494960
0.713089 -0.101502
-1.453628 1.976169
0.908704 -0.004904
1.234080 0.091023
1.629594 -0.011108
0.121399 -0.900063
0.126085 -1.289605
0.164871 -1.641739
0.301299 -1.904135
-0.286995 -1.049559
-0.137498 -1.465683
-0.071481 -1.692083
