419 2
0.132989 -0.091007
0.088285 -0.209047
-0.151605 -0.006690
1.786918 -2.893551
1.214000 -3.050638
0.747175 -3.017796
0.664789 -3.012198
0.626013 1.132367
0.598427 1.196595
-0.454689 0.616094
-0.507649 0.601895
-1.179497 -0.378869
-1.125235 -0.428943
-0.121648 0.100215
0.474539 1.399524
0.423695 1.418247
0.109978 1.291448
-0.139373 1.115617
-0.523009 0.943768
-0.661702 0.925678
-0.831680 0.727737
-1.077253 0.433828
-1.247583 0.225959
-1.412374 -0.010127
0.747684 0.906162
-1.474091 -0.045506
0.258389 1.828739
0.259852 1.802929
-0.864097 1.243047
-0.837953 1.045924
-1.610216 0.095011
-1.695950 0.173275
0.100217 2.073869
-0.056670 2.324104
-0.143655 2.565112
0.748789 0.648856
-0.130554 2.234557
-0.307010 2.278938
-0.563630 2.207976
-0.850617 1.972242
-0.918210 1.510644
-1.265156 1.344301
-1.556510 1.352201
-1.900804 1.202692
-2.023988 1.017155
-2.021136 0.726424
0.678829 0.411260
-1.955379 0.439539
-0.148958 2.477713
-0.297550 2.382424
-0.544896 2.262285
-1.080804 2.136587
-1.419029 2.189110
-1.721976 2.001315
-1.818384 1.503973
-1.935794 1.229892
-2.065550 1.041824
0.489802 0.249443
-2.281426 0.901801
-2.473647 0.888831
-2.172247 0.660285
-0.991503 1.967106
-0.979738 1.841370
-0.997556 1.682362
-1.065407 1.442111
-1.289074 1.456360
-1.387494 1.497985
-1.646449 1.492049
1.050716 0.403451
-1.665475 1.765707
-1.671854 1.874177
-1.336860 2.076634
-1.233465 2.046017
-0.215785 2.706712
-0.223739 2.680216
-1.731589 2.359382
-1.852219 2.252604
-2.571783 1.006891
-2.544863 1.003527
0.905326 0.409406
-0.320454 2.811208
-0.385928 2.792396
-0.991450 2.807327
-1.434149 2.718424
-1.691267 2.578096
-1.876063 2.361568
-2.101198 2.273651
-2.370571 2.022665
-2.470647 1.809356
-2.569536 1.193092
0.706469 0.321792
-2.608369 1.140548
1.830297 -2.222596
1.274406 -1.582500
-1.610696 2.019189
-1.392589 1.844208
0.122388 -0.162797
1.592788 -1.978269
1.083347 -1.343493
1.168229 -1.432617
2.332351 -0.928820
0.474598 0.201534
2.244658 -1.037303
2.161517 -1.143266
2.032676 -1.392410
2.000543 -2.386629
2.065158 -2.449939
1.028429 -2.326761
0.839995 -2.396663
0.594657 -2.505114
0.529187 -2.492702
-1.813816 2.280353
0.007241 -0.223384
-0.306058 -0.446774
-1.742063 2.199356
-0.822141 2.105334
-0.598030 2.193719
-0.357100 2.292653
-0.136155 2.324929
-0.926560 1.211334
-0.863061 1.150425
-1.796276 1.336725
-1.948957 1.173147
-2.102291 0.967707
-0.559770 -0.645670
-2.104095 0.851290
0.232370 0.000566
0.157248 -0.235567
0.000125 -0.224518
-0.009628 -0.024152
0.285484 0.131295
0.388165 0.080348
0.385120 -0.352052
0.392127 -0.451712
-0.050448 -0.380272
-0.660015 -0.852504
-0.198148 -0.224988
-0.168170 0.106164
0.009887 0.153431
0.773069 0.782285
0.781451 0.643037
0.631840 0.406330
0.516722 0.263502
1.011271 0.448056
0.973383 0.349294
0.688733 0.365410
-0.688264 -1.003505
0.466401 0.182645
-0.327263 -0.456277
-0.492861 -0.612896
-0.595749 -0.844758
-0.611174 -1.083405
-0.332934 -0.435630
-0.584312 -0.605834
-0.742830 -0.637734
-0.967630 -0.584249
1.330037 0.149636
-0.330343 -0.444110
1.333862 0.138275
0.613128 -0.666301
0.561200 -0.647745
-0.414031 -1.347342
-0.417550 -1.389693
1.552506 -0.052500
1.509265 -0.089526
1.343315 -0.343895
1.143717 -0.561798
1.021844 -0.760115
-0.550427 -0.602254
0.885971 -1.006933
0.688923 -1.117464
0.296808 -1.315689
0.044034 -1.459256
-0.185059 -1.544696
-0.247334 -1.688081
1.719533 -0.196463
1.821754 -0.294723
1.136390 -1.261521
0.993436 -1.322484
-0.840771 -0.640933
-0.038039 -1.963154
-0.010556 -2.000026
2.038809 -0.444567
2.179436 -0.740757
2.160947 -1.083006
2.100729 -1.236837
1.932977 -1.368752
1.345561 -1.413878
1.088721 -1.538978
1.122627 -2.126134
-0.897687 -0.659495
0.844766 -2.287566
0.613527 -2.363861
0.450334 -2.318407
0.091577 -2.217368
2.299770 -0.667256
2.517400 -0.817236
2.417569 -0.912577
2.278755 -1.013793
2.111944 -1.319936
2.041081 -1.569130
1.343929 0.159341
1.984501 -2.156484
1.722118 -2.371269
1.264694 -2.340131
0.896112 -2.364306
0.651217 -2.431285
0.493577 -2.723440
0.478578 -2.796304
0.343491 -2.540109
1.957661 -1.538423
1.638863 -1.521879
1.235623 0.245650
1.450843 -1.562238
1.205607 -1.803482
1.190460 -2.044386
1.503596 -2.334323
1.256592 -2.207486
1.671091 -2.330950
1.920890 -2.002076
1.951679 -1.771079
2.663152 -0.948614
2.649407 -0.954484
0.062380 -0.040554
0.497995 -0.619714
2.100455 -2.397650
2.014239 -2.452453
0.609992 -2.943592
0.614073 -2.959087
2.757208 -0.977280
2.729691 -1.094018
2.710809 -1.712560
2.575259 -2.120974
2.442597 -2.290560
2.165970 -2.557857
0.447161 -0.578852
2.015257 -2.699088
1.823787 -2.874771
1.161038 -3.036102
0.715254 -3.017995
0.651535 -3.007988
0.664652 1.053351
0.543190 1.226111
-0.321137 0.501890
-0.286276 0.377462
-1.221094 -0.309959
-0.557052 -1.169967
-1.173763 -0.375757
0.383177 1.519473
0.303677 1.459274
0.026034 1.216378
-0.169107 1.099466
-0.405182 0.931521
-0.680580 0.928442
-0.861945 0.688667
-1.028906 0.485577
-1.280869 0.128969
-0.515520 -1.257631
-1.390818 -0.022471
-1.355252 -0.172217
0.237893 1.803570
0.288157 1.688968
-0.734202 1.128308
-0.901142 1.099660
-1.728923 0.194554
-1.818678 0.278847
0.141860 2.022849
-0.010908 2.300973
1.544059 -0.029136
-0.124132 2.582245
0.049739 2.125073
-0.314819 2.233906
-0.473868 2.189931
-0.777325 1.956198
-0.876995 1.435898
-1.149727 1.312659
-1.637799 1.334426
-1.911965 1.111995
-2.021812 0.965653
1.527826 -0.154872
-2.109787 0.681694
-1.960600 0.430802
-0.144782 2.456536
-0.299317 2.312229
-0.468614 2.230979
-1.082666 2.173591
-1.599184 2.271720
-1.770310 2.098414
-1.758897 1.571538
-1.964177 1.086259
1.274976 -0.406107
-2.076230 0.927900
-2.263542 0.900724
-2.403015 0.897182
-2.185461 0.674020
-0.964712 2.062588
-0.931753 1.814594
-0.973941 1.642404
-1.056576 1.469860
-1.260237 1.397292
-1.362820 1.409362
1.113548 -0.597861
-1.727222 1.489750
-1.722373 1.746770
-1.713460 1.862097
-1.314659 2.128700
-1.221143 2.115024
-0.221966 2.714345
-0.235086 2.754317
-1.752745 2.460325
-1.865580 2.313807
-2.399707 1.006179
1.028650 -0.740617
-2.503808 1.009561
-0.285860 2.803289
-0.409217 2.829603
-1.049416 2.812521
-1.522768 2.702946
-1.607028 2.633421
-1.844156 2.395377
-2.100758 2.282488
-2.316076 2.109169
-2.453435 1.875660
0.853758 -1.105712
-2.565837 1.246537
-2.590414 1.137726
1.879653 -2.246621
1.273932 -1.569738
-1.631620 2.079157
1.033941 -1.311439
1.139856 -1.424561
2.277693 -0.845308
2.238183 -1.001006
2.135405 -1.216983
0.174644 0.019246
0.662110 -1.185040
2.010105 -1.410870
2.024410 -2.373128
2.117430 -2.438114
1.032462 -2.310133
0.859904 -2.360480
0.650292 -2.388709
0.526667 -2.480212
-1.769309 2.341466
-1.747137 2.245802
-0.690802 2.134993
0.184581 -1.384254
-0.543238 2.168087
-0.332634 2.274000
-0.175710 2.342074
-0.944479 1.213023
-0.748438 1.044721
-1.756745 1.392336
-1.930278 1.141919
-2.062560 0.947092
-2.099783 0.832049
0.020871 -1.470387
-0.189382 -1.622271
-0.203858 -1.701830
1.748849 -0.189139
1.771235 -0.239664
1.040625 -1.125961
0.990197 -1.341173
-0.071665 -1.895503
0.284811 -0.042309
-0.029199 -1.981510
2.073691 -0.469175
2.191343 -0.794526
2.189290 -1.056705
2.059785 -1.252555
1.881743 -1.355051
1.360285 -1.457273
1.161160 -1.697725
1.101855 -2.125453
0.815158 -2.377644
0.189040 -0.201552
0.546415 -2.424584
0.312250 -2.332474
0.152265 -2.255276
2.398401 -0.789803
2.607611 -0.897706
2.425501 -0.899757
2.244684 -1.088148
2.122610 -1.284061
1.983536 -1.777930
2.010190 -2.131794
0.156866 -0.316448
1.837412 -2.367071
1.304083 -2.367688
0.804906 -2.456731
0.660096 -2.517748
0.497145 -2.672897
0.456564 -2.778560
0.382796 -2.567135
1.839568 -1.635291
1.641967 -1.570009
1.461392 -1.559638
-0.056383 -0.318995
1.221273 -1.790263
1.207096 -1.904714
1.435542 -2.223472
1.308595 -2.202694
1.638356 -2.363673
1.864303 -2.060406
1.909094 -1.822216
2.685543 -0.961769
2.675566 -0.951722
2.121037 -2.430980
-0.159214 -0.262711
2.064439 -2.490655
0.584087 -2.925152
0.595232 -2.940912
2.722399 -1.026489
2.783015 -1.099080
2.692538 -1.790123
2.580106 -2.135170
2.463244 -2.260696
2.215040 -2.489414
1.992862 -2.730224
