1005 2
-2.020765 -0.192356
-2.154758 -0.277325
-2.239043 -0.509662
-0.378614 -2.268902
-0.004155 1.706866
-0.060722 0.156305
-0.150239 -0.522516
0.542693 -0.536207
0.526191 0.043953
-0.696346 -2.624665
-0.694644 -2.768338
-0.725894 -2.901121
-0.781579 -2.903669
-0.863095 -2.900518
-0.836054 -2.911008
-0.152349 -2.453775
-0.283604 -2.564144
-0.133113 -2.207108
-2.293506 0.009524
-0.288519 -2.712844
-0.481309 -2.849342
-0.577919 -2.951760
-0.425269 -3.034678
-0.619222 -3.129866
-0.400913 -3.274938
-0.367031 -3.055490
0.042403 -2.308282
-0.041821 -2.504194
-0.055106 -2.677608
-2.386911 -0.266832
-0.097074 -2.295792
-0.025715 -2.786042
-0.125993 -2.896408
-0.266711 -3.119549
-0.214910 -3.121605
-0.121211 -3.131386
0.188696 -2.473080
0.281382 -2.645502
0.403934 -2.498139
0.507626 -2.690886
-2.367188 -0.612008
0.162367 -2.351161
0.298635 -2.300913
0.218210 -2.768325
0.499898 -2.747172
0.287556 -2.861893
0.506189 -2.846830
0.393692 -2.998731
0.485430 -3.012792
0.373227 -3.034559
0.611066 -2.979677
-2.448702 0.143168
-0.048149 -3.301966
0.101608 -3.110363
0.588760 -3.008784
0.793538 -2.526507
0.806045 -2.603100
0.444034 -2.396274
0.895980 -2.658975
0.841774 -2.774874
0.798882 -2.866848
0.817936 -2.920747
-2.560736 -0.434685
0.148123 -3.307720
0.628972 -2.956918
0.870469 -2.941955
0.987606 -2.472172
0.982633 -2.535732
1.049976 -2.610125
1.104290 -2.646709
1.162145 -2.741431
1.113991 -2.810776
1.015794 -2.831866
-2.506135 -0.695216
1.214749 -2.813282
1.242166 -2.422221
1.213038 -2.474922
1.267048 -2.536014
1.261183 -2.612813
1.520008 -2.582656
1.613687 -2.595111
1.366060 -2.706750
1.601614 -2.620946
1.480977 -2.328668
-2.627867 0.166005
1.540723 -2.350433
1.552968 -2.389601
1.726720 -2.393287
1.760547 -2.470700
1.750418 -2.504910
1.604685 -2.572690
1.764000 -2.521338
1.829189 -2.076449
1.762522 -2.156536
1.728026 -2.285474
-2.612643 -0.334479
1.897919 -2.290206
1.934423 -2.332347
2.057639 -2.291605
1.995160 -2.316751
2.052890 -2.306241
1.925146 -1.946853
1.946219 -1.984963
1.990751 -2.084623
2.040352 -2.141742
2.163553 -2.147515
-2.540728 -0.687688
2.196509 -2.161658
2.305448 -2.073978
2.081782 -1.704512
2.138467 -1.694454
2.143160 -1.817454
2.272840 -1.911390
2.328637 -1.957059
2.379381 -1.961540
2.346244 -1.963202
2.384826 -2.001417
-2.038461 -0.333335
-2.839007 -0.184606
2.178891 -1.507799
2.201723 -1.490369
2.309875 -1.546637
2.435863 -1.623443
2.508200 -1.696365
2.514537 -1.787160
2.427939 -1.836914
2.549134 -1.805952
2.283230 -1.275321
2.343314 -1.249969
-2.624476 -0.295750
2.482104 -1.242754
2.533194 -1.353762
2.614201 -1.498942
2.654399 -1.616754
2.565509 -1.613626
2.592531 -1.725186
2.318683 -0.862085
2.428886 -0.998741
2.213643 -0.786564
2.494716 -1.086620
-2.541161 -0.773965
2.666425 -1.149814
2.825739 -1.146586
2.793873 -1.253307
2.771456 -1.297472
2.749589 -1.484535
2.337249 -0.630242
2.469783 -0.795486
2.139743 -0.664973
2.581090 -0.847932
2.830255 -0.915546
-2.676421 0.172561
2.898926 -0.980516
2.931615 -0.883101
2.918533 -1.133191
3.079856 -0.870793
2.942608 -0.979566
2.245365 -0.393178
2.455287 -0.407179
2.564211 -0.411958
2.268148 -0.595852
2.700018 -0.419171
-2.643859 0.151982
2.860488 -0.545152
3.019320 -0.626978
3.059079 -0.527791
2.997147 -0.587186
2.430446 -0.155040
2.588057 -0.091506
2.427240 0.155911
2.533576 0.229384
2.351769 -0.196618
2.280710 -0.105038
-2.085957 -0.703224
2.684083 -0.094921
2.646861 0.229949
2.804383 -0.052279
2.731566 0.279865
2.952117 0.016847
2.893481 0.228402
2.998711 0.009005
2.912025 0.312006
3.129395 -0.217669
2.996876 0.094649
-2.122140 -0.840474
2.948307 0.332328
2.446194 0.284527
2.454984 0.424704
2.348323 0.042434
2.582010 0.466466
2.680117 0.605040
2.775305 0.644057
2.846354 0.676746
3.061086 -0.008708
2.860437 0.578600
-1.906025 -0.368477
2.842371 0.731599
2.350631 0.873670
2.391054 0.830928
2.453825 0.870956
2.603170 0.867701
2.685594 0.870529
2.710688 0.928281
2.788793 0.751947
2.784200 0.864620
2.297552 1.016544
-2.176065 -0.868213
2.321967 0.995832
2.365697 1.060355
2.405423 1.110286
2.547789 1.170168
2.543421 1.264386
2.628227 1.027480
2.530827 1.373457
2.210085 1.136361
2.203563 1.188937
2.240089 1.272105
-2.272480 -1.000693
2.286275 1.296646
2.397225 1.440057
2.402381 1.497043
2.436926 1.378202
2.453426 1.456095
2.036233 1.386790
2.026245 1.471866
1.972866 1.654636
2.087612 1.658269
2.288464 1.595948
-2.172600 -0.422510
-2.366284 -1.081306
2.231717 1.708131
2.257950 1.646327
2.257638 1.750074
1.788196 1.617133
1.776091 1.726038
1.874435 1.767009
1.791056 1.880744
2.085683 1.829129
2.030703 1.958351
1.990269 2.003427
-2.411923 -1.017540
1.561211 1.819890
1.635874 1.802983
1.681250 1.916670
1.699593 2.004065
1.703523 2.117666
1.810202 2.120528
1.938721 2.041575
1.784130 2.174560
1.337334 1.938462
1.331740 1.982185
-2.725801 -0.453839
1.437982 2.058952
1.492461 2.148704
1.574140 2.224030
1.547563 2.292573
1.710474 2.214283
1.615751 2.309600
0.861785 2.057163
1.089357 2.076696
1.167841 2.196861
1.125917 2.299192
-2.491127 -0.892142
1.330514 2.368395
1.245515 2.452280
1.445853 2.342264
1.406707 2.420669
0.657240 2.055700
0.719155 2.168782
0.655354 1.949467
0.959767 2.285120
0.900373 2.410556
0.944137 2.561603
-2.496629 -0.917627
1.028127 2.550973
1.099290 2.521555
0.979919 2.581258
0.377757 2.094502
0.489784 2.196536
0.477876 1.886058
0.591827 2.352547
0.612040 2.436589
0.782948 2.588747
0.680399 2.643689
-2.043306 -1.085239
0.913297 2.640365
0.703464 2.773666
0.713918 2.671722
0.210722 1.906225
0.212848 2.167660
0.255705 2.235380
0.384223 1.904970
0.330485 2.478223
0.355240 2.562272
0.359203 2.695197
-2.030820 -1.189312
0.407959 2.703172
0.264089 2.747838
0.057775 2.109665
0.019122 2.228279
-0.380703 2.145480
-0.439873 2.233785
0.055552 1.947304
-0.024398 1.893342
-0.141197 2.390121
-0.402367 2.334193
-2.055443 -1.311125
-0.039119 2.506700
-0.460101 2.447699
-0.187443 2.637298
-0.394669 2.628727
-0.029656 2.702803
-0.441282 2.627807
-0.040428 2.864421
-0.163524 2.702423
-0.480949 2.656477
-0.545700 2.146670
-2.175014 -1.289047
-0.564004 2.189618
-0.269579 1.997846
-0.665543 2.258348
-0.695654 2.357392
-0.786288 2.492420
-0.728900 2.579734
-0.200564 2.805520
-0.498942 2.648041
-0.662621 2.603367
-0.701814 2.153191
-2.246802 -1.305201
-0.779129 2.164104
-0.965038 2.171303
-0.961829 2.310612
-1.032407 2.378116
-1.038895 2.432449
-0.931556 2.447473
-1.060841 2.463291
-1.104906 2.017654
-1.144045 2.019114
-1.157261 2.079898
-1.878508 -0.026977
-2.305632 -1.347010
-1.209209 2.155515
-1.161808 2.313316
-1.210914 2.343085
-1.080867 2.369763
-1.203274 2.369625
-1.249221 1.918608
-1.312629 1.918923
-1.373333 1.931702
-1.387285 2.051196
-1.419245 2.107084
-2.390077 -1.071186
-1.433833 2.165468
-1.386165 2.182820
-1.445215 2.187427
-1.516911 1.691705
-1.546486 1.672846
-1.539247 1.864046
-1.581280 1.891667
-1.655457 1.913850
-1.625873 2.005894
-1.543317 2.052909
-2.294434 -1.447441
-1.640555 2.010741
-1.640947 1.528257
-1.665467 1.541749
-1.717348 1.637216
-1.776057 1.716617
-1.816688 1.742210
-1.791287 1.832981
-1.773867 1.869897
-1.737557 1.354103
-1.810491 1.346768
-1.935170 -1.382877
-1.893411 1.399466
-1.962790 1.398348
-1.987096 1.546062
-1.977829 1.615398
-1.952374 1.629581
-1.970621 1.643282
-1.882888 1.096160
-1.914902 1.098920
-1.963562 1.188465
-2.064065 1.198806
-1.947283 -1.438349
-2.164793 1.245129
-2.181666 1.317060
-2.084601 1.459639
-2.130579 1.484036
-1.947794 0.754698
-2.008145 0.829909
-2.071996 0.952739
-2.200861 1.014879
-2.283958 1.065259
-2.319286 1.088633
-1.948244 -1.492346
-2.282997 1.163168
-2.419971 0.975198
-1.925365 0.441428
-2.076830 0.557692
-1.837778 0.400160
-2.194943 0.541437
-2.324560 0.669834
-2.511616 0.707456
-2.463408 0.820238
-2.485279 0.855752
-2.059185 -1.539165
-2.471638 0.851499
-1.991788 0.151711
-2.165426 0.315283
-1.826867 0.278883
-2.255598 0.238811
-2.386213 0.385376
-2.503894 0.526051
-2.571292 0.482932
-2.696398 0.597854
-2.746858 0.428688
-2.110432 -1.580461
-2.624992 0.390494
-1.802063 0.152169
0.193134 -0.237774
0.160823 -0.202162
-0.119137 -0.199668
-0.128927 -0.179901
0.229569 -0.552393
0.180964 -0.517504
0.648102 -0.174596
0.526385 -0.230339
-2.184757 -1.577202
0.240947 0.138110
0.232385 0.146865
-0.013162 0.106269
0.022232 -0.463017
0.468117 -0.470189
0.514401 -0.038474
0.008502 0.098831
0.001439 -0.423918
0.407854 -0.427376
0.459702 0.047882
-2.181839 -1.505671
0.228120 -0.174667
-0.018857 -0.128702
0.230255 -0.468096
0.541813 -0.213295
0.245777 0.105954
0.034662 0.039347
0.044480 -0.392885
0.399626 -0.363735
0.399021 -0.018824
0.293435 -0.214010
-2.052507 0.004683
-2.270675 -1.613559
0.037098 -0.183427
0.269870 -0.447872
0.477109 -0.196372
0.253644 0.089303
0.071273 0.004949
0.085904 -0.320045
0.404255 -0.391246
0.440934 -0.134838
0.348102 -0.228737
-0.378348 -0.154831
-1.745813 -1.758797
-0.367136 -0.140632
-0.272498 0.077172
-0.180372 -0.308438
-0.214695 0.051360
-0.275716 -0.325054
-0.273010 -0.121253
-0.154003 0.037350
-0.163950 -0.308927
-0.188794 -0.066617
-0.522140 -0.154829
-1.831611 -1.667979
-0.575158 -0.102722
-0.420709 0.081651
-0.438860 -0.335088
-0.342691 0.070776
-0.387225 -0.292302
-0.602742 -0.106107
-0.488253 -0.091195
-0.688994 -0.138897
-0.790234 -0.083433
-0.510803 -0.131453
-1.859211 -1.660420
-0.408816 0.151698
-0.717480 0.009932
-0.438138 -0.401183
-0.802710 -0.235538
-0.798532 -0.090543
-0.792318 -0.107099
-1.268305 -0.097658
-1.172164 -0.085805
-1.071976 0.026374
-1.299574 -0.149200
-1.884492 -1.764898
-1.102082 -0.049851
-0.971802 -0.070402
-1.367840 -0.066024
-1.419917 -0.052818
-1.318107 0.042283
-1.444226 -0.137371
-1.369730 -0.022795
-1.332254 -0.012613
-1.593136 -0.070435
-1.637364 -0.042911
-1.989698 -1.802918
-1.618790 0.093566
-1.625205 -0.139437
-1.660026 -0.005828
-1.560475 -0.000824
-1.959559 0.003348
-1.921978 0.000253
-1.803618 0.010146
-2.140748 0.008408
-2.457120 0.068150
-2.516311 0.096249
-1.973105 -1.918170
-2.388016 0.026176
-2.492821 0.017704
-2.674691 0.059166
-2.920982 0.149923
-3.224412 0.203179
-3.077767 0.145552
-3.358748 0.238740
-3.238304 0.192966
-3.449023 0.232927
-3.515182 0.242255
-2.061774 -1.724460
-2.570779 -0.007449
-2.759800 0.010529
-2.987355 0.060438
-3.217730 0.144496
-3.427879 0.200830
-3.602457 0.227269
-3.676747 0.249827
-2.708661 -0.005175
-2.987304 0.063910
-3.076933 0.070161
-2.028118 -1.862572
-3.337504 0.136892
-3.578594 0.173966
-3.672892 0.198875
-3.734363 0.188283
-2.918676 0.057432
-3.041053 0.092021
-3.202346 0.072440
-3.469186 0.109897
-3.652174 0.127454
-3.747851 0.164084
-1.663072 -1.855596
-3.794850 0.132158
-2.855439 0.119729
-3.030647 0.135410
-3.019130 0.249680
-3.047871 -0.065173
-3.215849 0.078893
-3.382330 0.071368
-3.134524 0.277404
-3.280514 -0.011282
-3.569165 0.089416
-2.142866 -0.016197
-1.723954 -1.813889
-3.578291 0.138498
-3.440556 0.043850
-3.712056 0.119402
-3.691343 0.133453
-3.711898 0.121660
-3.787501 0.107001
-3.742718 0.137993
-3.835577 0.132973
-2.848069 0.131550
-3.010538 0.098264
-1.715435 -1.913186
-3.202523 0.078998
-3.298346 0.045676
-3.460850 0.058136
-3.680079 0.102727
0.185190 -0.769814
0.268130 -0.786580
0.048091 -0.648153
0.276833 -0.708319
0.009385 -0.639156
0.345074 -0.664490
-1.741491 -1.974564
0.180085 -0.738396
0.053282 -0.606201
0.389736 -0.609046
0.239938 -0.703250
0.215558 -0.939731
0.186374 -0.916312
-0.106831 -0.811249
0.400487 -0.886609
-0.024973 -0.838322
0.374440 -0.805260
-1.852012 -1.980797
0.178876 -1.012089
0.208284 -0.916086
0.156887 -1.117730
0.169332 -1.159108
0.153652 -0.898095
-0.033934 -0.841835
0.096317 -1.161318
0.506774 -0.838768
0.282030 -1.225227
0.178863 -1.240450
-1.871940 -2.040290
0.204467 -1.185508
0.136949 -1.636576
0.152716 -1.530453
0.057390 -1.691542
0.230306 -1.600637
0.181289 -1.483541
0.177539 -1.397575
0.091750 -1.879186
0.135398 -1.769032
0.043750 -1.827544
-1.873913 -1.976042
0.212898 -1.965702
0.134278 -1.796382
0.155141 -1.695319
0.088140 -2.029340
0.102755 -2.037921
-0.051729 -2.114500
0.157381 -2.085616
0.117394 -1.923935
0.121953 -1.913142
0.029849 -2.350563
-1.821070 -2.166682
0.045087 -2.505857
0.081033 -2.203080
-0.013087 -2.762585
0.001435 -2.873862
0.034253 -2.973329
-0.057255 -2.821126
-0.036399 -2.933620
-0.010974 -3.122163
0.004890 -3.347849
-0.009914 -3.771135
-1.521501 -1.998738
-0.005115 -3.589003
-0.037608 -3.879328
-0.058573 -3.845557
-0.069902 -3.922241
-0.109420 -4.034870
-0.084962 -3.020510
-0.110003 -3.245583
-0.074635 -3.509604
-0.068291 -3.743359
-0.099041 -3.884216
-1.495007 -2.097086
-0.114453 -4.028033
-0.142298 -4.091758
-0.169030 -3.265952
-0.155310 -3.437192
-0.119556 -3.602927
-0.157591 -3.843457
-0.149859 -3.956951
-0.169169 -4.130694
-0.216104 -4.190561
-0.195209 -3.357870
-1.526243 -2.093556
-0.245724 -3.521089
-0.228420 -3.709961
-0.233538 -3.938921
-0.250216 -4.047012
-0.255969 -4.202836
-0.251483 -4.225140
-0.217776 -3.258557
-0.277993 -3.473042
-0.335734 -3.443470
-0.103085 -3.501741
-1.859904 -0.182278
-1.570332 -2.181639
-0.291156 -3.656133
-0.298646 -3.860828
-0.272782 -3.807078
-0.165428 -3.747399
-0.297855 -4.025848
-0.285397 -4.059680
-0.237304 -3.950898
-0.305737 -4.135410
-0.266903 -4.164920
-0.261913 -4.117983
-1.630319 -2.247181
-0.332539 -4.186198
-0.262327 -4.208865
-0.251449 -4.252797
-0.209099 -3.186120
-0.264526 -3.444994
-0.281595 -3.564299
-0.298241 -3.745492
-0.320264 -3.916255
-0.319111 -4.102666
0.861567 -0.153123
-1.635055 -2.337933
0.824060 -0.257273
0.714961 -0.456132
0.721680 -0.023607
0.684057 -0.431697
0.710373 -0.071577
0.746499 -0.247078
0.559337 -0.361747
0.647217 -0.089067
0.714305 -0.202652
1.002253 -0.266476
-1.665932 -2.333058
0.962451 -0.217197
0.880769 -0.464552
0.890353 0.027597
0.807065 -0.433506
0.924625 -0.045328
0.979577 -0.211987
0.931409 -0.201536
1.230503 -0.248907
1.212220 -0.265694
0.947925 -0.239195
-1.250071 -2.243691
0.852100 -0.582120
1.267468 -0.394122
0.922907 0.091928
1.179834 -0.192025
1.247322 -0.248251
1.256856 -0.246315
1.709337 -0.358676
1.653301 -0.341825
1.558783 -0.393414
1.527843 -0.218231
-1.316776 -2.210098
1.588887 -0.326396
1.427359 -0.292508
1.887744 -0.369833
1.792373 -0.370996
1.794572 -0.459344
1.822790 -0.291471
1.771566 -0.367140
1.675309 -0.351739
2.059484 -0.389974
2.137955 -0.414376
-1.334608 -2.265832
2.009467 -0.504488
2.088485 -0.277853
2.160403 -0.414644
1.919732 -0.392151
2.353197 -0.407685
2.350913 -0.432465
2.315206 -0.431658
2.604953 -0.439385
2.668930 -0.458025
2.720927 -0.455126
-1.437305 -2.316957
2.793406 -0.475196
2.874231 -0.476857
3.130886 -0.501459
3.388683 -0.462193
3.502639 -0.460923
3.467076 -0.505490
3.653777 -0.484464
3.611597 -0.501263
3.760694 -0.525800
3.781593 -0.525068
-1.486546 -2.347538
2.906199 -0.520047
3.157186 -0.538759
3.407947 -0.538234
3.615486 -0.544537
3.733823 -0.564874
3.818723 -0.570784
3.951724 -0.670987
3.059111 -0.610907
3.418204 -0.625739
3.645900 -0.605758
-1.489890 -2.455419
3.716713 -0.617417
3.826607 -0.670406
3.985436 -0.732796
4.038291 -0.776080
3.267065 -0.616757
3.406448 -0.674699
3.542114 -0.713931
3.738261 -0.733762
3.949156 -0.781281
4.050210 -0.819427
-1.854441 -0.263634
-1.586499 -2.300625
4.075408 -0.808021
3.192127 -0.590791
3.328036 -0.675343
3.368676 -0.732608
3.360644 -0.522735
3.533778 -0.736549
3.724496 -0.753348
3.495056 -0.767642
3.631110 -0.721414
3.874731 -0.789150
-1.587966 -2.429843
3.893420 -0.799969
3.870709 -0.775766
3.988271 -0.803902
3.991384 -0.823187
4.005345 -0.808181
4.015580 -0.807277
4.031468 -0.840311
4.081035 -0.819246
3.113840 -0.545900
3.255896 -0.588747
-1.145896 -2.286057
3.480812 -0.726599
3.612839 -0.760189
3.820503 -0.760478
3.957958 -0.790785
0.271226 0.418501
0.244764 0.400791
0.458742 0.320762
0.148083 0.272602
0.412480 0.247513
0.034426 0.284880
-1.191906 -2.313466
0.264014 0.401986
0.420889 0.222762
0.142258 0.211015
0.238501 0.351513
0.284548 0.583538
0.278697 0.495798
0.512954 0.438174
0.025400 0.487601
0.497726 0.411671
0.082497 0.462117
-1.209411 -2.366030
0.257185 0.690045
0.252749 0.582958
0.261068 0.835611
0.259503 0.851560
0.274043 0.546572
0.509247 0.467467
0.360433 0.813554
0.078027 0.530034
0.180034 0.861035
0.272942 0.913265
-1.223676 -2.429424
0.268506 0.833189
0.223231 1.217203
0.247328 1.221053
0.294410 1.163697
0.161771 1.261999
0.255499 1.111182
0.285177 1.014364
0.231559 1.450093
0.234083 1.441123
0.314374 1.451417
-1.139782 -2.659182
0.110296 1.499977
0.256537 1.448328
0.278751 1.294708
0.204666 1.761885
0.222269 1.714851
0.351039 1.647283
0.085064 1.745886
0.244360 1.665659
0.270102 1.460759
0.212943 1.941185
-1.224271 -2.663839
0.232497 1.983824
0.247721 1.908974
0.239423 2.279936
0.206574 2.622197
0.186001 2.670335
0.286895 2.435580
0.208868 2.642939
0.197897 2.867114
0.175732 2.969512
0.142621 3.382729
-1.373057 -2.481451
0.161007 3.221894
0.185409 3.537547
0.184830 3.452355
0.197429 3.577026
0.233192 3.664888
0.320480 2.659643
0.270322 2.884788
0.182139 3.112590
0.213564 3.336944
0.243015 3.564223
-1.312173 -2.652067
0.258561 3.661070
0.269331 3.766577
0.352737 2.832699
0.337717 3.118668
0.260873 3.303623
0.290110 3.443516
0.284183 3.635185
0.316315 3.783688
0.347078 3.858142
0.374818 2.975212
-2.244558 -0.253779
-0.830129 -2.374970
0.388199 3.195447
0.352161 3.356542
0.365949 3.528831
0.346991 3.757341
0.369537 3.832607
0.398940 3.901154
0.386421 2.909550
0.383565 3.143361
0.501288 3.042402
0.319251 3.122062
-0.994411 -2.403523
0.387430 3.337430
0.391668 3.509191
0.416831 3.439856
0.261608 3.313679
0.410305 3.658842
0.356247 3.699522
0.340933 3.727878
0.428380 3.792347
0.353247 3.811991
0.382417 3.817094
-0.923302 -2.522384
0.398741 3.842264
0.365781 3.841836
0.412975 3.869221
0.331044 2.856014
0.356589 3.025958
0.390541 3.292550
0.420949 3.534282
0.428926 3.617887
0.435661 3.751872
-2.921895 0.416433
-0.989199 -2.650430
-2.930006 -0.201181
-0.451665 -3.366345
-0.031047 -3.524721
3.273894 -0.854791
3.176200 -0.170424
0.670095 2.922649
0.070173 3.061704
-0.126480 0.207491
-0.136890 0.189588
-0.236240 0.375303
-0.992606 -2.737150
-0.204738 0.334591
-0.475844 0.158248
-0.160823 0.406377
-0.175924 0.258717
-0.271819 0.316564
-0.690869 0.075953
-1.151277 0.062725
-1.310992 0.087934
-1.493447 0.167848
-0.177877 -0.517132
-1.100390 -2.753511
-0.123400 -0.542050
-0.269562 -0.728560
-0.274766 -0.625013
-0.425989 -0.548235
-0.180123 -0.795337
-0.253101 -0.567853
-0.299658 -0.592661
-0.712162 -0.317336
-1.249868 -0.209021
-1.507586 -0.178548
-1.137724 -2.682671
-1.638888 -0.216551
-0.044564 -1.093857
0.001516 -1.440061
-0.027512 -1.806181
-0.103413 -2.053069
0.702160 -0.534986
0.602513 -0.542603
0.693421 -0.713117
0.673585 -0.675693
0.569368 -0.803394
-1.151090 -2.740562
0.834951 -0.566338
0.610277 -0.631704
0.659271 -0.725443
0.331764 -1.168944
0.278665 -1.538249
0.230361 -1.852033
0.283114 -2.151159
1.213691 -0.459715
1.562953 -0.439922
1.875970 -0.499503
-0.436793 -2.410007
2.056651 -0.616141
0.660376 0.176214
0.604638 0.145231
0.713604 0.300651
0.722466 0.248618
0.813171 0.172167
0.652182 0.377070
0.664963 0.260189
0.742421 0.267602
1.045316 -0.042367
-0.677368 -2.482445
1.596668 -0.214053
1.980081 -0.230301
2.163988 -0.150164
0.415771 0.781856
0.379925 1.306612
0.357675 1.400839
0.477696 1.719657
0.032596 0.649008
0.098566 1.308734
0.072516 1.502942
