419 2
0.425770 0.467536
0.305615 0.583597
0.428634 0.219547
-0.882448 3.495189
-1.126717 3.362582
-1.389165 3.060516
-1.441744 2.955495
1.650953 0.194901
1.648904 0.242911
0.552876 -0.229783
0.494901 -0.294600
-0.613106 -0.325341
-0.649480 -0.349964
0.452983 0.230602
1.758568 -0.106732
1.755989 -0.138398
1.511605 -0.296398
1.107085 -0.429451
0.869134 -0.520975
0.588507 -0.533175
0.442488 -0.525098
-0.017428 -0.629272
-0.322628 -0.698300
-0.522144 -0.691229
1.473552 0.817213
-0.624644 -0.630605
1.895759 -0.461332
1.873980 -0.369698
0.773314 -0.985170
0.616162 -0.831070
-0.599299 -1.061772
-0.630633 -1.107693
1.954960 -0.615823
2.097586 -1.157320
2.206952 -1.327492
1.357546 0.724868
1.970494 -1.042356
1.832635 -1.273418
1.629770 -1.378497
1.268897 -1.418553
0.899534 -1.246848
0.620791 -1.331109
0.392703 -1.678796
0.026623 -1.846115
-0.226435 -1.816963
-0.484064 -1.625566
1.113492 0.739438
-0.557046 -1.485648
2.083693 -1.314263
1.887740 -1.301870
1.628051 -1.451807
1.391248 -1.669703
1.122710 -2.065877
0.744938 -2.125839
0.495373 -1.963609
-0.043219 -1.865245
-0.255670 -1.845227
0.875933 0.686405
-0.448923 -1.829243
-0.581703 -2.011956
-0.505235 -1.720826
1.315621 -1.577235
1.106940 -1.511840
0.985047 -1.383454
0.779879 -1.292466
0.638847 -1.496406
0.529794 -1.672531
0.496920 -1.827293
1.434015 0.971827
0.655858 -1.945293
0.749313 -2.093025
1.115557 -1.850773
1.155172 -1.774943
2.249153 -1.488650
2.261658 -1.439944
1.102080 -2.296167
0.848674 -2.407163
-0.495789 -2.141365
-0.524255 -2.191223
1.258084 0.926814
2.285381 -1.613131
2.191930 -1.785430
1.956747 -2.155037
1.840594 -2.226904
1.224613 -2.427168
0.915264 -2.487303
0.759107 -2.539242
0.526155 -2.558293
-0.160135 -2.474879
-0.425526 -2.309139
1.174149 0.826820
-0.446659 -2.306356
-0.251621 3.296381
0.031242 2.503931
0.952241 -2.085913
0.883497 -1.706733
0.369211 0.521366
-0.114544 2.832193
0.066243 2.185420
0.067293 2.211461
1.119103 2.856302
0.830693 0.727515
0.952423 2.890589
0.655030 2.916598
0.493166 2.909139
-0.280083 3.483949
-0.288501 3.511347
-0.749270 2.715170
-0.930720 2.577051
-1.074878 2.469086
-1.187279 2.334772
0.967717 -2.379683
0.169207 0.523110
-0.199736 0.451810
1.003207 -2.270883
1.476304 -1.505179
1.604273 -1.430602
1.856209 -1.286735
1.971216 -1.193181
0.713457 -1.073096
0.698358 -0.989529
0.173386 -1.833170
-0.019770 -1.860787
-0.247643 -1.816343
-0.483226 0.356474
-0.380503 -1.771436
0.461248 0.674184
0.349423 0.679265
0.176443 0.560552
0.286093 0.473257
0.606052 0.596496
0.586428 0.698583
0.380293 0.830242
0.199281 0.889544
0.042045 0.582559
-0.702950 0.303655
0.041994 0.465601
0.284954 0.367665
0.457169 0.208006
1.463579 0.772959
1.414707 0.709676
1.055218 0.692231
0.902076 0.668019
1.404118 1.010150
1.318487 0.851618
1.166469 0.782920
-0.813092 0.476237
0.788373 0.734509
-0.153665 0.447465
-0.527610 0.354538
-0.665109 0.353564
-0.802948 0.374192
-0.297858 0.379006
-0.464654 0.310389
-0.664295 0.198147
-0.734338 0.075181
1.346202 1.489331
-0.224048 0.405222
1.309801 1.538774
0.178965 1.346321
0.112103 1.514960
-0.934967 1.076595
-0.911643 0.876075
1.346388 1.804505
1.212729 1.694742
1.073461 1.731665
0.619306 1.753152
0.283710 1.828775
-0.457425 0.325651
0.086179 1.786062
-0.070096 1.705601
-0.596690 1.508692
-0.692895 1.453309
-0.961332 1.311229
-0.995476 1.247689
1.308934 2.283123
1.289355 2.225196
0.152635 1.982417
0.040803 1.976058
-0.606558 0.159875
-1.066515 1.483630
-1.099281 1.610584
1.310724 2.623152
1.198744 2.809912
0.970216 2.954910
0.727635 2.991354
0.376883 2.778263
0.122575 2.300570
-0.038211 2.290226
-0.558296 2.620773
-0.714351 0.138589
-0.907396 2.573919
-1.102290 2.459314
-1.206414 2.208412
-1.201593 1.998975
1.280906 2.960241
1.282930 3.172615
1.181558 3.078979
0.922252 2.993401
0.709625 3.058874
0.373516 3.069368
1.386137 1.293369
-0.056803 3.362739
-0.359119 3.310788
-0.625671 2.874843
-0.985037 2.575276
-1.096843 2.534553
-1.313307 2.523352
-1.450066 2.748829
-1.274581 2.282776
0.274940 2.957822
0.170463 2.641842
1.377580 1.370050
0.137546 2.594893
-0.179163 2.469810
-0.313617 2.554489
-0.521929 2.902108
-0.597301 2.740931
-0.393534 3.113634
-0.021177 3.239681
0.135104 3.130381
1.218892 3.296954
1.221640 3.324929
0.392197 0.432449
0.208060 1.419052
-0.127343 3.591465
-0.314998 3.600469
-1.446384 2.908701
-1.445592 2.848936
1.217595 3.470752
1.112787 3.529847
0.914149 3.660583
0.272549 3.761401
-0.047113 3.701414
-0.269051 3.637872
0.133608 1.460136
-0.677438 3.621401
-0.913905 3.575709
-1.096051 3.381690
-1.333188 3.133199
-1.441455 2.982382
1.668934 0.165732
1.629686 0.263410
0.575196 -0.232186
0.534952 -0.405875
-0.679510 -0.357724
-0.886749 0.804399
-0.682314 -0.386024
1.773448 -0.172552
1.722138 -0.264918
1.571417 -0.281154
1.190316 -0.376035
0.831482 -0.509018
0.636572 -0.640780
0.380067 -0.569683
0.047937 -0.621440
-0.333941 -0.691745
-0.933412 0.914019
-0.510720 -0.763155
-0.619774 -0.773875
1.875976 -0.505776
1.895707 -0.533821
0.761604 -0.818396
0.636760 -1.015657
-0.582046 -0.977294
-0.599426 -1.050487
1.958227 -0.697492
2.060428 -1.089299
1.361720 1.737064
2.193864 -1.389065
1.910091 -0.954113
1.821648 -1.333366
1.717343 -1.433469
1.216268 -1.412917
0.891112 -1.175689
0.554246 -1.335650
0.266557 -1.672179
-0.017646 -1.719225
-0.235416 -1.738188
1.281818 1.671774
-0.431516 -1.574377
-0.595758 -1.281104
2.053282 -1.393587
1.839856 -1.422356
1.716873 -1.509536
1.331746 -1.745368
1.127475 -2.106517
0.799311 -2.197562
0.529993 -2.060141
-0.050177 -1.803581
0.962416 1.753700
-0.222582 -1.770139
-0.436790 -1.809055
-0.587083 -2.082950
-0.513280 -1.690883
1.224819 -1.642217
1.095755 -1.419329
0.975995 -1.339531
0.716599 -1.277257
0.558627 -1.436710
0.460034 -1.647805
0.543369 1.778740
0.409108 -1.820571
0.602723 -2.032513
0.727651 -2.093875
1.158337 -1.878605
1.196891 -1.779040
2.237111 -1.533785
2.208892 -1.546602
1.092991 -2.368740
0.895222 -2.446989
-0.536622 -2.205539
0.248042 1.731814
-0.552751 -2.168582
2.270679 -1.684825
2.247149 -1.735190
2.004325 -2.087107
1.812569 -2.257230
1.392698 -2.413218
0.945268 -2.499817
0.673531 -2.551551
0.437984 -2.560960
-0.221750 -2.440460
0.108842 1.764411
-0.358283 -2.378053
-0.518268 -2.266402
-0.269861 3.243290
-0.014090 2.414475
0.985299 -2.115411
0.098551 2.078210
0.042755 2.230762
1.116935 2.890205
0.940570 2.997830
0.766773 2.961293
0.575204 0.568261
-0.069966 1.750361
0.515012 2.973814
-0.253068 3.458971
-0.287203 3.557668
-0.782554 2.633264
-0.857100 2.647331
-1.092799 2.488949
-1.213383 2.312012
0.986742 -2.346411
0.985489 -2.236161
1.430254 -1.540159
-0.580938 1.512836
1.670022 -1.456301
1.873991 -1.342103
1.955125 -1.211701
0.722309 -1.078638
0.685320 -0.898029
0.202429 -1.837096
0.038257 -1.818894
-0.213059 -1.707331
-0.399390 -1.738610
-0.693239 1.456528
-0.921670 1.382285
-1.021178 1.369104
1.340241 2.282534
1.306797 2.358386
0.138831 2.024947
-0.088159 1.958218
-1.132568 1.723504
0.557151 0.685840
-1.077922 1.576020
1.311076 2.552027
1.200673 2.679843
0.930204 2.882357
0.733109 2.909550
0.466447 2.805936
0.113482 2.418354
-0.163291 2.372243
-0.553815 2.579567
-0.822712 2.623303
0.301640 0.796150
-1.022222 2.446918
-1.173658 2.264750
-1.184438 1.876194
1.239945 2.858962
1.268674 3.138526
1.162608 2.987859
0.918229 2.898940
0.763095 2.916604
0.278427 3.081402
-0.084352 3.366798
0.205056 0.737297
-0.397422 3.301587
-0.608119 2.958518
-0.929773 2.705265
-1.009744 2.599581
-1.350513 2.578057
-1.398882 2.675746
-1.293217 2.312721
0.261912 2.978484
0.157854 2.747184
0.107137 2.647927
0.081954 0.530130
-0.211407 2.555755
-0.317117 2.575319
-0.354240 3.020115
-0.489503 2.730903
-0.417238 3.075618
-0.027630 3.202108
0.099823 3.136755
1.233314 3.352130
1.177671 3.394445
-0.155118 3.584907
0.134581 0.458530
-0.395260 3.579110
-1.437441 2.808442
-1.443046 2.845264
1.176745 3.484087
1.086504 3.552019
0.854822 3.679432
0.224266 3.763064
0.002843 3.715626
-0.327963 3.641464
-0.605928 3.623541
