419 2
0.291144 -0.108299
0.469003 -0.137031
0.396630 0.151661
2.105554 -2.813190
2.311929 -2.643526
2.544903 -2.074475
2.558311 -2.067252
-0.829098 -0.022696
-0.798969 -0.054374
0.203651 0.534133
0.234378 0.735315
1.360274 0.809602
1.357261 0.750101
0.278904 0.204895
-0.975882 0.466460
-0.918635 0.492494
-0.742294 0.583977
-0.312232 0.733622
-0.107622 0.806916
0.117488 1.033177
0.322850 1.036458
0.589483 1.074543
0.852503 1.116215
1.181631 1.275827
-0.721093 -0.260650
1.272700 1.180611
-1.109053 0.763099
-1.127058 0.808192
-0.053788 1.362503
0.111385 1.262053
1.179695 1.616073
1.221228 1.491936
-1.215147 1.006193
-1.415561 1.570980
-1.509537 1.802462
-0.592609 -0.328555
-1.277939 1.473779
-1.150534 1.660602
-0.934777 1.861357
-0.730645 1.847332
-0.290717 1.618116
0.003298 1.835607
0.299992 2.130398
0.560156 2.261503
0.787243 2.201436
0.996837 2.102093
-0.337430 -0.362741
1.165371 1.757486
-1.383422 1.729012
-1.187998 1.722631
-0.998224 1.853036
-0.756002 2.103665
-0.564031 2.443295
-0.284867 2.558858
0.246009 2.318586
0.517734 2.313060
0.756007 2.259176
-0.131135 -0.307371
0.984276 2.398612
1.077548 2.526962
1.070507 2.223012
-0.711170 1.952857
-0.489649 1.820793
-0.331797 1.762454
-0.159332 1.749992
0.038113 1.918559
0.101736 2.051522
0.183958 2.193622
-0.599291 -0.729658
-0.124130 2.377976
-0.207541 2.435019
-0.570562 2.354255
-0.601795 2.291165
-1.561829 2.029729
-1.534574 1.924795
-0.569586 2.924013
-0.411107 2.814670
1.017047 2.611789
0.995268 2.733202
-0.535196 -0.585770
-1.572873 2.109471
-1.521767 2.243879
-1.377192 2.491820
-1.116072 2.745038
-0.680057 2.896400
-0.497177 2.946942
-0.250065 2.979335
0.287355 3.015529
0.599888 2.984380
0.868355 2.871233
-0.388165 -0.417619
0.944747 2.829860
1.410239 -2.696300
1.020652 -1.947100
-0.381197 2.501511
-0.270800 2.220199
0.526304 -0.163033
1.279029 -2.325030
0.870212 -1.638975
0.963992 -1.732841
-0.016159 -2.572871
-0.221791 -0.360908
0.097058 -2.556123
0.478408 -2.602490
0.573633 -2.587649
1.460097 -2.851044
1.547464 -2.932586
1.790819 -2.061275
1.891853 -1.937286
2.069264 -1.789765
2.212094 -1.694016
-0.512407 2.780642
0.604577 -0.114203
0.963320 0.047581
-0.416050 2.636373
-0.821647 1.938289
-0.913607 1.885059
-1.147226 1.708101
-1.282580 1.660727
-0.040912 1.504300
-0.015800 1.376326
0.330918 2.275488
0.530155 2.281003
0.755449 2.282673
1.136090 0.119023
0.956180 2.238544
0.222944 -0.145667
0.407825 -0.167292
0.507749 -0.032862
0.330227 -0.034459
0.055589 -0.202141
0.063949 -0.311793
0.343619 -0.508690
0.500166 -0.415203
0.650372 -0.069039
1.424342 0.090349
0.641691 0.029286
0.369061 0.134333
0.222468 0.057204
-0.735249 -0.287891
-0.591608 -0.343689
-0.357468 -0.364219
-0.197035 -0.333383
-0.585785 -0.720372
-0.516335 -0.568511
-0.396424 -0.419176
1.569412 0.088204
-0.163161 -0.333194
0.895550 0.019001
1.048521 0.050059
1.412130 0.077904
1.541370 0.097029
0.863126 0.040182
1.134691 0.131147
1.328096 0.280308
1.442460 0.367974
-0.510344 -1.060635
0.951540 0.077091
-0.464490 -1.211983
0.579843 -0.925744
0.650483 -1.041970
1.711123 -0.385671
1.708585 -0.311684
-0.357609 -1.633217
-0.316066 -1.509025
-0.080086 -1.471120
0.279971 -1.386489
0.546702 -1.357178
1.153959 0.160075
0.793484 -1.354799
1.025530 -1.171086
1.206623 -1.037478
1.522757 -0.858018
1.784108 -0.671209
1.891868 -0.599373
-0.314674 -1.860433
-0.302339 -1.912734
0.775678 -1.554860
0.956922 -1.554842
1.317944 0.340001
1.961856 -0.849035
1.939364 -0.788176
-0.247311 -2.226573
-0.074737 -2.482257
0.153171 -2.516541
0.398211 -2.524050
0.598237 -2.423219
0.817035 -1.828572
1.130051 -1.794455
1.590033 -1.935367
1.426163 0.442849
1.835952 -1.859316
1.951375 -1.777044
2.128386 -1.404622
2.148421 -1.251235
-0.177915 -2.472044
-0.159556 -2.851783
-0.080464 -2.730555
0.180671 -2.581532
0.330236 -2.598992
0.761541 -2.632409
-0.524997 -0.992945
1.304116 -2.834891
1.620058 -2.665186
1.752940 -2.154816
1.848098 -2.039085
1.982986 -1.802966
2.162125 -1.714183
2.483200 -1.775822
2.305759 -1.540261
0.775286 -2.568306
0.787503 -2.314638
-0.505150 -1.023627
0.870250 -2.119402
1.159293 -1.914187
1.382879 -2.044779
1.604679 -2.396314
1.553417 -2.142308
1.561333 -2.522090
1.206493 -2.719550
1.072465 -2.669833
-0.091203 -3.063230
-0.109434 -2.957810
0.404669 -0.026601
0.655069 -0.729968
1.559032 -3.013989
1.598776 -2.978888
2.577412 -1.995328
2.563872 -1.918827
-0.070191 -3.124459
0.011394 -3.185771
0.409538 -3.288692
0.630666 -3.278178
1.445357 -3.133600
1.629883 -3.015344
0.664483 -0.652099
1.909275 -2.935555
2.129147 -2.806712
2.285878 -2.668221
2.539138 -2.134450
2.601712 -2.044371
-0.885000 0.154115
-0.916498 0.233770
0.210631 0.642748
0.225971 0.761477
1.375533 0.713668
1.738907 -0.433360
1.383562 0.698064
-0.974474 0.467862
-0.920651 0.544306
-0.658766 0.633302
-0.435859 0.711351
-0.092685 0.830241
0.155552 0.963505
0.330721 1.036678
0.529902 1.063001
0.996104 1.158853
1.734057 -0.371454
1.260821 1.143347
1.300818 1.116007
-1.107164 0.740939
-1.061727 0.668129
-0.116627 1.384471
0.099688 1.444476
1.235476 1.442705
1.232239 1.488408
-1.236074 1.074935
-1.394904 1.628458
-0.354235 -1.602170
-1.505846 1.823945
-1.239262 1.245579
-1.159486 1.614864
-0.954248 1.767772
-0.627447 1.808210
-0.196810 1.582672
0.108063 1.701351
0.195323 2.081877
0.646128 2.289485
0.787601 2.302914
-0.259220 -1.548949
1.035980 2.199483
1.189687 1.780069
-1.351241 1.724303
-1.282009 1.796861
-1.005535 1.836513
-0.735236 2.212699
-0.576761 2.614429
-0.198794 2.656502
0.160627 2.452362
0.521724 2.391375
0.049539 -1.428380
0.810148 2.413911
0.994342 2.471435
1.064529 2.573854
1.053925 2.264441
-0.661963 1.944367
-0.471824 1.772664
-0.324262 1.747545
-0.122606 1.680290
0.069094 1.929110
0.127787 2.040665
0.248106 -1.395852
0.144145 2.248078
-0.030686 2.422457
-0.165970 2.479881
-0.579782 2.413038
-0.630465 2.239880
-1.541608 2.002724
-1.539064 1.993636
-0.602892 2.781159
-0.412037 2.862480
1.029468 2.768455
0.549568 -1.369887
1.041424 2.723844
-1.553348 2.150111
-1.497972 2.290858
-1.317341 2.567420
-1.193959 2.668134
-0.798641 2.845569
-0.521388 2.914270
-0.343926 2.978875
0.330169 3.010067
0.652445 2.975938
0.792645 -1.314960
0.832214 2.923826
0.994657 2.811958
1.376270 -2.763574
0.944830 -1.923786
-0.430878 2.578796
0.885714 -1.624435
0.906726 -1.721651
-0.012663 -2.548868
0.152639 -2.609657
0.335004 -2.565257
0.129928 -0.181039
1.009166 -1.146610
0.610233 -2.560767
1.474404 -2.845471
1.567550 -2.897039
1.757945 -2.064220
1.851696 -1.943047
2.025047 -1.773416
2.096007 -1.702596
-0.464098 2.800756
-0.489484 2.682900
-0.827433 1.942632
1.245092 -1.008707
-0.973657 1.853544
-1.223710 1.676667
-1.326505 1.639433
-0.020333 1.559715
-0.030875 1.342021
0.415679 2.334227
0.559210 2.346830
0.790411 2.316212
0.921459 2.263908
1.556103 -0.831675
1.814499 -0.726599
1.861374 -0.643816
-0.311005 -1.802377
-0.304311 -1.816429
0.794988 -1.626954
0.918295 -1.456818
1.963878 -0.850906
0.207217 -0.288818
1.959586 -0.821955
-0.272013 -2.093838
-0.088120 -2.340001
0.233906 -2.575237
0.406780 -2.584500
0.674496 -2.445034
0.885536 -1.907156
1.226195 -1.842416
1.537493 -1.978433
1.980348 -1.933664
0.413984 -0.321102
2.153359 -1.757941
2.249854 -1.603593
2.164065 -1.224584
-0.157455 -2.490251
-0.156622 -2.891548
-0.078955 -2.740781
0.221748 -2.660261
0.388560 -2.625354
0.771226 -2.628736
1.345670 -2.840447
0.603137 -0.266363
1.592971 -2.737628
1.702591 -2.280827
1.952889 -2.042559
2.259602 -1.754183
2.335715 -1.717960
2.447259 -1.723439
2.334538 -1.537403
0.807058 -2.487874
0.810661 -2.305653
0.911509 -2.082838
0.743672 -0.075695
1.247593 -1.987884
1.426478 -2.072729
1.553887 -2.367679
1.586013 -2.160590
1.553676 -2.488833
1.194497 -2.701532
1.063205 -2.665562
-0.123501 -2.972996
-0.110248 -2.976200
1.513448 -3.032588
0.677913 -0.041052
1.629602 -2.965657
2.511196 -1.938251
2.536681 -1.899313
-0.038910 -3.147492
0.033108 -3.163719
0.287801 -3.252208
0.783140 -3.272113
1.388255 -3.181082
1.675659 -3.010197
1.902151 -2.936021
