1005 2
-1.186909 -1.086806
-1.477852 -1.085272
-1.768744 -0.973638
-1.550904 0.979195
1.511192 -1.632372
1.591968 -0.355594
1.191054 0.187079
1.597723 0.646213
2.093975 0.109396
-1.947252 1.049615
-2.076744 1.140515
-2.241279 1.189395
-2.300641 1.185254
-2.414649 1.246344
-2.346751 1.186503
-1.556852 1.169671
-1.671210 1.236996
-1.364784 1.082084
-1.575668 -1.467382
-1.889341 1.287373
-2.022815 1.372336
-2.216958 1.400316
-2.282190 1.323842
-2.426265 1.454537
-2.356043 1.594284
-2.303224 1.395052
-1.096217 1.258542
-1.474783 1.363300
-1.682930 1.421611
-1.808927 -1.318017
-1.238919 1.161362
-1.875498 1.514111
-1.991227 1.683048
-2.115599 1.819043
-2.178151 1.834266
-2.179596 1.864934
-1.222023 1.436210
-1.500857 1.565448
-1.324594 1.714839
-1.485934 1.789297
-1.965190 -1.017489
-1.033865 1.372992
-1.047234 1.425973
-1.638601 1.799398
-1.563469 1.977942
-1.917043 1.907853
-1.766700 2.081598
-2.007046 2.015161
-1.899156 2.157294
-2.070619 1.990919
-1.927519 2.174627
-1.676610 -1.537954
-2.124364 2.052009
-2.078289 1.993560
-1.926219 2.238941
-1.323913 1.878394
-1.411677 1.973592
-1.201122 1.645590
-1.504355 2.098597
-1.618503 2.188005
-1.746702 2.354378
-1.790042 2.340809
-2.045659 -1.257928
-2.107253 2.145557
-1.796279 2.321053
-1.813911 2.364136
-1.327629 2.103833
-1.347062 2.167735
-1.364753 2.313728
-1.446552 2.429013
-1.587840 2.448050
-1.630789 2.489238
-1.687317 2.427418
-2.054730 -1.185776
-1.550656 2.615349
-1.215868 2.323275
-1.290949 2.295040
-1.284661 2.380405
-1.363111 2.515526
-1.411685 2.608465
-1.436320 2.645416
-1.550790 2.540967
-1.454647 2.670391
-1.149118 2.382439
-1.905895 -1.671259
-1.166032 2.406543
-1.185890 2.504754
-1.193391 2.608940
-1.211848 2.687842
-1.238973 2.748952
-1.407785 2.654905
-1.289788 2.751684
-0.986686 2.453809
-1.055105 2.453390
-1.063640 2.580998
-1.988659 -1.443826
-1.092161 2.634138
-1.078691 2.752184
-1.144918 2.774925
-0.993840 2.720725
-1.098761 2.818336
-0.837563 2.467314
-0.813170 2.500956
-0.813298 2.559941
-0.906922 2.653239
-0.936161 2.767266
-2.082736 -1.197241
-0.942192 2.811760
-0.877269 2.842799
-0.618132 2.456612
-0.575831 2.495379
-0.606022 2.542092
-0.643194 2.646426
-0.769646 2.750739
-0.798362 2.812133
-0.825803 2.719402
-0.748045 2.855615
-1.406162 -0.923182
-2.115542 -1.451270
-0.413610 2.412554
-0.460508 2.463196
-0.425582 2.502290
-0.514263 2.632331
-0.514366 2.731886
-0.568169 2.787015
-0.717015 2.759373
-0.551491 2.828145
0.052831 2.247220
-0.188006 2.369323
-2.006135 -1.564708
-0.267029 2.483381
-0.226520 2.499316
-0.327917 2.704693
-0.303811 2.723042
-0.487113 2.780599
-0.320074 2.740341
0.418511 2.134800
0.146618 2.277607
0.498628 2.085056
-0.005711 2.392781
-2.165115 -1.055118
-0.081827 2.517496
-0.080917 2.636947
-0.209394 2.681720
-0.212264 2.788569
-0.180058 2.663246
0.637597 2.070941
0.440101 2.156736
0.761397 1.996650
0.252062 2.276404
0.115314 2.440931
-1.930056 -1.713027
0.014725 2.583456
-0.037041 2.542485
0.051161 2.749080
0.151302 2.723656
-0.041441 2.526061
0.995832 1.872327
0.714731 2.006724
0.569067 2.033415
0.885770 1.967508
0.388942 2.207052
-1.932377 -1.754161
0.334659 2.235335
0.200247 2.387412
0.085558 2.425919
0.051776 2.320792
0.758673 1.856630
0.521343 1.790706
0.713883 1.582114
0.526435 1.594856
1.035426 1.786881
0.995153 1.734794
-1.659439 -0.729758
0.402323 1.848957
0.430124 1.683219
0.299690 1.873018
0.270046 1.664528
0.219704 1.829600
0.195777 1.689826
0.134349 1.911016
0.136059 1.593077
0.295359 2.346440
0.050904 2.101171
-1.703613 -0.787059
0.081821 1.555004
0.574761 1.392279
0.457233 1.232546
0.912949 1.600026
0.333164 1.230640
0.251421 1.274648
0.159826 1.277506
0.105222 1.335447
0.224227 1.914996
0.161416 1.589870
-1.199533 -0.882718
0.064917 1.314444
0.367334 0.982396
0.375637 1.009522
0.253634 0.626062
0.202904 1.124090
0.119160 1.031011
0.078584 0.880483
0.126381 1.078234
0.046683 0.871410
0.322359 0.736792
-1.847981 -0.819255
0.291981 0.551308
0.241596 0.419122
0.184385 0.351935
0.084910 0.404167
0.053160 0.385724
0.116822 0.808957
0.043329 0.462936
0.292626 0.059013
0.277384 0.069293
0.236171 0.145011
-1.988402 -0.816149
0.178803 0.066221
0.119097 -0.015562
0.026360 0.217766
0.064034 0.260967
0.039059 0.151045
0.305093 -0.149075
0.293465 -0.202308
0.257873 -0.180567
0.198970 -0.200072
0.157266 -0.375801
-1.611752 -0.905411
-2.114755 -0.869698
0.139818 -0.399628
0.167473 -0.441216
0.120104 -0.520222
0.434484 -0.735458
0.350831 -0.438547
0.318728 -0.528506
0.260901 -0.605800
0.212828 -0.672070
0.181603 -0.669525
0.207672 -0.757557
-2.192647 -0.870513
0.522255 -0.944383
0.423891 -0.793170
0.438747 -0.901414
0.355711 -0.963880
0.319312 -0.986876
0.278887 -1.074833
0.235447 -0.738287
0.266828 -1.225704
0.605540 -1.148177
0.637192 -1.252933
-2.188787 -1.371399
0.575108 -1.366693
0.438426 -1.180107
0.402149 -1.371047
0.351208 -1.463273
0.367819 -1.397177
0.330214 -1.441677
0.877696 -1.641310
0.769022 -1.599618
0.688254 -1.657858
0.590252 -1.661467
-2.172715 -1.028991
0.475465 -1.701070
0.429683 -1.755340
0.400878 -1.535913
0.394445 -1.684329
1.030566 -1.763192
0.884416 -1.789146
1.158477 -1.693652
0.727255 -1.799885
0.642746 -1.934981
0.604681 -2.053166
-2.233378 -0.867096
0.497730 -2.102677
0.494390 -1.777817
0.454716 -1.984939
1.096384 -1.889962
0.985972 -1.995870
1.269697 -1.716498
0.854551 -2.087097
0.740545 -2.142200
0.626964 -2.199085
0.531604 -2.299379
-1.812835 -0.571059
0.675254 -2.348332
0.709775 -2.489824
0.515227 -2.421055
1.397723 -1.828817
1.176336 -2.031761
0.989815 -2.188073
1.337893 -1.749453
0.866386 -2.260776
0.860337 -2.420621
0.641824 -2.560454
-1.860482 -0.569777
0.543252 -2.571846
0.496642 -2.600463
1.142417 -2.039236
0.827969 -2.262007
0.880722 -2.191356
0.485415 -2.356859
1.231039 -1.963330
1.254853 -1.936160
0.698257 -2.397384
0.353676 -2.496263
-1.927306 -0.584148
0.653170 -2.513434
0.254373 -2.652752
0.397930 -2.707744
0.294975 -2.786628
0.420814 -2.696882
0.281754 -2.794364
0.563678 -2.893880
0.377133 -2.736950
0.265018 -2.817375
0.330210 -2.374673
-2.114528 -0.541171
0.179424 -2.431525
0.966197 -2.143682
0.013198 -2.537949
0.040192 -2.673331
0.036849 -2.760872
0.049699 -2.856490
0.494884 -2.939859
0.113039 -2.817410
0.055728 -2.872558
-0.029113 -2.456907
-2.159045 -0.592399
-0.126924 -2.522555
-0.174467 -2.555280
-0.219490 -2.714940
-0.176502 -2.783894
-0.090355 -2.862046
-0.064338 -2.810624
-0.191206 -2.915045
-0.348562 -2.519107
-0.314225 -2.536828
-0.351934 -2.575056
-0.914047 -1.095814
-2.251296 -0.732275
-0.386764 -2.657151
-0.398126 -2.766598
-0.306620 -2.874649
-0.287822 -2.797219
-0.264753 -2.895055
-0.496664 -2.485952
-0.478817 -2.516602
-0.541054 -2.539225
-0.564518 -2.622694
-0.601999 -2.749983
-2.198975 -0.799066
-0.626747 -2.810497
-0.484560 -2.789643
-0.625170 -2.858796
-0.630203 -2.412392
-0.655067 -2.444362
-0.666081 -2.506693
-0.675827 -2.592228
-0.868670 -2.678340
-0.838103 -2.736530
-0.823337 -2.731782
-2.290180 -0.716684
-0.881281 -2.773906
-0.743943 -2.351661
-0.803574 -2.355792
-0.841373 -2.417811
-0.968326 -2.526216
-0.953081 -2.604180
-0.986264 -2.674591
-1.003677 -2.735553
-0.900257 -2.205907
-0.885402 -2.296526
-1.937028 -0.334109
-0.995691 -2.341162
-1.049976 -2.456648
-1.184570 -2.520909
-1.218379 -2.550116
-1.130649 -2.581570
-1.236705 -2.562501
-1.053431 -1.993218
-1.061980 -2.104295
-1.088818 -2.152846
-1.182630 -2.328380
-1.983257 -0.348662
-1.262623 -2.418599
-1.348753 -2.425891
-1.224888 -2.548598
-1.382224 -2.437754
-1.070659 -1.797825
-1.112455 -1.949866
-1.239251 -2.046942
-1.300002 -2.168820
-1.460723 -2.242097
-1.453747 -2.350615
-2.056293 -0.417769
-1.480495 -2.296227
-1.521863 -2.297625
-1.058400 -1.497668
-1.178007 -1.671752
-0.820712 -1.356001
-1.342399 -1.799870
-1.487443 -1.949111
-1.674588 -2.074617
-1.654422 -2.083512
-1.604999 -2.225076
-2.135527 -0.427410
-1.671818 -2.134194
-1.037613 -1.342731
-1.266921 -1.505090
-0.850245 -1.288436
-1.422382 -1.601072
-1.520712 -1.748963
-1.710612 -1.944392
-1.764267 -1.950647
-1.857490 -2.053121
-1.975113 -1.958482
-2.234906 -0.396447
-1.761497 -1.970483
-0.891063 -1.208576
1.607829 0.108028
1.610641 0.194435
1.390062 -0.085077
1.402827 -0.109970
1.331995 0.370541
1.423076 0.357129
1.839836 0.421097
1.841591 0.481425
-2.302481 -0.443036
1.869436 -0.120011
1.844806 -0.100836
1.545031 -0.250943
1.261302 0.157891
1.607268 0.490550
1.973025 0.223515
1.605376 -0.219517
1.358365 0.115551
1.615831 0.460004
1.948486 0.120107
-2.210195 -0.579745
1.613560 0.142739
1.430576 -0.070399
1.460307 0.340073
1.822437 0.406271
1.818455 -0.111702
1.602015 -0.141737
1.411674 0.147923
1.669690 0.514768
1.886461 0.161113
1.650281 0.146853
-1.183970 -1.177906
-2.328611 -0.455457
1.542456 -0.001000
1.507681 0.289103
1.826344 0.409853
1.807977 -0.128454
1.629531 -0.098500
1.503960 0.175647
1.655548 0.447703
1.801691 0.065569
1.693944 0.095971
1.189997 -0.333038
-1.988156 -0.098017
1.232221 -0.236480
1.409501 -0.355005
1.172559 0.009152
1.468625 -0.323030
1.196847 -0.076019
1.275509 -0.215800
1.421693 -0.235975
1.276740 -0.073702
1.306693 -0.202663
1.024648 -0.385590
-2.040631 -0.122866
0.991779 -0.364245
1.295506 -0.491408
0.981965 -0.093466
1.357852 -0.463659
1.018022 -0.144813
1.070856 -0.355993
1.100210 -0.382827
0.742891 -0.464817
0.781235 -0.494958
1.141131 -0.381535
-2.097663 -0.163420
1.277445 -0.528514
0.636768 -0.588750
0.965844 -0.069428
0.830805 -0.287222
0.785230 -0.518287
1.003726 -0.428311
0.025374 -0.746959
0.197700 -0.753534
0.220744 -0.765287
-0.104542 -0.733576
-2.188501 -0.191674
0.334667 -0.692118
0.278622 -0.694403
-0.407357 -0.881089
-0.134200 -0.866475
-0.367619 -1.003540
-0.480729 -0.858021
0.013221 -0.831842
0.094155 -0.786550
-0.651154 -0.999544
-0.601529 -0.995180
-2.303689 -0.138648
-0.595713 -1.089303
-0.719835 -0.951937
-0.296349 -0.946073
-0.165789 -0.910897
-0.904625 -1.129768
-0.778244 -1.093637
-0.518244 -1.004603
-1.334276 -1.325323
-1.484397 -1.400109
-1.596441 -1.435336
-2.335110 -0.231043
-1.585453 -1.443402
-1.668610 -1.497653
-2.057337 -1.622576
-1.901775 -1.533441
-2.431335 -1.734407
-2.287045 -1.687805
-2.544649 -1.790914
-2.527480 -1.797483
-2.623273 -1.805454
-2.673563 -1.833309
-2.280903 -0.254445
-1.734409 -1.551144
-1.982286 -1.652777
-2.213286 -1.716226
-2.391934 -1.790360
-2.554922 -1.864309
-2.678156 -1.899321
-2.745018 -1.955505
-1.864071 -1.627437
-2.226137 -1.752453
-2.328189 -1.792003
-2.366741 -0.265985
-2.524465 -1.858214
-2.597014 -1.939498
-2.769486 -2.012777
-2.817992 -2.050571
-2.165220 -1.740993
-2.259499 -1.818170
-2.373407 -1.875567
-2.543208 -1.943084
-2.696197 -2.031296
-2.807605 -2.085962
-2.031184 0.098807
-2.860948 -2.084468
-2.061128 -1.758662
-2.175499 -1.851872
-2.163264 -1.907753
-2.230514 -1.705377
-2.395293 -1.936709
-2.497461 -2.009372
-2.361112 -1.990491
-2.419883 -1.805320
-2.636022 -2.081588
-1.371561 -1.308402
-2.047873 0.023626
-2.576891 -2.011077
-2.630041 -1.961407
-2.787265 -2.121005
-2.750176 -2.060821
-2.801593 -2.104911
-2.794816 -2.161084
-2.827908 -2.091702
-2.842948 -2.113010
-2.039402 -1.798116
-2.134737 -1.838738
-2.104886 -0.010511
-2.179676 -1.894905
-2.500891 -2.034582
-2.598266 -2.091950
-2.739276 -2.169335
1.215655 0.527213
1.183428 0.490831
1.198238 0.274774
1.393489 0.552826
1.168744 0.323745
1.416397 0.583722
-2.234820 -0.012565
1.206284 0.521222
1.236276 0.300915
1.429939 0.541826
1.335077 0.428356
0.985439 0.561917
1.082889 0.589920
0.996223 0.453642
1.310110 0.759376
1.043129 0.395234
1.302644 0.720126
-2.302190 0.025344
1.044447 0.602273
1.104119 0.578430
0.799435 0.676998
0.685764 0.765489
1.086946 0.620124
0.990116 0.482561
0.709412 0.643771
1.328224 0.820062
0.937955 0.802973
0.716530 0.739008
-2.356965 0.011976
0.803851 0.670723
-0.184640 0.992036
-0.092692 0.950751
-0.134143 0.878892
-0.134600 1.055903
0.485012 0.824300
0.552137 0.780508
-0.477139 1.069468
-0.333577 1.030207
-0.502431 1.000051
-2.322793 0.053311
-0.519381 1.137251
-0.192511 0.973430
0.005096 0.917371
-0.655876 1.149995
-0.579593 1.123582
-0.743118 1.071884
-0.773852 1.273943
-0.514669 1.102692
-0.371581 1.041696
-0.920404 1.237239
-2.370235 -0.146241
-0.966168 1.261624
-0.762046 1.184230
-1.578661 1.458860
-1.675155 1.524350
-1.738387 1.579907
-1.818441 1.540678
-1.838174 1.587658
-2.051989 1.668139
-2.320279 1.723601
-2.647336 1.808380
-2.022326 0.313802
-2.575826 1.804516
-2.759900 1.849237
-2.755764 1.859204
-2.865777 1.909348
-3.028672 2.006952
-1.967101 1.622328
-2.238193 1.749387
-2.529435 1.839211
-2.687513 1.852453
-2.836378 1.960421
-2.049985 0.284612
-3.014748 2.007009
-3.074634 2.099044
-2.207036 1.783661
-2.427234 1.883040
-2.580621 1.929607
-2.748869 1.979947
-2.905589 2.078622
-3.031170 2.135533
-3.103260 2.169746
-2.385124 1.893230
-2.132540 0.234930
-2.523522 1.998246
-2.647777 2.012403
-2.837399 2.105320
-2.946274 2.157208
-3.080373 2.196237
-3.118470 2.194664
-2.350264 1.893132
-2.529695 2.025692
-2.528777 1.895772
-2.378499 2.089183
-0.992831 -1.021478
-2.191936 0.234552
-2.613918 2.062004
-2.749568 2.141855
-2.617522 1.905936
-2.608340 2.087487
-2.892356 2.207505
-2.906287 2.099619
-2.894508 2.130696
-3.019686 2.213237
-3.076133 2.191847
-3.105331 2.215222
-2.317671 0.226183
-3.076322 2.218960
-3.097334 2.194855
-3.121416 2.200369
-2.386095 1.909372
-2.537627 1.996461
-2.583464 2.050059
-2.716308 2.127835
-2.837840 2.183942
-2.973669 2.228936
1.937496 0.643975
-2.368272 0.320828
1.934861 0.571200
1.714248 0.703733
2.028964 0.406641
1.767777 0.615838
1.957116 0.421766
1.934079 0.605602
1.773763 0.619841
2.040342 0.368745
1.945282 0.610501
1.895730 0.889200
-2.411807 0.238725
1.942514 0.822984
1.667466 0.856398
2.117405 0.481995
1.676251 0.855232
2.020438 0.586180
2.027211 0.989463
2.019559 0.916063
1.829207 1.120716
1.886283 1.166383
1.962688 0.773369
-2.007416 0.446844
1.650876 0.944383
1.729505 1.116387
2.082271 0.621950
1.945428 0.974038
1.945130 1.287918
1.993789 1.178594
1.607517 1.525676
1.791369 1.452927
1.521634 1.502442
1.596500 1.491512
-2.011939 0.508970
1.868185 1.460450
1.937379 1.381615
1.431970 1.662773
1.589736 1.699357
1.359876 1.677774
1.479443 1.597285
1.691639 1.712117
1.805933 1.667477
1.352918 1.738834
1.412594 1.855808
-2.097358 0.526410
1.099054 1.841301
1.162627 1.773101
1.500220 1.859783
1.621465 1.819718
1.116096 1.980420
1.152088 2.114781
1.326353 2.072646
0.847834 2.200186
0.865929 2.342275
1.083124 2.333450
-2.202796 0.527659
0.629919 2.224056
0.691365 2.393437
0.847929 2.626954
0.894902 2.703975
0.830183 2.944029
0.818835 2.868856
0.816348 3.097277
0.812731 3.047244
0.792785 3.147574
0.793488 3.209164
-2.312963 0.494049
0.579557 2.376832
0.618391 2.541836
0.709304 2.766985
0.758283 2.974687
0.745298 3.153808
0.740460 3.252452
0.746865 3.313886
0.383890 2.440284
0.528536 2.743425
0.609477 2.909141
-2.398386 0.479391
0.625311 3.095552
0.647895 3.202215
0.667270 3.359908
0.672621 3.356983
0.315177 2.694994
0.389357 2.818082
0.481388 2.973543
0.506508 3.097162
0.593875 3.324431
0.619921 3.380790
-1.098450 -0.969999
-2.336367 0.329652
0.610700 3.403857
0.234338 2.581806
0.356407 2.747916
0.302937 2.858979
0.388133 2.776169
0.402810 2.921021
0.450532 3.111871
0.391828 3.023430
0.443096 2.881540
0.480884 3.241465
-2.416635 0.526100
0.535332 3.247173
0.523980 3.165596
0.527309 3.322845
0.590447 3.373049
0.577547 3.322929
0.560161 3.395426
0.610445 3.401765
0.606225 3.395838
0.171396 2.430660
0.313350 2.703772
-1.911451 0.665007
0.349362 2.790632
0.416978 3.016865
0.415875 3.143811
0.494968 3.342234
1.950594 -0.352939
1.942078 -0.347501
2.001097 -0.099602
1.757397 -0.386576
2.014868 -0.091804
1.730332 -0.365812
-1.967898 0.650863
1.938320 -0.278463
1.986983 -0.055598
1.763754 -0.264373
1.934126 -0.264769
1.958774 -0.511747
1.965992 -0.505433
2.143644 -0.114210
1.728609 -0.599083
2.065122 -0.233821
1.804642 -0.439374
-2.069960 0.692650
2.089322 -0.673884
2.086395 -0.436413
1.951898 -0.697725
2.014412 -0.943500
1.930471 -0.537580
2.164652 -0.101958
1.962025 -0.723907
1.748600 -0.604586
1.777854 -1.009744
2.101747 -0.830274
-2.147735 0.706589
2.137135 -0.715490
1.748289 -1.305642
1.967977 -1.092714
1.775627 -1.265288
1.725409 -1.205715
2.045001 -1.076535
2.093591 -0.992092
1.667816 -1.584427
1.793674 -1.547294
1.617821 -1.454834
-2.291982 0.765443
1.639720 -1.472064
1.907036 -1.469126
2.020404 -1.290945
1.545455 -1.673195
1.618916 -1.835739
1.478689 -1.629991
1.516834 -1.685096
1.768152 -1.761483
1.857703 -1.662291
1.463765 -1.919279
-2.372696 0.754095
1.540362 -2.019071
1.737648 -1.896351
1.314168 -2.198684
1.367258 -2.378692
1.480595 -2.311237
1.079954 -2.335455
1.238882 -2.526292
1.308985 -2.644784
1.388203 -2.771646
1.384388 -2.871546
-2.319717 0.686398
1.350724 -2.862423
1.427138 -3.113453
1.394332 -3.071114
1.412422 -3.147514
1.421287 -3.246247
1.037938 -2.412111
1.170752 -2.644332
1.244523 -2.819804
1.336126 -2.999331
1.364304 -3.131709
-2.423754 0.620471
1.369841 -3.290418
1.372966 -3.397414
0.986102 -2.643280
1.081428 -2.856609
1.201097 -3.001697
1.213772 -3.136346
1.279576 -3.322181
1.319054 -3.410004
1.340534 -3.462079
0.805942 -2.851965
-1.618670 -1.155407
-1.780492 0.845718
0.937434 -2.956675
1.028840 -3.112630
1.116351 -3.272301
1.201435 -3.400483
1.266870 -3.493406
1.268746 -3.530128
0.702656 -2.784938
0.819646 -2.911695
0.859944 -2.859338
0.760621 -2.982643
-1.886411 0.828056
0.893590 -3.068264
1.024791 -3.212841
1.040301 -3.169859
0.955892 -3.165356
1.112569 -3.376496
1.130518 -3.315960
1.170094 -3.363823
1.198518 -3.490802
1.222943 -3.455935
1.218408 -3.471809
-2.028728 0.868019
1.203749 -3.519978
1.232911 -3.490004
1.258923 -3.559486
0.611584 -2.768489
0.721877 -2.865313
0.855002 -3.079798
0.926402 -3.142880
1.045372 -3.316572
1.134423 -3.457594
-2.076544 -2.005425
-2.130223 0.921265
-2.274237 -1.599092
-2.518864 1.717774
-2.288907 2.139635
0.215331 2.850041
0.359908 2.566787
0.802044 -2.645885
0.631714 -2.996259
1.573711 -0.455348
1.565467 -0.394217
1.565064 -0.596056
-2.269950 0.970345
1.503353 -0.549436
1.376390 -0.591807
1.671021 -0.659583
1.557107 -0.481689
1.503935 -0.594370
1.140419 -0.595667
0.496007 -0.722807
-0.309879 -1.043592
-0.594184 -1.193506
1.093938 0.127604
-2.334797 1.028095
1.134682 0.161132
0.926414 0.173310
0.966442 0.122748
0.932434 -0.004814
0.939070 0.203333
1.022075 0.117330
0.954357 0.128899
0.864579 -0.173140
-0.038404 -0.662382
-0.610338 -0.876329
-2.315482 0.820764
-0.717573 -0.886426
0.747329 0.484165
-0.119658 0.835131
-0.540836 0.987543
-0.857042 1.024301
1.539669 0.721542
1.577454 0.709208
1.464071 0.863276
1.488464 0.858612
1.307324 0.864562
-2.388515 0.952322
1.614474 0.899568
1.556355 0.818793
1.523558 0.905605
1.105693 0.846208
-0.106114 1.123623
-0.542160 1.223382
-0.791182 1.305158
1.654412 1.112618
1.569124 1.370270
1.363023 1.643547
-1.589931 1.064597
0.990238 1.882277
2.107062 0.179820
2.077111 0.234996
2.208520 0.195990
2.198954 0.299402
2.185592 0.438272
2.225311 -0.011072
2.150103 0.237011
2.197047 0.107878
1.970762 1.026137
-1.785165 1.110945
1.694337 1.379012
1.463663 1.550783
1.173912 1.644063
2.024583 -0.623124
1.790462 -1.250191
1.665857 -1.415700
1.404136 -1.594901
1.750102 -0.871266
1.695028 -1.285134
1.621040 -1.452800
