419 2
0.635185 -0.254356
0.795607 -0.224086
0.777228 -0.455952
1.871211 2.791433
2.069744 2.672776
2.321449 2.359361
2.391494 2.251682
-0.424542 -0.657930
-0.419967 -0.672374
0.678133 -1.101069
0.743070 -1.075268
1.872080 -0.785498
1.875246 -0.961462
0.650767 -0.451510
-0.497590 -1.376907
-0.423477 -1.357409
-0.217846 -1.317606
0.056940 -1.316758
0.585288 -1.410170
0.652159 -1.484380
0.839048 -1.423860
1.346299 -1.441013
1.532717 -1.425700
1.822390 -1.324185
-0.379050 -0.385227
1.894190 -1.472560
-0.563247 -1.596461
-0.553927 -1.704214
0.580226 -1.909924
0.717709 -1.852557
1.914067 -1.658321
1.897113 -1.602355
-0.652075 -1.885003
-0.732583 -2.344529
-0.777710 -2.537251
-0.227401 -0.298931
-0.504307 -2.224138
-0.413153 -2.413606
-0.153456 -2.485757
0.059099 -2.423432
0.464784 -2.144099
0.756872 -2.234394
1.031801 -2.471973
1.466645 -2.543253
1.674525 -2.523286
1.850442 -2.410659
0.025840 -0.230378
1.932181 -2.036503
-0.662497 -2.502259
-0.437864 -2.457680
-0.127250 -2.561073
0.092227 -2.726830
0.354263 -3.050007
0.583596 -3.143348
0.938715 -2.772310
1.455675 -2.613115
1.628050 -2.592050
0.288043 -0.249503
1.880446 -2.715081
1.957990 -2.773776
1.925860 -2.570995
0.212429 -2.518950
0.327490 -2.391659
0.430787 -2.285493
0.582534 -2.207943
0.794619 -2.383476
0.845655 -2.463198
0.924229 -2.624541
-0.371543 -0.008931
0.841412 -2.818884
0.717280 -2.921762
0.327898 -2.848371
0.270165 -2.757607
-0.799729 -2.709188
-0.793550 -2.762220
0.363987 -3.343975
0.453111 -3.395991
1.927706 -2.915401
1.947265 -2.942193
-0.305292 -0.017612
-0.794116 -2.853766
-0.722602 -3.028236
-0.510803 -3.212281
0.033006 -3.435627
0.196298 -3.446263
0.370226 -3.425261
0.585373 -3.489082
1.429322 -3.440263
1.615237 -3.360219
1.856213 -3.149893
-0.023158 -0.208245
1.930357 -3.084720
1.064188 2.444338
0.960146 1.736998
0.528707 -3.049476
0.649904 -2.578234
0.692946 -0.260242
1.024007 2.018398
0.925676 1.419374
0.961679 1.469445
-0.288635 2.024590
0.135863 -0.173153
-0.063366 2.009062
0.169288 2.088572
0.314997 2.048593
1.042985 2.691104
1.080942 2.730483
1.587780 2.039233
1.804885 1.970021
1.969978 1.892589
2.105325 1.827241
0.433308 -3.331690
0.882394 -0.324475
1.276178 -0.356938
0.471379 -3.241601
-0.054043 -2.544886
-0.204204 -2.509549
-0.471792 -2.419112
-0.546716 -2.409332
0.652618 -1.994839
0.622946 -1.815279
1.272795 -2.614669
1.360600 -2.609325
1.687198 -2.585503
1.561701 -0.345817
1.798132 -2.589287
0.545887 -0.087459
0.738486 -0.130464
0.840518 -0.242759
0.752159 -0.338434
0.413101 -0.326695
0.374263 -0.107659
0.662932 0.137583
0.800301 0.091367
0.961563 -0.205871
1.838142 -0.247887
0.976553 -0.342665
0.781597 -0.567358
0.673342 -0.547008
-0.417831 -0.282093
-0.306470 -0.326352
-0.058600 -0.246408
0.220420 -0.239981
-0.388945 0.068087
-0.362170 -0.001220
-0.111701 -0.191988
1.910059 -0.200842
0.228293 -0.217942
1.315006 -0.335026
1.554055 -0.342784
1.754310 -0.295032
1.861007 -0.226937
1.243201 -0.363110
1.602200 -0.473727
1.725888 -0.517436
1.847087 -0.618528
-0.375874 0.410349
1.321068 -0.400791
-0.377499 0.532803
0.796788 0.485027
0.825127 0.493768
1.917524 0.047074
1.964120 0.305953
-0.400702 1.013030
-0.300551 0.734387
-0.100921 0.848228
0.228036 0.866717
0.777077 0.893829
1.585069 -0.466518
0.881272 0.849242
1.070809 0.822738
1.303681 0.792971
1.622729 0.729092
1.972509 0.667804
2.011264 0.558279
-0.414311 1.231815
-0.406643 1.162935
0.805933 1.134631
0.982134 1.228388
1.806749 -0.605668
2.101315 1.029748
2.101764 0.932385
-0.412268 1.440176
-0.305900 1.943895
-0.074343 1.990462
0.215511 1.926525
0.430862 1.896469
0.692195 1.642598
0.973713 1.504275
1.567442 1.948598
1.879996 -0.519309
1.775130 1.951299
2.005123 1.802484
2.149049 1.663143
2.208235 1.436123
-0.405696 1.962540
-0.404296 2.217891
-0.271290 2.127232
-0.095320 2.067370
0.132441 2.032336
0.561502 2.263293
-0.386492 0.494491
0.861514 2.621346
1.191372 2.561675
1.508647 2.144861
1.849777 1.956876
2.037052 1.882937
2.227260 1.868004
2.369050 1.956602
2.272583 1.673405
0.527783 2.168505
0.654381 1.857801
-0.378740 0.597342
0.761526 1.737903
1.123616 1.768317
1.250430 1.915935
1.323069 2.302165
1.424875 2.068486
1.271422 2.378732
0.818699 2.414155
0.688881 2.293528
-0.360282 2.423628
-0.350674 2.476758
0.738380 -0.347458
0.795659 0.531265
0.986658 2.818105
1.051448 2.785298
2.377541 2.068216
2.376792 2.102359
-0.346573 2.523256
-0.256223 2.630866
-0.132669 2.748235
0.419004 2.949831
0.827346 2.949872
1.036290 2.906578
0.917332 0.614152
1.543063 2.845131
1.910442 2.746084
2.111787 2.639520
2.280756 2.462356
2.395625 2.218300
-0.420069 -0.606260
-0.411546 -0.462761
0.614923 -1.007635
0.677451 -1.052194
1.828565 -0.966206
1.957109 0.123784
1.820651 -0.909710
-0.546518 -1.284212
-0.394054 -1.390517
-0.263787 -1.342521
0.018800 -1.314234
0.491317 -1.360946
0.646834 -1.499266
0.874213 -1.475096
1.337284 -1.459848
1.579047 -1.406063
1.950456 0.233990
1.775146 -1.303420
1.881886 -1.376336
-0.636621 -1.837143
-0.583715 -1.695569
0.568102 -1.721171
0.763892 -1.866864
1.906602 -1.919588
1.893432 -1.632578
-0.667747 -1.977005
-0.726674 -2.287515
-0.379890 0.841617
-0.778680 -2.550556
-0.618281 -2.247818
-0.478796 -2.378926
-0.181605 -2.531084
0.100251 -2.445859
0.488254 -1.993984
0.756429 -2.017367
1.026518 -2.421842
1.407802 -2.585865
1.622970 -2.544134
-0.330023 0.931549
1.899999 -2.327621
1.929205 -2.134017
-0.702511 -2.508726
-0.401422 -2.466740
-0.214191 -2.551641
0.093527 -2.797560
0.343543 -3.033479
0.692613 -3.099693
1.034891 -2.866723
1.387774 -2.660323
0.016324 0.848775
1.650651 -2.609676
1.880276 -2.739233
1.968313 -2.765915
1.937343 -2.519838
0.204985 -2.564648
0.244110 -2.424081
0.340617 -2.340555
0.626862 -2.142518
0.803267 -2.319712
0.915190 -2.419910
0.270583 0.856390
1.024742 -2.629027
0.814373 -2.944168
0.712985 -3.002489
0.332446 -2.932141
0.267681 -2.825098
-0.785068 -2.808786
-0.780450 -2.721012
0.320496 -3.343665
0.574935 -3.392764
1.925544 -3.018640
0.718792 0.789778
1.946970 -2.950638
-0.769755 -2.928892
-0.721785 -2.954402
-0.517967 -3.221827
0.064823 -3.427409
0.164471 -3.432444
0.428497 -3.415837
0.690372 -3.512200
1.399982 -3.441506
1.748140 -3.278451
0.903218 0.909359
1.870337 -3.176510
1.934416 -3.047974
1.045276 2.568469
0.895885 1.535764
0.527070 -3.037079
0.875032 1.278328
0.892030 1.356141
-0.268302 2.015393
-0.013132 2.025836
0.201419 2.051582
0.520921 -0.292359
1.062550 0.838192
0.332071 2.065502
1.072731 2.699014
1.017827 2.744082
1.595159 2.015440
1.833910 1.949268
1.992847 1.893039
2.133988 1.769535
0.439824 -3.318997
0.508293 -3.178716
-0.012106 -2.611084
1.372151 0.769104
-0.216589 -2.510492
-0.406954 -2.460774
-0.594488 -2.373437
0.628540 -1.969590
0.656812 -1.836116
1.185522 -2.602408
1.395519 -2.627810
1.651819 -2.594637
1.813204 -2.561665
1.586997 0.737026
1.945908 0.670335
2.046116 0.604864
-0.390474 1.238118
-0.374577 1.145428
0.848224 1.356643
1.040981 1.289295
2.098980 1.003188
0.524499 -0.191277
2.091083 0.925984
-0.408586 1.423689
-0.355486 1.726476
-0.135311 1.974427
0.163155 2.036559
0.444311 1.968028
0.809019 1.661274
1.098444 1.565877
1.279413 1.858757
1.765758 1.894915
0.732984 -0.148034
1.969998 1.834339
2.074275 1.668055
2.200984 1.349300
-0.383790 1.957321
-0.421620 2.255477
-0.293029 2.080320
-0.134603 2.054635
0.172490 2.122880
0.402466 2.198186
0.961002 2.559042
0.809574 -0.073145
1.230155 2.531281
1.550023 2.149432
1.756068 2.026773
1.935336 1.943904
2.319610 2.018969
2.387967 2.020565
2.260577 1.704072
0.555532 2.098550
0.782103 1.942504
0.811952 1.835230
1.023429 -0.287635
1.108501 1.854508
1.232552 1.889380
1.310467 2.336068
1.349108 2.011404
1.193410 2.441533
0.866154 2.413512
0.600368 2.221478
-0.356886 2.428968
-0.336461 2.503256
0.995234 2.868978
0.978338 -0.373135
1.189438 2.753411
2.390767 2.153352
2.383673 2.128280
-0.338774 2.519781
-0.249122 2.644497
-0.111242 2.744339
0.605110 2.949901
0.828658 2.970939
1.007513 2.927083
1.414349 2.877153
