419 2
-0.427430 0.454815
-0.564881 0.466062
-0.277419 0.591472
-3.566471 0.422113
-3.558980 0.599494
-3.422189 1.196385
-3.319019 1.317368
0.236561 -0.562775
0.269054 -0.556813
0.347235 0.580409
0.407623 0.674524
0.061753 1.825842
-0.069760 1.822530
-0.194662 0.512439
0.739941 -0.516277
0.735847 -0.474419
0.683266 -0.303634
0.631436 0.354394
0.611002 0.539389
0.713946 0.742056
0.587314 0.914012
0.469981 1.327029
0.382841 1.596809
0.304322 1.801420
-0.100928 -0.613939
0.309103 1.904963
1.121712 -0.508607
1.080165 -0.489907
1.039027 0.704276
0.858147 0.782481
0.802409 2.023775
0.633313 2.002124
1.495164 -0.492000
1.771433 -0.467934
2.081315 -0.466254
-0.126015 -0.505447
1.605502 -0.421178
1.805920 -0.152280
1.808280 0.002149
1.687583 0.395894
1.323010 0.643253
1.355912 0.899055
1.602659 1.173744
1.655053 1.765056
1.472988 1.923452
1.321690 2.114465
-0.331338 -0.191143
0.973197 2.109426
1.874105 -0.336180
1.843466 -0.152558
1.861724 0.058605
2.047122 0.585944
2.227560 0.814876
2.210157 1.155589
1.887110 1.368947
1.678386 1.729870
1.529618 1.979559
-0.364790 -0.016773
1.526313 2.167754
1.672265 2.257615
1.359520 2.154040
1.880475 0.508329
1.609240 0.598473
1.541937 0.647968
1.393478 0.807782
1.520905 1.014991
1.656344 1.143922
1.773161 1.315248
-0.383627 -0.657120
1.942210 1.268031
2.061893 1.157854
2.106966 0.782272
2.054793 0.684708
2.329506 -0.429121
2.277321 -0.423324
2.558604 0.895347
2.553716 1.173160
1.869314 2.272676
1.810733 2.281531
-0.364984 -0.538918
2.408077 -0.394016
2.454788 -0.340222
2.627083 -0.058786
2.686900 0.431460
2.672507 0.713285
2.638864 1.070122
2.561386 1.372046
2.493234 1.581260
2.229237 2.056417
2.007842 2.222565
-0.329632 -0.305251
1.917562 2.269768
-3.020679 -0.138444
-2.343847 0.177457
2.181641 0.966485
1.899824 0.883682
-0.535886 0.475097
-2.655102 0.001247
-1.869745 0.273342
-2.079959 0.158823
-2.022380 -1.082657
-0.411767 0.009298
-2.123484 -0.941231
-2.293358 -0.743031
-2.426152 -0.572982
-3.191485 -0.207480
-3.283845 -0.288509
-2.828544 0.629157
-2.858712 0.780617
-2.849052 1.053054
-2.801469 1.265254
2.535841 0.994046
-0.494170 0.623981
-0.593195 1.138411
2.314572 1.017389
1.843571 0.266725
1.832833 0.152775
1.804162 -0.188285
1.779365 -0.337929
1.194189 0.801910
1.122316 0.773362
1.746525 1.503051
1.589976 1.819371
1.526137 1.946829
-0.645534 1.409109
1.428831 2.092656
-0.400608 0.453614
-0.536336 0.566636
-0.563352 0.631063
-0.400724 0.583585
-0.330754 0.242597
-0.490432 0.226692
-0.803950 0.460110
-0.703479 0.588716
-0.572339 0.814346
-0.765475 1.555498
-0.483257 0.810445
-0.313309 0.674799
-0.287325 0.449765
-0.117345 -0.631482
-0.142306 -0.497473
-0.334191 -0.169258
-0.335363 0.019950
-0.538082 -0.708626
-0.461942 -0.556844
-0.370019 -0.227632
-0.956020 1.663033
-0.371957 -0.066706
-0.594661 1.096631
-0.623989 1.329093
-0.674575 1.517685
-0.784276 1.696563
-0.560142 1.069848
-0.598593 1.448221
-0.497225 1.710925
-0.516031 1.727355
-0.752493 -0.738693
-0.563691 1.160413
-0.695489 -0.739444
-1.163619 0.390563
-1.142641 0.458957
-1.127804 1.614849
-1.110424 1.635722
-1.018394 -0.833793
-1.171551 -0.815994
-1.241501 -0.606790
-1.386282 -0.109948
-1.426755 0.107453
-0.595686 1.285092
-1.561989 0.356929
-1.562146 0.577620
-1.593541 0.863179
-1.625202 1.308521
-1.620780 1.493117
-1.779784 1.533461
-1.369486 -0.949245
-1.385001 -0.962530
-1.824379 0.168276
-1.760675 0.365312
-0.580307 1.581034
-2.279021 1.476282
-2.264193 1.488936
-1.652261 -1.067820
-2.108497 -1.136095
-2.237602 -0.974567
-2.305028 -0.758882
-2.362581 -0.523118
-2.083186 0.063788
-2.379404 0.397435
-2.676756 0.649747
-0.347964 1.764032
-2.796434 0.845693
-2.815885 1.128096
-2.706963 1.303307
-2.591347 1.454488
-2.066461 -1.188516
-2.280646 -1.297004
-2.209472 -1.215163
-2.252945 -0.979346
-2.401062 -0.749974
-2.528211 -0.641801
-0.807332 -0.783446
-3.131154 -0.242756
-3.151784 0.036286
-2.985260 0.363507
-2.860054 0.821599
-2.899112 1.030093
-2.939361 1.346754
-3.019373 1.392343
-2.812404 1.405026
-2.496056 -0.395072
-2.361168 -0.227536
-0.635551 -0.684769
-2.317631 -0.110311
-2.513748 0.397247
-2.630380 0.454611
-2.965196 0.261312
-2.766114 0.420092
-3.041667 0.118455
-2.871100 -0.298964
-2.710740 -0.382896
-2.472995 -1.371940
-2.420286 -1.342464
-0.388887 0.505072
-1.109624 0.353653
-3.402502 -0.290652
-3.333900 -0.179233
-3.254947 1.337692
-3.253443 1.359656
-2.594822 -1.398456
-2.741644 -1.335027
-2.938088 -1.200145
-3.123278 -0.994033
-3.286875 -0.638642
-3.388617 -0.300101
-0.894604 0.428689
-3.499015 -0.052785
-3.579670 0.342371
-3.537758 0.681382
-3.367915 1.263073
-3.339293 1.341025
0.350442 -0.560186
0.251560 -0.579603
0.251517 0.656782
0.333017 0.709212
-0.331188 1.816722
-1.325232 1.603371
-0.189398 1.815897
0.641426 -0.539827
0.662352 -0.466942
0.700776 -0.227847
0.629696 0.313980
0.600761 0.552109
0.686539 0.742358
0.576956 0.841343
0.448846 1.363005
0.367928 1.641306
-1.242547 1.620680
0.399127 1.859638
0.393930 1.970535
1.076663 -0.529541
1.241991 -0.524536
1.042928 0.735082
0.933321 0.829791
0.698758 2.024603
0.626763 1.994672
1.418409 -0.483390
1.785972 -0.438337
-1.093121 -0.836367
2.104366 -0.490511
1.690395 -0.319105
1.818925 -0.117468
1.841375 0.134375
1.710777 0.363660
1.270032 0.662983
1.205303 0.946216
1.537536 1.395479
1.474472 1.699243
1.492379 1.878951
-1.161243 -0.762441
1.318592 2.084510
1.112885 2.140906
1.964850 -0.373313
1.908077 -0.147089
1.923320 0.033197
2.023301 0.368732
2.224697 0.797363
2.242108 1.161611
1.809581 1.497896
1.659272 1.683228
-1.272950 -0.539341
1.484134 1.946000
1.500750 2.096116
1.709758 2.299746
1.359758 2.158993
1.879359 0.422021
1.703379 0.533116
1.536041 0.637798
1.391970 0.795475
1.453860 1.085805
1.545685 1.172509
-1.371152 -0.196018
1.755215 1.364360
1.946528 1.303872
2.066344 1.226791
2.160427 0.759372
2.062509 0.593538
2.258577 -0.421295
2.200773 -0.421562
2.551837 0.958211
2.437004 1.175278
1.792197 2.274217
-1.401817 0.058083
1.860606 2.296096
2.405444 -0.390249
2.461826 -0.317302
2.661283 0.078363
2.691210 0.389488
2.674710 0.718943
2.615528 1.054195
2.538846 1.381250
2.493912 1.621202
2.268661 1.969750
-1.478139 0.364362
1.965622 2.237509
1.916057 2.278909
-3.098985 -0.106096
-2.259360 0.135804
2.204424 1.008068
-1.824656 0.278841
-2.009865 0.224863
-2.101688 -1.042031
-2.238726 -0.982541
-2.302639 -0.816299
-0.331387 0.319112
-1.516843 0.571726
-2.430904 -0.598903
-3.196456 -0.144268
-3.351744 -0.263284
-2.816726 0.682760
-2.842380 0.750073
-2.823306 1.078802
-2.826278 1.242553
2.387771 1.083607
2.334783 1.017804
1.878863 0.214951
-1.577514 0.806288
1.883381 0.113442
1.825130 -0.190651
1.816345 -0.313534
1.160366 0.780290
1.075780 0.805351
1.689100 1.527772
1.575199 1.782530
1.510007 1.943340
1.410778 2.059403
-1.617381 1.086475
-1.717856 1.490047
-1.930191 1.542177
-1.504344 -0.978365
-1.424772 -0.928746
-1.745285 0.189063
-1.982232 0.281544
-2.217617 1.505964
-0.489833 0.220667
-2.215089 1.501631
-1.616792 -1.045074
-1.716767 -0.980208
-2.094480 -0.928065
-2.282906 -0.697271
-2.357671 -0.389988
-2.173551 -0.000882
-2.226218 0.297341
-2.710892 0.521874
-2.797695 0.780724
-0.667409 0.396450
-2.814680 1.051255
-2.644487 1.367689
-2.542793 1.465162
-2.015563 -1.152398
-2.274662 -1.320416
-2.154976 -1.169163
-2.113595 -0.919898
-2.424670 -0.635510
-2.504319 -0.572757
-3.033005 -0.291855
-0.718109 0.451099
-3.132901 -0.055895
-2.925943 0.433830
-2.854371 0.869973
-2.838437 1.113518
-2.987439 1.347307
-3.007894 1.409145
-2.822018 1.390077
-2.520990 -0.417778
-2.359951 -0.212451
-2.364449 -0.134355
-0.535464 0.735890
-2.393030 0.281135
-2.614501 0.378537
-2.904265 0.226915
-2.763607 0.460795
-2.996124 0.035472
-2.867064 -0.287260
-2.707484 -0.385396
-2.461046 -1.363945
-2.445005 -1.372379
-3.234697 -0.328381
-0.444069 0.822437
-3.279679 -0.269324
-3.250200 1.330458
-3.189490 1.386199
-2.549251 -1.392159
-2.671676 -1.338231
-2.922365 -1.201523
-3.091121 -1.030442
-3.257655 -0.654694
-3.354647 -0.323857
-3.498512 0.008114
