1005 2
-0.777028 2.324872
-0.902197 2.297845
-0.931863 1.875795
1.491674 -0.345561
-1.600310 0.695975
0.613797 1.623296
1.291299 1.521301
1.183252 0.820750
0.634775 0.948470
1.214813 -0.731072
1.245655 -0.878748
1.244876 -0.957342
1.023647 -0.926090
0.923506 -0.774913
0.948847 -0.887617
1.545607 -0.524901
1.438482 -0.734339
1.584280 -0.288628
-1.211685 2.448317
1.416507 -0.844012
1.363809 -0.931751
1.351720 -1.050834
1.202635 -1.021738
1.514385 -1.120080
1.574596 -1.169886
1.267680 -1.139657
1.712416 -0.482863
1.732032 -0.678309
1.627347 -0.907856
-1.194014 2.241800
1.680897 -0.388458
1.601408 -1.050810
1.687145 -1.174625
1.644979 -1.306405
1.552079 -1.363923
1.525993 -1.345005
1.647051 -0.787927
1.573720 -1.108761
1.521064 -1.190610
1.480054 -1.269610
-1.084366 1.898845
1.707186 -0.587678
1.719847 -0.600687
1.596745 -1.232931
1.487455 -1.491069
1.630483 -1.364767
1.534408 -1.597551
1.671609 -1.592148
1.616321 -1.764951
1.587124 -1.541278
1.558539 -1.783761
-1.296109 2.437315
1.808602 -1.549250
1.577338 -1.575765
1.556707 -1.817356
1.410383 -1.431668
1.394211 -1.607455
1.647339 -0.850194
1.412013 -1.652851
1.445030 -1.779111
1.479680 -1.970760
1.525840 -1.929526
-1.283430 2.178456
1.808483 -1.680444
1.609030 -1.847708
1.504416 -1.970013
1.238114 -1.750135
1.272135 -1.788371
1.346562 -1.786321
1.374272 -1.910553
1.407308 -2.051676
1.408271 -2.100000
1.451738 -2.050711
-1.152173 1.940465
1.394462 -2.156762
1.103644 -1.921698
1.115419 -1.937125
1.210149 -1.986950
1.216320 -2.115138
1.232215 -2.270895
1.278346 -2.262663
1.299440 -2.200555
1.275305 -2.317870
0.953944 -2.065551
-1.457368 2.499399
1.055113 -2.003388
0.940152 -2.155791
1.029827 -2.270193
1.042427 -2.363871
1.122153 -2.391556
1.162918 -2.291773
1.142183 -2.376985
0.810777 -2.132437
0.816098 -2.151366
0.828197 -2.202746
-1.341735 2.129299
0.911342 -2.361132
0.904405 -2.411236
0.935152 -2.438913
0.960702 -2.399593
0.966983 -2.465534
0.615893 -2.211089
0.676178 -2.206412
0.683593 -2.246679
0.684218 -2.423929
0.788130 -2.457944
-1.264044 1.989749
0.746022 -2.553465
0.791942 -2.561095
0.516233 -2.221257
0.491836 -2.245475
0.535995 -2.316248
0.560471 -2.446072
0.554427 -2.521018
0.547240 -2.570565
0.727190 -2.511003
0.518829 -2.594882
-0.761202 2.230935
-1.416823 2.589694
0.366805 -2.209274
0.379009 -2.226021
0.305034 -2.312605
0.308014 -2.449331
0.345497 -2.542225
0.320070 -2.595960
0.469510 -2.560069
0.380883 -2.610638
0.127060 -2.076427
0.130671 -2.157934
-1.343051 2.011815
0.108744 -2.286869
0.090233 -2.406086
0.111339 -2.554674
0.169996 -2.599926
0.252699 -2.560930
0.178051 -2.603776
0.056983 -1.976206
-0.030372 -2.102664
0.127321 -1.706590
-0.096881 -2.273084
-1.266216 1.914783
-0.189485 -2.377666
-0.138644 -2.532410
-0.060037 -2.576310
-0.022082 -2.604357
-0.039777 -2.604982
-0.104056 -1.698412
-0.152525 -2.044175
0.027324 -1.408711
-0.268685 -2.215264
-0.249581 -2.368422
-1.513034 2.370963
-0.235855 -2.512951
-0.359013 -2.544961
-0.224551 -2.703996
-0.540418 -2.776977
-0.566801 -2.524978
-0.093000 -1.398377
-0.304933 -1.714956
-0.334379 -1.929834
-0.001119 -1.379124
-0.426708 -2.130381
-1.558648 2.262090
-0.543787 -2.392039
-0.611538 -2.543042
-0.761763 -2.539721
-0.814087 -2.494339
-0.450773 -1.646862
-0.568886 -1.852026
-0.664647 -1.665003
-0.817868 -1.789866
-0.243155 -1.299509
-0.413203 -1.472933
-0.663880 1.869690
-0.751063 -2.010322
-0.876266 -1.883219
-0.716699 -2.227892
-1.020152 -2.035056
-0.952167 -2.329622
-1.117871 -2.204247
-0.978293 -2.364179
-1.136876 -2.278110
-0.875164 -2.573672
-0.947996 -2.415134
-0.799852 1.694105
-1.180876 -2.265494
-0.908487 -1.691129
-0.984133 -1.732445
-0.653431 -1.611790
-1.028799 -1.861204
-1.129572 -1.989636
-1.326147 -2.059423
-1.327458 -2.134402
-1.012857 -2.457612
-1.208751 -2.207728
-0.436397 2.234594
-1.364924 -2.148777
-1.199072 -1.659585
-1.213456 -1.659891
-1.316749 -1.739900
-1.466212 -1.839335
-1.472692 -1.910057
-1.502860 -2.036412
-1.430339 -2.038098
-1.571092 -2.043121
-1.341698 -1.564630
-0.889681 1.644123
-1.441765 -1.594542
-1.538396 -1.618591
-1.600083 -1.717397
-1.661495 -1.781486
-1.692420 -1.870629
-1.554295 -1.901779
-1.739387 -1.944118
-1.600518 -1.452919
-1.614792 -1.478874
-1.634125 -1.546888
-0.966347 1.665200
-1.721941 -1.566641
-1.820299 -1.618876
-1.869574 -1.703922
-1.734760 -1.729052
-1.877666 -1.723351
-1.690823 -1.369358
-1.730006 -1.355175
-1.811801 -1.434552
-1.841916 -1.487319
-1.894804 -1.538640
-0.837696 1.964656
-0.994068 1.551547
-2.038480 -1.503056
-1.931023 -1.525621
-2.025718 -1.586684
-1.838883 -1.154639
-1.851541 -1.213324
-1.876254 -1.265596
-1.996314 -1.286262
-2.080272 -1.336056
-2.126771 -1.401144
-2.168978 -1.425870
-1.078668 1.632968
-1.938872 -0.917630
-1.968918 -0.954045
-2.048059 -0.981005
-2.064673 -1.115426
-2.178004 -1.139020
-2.293456 -1.223631
-2.165246 -1.262129
-2.293517 -1.242782
-1.997243 -0.687995
-2.044358 -0.784204
-1.231476 2.253032
-2.070989 -0.871263
-2.196006 -0.968348
-2.349306 -0.902050
-2.390845 -1.059020
-2.288756 -1.035212
-2.413102 -1.055179
-2.033650 -0.367551
-2.094066 -0.510468
-2.195024 -0.561306
-2.356224 -0.622915
-1.077764 1.745769
-2.448121 -0.748059
-2.498951 -0.819910
-2.403606 -0.820125
-2.497836 -0.902358
-1.936301 -0.143842
-2.151796 -0.308787
-1.770453 0.054279
-2.270248 -0.288200
-2.342452 -0.434582
-2.565401 -0.479618
-1.069914 1.589318
-2.604547 -0.549450
-2.552965 -0.635685
-2.582566 -0.704423
-1.981588 0.170326
-2.197688 0.045364
-1.763740 0.152021
-2.300095 -0.080616
-2.459092 -0.179514
-2.646510 -0.268980
-2.694126 -0.293793
-0.658813 1.567010
-2.698400 -0.461969
-2.819471 -0.258585
-2.731396 -0.288750
-1.849455 0.366320
-2.034817 0.298255
-2.179834 0.245648
-1.795347 0.213126
-2.328197 0.157926
-2.510453 0.009160
-2.752284 0.010271
-0.756651 1.410020
-2.838529 -0.111628
-2.777302 -0.148015
-2.017900 0.531352
-2.193980 0.406387
-2.179914 0.724964
-2.232719 0.714977
-1.833306 0.547008
-1.751173 0.649131
-2.449100 0.430035
-2.459759 0.605247
-0.812637 1.469332
-2.648601 0.332787
-2.621327 0.572019
-2.769930 0.352232
-2.792851 0.511023
-2.816855 0.267760
-2.853289 0.631139
-2.927046 0.228032
-2.832502 0.372015
-2.843290 0.631087
-2.261585 0.856277
-0.896564 1.485989
-2.363088 0.911463
-1.889573 0.734497
-2.497441 0.916337
-2.648274 0.921468
-2.761594 0.803057
-2.832791 0.778605
-2.897007 0.433870
-2.805852 0.672568
-2.867702 0.778376
-2.376340 1.054260
-0.906413 1.393257
-2.401386 1.082012
-2.470129 1.097657
-2.628456 1.031423
-2.732779 1.001457
-2.780008 1.038540
-2.790097 0.864457
-2.822993 0.967033
-2.388800 1.196483
-2.404301 1.171074
-2.456853 1.255512
-0.560048 2.443698
-0.950393 1.399809
-2.560755 1.306333
-2.697960 1.341602
-2.747890 1.302988
-2.732749 1.221695
-2.773335 1.329243
-2.337582 1.381909
-2.369443 1.439052
-2.454916 1.433066
-2.540059 1.451433
-2.578232 1.528496
-0.997239 1.567414
-2.670779 1.568740
-2.685144 1.354744
-2.697222 1.571781
-2.299907 1.539530
-2.304332 1.605364
-2.353702 1.639578
-2.470079 1.618388
-2.545835 1.672888
-2.617430 1.724416
-2.580709 1.739720
-0.978891 1.400182
-2.650086 1.763109
-2.203881 1.760923
-2.262340 1.711567
-2.261927 1.812767
-2.320506 1.836049
-2.463783 1.845881
-2.546506 1.885425
-2.598827 1.895369
-1.999042 1.934435
-2.079729 1.932370
-0.615648 1.216617
-2.144487 1.949329
-2.270711 1.952118
-2.369045 2.026177
-2.358104 2.104924
-2.477798 1.955879
-2.401851 2.094759
-1.904576 2.019086
-1.956861 2.021349
-2.001362 2.100512
-2.078707 2.076172
-0.605393 1.116791
-2.175762 2.194037
-2.230237 2.242217
-2.278485 2.159750
-2.283148 2.218654
-1.560408 2.199837
-1.687736 2.162950
-1.843471 2.210947
-1.936150 2.263076
-2.035892 2.376599
-2.043154 2.349767
-0.696136 1.185830
-2.125595 2.301433
-2.128639 2.307048
-1.311769 2.291927
-1.507760 2.283466
-1.174453 2.303065
-1.676328 2.316725
-1.758245 2.387528
-1.848356 2.492912
-1.894216 2.419781
-1.961464 2.478152
-0.740841 1.141423
-1.870996 2.383103
-1.033072 2.363536
-1.174031 2.398034
-0.766864 2.382909
-1.408418 2.382511
-1.585816 2.429752
-1.770791 2.474550
-1.735597 2.364178
-1.759576 2.690033
-1.693965 2.688811
-0.790742 1.117512
-1.693184 2.340930
-0.849313 2.405126
0.978294 1.279392
0.927249 1.258826
0.899528 1.630734
0.914057 1.589245
1.269998 1.201755
1.228748 1.214183
0.934511 0.865411
0.954744 0.873751
-0.779426 1.038537
0.604938 1.297431
0.669659 1.284115
0.661658 1.531585
1.198051 1.553306
1.134685 1.049374
0.665207 1.044698
0.708422 1.469102
1.177096 1.453974
1.169651 0.965724
0.712370 0.999475
-0.922409 1.377382
0.924024 1.208796
0.947069 1.539961
1.228950 1.167095
0.856016 0.923019
0.675292 1.253792
0.779886 1.443225
1.187843 1.403665
1.142794 0.977371
0.714272 1.084719
0.905143 1.311222
-0.837475 2.427294
-0.775126 1.031894
0.969309 1.523223
1.250459 1.195608
0.925063 1.011261
0.747253 1.216118
0.786999 1.460210
1.057202 1.382940
1.067433 1.074936
0.812931 1.069810
0.931070 1.225452
0.868561 1.823119
-0.438683 0.778176
0.909488 1.800792
0.764403 1.729277
1.131163 1.707219
0.717877 1.725476
1.133404 1.659946
0.907697 1.844731
0.776051 1.691645
1.090039 1.644260
0.951021 1.675011
0.827937 1.967525
-0.402838 0.654130
0.759109 1.964816
0.614756 1.871470
1.097253 1.840821
0.694422 1.869464
1.136320 1.809140
0.855583 2.055528
0.878590 2.068154
0.539957 2.179098
0.588198 2.363418
0.957056 1.920609
-0.478459 0.664926
0.672854 1.852721
0.395648 2.167230
1.188495 1.909929
0.647284 2.161015
0.702734 2.245231
0.775817 2.224764
0.294360 2.311977
0.424405 2.473287
0.300737 2.255012
0.339397 2.293073
-0.461532 0.514210
0.545182 2.417719
0.649897 2.349030
0.066110 2.410673
0.237549 2.544421
0.056896 2.351754
-0.033785 2.370270
0.307368 2.602244
0.352182 2.585975
-0.206698 2.462326
-0.171611 2.573549
-0.609103 0.775996
-0.166621 2.431652
-0.207947 2.396258
0.054754 2.670035
0.208112 2.678462
-0.418105 2.585307
-0.623054 2.774866
0.006114 2.766941
-0.799330 2.757793
-0.842479 2.855040
-0.883663 3.025318
-0.585669 0.669839
-1.042219 2.652333
-0.969804 2.820211
-1.050874 3.066772
-1.038167 3.173027
-1.224823 3.401530
-1.191264 3.284842
-1.294822 3.494978
-1.266567 3.402287
-1.392986 3.550225
-1.406676 3.591276
-0.668945 0.885442
-1.207591 2.611253
-1.104511 3.003341
-1.184339 3.096471
-1.276803 3.335721
-1.386110 3.439846
-1.506806 3.590376
-1.554221 3.625762
-1.305565 2.683883
-1.356762 2.992299
-1.336185 3.206994
-0.507613 0.440226
-1.438165 3.337014
-1.465760 3.425837
-1.604138 3.571651
-1.673371 3.630163
-1.466598 2.784540
-1.527573 3.041371
-1.550719 3.192125
-1.621760 3.278018
-1.673713 3.500192
-1.702340 3.572064
-0.200385 0.390605
-1.735086 3.621891
-1.519541 2.742249
-1.561154 2.959861
-1.637184 2.975254
-1.486379 2.963310
-1.595627 3.103268
-1.622247 3.248085
-1.620152 3.130185
-1.558037 3.189750
-1.665114 3.359659
-0.970417 2.399243
-0.222656 0.399551
-1.653524 3.378257
-1.643997 3.383809
-1.714872 3.495274
-1.700658 3.512139
-1.711786 3.529505
-1.737546 3.598223
-1.740858 3.597979
-1.745914 3.614362
-1.562400 2.699883
-1.574951 2.860577
-0.241022 0.331800
-1.589939 3.070102
-1.639554 3.227353
-1.682570 3.368672
-1.703029 3.479451
1.457091 1.130614
1.544592 1.122590
1.371822 1.349802
1.336440 0.948243
1.377772 1.341595
1.346143 0.970972
-0.280820 0.274199
1.458953 1.136071
1.368182 1.303833
1.342753 1.043397
1.446314 1.150757
1.625038 1.002003
1.541525 1.065071
1.565611 1.297677
1.515359 0.836085
1.526361 1.246488
1.456295 0.860531
-0.350012 0.309001
1.775424 1.002898
1.697724 1.062899
1.726218 0.847713
1.827553 0.807470
1.692524 0.999197
1.538659 1.469935
1.737423 0.846961
1.496140 0.752892
1.659723 0.644894
1.880809 0.869025
-0.263455 0.105674
1.858519 0.953169
1.808906 0.341085
1.963037 0.421669
1.808999 0.488361
1.767209 0.318274
2.018836 0.567221
2.030769 0.715424
1.838236 0.081933
1.967124 0.095899
1.785160 0.075276
-0.270675 0.208626
1.796831 -0.029275
2.087079 0.290573
2.111818 0.322971
1.854841 -0.177080
1.942248 -0.150075
1.724880 -0.200541
1.779491 -0.291528
2.051263 -0.051842
2.123766 0.099304
1.870624 -0.428353
-0.262264 0.104136
2.034529 -0.372685
2.107988 -0.253137
1.903920 -0.708001
2.091523 -0.763599
2.215849 -0.865614
1.799042 -0.994540
1.973748 -0.973131
2.170071 -1.055066
2.308311 -1.026220
2.441686 -1.142080
-0.055964 0.185882
2.377936 -1.123082
2.654845 -1.302223
2.584647 -1.282779
2.660632 -1.347605
2.748467 -1.389814
1.820969 -1.085457
2.118232 -1.156602
2.260268 -1.221226
2.521218 -1.311421
2.606308 -1.368534
-0.026080 0.154674
2.708827 -1.423165
2.743374 -1.437472
1.955913 -1.260661
2.151652 -1.309464
2.381007 -1.474682
2.530214 -1.415003
2.651533 -1.460331
2.710333 -1.512350
2.757584 -1.579847
1.981925 -1.453138
-0.026933 0.092045
2.083831 -1.493661
2.254981 -1.516404
2.469017 -1.618751
2.634659 -1.601472
2.707796 -1.659079
2.741561 -1.652728
1.907887 -1.472917
2.088269 -1.548361
2.076548 -1.457556
2.037378 -1.511254
-0.492615 2.385404
0.032688 -0.022867
2.232882 -1.615029
2.373994 -1.647697
2.297333 -1.507381
2.342302 -1.616663
2.536846 -1.678811
2.504753 -1.586374
2.537338 -1.623211
2.667889 -1.683105
2.735890 -1.668771
2.661605 -1.636788
-0.027241 -0.038759
2.703841 -1.692037
2.769150 -1.688570
2.706592 -1.674060
1.845213 -1.477411
1.966750 -1.520817
2.149029 -1.580173
2.312412 -1.640328
2.496731 -1.687238
2.604089 -1.717690
0.903428 0.648381
0.027432 -0.162346
0.899878 0.646739
1.091406 0.736441
0.784000 0.828380
1.073522 0.787352
0.783420 0.815730
0.860176 0.671896
1.102970 0.787936
0.776310 0.881764
0.882968 0.708192
0.795191 0.487173
-0.078936 -0.094037
0.789320 0.418879
1.074413 0.580093
0.621685 0.615985
0.974443 0.550642
0.647309 0.643127
0.813627 0.380270
0.833403 0.443633
0.708832 0.232047
0.669612 0.058906
0.791926 0.576050
0.389534 -0.133187
1.147644 0.588155
0.784761 0.240814
0.673164 0.591882
0.608485 0.224913
0.691840 0.158120
0.702853 0.168147
0.419075 -0.373260
0.500128 -0.279448
0.508240 -0.354174
0.377627 -0.293357
0.368355 -0.176746
0.442255 -0.413583
0.533865 -0.195932
0.164116 -0.855425
0.222686 -0.804029
0.244801 -0.836233
0.202071 -0.632824
0.301392 -0.645978
0.350845 -0.498372
0.034375 -1.120110
0.060216 -1.056190
0.301381 -0.164974
0.122019 -1.092717
-0.035812 -1.077324
0.164549 -0.889681
0.223385 -0.782944
-0.130846 -1.518953
-0.144932 -1.695668
-0.076811 -1.586371
-0.300581 -1.957087
-0.258392 -1.956936
-0.231557 -1.938542
0.227484 -0.212424
-0.350289 -2.042962
-0.368638 -2.158735
-0.432856 -2.617114
-0.441810 -2.733699
-0.497450 -3.087533
-0.494735 -2.976039
-0.589295 -3.327913
-0.551147 -3.217270
-0.604156 -3.369164
-0.656665 -3.510379
0.190314 -0.233725
-0.425959 -2.278062
-0.498453 -2.592863
-0.524764 -2.914781
-0.566211 -3.122442
-0.629919 -3.340776
-0.698732 -3.454580
-0.720000 -3.537616
-0.546398 -2.591179
-0.627278 -2.832542
-0.615522 -2.994303
0.178639 -0.271522
-0.682479 -3.241082
-0.802940 -3.449368
-0.806247 -3.540718
-0.843363 -3.581237
-0.706192 -2.766476
-0.745854 -2.899537
-0.759752 -3.019307
-0.835356 -3.330794
-0.856714 -3.449360
-0.890705 -3.540792
-0.505268 2.321185
0.088815 -0.183597
-0.911307 -3.575069
-0.761798 -2.719151
-0.786893 -2.871195
-0.667653 -2.900224
-0.833698 -2.820274
-0.847998 -3.024796
-0.875572 -3.269765
-0.710970 -3.066433
-0.847350 -3.018372
-0.893935 -3.355608
0.126120 -0.269852
-0.829985 -3.339671
-0.881742 -3.365494
-0.929034 -3.444595
-0.869296 -3.474318
-0.898303 -3.492065
-0.933142 -3.501978
-0.892885 -3.536879
-0.961205 -3.616189
-0.806649 -2.623919
-0.802204 -2.831861
0.806395 -0.326312
-0.826715 -2.957477
-0.870549 -3.074478
-0.897940 -3.285237
-0.933125 -3.412202
0.364796 1.258071
0.400080 1.260461
0.460331 1.125281
0.546436 1.455242
0.515426 1.064528
0.480230 1.415592
0.769593 -0.338167
0.412767 1.274665
0.600642 1.090656
0.526599 1.370384
0.470969 1.287212
0.147738 1.233604
0.218550 1.239715
0.252110 1.028252
0.298230 1.431895
0.421666 1.085735
0.334603 1.427221
0.601799 -0.349078
0.125458 1.217703
0.267592 1.290381
0.070295 1.153210
-0.134312 1.124161
0.206879 1.245289
0.273728 1.014255
-0.018482 1.049709
0.251513 1.500627
0.077019 1.285223
-0.196407 1.158256
0.608921 -0.463928
-0.131802 1.194480
-0.379552 0.934126
-0.438391 0.985630
-0.433495 0.875121
-0.963944 0.799876
-0.325514 1.091577
-0.345937 1.088305
-1.060505 0.712220
-0.874290 0.797808
-1.051297 0.661437
0.463193 -0.464242
-1.269962 0.735725
-0.699772 0.882235
-0.532267 0.975163
-1.453091 0.583131
-1.393319 0.578365
-1.533643 0.393287
-1.530133 0.670643
-1.103220 0.701824
-0.756134 0.869576
-1.847622 0.428449
0.449546 -0.504053
-1.979128 0.386021
-1.427165 0.577414
-2.160709 0.273407
-2.284256 0.257110
-2.323706 0.241355
-2.315538 0.176351
-2.346477 0.193705
-2.791464 0.077707
-2.761859 0.071124
-3.189909 -0.078669
0.246394 -0.322530
-3.031423 -0.001620
-3.363196 -0.194371
-3.299240 -0.146694
-3.437680 -0.226942
-3.511870 -0.266108
-2.467544 0.132131
-2.825454 0.089114
-2.959394 0.027254
-3.247632 -0.120356
-3.378086 -0.178527
0.484721 -0.533732
-3.539031 -0.269484
-3.594600 -0.269721
-2.861127 0.048545
-3.039882 -0.002528
-3.165940 -0.050446
-3.324643 -0.100079
-3.517035 -0.193313
-3.652535 -0.240903
-3.722107 -0.280611
-2.989990 -0.042204
-1.088433 2.296329
1.094590 -0.450455
-3.136693 0.031689
-3.236757 -0.051050
-3.471776 -0.097319
-3.603986 -0.164507
-3.738770 -0.223837
-3.781153 -0.243962
-2.963827 -0.128235
-3.126925 -0.121808
-3.054949 -0.198180
-3.137333 0.077101
0.998381 -0.468717
-3.341726 -0.072093
-3.438140 -0.091331
-3.452391 -0.121659
-3.351022 -0.019518
-3.580006 -0.113985
-3.561143 -0.183507
-3.495690 -0.083843
-3.718539 -0.182944
-3.708377 -0.198575
-3.727175 -0.188951
0.955847 -0.560904
-3.787346 -0.228959
-3.769467 -0.208509
-3.819015 -0.239856
-2.940785 -0.139031
-3.119265 -0.130553
-3.185692 -0.110971
-3.424603 -0.095239
-3.583092 -0.107134
-3.666685 -0.136312
-1.685042 2.903277
0.802047 -0.641568
-1.449365 2.923825
1.885108 -1.336872
1.950242 -1.623081
-0.558024 -2.876316
-0.939295 -2.637887
-2.939938 -0.289219
-3.052375 0.198797
0.550458 1.641075
0.612894 1.621018
0.329462 1.630360
0.733156 -0.669646
0.398687 1.684800
0.504324 1.873272
0.321983 1.551279
0.482724 1.616152
0.326193 1.639509
0.436389 2.039886
0.265444 2.196824
-0.064577 2.389773
-0.463037 2.390320
1.297731 1.595973
0.809956 -0.749484
1.307402 1.526878
1.427403 1.699351
1.372639 1.691823
1.306451 1.762254
1.565879 1.508696
1.343098 1.626407
1.387464 1.687289
0.773407 2.126420
0.489155 2.233859
0.029409 2.343362
0.595383 -0.559809
-0.322177 2.297345
1.752423 0.902191
1.804243 0.565548
1.720384 0.020893
1.676182 -0.125814
1.247084 0.794242
1.198329 0.791733
1.332061 0.623678
1.322225 0.680532
1.412270 0.692859
0.750799 -0.752171
1.171435 0.550658
1.265661 0.707306
1.361145 0.681392
1.643991 0.576030
1.709554 0.475956
1.789501 -0.064373
1.755930 -0.328143
0.912917 0.228312
0.541933 -0.358242
0.328441 -0.803488
1.378029 -0.486809
0.209014 -1.079192
0.528600 0.893978
0.579425 0.942522
0.397660 0.797829
0.384557 0.823252
0.462909 0.683019
0.265091 0.867795
0.503373 0.874594
0.362002 0.864882
0.481155 0.412255
1.299279 -0.618818
0.269349 -0.356905
0.164877 -0.578247
-0.118685 -1.059770
0.091615 0.975228
-0.312099 0.885636
-1.145096 0.584026
-1.650463 0.196539
0.086007 1.380599
-0.947627 0.892455
-1.218962 0.782981
