419 2
-0.732900 0.346200
-0.867432 0.312341
-1.041775 0.015949
-1.260472 3.475356
-1.624083 3.370010
-1.904658 3.148011
-2.011739 3.064535
0.241134 -0.492994
0.220439 -0.368214
-0.994737 -0.326607
-1.040506 -0.395384
-2.090142 -0.123372
-2.109526 -0.283372
-0.932285 0.088913
0.216222 -0.788074
0.181613 -0.843724
-0.142051 -0.875119
-0.429402 -0.896054
-0.797568 -0.928636
-1.042582 -0.947251
-1.102760 -0.895580
-1.417643 -0.753192
-1.846342 -0.646498
-2.029510 -0.597210
0.239430 0.080716
-2.194745 -0.668536
0.224374 -1.234781
0.209149 -1.148542
-0.972064 -1.150755
-1.088736 -1.224608
-2.247955 -1.008778
-2.279430 -1.008041
0.200175 -1.523709
0.184190 -1.971672
0.219175 -2.247484
0.144308 0.098096
0.101112 -1.788755
-0.098094 -2.026957
-0.284069 -2.065922
-0.595962 -1.961114
-0.880678 -1.636220
-1.185956 -1.554199
-1.515688 -1.768317
-1.926175 -1.808545
-2.083557 -1.756389
-2.294393 -1.378830
-0.045961 0.172996
-2.331232 -1.206711
0.148436 -2.214777
-0.096101 -2.081012
-0.320953 -2.091950
-0.729495 -2.271876
-1.021337 -2.532604
-1.361311 -2.471365
-1.556786 -2.141934
-1.922670 -1.860439
-2.142522 -1.788726
-0.278274 0.197421
-2.339167 -1.809228
-2.465751 -1.940733
-2.386010 -1.652803
-0.741103 -2.034496
-0.780976 -1.874539
-0.908466 -1.822703
-1.107199 -1.643545
-1.262661 -1.715074
-1.368731 -1.783610
-1.406794 -1.951568
0.262615 0.312282
-1.409073 -2.159880
-1.348179 -2.306025
-0.964935 -2.375739
-0.930092 -2.250009
0.206575 -2.398844
0.163494 -2.421330
-1.169171 -2.705336
-1.341228 -2.679764
-2.480486 -2.166474
-2.475668 -2.070922
0.166214 0.250656
0.080621 -2.638259
-0.015796 -2.733982
-0.110777 -2.807992
-0.737931 -2.916346
-1.048804 -2.893600
-1.241960 -2.824157
-1.673318 -2.775176
-1.920716 -2.699825
-2.158744 -2.569072
-2.457979 -2.260350
0.003044 0.198961
-2.493357 -2.219804
-0.677264 2.964961
-0.764606 2.127367
-1.148884 -2.443333
-1.106567 -2.080352
-1.027383 0.254111
-0.665769 2.761185
-0.751467 1.757082
-0.769043 1.988660
0.488090 2.269923
-0.371738 0.223378
0.341563 2.332255
0.084388 2.440001
-0.025533 2.498633
-0.591880 3.268383
-0.657291 3.288168
-1.395883 2.685953
-1.540230 2.637596
-1.757669 2.626095
-1.858993 2.553970
-1.206053 -2.729837
-1.004061 0.357681
-1.427446 0.327422
-1.219333 -2.565047
-0.467863 -2.062285
-0.251902 -2.068566
-0.066846 -2.005059
0.047081 -1.986918
-1.029922 -1.399999
-1.045377 -1.281191
-1.713753 -1.906212
-1.887028 -1.872428
-2.179858 -1.740135
-1.720054 0.351069
-2.309706 -1.657086
-0.746141 0.260608
-0.859825 0.355140
-1.057781 0.269643
-0.825399 0.196127
-0.657988 0.166095
-0.607957 0.274983
-0.846480 0.480307
-0.938753 0.541346
-1.170507 0.367229
-1.884557 0.535825
-1.200385 0.274020
-0.924943 -0.100156
-0.832687 -0.123632
0.237809 -0.004058
0.174324 0.074579
-0.011210 0.163495
-0.381465 0.205850
0.263202 0.264140
0.207120 0.279980
-0.004873 0.225910
-1.979443 0.754597
-0.309485 0.214930
-1.384844 0.363010
-1.778066 0.426579
-1.882415 0.470595
-1.976460 0.610237
-1.402696 0.316505
-1.768674 0.330611
-1.917427 0.253841
-1.980206 0.302863
0.365525 0.955387
-1.496166 0.305011
0.355740 0.854527
-0.843706 1.061597
-0.909323 1.179654
-1.987139 0.960861
-1.992972 0.858985
0.400863 1.058057
0.356094 1.224150
0.118917 1.271130
-0.257436 1.338863
-0.717743 1.424608
-1.727914 0.286499
-0.790729 1.534321
-1.015692 1.399591
-1.321859 1.385518
-1.484954 1.381680
-1.960165 1.339062
-2.007012 1.302109
0.456492 1.442785
0.446550 1.444383
-0.755263 1.688434
-0.855177 1.696436
-1.888466 0.279155
-2.014792 1.805448
-2.011241 1.734424
0.499893 1.720452
0.513590 2.029970
0.200941 2.360648
0.139416 2.400820
-0.264268 2.361388
-0.499291 2.190057
-0.947739 2.207070
-1.199075 2.504806
-2.045878 0.102411
-1.466229 2.611527
-1.665745 2.595820
-1.945722 2.454236
-2.013107 1.888866
0.589212 2.193509
0.685325 2.499780
0.570074 2.338774
0.371065 2.309932
0.127790 2.472892
-0.090500 2.603316
0.321668 0.736915
-0.397458 3.087274
-0.769743 3.087553
-1.217803 2.843846
-1.432021 2.732336
-1.785423 2.693390
-1.963356 2.686956
-2.041360 2.792411
-2.013933 2.588115
-0.231842 2.530086
-0.332229 2.429739
0.304983 0.700914
-0.478429 2.287459
-0.916587 2.380906
-1.015384 2.463014
-0.954782 2.926604
-1.089498 2.675786
-0.887999 2.942227
-0.409177 2.906665
-0.368524 2.822427
0.747536 2.671277
0.712110 2.603147
-0.912950 0.213706
-0.842050 0.794065
-0.427689 3.362576
-0.549817 3.352725
-1.996224 2.942691
-2.020807 3.007065
0.710070 2.770840
0.674446 2.858577
0.503735 3.040102
0.210112 3.277988
-0.065647 3.357164
-0.462641 3.431015
-0.871115 0.871555
-0.967167 3.497893
-1.301991 3.477964
-1.594351 3.367943
-1.885926 3.195012
-1.963503 3.105456
0.212324 -0.601753
0.228020 -0.240537
-0.908907 -0.536937
-0.955220 -0.579250
-2.065358 -0.143650
-1.984321 1.063594
-2.100074 -0.247745
0.219427 -0.877333
0.136975 -0.829804
-0.235405 -0.881937
-0.504536 -0.910920
-0.811252 -0.933100
-0.935564 -0.969163
-1.235576 -0.877673
-1.408660 -0.776873
-1.901510 -0.644084
-1.985498 1.056383
-2.079974 -0.616760
-2.171431 -0.576658
0.209099 -1.308477
0.188030 -1.320093
-0.903804 -1.131010
-1.192967 -1.244835
-2.239660 -0.810629
-2.265150 -0.950613
0.237784 -1.415004
0.214030 -1.987947
0.389036 1.112220
0.231531 -2.293087
0.177929 -1.820427
-0.091540 -1.949661
-0.381415 -2.008796
-0.631973 -1.947583
-0.846961 -1.658250
-1.260920 -1.549242
-1.596285 -1.773910
-1.913280 -1.772146
-2.026670 -1.755547
0.333130 1.153971
-2.295388 -1.352155
-2.339530 -1.210911
0.137865 -2.222222
-0.132206 -1.964707
-0.327772 -2.074285
-0.561533 -2.191321
-1.093265 -2.570881
-1.337585 -2.488301
-1.666658 -2.051862
-2.021938 -1.835542
0.186948 1.228465
-2.126633 -1.840106
-2.374191 -1.851885
-2.480909 -1.948864
-2.397731 -1.717367
-0.659482 -2.101484
-0.731152 -1.894424
-0.884487 -1.770938
-1.066406 -1.585194
-1.324570 -1.674570
-1.422435 -1.788318
-0.200255 1.336589
-1.528601 -1.965672
-1.437534 -2.215704
-1.360104 -2.339940
-0.980175 -2.369719
-0.834827 -2.246189
0.140315 -2.480806
0.096605 -2.541882
-1.098668 -2.802007
-1.276384 -2.764510
-2.459664 -2.094525
-0.563843 1.400928
-2.474902 -2.070918
0.082004 -2.641835
0.019761 -2.663847
-0.184085 -2.818449
-0.804159 -2.929737
-0.932006 -2.921468
-1.149681 -2.866610
-1.685544 -2.793735
-1.924578 -2.699396
-2.211664 -2.503673
-0.788357 1.510237
-2.392766 -2.297290
-2.513921 -2.207428
-0.530906 3.113173
-0.730576 2.236147
-1.214757 -2.453353
-0.790124 1.718880
-0.780417 1.959608
0.463610 2.205739
0.397034 2.217583
0.068931 2.454442
-0.649764 0.217846
-0.983156 1.418702
-0.064108 2.501074
-0.539514 3.274549
-0.536812 3.360723
-1.294490 2.714879
-1.470337 2.694791
-1.730941 2.621229
-1.862336 2.601674
-1.207542 -2.686306
-1.210592 -2.608677
-0.461598 -2.054063
-1.333448 1.386726
-0.322553 -2.060056
-0.059108 -1.961864
0.112930 -1.952529
-1.090717 -1.421003
-1.085907 -1.325992
-1.751743 -1.899545
-1.898291 -1.851209
-2.126600 -1.748505
-2.316714 -1.676486
-1.514833 1.389615
-1.919364 1.349626
-1.988301 1.390772
0.451281 1.488641
0.469933 1.543762
-0.687583 1.736560
-0.806004 1.744064
-1.962639 1.629071
-0.612564 0.275936
-1.992840 1.635530
0.509060 1.624910
0.459990 2.109651
0.283503 2.309233
0.091240 2.409492
-0.233421 2.310564
-0.535053 2.129208
-0.916873 2.225095
-1.102815 2.463331
-1.533367 2.624319
-0.804692 0.611041
-1.718862 2.582182
-1.897059 2.467947
-1.997249 2.009277
0.605216 2.233155
0.712956 2.494413
0.566561 2.373750
0.337777 2.402915
0.177672 2.523208
-0.270111 2.871808
-0.457131 3.014714
-0.931491 0.607644
-0.747434 3.100471
-1.214782 2.793404
-1.519631 2.684574
-1.686853 2.648404
-1.919556 2.706034
-2.071262 2.737437
-1.951783 2.540915
-0.314302 2.526630
-0.389370 2.423803
-0.463344 2.294496
-1.150989 0.367120
-0.884044 2.405890
-0.960944 2.494191
-0.873376 2.854515
-1.050953 2.690200
-0.814023 2.934818
-0.463692 2.902859
-0.424124 2.851198
0.704635 2.655502
0.710125 2.634531
-0.562009 3.317182
-1.177608 0.310343
-0.694230 3.367026
-2.006909 2.944099
-1.999152 3.023721
0.715616 2.766789
0.668209 2.849502
0.320019 3.195340
0.256979 3.230657
0.023954 3.345120
-0.519902 3.437241
-0.845635 3.477758
