419 2
0.218921 0.930982
0.254641 0.890780
0.571050 0.936118
-2.965591 -0.395533
-3.009239 0.260362
-2.973704 0.545935
-2.934632 0.702086
0.532217 1.990237
0.549879 1.992873
1.260159 1.313519
1.198161 1.209535
1.205901 0.227339
0.966271 0.203741
0.544332 0.992245
0.834317 2.221490
0.837927 2.156891
1.065146 1.937070
1.189797 1.693803
1.313965 1.522970
1.452529 1.391577
1.502580 1.189670
1.500021 0.748453
1.521787 0.598082
1.466377 0.251722
0.201872 1.716031
1.454281 0.215222
1.133484 2.427593
1.094989 2.395729
1.669544 1.482376
1.711778 1.349763
1.915201 0.246748
1.986291 0.256037
1.396580 2.593531
1.709208 2.794532
1.911833 2.990538
0.168712 1.656619
1.656120 2.620813
1.997834 2.590741
2.153728 2.476831
2.268684 1.952255
2.001920 1.627620
2.210145 1.372184
2.525200 1.199921
2.627469 0.833402
2.591611 0.553948
2.510822 0.389273
0.135237 1.363197
2.288153 0.294678
1.912099 2.812795
2.002291 2.674501
2.168456 2.491805
2.577468 2.189466
2.919702 2.059920
3.069801 1.810227
2.787829 1.240347
2.689447 0.918017
2.689892 0.608021
0.200772 1.249324
2.759826 0.454921
3.040482 0.383050
2.639650 0.368262
2.403363 2.114475
2.268709 1.810990
2.195735 1.720525
2.190804 1.597943
2.374981 1.440091
2.471811 1.425306
2.622284 1.349156
-0.047417 1.553714
2.782688 1.484567
2.832792 1.632111
2.738363 1.925511
2.684578 2.073615
2.046576 3.032088
2.072838 3.052896
3.100050 2.086089
3.196129 1.842577
3.145170 0.516448
3.207654 0.390914
0.011772 1.397862
2.179718 3.087600
2.349998 3.020165
2.554446 2.930141
2.860741 2.669892
3.037735 2.446354
3.212192 1.987655
3.402381 1.488897
3.454211 1.313655
3.403715 0.792184
3.327404 0.655439
0.028432 1.386930
3.238847 0.475499
-2.399158 -0.600798
-1.711270 -0.168093
2.911382 1.880007
2.543603 1.630324
0.365644 0.899787
-2.144714 -0.498673
-1.460920 0.000582
-1.518527 -0.047373
-1.275663 -1.082776
0.150394 1.228265
-1.390641 -1.008267
-1.628735 -0.935575
-1.725330 -0.828937
-2.609304 -0.758189
-2.669176 -0.774973
-2.359587 0.120708
-2.328400 0.313852
-2.340697 0.461691
-2.204811 0.685619
3.124702 2.020382
0.405620 0.826416
0.479805 0.551990
3.112267 1.905528
2.248114 2.339969
2.159103 2.476889
2.020641 2.589590
1.859691 2.699510
1.894298 1.459934
1.751994 1.411375
2.634988 1.089316
2.705526 0.897912
2.671829 0.570607
0.497837 0.338150
2.673201 0.429927
0.302723 1.011984
0.232282 0.869625
0.389971 0.802896
0.412031 0.916990
0.379180 1.164102
0.171224 1.079520
0.008070 0.835810
0.160744 0.708128
0.395992 0.623849
0.451468 0.250321
0.489532 0.692983
0.803597 1.081995
0.752767 1.155556
0.127972 1.712777
0.141885 1.619633
0.124158 1.481502
0.228385 1.235325
-0.010899 1.502773
-0.043244 1.490428
0.091824 1.410007
0.245766 0.261877
0.193006 1.270065
0.479352 0.473928
0.471068 0.295165
0.360415 0.272344
0.307844 0.238378
0.506135 0.499373
0.539173 0.364235
0.528512 0.208277
0.650304 0.193725
-0.465285 0.324849
0.517766 0.496449
-0.337772 0.893611
-0.567056 0.494795
-0.690799 0.434971
-0.096654 0.358225
-0.295125 0.429163
-0.636501 -0.291877
-0.614071 -0.034465
-0.715644 0.003393
-0.803950 0.049409
-0.944494 0.120127
0.561087 0.338102
-1.184185 0.155574
-1.069789 0.324877
-1.078460 0.424991
-1.012385 0.574273
-0.992074 0.635718
-1.115175 0.677500
-0.758767 -0.561003
-0.813998 -0.603708
-1.295360 0.018421
-1.363296 0.092946
0.692325 0.246488
-1.689901 0.744931
-1.542807 0.746813
-0.914581 -0.817051
-1.138717 -0.974114
-1.343289 -1.010115
-1.531512 -0.927770
-1.665484 -0.693603
-1.501787 -0.174534
-1.662390 0.023260
-2.148663 0.125610
0.733412 0.188770
-2.390180 0.372600
-2.345603 0.575918
-2.287469 0.679864
-1.909760 0.776101
-1.149006 -1.114606
-1.294190 -1.407286
-1.331892 -1.248983
-1.325942 -1.126975
-1.581618 -0.985023
-1.842959 -0.857193
-0.393157 0.465451
-2.503517 -0.749196
-2.551795 -0.547935
-2.486276 -0.089807
-2.438063 0.308354
-2.434496 0.512102
-2.506010 0.689340
-2.662906 0.789243
-2.312642 0.784754
-1.826211 -0.719382
-1.738068 -0.489064
-0.402810 0.399193
-1.732301 -0.378929
-1.925801 -0.061497
-2.038005 -0.043948
-2.441680 -0.276943
-2.258630 -0.039489
-2.492337 -0.441865
-2.307339 -0.728838
-2.054376 -0.770038
-1.390629 -1.489964
-1.401739 -1.516235
0.388772 0.915852
-0.328528 0.583344
-2.628269 -0.831302
-2.668944 -0.736754
-2.834884 0.731360
-2.870494 0.720737
-1.450071 -1.578959
-1.533821 -1.617202
-1.995414 -1.510595
-2.345912 -1.363303
-2.655102 -1.030866
-2.762610 -0.804708
-0.644395 0.464089
-2.861158 -0.633110
-3.020671 0.016024
-3.007923 0.335623
-2.949175 0.614708
-2.933491 0.671636
0.549242 2.023263
0.668629 2.073159
0.971099 1.230844
0.954528 1.166578
1.101615 0.190748
-0.160221 0.385885
1.005601 0.186922
0.818310 2.193600
0.925318 2.197745
1.023098 1.990479
1.176511 1.696947
1.264536 1.477260
1.463134 1.343966
1.465179 1.179754
1.507864 0.812831
1.523501 0.554278
-0.362353 0.474897
1.559768 0.285165
1.640395 0.226701
1.137588 2.427047
1.199987 2.450463
1.751119 1.495394
1.678679 1.394259
2.000899 0.265595
2.042073 0.267383
1.366354 2.568115
1.736813 2.756416
-0.520277 -0.031376
1.856169 2.895891
1.612499 2.587067
1.902077 2.498704
2.105982 2.346781
2.152529 2.092010
2.029084 1.684122
2.111164 1.430040
2.478230 1.277007
2.768075 0.863354
2.718086 0.610634
-0.594344 -0.083241
2.570387 0.406014
2.368103 0.321127
1.848558 2.742104
1.921859 2.580128
2.222134 2.394892
2.395339 2.286884
2.952363 2.070579
2.990790 1.786138
2.837379 1.156929
2.769813 0.843046
-0.732638 0.019575
2.806213 0.645762
2.886635 0.483633
2.990867 0.362349
2.684704 0.352257
2.431266 2.138352
2.229165 1.941264
2.190435 1.781089
2.074246 1.542300
2.275885 1.457754
2.351692 1.401169
-0.820972 0.061969
2.617463 1.313697
2.839446 1.511817
2.890183 1.704087
2.764099 2.064601
2.653513 2.086014
2.032586 3.040909
1.986426 2.982579
3.108776 2.086213
3.205807 1.919760
3.063370 0.481473
-0.969941 0.138873
3.160372 0.395033
2.185923 3.064559
2.294509 3.039693
2.639246 2.886453
2.883375 2.669369
2.990820 2.514812
3.229510 1.945245
3.365701 1.637324
3.459270 1.252638
3.442308 0.900098
-1.131028 0.191989
3.308684 0.544687
3.278615 0.482995
-2.466013 -0.632977
-1.671024 -0.189859
2.949998 1.884061
-1.391116 0.048264
-1.518268 -0.031814
-1.254555 -1.120443
-1.391188 -0.997234
-1.566333 -0.954697
0.310786 1.068143
-1.103950 0.328282
-1.706794 -0.862792
-2.543024 -0.712784
-2.656734 -0.787452
-2.400677 0.205249
-2.359455 0.307216
-2.387415 0.482346
-2.360600 0.639314
3.144356 1.995856
3.082948 1.976385
2.265323 2.299038
-1.079416 0.439975
2.199903 2.374331
1.967376 2.537999
1.890288 2.623947
1.821263 1.447702
1.697643 1.435632
2.703753 1.080932
2.752623 0.831787
2.782548 0.733315
2.733171 0.478567
-1.013473 0.589406
-0.962339 0.646850
-0.924236 0.615566
-0.789272 -0.654451
-0.854685 -0.766276
-1.416203 -0.017945
-1.362819 0.098176
-1.350527 0.719229
0.222616 1.037903
-1.461644 0.731388
-0.933734 -0.889373
-1.040103 -0.928986
-1.381690 -1.014604
-1.624706 -0.854791
-1.736788 -0.659373
-1.684245 -0.311402
-1.669454 -0.031709
-2.206144 0.097584
-2.293968 0.269307
0.085831 0.797850
-2.237375 0.520405
-2.113414 0.714410
-2.028546 0.782901
-1.067767 -1.148991
-1.262978 -1.398751
-1.270138 -1.244849
-1.404564 -1.040507
-1.623450 -0.931543
-1.894338 -0.836717
-2.376336 -0.808009
0.140801 0.749991
-2.552758 -0.566605
-2.384140 -0.068690
-2.396131 0.286456
-2.297213 0.495727
-2.429256 0.748543
-2.499188 0.826072
-2.287661 0.806341
-1.864871 -0.722692
-1.816404 -0.562640
-1.741928 -0.358057
0.364346 0.723268
-1.896693 -0.121087
-2.034362 -0.087622
-2.435075 -0.297025
-2.230015 -0.121397
-2.422374 -0.445363
-2.084687 -0.736336
-2.003503 -0.757430
-1.418800 -1.517315
-1.375972 -1.474419
-2.687200 -0.891393
0.470052 0.715419
-2.690920 -0.764372
-2.888636 0.700956
-2.760510 0.783427
-1.484582 -1.570509
-1.602835 -1.546380
-1.989138 -1.504311
-2.392306 -1.319944
-2.628367 -1.084573
-2.744080 -0.853154
-2.844102 -0.685642
