419 2
-0.044268 0.160845
-0.029690 0.355947
0.329592 0.080757
-1.598350 2.890884
-1.364914 2.957226
-0.756950 2.957783
-0.672749 2.925547
-0.284088 -0.920435
-0.300797 -0.887239
0.644653 -0.259898
0.799291 -0.291948
1.369813 0.647517
1.297375 0.705426
0.276911 0.021903
-0.020758 -1.205110
0.091527 -1.150967
0.237247 -1.085113
0.468175 -0.905854
0.818172 -0.655971
0.996327 -0.559229
1.144269 -0.325198
1.223904 -0.083197
1.376309 0.176962
1.524198 0.425289
-0.519188 -0.683584
1.543376 0.497045
0.135511 -1.435626
0.255374 -1.567299
1.094486 -0.780755
1.303623 -0.690054
2.067468 0.207895
2.055901 0.215616
0.376160 -1.684856
0.730461 -1.974419
0.932066 -2.292186
-0.483039 -0.591206
0.763748 -1.897572
0.993498 -1.863372
1.119653 -1.732460
1.397449 -1.409726
1.332649 -1.048091
1.476422 -0.879116
2.059975 -0.849923
2.271794 -0.586002
2.385093 -0.332278
2.321335 -0.017333
-0.448766 -0.376994
2.191662 0.129421
0.919602 -2.132781
1.012531 -1.949674
1.152539 -1.838854
1.578478 -1.675391
2.123922 -1.721413
2.206282 -1.538402
2.228430 -0.971160
2.313370 -0.668988
2.478279 -0.338854
-0.298567 -0.133485
2.534675 -0.266806
2.673421 -0.192455
2.467258 -0.060961
1.538384 -1.556806
1.475217 -1.304941
1.466757 -1.273734
1.532940 -1.048211
1.683857 -0.976324
1.913794 -0.954877
2.095172 -1.047132
-0.878013 -0.401314
2.132016 -1.203064
2.108845 -1.323285
1.911255 -1.612771
1.784320 -1.628134
1.054752 -2.375118
1.104088 -2.387437
2.320367 -1.811238
2.487549 -1.708078
2.827902 -0.322712
2.781282 -0.296001
-0.703881 -0.432856
1.120099 -2.430838
1.331530 -2.433335
1.746528 -2.379095
2.004440 -2.269749
2.285384 -2.020244
2.457649 -1.834295
2.559426 -1.694180
2.751723 -1.392465
2.890847 -0.875744
2.904449 -0.568978
-0.484975 -0.259471
2.898092 -0.450865
-1.815876 2.198159
-1.298802 1.575353
2.097415 -1.544856
1.822398 -1.231263
0.169423 0.203094
-1.587058 1.924629
-0.978195 1.263959
-1.127812 1.424107
-2.112300 0.849823
-0.279368 -0.063890
-2.074251 0.963993
-2.037613 1.135015
-1.971003 1.341972
-1.974538 2.320160
-2.062514 2.371424
-1.069364 2.259798
-0.893160 2.355732
-0.736127 2.412738
-0.498143 2.455557
2.356461 -1.722912
0.121905 0.383585
0.409380 0.653523
2.189576 -1.714563
1.380532 -1.686612
1.167505 -1.783305
0.992101 -1.946305
0.887751 -1.954718
1.330127 -0.865613
1.209428 -0.742095
2.192688 -0.843009
2.321407 -0.597637
2.394877 -0.385066
0.611110 0.906998
2.421153 -0.214416
-0.001837 0.118623
0.058328 0.310710
0.133464 0.332416
0.131034 0.218485
-0.034804 0.045729
-0.171252 0.062178
-0.139706 0.417568
-0.028903 0.562932
0.212311 0.538730
0.717423 1.015701
0.270632 0.450264
0.245276 0.085816
0.250571 -0.038464
-0.594790 -0.668542
-0.512862 -0.585727
-0.433772 -0.367989
-0.304154 -0.154235
-0.785882 -0.500445
-0.746792 -0.381016
-0.471812 -0.286395
0.657864 1.182470
-0.337799 -0.133621
0.434261 0.701058
0.627088 0.919565
0.662769 1.100537
0.673929 1.176359
0.476669 0.701430
0.674310 0.832540
0.863522 0.884614
0.955367 0.920215
-1.109057 -0.176579
0.437263 0.631391
-0.962172 -0.293573
-0.521413 0.770264
-0.465043 0.927612
0.316375 1.587440
0.393417 1.513654
-1.314890 0.010575
-1.312425 0.121677
-1.178680 0.371700
-1.009257 0.677104
-0.902006 0.898892
0.593607 0.784301
-0.775700 1.039433
-0.443660 1.259484
-0.328711 1.343632
-0.109681 1.508505
0.164941 1.662468
0.181289 1.794277
-1.520586 0.179051
-1.545978 0.191691
-0.983737 1.103770
-0.948485 1.276231
0.857460 0.917572
-0.070295 2.081647
-0.014405 2.058441
-1.864231 0.414484
-1.995435 0.664612
-2.054409 0.981671
-1.973161 1.193453
-1.766951 1.382487
-1.396702 1.385781
-1.130442 1.599701
-1.048574 2.106874
0.966494 0.909063
-0.876130 2.403766
-0.631367 2.453721
-0.423776 2.397652
-0.178975 2.287822
-2.210220 0.670340
-2.416660 0.808099
-2.246368 0.845421
-2.147566 0.998277
-2.019484 1.277067
-1.993253 1.650086
-1.094172 -0.195679
-2.032767 2.157675
-1.812862 2.355842
-1.243721 2.350887
-0.887985 2.431266
-0.686835 2.547478
-0.552422 2.660348
-0.523560 2.744801
-0.374716 2.490333
-1.837180 1.511412
-1.725726 1.501345
-0.970842 -0.255559
-1.479710 1.484471
-1.216554 1.716501
-1.231508 1.983355
-1.426167 2.273147
-1.220673 2.162028
-1.711457 2.277548
-1.937818 1.882279
-1.929693 1.729061
-2.554203 0.912286
-2.637968 1.019853
0.136027 0.235895
-0.282243 0.544217
-2.114165 2.319942
-2.017539 2.467614
-0.638279 2.859459
-0.616528 2.850916
-2.633675 1.006678
-2.658783 1.147262
-2.623279 1.537896
-2.513373 2.096781
-2.302348 2.347305
-2.101614 2.509809
-0.359357 0.692930
-1.998164 2.670196
-1.604217 2.901722
-1.365090 2.956969
-0.788016 2.959443
-0.666489 2.892394
-0.253416 -0.983083
-0.228412 -1.003268
0.453909 -0.229678
0.498799 -0.147936
1.268811 0.696293
0.448241 1.460798
1.293077 0.701692
0.008339 -1.256325
0.107005 -1.160544
0.268141 -1.069563
0.502696 -0.875573
0.678580 -0.704540
1.024522 -0.527362
1.068422 -0.352627
1.253412 -0.038743
1.361340 0.129376
0.516299 1.393448
1.504084 0.420987
1.546197 0.509021
0.206355 -1.479301
0.212081 -1.430143
1.109985 -0.739346
1.214606 -0.631937
1.931857 0.282568
1.942212 0.284111
0.352275 -1.649496
0.746703 -2.048503
-1.349685 0.022216
0.906162 -2.247635
0.584468 -1.834412
0.921084 -1.920238
1.133788 -1.832352
1.340458 -1.530686
1.291572 -0.996425
1.438029 -0.793659
2.048201 -0.769617
2.259294 -0.540711
2.284047 -0.300868
-1.279911 0.223627
2.272321 -0.163060
2.261852 0.076538
0.928649 -2.206821
1.004112 -1.973500
1.202715 -1.890321
1.654649 -1.737346
2.046352 -1.750477
2.285366 -1.546880
2.221728 -0.902559
2.290500 -0.562225
-1.191277 0.336489
2.318329 -0.412219
2.565310 -0.206953
2.690925 -0.149443
2.436667 -0.064317
1.520226 -1.615181
1.448568 -1.411360
1.452505 -1.247974
1.499975 -0.981996
1.667729 -0.927461
1.866842 -0.944334
-1.072962 0.546443
2.144682 -0.924541
2.179907 -1.174496
2.145919 -1.301419
1.952345 -1.630000
1.748107 -1.654770
1.058946 -2.399968
1.075161 -2.399266
2.270918 -1.879137
2.499750 -1.708692
2.862781 -0.378948
-0.913888 0.851512
2.776885 -0.293041
1.235182 -2.506575
1.399704 -2.446728
1.788486 -2.375298
2.023889 -2.237137
2.269441 -2.014460
2.440053 -1.839692
2.631480 -1.601833
2.731821 -1.453914
2.885117 -0.883577
-0.840707 1.092706
2.898425 -0.568600
2.902294 -0.450796
-1.869007 2.220264
-1.274442 1.512995
2.079316 -1.566516
-0.998542 1.232416
-1.091924 1.338674
-2.127819 0.812724
-2.083292 0.951450
-2.018008 1.207971
-0.056615 0.069328
-0.493758 1.164053
-1.966793 1.341177
-1.979594 2.283352
-2.058630 2.371117
-1.034138 2.280379
-0.950993 2.367497
-0.588851 2.451372
-0.516733 2.490901
2.339546 -1.725706
2.261550 -1.734562
1.355938 -1.709461
-0.314316 1.337018
1.230673 -1.798824
0.958601 -1.923235
0.828413 -1.991526
1.277478 -0.802333
1.214067 -0.741752
2.236047 -0.687628
2.231526 -0.555317
2.364762 -0.364292
2.434958 -0.219064
-0.122400 1.497336
0.099663 1.803301
0.186203 1.790565
-1.581172 0.234605
-1.643454 0.296451
-1.050061 1.242046
-0.963278 1.353888
0.003080 1.984154
-0.138014 0.157112
0.024143 1.995390
-1.897164 0.435763
-1.941450 0.556689
-2.078830 0.977450
-2.054849 1.110595
-1.762637 1.383621
-1.245866 1.374131
-1.101954 1.549626
-1.071446 2.130429
-0.865355 2.268851
-0.169178 0.349667
-0.710985 2.341843
-0.273265 2.327692
-0.140837 2.228904
-2.171331 0.655212
-2.403822 0.774506
-2.242321 0.782944
-2.104604 0.982214
-2.005789 1.187464
-1.956963 1.513378
-1.997189 2.202807
-0.106224 0.473376
-1.815689 2.333229
-1.360384 2.298430
-0.918599 2.363541
-0.754028 2.401384
-0.507598 2.623430
-0.445276 2.696386
-0.309595 2.528576
-1.843671 1.586114
-1.686245 1.516521
-1.484949 1.460309
0.140666 0.441339
-1.251865 1.762978
-1.274167 1.955625
-1.483212 2.250839
-1.287385 2.184257
-1.699066 2.240455
-1.892040 1.912712
-1.880005 1.752610
-2.541849 0.877673
-2.518704 0.874200
-2.100777 2.366584
0.269630 0.361934
-2.002066 2.445738
-0.622087 2.896107
-0.596133 2.862093
-2.604809 0.965343
-2.622513 1.086527
-2.617608 1.620862
-2.505202 2.059006
-2.326898 2.347647
-2.146720 2.477914
-1.905751 2.676247
