1005 2
0.326509 -2.403364
0.792599 -2.367270
1.242660 -2.257306
1.350006 -0.375252
-1.330881 0.025423
-2.145844 -1.385765
-1.530830 -1.417706
-1.609669 -0.746824
-2.194898 -0.750172
1.748492 -0.280161
1.930663 -0.110532
2.073367 -0.094777
2.099458 -0.117386
2.100525 -0.146410
2.110874 -0.113935
1.370973 -0.165484
1.564555 -0.114858
1.173875 -0.298058
0.658305 -2.512080
1.718782 0.029576
1.828545 0.163732
2.040630 0.086946
2.061664 0.116267
2.170107 0.067093
2.183596 0.400243
2.079098 0.101270
0.962183 -0.085844
1.268529 0.093322
1.488056 0.157550
1.152509 -2.461878
0.971912 -0.265837
1.602298 0.327386
1.790226 0.418209
1.930734 0.584236
2.002808 0.625746
1.938924 0.717096
1.127512 0.206391
1.338072 0.441903
1.153309 0.445874
1.327037 0.838027
1.408186 -2.271226
0.991821 0.037828
1.020330 0.237275
1.474042 0.643212
1.441088 0.871942
1.611665 0.810253
1.525649 0.968115
1.799321 0.882403
1.655442 1.137165
1.817002 0.926948
1.713556 1.129378
0.913543 -2.583418
1.979516 0.871873
1.805297 0.984296
1.735325 1.108374
1.160847 1.041401
1.235178 1.045323
1.026491 0.378620
1.281101 1.214719
1.368557 1.398794
1.503243 1.376717
1.560117 1.413580
1.350987 -2.456081
1.902198 1.001316
1.579055 1.334616
1.537312 1.499411
1.068932 1.421455
1.083979 1.460056
1.138352 1.627072
1.159768 1.674648
1.342456 1.640539
1.381423 1.701653
1.470407 1.495437
1.448246 -2.379747
1.375163 1.793352
0.975883 1.643822
0.973788 1.721842
1.015272 1.727470
1.069447 1.799093
1.108521 1.869561
1.296719 1.862121
1.389036 1.599544
1.285045 1.892262
0.773709 1.941245
1.026770 -2.625530
0.808902 1.912481
0.888929 1.941522
0.931008 1.999978
0.925422 2.116988
1.050732 2.067893
1.045028 2.011149
1.082371 2.105559
0.592249 2.086738
0.634965 2.075392
0.669335 2.134463
1.367895 -2.432099
0.730924 2.186349
0.766608 2.256906
0.832014 2.313699
0.797735 2.227793
0.816693 2.331423
0.509722 2.154172
0.473877 2.194548
0.497373 2.220815
0.431369 2.377496
0.521143 2.435830
1.502742 -2.363237
0.535873 2.488401
0.455225 2.571629
0.115926 2.354023
0.296670 2.293591
0.309239 2.370449
0.240682 2.444357
0.348840 2.528223
0.283279 2.645668
0.518722 2.443298
0.203899 2.707569
0.779904 -2.261404
1.250404 -2.690795
-0.186150 2.406518
-0.113365 2.455690
-0.055405 2.498895
0.051298 2.544108
-0.050083 2.683974
-0.044652 2.765857
0.129423 2.645521
-0.015119 2.788260
-0.597551 2.437607
-0.554332 2.476383
1.361906 -2.416907
-0.260513 2.553110
-0.418251 2.721328
-0.286960 2.783993
-0.236506 2.843382
-0.204181 2.785717
-0.240040 2.862552
-1.156033 2.286145
-0.829977 2.502723
-1.178311 2.154790
-0.772313 2.635327
1.501540 -2.356887
-0.676486 2.775403
-0.598401 2.874383
-0.543911 2.919698
-0.548117 2.915099
-0.678592 2.971713
-1.654047 2.083551
-1.307951 2.566254
-1.687917 1.829161
-1.243341 2.647552
-1.166109 2.818909
1.185849 -2.449290
-0.944228 2.964122
-0.935803 2.996931
-0.887565 3.071517
-1.109837 3.109701
-0.864438 3.004208
-1.928738 1.777710
-1.845636 2.126040
-1.618391 2.381443
-1.801908 1.737954
-1.488766 2.555190
1.217729 -2.460757
-1.476735 2.812331
-1.280648 3.000025
-1.136605 3.024713
-1.168078 3.002824
-1.819287 2.072192
-1.683428 2.297556
-1.765418 2.077868
-1.623057 2.280445
-1.945399 1.762453
-1.888097 1.867143
1.195501 -2.069601
-1.558799 2.497145
-1.545805 2.379508
-1.460732 2.672707
-1.437123 2.605519
-1.386866 2.822884
-1.408793 2.723192
-1.257805 2.904835
-1.285392 2.789324
-1.444080 2.987144
-1.241070 2.947734
1.356379 -2.037280
-1.270371 2.783691
-1.617087 2.114964
-1.553148 2.238633
-1.830079 1.875441
-1.475629 2.344532
-1.387556 2.417701
-1.292190 2.531551
-1.231527 2.619781
-1.459585 2.902173
-1.298673 2.652607
0.420428 -2.304418
-1.240732 2.665517
-1.520224 2.174512
-1.443963 2.162334
-1.383087 2.190843
-1.345494 2.318291
-1.219146 2.416801
-1.169512 2.520998
-1.231135 2.515025
-1.154337 2.539136
-1.389137 2.027591
1.428132 -2.062169
-1.357073 2.047739
-1.342758 2.112175
-1.226450 2.147470
-1.102240 2.221659
-1.021626 2.281327
-1.153649 2.323808
-0.999575 2.331003
-1.295444 1.857651
-1.249546 1.889778
-1.187085 1.911098
1.484542 -2.199833
-1.116521 2.011303
-1.023539 2.049333
-0.964738 2.148066
-1.007985 2.131573
-0.923884 2.172032
-1.227207 1.771982
-1.201121 1.779738
-1.152401 1.820602
-1.050473 1.913502
-0.949092 1.949988
1.081921 -2.248480
1.566965 -2.165003
-0.901428 2.025130
-0.902119 1.995206
-0.876782 2.069384
-1.166256 1.617671
-1.145879 1.654735
-1.087370 1.644607
-0.975862 1.760637
-0.917804 1.852558
-0.805586 1.838839
-0.768891 1.897878
1.635791 -2.205875
-1.129775 1.456286
-1.089964 1.445422
-1.014812 1.528453
-0.925104 1.631379
-0.779018 1.688696
-0.712222 1.654100
-0.817303 1.783084
-0.695432 1.754560
-1.082246 1.353930
-1.047731 1.302115
1.353464 -2.650861
-0.926229 1.361032
-0.820026 1.413598
-0.712265 1.510252
-0.644006 1.512580
-0.766970 1.647588
-0.590894 1.512934
-1.066249 1.039486
-0.986274 1.076244
-0.900082 1.141654
-0.786990 1.234923
1.537980 -2.300112
-0.653206 1.369147
-0.586736 1.382228
-0.643701 1.432487
-0.517318 1.358590
-1.039478 0.761655
-0.952285 0.922090
-1.217562 0.619807
-0.803215 0.963100
-0.735842 1.068313
-0.518153 1.179832
1.665891 -2.242225
-0.480214 1.180269
-0.546611 1.272083
-0.436592 1.144445
-1.066628 0.591109
-0.941767 0.662524
-1.266351 0.508637
-0.754219 0.828016
-0.648360 0.883087
-0.400289 0.990785
-0.373149 0.953393
1.381038 -1.920009
-0.329155 1.104062
-0.195331 0.994181
-0.331336 0.870931
-1.216203 0.276440
-0.944102 0.429176
-0.779416 0.429844
-1.208738 0.439332
-0.628454 0.435086
-0.471219 0.667099
-0.188958 0.670003
1.445208 -1.909643
-0.189273 0.710891
-0.205076 0.726138
-0.803570 0.239589
-0.665160 0.304425
-0.562417 0.028834
-0.541520 0.125265
-1.095882 0.197407
-0.982557 0.101249
-0.474301 0.283295
-0.331157 0.074566
1.551062 -1.915276
-0.275722 0.296558
-0.175645 0.101034
-0.158834 0.353982
-0.072303 0.118070
-0.127059 0.439699
-0.009097 0.161067
-0.041731 0.544360
-0.132758 0.551200
0.047098 0.130996
-0.447518 -0.096806
1.657484 -1.957267
-0.409761 -0.068037
-0.934590 0.035237
-0.170404 -0.162467
-0.050967 -0.103959
0.042537 -0.102063
0.094758 -0.055953
0.013217 0.384474
0.064119 -0.055720
0.175251 -0.152621
-0.165919 -0.451449
1.765528 -1.944141
-0.142655 -0.421374
-0.029833 -0.368534
0.030468 -0.244916
0.111239 -0.273478
0.182478 -0.285636
0.104780 -0.235052
0.213305 -0.287203
-0.043223 -0.608505
0.070438 -0.832086
0.101643 -0.772798
-0.120436 -2.414903
1.809997 -2.001941
0.190543 -0.624847
0.259535 -0.598267
0.316677 -0.590226
0.198601 -0.426597
0.257752 -0.408152
0.144731 -1.062034
0.165250 -1.041612
0.194558 -1.030388
0.265507 -0.978442
0.365340 -0.843157
1.642740 -2.169846
0.400110 -0.822042
0.338402 -0.764306
0.463733 -0.916609
0.211060 -1.281110
0.232701 -1.291657
0.266858 -1.220045
0.382592 -1.207517
0.435307 -1.108866
0.496213 -1.121348
0.420195 -1.014732
1.873234 -1.945337
0.551931 -1.159386
0.248383 -1.473903
0.280929 -1.443886
0.364004 -1.392988
0.412412 -1.340969
0.501240 -1.342036
0.567717 -1.325362
0.584157 -1.266766
0.275747 -1.602529
0.288044 -1.555532
1.498264 -1.808369
0.377544 -1.619927
0.484730 -1.556921
0.599918 -1.573479
0.626787 -1.558781
0.581401 -1.506960
0.672819 -1.596383
0.291420 -2.062749
0.345472 -1.915592
0.460926 -1.800281
0.556148 -1.833590
1.634729 -1.668176
0.632022 -1.719696
0.696254 -1.751448
0.637429 -1.666497
0.751787 -1.791415
0.219717 -2.140450
0.355683 -2.101059
0.528714 -2.047440
0.625490 -1.984672
0.718102 -2.027008
0.779518 -1.963230
1.700027 -1.707765
0.681010 -1.835603
0.811234 -1.906865
0.098014 -2.260727
0.399315 -2.254814
-0.135122 -2.261091
0.562954 -2.166022
0.666193 -2.236157
0.815667 -2.270865
0.876943 -2.186883
0.779766 -2.147288
1.779989 -1.743351
0.897601 -2.100309
0.160204 -2.383003
0.424653 -2.363895
-0.001738 -2.343636
0.647314 -2.345639
0.735759 -2.359802
0.843795 -2.324528
1.049850 -2.352668
0.902253 -2.448897
0.972765 -2.616697
1.842131 -1.785469
1.014303 -2.327628
0.013204 -2.376290
-1.820555 -1.095533
-1.839996 -1.060001
-1.706103 -1.432108
-1.782203 -1.479594
-1.511279 -1.035618
-1.528225 -1.042694
-1.862065 -0.752067
-1.878854 -0.779165
1.935282 -1.752668
-2.117094 -1.140439
-2.129317 -1.174650
-1.982414 -1.405164
-1.565256 -1.255065
-1.644866 -0.827996
-2.042993 -0.861731
-2.005287 -1.374214
-1.590873 -1.278492
-1.654035 -0.802433
-2.078910 -0.876762
1.789426 -1.964243
-1.895708 -1.097430
-1.828665 -1.397856
-1.535234 -1.071970
-1.885052 -0.820015
-2.167435 -1.095414
-2.059902 -1.274841
-1.642164 -1.307741
-1.713165 -0.877365
-2.075809 -0.895283
-1.782818 -1.056017
0.303177 -2.484496
1.955372 -1.799073
-1.764172 -1.376827
-1.587703 -1.079341
-1.891492 -0.884759
-2.131540 -1.077870
-1.972507 -1.237848
-1.677093 -1.254767
-1.678713 -0.947056
-2.033619 -0.947188
-1.838510 -1.014958
-1.681061 -1.707285
1.695248 -1.436713
-1.702737 -1.654838
-1.949902 -1.576799
-1.606086 -1.527588
-1.882289 -1.563079
-1.534925 -1.509391
-1.633944 -1.684608
-1.908326 -1.484316
-1.556556 -1.515917
-1.796069 -1.537714
-1.586012 -1.855057
1.716636 -1.529004
-1.561353 -1.831059
-1.948746 -1.755210
-1.346756 -1.714004
-1.813804 -1.756545
-1.465059 -1.622958
-1.573869 -1.910104
-1.605714 -1.942047
-1.260332 -2.007751
-1.343134 -2.099600
-1.593376 -1.835635
1.757977 -1.575169
-1.944736 -1.812793
-1.328801 -2.055880
-1.389669 -1.725301
-1.228919 -1.964633
-1.473182 -2.077977
-1.488884 -2.120512
-0.939404 -2.231517
-1.181519 -2.210291
-0.960623 -2.178274
-0.943541 -2.129829
1.832075 -1.557554
-1.172076 -2.293739
-1.379377 -2.206098
-0.628827 -2.332104
-0.682526 -2.429176
-0.660949 -2.287252
-0.687022 -2.296342
-0.848891 -2.460097
-0.944283 -2.472923
-0.457469 -2.407414
-0.403967 -2.523712
1.951735 -1.548841
-0.289834 -2.367082
-0.479531 -2.363216
-0.527181 -2.564903
-0.643398 -2.565285
-0.091731 -2.548590
-0.203815 -2.675306
-0.373694 -2.658324
0.310607 -2.649400
0.395611 -2.924005
0.347468 -2.967980
2.010023 -1.592468
0.518315 -2.710985
0.564269 -2.841885
0.529631 -3.033229
0.532660 -3.154219
0.687794 -3.337031
0.686075 -3.250587
0.775526 -3.507116
0.753273 -3.399660
0.880500 -3.529979
0.917110 -3.606249
1.917642 -1.660802
0.757645 -2.725852
0.700492 -2.997570
0.764775 -3.151012
0.856062 -3.341019
0.920739 -3.487113
0.956473 -3.591248
1.010614 -3.641266
0.883933 -2.833400
0.941217 -3.029288
0.931390 -3.272142
2.034089 -1.648478
0.989428 -3.391078
1.066465 -3.526105
1.074187 -3.624995
1.135881 -3.691467
1.054731 -2.880619
1.117440 -3.019799
1.126614 -3.208249
1.150454 -3.414539
1.170461 -3.583242
1.206110 -3.660783
1.727429 -1.337022
1.212800 -3.710912
1.160872 -2.723328
1.183227 -2.936162
1.099785 -3.030318
1.160421 -3.017900
1.198536 -3.110159
1.212983 -3.322933
1.146813 -3.245323
1.184506 -3.302034
1.220812 -3.529133
0.492338 -2.517081
1.791201 -1.275736
1.178477 -3.464976
1.189612 -3.524384
1.255889 -3.587501
1.191086 -3.597010
1.214321 -3.668280
1.251294 -3.628883
1.206437 -3.683975
1.228070 -3.705273
1.201796 -2.624279
1.215395 -2.904211
1.826399 -1.370682
1.223966 -3.049122
1.244425 -3.233149
1.266490 -3.406124
1.286164 -3.520785
-1.249488 -0.950564
-1.336917 -0.975863
-1.362856 -1.204815
-1.452345 -0.857974
-1.365649 -1.164942
-1.443433 -0.819561
1.903439 -1.320712
-1.347515 -0.977259
-1.405820 -1.233792
-1.461238 -0.886362
-1.336146 -0.995517
-1.042139 -0.901421
-1.138129 -0.931884
-1.155831 -1.163068
-1.271293 -0.741908
-1.164254 -1.173512
-1.291392 -0.780418
1.972648 -1.328350
-1.061450 -0.916501
-1.186525 -0.940994
-0.714560 -0.788425
-0.628824 -0.811913
-1.143736 -0.941101
-1.117333 -1.129155
-0.767972 -0.984181
-1.251317 -0.703698
-0.772569 -0.680138
-0.899531 -0.863593
2.054089 -1.410278
-0.906431 -0.893524
-0.101103 -0.602052
-0.325770 -0.723826
-0.166660 -0.705954
-0.524394 -0.600956
-0.453909 -0.749113
-0.561831 -0.797140
0.467735 -0.374099
0.144714 -0.530346
0.343208 -0.533570
2.015278 -1.401930
0.478398 -0.249185
-0.115276 -0.626363
-0.230401 -0.672909
0.669158 -0.246381
0.613533 -0.299773
0.786258 -0.298627
0.659922 -0.165278
0.221669 -0.509361
-0.011583 -0.590707
1.136317 0.010941
2.099335 -1.381001
1.210502 0.024051
1.424894 0.090338
1.339148 0.121819
1.564317 0.205457
1.580006 0.161085
1.560727 0.260005
1.665261 0.295854
1.956796 0.311356
2.000771 0.311412
2.552728 0.509407
1.794074 -1.075661
2.377727 0.436585
2.667475 0.562788
2.643751 0.559846
2.738432 0.588654
2.791120 0.647197
1.810784 0.423171
1.947113 0.449877
2.435103 0.546945
2.571953 0.575486
2.689023 0.634707
1.804002 -1.109081
2.793493 0.649975
2.861813 0.739448
1.966380 0.512257
2.285616 0.562312
2.480312 0.585522
2.647640 0.667386
2.743424 0.728803
2.865745 0.790369
2.925339 0.839379
2.181190 0.628265
1.873825 -1.134776
2.333385 0.681982
2.458718 0.678573
2.665621 0.767589
2.785937 0.833200
2.893095 0.875478
2.946968 0.898449
2.140694 0.676931
2.268840 0.732302
2.330022 0.543165
2.318450 0.741825
0.074266 -2.422894
1.930240 -1.094168
2.406485 0.766091
2.566497 0.802387
2.428457 0.595461
2.426918 0.772669
2.760902 0.831559
2.717304 0.792137
2.631620 0.796947
2.837556 0.860385
2.854892 0.889345
2.892657 0.900676
2.074621 -1.124534
2.894649 0.883095
2.931605 0.914711
2.970940 0.941840
2.048792 0.715442
2.187469 0.717501
2.393736 0.785611
2.517385 0.823574
2.747688 0.855907
2.829994 0.867100
-1.991735 -0.464895
2.115027 -1.183963
-1.961980 -0.502989
-1.746804 -0.596254
-2.116792 -0.599615
-1.736183 -0.606211
-2.091762 -0.584930
-1.927740 -0.505649
-1.753507 -0.677756
-2.100631 -0.692349
-1.901845 -0.668496
-2.023444 -0.275044
2.110008 -1.262446
-1.985445 -0.292816
-1.738205 -0.418185
-2.172105 -0.423612
-1.784449 -0.437038
-2.145632 -0.413151
-1.997676 -0.288875
-2.036216 -0.239009
-2.067809 -0.032866
-2.149739 0.051185
-1.950842 -0.342460
1.793362 -0.930398
-1.724724 -0.382118
-1.924293 -0.031127
-2.197432 -0.389889
-2.136173 0.195457
-2.153622 0.044014
-2.112039 -0.024788
-2.105922 0.642061
-2.176895 0.602583
-2.019170 0.607278
-2.113325 0.471545
1.809601 -0.878139
-2.216397 0.430396
-2.186723 0.250835
-2.072069 1.146875
-2.175751 0.928088
-2.008476 1.074142
-2.072698 1.076223
-2.227366 0.741414
-2.238479 0.623318
-2.048396 1.347543
-2.133898 1.182518
1.870645 -0.857040
-1.954935 1.292976
-1.993738 1.530383
-2.216323 1.186683
-2.254604 1.058610
-2.008151 1.807098
-2.136414 1.956654
-2.193002 1.848484
-1.922745 2.357906
-2.020977 2.500891
-2.152987 2.420644
1.962512 -0.857713
-1.806884 2.569691
-1.884264 2.659521
-2.034095 2.718840
-2.181763 2.775687
-2.205750 3.105582
-2.126651 3.128890
-2.227736 3.239733
-2.200520 3.295728
-2.233692 3.388726
-2.252445 3.395543
2.096424 -0.914683
-1.748749 2.767987
-1.801571 3.002032
-2.006826 3.150729
-2.106674 3.288081
-2.155067 3.416748
-2.214295 3.493813
-2.243622 3.583323
-1.568266 2.973934
-1.795688 3.166773
-1.933876 3.245498
2.130750 -0.963513
-1.978354 3.392695
-2.089868 3.538236
-2.205086 3.664307
-2.233716 3.677607
-1.492589 3.209136
-1.655116 3.254152
-1.789931 3.350752
-1.956574 3.512152
-2.114209 3.659475
-2.177566 3.725555
0.072261 -2.361378
2.086547 -1.086522
-2.198265 3.732139
-1.385619 3.169582
-1.487383 3.254574
-1.515256 3.311349
-1.698959 3.223463
-1.707648 3.412714
-1.888453 3.500357
-1.636236 3.382636
-1.802280 3.366694
-1.977771 3.623437
2.132467 -1.042945
-1.942512 3.557794
-1.990040 3.585164
-2.055109 3.684152
-2.155102 3.701458
-2.137803 3.711172
-2.150568 3.726440
-2.191068 3.740117
-2.135422 3.737219
-1.242959 3.098567
-1.468374 3.246089
1.753226 -0.660120
-1.647097 3.423329
-1.758399 3.485209
-1.874751 3.629183
-1.967324 3.665173
-2.321618 -1.112539
-2.297442 -1.051012
-2.277216 -0.908482
-2.199437 -1.365026
-2.296388 -0.875665
-2.218390 -1.289212
1.783048 -0.672145
-2.363050 -1.118983
-2.234107 -0.934116
-2.242373 -1.253174
-2.340441 -1.062638
-2.372706 -0.983788
-2.396362 -0.938926
-2.388032 -0.727700
-2.333484 -1.354332
-2.335509 -0.807550
-2.279014 -1.308231
1.883191 -0.678753
-2.546760 -0.926679
-2.456584 -1.008538
-2.376659 -0.701415
-2.467780 -0.737873
-2.476323 -0.826557
-2.485080 -0.703167
-2.314314 -0.559850
-2.344146 -1.464156
-2.279599 -0.804159
-2.573857 -0.640316
1.967174 -0.652442
-2.594053 -0.668569
-1.808754 -0.068886
-2.280135 -0.233658
-1.861123 -0.005922
-1.882062 -0.219978
-2.422845 -0.275049
-2.554733 -0.447771
-1.600158 0.097058
-1.739739 0.138923
-1.633153 0.141250
2.083877 -0.631040
-1.613382 0.023068
-1.949885 0.020894
-2.385125 -0.210027
-1.467535 0.182079
-1.495736 0.267596
-1.456748 0.285998
-1.388904 0.105612
-1.621058 0.243019
-1.775925 0.154992
-1.072045 0.384212
2.103965 -0.503476
-1.261325 0.366930
-1.441036 0.332386
-0.855912 0.517485
-0.763571 0.629357
-0.741955 0.673766
-0.668204 0.588649
-0.662573 0.644978
-0.552971 0.799598
-0.451176 0.896183
-0.171099 1.146254
2.095614 -0.707486
-0.259216 1.080496
-0.029852 1.243501
-0.112543 1.179180
0.020895 1.284698
0.042003 1.292022
-0.559609 0.635300
-0.392410 0.781685
-0.331114 0.893140
-0.149596 1.087777
-0.023373 1.191526
2.173830 -0.463550
0.095366 1.299984
0.192920 1.334438
-0.254828 0.760869
-0.176089 0.827677
-0.135398 0.976443
0.035357 1.089739
0.159858 1.210336
0.270710 1.266595
0.324277 1.322922
-0.101289 0.793629
1.042094 -2.423203
1.686300 -0.507874
-0.012734 0.886773
-0.000432 0.924988
0.171536 1.060061
0.315443 1.189018
0.357972 1.248690
0.393636 1.266713
-0.075967 0.760110
0.037094 0.800132
-0.052001 0.929467
-0.001795 0.836958
1.726469 -0.504824
0.129880 0.908491
0.256057 1.023688
0.016239 0.986769
0.127654 0.964350
0.275747 1.088787
0.227482 1.114154
0.196850 1.126809
0.369938 1.186705
0.345025 1.191375
0.233307 1.242294
1.806726 -0.451320
0.417946 1.214773
0.425200 1.222160
0.375786 1.288040
-0.117531 0.722218
0.019190 0.758506
0.122232 0.801817
0.224882 0.946198
0.288721 1.052091
0.376886 1.130732
1.051188 -2.887110
1.978003 -0.398707
1.235384 -2.909939
2.317314 0.473428
2.156460 0.843102
-1.337775 3.261225
-1.617473 3.120280
-0.143198 1.001892
0.015482 0.654384
-2.107493 -1.532802
-2.153174 -1.490906
-2.177182 -1.641765
2.040909 -0.357375
-2.167620 -1.623117
-1.985920 -1.777010
-2.314270 -1.476668
-2.188405 -1.514502
-2.167247 -1.690759
-1.743147 -1.918612
-1.107859 -2.141059
-0.768168 -2.243049
-0.391860 -2.253683
-1.377898 -1.436682
2.115361 -0.289210
-1.414392 -1.361845
-1.191910 -1.453389
-1.254281 -1.526762
-1.271466 -1.644963
-1.166956 -1.340948
-1.300669 -1.380974
-1.241968 -1.533432
-1.169460 -1.893138
-0.933790 -2.144573
-0.656782 -2.298852
2.095012 -0.519082
-0.425294 -2.336271
-0.711980 -1.021651
-0.128393 -0.788298
0.407743 -0.518752
0.573005 -0.467404
-1.541778 -0.672371
-1.577842 -0.680725
-1.367359 -0.535998
-1.412370 -0.617115
-1.318308 -0.660459
2.157905 -0.323522
-1.624904 -0.398303
-1.491362 -0.609463
-1.473440 -0.497656
-0.682791 -0.611547
-0.442229 -0.530888
0.393720 -0.220663
0.700816 -0.017804
-1.854310 -0.070836
-2.004843 0.700429
-1.989591 1.025881
1.498662 -0.328475
-1.937028 1.205284
-2.254844 -0.701919
-2.244505 -0.689724
-2.341257 -0.532429
-2.350695 -0.564023
-2.291404 -0.415342
-2.401269 -0.609109
-2.316916 -0.627497
-2.410659 -0.576865
-2.169771 0.173801
1.641960 -0.296892
-2.143530 0.432961
-2.039505 1.308490
-1.961290 1.562547
-2.357410 -0.569561
-1.900375 -0.050639
-1.649569 0.154081
-1.408352 0.394075
-2.284329 -1.000316
-1.975180 -0.299239
-1.698510 -0.073308
