419 2
-0.559394 0.153348
-0.667808 0.279421
-0.307683 0.352085
-3.635976 0.731858
-3.530093 1.047228
-3.328511 1.338650
-3.271933 1.450403
0.157325 -0.846556
0.269415 -0.839864
-0.105624 0.352035
0.101353 0.413857
-0.334709 1.447636
-0.298939 1.480821
-0.428069 0.199347
0.518517 -0.857540
0.423924 -0.778896
0.555346 -0.335504
0.589021 -0.091220
0.589721 0.225430
0.643356 0.404188
0.513798 0.638716
0.465148 0.898048
0.382390 1.304414
0.325176 1.521762
-0.212357 -0.831961
0.323986 1.633799
1.026195 -0.866942
1.011526 -0.859392
0.801037 0.377476
0.915214 0.528195
0.788858 1.688625
0.676512 1.701437
1.348148 -0.867697
1.529664 -0.856448
1.953695 -0.898468
-0.319277 -0.754087
1.446137 -0.743083
1.574737 -0.591112
1.587623 -0.328988
1.500995 -0.096821
1.222854 0.330595
1.251637 0.609071
1.527604 0.893689
1.518664 1.380229
1.411742 1.472917
1.185056 1.658223
-0.456499 -0.567530
0.811719 1.720763
1.735979 -0.798839
1.666050 -0.630523
1.703504 -0.312995
1.881425 0.026360
2.108900 0.395352
2.117034 0.697822
1.736248 0.962679
1.576135 1.367553
1.480569 1.590342
-0.515802 -0.293475
1.436472 1.757502
1.543221 1.896113
1.318811 1.814111
1.723359 0.032562
1.478735 0.162999
1.416967 0.277138
1.334332 0.484057
1.441930 0.633468
1.530270 0.785003
1.675701 0.873270
-0.600406 -0.854780
1.834917 0.794453
1.949801 0.684532
1.979538 0.379095
1.870442 0.209456
2.043189 -0.875717
2.072682 -0.844771
2.314833 0.493282
2.314677 0.707968
1.743343 1.905676
1.765841 1.861349
-0.596366 -0.753097
2.183489 -0.835983
2.226217 -0.783331
2.384673 -0.560171
2.485912 -0.115166
2.484937 0.302794
2.433382 0.661088
2.417742 0.906179
2.302553 1.381622
2.206186 1.558541
1.928357 1.827351
-0.497128 -0.508274
1.867671 1.886281
-3.176516 0.030815
-2.393198 0.096231
2.011790 0.541854
1.731110 0.538771
-0.556295 0.202058
-2.831006 0.100805
-2.115785 0.102958
-2.198192 0.092779
-2.539983 -1.094515
-0.526907 -0.330276
-2.601184 -0.971264
-2.684564 -0.723631
-2.719738 -0.512488
-3.260775 -0.042328
-3.408451 0.030684
-2.812104 0.742928
-2.776219 0.860361
-2.751747 1.115710
-2.709464 1.266549
2.283005 0.635419
-0.664675 0.342399
-0.643988 0.850782
2.218201 0.561469
1.724261 -0.159927
1.651158 -0.314927
1.621058 -0.577257
1.605094 -0.749853
1.082822 0.433334
0.964205 0.454901
1.656438 1.111983
1.556511 1.352359
1.389949 1.542259
-0.624080 1.105425
1.391206 1.636380
-0.546204 0.114683
-0.679121 0.293866
-0.560534 0.422640
-0.503580 0.375450
-0.532973 0.009621
-0.635060 -0.024031
-0.912589 0.108591
-1.026510 0.279111
-0.671379 0.642687
-0.768779 1.350948
-0.549025 0.616134
-0.244842 0.376235
-0.289617 0.299091
-0.180667 -0.852624
-0.274414 -0.726551
-0.459333 -0.521877
-0.485627 -0.334105
-0.676180 -0.896521
-0.649833 -0.789698
-0.480508 -0.479375
-0.857293 1.447189
-0.544741 -0.212223
-0.640863 0.867833
-0.639652 1.092689
-0.737143 1.368563
-0.876763 1.428443
-0.614480 0.827758
-0.605582 0.989117
-0.607496 1.286056
-0.474462 1.449009
-1.153902 -0.947534
-0.597281 0.837944
-1.269077 -0.997601
-1.534873 0.090685
-1.499628 0.176054
-1.223917 1.428088
-1.280299 1.440044
-1.530249 -1.050276
-1.483793 -0.932842
-1.535656 -0.788894
-1.612166 -0.525559
-1.637917 -0.036197
-0.643102 1.176672
-1.798567 0.157312
-1.716433 0.367806
-1.688047 0.773895
-1.652334 1.176349
-1.671512 1.358910
-1.716963 1.443534
-1.898208 -1.113349
-1.953310 -1.120896
-1.854053 0.063596
-2.018662 0.269031
-0.532174 1.373472
-1.942339 1.410563
-1.989016 1.454777
-2.111177 -1.171490
-2.428452 -1.118022
-2.586705 -0.992413
-2.691757 -0.884733
-2.609744 -0.405998
-2.374636 -0.052501
-2.301045 0.276858
-2.713882 0.565129
-0.574125 1.419564
-2.846495 0.895376
-2.726185 1.233755
-2.432843 1.348112
-2.282021 1.437485
-2.512780 -1.233567
-2.765184 -1.323285
-2.669306 -1.167972
-2.639803 -1.033179
-2.713709 -0.799525
-2.823200 -0.501694
-0.909498 -0.931664
-3.302819 -0.058014
-3.302056 0.157593
-2.990530 0.589771
-2.850956 0.908004
-2.862289 1.158732
-2.894069 1.391119
-2.925245 1.464386
-2.698037 1.446480
-2.825688 -0.394359
-2.542768 -0.193009
-1.055721 -0.920605
-2.498021 -0.102834
-2.520653 0.351537
-2.543792 0.385829
-3.112536 0.363430
-2.888168 0.515115
-3.148442 0.217346
-3.095704 -0.149173
-2.962089 -0.255775
-2.967109 -1.386242
-2.931689 -1.338916
-0.504268 0.319850
-1.170061 0.137395
-3.498442 -0.074384
-3.523823 0.044342
-3.138944 1.425302
-3.136968 1.429333
-3.039016 -1.409442
-3.094985 -1.351058
-3.299168 -1.146469
-3.580442 -0.509808
-3.616118 -0.244236
-3.639609 -0.019065
-1.189247 0.218138
-3.662663 0.115762
-3.633927 0.735377
-3.478520 1.121282
-3.352844 1.311867
-3.258297 1.413464
0.140644 -0.826678
0.113897 -0.816995
0.122656 0.359478
0.176509 0.409703
-0.053580 1.508337
-1.155610 1.423357
-0.101844 1.526760
0.321209 -0.863522
0.463380 -0.758335
0.557751 -0.466074
0.585210 -0.100167
0.641206 0.248109
0.681500 0.389562
0.480009 0.604189
0.446117 1.001888
0.377264 1.262909
-1.166522 1.436304
0.360165 1.499262
0.270265 1.560679
0.888541 -0.854522
0.723968 -0.820677
0.829958 0.353569
0.819529 0.473662
0.620216 1.650516
0.694431 1.708870
1.354433 -0.870696
1.568052 -0.867453
-1.415588 -1.028433
1.894646 -0.891521
1.559033 -0.776515
1.715826 -0.560794
1.743714 -0.394052
1.568875 0.032224
1.098083 0.309950
1.113761 0.539008
1.492368 1.000424
1.464010 1.302014
1.349871 1.496606
-1.523157 -0.949552
0.961298 1.686045
0.914577 1.769494
1.763823 -0.826545
1.735488 -0.596293
1.800503 -0.334375
1.892840 0.004935
2.095756 0.337581
2.198199 0.659079
1.822817 0.979160
1.620050 1.205100
-1.549611 -0.734028
1.423542 1.493867
1.403967 1.741267
1.591611 1.924527
1.219389 1.821559
1.755485 0.049679
1.523721 0.139009
1.368580 0.288505
1.225508 0.460191
1.322713 0.649377
1.459433 0.755608
-1.638086 -0.406216
1.650427 0.904912
1.872933 0.824712
1.975037 0.705627
1.990413 0.317686
1.904739 0.172881
1.993925 -0.886540
2.034132 -0.862107
2.386355 0.498783
2.441625 0.670421
1.602230 1.991027
-1.671502 -0.066302
1.703435 1.914982
2.214086 -0.825704
2.273525 -0.765732
2.359345 -0.537440
2.472852 -0.024033
2.508460 0.351680
2.484699 0.558702
2.454191 0.731777
2.297216 1.420290
2.197210 1.552067
-1.777738 0.160545
1.918139 1.845793
1.835401 1.896443
-3.180600 0.034997
-2.414362 0.080874
2.054480 0.472214
-2.071964 0.108655
-2.202433 0.113475
-2.564170 -1.115811
-2.654221 -0.957921
-2.662249 -0.842958
-0.459552 -0.021375
-1.720778 0.339225
-2.745079 -0.557015
-3.350295 0.012562
-3.496901 -0.034778
-2.885001 0.702518
-2.872177 0.908506
-2.769042 1.111317
-2.722262 1.296331
2.354538 0.597738
2.295532 0.567964
1.763856 -0.149369
-1.675580 0.884917
1.711441 -0.323072
1.692050 -0.605687
1.653476 -0.682191
1.001883 0.444542
0.914713 0.411132
1.578583 1.127001
1.539009 1.221465
1.420786 1.462968
1.299461 1.605617
-1.664624 1.127815
-1.653884 1.389305
-1.785103 1.458905
-1.941622 -1.119365
-1.621930 -1.024635
-1.979188 -0.026867
-2.105527 0.213087
-1.990205 1.478801
-0.641363 -0.005746
-2.090448 1.475920
-2.155438 -1.166819
-2.290417 -1.125563
-2.534621 -1.045132
-2.614876 -0.780002
-2.644426 -0.424830
-2.371238 -0.128386
-2.355371 0.238327
-2.649568 0.551087
-2.763437 0.907934
-0.758333 0.126329
-2.669681 1.247612
-2.530345 1.430618
-2.276321 1.482340
-2.468483 -1.214477
-2.766781 -1.324149
-2.710048 -1.238338
-2.628950 -0.980810
-2.704627 -0.743871
-2.967964 -0.311428
-3.186850 -0.087939
-0.857937 0.295985
-3.259220 0.172925
-2.921473 0.630622
-2.805755 0.862646
-2.695021 1.128316
-2.829712 1.394618
-2.888719 1.491333
-2.742093 1.441798
-2.745610 -0.366791
-2.602359 -0.152401
-2.502697 -0.086850
-0.682586 0.507227
-2.523348 0.289455
-2.608077 0.334313
-2.998884 0.317764
-2.847524 0.561301
-3.096274 0.238593
-3.041113 -0.125164
-3.009014 -0.225320
-2.888103 -1.351168
-2.848286 -1.342080
-3.450284 -0.053524
-0.545060 0.555291
-3.458927 0.063520
-3.136785 1.474007
-3.160895 1.438428
-3.029073 -1.448753
-3.081534 -1.328680
-3.334082 -1.096895
-3.523145 -0.640229
-3.618633 -0.183248
-3.584318 -0.019750
-3.671632 0.115388
