1005 2
1.189953 -1.920124
1.296661 -2.019090
1.657989 -1.982958
2.545734 0.295585
-1.333066 -0.208653
0.122035 -0.130345
0.809633 0.083933
0.687220 0.738540
-0.015511 0.597033
2.858901 0.351224
3.047606 0.222061
3.173345 0.157165
3.198973 0.209084
3.203492 0.040280
3.214115 0.050361
2.606193 0.561463
2.765681 0.579751
2.463131 0.404506
1.041550 -2.246852
2.913075 0.551881
3.083897 0.553322
3.183766 0.501141
3.228814 0.555431
3.410720 0.570917
3.390395 0.698070
3.235906 0.401134
2.423216 0.652710
2.581122 0.727453
2.701172 0.790618
1.549651 -2.240533
2.463489 0.541834
2.851738 0.775487
3.010260 0.776043
3.201390 0.792397
3.244523 0.918680
3.211815 1.011675
2.522058 0.954237
2.629835 1.250656
2.536473 1.289343
2.592750 1.393084
1.757548 -2.071613
2.328371 0.849947
2.332183 0.966841
2.777780 1.176591
2.653201 1.372101
2.866149 1.254400
2.793652 1.550220
3.038604 1.322137
2.933818 1.551430
3.104201 1.233465
2.886925 1.721323
1.253830 -2.319826
3.242717 1.230528
3.125593 1.245761
2.891490 1.724443
2.461970 1.517394
2.537594 1.519294
2.321734 1.084856
2.612907 1.641859
2.626708 1.808202
2.783857 1.812098
2.784793 1.851703
1.645872 -2.321033
3.146635 1.446197
3.054809 1.544217
2.806217 1.841297
2.360033 1.832421
2.411946 1.769570
2.428623 1.913752
2.507362 1.943112
2.548694 2.073470
2.650990 2.002095
2.736498 1.933821
1.845224 -2.201418
2.727699 1.955296
2.183519 2.088434
2.201606 2.106467
2.232209 2.210781
2.409867 2.145120
2.456803 2.201660
2.338648 2.370173
2.456068 2.208449
2.352445 2.411111
1.987559 2.275878
1.338414 -2.548715
1.993653 2.270759
2.108994 2.309475
2.206644 2.354805
2.247038 2.400645
2.238022 2.492696
2.318384 2.338952
2.260318 2.486722
1.829949 2.388843
1.866503 2.387209
1.889260 2.456084
1.504086 -2.435844
1.883366 2.514049
2.009804 2.607043
2.043323 2.622618
2.122499 2.499405
2.031215 2.676366
1.667536 2.493692
1.712258 2.513933
1.696608 2.566703
1.772531 2.652968
1.786711 2.733106
1.806409 -2.284495
1.827314 2.761332
1.860664 2.775784
1.426344 2.607054
1.426158 2.638567
1.503563 2.705330
1.505401 2.765056
1.498412 2.852024
1.622756 2.867077
1.702595 2.781309
1.649589 2.900631
1.444058 -1.857858
1.544980 -2.616236
1.283204 2.628946
1.251376 2.687053
1.305609 2.748043
1.356195 2.861706
1.307494 2.944494
1.228917 3.010298
1.374789 2.953095
1.214557 3.035120
0.784400 2.666100
0.866067 2.700713
1.652818 -2.385991
0.942413 2.801260
1.090301 2.919736
1.022943 3.065143
1.104196 3.058473
1.224123 3.016679
1.004452 3.121842
0.586297 2.632652
0.624455 2.720086
0.513118 2.517185
0.517174 2.867648
1.801709 -2.267581
0.701086 2.947024
0.648900 3.178091
0.691053 3.159159
0.777115 3.174902
0.730678 3.180804
0.322385 2.642346
0.318331 2.737573
0.440518 2.442055
0.306245 2.831479
0.319687 2.990175
1.227993 -2.555710
0.460733 3.177038
0.370203 3.192888
0.511171 3.360981
0.300623 3.410429
0.493514 3.201098
0.090183 2.403775
0.104324 2.595603
0.088276 2.763698
0.254740 2.352848
0.053494 2.892123
1.254792 -2.536467
0.008762 2.999201
-0.078769 3.231690
-0.104273 3.243592
-0.000688 3.239798
-0.079800 2.576585
-0.245595 2.672159
-0.312717 2.539149
-0.445209 2.610745
-0.029421 2.355765
-0.242494 2.451495
1.706805 -1.759321
-0.269444 2.763799
-0.558722 2.654735
-0.253155 3.013013
-0.596285 2.749048
-0.465480 3.015974
-0.654813 2.984449
-0.387562 3.091995
-0.725551 2.951192
-0.300905 3.316832
-0.501941 3.073703
1.729571 -1.816660
-0.755935 2.955038
-0.631085 2.451951
-0.711065 2.530313
-0.427121 2.403893
-0.825733 2.543056
-0.880914 2.640190
-0.902240 2.761045
-0.895777 2.840696
-0.505571 3.238848
-0.661802 3.066646
1.382424 -1.690638
-0.911204 2.837178
-0.966709 2.320077
-0.917454 2.392910
-1.038805 2.420613
-1.089151 2.460428
-1.148517 2.586384
-1.148672 2.651343
-1.102038 2.661667
-1.142442 2.670788
-1.103417 2.246926
1.940249 -1.818030
-1.189701 2.219689
-1.238961 2.293460
-1.260444 2.366246
-1.294410 2.427713
-1.291480 2.510513
-1.218995 2.549189
-1.284507 2.551870
-1.377404 2.014286
-1.411610 1.980298
-1.394293 2.097744
1.975809 -1.973773
-1.395600 2.201751
-1.454486 2.255678
-1.519831 2.287498
-1.425493 2.329714
-1.520260 2.306122
-1.504395 1.807292
-1.531626 1.812509
-1.545097 1.823688
-1.600987 1.966309
-1.657926 1.998126
1.579748 -1.906430
2.031484 -2.028344
-1.677334 2.071390
-1.684165 1.984070
-1.738903 2.024240
-1.644292 1.529736
-1.671067 1.525851
-1.661393 1.611650
-1.746498 1.673869
-1.796484 1.764564
-1.787783 1.884020
-1.842978 1.856652
2.030186 -2.086437
-1.701391 1.387746
-1.712662 1.417659
-1.794127 1.354324
-1.890824 1.349662
-1.968826 1.456164
-1.976614 1.530006
-1.833287 1.728690
-1.958211 1.629881
-1.803431 0.961989
-1.811424 1.032669
1.745391 -2.465300
-1.856640 1.024759
-1.977035 0.998976
-2.089729 1.112437
-2.160985 1.039963
-2.072613 1.328509
-2.185946 1.017170
-1.804460 0.553959
-1.838427 0.822933
-1.958403 0.746724
-2.102900 0.737989
1.890505 -2.265870
-2.147330 0.881215
-2.211263 0.848003
-2.171647 0.992816
-2.248374 0.796133
-1.834628 0.397037
-1.890338 0.447160
-1.672656 0.354718
-2.016789 0.506242
-2.135379 0.483717
-2.261752 0.430288
1.986827 -2.180231
-2.252133 0.713809
-2.301805 0.577791
-2.281226 0.652572
-1.809001 0.267424
-1.916214 0.238291
-1.628594 0.254711
-2.007747 0.225399
-2.186087 0.253278
-2.269955 0.238035
-2.262542 0.173299
1.985923 -1.615430
-2.438864 0.254501
-2.452944 0.041100
-2.301864 -0.035608
-1.528619 -0.018976
-1.742044 -0.108771
-1.910894 -0.114017
-1.613434 0.148193
-2.015076 -0.126937
-2.174224 -0.250550
-2.270330 -0.345920
2.031470 -1.663025
-2.308260 -0.353177
-2.269451 -0.415349
-1.607678 -0.289048
-1.743349 -0.422881
-1.562579 -0.604941
-1.658433 -0.657934
-1.507869 -0.220108
-1.516107 -0.319463
-1.890105 -0.476409
-1.775859 -0.777211
2.078237 -1.717987
-2.041891 -0.572873
-1.892596 -0.878464
-2.087761 -0.801952
-2.006254 -0.933105
-2.128694 -0.738739
-2.006713 -0.984522
-2.337680 -0.630370
-2.124844 -0.817454
-1.976123 -1.090296
-1.477204 -0.914437
2.140394 -1.759239
-1.510508 -0.971276
-1.511555 -0.543565
-1.617625 -1.088809
-1.738780 -1.030848
-1.826611 -1.143768
-1.852364 -1.224457
-2.232504 -0.817210
-1.950134 -1.042015
-1.838641 -1.280089
-1.312755 -1.275915
2.211570 -1.837340
-1.355162 -1.282715
-1.417349 -1.353568
-1.512118 -1.326822
-1.696459 -1.355801
-1.698271 -1.404138
-1.745191 -1.289017
-1.660765 -1.496788
-1.134780 -1.461009
-1.142749 -1.521811
-1.263334 -1.500162
0.942383 -1.721606
2.284146 -1.880476
-1.343553 -1.552460
-1.391062 -1.629497
-1.496949 -1.617573
-1.513304 -1.532113
-1.569088 -1.575300
-0.975626 -1.649533
-0.922077 -1.699010
-1.058575 -1.656215
-1.149025 -1.733772
-1.198273 -1.805414
2.210086 -1.917025
-1.182450 -1.875000
-1.289545 -1.740934
-1.311206 -1.796038
-0.786054 -1.798267
-0.756084 -1.836640
-0.747591 -1.874551
-0.909810 -1.916440
-1.012319 -1.931870
-1.079264 -1.956953
-1.075498 -1.922982
2.322750 -1.908769
-1.045970 -2.036789
-0.578619 -1.918543
-0.543252 -1.959703
-0.606777 -1.952503
-0.594387 -2.038437
-0.764678 -2.078820
-0.721255 -2.189461
-0.703635 -2.238494
-0.406226 -1.988106
-0.385581 -2.018584
2.197237 -1.456318
-0.335046 -2.100195
-0.337699 -2.193782
-0.414818 -2.247985
-0.472994 -2.292272
-0.784548 -2.122033
-0.470382 -2.326694
-0.236782 -2.035513
-0.134721 -2.092513
-0.044597 -2.194503
-0.112077 -2.236612
2.219007 -1.456106
-0.153492 -2.310185
-0.141629 -2.387071
-0.313038 -2.316970
-0.139849 -2.430284
0.372363 -2.028695
0.226179 -2.122938
0.031710 -2.192396
0.008529 -2.272251
0.077613 -2.388582
0.133843 -2.462855
2.236582 -1.536398
-0.007840 -2.377338
0.170745 -2.505151
0.517820 -1.951572
0.562481 -2.141605
0.628052 -1.806003
0.561511 -2.230984
0.568322 -2.360464
0.567253 -2.488219
0.470041 -2.520379
0.412667 -2.497559
2.359986 -1.603281
0.393615 -2.529391
0.810324 -1.985959
0.871368 -2.118768
0.685725 -1.801281
0.719207 -2.220127
0.817933 -2.370688
0.793208 -2.529163
0.783995 -2.558982
0.854963 -2.735356
0.937723 -2.706320
2.437454 -1.644340
0.970659 -2.559927
0.775567 -1.778180
0.346909 0.304878
0.383515 0.298153
0.444985 -0.071245
0.485418 -0.027863
0.731065 0.457513
0.759298 0.374793
0.351428 0.601740
0.364951 0.695309
2.503336 -1.652010
0.029923 0.195069
0.054077 0.262579
0.159308 0.012088
0.643465 0.062656
0.655842 0.645033
0.108446 0.478692
0.197017 0.053585
0.678928 0.106712
0.579291 0.597551
0.150725 0.540109
2.383735 -1.723262
0.430209 0.300129
0.513425 0.016736
0.708007 0.372180
0.349384 0.598281
0.169477 0.273917
0.301618 0.064661
0.683498 0.117429
0.564635 0.580377
0.199594 0.467332
0.455865 0.258391
0.992734 -1.957819
2.493464 -1.687091
0.443551 0.006754
0.605778 0.330839
0.395805 0.544961
0.194675 0.268738
0.278355 0.150494
0.642009 0.177165
0.531848 0.452604
0.233318 0.383352
0.382082 0.326355
0.504770 -0.319416
2.393399 -1.226818
0.593572 -0.261784
0.338647 -0.185109
0.685363 -0.180761
0.343223 -0.205324
0.664312 -0.104298
0.524834 -0.283799
0.360252 -0.213490
0.681160 -0.088578
0.518092 -0.205990
0.655964 -0.411454
2.341228 -1.332660
0.543750 -0.439916
0.350956 -0.396941
0.791325 -0.286368
0.367190 -0.347212
0.733852 -0.191989
0.587524 -0.481266
0.568964 -0.358579
0.656289 -0.618807
0.676149 -0.706588
0.577704 -0.404541
2.405723 -1.313146
0.271609 -0.414265
0.530398 -0.584127
0.779380 -0.327219
0.741817 -0.753593
0.684928 -0.793690
0.633523 -0.718478
0.750441 -1.154005
0.707590 -0.909376
0.702463 -1.238625
0.848498 -1.187299
2.547420 -1.313488
0.707768 -0.928126
0.684496 -0.882300
0.822884 -1.336081
0.792996 -1.322680
0.729306 -1.350705
0.886042 -1.319890
0.779768 -1.128398
0.777767 -1.199912
0.863517 -1.541628
0.901177 -1.670063
2.596919 -1.369349
0.783807 -1.500210
0.997028 -1.491855
0.829836 -1.560727
0.835300 -1.425831
0.980756 -1.882542
0.950091 -1.864579
0.875359 -1.685405
1.051671 -2.053541
1.018308 -2.082505
0.992081 -2.080615
2.646524 -1.449413
1.116781 -2.320436
1.142449 -2.450976
1.162749 -2.816283
1.155940 -2.985531
1.200939 -3.152710
1.191629 -3.047106
1.241963 -3.367288
1.214041 -3.218070
1.244923 -3.410619
1.275699 -3.451423
2.548337 -1.517098
1.162707 -2.417581
1.197822 -2.756994
1.199197 -3.013665
1.223168 -3.120543
1.263152 -3.353561
1.292693 -3.467801
1.332694 -3.519509
1.265856 -2.684620
1.277460 -2.922419
1.246387 -3.067225
2.626344 -1.527635
1.290841 -3.196774
1.349045 -3.418130
1.360463 -3.530177
1.403247 -3.594211
1.297271 -2.749276
1.346709 -2.897271
1.333840 -3.038135
1.399115 -3.305965
1.398158 -3.505189
1.436964 -3.611920
2.504860 -1.018010
1.444082 -3.646890
1.347920 -2.666846
1.397900 -2.902218
1.274696 -2.877561
1.454445 -2.871179
1.408511 -3.056991
1.457112 -3.240403
1.252766 -3.116143
1.488927 -3.041772
1.467659 -3.371044
1.050294 -2.082537
2.512809 -1.025590
1.343543 -3.402864
1.419393 -3.417200
1.458109 -3.560902
1.427387 -3.584332
1.436157 -3.581923
1.453675 -3.623948
1.435608 -3.612493
1.438191 -3.622951
1.349586 -2.646528
1.380979 -2.731933
2.623309 -1.107246
1.430093 -2.989552
1.450301 -3.207522
1.517238 -3.359265
1.475960 -3.530771
0.946493 0.442844
0.917289 0.445083
0.839709 0.203687
0.800838 0.594072
0.863696 0.255523
0.827025 0.638485
2.657240 -1.157449
0.909600 0.442087
0.790866 0.292175
0.822576 0.552872
0.867244 0.419038
1.120191 0.478785
1.076031 0.451187
1.080994 0.204216
0.943802 0.702650
0.985890 0.247690
0.917560 0.691118
2.749784 -1.190232
1.238511 0.565351
1.175064 0.545008
1.418757 0.518669
1.474882 0.554832
1.058909 0.515930
1.123941 0.172287
1.423778 0.406333
0.992772 0.671612
1.282169 0.612030
1.428590 0.589506
2.753896 -1.267347
1.406564 0.586929
1.714591 0.535990
1.709355 0.597333
1.788528 0.471889
1.660540 0.627722
1.669907 0.623916
1.594177 0.615738
2.054446 0.593713
1.927320 0.597330
2.101383 0.469864
2.761203 -1.204849
2.026874 0.722693
1.872360 0.680417
1.802703 0.661207
2.259467 0.610476
2.200104 0.655781
2.287398 0.515729
2.178215 0.787233
2.168749 0.693124
1.949123 0.698102
2.473059 0.692417
2.758569 -1.302453
2.467626 0.749371
2.229447 0.722509
2.720103 0.782843
2.846024 0.802480
2.899020 0.802381
2.854301 0.809634
3.053991 0.834321
3.378608 0.849765
3.568098 0.880244
3.773451 0.902155
2.604010 -0.848135
3.704523 0.899706
3.955596 0.949479
3.894496 0.934484
4.010897 0.968700
4.055251 0.994213
3.041401 0.833654
3.371194 0.892954
3.611598 0.903050
3.803286 0.964202
3.926623 0.989971
2.642779 -0.870530
4.104962 1.025539
4.165143 1.072281
3.359297 0.887726
3.504851 0.987651
3.736089 0.988225
3.878026 1.040958
4.050264 1.083261
4.142155 1.102661
4.233108 1.171248
3.432246 0.971311
2.700608 -0.850878
3.600618 1.040116
3.705606 1.057078
3.889399 1.117367
4.093770 1.131351
4.218307 1.203516
4.292227 1.255057
3.355791 0.938985
3.465576 0.964490
3.531155 0.865197
3.564945 1.100289
1.082170 -1.712817
2.753567 -0.954611
3.675307 1.044734
3.808245 1.082965
3.772028 1.013171
3.757015 1.156493
4.087267 1.158687
3.950750 1.123332
3.934098 1.171445
4.181065 1.214915
4.190312 1.220629
4.221203 1.211151
2.853990 -0.969708
4.204423 1.218616
4.285569 1.256167
4.249095 1.229003
3.332731 0.936049
3.390572 0.904756
3.549386 0.931705
3.783017 1.091111
3.899633 1.115263
4.133404 1.180823
0.322795 0.935086
2.883284 -1.042493
0.319621 0.889446
0.508778 0.830545
0.144880 0.708874
0.489850 0.808946
0.198080 0.686381
0.356037 0.861994
0.519956 0.741124
0.197977 0.714256
0.325620 0.855743
0.273356 1.106997
2.874037 -1.106722
0.318359 1.071289
0.544887 1.019568
0.068722 0.957184
0.526634 1.007515
0.073385 0.828943
0.280968 1.129447
0.268380 1.099197
0.263069 1.378213
0.267094 1.446325
0.160966 1.025906
2.676375 -0.618445
0.593568 1.023726
0.309263 1.506744
0.078668 0.993598
0.143004 1.195811
0.243866 1.422845
0.247046 1.285750
0.224287 1.795556
0.234684 1.768785
0.286173 1.710278
0.129749 1.648197
2.687890 -0.704549
0.249393 1.732016
0.241877 1.522777
0.187486 1.963814
0.220395 1.948394
0.250259 1.990119
0.089657 1.963317
0.251144 1.868258
0.259270 1.810071
0.104626 2.181792
0.185188 2.240309
2.807919 -0.585041
0.232000 2.196039
0.057374 2.152686
0.242252 2.167993
0.264262 2.015124
0.141468 2.346721
0.193005 2.480604
0.240965 2.329206
0.100010 2.764396
0.094381 2.982941
0.118799 2.908953
2.839335 -0.770901
0.059341 2.882848
0.065109 3.122411
0.113337 3.267183
0.136549 3.527706
0.186758 3.899812
0.154107 3.770900
0.194073 4.040790
0.171857 4.007348
0.170274 4.083514
0.171304 4.151909
2.926364 -0.765103
0.020993 3.069310
0.028160 3.378236
0.085517 3.492554
0.114374 3.873597
0.129163 4.037071
0.141333 4.175836
0.148190 4.253453
-0.034170 3.284157
-0.008850 3.590600
0.017574 3.772395
2.971190 -0.851409
0.053209 3.959875
0.117443 4.097934
0.080527 4.262079
0.073267 4.309490
-0.089016 3.506934
-0.018981 3.670619
-0.024150 3.769001
-0.009280 4.003155
-0.003215 4.237089
-0.008042 4.326386
1.157170 -1.659493
2.861374 -1.015353
0.011403 4.380102
-0.080383 3.419647
-0.073414 3.651320
0.091677 3.617858
-0.197277 3.611654
-0.040191 3.745080
-0.064770 4.020373
0.071336 3.854873
-0.206194 3.885758
-0.050022 4.135942
2.975206 -0.913255
0.042160 4.097281
-0.080731 4.161967
-0.017751 4.253274
-0.002941 4.304414
-0.036640 4.277105
-0.011976 4.331736
0.010616 4.397040
-0.063242 4.336107
-0.072156 3.364563
-0.100249 3.545755
2.687582 -0.500404
-0.083484 3.752070
-0.071581 3.908427
-0.023885 4.070357
-0.033705 4.295247
-0.117903 0.179757
-0.101681 0.191947
-0.062524 0.404597
0.004047 0.027424
-0.077099 0.417268
-0.015620 0.029105
2.761248 -0.304620
-0.124142 0.229253
0.031859 0.361762
0.035890 0.131815
-0.061243 0.242671
-0.338609 0.114955
-0.227561 0.219026
-0.206200 0.460068
-0.163836 -0.023529
-0.191486 0.421483
-0.115776 -0.049486
2.839224 -0.446008
-0.391617 0.186155
-0.273883 0.223339
-0.565355 0.153515
-0.675847 0.127572
-0.279127 0.256291
-0.297008 0.462640
-0.508618 0.285961
-0.152860 -0.132881
-0.537652 0.014405
-0.666258 0.118850
2.939405 -0.403265
-0.529278 0.181385
-1.003353 0.083104
-0.937062 0.090388
-0.930962 0.212031
-0.887335 -0.006980
-0.859317 0.107532
-0.767733 0.126505
-1.186713 0.051305
-1.142166 0.059671
-1.150830 0.149755
3.019053 -0.385217
-1.155160 -0.065671
-1.152046 0.062594
-0.976081 0.093191
-1.347528 0.027181
-1.349752 0.016047
-1.344012 0.125640
-1.363186 -0.148789
-1.354205 0.027555
-1.233996 0.042397
-1.591118 -0.049283
3.073849 -0.459749
-1.661927 -0.058569
-1.480306 -0.019705
-1.920082 -0.125320
-2.122450 -0.145683
-2.187632 -0.135554
-2.082854 -0.159640
-2.228472 -0.180642
-2.413299 -0.184684
-2.591683 -0.206944
-2.781801 -0.235963
3.019253 -0.585285
-2.735742 -0.256021
-3.073392 -0.308346
-2.977797 -0.302558
-3.116297 -0.334265
-3.182973 -0.354814
-2.198533 -0.224326
-2.427772 -0.232353
-2.595498 -0.278910
-2.965932 -0.343658
-3.055399 -0.379161
3.099857 -0.445261
-3.176810 -0.418074
-3.243887 -0.474691
-2.304985 -0.334644
-2.546309 -0.354101
-2.787098 -0.372961
-2.940780 -0.397323
-3.147356 -0.490916
-3.253371 -0.523282
-3.324204 -0.580786
-2.508455 -0.427712
1.501309 -2.091507
2.683389 0.135801
-2.652897 -0.441320
-2.818894 -0.481021
-2.968374 -0.557854
-3.156350 -0.603635
-3.282842 -0.626044
-3.317808 -0.666537
-2.488830 -0.449931
-2.649684 -0.479115
-2.652155 -0.253515
-2.607844 -0.536032
2.751672 0.072424
-2.755578 -0.510149
-2.951299 -0.592856
-2.918944 -0.438919
-2.813900 -0.565181
-3.092084 -0.679179
-3.036712 -0.551462
-2.971821 -0.485710
-3.194026 -0.652647
-3.235642 -0.614848
-3.251808 -0.626128
2.888409 -0.072539
-3.250138 -0.658313
-3.288400 -0.638120
-3.310472 -0.662682
-2.398428 -0.435088
-2.560333 -0.470171
-2.715068 -0.532159
-2.913077 -0.586599
-3.047100 -0.670645
-3.121942 -0.679045
1.022020 -2.888798
2.994894 -0.168860
1.575418 -2.768074
3.512514 0.726214
3.336621 1.309016
0.261200 3.561786
-0.350779 3.403720
-2.558752 0.003052
-2.441414 -0.664823
0.083482 -0.052536
0.063925 -0.097802
0.076749 -0.295943
3.105060 -0.166026
0.043604 -0.236244
0.197462 -0.370790
-0.061980 -0.190123
0.080267 -0.200744
0.021082 -0.292897
0.401902 -0.614041
0.610741 -1.129490
0.702823 -1.408529
0.687030 -1.615333
0.839045 0.044540
3.129864 -0.236063
0.821573 0.014772
1.007955 -0.084926
1.004713 -0.018034
0.856782 -0.301158
1.074281 0.065384
0.869789 -0.030931
1.008037 -0.061706
0.854470 -0.553201
0.866216 -1.134219
0.975856 -1.376133
3.088089 -0.351032
1.092735 -1.475724
1.527768 0.353986
1.796686 0.397892
2.042499 0.443304
2.239335 0.435348
0.726466 0.735644
0.720713 0.784687
0.821322 0.926622
0.790806 0.891265
0.941801 0.806288
3.178160 -0.162910
0.685415 0.954747
0.760982 0.816708
0.831222 0.871063
1.206533 0.718923
1.717909 0.681700
2.034083 0.771743
2.168611 0.850579
0.490916 1.200145
0.351406 1.712792
0.315990 1.968431
2.674291 0.246605
0.374490 2.254925
-0.001417 0.609032
-0.031089 0.569427
-0.107653 0.791463
-0.145400 0.676453
-0.032360 0.875504
-0.276478 0.532141
-0.032928 0.696239
-0.113296 0.768192
0.070627 1.101980
2.778261 0.319018
0.021825 1.821232
0.021040 1.940624
-0.034614 2.095222
-0.462972 0.385803
-0.955188 0.266365
-1.123535 0.220940
-1.423684 0.255315
-0.515370 -0.050417
-0.898947 -0.031655
-1.186183 -0.106785
