1005 2
2.084721 -0.722273
2.221012 -0.808872
2.398658 -0.412536
0.969489 1.720345
-0.555631 -2.024790
0.128672 -0.561803
0.421235 -0.026892
-0.227519 0.270362
-0.478501 -0.372722
1.343404 2.028229
1.397593 2.082528
1.413885 2.235111
1.461428 2.225518
1.593703 2.125025
1.494135 2.246090
0.902946 2.000367
1.037246 2.070603
0.954201 1.728285
2.262674 -1.063463
1.206674 2.103874
1.181362 2.214889
1.308736 2.310615
1.256804 2.386689
1.460346 2.473627
1.263083 2.643810
1.204888 2.434545
0.533927 1.763918
0.643985 2.022177
0.758610 2.128707
2.414349 -0.888773
0.757182 1.715958
0.888424 2.234585
0.993904 2.349251
0.919687 2.575238
0.891176 2.597956
0.832562 2.597307
0.520907 1.989881
0.483963 2.205690
0.323665 2.144457
0.210084 2.311501
2.499610 -0.514695
0.480801 1.862209
0.394486 1.937552
0.516837 2.335365
0.232443 2.379900
0.498416 2.482036
0.249540 2.585962
0.415397 2.630472
0.269776 2.685607
0.392271 2.647038
0.132401 2.688137
2.417447 -1.208837
0.624711 2.856439
0.372985 2.672048
0.137558 2.691793
0.051651 2.264223
-0.086304 2.339564
0.256689 2.082033
-0.053006 2.420221
0.022410 2.529364
-0.108310 2.662770
-0.128092 2.682353
2.615596 -0.706950
0.323243 2.798248
0.094733 2.720833
-0.181053 2.687035
-0.296922 2.334805
-0.254119 2.347833
-0.337889 2.421414
-0.385835 2.537105
-0.291269 2.618831
-0.351066 2.667603
-0.201504 2.684679
2.634031 -0.532786
-0.344565 2.675030
-0.513790 2.333390
-0.566256 2.328192
-0.700006 2.376706
-0.589505 2.463752
-0.577762 2.590526
-0.617506 2.617746
-0.458997 2.646131
-0.557649 2.636081
-0.943963 2.237274
2.599948 -1.273277
-0.876688 2.277382
-0.893133 2.320969
-0.859160 2.410851
-0.834900 2.488122
-0.845305 2.537358
-0.719204 2.559655
-0.935453 2.549244
-1.080647 2.173787
-1.087150 2.215472
-1.075236 2.282426
2.658865 -0.769111
-1.110817 2.336986
-1.195785 2.364456
-1.129263 2.459159
-1.157248 2.387303
-1.212317 2.437348
-1.265300 2.090926
-1.290197 2.113358
-1.230022 2.204179
-1.317937 2.209429
-1.364952 2.300014
2.660071 -0.414914
-1.404103 2.323472
-1.423653 2.344577
-1.470179 1.945797
-1.463551 1.961462
-1.428376 2.070397
-1.510971 2.095169
-1.654883 2.129568
-1.584402 2.222714
-1.523462 2.224214
-1.593962 2.229870
2.151385 -0.527554
2.808097 -1.103010
-1.671236 1.744354
-1.659650 1.780021
-1.658786 1.886602
-1.816694 1.909437
-1.874139 1.964601
-1.844940 2.024461
-1.770440 2.075547
-1.853294 2.083733
-1.753455 1.604679
-1.812160 1.601699
2.679802 -0.877687
-1.866286 1.688843
-1.928165 1.769087
-1.957909 1.896557
-1.964423 1.931954
-1.972334 1.945407
-2.108534 1.847967
-1.882910 1.143521
-1.924149 1.424219
-1.734432 1.050470
-2.039127 1.484078
2.687234 -0.422360
-2.148647 1.511004
-2.307912 1.620374
-2.297601 1.649658
-2.251788 1.759163
-2.315372 1.657388
-1.941531 0.979967
-2.066651 1.179895
-1.781152 0.972432
-2.129673 1.302697
-2.325553 1.367262
2.648059 -1.198381
-2.383012 1.485348
-2.468863 1.459258
-2.398253 1.648052
-2.610065 1.434639
-2.465000 1.501412
-1.898361 0.702698
-2.156723 0.798628
-2.238772 0.865320
-1.793300 0.827173
-2.342784 0.977502
2.609730 -1.227989
-2.515849 1.061145
-2.664853 1.201440
-2.616005 1.304417
-2.612056 1.311817
-2.184912 0.540967
-2.319112 0.590666
-2.284257 0.280460
-2.356812 0.328215
-2.005066 0.475364
-2.023199 0.383627
2.234057 -0.345007
-2.454967 0.565559
-2.463496 0.370045
-2.534778 0.604450
-2.602430 0.288337
-2.740639 0.659925
-2.745078 0.464669
-2.725654 0.761280
-2.785047 0.352120
-2.872937 0.949377
-2.695710 0.817309
2.324938 -0.221799
-2.768753 0.465541
-2.328648 0.076685
-2.400877 0.037792
-2.197889 0.216908
-2.499727 0.073754
-2.587426 0.124215
-2.706156 0.148152
-2.773624 0.021292
-2.843814 0.582804
-2.793299 0.407022
2.109959 -0.447092
-2.789111 0.013805
-2.407930 -0.289180
-2.445598 -0.278788
-2.516136 -0.289234
-2.610206 -0.306857
-2.689856 -0.326276
-2.737688 -0.308845
-2.740096 -0.152817
-2.765178 -0.243200
-2.389647 -0.551471
2.382454 -0.170137
-2.418385 -0.570994
-2.476642 -0.538862
-2.563107 -0.626200
-2.661913 -0.686876
-2.713008 -0.595404
-2.701764 -0.467509
-2.687277 -0.734095
-2.339383 -0.811843
-2.404654 -0.826255
-2.437173 -0.785335
2.508296 -0.288397
-2.487715 -0.892238
-2.576250 -0.952984
-2.612159 -0.979833
-2.656845 -0.734255
-2.640679 -0.954725
-2.274219 -1.077837
-2.318084 -1.060383
-2.400617 -1.082383
-2.423526 -1.115079
-2.503802 -1.156421
2.298361 -0.467557
2.611190 -0.241690
-2.551175 -1.195733
-2.544595 -1.127558
-2.582680 -1.175249
-2.217250 -1.257579
-2.249460 -1.280988
-2.263368 -1.332711
-2.310107 -1.405603
-2.359661 -1.506307
-2.437400 -1.557414
-2.516746 -1.429174
2.642286 -0.189883
-2.112606 -1.464742
-2.085981 -1.563940
-2.117992 -1.578155
-2.146248 -1.658964
-2.242956 -1.680067
-2.290252 -1.752673
-2.420547 -1.541769
-2.372313 -1.734823
-1.907167 -1.712958
-1.906824 -1.763567
2.751687 -0.718447
-2.016739 -1.744525
-2.026566 -1.776683
-2.176945 -1.841730
-2.136550 -2.011925
-2.271966 -1.776016
-2.154009 -2.039244
-1.566017 -1.938233
-1.754381 -1.863065
-1.769058 -2.008335
-1.873408 -2.089428
2.691982 -0.524155
-1.911614 -2.182858
-1.940155 -2.268800
-2.121695 -2.018952
-1.995827 -2.245555
-1.293667 -2.041742
-1.512359 -2.090882
-1.216874 -1.921165
-1.589042 -2.158308
-1.652552 -2.244103
-1.747960 -2.392959
2.669861 -0.154229
-1.753554 -2.433371
-1.875616 -2.255588
-1.871964 -2.385674
-1.093507 -2.087409
-1.293790 -2.183311
-1.027784 -1.956659
-1.435547 -2.277033
-1.479097 -2.406820
-1.620353 -2.481899
-1.625473 -2.579737
2.287377 0.303738
-1.637108 -2.743552
-1.538213 -2.868672
-1.582327 -2.652252
-0.842949 -2.081412
-0.902668 -2.234136
-0.925448 -2.407557
-0.994345 -2.034721
-1.034413 -2.496650
-1.142100 -2.594431
-1.171660 -2.797140
2.330966 0.279147
-1.379265 -2.773641
-1.390814 -2.802855
-0.702915 -2.293989
-0.722596 -2.412711
-0.460447 -2.353298
-0.441388 -2.472447
-0.663891 -2.108167
-0.556772 -2.157943
-0.742358 -2.552291
-0.504782 -2.673142
2.374382 0.066463
-0.706763 -2.698328
-0.510489 -2.711378
-0.621751 -2.873166
-0.492377 -2.866221
-0.727076 -2.893548
-0.464472 -2.894625
-1.038214 -3.003080
-0.844462 -2.906408
-0.530860 -2.918489
-0.189912 -2.448870
2.477191 0.172542
-0.089864 -2.562522
-0.479931 -2.237376
-0.054298 -2.651441
-0.139240 -2.783590
-0.248043 -2.868508
-0.231570 -2.911384
-0.617662 -2.980958
-0.365795 -2.924109
-0.034030 -2.900774
0.195083 -2.549326
2.545815 0.181834
0.204104 -2.572404
0.190249 -2.624604
0.086263 -2.720958
0.082006 -2.826371
0.137239 -2.883210
-0.093018 -2.876895
0.061632 -2.902504
0.445000 -2.539977
0.403731 -2.542687
0.423283 -2.570324
1.857642 -0.926718
2.581833 0.238765
0.579104 -2.667711
0.448502 -2.810872
0.489807 -2.827811
0.309016 -2.831342
0.405074 -2.855040
0.640314 -2.465736
0.653102 -2.505558
0.742744 -2.539654
0.749970 -2.628010
0.770828 -2.729435
2.608231 -0.130191
0.799796 -2.751931
0.680624 -2.758152
0.833451 -2.749273
0.790958 -2.422148
0.917628 -2.418940
0.985136 -2.447253
0.985260 -2.561240
1.106387 -2.594117
1.018930 -2.677967
1.068688 -2.630780
2.624458 0.122745
1.055921 -2.675224
1.112090 -2.311207
1.098901 -2.338006
1.134391 -2.350598
1.210158 -2.430050
1.210064 -2.553325
1.326928 -2.513788
1.418906 -2.499086
1.237362 -2.220865
1.291247 -2.204934
2.210389 0.575489
1.385667 -2.213157
1.464183 -2.226285
1.402420 -2.424523
1.543213 -2.402339
1.212347 -2.550916
1.598074 -2.381245
1.539200 -1.835521
1.592437 -1.897709
1.609163 -2.062177
1.658162 -2.099679
2.291522 0.454940
1.695270 -2.217027
1.740109 -2.265071
1.695398 -2.254275
1.797168 -2.229985
1.714727 -1.552311
1.726743 -1.668829
1.758073 -1.877856
1.938581 -1.865850
1.955333 -1.971005
1.917212 -2.107922
2.325141 0.468407
1.878494 -2.120295
1.871901 -2.165082
1.763460 -1.394595
1.908922 -1.467492
1.730684 -1.351017
1.989447 -1.536554
2.028022 -1.750254
2.136387 -1.830521
2.110648 -1.918406
2.085911 -1.928805
2.415175 0.326667
2.245160 -1.814235
1.875102 -1.157145
2.083261 -1.309680
1.750410 -1.181498
2.124361 -1.349770
2.201987 -1.475587
2.273079 -1.618093
2.347390 -1.657443
2.401260 -1.737762
2.568917 -1.533083
2.474427 0.435621
2.385151 -1.671204
1.782891 -1.033981
-0.113413 -0.183514
0.005017 -0.195526
0.223663 -0.316809
0.232161 -0.324838
0.129778 0.146929
0.111171 0.175537
-0.381850 -0.021679
-0.408861 -0.001892
2.548748 0.476882
-0.196118 -0.453181
-0.218613 -0.475345
0.133671 -0.546371
0.212880 0.049110
-0.189713 0.229453
-0.411169 -0.346029
0.092656 -0.411805
0.244298 -0.071984
-0.155648 0.088888
-0.404853 -0.326257
2.521945 0.409201
-0.043734 -0.224198
0.208566 -0.300333
0.002575 0.052214
-0.314507 -0.032056
-0.160601 -0.444700
0.051840 -0.412611
0.177997 0.010840
-0.217451 0.027109
-0.266912 -0.238082
0.002483 -0.097104
2.008433 -0.928451
2.551538 0.461312
0.136814 -0.287099
-0.011882 0.016258
-0.282646 -0.091289
-0.157668 -0.389503
0.032473 -0.305430
0.101526 -0.065145
-0.096333 0.072436
-0.261735 -0.250319
0.044827 -0.065689
0.421797 -0.410178
2.142688 0.799884
0.552853 -0.372996
0.253439 -0.522774
0.546361 -0.155612
0.295458 -0.491731
0.429508 -0.126822
0.444830 -0.366923
0.260833 -0.431038
0.439792 -0.155417
0.316058 -0.268801
0.712483 -0.415148
2.220652 0.680458
0.633496 -0.421548
0.546862 -0.635644
0.696467 -0.197320
0.506873 -0.576485
0.679342 -0.228116
0.691255 -0.432862
0.483936 -0.312133
0.853331 -0.512138
0.879455 -0.504663
0.643052 -0.424758
2.278011 0.672860
0.558302 -0.617731
0.739298 -0.618372
0.689021 -0.172122
0.893924 -0.397392
0.926647 -0.498447
0.854652 -0.459137
1.169777 -0.621513
1.135876 -0.615716
1.200295 -0.732800
1.331927 -0.611674
2.314332 0.737047
1.119033 -0.580167
1.078356 -0.556230
1.435764 -0.734896
1.441836 -0.713494
1.395043 -0.787356
1.531513 -0.653126
1.350612 -0.684495
1.309781 -0.660753
1.622122 -0.785172
1.761013 -0.838302
2.391015 0.924763
1.632222 -0.953999
1.612225 -0.699342
1.564589 -0.763663
1.502097 -0.731158
1.937263 -0.922386
2.073734 -0.962076
2.018972 -0.913094
2.254494 -1.057492
2.351137 -1.101623
2.327828 -1.072887
2.464201 0.758995
2.335520 -1.103016
2.445373 -1.143408
2.624079 -1.241536
2.937773 -1.367948
3.187359 -1.567583
3.047647 -1.444044
3.312020 -1.613262
3.234068 -1.575211
3.350604 -1.627931
3.402255 -1.656429
2.462703 0.630576
2.413332 -1.149667
2.740131 -1.303887
3.005005 -1.422471
3.092139 -1.459426
3.317086 -1.588900
3.435968 -1.617604
3.504819 -1.635024
2.635320 -1.302093
2.902657 -1.361471
3.021244 -1.418355
2.472993 0.759957
3.216113 -1.442177
3.459592 -1.578947
3.530687 -1.593982
3.595403 -1.619198
2.803330 -1.333917
2.984143 -1.413059
3.059658 -1.421144
3.334543 -1.455183
3.459380 -1.471225
3.593885 -1.565512
2.098989 0.948110
3.657137 -1.614175
2.762329 -1.332314
2.924176 -1.367188
2.905799 -1.453652
2.961642 -1.232387
3.044722 -1.402929
3.293509 -1.456148
3.141289 -1.491611
3.191037 -1.389448
3.462289 -1.506092
2.149619 -1.091366
2.099199 1.002002
3.392657 -1.472614
3.389977 -1.412025
3.533619 -1.541570
3.530010 -1.511838
3.544933 -1.496961
3.581075 -1.561429
3.638570 -1.594320
3.671140 -1.615677
2.747809 -1.258058
2.832747 -1.322047
2.184033 0.978718
3.004547 -1.375045
3.209913 -1.438362
3.390852 -1.471643
3.481324 -1.509757
0.222436 0.417559
0.147818 0.359978
0.302441 0.238773
-0.030711 0.328025
0.358989 0.236578
-0.011636 0.350915
2.238789 1.015601
0.144624 0.352250
0.215369 0.120765
-0.055256 0.284164
0.101023 0.274406
0.224787 0.589435
0.279700 0.551445
0.394102 0.345529
-0.020747 0.587912
0.376994 0.375733
0.022529 0.505973
2.284447 1.081085
0.234572 0.617110
0.235530 0.685429
0.271759 0.701166
0.324137 0.899987
0.149186 0.553197
0.557923 0.362212
0.404855 0.823230
-0.053491 0.571049
0.190775 0.866840
0.307242 0.839637
2.361272 1.078478
0.283529 0.842971
0.414183 1.168703
0.377640 1.056454
0.473222 1.079449
0.321038 1.248760
0.353651 1.008389
0.342657 0.977722
0.491986 1.469170
0.451725 1.275372
0.625526 1.452283
2.301091 1.137721
0.397006 1.483239
0.424228 1.151208
0.394791 1.080650
0.509669 1.614257
0.548019 1.654282
0.661739 1.644176
0.429621 1.599931
0.581295 1.680374
0.583514 1.615309
0.635084 1.861378
2.419012 0.966186
0.720425 1.988765
0.716978 1.893620
0.753580 2.133564
0.897882 2.333802
0.891224 2.289939
0.868544 2.273724
0.968525 2.472122
1.055734 2.682815
1.142915 2.828530
1.241646 3.110603
1.972298 1.165290
1.172119 3.005304
1.272966 3.292270
1.271361 3.247316
1.292869 3.386264
1.250870 3.474030
0.984945 2.519033
1.043832 2.682127
1.113668 2.871000
1.169982 3.178554
1.223815 3.354872
1.988094 1.216421
1.250372 3.483833
1.260946 3.518736
1.002601 2.652332
1.079373 2.850052
1.151412 3.035079
1.179797 3.298871
1.189294 3.475122
1.229481 3.528744
1.219855 3.641051
0.994950 2.900614
2.046826 1.208693
1.049444 3.035282
1.070932 3.148307
1.105074 3.354783
1.128425 3.584795
1.172087 3.669218
1.186932 3.692396
0.901270 2.802048
0.951726 3.031133
1.087727 3.010954
0.956550 3.083486
1.939121 -0.745948
2.114671 1.260625
1.003726 3.120803
1.047633 3.325051
1.158410 3.158469
0.983276 3.191089
1.098963 3.472385
1.141123 3.430406
1.074963 3.422813
1.163353 3.659317
1.155164 3.622728
1.149139 3.621753
2.185804 1.300627
1.162187 3.698956
1.181330 3.676274
1.168197 3.700073
0.888396 2.766314
0.901012 2.909173
0.974715 3.073638
0.993107 3.285692
1.057914 3.420805
1.115619 3.592897
-0.584403 0.017707
2.214378 1.343506
-0.531759 0.094539
-0.427271 0.217874
-0.546334 -0.185734
-0.409406 0.180008
-0.556769 -0.116120
-0.529946 0.048890
-0.379372 0.140526
-0.515845 -0.080986
-0.590542 0.078715
-0.710033 0.225815
2.290771 1.252101
-0.743703 0.109964
-0.529449 0.374327
-0.753163 -0.054370
-0.469203 0.308497
-0.674720 -0.102659
-0.772340 0.134122
-0.805949 0.121160
-1.000133 0.239675
-1.042550 0.265113
-0.723618 0.058509
1.755944 1.483092
-0.580371 0.368933
-0.880187 0.313469
-0.767002 -0.164993
-0.970618 0.083562
-1.071508 0.251138
-0.995480 0.219146
-1.346912 0.422108
-1.201610 0.335194
-1.202964 0.444376
-1.217179 0.198751
1.803323 1.495555
-1.200565 0.315010
-1.209429 0.304458
-1.643496 0.467540
-1.615022 0.511253
-1.467607 0.589150
-1.635284 0.419301
-1.509184 0.475566
-1.378451 0.392286
-1.737802 0.574981
-1.794200 0.596546
1.900056 1.459514
-1.651460 0.683314
-1.758060 0.450056
-1.738309 0.583007
-1.587098 0.522278
-2.029954 0.727746
-2.193884 0.792171
-2.018716 0.708110
-2.301162 0.875241
-2.399282 0.892879
-2.396660 0.885262
1.958411 1.538813
-2.417896 0.933038
-2.557954 0.990766
-2.891099 1.063843
-2.991537 1.073943
-3.190205 1.122688
-3.082731 1.102653
-3.384589 1.165490
-3.257907 1.149440
-3.408160 1.179964
-3.488287 1.189540
2.051452 1.512258
-2.589628 1.021211
-2.760854 1.084329
-2.982541 1.113329
-3.234328 1.181987
-3.383775 1.195399
-3.497366 1.238241
-3.556227 1.241799
-2.673756 1.100366
-2.891583 1.193901
-3.194363 1.245873
2.024997 1.600724
-3.323861 1.294336
-3.513078 1.382525
-3.580158 1.333906
-3.642375 1.387416
-2.822837 1.253823
-3.020101 1.360351
-3.198574 1.330785
-3.311321 1.391502
-3.570109 1.442918
-3.660214 1.432739
1.947149 -0.672839
2.162724 1.455922
-3.680249 1.437149
-2.758593 1.282564
-2.966906 1.334544
-2.931210 1.474321
-3.100350 1.209663
-3.107596 1.400168
-3.284512 1.440441
-3.173055 1.476100
-3.241560 1.281485
-3.571584 1.528649
2.108691 1.571374
-3.489814 1.449369
-3.443447 1.403111
-3.644797 1.480499
-3.611986 1.453190
-3.593723 1.437719
-3.669265 1.482193
-3.671963 1.461376
-3.671066 1.449034
-2.709895 1.314496
-2.924965 1.340880
1.672502 1.580063
-3.053162 1.441863
-3.258615 1.473620
-3.405586 1.524174
-3.588275 1.501656
-0.328475 -0.718830
-0.314315 -0.653972
-0.385593 -0.529267
-0.027686 -0.673023
-0.370754 -0.455097
-0.061647 -0.609856
1.639932 1.630107
-0.234415 -0.636463
-0.415638 -0.499422
-0.108431 -0.562955
-0.236807 -0.651845
-0.372359 -0.874938
-0.373824 -0.795215
-0.553855 -0.655317
-0.052747 -0.899891
-0.501234 -0.615672
-0.107730 -0.761710
1.707567 1.720318
-0.336194 -0.868878
-0.315632 -0.835989
-0.435927 -1.041129
-0.451396 -1.113197
-0.333521 -0.831377
-0.518184 -0.720465
-0.513143 -1.046570
0.138984 -0.890237
-0.352885 -1.144043
-0.416660 -1.037666
1.746654 1.758679
-0.401289 -1.069763
-0.588954 -1.506089
-0.550770 -1.386512
-0.708237 -1.471667
-0.483951 -1.513182
-0.528860 -1.340654
-0.478157 -1.251624
-0.695758 -1.718642
-0.624231 -1.647793
-0.793763 -1.684806
1.863227 1.763302
-0.567652 -1.743576
-0.629496 -1.516297
-0.589428 -1.440849
-0.755000 -1.868747
-0.768647 -1.957473
-0.858570 -1.850771
-0.612135 -1.925598
-0.745931 -1.892579
-0.682521 -1.571021
-0.856601 -2.177806
1.917262 1.793496
-0.859784 -2.195978
-0.848751 -2.087340
-0.945915 -2.387246
-0.998243 -2.582593
-1.000695 -2.634730
-0.988776 -2.488732
-1.034067 -2.576839
-1.120074 -2.854515
-1.217491 -3.040005
-1.287540 -3.273186
1.970199 1.726816
-1.270119 -3.230738
-1.440550 -3.573146
-1.341850 -3.395255
-1.399726 -3.505574
-1.529929 -3.757975
-1.119892 -2.690744
-1.161200 -2.832740
-1.235697 -3.131247
-1.303624 -3.322622
-1.398908 -3.538899
1.930145 1.761444
-1.503425 -3.731854
-1.562783 -3.801186
-1.198825 -2.909221
-1.270995 -3.096843
-1.308221 -3.298461
-1.364447 -3.455518
-1.441577 -3.641431
-1.492653 -3.797867
-1.532455 -3.858244
-1.298365 -3.071594
2.296554 -0.811515
1.452317 1.731541
-1.363746 -3.187347
-1.386043 -3.369204
-1.417703 -3.587428
-1.477438 -3.750782
-1.506429 -3.886366
-1.516437 -3.915263
-1.374868 -2.984911
-1.387953 -3.187039
-1.451825 -3.134977
-1.190083 -3.185107
1.407742 1.773075
-1.399572 -3.276448
-1.408826 -3.486688
-1.497242 -3.271433
-1.299859 -3.384899
-1.407756 -3.615173
-1.489961 -3.731992
-1.421067 -3.684172
-1.466594 -3.834269
-1.494602 -3.830726
-1.489012 -3.852767
1.589344 1.820420
-1.497278 -3.892290
-1.519971 -3.930174
-1.505875 -3.924044
-1.429831 -2.950921
-1.419218 -3.116408
-1.415162 -3.228532
-1.406698 -3.402553
-1.446456 -3.724600
-1.447953 -3.785348
2.660467 -1.567093
1.584024 1.908013
2.921615 -1.093789
1.235673 2.903098
0.866293 3.096332
-2.829303 1.534166
-3.040114 1.052675
-1.533142 -3.023093
-1.093014 -3.185964
0.170285 -0.698196
0.092966 -0.657680
0.198783 -0.848997
1.717530 1.956564
0.190420 -0.783974
0.385828 -0.792437
0.025541 -0.899964
0.184302 -0.703981
0.300332 -0.807900
0.724821 -0.717933
1.133598 -0.767987
1.434032 -0.909998
1.530215 -0.969755
0.465774 0.113986
1.686433 2.045491
0.459414 0.066626
0.630713 0.203692
0.577097 0.114460
0.749058 -0.138762
0.537878 0.281405
0.542187 0.036354
0.647611 0.090155
0.883191 -0.275298
1.226831 -0.479709
1.543966 -0.634900
1.814641 1.879549
1.807771 -0.646325
0.471359 0.653451
0.509062 1.016363
0.676408 1.485401
0.795448 1.597672
-0.288408 0.342548
-0.189492 0.344089
-0.358473 0.483312
-0.304784 0.496234
-0.175802 0.558590
1.693933 2.080216
-0.534286 0.434977
-0.297971 0.428424
-0.478964 0.476487
0.147788 0.954681
0.215336 1.181998
0.344010 1.437858
0.380203 1.591557
-0.731931 0.397599
-1.202940 0.479323
-1.438496 0.600713
1.160545 1.811237
-1.549435 0.709029
-0.585375 -0.452123
-0.545216 -0.327225
-0.746192 -0.380164
-0.701787 -0.387966
-0.802785 -0.170082
-0.671858 -0.528788
-0.649289 -0.305275
-0.683426 -0.566273
-1.037623 0.009718
1.320461 1.938152
-1.279749 0.163095
-1.597878 0.314275
-1.826276 0.357184
-0.618160 -0.738490
-0.749579 -1.513087
-0.821489 -1.667498
-0.935768 -1.800849
-0.243435 -1.118080
-0.435795 -1.445645
-0.543179 -1.794998
