1005 2
2.284330 -1.483252
2.372298 -1.554258
2.262870 -1.880900
-0.261090 -2.154849
1.498755 1.214237
0.842661 -0.071678
0.555419 -0.655560
-0.094768 -0.311579
0.272345 0.221561
-0.381973 -2.520364
-0.309292 -2.675076
-0.480963 -2.808062
-0.488499 -2.824580
-0.194477 -2.883302
-0.341150 -2.836674
-0.514179 -2.174010
-0.510376 -2.356521
-0.348111 -2.130656
2.600022 -1.404396
-0.521704 -2.459846
-0.594402 -2.587104
-0.616170 -2.778731
-0.739170 -2.758030
-0.579463 -2.903416
-0.755370 -2.866876
-0.827420 -2.745141
-0.616888 -1.979512
-0.679248 -2.156707
-0.727048 -2.236617
2.478906 -1.778337
-0.429612 -2.037423
-0.782620 -2.401024
-0.978105 -2.460572
-1.175462 -2.638130
-1.105807 -2.667046
-1.077969 -2.664571
-0.906647 -2.015841
-0.917956 -2.106606
-1.094355 -1.895322
-1.142545 -1.964685
2.276587 -2.027927
-0.753087 -1.887690
-0.838232 -1.844777
-1.048632 -2.200909
-1.327805 -1.995565
-1.270303 -2.232342
-1.455621 -2.073169
-1.467126 -2.332828
-1.546293 -2.210938
-1.398520 -2.398408
-1.564896 -2.213925
2.742033 -1.503638
-1.431588 -2.503599
-1.429040 -2.340765
-1.612469 -2.168602
-1.507476 -1.604870
-1.485690 -1.676876
-0.994937 -1.798903
-1.575395 -1.716237
-1.557775 -1.848665
-1.719051 -1.970799
-1.741654 -1.963369
2.634774 -2.024746
-1.566652 -2.463358
-1.683587 -2.075170
-1.726919 -1.997940
-1.603625 -1.494574
-1.635936 -1.527237
-1.664945 -1.546882
-1.756611 -1.572146
-1.796415 -1.791506
-1.833493 -1.821558
-1.759065 -1.919871
2.500729 -2.108221
-1.884349 -1.732989
-1.740242 -1.259616
-1.761514 -1.264171
-1.817546 -1.278532
-1.926623 -1.200909
-1.970655 -1.340571
-1.989496 -1.470782
-1.944456 -1.542934
-2.060568 -1.334850
-1.827248 -1.054808
2.885391 -1.758980
-1.840144 -1.056942
-1.902676 -1.056061
-1.967319 -1.046507
-2.074718 -1.047147
-2.100685 -1.116833
-2.058273 -1.168945
-2.112325 -1.210499
-1.892247 -0.753273
-1.926205 -0.774856
-1.958202 -0.869240
2.701121 -1.989846
-2.039734 -0.851599
-2.110734 -0.834504
-2.184382 -0.814462
-2.141611 -0.835432
-2.225298 -0.911562
-1.929314 -0.524745
-1.944030 -0.544039
-2.006009 -0.531116
-2.107917 -0.393857
-2.201103 -0.539807
2.512193 -2.130803
-2.241231 -0.516789
-2.251871 -0.574276
-1.927347 -0.343543
-1.985113 -0.151784
-2.060682 -0.145902
-2.149507 -0.125708
-2.204650 -0.217443
-2.258096 -0.230923
-2.230388 -0.445309
-2.270458 -0.359633
2.098477 -1.781973
2.804796 -2.026361
-1.927139 0.137391
-1.942673 0.104275
-2.038495 0.105000
-2.138858 0.126383
-2.222826 0.017103
-2.276927 0.174351
-2.236418 -0.103676
-2.304698 0.120418
-1.821182 0.382973
-1.917123 0.270653
2.760991 -1.952214
-2.019858 0.264090
-2.093711 0.313427
-2.212177 0.336237
-2.279175 0.284405
-2.247433 0.254197
-2.287894 0.389192
-1.705761 0.615227
-1.819689 0.592990
-1.570721 0.550192
-1.936952 0.651072
2.491810 -2.174763
-2.045604 0.791799
-2.178155 0.908498
-2.232851 0.651010
-2.245475 0.508146
-2.246732 0.624154
-1.608734 0.827609
-1.761918 0.820641
-1.380476 0.686196
-1.887245 0.883489
-2.026394 0.947193
2.925407 -1.831845
-2.132686 1.063102
-2.153059 1.084819
-2.287574 1.133898
-2.255531 1.340461
-2.133112 1.171759
-1.295135 0.944253
-1.531661 1.011653
-1.605714 1.066898
-1.430278 0.754851
-1.754466 1.219973
2.890373 -1.813248
-1.907967 1.379720
-2.031452 1.430909
-2.085265 1.351091
-2.032939 1.415685
-1.379465 1.163439
-1.513189 1.351409
-1.203413 1.524117
-1.305644 1.621595
-1.287256 1.069810
-1.208884 1.205771
2.034988 -1.899841
-1.593418 1.427881
-1.465503 1.574498
-1.666573 1.535846
-1.410410 1.752267
-1.737037 1.672143
-1.558208 1.887051
-1.757076 1.730762
-1.558770 1.913224
-1.978832 1.727008
-1.818515 1.705516
1.995986 -2.015705
-1.459103 2.021822
-1.050674 1.706749
-1.059387 1.798897
-1.163331 1.364380
-1.123546 1.885214
-1.272537 1.955305
-1.286581 2.053531
-1.356842 2.058551
-1.757504 1.878566
-1.520767 1.995304
2.003341 -1.719167
-1.307870 2.136742
-0.893511 1.874137
-0.907158 1.929260
-0.987421 1.917411
-1.002226 2.102258
-1.133643 2.156013
-1.081156 2.240989
-1.239654 2.131559
-1.042424 2.291868
-0.655629 2.055844
2.080063 -2.080027
-0.705619 2.040622
-0.705313 2.103977
-0.662846 2.233983
-0.726799 2.295763
-0.877981 2.329585
-0.995370 2.254823
-0.835338 2.372400
-0.380272 2.155883
-0.450542 2.176356
-0.516937 2.208863
2.083762 -2.200682
-0.483105 2.304320
-0.550145 2.344419
-0.463871 2.465330
-0.643415 2.334291
-0.435969 2.478137
-0.268611 2.210557
-0.139859 2.249568
-0.230596 2.276366
-0.191209 2.374866
-0.262662 2.447115
2.169545 -1.874595
2.258615 -2.270313
-0.247392 2.518112
-0.203637 2.457378
-0.241923 2.537378
0.032576 2.274906
0.123921 2.279567
0.054360 2.350292
0.004754 2.403874
0.008862 2.473229
-0.071745 2.544950
-0.041079 2.576234
2.294109 -2.286195
0.251093 2.277211
0.346822 2.279385
0.316248 2.360806
0.270353 2.419384
0.279338 2.520177
0.326061 2.562480
0.036890 2.514195
0.364960 2.602680
0.572635 2.248398
0.574469 2.271423
2.608702 -2.120003
0.521490 2.310482
0.598180 2.443390
0.541969 2.529985
0.639581 2.584038
0.407582 2.559508
0.582076 2.598720
1.008534 2.090934
0.798588 2.196277
0.845067 2.306381
0.809296 2.474009
2.426311 -2.212008
0.855601 2.563527
0.804738 2.580075
0.698891 2.558952
0.799107 2.594526
1.188747 2.019313
1.237804 2.110481
1.125493 1.949696
1.227403 2.255802
1.305474 2.349976
1.384996 2.495780
2.316759 -2.305429
1.314132 2.545703
1.043425 2.580998
1.362889 2.531959
1.426599 1.902391
1.395970 2.039092
1.235114 1.810523
1.475332 2.195354
1.523578 2.331125
1.522077 2.456034
1.596832 2.482851
1.762619 -2.197980
1.539997 2.623155
1.726589 2.592606
1.718415 2.422931
1.449034 1.654722
1.550263 1.856781
1.558092 1.913058
1.344953 1.709210
1.696469 2.051953
1.815776 2.149968
2.032230 2.308627
1.806366 -2.227270
2.020113 2.340885
1.906604 2.368578
1.742265 1.682427
1.828140 1.800114
1.908967 1.555100
2.049913 1.612593
1.656525 1.522217
1.737600 1.464842
1.980667 1.890747
2.144148 1.706534
1.893004 -2.230470
2.039161 1.982962
2.331103 1.709661
2.253361 2.052387
2.381795 1.918687
2.231602 2.111581
2.420781 1.941446
2.254016 2.309982
2.299072 2.080833
2.419011 1.959823
2.101568 1.454122
1.874897 -2.302397
2.205860 1.454366
1.821056 1.426987
2.431882 1.450644
2.516137 1.543483
2.586700 1.555100
2.605175 1.708915
2.386106 2.108124
2.498956 1.869289
2.672995 1.669351
2.386556 1.264353
1.964746 -2.430039
2.470874 1.221656
2.547087 1.242802
2.622603 1.319949
2.694635 1.418445
2.813918 1.381845
2.645229 1.552883
2.809851 1.437678
2.594604 0.995227
2.611487 1.002483
2.686662 1.061968
2.183327 -1.172588
1.932880 -2.502500
2.765450 1.101416
2.828753 1.193064
2.841833 1.326386
2.820287 1.253536
2.875565 1.332466
2.681580 0.783666
2.673467 0.846830
2.772672 0.818649
2.868491 0.800698
2.960985 0.822244
2.063496 -2.426615
2.999537 0.844788
2.934809 0.973269
3.024438 0.831163
2.693696 0.643117
2.779995 0.616942
2.835638 0.641985
2.947435 0.556927
3.012783 0.635908
3.060429 0.685604
3.019755 0.548619
1.883457 -2.576194
3.106461 0.583875
2.795141 0.305700
2.840610 0.301035
2.887144 0.288001
2.970891 0.284318
3.040535 0.394618
3.089843 0.366221
3.161994 0.400324
2.795480 -0.198755
2.837400 0.021356
1.535133 -2.320294
2.916018 -0.014279
2.975942 0.031707
3.079574 0.103202
3.127679 0.211716
3.081447 0.183447
3.154739 0.234610
2.760991 -0.441016
2.788973 -0.370805
2.913382 -0.228372
2.966249 -0.225766
1.588226 -2.342453
3.089798 -0.186938
3.154974 -0.264694
3.099439 -0.020200
3.188226 -0.339841
2.647180 -0.652875
2.785685 -0.507809
2.858310 -0.609556
2.964030 -0.563148
3.091906 -0.580646
3.154642 -0.590630
1.652744 -2.377892
3.144059 -0.486997
3.160177 -0.609246
2.530980 -0.854544
2.654577 -0.908230
2.556855 -0.751197
2.804121 -0.863234
2.939422 -0.937537
3.074425 -1.087231
3.110635 -0.983698
3.174230 -0.760765
1.620368 -2.491587
3.131182 -0.901371
2.449792 -1.011802
2.548182 -1.172574
2.320652 -0.922386
2.741401 -1.124705
2.888046 -1.253608
3.015590 -1.172935
3.064945 -1.177264
3.245594 -1.298498
3.163094 -1.457991
1.684632 -2.581725
3.054879 -1.233632
2.249044 -1.014389
0.394835 -0.207268
0.411693 -0.171054
0.724448 -0.391396
0.691737 -0.381883
0.129838 -0.564080
0.228869 -0.488239
0.086233 -0.051142
0.081830 -0.021330
1.743082 -2.634941
0.691538 0.105785
0.595765 0.084428
0.740833 -0.092819
0.465081 -0.620755
0.054829 -0.330335
0.348551 0.196042
0.727689 -0.126483
0.509333 -0.526379
0.039000 -0.273016
0.362440 0.140977
1.889705 -2.510705
0.311787 -0.267305
0.679423 -0.315841
0.182732 -0.510622
0.167096 -0.071473
0.575834 0.072167
0.644163 -0.084325
0.471392 -0.471680
0.061781 -0.235975
0.366051 0.047178
0.295218 -0.249296
2.448400 -1.314706
1.702530 -2.667970
0.623540 -0.401064
0.261920 -0.385376
0.176524 -0.043363
0.475989 -0.013157
0.666933 -0.146246
0.409116 -0.443694
0.180393 -0.282879
0.310772 -0.016451
0.344688 -0.142517
0.919141 -0.529394
1.330597 -2.399584
0.882267 -0.516206
0.894386 -0.328227
0.658927 -0.574123
0.881668 -0.294034
0.690094 -0.642519
0.867812 -0.465732
0.816582 -0.285647
0.655452 -0.568910
0.874381 -0.488505
1.048716 -0.578011
1.368553 -2.406336
1.056416 -0.606527
1.038848 -0.333409
0.862458 -0.774132
1.049745 -0.381175
0.743192 -0.692026
1.062686 -0.615712
1.072641 -0.565265
1.221143 -0.693414
1.264376 -0.688661
0.960257 -0.635267
1.446021 -2.454087
1.115141 -0.354054
1.220490 -0.597969
0.923388 -0.774323
1.221175 -0.815985
1.384799 -0.733538
1.256260 -0.679260
1.612309 -0.859990
1.580208 -0.814824
1.636803 -0.811366
1.510245 -0.975573
1.434411 -2.569190
1.558782 -0.822601
1.450173 -0.762881
1.788244 -0.983122
1.864699 -0.942148
1.882631 -0.911120
1.744951 -1.088676
1.791394 -0.914859
1.768902 -0.899948
2.037902 -1.093613
2.078117 -1.077529
1.482194 -2.671749
2.163881 -0.960397
1.966433 -1.181319
1.987722 -1.022716
1.964220 -0.990460
2.256094 -1.187195
2.387462 -1.217410
2.301508 -1.158636
2.573917 -1.383905
2.650925 -1.381994
2.569991 -1.317384
1.521026 -2.736011
2.641192 -1.421605
2.769948 -1.474668
3.037651 -1.523808
3.297451 -1.533177
3.512894 -1.579642
3.382845 -1.575406
3.635275 -1.602670
3.554241 -1.593708
3.736303 -1.668314
3.782688 -1.671811
1.609219 -2.683284
2.827311 -1.506398
2.993758 -1.555258
3.342319 -1.604686
3.459086 -1.633836
3.672398 -1.685657
3.822401 -1.717929
3.893835 -1.754558
2.947079 -1.594296
3.225314 -1.664225
3.420985 -1.644477
1.632154 -2.705407
3.588121 -1.732709
3.766064 -1.784132
3.895800 -1.859935
3.940546 -1.922782
3.116865 -1.704651
3.283255 -1.768297
3.451826 -1.818598
3.605854 -1.849563
3.824758 -1.918613
3.937535 -1.957695
1.142165 -2.444055
3.976189 -1.972818
3.066036 -1.806249
3.211944 -1.839282
3.283374 -1.673630
3.250559 -1.818454
3.435651 -1.873507
3.605966 -1.925223
3.480077 -1.677024
3.523335 -1.893028
3.752381 -1.959622
2.512046 -1.381421
1.057488 -2.493564
3.745257 -1.838342
3.759787 -1.914806
3.877052 -1.951987
3.880477 -1.934347
3.892188 -1.933213
3.939332 -1.971075
3.941500 -1.997030
3.967125 -1.964916
2.973931 -1.852441
3.142421 -1.878105
1.103231 -2.611971
3.327361 -1.881307
3.543189 -1.925195
3.719534 -1.994880
3.855933 -1.971922
0.109950 -0.714191
0.093290 -0.702722
0.254779 -0.753877
0.005643 -0.517242
0.348191 -0.737024
0.020692 -0.498308
1.198850 -2.659007
0.138968 -0.677690
0.284366 -0.698234
0.088214 -0.458587
0.161155 -0.639970
-0.039809 -0.941519
0.065565 -0.834005
0.245707 -0.905514
-0.142227 -0.700280
0.268690 -0.865466
-0.053224 -0.659417
1.221237 -2.773823
0.021484 -0.914018
0.020360 -0.930888
-0.046848 -1.018842
-0.082046 -1.100570
-0.039453 -0.865845
0.203979 -0.954749
-0.031815 -1.099660
-0.155913 -0.700153
-0.174168 -1.123446
-0.062579 -1.116056
1.264837 -2.846816
-0.018898 -1.067701
-0.278945 -1.377831
-0.237838 -1.337470
-0.127613 -1.408223
-0.356679 -1.317763
-0.192714 -1.345395
-0.195483 -1.402077
-0.415885 -1.650513
-0.362054 -1.591390
-0.331208 -1.692062
1.294416 -2.775655
-0.478964 -1.555369
-0.308549 -1.535442
-0.258412 -1.462004
-0.489818 -1.745943
-0.508850 -1.817530
-0.421159 -1.895406
-0.639928 -1.784916
-0.468693 -1.769418
-0.431060 -1.717123
-0.626976 -1.999634
1.318350 -2.836763
-0.674247 -2.107861
-0.560453 -1.902204
-0.762338 -2.279574
-0.853391 -2.458648
-0.806441 -2.404965
-0.868744 -2.421093
-0.938666 -2.565768
-1.022492 -2.775074
-1.082102 -3.009046
-1.133691 -3.188945
0.861609 -2.511791
-1.136915 -3.105263
-1.171895 -3.339856
-1.239720 -3.286975
-1.257662 -3.407217
-1.281997 -3.490418
-1.001247 -2.614833
-1.054064 -2.730892
-1.193464 -3.033201
-1.254233 -3.229801
-1.301378 -3.357288
0.921271 -2.527642
-1.335391 -3.410729
-1.377579 -3.524156
-1.143404 -2.756950
-1.248571 -3.039539
-1.257497 -3.151351
-1.380833 -3.295801
-1.392339 -3.355912
-1.487672 -3.516114
-1.562853 -3.585236
-1.287937 -2.817716
0.894536 -2.656355
-1.372803 -3.007734
-1.389358 -3.124945
-1.477474 -3.314912
-1.538704 -3.431970
-1.633815 -3.563261
-1.643937 -3.586555
-1.236371 -2.788861
-1.322612 -2.921597
-1.256288 -3.051311
-1.400159 -2.905475
2.126807 -1.341603
0.907950 -2.740392
-1.422549 -3.121268
-1.460562 -3.194782
-1.337956 -3.186720
-1.474754 -2.977111
-1.535886 -3.356631
-1.524596 -3.390206
-1.552635 -3.351660
-1.610611 -3.498363
-1.597076 -3.524053
-1.626032 -3.493855
1.076483 -2.787703
-1.632746 -3.534671
-1.653687 -3.603675
-1.644191 -3.554420
-1.154237 -2.733425
-1.302217 -2.866235
-1.404775 -3.018965
-1.495309 -3.188262
-1.532983 -3.299449
-1.617912 -3.449870
-0.088009 0.109927
0.962891 -2.863572
-0.027240 0.130579
-0.069735 -0.185913
0.060796 0.212703
-0.069320 -0.151409
0.049346 0.191306
-0.034639 0.102950
-0.040177 -0.124850
0.146311 0.146210
0.019857 -0.008722
-0.260463 0.240148
1.038727 -2.913317
-0.215883 0.267637
-0.270241 -0.017005
-0.038350 0.366072
-0.229683 -0.079055
-0.041287 0.296066
-0.277514 0.243077
-0.200579 0.183036
-0.426622 0.332286
-0.413344 0.333208
-0.205160 0.241082
0.575343 -2.540807
-0.296669 -0.039244
-0.473700 0.249103
-0.056731 0.414675
-0.313140 0.425978
-0.375164 0.318279
-0.326026 0.264301
-0.778611 0.558931
-0.707678 0.519471
-0.758574 0.402051
-0.586317 0.553547
0.512551 -2.580684
-0.587614 0.444559
-0.550071 0.422271
-1.009211 0.679839
-0.920174 0.645358
-1.027851 0.605807
-0.941325 0.804216
-0.836314 0.591023
-0.748547 0.557716
-1.147230 0.789202
-1.243481 0.831035
0.580630 -2.646836
-1.204359 0.677779
-1.164953 0.998181
-1.237839 0.801569
-1.134909 0.744148
-1.334970 0.898094
-1.507235 0.976121
-1.335870 0.867907
-1.608874 1.051627
-1.889634 1.184957
-1.794949 1.160479
0.625907 -2.734609
-1.794531 1.197708
-1.892707 1.235600
-2.139844 1.357190
-2.167870 1.365488
-2.627197 1.558813
-2.459655 1.486591
-2.770261 1.657089
-2.682702 1.589916
-2.794784 1.681749
-2.843538 1.741983
0.548765 -2.840791
-1.916992 1.303184
-2.126309 1.408256
-2.413445 1.525889
-2.604415 1.662023
-2.746195 1.713219
-2.848831 1.783434
-2.954785 1.928056
-2.139657 1.487747
-2.298625 1.550664
-2.495890 1.621076
0.541262 -2.892199
-2.648009 1.733495
-2.775849 1.847884
-2.895016 1.896524
-2.949085 2.001320
-2.217038 1.560594
-2.342141 1.664303
-2.492559 1.704504
-2.663565 1.822136
-2.802142 1.951404
-2.898765 2.021981
2.038547 -1.550696
1.027410 -2.832063
-2.952043 2.041563
-2.206818 1.541221
-2.315644 1.650209
-2.403066 1.574745
-2.320144 1.727072
-2.476274 1.756143
-2.578001 1.835295
-2.526380 1.642489
-2.560206 1.806887
-2.740112 1.964418
0.548923 -2.956098
-2.751437 1.881191
-2.703493 1.905413
-2.804582 2.013425
-2.906471 2.016543
-2.851609 2.012036
-2.882334 2.053660
-2.927164 2.043398
-2.975836 2.078991
-2.195460 1.515680
-2.285808 1.624801
0.180669 -2.532364
-2.396359 1.714892
-2.546154 1.821299
-2.678771 1.932609
-2.727715 1.975890
0.734364 0.293280
0.786034 0.226049
0.453540 0.276492
0.827866 0.125247
0.542236 0.268284
0.837255 0.102894
0.196238 -2.546302
0.711882 0.228204
0.477490 0.236194
0.836051 0.036227
0.710758 0.305586
0.834940 0.514243
0.823555 0.434680
0.555108 0.462350
0.967309 0.214730
0.563025 0.432102
0.878556 0.161295
0.325631 -2.625921
0.846179 0.505255
0.786680 0.421648
0.905717 0.593718
0.976701 0.789964
0.793256 0.471208
0.692772 0.522308
0.800513 0.668652
0.984908 0.221081
1.024422 0.620556
0.983670 0.800022
0.493348 -2.754177
0.921238 0.686332
1.148826 1.049178
1.109410 1.011515
0.958813 0.918391
1.144571 0.751393
1.060287 0.965953
1.014354 0.874238
1.266542 1.278274
1.223741 1.231604
1.183303 1.359339
0.313592 -2.872532
1.352889 1.108411
1.175867 1.241248
1.163973 1.167269
1.341545 1.408616
1.422161 1.547050
1.244695 1.536352
1.452665 1.401555
1.335135 1.462200
1.295370 1.464184
1.494909 1.682933
0.394156 -2.895715
1.517147 1.734198
1.442151 1.682019
1.654107 1.963563
1.718236 2.076104
1.715128 2.143232
1.721256 2.092807
1.785966 2.197510
1.909430 2.510695
1.984886 2.858348
2.035524 3.004160
0.466078 -2.869010
2.022554 2.885599
2.134229 3.151853
2.122029 3.097072
2.162511 3.178331
2.243889 3.246855
1.874985 2.316415
1.967541 2.491676
2.047313 2.674237
2.134337 2.950580
2.214718 3.104746
0.386078 -2.953319
2.270399 3.238535
2.294753 3.271829
1.970215 2.420996
2.105002 2.633420
2.165936 2.787652
2.229791 2.955241
2.291744 3.104089
2.355274 3.223299
2.449008 3.294023
2.136200 2.543528
2.348658 -1.809015
-0.086025 -2.379194
2.180456 2.678096
2.225682 2.810797
2.351593 2.979017
2.408600 3.121843
2.462571 3.258670
2.502347 3.292384
2.120647 2.469791
2.254547 2.680199
2.059301 2.691042
2.263150 2.583428
0.053268 -2.523381
2.292955 2.779132
2.376930 2.928178
2.257066 2.897119
2.337858 2.739164
2.428737 3.048671
2.384398 3.072425
2.408573 3.042473
2.456524 3.138705
2.428364 3.175982
2.473543 3.223624
0.001822 -2.591910
2.509460 3.271516
2.529729 3.318369
2.497815 3.284274
2.095979 2.449727
2.244629 2.621759
2.296615 2.727263
2.356233 2.814314
2.428762 3.002620
2.482026 3.133761
3.330995 -1.510376
-0.149850 -2.705200
2.996676 -2.006521
-1.009711 -3.053997
-1.505643 -2.649521
-2.379298 1.425891
-2.181998 1.831288
2.006112 2.740960
2.325579 2.351706
0.940405 -0.174394
0.892454 -0.097520
1.079284 -0.094406
-0.086027 -2.821795
1.067363 -0.088081
1.158751 -0.305482
1.040204 0.118303
0.996320 -0.112748
1.099657 -0.075819
1.423872 -0.594103
1.675549 -0.766750
1.876373 -0.877971
2.130227 -0.902148
0.540719 -0.775821
0.097871 -2.872462
0.537559 -0.743356
0.585230 -0.909119
0.501847 -0.868618
0.754556 -0.841502
0.396204 -0.952308
0.541284 -0.780697
0.624218 -0.855622
1.154733 -0.892167
1.582745 -1.017123
1.722856 -1.115456
0.202482 -2.916562
1.887796 -1.295267
0.139182 -1.153584
-0.027831 -1.320145
-0.349067 -1.828937
-0.310551 -1.968178
-0.085921 -0.369049
-0.109410 -0.289030
-0.284699 -0.375899
-0.217742 -0.351511
-0.210016 -0.596442
-0.062844 -2.892603
-0.342766 -0.117021
-0.155989 -0.352089
-0.244930 -0.457345
-0.263319 -0.854218
-0.430037 -1.320711
-0.528916 -1.493117
-0.652719 -1.662852
-0.545265 0.197357
-0.793132 0.423518
-1.027918 0.556729
-0.211633 -2.299463
-1.221509 0.617880
0.360220 0.315085
0.337694 0.298841
0.242790 0.494333
0.306349 0.416391
0.069140 0.427917
0.386620 0.549925
0.227319 0.360212
0.135795 0.501302
-0.224838 0.460377
-0.260207 -2.436591
-0.511052 0.578951
-0.910096 0.826592
-1.088009 1.002969
0.818897 0.804324
0.995651 1.043148
1.139043 1.348747
1.180652 1.573097
1.082334 0.400874
1.216221 0.890886
1.351662 1.092643
