4475 2
-0.566023 -0.206686
-0.759786 0.408107
-1.567154 -0.474893
4.457483 -2.872423
3.169970 3.323852
2.883571 3.288434
2.986571 3.229567
3.055405 3.176415
2.981178 3.099765
3.248163 3.180556
2.965496 3.319520
2.995644 3.177548
3.052263 3.151448
3.192065 3.102895
4.434235 -2.926963
2.898939 3.021976
3.127693 3.170513
2.997855 3.027437
2.967836 3.276469
3.073828 3.280312
3.239686 3.081183
3.108254 3.207314
2.952431 3.363710
3.098679 3.232047
3.117102 3.112231
4.459403 -2.901773
3.131965 3.263601
2.952708 3.213776
3.200308 3.206489
3.073818 2.979278
2.757931 2.874836
2.998755 3.099378
3.176987 3.283630
3.026332 3.024895
2.849131 3.244789
3.185906 3.262725
4.469721 -2.890606
2.927151 3.006806
2.913397 3.169922
3.031537 3.154040
2.975531 3.035431
2.986401 3.107584
2.907311 3.083424
2.892574 3.078752
3.122076 3.103603
3.134649 3.198976
3.184045 3.087803
4.473043 -2.892447
3.186429 3.059734
2.992382 3.185942
2.907904 3.210362
3.173205 3.059448
3.179082 3.220973
2.980633 3.184870
3.038982 3.243065
2.753546 3.190825
2.753874 3.165814
3.059038 3.431437
4.472730 -2.892719
-1.389552 -0.614080
-1.403726 -0.602245
-1.400359 -0.610137
-1.372275 -0.644934
-1.388165 -0.614231
-1.386917 -0.618628
-1.317067 -0.904213
-1.474251 -0.550685
-1.415429 -0.626422
-1.419090 -0.632822
4.471840 -2.877205
-1.413772 -0.658588
-1.411815 -0.633285
-1.423407 -0.638358
-1.405212 -0.688536
-1.587637 -0.467631
-1.582548 -0.463394
-1.614074 -0.487165
-1.584991 -0.461073
-1.489270 -0.553605
-2.114414 -0.666871
4.457054 -2.902408
-1.597008 -0.486859
-1.608365 -0.470769
-1.247158 -0.457953
-1.636037 -0.473155
-1.583248 -0.472752
-1.584022 -0.464470
-1.630411 -0.439635
-1.610164 -0.472216
-1.607984 -0.417239
-1.734226 -0.322301
4.460808 -2.903916
-3.414220 0.337714
-2.774499 0.075722
-3.368353 -3.020303
-3.369580 -3.022948
-3.365269 -3.015044
-3.364147 -3.016243
-3.367526 -3.028012
-3.353063 -3.038602
-3.365818 -3.019237
-3.365206 -3.015110
4.463706 -2.905617
-3.373085 -3.027796
-3.363140 -3.020394
-3.360009 -3.018746
-3.364164 -3.026607
-3.365097 -3.019653
-3.362042 -3.015724
-3.357780 -3.016639
-3.369048 -3.028570
-3.536568 -2.590677
-3.553990 -2.562819
-1.601962 -0.474595
4.461451 -2.904109
-3.544418 -2.570971
-3.528498 -2.570150
-3.542880 -2.574197
-3.537271 -2.577889
-3.542712 -2.579424
-3.562620 -2.598492
-3.534990 -2.579050
-3.544103 -2.567452
-3.544148 -2.573987
-3.543129 -2.566582
4.445555 -2.882396
-3.534767 -2.568429
-3.544959 -2.575495
-3.551123 -2.600804
-3.235963 -2.785761
-3.233229 -2.781905
-3.238046 -2.790877
-3.239621 -2.788808
-3.209036 -2.761976
-3.243967 -2.760593
-3.224004 -2.789985
4.459903 -2.899982
-3.233154 -2.783763
-3.225188 -2.779130
-3.237333 -2.789764
-3.231827 -2.783217
-3.226774 -2.777681
-3.239447 -2.799539
-4.175027 -2.869252
-4.182372 -2.861532
-4.176517 -2.854722
-4.178578 -2.876001
4.480460 -2.932377
-4.194158 -2.873226
-4.181240 -2.858539
-4.246643 -2.908364
-4.174962 -2.860560
-4.183300 -2.852114
-4.176486 -2.855274
-4.218178 -2.897166
-4.179113 -2.860164
-4.212198 -2.828143
-4.183418 -2.858520
4.414126 -2.961221
-4.128253 -2.870294
-4.195875 -2.876105
-4.172986 -2.859038
-4.173991 -2.853157
-4.185786 -2.860322
-4.182327 -2.866150
-4.189537 -2.873994
-4.184802 -2.863372
-4.164856 -2.880291
-4.177560 -2.867274
4.396829 -2.976677
-4.173027 -2.865899
-4.148068 -2.836206
-4.196686 -2.867019
-4.158605 -2.853220
-4.182725 -2.862658
-4.192891 -2.855894
-4.179487 -2.862633
-4.130530 -2.814282
-4.188072 -2.860979
-4.198927 -2.881900
4.400187 -2.977770
-4.180059 -2.861436
-4.213253 -2.833619
-4.181518 -2.865197
-4.170695 -2.859549
-4.185985 -2.861800
-4.174110 -2.861522
-4.127002 -2.920333
-4.204777 -2.849179
-4.180477 -2.869825
-4.168295 -2.867374
4.455572 -2.902706
-4.187410 -2.852232
-4.177097 -2.860283
-4.184634 -2.865483
-4.189303 -2.862200
-4.194590 -2.843663
-4.186597 -2.856237
-4.180328 -2.861303
-4.167997 -2.849829
-4.174217 -2.865111
-3.381787 -2.885952
4.465956 -2.912867
2.073733 -2.270638
2.035272 -2.273188
2.068202 -2.252934
2.036991 -2.201905
2.062575 -2.233499
2.061080 -2.223118
2.085131 -2.214387
2.066899 -2.191081
2.095595 -2.212770
2.054434 -2.250076
4.457723 -2.904719
2.080970 -2.226239
2.109917 -2.192998
2.129192 -2.175535
2.042145 -2.247295
2.054448 -2.200602
2.089474 -2.224470
2.068053 -2.263610
2.042156 -2.276466
2.075375 -2.246698
2.076264 -2.246619
0.060319 -0.081760
4.457405 -2.901861
2.341458 -2.352724
2.984406 -2.581981
2.049660 -2.276113
2.032040 -2.214824
2.069773 -2.237446
2.091446 -2.241049
2.039385 -2.186989
2.043647 -2.202433
2.065812 -2.233370
2.055837 -2.217337
4.469008 -2.908732
2.081784 -2.215511
2.121838 -2.201153
2.059696 -2.260035
2.025851 -2.238921
2.119008 -2.198441
2.053405 -2.205230
2.039961 -2.261888
2.073264 -2.243648
2.028224 -2.183602
2.056732 -2.258011
4.466878 -2.909003
2.051390 -2.229545
2.045445 -2.188210
2.138802 -2.259807
2.032244 -2.265863
2.008246 -2.226454
2.044626 -2.210325
2.050747 -2.261133
2.103457 -2.241435
2.092320 -2.219507
2.080883 -2.239082
4.456345 -2.916253
2.068375 -2.259311
2.046479 -2.252175
2.129390 -2.239462
2.091502 -2.211851
2.106193 -2.212199
2.134834 -2.159266
2.097365 -2.220997
2.059361 -2.225674
2.057079 -2.219696
2.079110 -2.234937
4.518695 -2.975723
2.041378 -2.245297
2.032609 -2.277435
2.056129 -2.253209
2.103379 -2.235377
2.076623 -2.212753
2.108886 -2.217987
2.057146 -2.265054
2.080906 -2.207628
2.094616 -2.215342
2.090686 -2.255635
4.517148 -2.969033
2.052597 -2.194429
2.020849 -2.273818
2.085164 -2.237236
1.935795 -1.940474
1.105201 -2.258842
2.100559 -2.232821
2.012320 -2.194587
2.079086 -2.233822
2.062776 -2.234700
2.108376 -2.193080
4.516341 -2.979764
2.008170 -2.171875
2.085061 -2.234818
2.084224 -2.214130
2.090757 -2.219606
2.080817 -2.247020
2.103387 -2.236885
2.098340 -2.261476
2.117189 -2.251182
2.066293 -2.207336
2.033046 -2.166721
4.527003 -2.988896
2.106083 -2.204696
2.138808 -2.310934
2.069424 -2.258994
2.083277 -2.233266
2.242588 -2.315887
2.245308 -2.313710
2.254116 -2.304425
2.260386 -2.325070
2.125401 -2.283067
2.901217 -1.594353
4.460950 -2.900295
-2.446503 1.302714
2.103381 -2.213023
2.094794 -2.235326
2.051267 -2.244474
2.094596 -2.247756
2.160464 -2.316279
2.064250 -2.247838
2.076519 -1.783069
2.077312 -1.772405
2.067709 -1.790485
-0.796637 0.436657
2.074323 -1.767697
2.071148 -1.769395
2.058235 -1.748596
2.071674 -1.778759
2.079191 -1.752671
2.076017 -1.770051
2.079234 -1.771156
2.080215 -1.767248
2.081198 -1.742081
2.076438 -1.771629
-1.094699 1.547063
-0.761218 0.393256
2.085268 -1.776248
2.076056 -1.759558
2.079471 -1.772172
2.065959 -2.247032
2.048832 -2.282212
2.070129 -2.265118
2.114344 -2.195161
2.150867 -2.175757
2.017072 -2.245587
2.036514 -2.215904
-0.785070 0.423826
2.050324 -2.263121
2.053000 -2.244206
2.103788 -2.210268
2.078926 -2.222797
2.028838 -2.273367
2.101948 -2.266434
2.043441 -2.258618
2.044225 -2.315840
2.064365 -2.216784
1.998325 -2.199382
-0.786072 0.599397
2.148966 -2.299312
2.017500 -2.185042
2.086201 -2.253490
2.102047 -2.246143
2.075689 -2.231319
2.098734 -2.211627
2.107224 -2.215347
2.094030 -2.231862
0.962482 3.017385
1.049530 3.324662
-0.804295 0.808681
1.049028 3.320069
1.065543 3.367452
1.063720 3.371772
1.049975 3.322812
1.046064 3.318258
1.047121 3.316466
1.054850 3.340033
1.053175 3.333887
0.947556 2.719886
0.965104 3.025117
-0.520111 -0.214003
0.964742 3.028760
0.987775 3.012326
0.948198 3.023129
0.961052 3.025412
0.979803 3.009290
0.965016 3.036149
0.960693 3.031409
1.002629 3.057135
0.961595 3.019075
0.973355 3.017851
-1.108391 0.640228
0.964347 3.034411
0.961026 3.021194
0.973371 3.032046
0.969768 3.044830
0.913201 2.980171
0.979834 3.013637
0.969093 3.026762
0.964688 3.022569
0.962230 3.032464
0.965378 3.026238
-1.888379 1.036839
0.945947 3.044370
0.941969 2.999450
0.958214 3.037242
0.927566 3.006605
0.949634 3.040185
0.947295 3.040987
0.967039 3.011584
0.969441 3.015904
0.972081 3.027692
-0.129230 2.841582
-0.966930 -0.038815
-0.152477 2.833888
-5.419126 1.822994
-5.402307 1.814315
-5.347699 1.764140
-5.377224 1.845625
-5.452399 1.863946
-5.374652 1.873557
-5.446371 1.880089
-5.545991 1.929136
-5.415574 1.846702
-1.137576 -0.362454
-5.444620 1.815570
-5.419981 1.786767
-5.364501 1.865996
-5.449945 1.859884
-5.408833 1.797671
-5.322794 1.903590
-5.434803 1.808846
-5.405615 1.803036
-5.447483 1.869510
-5.378793 1.807225
-0.841757 -0.117831
-5.350518 1.903253
-5.365345 1.781974
-5.445201 1.810230
-5.393368 1.868428
-5.414967 1.822038
-5.465712 1.764840
-5.430319 1.792053
-5.457333 1.864759
-5.430174 1.838247
-5.451897 1.874051
-1.335803 1.601136
-0.875526 -0.095649
-5.411075 1.822192
-5.409162 1.818341
-5.444580 1.853123
-5.381583 1.788964
-5.477583 1.892936
-5.454904 1.776868
-5.465594 1.809774
-5.473509 1.752507
-5.390800 1.797925
-5.359403 1.783855
-0.767253 0.428757
-5.427884 1.827910
-5.396126 1.829551
-5.415637 1.838102
-5.467169 1.785915
-5.416798 1.868146
-5.433907 1.781950
-5.467315 1.872486
-5.392896 1.808295
-5.377481 1.914302
-5.385453 1.859293
-0.694840 0.411666
-5.382932 1.832231
-5.461052 1.786765
-5.404284 1.845781
-5.441911 1.808625
-5.418144 1.803046
-5.396855 1.807054
-5.406831 1.840140
-5.477211 1.751625
-5.437210 1.836346
-5.338130 1.794601
-0.675878 0.408444
-5.323773 1.901428
-5.372817 1.861380
-5.412393 1.780662
-5.523773 1.831486
-5.388325 1.790394
-5.421033 1.838070
-5.430846 1.840601
-5.337360 1.744982
-5.397592 1.862226
-5.364820 1.782556
-0.671325 0.412444
-5.424116 1.846932
-5.399724 1.807436
-5.421083 1.835869
-5.443684 1.798617
-5.377360 1.789581
-5.440958 1.792327
-5.491268 1.892673
-5.397169 1.818830
-5.470776 1.890043
-5.458052 1.868836
-0.754328 0.428572
-5.425038 1.820192
-5.390819 1.812885
-5.444060 1.794873
-5.407006 1.838990
-5.372387 1.750550
-5.428085 1.802477
-5.335594 1.742379
-5.423275 1.828825
-5.395808 1.847380
-5.423279 1.839305
-0.759830 0.433741
-5.414916 1.828713
-5.418336 1.822809
-5.445190 1.862227
-5.387022 1.771911
-5.443701 1.817257
-5.420562 1.804726
-5.469559 1.880537
-5.467067 1.871993
-5.426458 1.828269
-5.458693 1.828141
-0.743802 0.410704
-5.402555 1.836845
-5.428528 1.836076
-5.412792 1.837184
-5.398362 1.784532
-5.423582 1.861125
-5.386908 1.860042
-5.408451 1.802889
-5.564694 1.569728
-5.578855 1.537888
-5.561245 1.556078
-0.743063 0.394278
-5.581793 1.542684
-5.594801 1.534835
-5.569436 1.559273
-5.568768 1.560791
-5.594175 1.517664
-5.579785 1.534682
-5.397074 1.796588
-5.438617 1.815201
-5.420150 1.840649
-5.366112 1.801242
-0.756025 0.430318
-5.465416 1.793347
-5.404858 1.850976
-5.466082 1.851012
-5.395796 1.899639
-5.415245 1.832511
-5.430374 1.848211
-5.420232 1.815668
-5.420785 1.876268
-5.393650 1.802964
-5.417709 1.870399
-1.874098 -3.630094
-0.724474 0.374523
-5.458750 1.822812
-5.377028 1.788216
-5.471179 1.860328
-5.447588 1.821559
-5.440154 1.802697
-5.392233 1.817527
-5.436924 1.844251
-5.434970 1.756066
-5.429579 1.810945
-0.784922 0.877483
-1.333652 -0.306521
-5.395358 1.859372
-5.422741 1.826048
-5.449439 1.789302
-5.395788 1.796336
-3.168638 0.067837
-3.117555 0.023222
-3.405280 0.343652
-3.422678 0.317338
-3.407198 0.337963
-3.418108 0.344039
-1.307797 -0.422101
-3.424474 0.340573
-3.426488 0.333834
-3.431289 0.331774
-3.422280 0.337135
-3.410146 0.334160
-3.417753 0.330395
-3.432353 0.324861
-3.434137 0.328961
-3.457824 0.313154
0.027582 -2.278433
-1.709484 2.958297
0.043959 -2.252003
0.015865 -2.282208
-0.010335 -2.364519
-0.044770 -2.469156
0.013373 -2.283121
0.014479 -2.280967
-4.024786 0.184189
-4.219663 0.215660
-4.041075 0.180533
-4.039122 0.184166
-1.305680 -0.434605
-4.048388 0.187278
-4.049312 0.178764
-4.042864 0.180544
-4.042577 0.183356
-4.034171 0.192022
-4.032053 0.200777
-4.071001 0.153025
-4.046082 0.181745
-4.025410 0.191065
-4.046479 0.185827
-1.304048 -0.232473
-4.045028 0.176548
-4.053116 0.178721
-3.908946 -0.045823
-3.914098 -0.042102
-3.936563 -0.032907
-3.969551 -0.022324
-3.913799 -0.047773
-3.703691 -0.257136
-1.745288 0.040560
-3.689357 -0.230151
-1.412843 -0.391867
-3.925378 -0.032004
-3.972049 0.004293
-3.982279 0.006089
-3.393539 0.357268
-3.397635 0.605207
-3.430302 0.458277
-3.409290 0.325501
-3.400517 0.334929
-3.447112 0.371226
-3.413071 0.333702
-3.439548 -2.862334
-3.415122 0.336822
-3.417356 0.332878
-3.416191 0.333481
-3.276647 0.408445
-3.181744 0.466814
-3.425635 0.354236
-3.355741 0.712398
-3.327261 0.840681
-3.390064 0.615237
-3.425910 0.338946
-1.212719 0.425304
-3.421905 0.339876
-3.534785 0.365470
-3.713530 0.439385
0.924874 1.533557
0.865761 1.460321
0.891411 1.485498
0.922593 1.507679
0.861988 1.465722
0.831979 1.469038
0.910730 1.499767
-1.631676 -0.572899
0.889462 1.464744
0.877301 1.478259
0.872849 1.475135
0.893340 1.492356
0.856624 1.458618
0.917919 1.448829
0.886889 1.476660
0.873103 1.499480
0.925042 1.531451
0.892804 1.447232
3.389548 -1.268758
-1.713820 2.935377
0.909415 1.505901
0.857223 1.474243
0.965036 1.413265
0.885532 1.483164
0.916614 1.531582
0.870919 1.488605
0.913413 1.442427
0.841371 1.454014
0.858938 1.454898
0.871973 1.460891
-1.706512 2.959309
0.884219 1.476444
0.845760 1.488751
0.853123 1.456538
0.873085 1.478223
0.916002 1.447145
0.902641 1.458568
0.876240 1.482741
0.864677 1.474609
0.926082 1.410610
0.860368 1.482832
3.419921 -0.870399
0.886323 1.471543
0.904514 1.506552
0.851425 1.492499
0.864043 1.483596
0.930982 1.464361
0.875905 1.476796
0.815594 1.500001
0.884086 1.482358
0.886653 1.469530
0.849087 1.518546
3.386950 -0.878925
0.866997 1.492920
0.857081 1.465767
0.873564 1.490500
0.863260 1.499967
0.880708 1.473745
0.855116 1.451738
0.861699 1.457220
0.878106 1.479792
0.881945 1.440918
0.901179 1.466024
3.453054 -0.824325
1.485303 1.194801
0.894676 1.499709
0.839536 1.448007
0.863325 1.454928
0.772686 1.516351
0.949611 1.535919
0.893214 1.483375
0.897975 1.498671
0.852029 1.499415
0.906627 1.514271
-1.134564 -0.700404
0.871551 1.502873
0.860406 1.492954
0.860311 1.523760
0.905512 1.442196
0.910373 1.466934
0.899209 1.509274
0.881351 1.468452
0.863109 1.493231
0.897341 1.484231
0.887829 1.487151
-0.174541 -0.198303
0.899222 1.508416
0.883918 1.455383
0.877011 1.478943
0.863630 1.471741
0.889888 1.482590
0.858375 1.475007
0.767004 1.373678
0.900538 1.509541
0.874063 1.486393
0.855231 1.481843
-1.163611 -1.136967
1.913532 1.212537
1.888438 1.208192
1.881282 1.191159
1.982726 1.200310
1.990291 1.202753
1.996160 1.202386
2.044502 1.186960
2.043671 1.187107
2.044329 1.187438
2.039746 1.190481
-2.271087 -0.896313
1.939197 1.289930
1.952277 1.302228
1.954340 1.305916
1.950704 1.308086
1.938279 1.309598
1.956166 1.309160
1.849340 1.210176
1.833439 1.221151
1.852124 1.213747
1.907003 1.131883
-2.254697 -0.908706
1.903784 1.109664
1.910995 1.125334
1.948495 1.073770
1.990664 1.029069
1.863696 1.178919
1.829517 1.173022
-0.166226 4.505369
-0.198698 4.486797
-0.172166 4.504077
-0.170668 4.492684
3.390315 -1.245676
-2.261177 -0.935310
-0.177299 4.497967
-0.165026 4.502310
-0.182234 4.497683
-0.170247 4.503877
-0.157540 4.514878
-0.280746 4.555612
-0.271846 4.548103
-0.296625 4.554791
-0.303901 4.567725
-0.293492 4.570376
-2.259578 -0.928002
-0.158906 4.493062
-0.166752 4.497920
-0.158477 4.524110
-0.170751 4.516950
-0.123573 4.532547
-0.166997 4.500470
-0.178064 4.503264
-0.181175 4.496937
-0.223021 4.535689
-0.214826 4.522912
-2.238267 -0.936792
-0.177315 4.498323
-0.171666 4.498512
-0.175131 4.513718
-0.168454 4.499370
-0.147554 4.481513
-0.189488 4.481156
-0.174087 4.506891
-0.147424 4.531306
-0.166138 4.507944
-0.181079 4.495395
-2.868875 -0.280880
-0.183592 4.489072
-0.172417 4.505437
-0.182239 4.495399
-0.190399 4.475111
-0.168172 4.496030
-0.165362 4.519720
-0.171300 4.501543
-0.176916 4.513618
-0.170824 4.496994
-0.172057 4.497979
-2.671747 -0.473788
-0.152679 4.512113
-0.179825 4.528084
-0.179651 4.505271
-0.148759 4.510657
-0.147194 4.526529
-0.168001 4.505708
-0.167626 4.503925
-0.212237 4.464202
-0.214861 4.486211
-0.175262 4.501330
-1.190957 -1.169693
-0.170781 4.500426
-0.185998 4.488665
-0.152006 4.494864
-0.193325 4.478360
-0.166227 4.507341
-0.147616 4.472071
-0.145935 4.525325
-0.181012 4.500605
0.601839 5.591907
0.628990 5.592256
-2.244019 -0.928324
0.635674 5.611068
0.611241 5.572096
0.621662 5.576095
0.587756 5.573874
0.626177 5.588286
0.574129 5.594574
0.633219 5.599496
0.660442 5.646415
0.615842 5.574861
0.551601 5.532072
-2.254448 -0.917640
0.611429 5.538596
0.652998 5.627002
0.638991 5.607994
0.612947 5.589844
0.606809 5.604459
0.580367 5.610778
0.611021 5.594150
0.626521 5.665476
0.621949 5.602250
0.605618 5.580620
-2.258417 -0.909895
0.621669 5.573440
0.584443 5.597784
0.648481 5.529962
0.591630 5.619339
0.581413 5.614995
0.615385 5.627599
0.631890 5.576392
0.579833 5.639368
0.620863 5.609958
0.580168 5.606898
-2.257721 -0.924416
0.596319 5.595514
0.614159 5.584472
0.588487 5.599600
0.605355 5.589854
0.584840 5.581106
0.620166 5.574538
0.578849 5.566968
0.581931 5.604042
0.605751 5.596021
0.611105 5.578072
3.402221 -1.265876
-2.251977 -0.928520
0.621877 5.573744
0.574443 5.639868
0.607036 5.599387
0.606292 5.606106
0.637055 5.600331
0.590914 5.614949
0.608589 5.593006
0.608507 5.597116
0.566571 5.629995
0.654207 5.547075
-2.265987 -0.939711
0.602700 5.588875
0.609037 5.567950
0.591669 5.576499
0.622983 5.577126
0.608791 5.588568
0.574703 5.548654
0.635029 5.562470
0.559244 5.629905
0.647551 5.512848
0.581551 5.579699
-1.046971 -1.288859
0.594510 5.596859
0.627615 5.567533
0.635814 5.577442
0.626247 5.564980
0.606928 5.589892
0.573056 5.617489
0.623685 5.582318
0.623448 5.602416
0.617546 5.647169
0.598849 5.558208
-1.017343 -1.296484
0.635723 5.564181
0.596514 5.636937
0.608153 5.584298
0.597323 5.606566
0.586550 5.604723
0.599970 5.578755
0.619718 5.589842
0.615688 5.590846
0.640707 5.559247
0.575816 5.571236
-1.035754 -1.302233
0.534350 5.659934
0.614278 5.594628
0.579478 5.608141
0.606372 5.587058
0.607704 5.592944
0.599772 5.581355
0.569797 5.593373
0.625055 5.557780
0.222457 5.036882
0.572478 5.619334
-1.039360 -1.300154
0.629282 5.583390
-0.643605 5.041116
-0.662804 5.057281
-0.637364 5.031935
-0.660973 5.039257
-0.656204 5.050756
-0.659295 5.056378
-0.655244 5.051463
-0.649208 5.046807
-0.658998 5.041161
-1.025032 -1.312170
-0.679636 5.037183
-0.676418 5.076310
-0.657296 5.051192
-0.651948 5.060187
-0.653339 5.052025
-0.673743 5.045005
-0.644501 5.040418
-0.652525 5.054087
-0.675961 5.072487
-0.661985 5.062504
-1.025649 -1.286449
-0.673931 5.040393
-0.660477 5.057542
-0.650031 5.046664
-0.662245 5.062178
-0.599771 5.078438
-0.629585 5.089148
-0.646431 5.033474
-0.664717 5.031706
-0.655715 5.059737
-0.655630 5.051672
-1.049092 -1.116696
-0.659443 5.054799
-0.386342 4.742667
-0.841463 -2.169216
-0.918158 -2.845268
-0.916582 -2.854158
-0.921848 -2.859643
-0.918305 -2.852481
-0.922879 -2.865026
-0.927445 -2.879722
-0.924827 -2.874957
-1.024011 -1.333718
-0.918759 -2.853163
-0.917368 -2.859353
-0.773991 -2.500294
-0.758081 -2.561870
-0.823883 -2.215907
-0.757095 -2.542503
-0.764322 -2.551746
-0.780021 -2.519116
-0.760946 -2.190439
-0.440254 -2.297180
-2.003467 -3.245032
-1.035315 -1.312877
-0.399097 -2.298881
-0.400147 -2.299555
-0.412000 -2.299705
-0.386609 -2.308603
-0.396545 -2.303763
-0.428282 -2.341448
-0.398074 -2.347087
-0.407002 -2.348113
-0.406837 -2.345397
-0.399813 -2.349682
-1.041402 -1.313162
-0.399778 -2.349851
-0.406408 -2.354648
-0.825401 -2.253427
-0.855834 -2.279960
-0.818752 -2.325744
-0.776550 -2.193793
-0.413090 -3.250563
-0.410972 -3.251275
-0.403645 -3.257416
-0.399940 -3.273546
-1.053081 -1.315174
-0.414799 -3.245811
-0.438766 -3.272314
-0.412914 -3.249542
-0.393803 -3.250952
-0.411191 -3.254593
-0.409471 -3.253252
-0.398889 -3.255755
-0.400591 -3.264586
-0.411157 -3.252668
-0.406232 -3.249196
-1.029757 -1.291983
-0.429794 -3.258362
-0.406577 -3.255693
-0.422113 -3.243457
-0.413798 -3.248294
-0.396146 -3.262301
-0.408317 -3.260596
-0.409751 -3.257270
-0.410458 -3.258060
-0.413331 -3.252902
-0.429956 -3.229792
-1.060615 -1.264214
-1.045852 -1.667600
-1.044811 -1.684238
-0.038542 -2.473021
-0.029779 -2.473535
-0.039948 -2.473418
-0.025736 -2.487113
-0.045851 -2.463796
-0.048400 -2.474690
-0.037897 -2.470285
-0.039038 -2.476048
-1.020383 -1.322422
-0.044949 -2.464234
-0.026561 -2.475239
-0.032510 -2.471273
-0.035257 -2.480134
-0.031890 -2.474396
-0.059361 -2.481026
-1.654268 -1.848224
-1.658726 -1.836074
-1.643044 -1.842939
-0.886353 -1.345497
-1.188665 -1.152191
-0.879698 -1.349331
-0.052596 -2.465757
-0.021877 -2.462434
-1.443491 -3.093318
-0.762175 -2.305667
-0.812508 -2.212881
-1.448939 -3.101455
-1.453251 -3.108974
-0.789960 -2.216495
-0.769032 -2.292554
-1.334929 -1.067085
-1.463476 -3.118778
-1.464550 -3.124830
-1.460430 -3.117802
-1.461393 -3.119154
-1.463925 -3.124923
2.467525 -1.351107
2.612760 -1.322590
-0.823920 -2.217071
-0.806499 -2.241522
-1.024098 -2.522580
-1.377010 -1.107850
-1.063484 -2.551697
-1.038727 -2.544811
-1.054109 -2.560950
-1.033963 -2.545408
-1.045994 -2.546834
-1.042864 -2.549735
-1.049277 -2.559826
-0.783817 -2.205134
-0.833979 -2.619830
-0.842227 -2.642853
-1.347242 -1.093026
-0.841446 -2.642216
-0.826946 -2.677285
-0.844917 -2.666545
-0.845857 -2.636787
-0.847932 -2.646974
-0.789498 -2.249266
-0.814750 -2.258862
-0.836809 -2.270928
-0.775702 -2.246850
-0.797905 -2.211577
-1.463706 -1.713309
-2.062372 -2.774655
-1.292792 -1.147061
-0.790283 -2.236010
-0.755749 -2.297851
-0.773214 -2.259629
-0.802613 -2.256452
-0.748519 -2.188582
-0.828164 -2.256611
-0.807207 -2.238300
-0.856992 -2.263718
-0.795411 -2.243286
-0.701295 -2.318630
-1.344498 -1.080235
-0.828910 -2.260302
-0.754946 -2.286266
-0.887853 -2.279026
-0.790450 -2.195527
-0.789057 -2.246431
-0.835658 -2.265611
-0.786515 -2.267351
-0.843592 -2.177212
-0.798517 -2.219682
-0.823220 -2.269244
-1.362562 -1.085633
-0.778304 -2.193500
-0.832630 -2.226452
-0.882280 -2.317831
-0.740347 -2.256893
-0.807146 -2.251092
-0.787354 -2.197638
-0.711849 -2.204178
-0.821447 -2.259388
-0.760519 -2.278335
-0.788119 -2.169891
-1.340765 -1.076974
-0.851162 -2.292301
-0.785307 -2.231734
-0.888053 -2.280186
-0.826148 -2.268376
-0.816276 -2.244509
-0.782345 -2.216964
-0.833749 -2.206502
-0.813150 -2.268384
-0.700471 -2.204218
-0.719437 -2.313024
-1.348162 -1.056270
-0.799299 -2.307440
-0.751407 -2.255356
-0.807010 -2.262723
-0.739955 -2.284373
-0.831431 -2.206447
-0.775533 -2.298886
-0.811668 -2.254096
-0.581040 -2.289017
-0.561348 -2.293105
-0.558152 -2.287606
-1.341793 -1.073270
-0.629077 -2.152181
-0.603653 -2.130905
-0.606025 -2.129989
-0.843380 -2.198986
-0.785192 -2.242980
-0.793525 -2.251229
-0.746771 -2.319959
-0.752303 -2.251307
-0.797005 -2.214313
-0.840802 -2.220299
-1.351716 -1.089481
-0.848347 -2.315459
-0.820447 -2.234502
-0.743081 -2.150200
-0.826264 -2.232674
-0.797380 -2.250654
-0.826284 -2.222326
-0.827912 -2.320890
-0.832708 -2.241950
-0.925152 -2.338115
-0.811972 -2.332158
-1.368999 -1.080790
-0.803150 -2.271929
-0.774774 -2.253137
-0.786466 -2.218232
-0.746313 -2.210372
-0.846071 -2.189953
-0.781283 -2.210823
-0.745930 -2.296741
-0.772109 -2.245597
-0.818286 -2.211295
-0.792036 -2.262218
-1.349772 -1.069122
-0.822801 -2.231210
-0.784443 -2.257063
-0.817184 -2.278450
-0.758462 -2.183156
-0.846137 -2.178893
-0.786046 -2.220752
-0.797153 -2.250784
-0.802572 -2.275426
-0.764366 -2.201802
-0.861449 -2.234413
-1.202313 -0.675189
-0.778722 -2.247712
-0.760683 -2.226792
-0.852891 -2.267948
-0.795185 -2.245577
-0.757555 -2.227358
-0.815597 -2.381029
-0.782542 -2.209367
-0.809749 -2.245143
-0.815197 -2.314980
-0.831895 -2.230504
-1.759432 -1.353660
2.072054 -2.228693
-0.791708 -2.234482
-0.831652 -2.244598
-0.838268 -2.233532
-0.828322 -2.255157
-0.778065 -2.158401
-0.828225 -2.222926
-0.763675 -2.273401
-0.829283 -2.234945
-0.760121 -2.259165
-0.779107 -2.248211
-1.047819 -0.707832
-0.791459 -2.238557
-0.865811 -2.236040
-0.858882 -2.270787
-0.780098 -2.232653
-0.889369 -2.301068
-0.736869 -2.203995
-0.860963 -2.197503
-0.749471 -2.217444
-0.840042 -2.250798
-0.729969 -2.234559
-1.103347 -0.522813
-0.791421 -2.227117
-0.790666 -2.135018
-0.840290 -2.232706
-0.750454 -2.225762
-0.833242 -2.224121
-0.812798 -2.232227
-0.843049 -2.273376
-0.804421 -2.346847
-0.810275 -2.189566
-0.738676 -2.309916
-1.188173 -0.491069
-0.764124 -2.123542
-0.771448 -2.255099
-0.716799 -2.270515
-0.786287 -2.247586
-0.641341 -2.373993
-0.789947 -2.234889
-0.750879 -2.262653
-0.806339 -2.233735
-0.780632 -2.219390
-0.697068 -2.244933
-1.069016 -0.693041
-0.848713 -2.294295
-1.359051 3.617669
-1.360078 3.639602
-1.360157 3.628897
-1.356305 3.636910
-1.385795 3.643470
-1.366024 3.614051
-1.343467 3.638499
-1.357856 3.636918
-1.362760 3.644192
-1.061123 -0.649782
-0.954252 3.308468
-1.356567 3.634461
-1.354809 3.632761
-1.345948 3.639277
-1.361554 3.629018
-1.380813 3.639729
-1.763013 1.931462
-1.362622 3.637303
-1.361606 3.639841
-1.364794 3.645582
-1.092714 -0.648681
-1.329315 3.665967
-1.357892 3.637170
-1.357929 3.636233
-1.357940 3.627673
-1.346620 3.651743
-1.360170 3.659352
-1.382120 3.658750
-1.381424 3.669067
-1.389733 3.677020
-1.383469 3.662854
-1.006357 -0.716199
-1.373886 3.659702
-1.336468 3.618893
-1.379022 3.622068
-1.358792 3.634235
-1.327736 3.654363
-1.345464 3.620978
-1.371318 3.653841
-1.366016 3.623544
-1.357018 3.629838
-1.362074 3.642338
-1.051559 -0.670509
-1.356830 3.636411
-1.359950 3.635016
-1.360983 3.637451
-1.365802 3.633141
-1.407817 3.578328
-1.369398 3.643159
2.993770 -2.593874
2.999599 -2.605777
-1.702172 -3.500706
-1.876970 -3.632899
-1.052686 -0.674678
-1.869106 -3.627298
-1.867236 -3.636353
-1.875783 -3.619780
-1.860832 -3.626060
-1.858717 -3.592337
-1.874842 -3.617932
-1.884762 -3.606492
-1.877960 -3.627048
-1.871147 -3.662594
-1.878025 -3.648206
0.668876 -5.483026
-1.046775 -0.653142
-1.876611 -3.624137
-1.878609 -3.625347
-1.851842 -3.601151
-1.876604 -3.613480
-1.090429 -3.765548
-1.072134 -3.786537
-1.075547 -3.779852
-1.086436 -3.779952
-1.081330 -3.781488
-1.074567 -3.780915
-1.075201 -0.639140
-1.076738 -3.777680
-1.076144 -3.780684
-1.079854 -3.777581
-1.087053 -3.783123
-1.084239 -3.769714
-1.081270 -3.776026
-1.075268 -3.777093
-1.072720 -3.779211
-1.090738 -3.774703
-1.077153 -3.781728
-1.056817 -0.652086
-1.080030 -3.784676
-1.914589 -3.626455
-1.854847 -3.597407
-1.080354 -3.784178
0.143426 0.029660
-1.879392 -3.615125
-1.865857 -3.620655
-1.893035 -3.621752
0.788910 -1.832455
0.816436 -1.807188
-1.070223 -0.666071
0.816095 -1.812594
0.834156 -1.786580
0.794896 -1.831288
0.638085 -1.984987
0.810278 -1.802094
0.587464 -2.002031
0.617065 -1.978625
0.776917 -1.840976
0.791723 -1.821519
0.651956 -1.949463
-1.049210 -0.668250
0.740531 -1.847408
0.789641 -1.860964
0.817995 -1.812541
0.801630 -1.830086
0.806385 -1.815287
0.759830 -1.805480
0.799257 -1.823519
0.826927 -1.800829
0.790065 -1.846098
0.822648 -1.837455
-1.038673 -0.700078
0.804139 -1.829022
0.777604 -1.862835
0.797518 -1.849668
0.754571 -1.857569
0.791706 -1.830191
0.804330 -1.825272
0.792484 -1.836922
0.796333 -1.844169
0.786336 -1.833204
0.785790 -1.835407
-1.038231 -0.622768
0.776438 -1.836042
0.817156 -1.812482
0.754093 -1.838534
0.793157 -1.826602
0.764081 -1.848475
0.806067 -1.808248
0.744153 -1.866657
0.766687 -1.868078
0.759432 -1.873169
0.803133 -1.830729
-0.899525 -1.291950
0.828161 -1.803085
0.858996 -1.902722
0.792126 -1.831764
0.799869 -1.816530
0.771625 -1.868455
0.802883 -1.797291
0.818462 -1.855622
0.751900 -1.873046
0.784432 -1.835686
0.793761 -1.821932
-1.057801 -0.684407
0.795949 -1.824439
0.809794 -1.819269
0.725768 -1.675788
0.747576 -1.868695
0.761159 -1.848431
0.755250 -1.867942
0.823492 -1.815274
0.770390 -1.853706
0.790390 -1.821064
0.737182 -1.885078
-1.070799 -0.688541
0.807363 -1.799394
0.064445 -0.063994
0.786456 -1.831606
0.844374 -1.782827
0.793353 -1.848671
0.772419 -1.839936
0.774853 -1.820235
0.744277 -1.872791
0.798144 -1.840042
0.787985 -1.828321
0.648259 -5.494115
-1.034295 -0.711158
0.768589 -1.844645
0.757317 -1.860226
-0.121467 2.846814
-0.116292 2.861156
-0.125826 2.854012
-0.116560 2.847381
-0.123278 2.852508
-0.143728 2.846108
-0.107390 2.825128
-0.429319 2.994393
-1.078478 -0.682637
-0.097268 2.831009
-0.141850 2.841024
0.121521 -0.075853
0.044018 -0.035405
0.057401 -0.028920
0.054565 -0.048313
0.032722 -0.104519
0.108546 -0.115757
0.027295 -0.077878
0.102973 -0.021872
-1.069109 -0.620813
-0.156745 -0.040026
0.083865 -0.057740
0.085947 -0.094538
0.083743 -0.047335
0.120669 -0.130364
0.147507 -0.030477
0.076830 -0.032148
0.067320 -0.062683
0.030373 -0.143656
-0.119795 2.831469
-1.036892 -0.652703
-0.160481 2.881831
-0.105446 2.830438
-0.121605 2.837117
-0.139255 2.843061
-0.142695 2.848909
-0.120239 2.828097
-0.127626 2.866462
-0.099297 2.877594
-0.127215 2.847903
-0.179411 2.871230
-1.067102 -0.673189
-0.118477 2.837996
-0.110818 2.830426
-0.134698 2.865782
-0.106759 2.835136
-0.128857 2.849069
-0.120075 2.851658
-0.131346 2.846872
-0.122795 2.864372
-0.151689 2.868279
-0.131867 2.847032
-1.049578 -0.658944
-0.129094 2.844850
-0.116966 2.709675
-0.126207 2.842967
-0.132329 2.835273
-0.136212 2.854460
-0.133174 2.855334
-0.116350 2.840950
-0.125441 2.861839
-0.123913 2.863091
-0.118321 2.833336
-0.823437 -1.115479
-0.148581 2.840121
-0.120340 2.859280
-0.059390 2.931790
-0.040116 2.951404
-0.047822 2.947045
-0.132136 2.844921
-0.123531 2.837473
-0.127847 2.847268
-0.122510 2.853283
-0.101403 2.822376
-0.821249 -1.131675
-0.132234 2.848664
-0.129616 2.836448
-0.148661 2.833797
-0.129502 2.850889
-0.111473 2.862664
-0.113916 2.835551
-0.783696 0.899497
-0.772794 0.902975
-0.131209 2.839817
-0.166743 2.810987
-0.806368 -1.122470
-1.082137 0.621674
-1.236103 0.565247
-1.062424 0.641997
-1.459103 -0.374681
-0.811525 0.806703
-0.807278 0.820352
-0.798083 0.820113
-0.944109 0.558698
2.343926 -0.385436
1.913054 -0.426313
-0.819286 -1.119994
2.363403 -0.388348
2.349809 -0.385601
-0.771520 0.876189
-0.758029 0.902553
-0.789969 0.824327
-1.030818 1.459718
-1.036968 1.678314
-1.030191 1.666555
-1.078202 1.547020
-0.904510 1.606916
0.671312 -5.484346
-0.812036 -1.125215
-1.090422 1.554128
-1.319227 1.536614
-1.032306 1.629260
-1.239020 1.577795
3.865410 -2.122598
3.869612 -2.127561
3.861726 -2.121393
3.867839 -2.126217
3.866030 -2.127377
3.867678 -2.126139
-0.820068 -1.130567
3.861733 -2.116961
3.868927 -2.125507
3.901069 -2.162493
3.868393 -2.129593
3.865853 -2.123955
3.875204 -2.140166
3.860606 -2.119171
3.866283 -2.124918
3.838578 -2.095936
3.867049 -2.124919
-1.024297 -0.647075
3.851816 -2.108147
3.375306 -1.250602
3.529378 -1.113177
3.526121 -1.102154
3.516309 -1.099273
3.465015 -1.171899
3.530571 -1.091067
3.524387 -1.106575
3.515549 -1.133664
3.580114 -1.073866
-0.816475 -1.128874
2.614429 -1.322132
2.611821 -1.325551
2.604966 -1.328913
2.606836 -1.325303
2.610431 -1.321454
2.623007 -1.319839
2.636681 -1.309444
2.612351 -1.323871
2.620061 -1.326009
2.614828 -1.321746
-0.792426 -1.124430
3.357852 -1.420905
3.358081 -1.479866
3.353435 -1.443456
3.348448 -1.458126
3.585009 -1.356320
3.597078 -1.363021
3.601712 -1.360638
3.594886 -1.356028
3.576867 -1.342446
3.608453 -1.355844
-0.812625 -1.134431
3.603330 -1.357404
3.312618 -1.218292
3.330793 -1.204344
3.409104 -1.266438
3.413879 -1.254530
3.391961 -1.245918
3.391964 -1.223396
3.376002 -1.225863
3.394762 -1.250196
3.378106 -1.239264
-0.825999 -1.150284
3.409038 -1.202104
3.379877 -1.229637
3.368024 -1.249325
3.401833 -1.230339
3.392297 -1.242233
3.390176 -1.248613
3.390581 -1.209294
3.374577 -1.265902
3.385750 -1.265607
3.356144 -1.267042
-0.828505 -1.140666
3.391375 -1.250437
3.634088 -1.056013
3.607429 -1.074260
3.610305 -1.075480
3.629029 -1.052608
3.612486 -1.078524
3.622784 -1.066258
3.646648 -1.057993
3.619187 -1.066882
3.331305 -1.252762
-0.810547 -1.133404
3.378114 -1.259561
3.388690 -1.259221
3.367779 -1.239147
3.304219 -1.331901
3.423296 -1.299528
3.397368 -1.242282
3.411480 -1.262045
3.364797 -1.238322
3.395754 -1.281171
3.426892 -1.292712
-0.820179 -1.117533
3.424652 -1.285290
3.414107 -1.239768
3.415825 -1.193775
3.391966 -1.214971
3.396453 -1.241706
3.375732 -1.241015
3.373891 -1.243800
3.396896 -1.253246
3.426790 -1.249269
3.336525 -1.281321
0.665620 -5.468148
-0.808163 -1.115788
3.395207 -1.257493
3.406329 -1.235361
3.415964 -1.238241
3.393900 -1.246472
3.384287 -1.280945
3.391562 -1.289911
3.406805 -1.267849
3.412255 -1.263813
3.365268 -1.255952
3.400638 -1.205533
-0.821784 -1.122922
3.398680 -1.281737
3.395273 -1.252428
3.283164 -1.145454
3.340959 -1.278473
3.399308 -1.226821
3.379351 -1.241193
3.371772 -1.253943
3.387065 -1.243865
3.369559 -1.247278
3.407361 -1.263803
-0.820191 -1.147521
3.242218 -1.235638
3.353068 -1.270893
3.380573 -1.269409
3.258620 -1.137001
3.219032 -1.092458
3.279650 -1.149214
3.364433 -1.269461
3.172948 -1.131381
3.075271 -1.064800
3.095543 -1.099052
-1.053051 -0.699821
4.849486 -1.376457
4.911563 -1.431632
4.868078 -1.374254
4.479678 -1.339254
4.101223 -1.303356
4.830353 -1.459612
4.860970 -1.395370
4.816793 -1.376571
4.834108 -1.420729
4.845153 -1.396596
-0.590089 -0.715474
4.867813 -1.315949
4.876697 -1.418290
4.853352 -1.383739
4.854009 -1.357812
4.787771 -1.281575
4.925391 -1.442243
4.874366 -1.387095
4.933347 -1.288500
4.816987 -1.356493
4.880888 -1.375234
-0.679795 -0.580735
4.844748 -1.425127
4.873078 -1.349546
4.884094 -1.375515
4.875808 -1.366697
4.914705 -1.435321
4.897404 -1.347224
4.851441 -1.358382
4.842397 -1.399691
4.938575 -1.482897
4.905654 -1.478835
-0.571669 -0.724453
4.925894 -1.451996
4.895435 -1.289742
4.903445 -1.448932
4.852447 -1.373629
4.812151 -1.418379
4.878549 -1.391590
4.843975 -1.451444
4.370234 -1.335729
4.894006 -1.440428
4.935343 -1.449146
-0.596100 -0.744043
4.835891 -1.414804
4.849473 -1.398270
4.843813 -1.365455
4.877532 -1.363808
4.839240 -1.223387
4.859969 -1.401704
4.811100 -1.338078
4.870944 -1.348992
4.843908 -1.421270
4.775042 -1.453927
-0.577278 -0.722047
4.811487 -1.450088
4.870347 -1.364762
4.819700 -1.337642
4.837802 -1.371607
4.838480 -1.454020
4.904561 -1.419480
4.813825 -1.436327
4.932290 -1.475095
4.906408 -1.375213
4.936040 -1.348815
-0.554609 -0.742501
4.832263 -1.413410
4.820566 -1.351888
4.880166 -1.372318
4.902862 -1.404512
4.871594 -1.373101
4.855112 -1.354022
4.920358 -1.429451
4.840591 -1.368824
4.890979 -1.347316
4.897329 -1.342357
0.671406 -5.480115
-0.580542 -0.718574
4.834009 -1.381630
4.826487 -1.329693
4.826705 -1.403387
4.782970 -1.438268
4.922811 -1.364638
4.848606 -1.383643
4.889735 -1.413359
4.831487 -1.406048
4.871557 -1.349988
4.903905 -1.286031
-0.570171 -0.735899
4.812015 -1.348934
4.873168 -1.392948
4.883188 -1.400528
4.844820 -1.342242
4.767622 -1.360634
4.803672 -1.441111
4.873600 -1.319129
4.831037 -1.418262
4.816422 -1.338059
4.839204 -1.365904
-0.576315 -0.723394
4.877584 -1.372758
4.798531 -1.438971
4.922021 -1.392218
4.896059 -1.343564
4.813004 -1.404277
4.881121 -1.384633
4.953256 -1.434618
4.862079 -1.368978
4.809437 -1.396158
4.862761 -1.362526
-0.560367 -0.706377
4.890426 -1.418248
4.830334 -1.394700
4.938900 -1.447015
4.825330 -1.333022
4.839514 -1.408820
4.787977 -1.358087
4.815035 -1.387073
4.846253 -1.363439
4.893698 -1.362253
4.898563 -1.410990
-1.044622 -0.683307
4.848925 -1.425516
4.825727 -1.375809
4.818084 -1.340691
4.876336 -1.380963
4.941667 -1.260074
4.839915 -1.386467
4.881891 -1.371012
4.917219 -1.340089
4.881771 -1.385936
4.854495 -1.394430
-1.120888 -0.332994
4.884911 -1.349246
4.941772 -1.287173
4.862334 -1.391292
4.845592 -1.357731
4.838569 -1.352422
4.907568 -1.416920
4.881085 -1.451219
4.853251 -1.369097
4.846955 -1.330423
4.914455 -1.323892
-1.126575 -0.370032
4.891556 -1.409222
4.861698 -1.342351
4.883666 -1.333149
4.934615 -1.428865
4.829706 -1.359277
4.923372 -1.429598
4.862070 -1.360980
4.822768 -1.404796
4.846541 -1.393790
4.888692 -1.381348
-1.099057 -0.357401
4.862623 -1.442278
4.884025 -1.379338
4.865233 -1.316235
4.814178 -1.402141
4.879986 -1.393376
4.811528 -1.358163
4.851588 -1.367738
4.795710 -1.465103
4.890352 -1.336375
3.426165 -1.090060
-1.117893 -0.370724
3.440042 -1.054088
3.619439 -1.269540
3.413657 -1.245372
3.339410 -1.216022
3.389502 -1.292006
3.413223 -1.288263
-1.520572 -1.590689
-2.138096 0.979809
-2.156291 0.975922
-2.134593 0.977173
-1.079133 -0.663336
-0.777951 3.151899
-0.767968 3.155308
-0.765880 3.157196
-0.766534 3.151097
-0.768109 3.152828
-0.771143 3.168934
-0.769333 3.150146
-0.772871 3.156671
-0.772407 3.162841
-0.790603 3.168495
0.627676 -5.461736
-1.040889 -0.645928
-0.769893 3.157365
-0.752914 3.154888
-0.782433 3.159068
-0.772488 3.161984
-0.776112 3.150691
-0.772082 3.156738
-0.771348 3.160829
-0.753597 3.141831
-0.774410 3.155232
-0.775896 3.165949
-0.847755 -0.621579
-0.765575 3.152682
-0.761857 3.147655
-0.794393 3.181838
-0.788737 3.167769
-0.772499 3.153138
-0.783668 3.155556
-0.777469 3.151106
-0.756032 3.138310
-2.059905 -2.766479
-2.064561 -2.764726
-1.174669 -0.739043
-2.063977 -2.780781
-2.051476 -2.757080
-2.058513 -2.764652
-2.061524 -2.767353
-2.068170 -2.783350
-2.060926 -2.768761
-2.049999 -2.758367
-2.066159 -2.774238
-2.093405 -2.803073
-2.064065 -2.775704
-1.176458 -0.725767
-2.062324 -2.766925
-2.067848 -2.777145
0.728751 -5.534048
0.486232 -5.405606
0.490079 -5.413005
0.481105 -5.396477
0.477045 -5.396130
0.481110 -5.401512
0.494450 -5.407324
0.505838 -5.409070
-1.066452 -0.659140
0.485401 -5.392174
0.489565 -5.396893
0.487900 -5.411920
0.750292 -5.569592
0.723723 -5.532494
0.185454 -5.702330
0.687221 -5.495971
0.682296 -5.490495
0.688593 -5.490654
0.655807 -5.492829
-1.207980 -0.736065
0.848323 -5.642369
0.655437 -5.481666
4.462827 -2.897213
4.458238 -2.900559
4.474641 -2.921292
4.456602 -2.906742
-1.341120 -0.193320
-1.677350 -0.346731
-1.838583 -0.411450
-1.585380 -0.872647
-1.022017 -0.665024
-1.614632 -0.877221
-1.333669 -0.206285
-1.326378 -0.219335
-1.360239 -0.251038
-1.305774 -0.233650
-1.309572 -0.235902
-1.351009 -0.207915
-2.555490 0.910859
-2.591242 1.115787
-1.330150 -0.222461
-1.214778 -0.641416
-1.324729 -0.234904
-1.336792 -0.220641
3.422784 -0.870787
3.412099 -0.840100
3.397689 -1.262681
-1.056487 -0.668026
3.419325 -0.841012
3.419386 -0.839014
3.421282 -0.870005
3.418931 -0.857952
-1.166161 -0.643602
3.415741 -0.845545
-1.052114 -0.668042
-0.903456 -0.810902
-0.793114 -0.884237
-0.908846 -0.780234
-0.873582 -0.871478
-1.008514 1.796746
-1.002943 1.810878
-1.017359 1.802699
-1.011593 1.802373
-1.185058 -0.765590
-1.016653 1.645812
-1.010631 1.660282
-1.015700 1.639603
-0.989321 1.433128
-0.978091 1.418621
-0.994477 1.434047
-1.129925 1.551252
-1.251193 1.566062
-1.100659 1.554027
-1.091964 1.537690
0.675322 -5.497142
-1.068969 -0.648191
-1.104063 1.576208
-1.082267 1.541615
-1.078298 1.541875
-1.110445 1.541276
-1.093072 1.561992
-1.086932 1.552777
-1.114990 1.520589
-1.034961 1.577399
-1.082034 1.551963
-1.079815 1.540037
-1.054095 -0.659111
-1.124100 1.523012
-1.023727 -1.313656
-1.036005 -1.295058
-1.036891 -1.297570
-1.048549 -1.312681
-1.036487 -1.319665
-1.057970 -1.327445
-1.031442 -1.295059
0.098153 0.125599
0.109648 0.110180
-1.110045 1.542023
0.099636 0.147547
0.098414 0.120022
0.107656 0.164604
0.058646 -0.038672
0.121861 -0.115676
0.085765 -0.052106
0.084269 -0.072678
0.062195 -0.097411
0.118112 -0.058760
0.032913 -0.083663
-1.023769 1.451116
0.016011 -0.131917
-0.004941 -0.068176
0.061840 -0.056961
0.078257 -0.114543
-0.012818 -0.026548
0.069739 -0.058637
0.049915 -0.040892
0.135445 -0.099947
0.089768 -0.054422
0.038330 -0.126783
-1.006493 1.425363
0.132579 -0.106723
0.106777 -0.108405
0.043249 -0.020978
0.086329 -0.120836
3.024439 -1.126341
3.006230 -1.123906
0.292179 0.113381
0.293215 0.154525
0.236713 -0.150820
0.244675 -0.147977
-1.098837 1.539783
0.030070 0.001946
0.026287 0.014048
0.152407 -0.030068
0.162888 -0.018366
0.018387 -0.126810
0.015881 -0.150956
0.122582 -0.138636
0.169537 -0.159029
0.102271 -0.159472
0.119615 -0.226627
-1.027187 1.434572
0.027334 0.061129
0.009043 0.116739
-0.307893 -0.351637
-0.314536 -0.361465
0.105489 -0.086794
0.093365 -0.063703
0.087334 -0.095670
0.076215 -0.074584
0.080580 -0.054340
0.046355 -0.027908
-1.082937 1.504229
0.066377 -0.083308
0.016158 -0.034510
0.071794 -0.086691
0.133213 -0.035995
0.099315 -0.130727
0.068374 -0.078348
0.046315 -0.028302
0.061999 -0.055558
0.188917 0.076459
0.287827 0.211424
-1.013907 1.436564
0.105139 -0.121650
0.132479 -0.116064
0.065904 -0.073763
0.042217 -0.079270
0.066103 -0.066766
0.830492 0.041245
0.833374 0.027589
0.858477 0.041026
0.818210 0.045385
0.845302 0.042383
-1.220246 1.560680
0.842498 0.046300
0.838157 0.048346
0.891496 0.027857
0.841153 0.048049
0.850801 0.039998
0.925782 0.067299
0.926336 0.066448
0.928238 0.066396
0.937922 0.074025
0.829030 0.044109
0.672309 -5.492345
-1.257537 1.569053
0.911026 0.032356
0.905186 0.025700
0.943308 0.032618
0.016962 0.137943
0.014581 0.130809
0.003874 0.149246
0.027456 0.149521
0.191140 -0.046590
0.268077 -0.040229
0.092855 0.004440
0.758018 1.382151
0.084603 -0.092418
0.103087 -0.097631
0.083311 -0.025345
0.085953 -0.090080
0.087261 -0.065102
0.190394 -0.238740
0.232735 -0.277168
0.208516 -0.249325
0.214357 -0.251011
0.049866 -0.089945
0.869100 1.473450
0.122252 -0.029921
0.059669 -0.045801
-0.018441 0.057336
-0.044619 0.086459
-0.043981 0.090113
-0.034484 0.126482
-0.066800 0.077837
0.096958 -0.055263
0.040237 -0.053093
0.021887 -0.007364
-1.058820 -0.654857
0.093159 -0.077123
0.044083 -0.070590
0.114789 -0.120045
0.060839 -0.050959
0.088138 -0.061234
0.008684 -0.136834
0.043320 -0.039155
0.061359 -0.043924
0.730594 -0.603710
0.738513 -0.615681
-1.099116 0.282646
0.755828 -0.630533
0.742334 -0.613418
0.730043 -0.592801
0.694378 -0.569601
0.761397 -0.636465
0.732171 -0.628228
0.727240 -0.599084
0.703906 -0.586037
0.713901 -0.573621
0.703654 -0.586889
-0.913144 0.597645
0.703049 -0.586711
0.725570 -0.605042
0.722401 -0.600990
0.724486 -0.595651
0.769926 -0.642206
0.761007 -0.628925
0.739659 -0.623812
0.715774 -0.619379
0.703850 -0.574047
0.740366 -0.590026
-1.080224 -0.301023
0.739649 -0.614535
0.750085 -0.626710
0.737695 -0.603669
0.752243 -0.627749
0.740932 -0.610239
0.709259 -0.584648
0.744121 -0.619895
0.723288 -0.578463
0.728097 -0.586283
0.666151 -0.550546
-0.759304 3.146646
-0.707614 -0.244802
0.772325 -0.557205
0.720570 -0.601584
0.733725 -0.610745
0.724881 -0.586816
0.727028 -0.583561
0.747624 -0.607199
0.669665 -0.550108
0.707832 -0.600854
0.738174 -0.610768
-0.515944 -0.527997
0.728789 -0.594239
0.723273 -0.604069
0.690212 -0.624654
0.823637 -0.672902
0.912933 -0.737355
0.685348 -0.591777
0.735191 -0.618059
0.762614 -0.633643
0.723525 -0.600277
0.745437 -0.633547
-1.216556 -0.482703
0.692108 -0.564029
0.115946 -0.087712
0.153428 -0.009019
0.014819 -0.089446
0.022574 -0.137632
0.491769 0.476442
0.497891 0.487922
0.503957 0.490053
0.497104 0.484106
0.474901 0.509682
-1.330943 -0.234467
0.679553 -5.464030
-1.293587 -0.226416
0.500673 0.485620
0.506431 0.481789
0.496404 0.488502
0.489941 0.469610
0.441266 0.398233
0.504684 0.503312
0.499776 0.484459
0.500736 0.492650
0.498574 0.481925
0.490948 0.475211
-1.242093 -0.392277
0.513783 0.476730
0.493461 0.477186
0.488566 0.471212
0.507536 0.501271
0.507630 0.493728
0.516831 0.501703
0.494029 0.479574
0.489261 0.471201
0.499672 0.467360
1.092819 -3.039832
-1.164316 -0.486094
1.938282 -1.958481
1.935570 -1.951078
-0.288331 1.827504
-0.312921 1.843744
-0.330654 1.812154
-0.317842 1.848112
-0.287892 1.848587
-0.306427 1.823617
-0.327586 1.853825
-0.308763 1.847000
0.594230 1.013103
-0.293009 1.827660
-0.291064 1.848399
-0.260290 1.867076
-0.259815 1.876556
-0.340194 1.872026
-0.293875 1.835875
-0.312930 1.822403
-0.309225 1.833982
-0.338631 1.865574
-0.276100 1.859750
0.893894 1.218793
-0.305060 1.821208
-0.307580 1.829466
-0.312888 1.817688
-0.277419 1.859161
-0.288695 1.843637
-0.302496 1.832794
-0.310020 1.827964
-0.306276 1.831391
-0.277943 1.850707
-0.297025 1.837268
0.654597 1.042376
-0.302993 1.835089
-0.302538 1.836888
-0.313425 1.833682
-0.294796 1.835516
-0.299004 1.827320
-0.281032 1.819573
-0.295763 1.828277
-0.290048 1.826046
-0.284942 1.852854
0.009900 -2.297088
-1.337930 -0.214281
-3.619938 1.132416
-3.631271 1.145971
0.865044 1.494813
-0.777352 0.968855
-4.136132 -3.813926
-4.129960 -3.818046
-4.135178 -3.812465
-4.134488 -3.816220
-4.129200 -3.812063
-4.128533 -3.783571
-1.776530 0.219140
-4.132097 -3.818552
-4.134706 -3.812669
-4.136822 -3.812686
-4.140590 -3.822519
-4.123724 -3.820868
-4.123273 -3.803510
-4.264044 -3.779794
-4.334468 -3.763291
-4.289893 -3.781999
-4.271854 -3.777372
-2.469727 1.362845
-4.138655 -3.819460
-4.130080 -3.806839
-4.131057 -3.821187
-4.135323 -3.811346
-4.139852 -3.806262
-4.114944 -3.829597
-4.137451 -3.811275
-4.131849 -3.811239
-4.123725 -3.809473
-4.130911 -3.810704
-1.548310 0.216609
-4.102070 -3.785439
-4.098893 -3.784009
-4.123537 -3.800481
-4.144047 -3.802615
-4.123858 -3.835972
-4.127152 -3.801293
-4.151027 -3.797325
-4.124397 -3.820695
-4.122537 -3.811176
-4.134091 -3.813733
0.667303 -5.482994
-1.363328 -0.160618
-4.120395 -3.839480
-4.139394 -3.807520
-4.131634 -3.815018
-4.143737 -3.819015
-4.123081 -3.797251
-4.111317 -3.793200
-4.131343 -3.801596
-3.827898 -3.442189
-4.188122 -3.961821
-4.189169 -3.960042
-1.405004 -0.052817
-4.194573 -3.979583
-4.186755 -3.935224
-1.729502 2.940727
-1.705608 2.961461
-1.708519 2.956470
-1.709428 2.942857
-1.670562 2.995688
-1.739311 2.949885
-1.707889 2.954290
-1.723872 2.953056
0.752037 1.350455
-1.719696 2.945804
-1.614846 3.054635
-1.717555 2.950922
-1.691038 2.979508
-1.690263 2.940778
-1.694970 2.971903
-1.700106 2.972392
-1.717688 2.956675
-1.724391 2.940000
-1.720016 2.971381
-1.346043 -0.233440
-1.707881 2.963043
-1.726990 2.959852
-1.711702 2.958019
-1.737171 2.930267
-1.711014 2.956632
-1.740370 2.929274
-1.718242 2.944580
-1.700554 2.939398
-1.736221 2.931459
-1.716262 2.964196
-1.341921 -0.246646
-1.711543 2.956488
-1.698424 2.969882
-1.753229 2.994740
-1.709958 2.955905
-1.710295 2.953272
-1.709477 2.960330
-1.710690 2.956835
-1.711491 2.957368
-1.703771 3.013916
-1.680751 2.968410
-1.281145 -0.103065
-1.702410 2.956872
-1.720292 2.944067
-1.713612 2.955538
-1.730525 2.925561
-1.674176 2.981416
-1.731263 2.936780
-1.709665 2.950830
-1.709721 2.961124
-1.709015 2.958769
-1.706176 2.961725
-1.265732 -0.037687
-1.703440 2.956278
-1.705030 2.971683
-1.714565 2.961389
-1.710129 2.953927
-1.691211 2.934837
-1.713074 2.953063
-1.719803 2.944290
-1.671172 2.996168
-1.724642 2.941571
-1.723563 2.953937
-1.271303 -0.039932
-1.707463 2.960674
-1.704893 2.965019
-1.715656 2.948357
-0.426503 -3.259201
3.052654 -1.051881
4.573528 0.495880
4.933094 1.226812
4.907423 1.209965
4.945758 1.196954
4.865412 1.166626
-1.259831 -0.044415
4.921416 1.215175
4.958936 1.254821
4.905402 1.197934
4.925707 1.225179
4.949192 1.210412
4.926412 1.210211
4.927116 1.227034
4.890464 1.201981
4.927763 1.228904
4.913776 1.191940
-1.388873 0.161340
4.825853 1.132969
4.911909 1.215970
4.936663 1.158136
4.959799 1.232887
4.857054 1.148900
4.947306 1.246691
4.958342 1.261520
4.907871 1.207574
4.895614 1.197915
4.918036 1.228135
0.631913 -5.542488
-3.579509 1.096887
4.910381 1.216038
4.899300 1.239479
4.886117 1.267115
4.884004 1.190329
4.955692 1.260439
4.892713 1.231311
4.884269 1.187059
4.903623 1.206672
4.902129 1.213499
4.913908 1.236126
-1.255390 -0.163562
4.918360 1.206066
4.936922 1.239447
4.893830 1.200315
4.945175 1.251151
4.925801 1.213416
4.944470 1.219237
4.888446 1.246588
4.923077 1.223908
4.945330 1.221378
4.885960 1.186772
-1.309654 -0.220566
4.920740 1.233189
4.917125 1.224196
4.948410 1.186363
4.894852 1.218378
4.964414 1.265880
4.924200 1.235613
4.923319 1.276158
4.921041 1.234369
4.918825 1.224684
4.926326 1.185036
-0.803667 -0.151041
4.922812 1.220938
4.969314 1.224675
4.866642 1.165516
4.919174 1.220221
4.947514 1.246752
4.931314 1.228978
4.945754 1.234640
4.936951 1.239341
4.886921 1.206838
4.949432 1.249281
-1.335715 -0.215247
4.928053 1.213821
4.906165 1.204286
4.942599 1.249160
4.911787 1.209640
4.923188 1.207228
4.926018 1.223484
4.921706 1.226561
4.930121 1.237341
4.920646 1.205613
4.909770 1.211520
-3.740741 -0.767337
4.867341 1.221872
4.943238 1.244058
5.080543 1.428076
5.094230 1.452592
5.108705 1.467856
5.110025 1.467283
5.108666 1.465324
5.099783 1.455967
5.099690 1.455722
5.122117 1.481568
-3.813050 -0.897268
4.587317 0.481182
4.519156 0.475743
4.568946 0.491088
4.575322 0.491288
4.556872 0.495800
4.541366 0.507569
4.559520 0.490554
4.565320 0.486330
4.560084 0.499306
4.556834 0.492612
-1.339846 -0.245169
4.564856 0.476870
4.557196 0.498419
4.536944 0.518794
4.547094 0.482954
4.559289 0.493899
4.557234 0.494298
4.573202 0.500575
4.582871 0.503235
4.563867 0.489477
4.580877 0.487065
-1.325344 -0.240150
4.555557 0.517016
4.576441 0.479405
4.564516 0.478822
5.033152 0.314463
5.054763 0.294878
5.048526 0.304818
5.046579 0.304109
5.013048 0.339219
5.041401 0.310472
5.042614 0.301934
-0.888483 -0.621152
5.064048 0.287595
5.038003 0.308502
5.049516 0.302956
5.037828 0.302489
5.056680 0.293672
5.037604 0.305034
5.038794 0.294342
5.044429 0.307748
5.046034 0.306914
5.046731 0.304537
0.620811 -5.579549
-1.053054 -0.655278
5.044511 0.313790
5.040553 0.308199
5.063333 0.313130
5.044250 0.309752
5.029823 0.322053
5.038773 0.307279
5.034240 0.320441
5.066556 0.280772
5.065317 0.284912
5.019534 0.330991
-1.038435 -0.737525
5.067166 0.285425
5.045481 0.303875
5.049664 0.302091
5.054072 0.294817
5.040955 0.309574
5.047727 0.304949
5.010477 0.338415
5.048918 0.304862
5.047513 0.305723
5.056418 0.294911
-1.056835 -0.679980
5.053873 0.298649
5.057918 0.293287
5.021370 0.324657
4.527829 0.545055
4.521604 0.562653
4.513795 0.574405
2.710807 -0.218158
2.734648 -0.208539
2.710947 -0.214953
2.721420 -0.215568
-1.339546 -0.396699
2.718277 -0.211247
2.697799 -0.227478
2.721696 -0.211293
2.713234 -0.215646
4.526044 0.535561
4.523261 0.531669
4.511143 0.550023
4.533728 0.475055
4.527084 0.471680
4.528163 0.470650
-1.017092 -0.649476
4.561535 0.502540
-3.746806 -0.772377
-3.735538 -0.770168
-3.802263 -0.806211
-3.682577 -0.715331
-3.766732 -0.821403
-3.765440 -0.751597
-3.783622 -0.806463
-3.749417 -0.744668
-4.151785 -0.957562
-1.680129 -0.613758
-4.195827 -0.983427
-4.186527 -0.975097
-4.148608 -0.955305
-4.171802 -0.968285
-4.189619 -0.979162
-4.189488 -0.977772
-4.186642 -0.978602
-4.173497 -0.970090
-4.173737 -0.972972
-4.171381 -0.971251
-1.754462 -0.599267
-3.743915 -0.775774
-3.724220 -0.774830
-3.752730 -0.782219
-3.770931 -0.747966
-3.713958 -0.753991
-3.721484 -0.768583
-3.741760 -0.772142
-3.708188 -0.807532
-3.710713 -0.806002
-3.726557 -0.776633
1.116191 -3.036724
-3.734000 -0.764223
-3.641953 -0.854425
-3.765054 -0.711159
-3.794459 -0.722588
-3.732779 -0.767892
-3.745465 -0.814684
-3.766623 -0.769050
-3.694052 -0.720218
-3.735886 -0.749946
-3.747456 -0.794756
1.354010 -3.080164
-3.753628 -0.776184
-3.734080 -0.778797
-3.787383 -0.806991
-3.735101 -0.763434
-3.778359 -0.807302
-3.707383 -0.746311
-3.724513 -0.792486
-3.760326 -0.779836
-3.840016 -0.852901
-3.746957 -0.767899
1.352874 -3.080377
-3.707539 -0.744031
-3.696119 -0.793628
-3.779680 -0.735753
-3.797968 -0.819591
-3.743232 -0.769852
-3.756900 -0.749896
-3.727398 -0.783869
-3.763160 -0.754656
-3.753300 -0.756225
-3.763822 -0.780249
0.666399 -5.477770
1.357690 -3.082258
-3.703142 -0.727712
-3.705695 -0.725818
-3.746509 -0.776540
-3.750525 -0.769802
-3.790070 -0.798121
-3.756401 -0.780392
-3.717668 -0.763554
-3.770388 -0.780749
-3.765083 -0.750683
-3.767451 -0.758065
1.362644 -3.080310
-3.716925 -0.789844
-3.737634 -0.792469
-3.708458 -0.778075
-3.774670 -0.731615
-3.735667 -0.755286
-3.785061 -0.801005
-3.697206 -0.715056
-3.727452 -0.722515
-3.765131 -0.795222
-3.707442 -0.815439
1.380207 -3.082188
-3.699983 -0.815840
-3.778617 -0.782047
-3.750185 -0.743561
-3.818865 -0.853615
-3.766420 -0.744147
-3.736201 -0.763184
-3.701319 -0.744250
-3.774371 -0.753685
-3.724416 -0.808062
-3.754870 -0.722620
1.349884 -3.080394
-3.765327 -0.749364
-3.731278 -0.769042
-3.730024 -0.780904
-3.693367 -0.733905
-3.724854 -0.815840
-3.722784 -0.806557
-3.699540 -0.751850
-3.699280 -0.776757
-3.751012 -0.764195
-3.715845 -0.738516
1.366007 -3.084508
-3.750196 -0.771976
-3.707242 -0.739455
-3.749281 -0.761519
-3.744417 -0.799031
-3.778432 -0.808927
-3.701619 -0.723869
-3.731695 -0.773153
-3.703801 -0.728234
-3.744244 -0.767324
-3.769687 -0.738354
1.374500 -3.092319
-3.664428 -0.808358
-3.798256 -0.799999
-3.727179 -0.769517
-3.719011 -0.782701
-3.779220 -0.726844
-3.781899 -0.758065
-3.911642 -0.796791
-3.922523 -0.800533
-3.742203 -0.776330
-3.787321 -0.676836
1.361234 -3.078541
-3.780613 -0.783446
-3.726019 -0.733911
-3.849833 -0.671711
-2.714915 -0.234721
-2.664201 -0.209600
-3.712614 -0.751136
-3.750587 -0.772394
-3.721132 -0.738764
-3.733615 -0.751679
-3.679556 -0.786875
1.360735 -3.085568
-3.723320 -0.775582
-3.709990 -0.752237
-3.825452 -0.872357
2.961096 -2.619709
3.022403 -2.627676
2.984262 -2.602811
2.989113 -2.593640
3.011111 -2.623445
2.995399 -2.603415
3.006779 -2.609509
1.079434 -3.177882
2.981493 -2.580741
3.050473 -2.615970
3.074906 -2.624974
3.054782 -2.618407
2.983894 -2.601781
3.027637 -2.553474
2.982794 -2.589362
3.004493 -2.587155
3.034553 -2.638455
2.969260 -2.583768
1.073272 -3.213834
2.968151 -2.624693
2.992410 -2.569220
2.992581 -2.592432
2.992444 -2.587954
2.988916 -2.597105
3.001539 -2.572284
2.991806 -2.596100
3.022579 -2.640297
2.961005 -2.606160
2.991077 -2.618608
0.666138 -5.481690
1.077650 -3.202776
2.995965 -2.598563
2.986714 -2.591598
2.990458 -2.595782
2.983593 -2.588025
2.993442 -2.595191
3.094718 -2.749055
3.096446 -2.747572
3.109772 -2.771804
3.097600 -2.750340
3.097891 -2.750933
1.083397 -3.184079
3.101483 -2.750951
3.095856 -2.743970
3.006680 -2.573910
2.960835 -2.592254
2.992126 -2.593602
2.932517 -2.536676
3.005769 -2.603561
0.819765 -1.807177
0.723773 -1.798470
3.408266 -1.208287
1.178093 -3.589029
-1.878170 -3.618382
-1.810117 -3.920049
-1.803075 -3.947330
-1.805722 -3.914431
-1.811610 -3.930409
-1.796809 -3.937318
-1.936176 -3.973393
-2.001732 -3.982449
-1.801241 -3.926001
-1.814369 -3.910778
1.187412 -3.611860
-1.810357 -3.934839
-1.805251 -3.935965
-1.793404 -4.007881
-1.787564 -4.068402
-1.810338 -3.930095
-1.809373 -3.935533
-1.804117 -3.927543
-1.807104 -3.932468
-1.812040 -3.927757
-1.779703 -3.938278
1.182026 -3.585610
-1.806975 -3.943590
-2.235396 -4.315516
-2.170516 -4.304554
-2.164249 -4.322597
-2.168502 -4.319217
-2.254756 -4.335185
-2.257772 -4.337663
-2.264990 -4.335905
-2.263053 -4.335818
-2.272788 -4.327917
1.181781 -3.596487
-2.337666 -4.174994
-2.309555 -4.118517
-2.271577 -4.070583
-2.338886 -4.162613
-2.338605 -4.171595
-2.341834 -4.164475
-2.322331 -4.168805
-2.334903 -4.166731
-2.310803 -4.111281
-2.364773 -4.212078
1.204353 -3.633941
-2.317066 -4.134674
-2.349546 -4.153240
-2.336516 -4.173174
-2.255201 -4.495097
-2.257259 -4.505347
-2.257607 -4.512640
-2.257048 -4.505753
-2.255028 -4.528798
-2.260183 -4.510709
-2.253925 -4.505776
1.174175 -3.595254
-2.257160 -4.518259
-2.261216 -4.510149
-2.065771 -3.884564
-2.275623 -4.080885
-2.272829 -4.070156
-2.265223 -4.065503
-2.271522 -4.061937
-2.277145 -4.072826
-2.283907 -4.090928
-2.071267 -3.894046
1.182523 -3.598031
-2.060544 -3.899531
-2.010901 -3.990530
-2.015672 -3.990843
-2.017023 -3.987743
-1.861452 -3.611948
-1.874071 -3.618505
-1.863928 -3.650221
-1.921857 -3.481264
-1.865959 -3.628095
-1.881303 -3.633163
1.175690 -3.605193
-2.295260 -3.443208
-1.108959 -3.766572
-1.871794 -3.641998
-1.879919 -3.598112
-1.876537 -3.619814
-2.123395 0.989469
-2.196150 0.954888
-2.149176 0.975123
-2.155540 0.964235
-2.144542 0.967934
0.662329 -5.478386
1.183764 -3.595770
-3.378615 0.868135
-3.334494 0.839954
-2.013083 1.013201
-2.137978 0.979318
-2.192139 0.932638
-2.160078 0.978656
-2.166381 0.966862
-2.365504 0.742734
-2.129270 0.953204
-1.968675 1.099794
1.180113 -3.608251
-1.778236 1.120409
-1.898961 1.019467
-1.888738 1.036355
-2.132507 0.969842
-2.137958 0.984827
-2.140007 0.994214
-2.136467 0.977399
-2.127749 0.980548
-2.145300 0.972202
-2.222047 1.035136
1.178318 -3.588006
-2.208907 1.015017
-2.128697 0.957411
-2.145130 0.974387
-2.141161 0.977578
-1.384993 0.696044
-2.140698 0.974335
-2.155857 0.969768
-2.130122 0.975216
-3.329016 0.846815
3.375112 -1.225591
1.168700 -3.583098
2.984694 3.101171
-1.383024 1.605088
-1.744334 0.017070
-1.565529 0.327240
-1.560065 0.340585
-1.551020 0.342889
-1.313847 -0.235842
-1.312452 -0.230731
-1.503976 -0.757349
-1.319258 -0.216699
1.181831 -3.582113
-0.901298 -1.618237
-1.296170 -0.384136
-1.206808 -0.457583
-1.592040 -1.261794
-1.422887 -0.600930
1.825687 -0.772328
1.811095 -0.814663
-2.973173 2.335392
-2.964912 2.330761
-1.222878 -0.711067
1.174280 -3.589607
-1.252041 -0.711646
-2.656529 2.080805
-2.605175 1.886443
-2.588048 1.915396
-2.589221 1.907853
-2.601955 1.880632
3.029759 3.742359
-0.307663 -0.719862
-0.528269 -0.492201
-3.738303 1.518535
1.177820 -3.590759
-3.732310 1.514377
-3.730097 1.513105
-2.579856 0.902034
-1.182791 -0.398352
-2.037488 -1.512461
-2.026651 -1.505204
-2.533306 -0.780713
-2.529524 -0.766427
-2.324691 -0.712720
-2.695460 1.283135
1.192775 -3.599503
-2.874266 1.895405
-2.890921 1.943444
-2.520856 -0.778475
-2.549131 -0.779329
-2.572527 -0.803748
1.797213 -0.898674
1.790867 -0.905485
-1.457385 -0.273617
-1.633383 -0.103068
-1.553866 -0.210977
1.077415 -3.030982
-1.581905 -0.201822
-2.015618 -1.504016
-2.024480 -1.505139
-1.885108 -1.402596
-2.018290 -1.505028
-2.917182 2.221796
-2.908957 2.219171
-2.920692 2.228007
-2.991355 2.280466
-3.032886 2.316444
1.071191 -3.047071
-2.829257 0.343679
-2.499542 -0.039933
-1.230312 0.462092
-1.243952 0.467246
-2.606912 0.907630
-2.567211 0.897387
-2.592286 0.878764
-0.062604 -0.960643
-0.077667 -0.951328
1.982061 -0.518674
0.660529 -5.488410
1.102401 -3.050447
2.069239 -0.578511
-0.636649 0.387683
-0.110136 -0.927257
-0.177954 -0.874176
0.085069 -1.071516
-0.775444 0.458771
0.928683 -0.747821
0.934061 -0.754817
-1.841982 1.060575
-1.879316 -0.414920
1.120277 -3.025921
-2.842237 0.921821
-2.970494 0.777002
-2.859040 0.919321
-2.706151 0.906028
4.078151 -1.296770
-1.827544 -1.355883
-1.789127 1.124988
-1.764029 1.139792
-1.778975 1.117251
-2.554140 -0.779958
1.086457 -3.067774
-0.047812 -0.969099
-3.215113 3.686056
-3.206534 3.795270
-3.207808 3.786081
1.960386 -0.386416
1.980115 -0.372032
-0.871253 -0.669641
-0.271603 -4.000721
-0.205490 -4.190008
-0.154015 -4.280877
1.156458 -2.988675
-0.213008 -4.243681
-0.201077 -4.194551
-1.075158 -0.698955
-1.358278 1.592243
-1.103235 1.554530
-1.363708 1.605161
-0.487832 -0.097002
-0.524727 -0.110098
-0.513639 -0.093234
-0.662881 -0.581295
1.111400 -3.034083
-0.645321 -0.556793
-2.374824 0.575158
-2.113919 0.339567
-2.503156 0.476222
-3.970141 -0.020941
4.097741 -1.300863
4.085683 -1.299333
3.201196 -1.071397
-0.174169 -0.874041
-1.711270 0.961168
1.120182 -3.045714
-1.710916 0.951241
-2.502644 1.333176
-2.531080 1.362461
-3.401111 0.883822
-3.403105 0.891091
0.098780 -0.105003
-0.279139 -3.998640
-0.247878 -4.028206
-2.013302 -1.502905
-1.501568 -0.498891
1.109089 -3.025624
-0.211224 -4.061620
-2.820929 -1.757635
-2.844831 -1.763525
-1.475209 -1.724265
-2.546534 1.932861
-2.587270 1.114217
-1.886967 -1.409059
-1.890391 -1.403131
3.131896 3.060333
3.029928 3.742409
1.096379 -3.016632
-1.391478 -0.625721
-1.044975 -0.597601
-0.153836 -0.878330
-1.897335 -0.543490
-1.939550 -0.531882
-1.240434 0.234026
-1.061966 0.312469
-2.066808 -1.541286
-0.057608 -0.963886
-2.794405 1.110411
1.091872 -3.045810
-2.509485 -0.763232
-0.154621 -0.881752
-3.771685 1.559353
-3.800893 1.596815
-3.205042 3.695159
1.912204 -0.396785
-2.503063 1.355014
-2.505306 1.350834
-2.186634 -1.095059
-2.498490 -1.361231
1.113090 -3.026382
-1.757093 -0.586258
1.805359 -0.868016
1.908842 -0.390279
-2.985433 2.270973
3.080668 2.785920
3.109032 2.573928
-2.512130 -0.035843
-1.216349 0.451088
-1.375881 0.518958
-0.214391 -4.234540
0.647586 -5.465844
1.103116 -3.023606
-3.361038 0.973928
-3.562922 1.280192
-2.477843 1.330792
1.940482 -0.626945
-1.347651 -1.917448
-2.455539 1.326228
0.064267 -5.851606
-3.030234 2.289292
-1.861411 -0.378206
-1.464052 -0.706331
1.110077 -3.018789
-1.461105 -0.757559
-2.943046 0.824988
-4.242419 0.220324
-4.234275 0.215969
3.329274 -1.193334
3.276886 -1.131676
1.919196 -0.403844
1.918476 -0.401622
-0.068729 -0.961486
1.530222 0.190512
1.117413 -3.038310
1.529418 0.224093
-3.539142 0.896691
-3.554253 0.827847
-3.587724 0.797142
-1.319191 1.583632
-0.675568 -0.963818
-2.386930 0.571822
-0.930352 -0.677977
3.443184 -1.049251
-1.916837 -0.586207
1.108061 -3.022103
-1.950438 -0.591759
-1.951708 -3.404164
-2.572650 1.482447
-2.570927 1.474035
-0.185580 -0.865451
-3.109598 3.184034
-3.117656 3.213214
-2.593949 1.703732
-3.114215 3.195831
-3.107977 3.182635
1.113631 -3.043856
-3.105326 3.168662
-3.121236 3.194701
-3.134701 3.231302
-3.138103 3.234978
-3.164787 3.427854
-3.120542 3.183776
-3.104309 3.195906
-3.315344 0.888155
-3.346880 0.892165
-3.735998 1.536265
1.134807 -3.009240
-1.762445 -0.290534
-1.761666 -0.280065
0.065422 -5.853135
-2.914783 2.213118
-2.484168 1.373700
-2.005264 -3.252418
-2.797385 -1.930765
-2.797727 -1.928872
-2.857692 0.916970
-1.449662 -0.618299
1.136736 -3.060641
-1.490345 -0.754126
-2.012421 -3.225162
-2.800736 -1.936570
-2.376409 1.988883
-2.619154 2.103998
-2.651017 2.082854
-2.487135 1.354404
-1.133725 1.555729
-0.560765 0.547440
-0.555484 0.551596
1.154007 -3.039729
2.921192 -2.647512
-0.988604 -0.322204
-0.595226 0.521507
1.760274 -0.144247
1.774151 -0.157900
1.818020 -0.796734
-2.502837 0.476708
-3.007039 2.312544
-3.011653 2.324950
-3.368404 0.743550
1.574799 -2.651661
3.050291 3.542178
-0.265843 -4.029795
-2.573123 -0.032156
-2.582852 -0.052769
-2.580305 -0.032716
-2.590647 -0.037409
-2.528661 0.467928
-2.504783 0.486068
-2.925359 -1.814818
-2.922390 -1.814578
0.243441 -2.705516
-2.548216 1.940720
-1.072980 0.630507
-0.614258 -2.385628
-2.536812 1.943314
2.008135 1.015064
-1.368692 0.711834
-1.376689 0.741571
-1.369332 0.719345
-0.683665 -0.233157
-0.657299 -0.246168
0.791194 -5.303117
1.189625 -2.950239
-2.507144 -1.360201
-3.144750 0.431349
-3.158046 0.450213
-0.764971 -2.071233
-1.160080 -0.498289
-2.529295 -1.375914
-2.543018 -1.381210
-2.605743 1.939555
-2.386028 0.587307
-2.383324 0.599044
1.241350 -2.917678
-2.352610 2.130372
-2.602466 2.117121
-2.222315 1.919062
1.125499 0.511150
-2.342258 2.014652
-2.398950 1.766469
-2.384928 1.791778
-2.370558 1.963231
-2.207485 0.937891
-2.210640 0.959712
1.104724 -3.032625
1.731548 -0.500913
1.722877 -0.504046
-0.611364 -2.405989
-3.905720 -0.632192
-2.916146 2.229777
-3.797954 1.592523
-3.172170 3.453679
-3.171804 3.458712
-3.272341 3.785752
-3.271077 3.790294
1.129843 -3.006199
-0.895322 0.368119
-0.753159 0.427389
-0.737568 0.411883
-0.762298 0.393060
-3.288062 3.815441
-3.727406 0.438561
-3.734968 0.459535
-3.275063 3.794373
-3.278908 3.797949
-3.751651 0.433727
1.090011 -3.061787
-0.893426 -0.102009
-0.861564 -0.100004
-3.270219 3.785749
-2.122774 -0.668127
-3.057281 0.637437
-3.072751 0.604224
-2.066906 -1.542939
-0.415091 -3.275274
-0.679107 0.452120
-2.333638 2.297663
1.159545 -3.008827
-2.326613 2.367047
-2.334793 2.317714
-2.407569 0.577490
-2.375041 0.583953
-3.777320 1.567759
-3.790904 1.578210
1.928779 -0.384524
-4.337156 -3.765251
-4.336683 -3.766940
1.929533 -0.638342
1.119186 -3.038428
-2.587233 -0.060331
-2.459053 1.318262
-2.827796 -1.762918
-2.549968 1.389441
-2.550840 1.380083
-2.828491 -1.772167
-2.828184 -1.776312
-1.235291 0.411434
-3.140798 3.242604
-3.845627 -0.893372
1.093145 -3.003553
0.364765 0.174918
0.394424 0.218871
-2.670037 -1.563264
-2.494486 -1.354317
0.079190 -1.071479
0.087197 -1.067168
-2.546009 -0.757040
-2.929742 -1.818975
0.102501 -1.084563
0.096958 -1.079297
1.138843 -3.004922
-0.601760 0.383986
0.107758 -1.087275
0.090914 -1.071456
0.083471 -1.068326
-3.697314 -0.217577
0.088623 -1.072899
0.071760 -5.842337
-1.670441 0.194260
-1.641032 0.216344
0.848752 -1.826828
1.146199 -3.002472
1.153271 -3.068958
1.152044 -3.041315
-1.224935 -0.480136
0.274464 -3.262751
0.251007 -3.271285
-0.208196 -4.056784
-2.561121 0.449092
-2.573273 0.430314
-2.574665 0.438732
-2.571318 0.445805
-1.325790 -1.879927
0.800824 -5.288293
1.109987 -3.028653
3.056522 -1.058526
-1.787589 0.086432
-3.846704 -0.958213
-1.779260 1.125877
1.918823 -0.371560
-2.856201 -1.764127
-2.974297 2.350113
-2.924011 2.236048
-2.337150 2.031344
-2.646442 -0.201255
1.096003 -3.053866
-0.747322 0.404931
-1.195132 -0.497777
-3.645144 -0.799238
1.806499 -0.874289
-1.222399 -0.517639
-3.137179 3.233783
-0.273406 -4.005707
1.927359 1.089029
-3.118612 1.342733
-3.231644 1.421885
1.113231 -3.048182
-3.284751 1.465656
-3.202419 3.694185
-0.795477 0.490484
-0.785565 0.479172
-1.545046 -0.435696
-3.312214 -2.917926
-2.007813 -3.240144
-3.302111 1.471229
-3.307149 1.476051
-0.504015 -0.088847
1.107294 -3.031607
-2.317765 -0.722305
-2.222561 0.907668
-2.225848 0.909940
-3.963239 -0.805190
-4.002144 -0.808052
3.056858 -1.078993
3.039321 -1.072833
3.046716 -1.077949
-1.236444 0.447272
-0.313408 -0.710872
1.148112 -3.088367
-2.916945 2.224856
-2.325112 2.373568
-1.580432 -0.206558
-0.266219 -3.960693
-0.271722 -4.002464
-0.281409 -3.997370
-0.274938 -4.005474
-0.275038 -3.999053
-0.275592 -4.001665
-0.280044 -3.989757
1.092371 -3.056613
-0.274540 -3.996440
-0.274556 -3.988411
-0.280149 -3.999236
-0.309315 -0.805386
-0.265571 -0.871473
-0.278616 -3.983909
-0.258017 -4.021162
-0.276638 -3.995475
-0.269763 -4.006618
-0.273480 -4.010879
1.098097 -3.029371
-0.273463 -4.003670
-0.274772 -4.005758
-0.271777 -4.007699
-0.259830 -4.022496
-1.969761 1.036619
-3.266999 0.803186
-3.346254 0.836784
-3.313561 0.871724
-3.293733 0.844898
-3.332153 0.839013
1.082922 -2.986630
-3.343463 0.832411
-3.357034 0.838920
-3.341180 0.834481
-3.352496 0.855916
-3.335600 0.854423
-3.334280 0.828030
-3.352715 0.867984
-3.363722 0.889246
-3.346435 0.848786
-1.845632 1.476087
1.098659 -3.043835
-1.838161 1.510287
-3.161953 0.488094
-3.161834 0.471903
-1.406327 -0.583686
-0.144195 -4.297723
-0.134029 -4.320387
1.944114 -0.632834
1.992205 -0.395046
2.011993 -0.395409
-0.301149 1.838563
1.513708 -3.396841
-3.729139 1.515932
-3.738728 1.521490
-3.148381 1.347729
-2.911203 1.356307
0.582175 -2.042150
-3.591639 1.113372
0.367235 0.185368
-1.004344 1.802814
-2.397835 0.598979
-2.389004 0.603695
0.816012 -5.269319
1.517897 -3.403643
-1.165476 -1.210122
1.523151 0.213991
1.522743 0.220817
1.320101 0.368135
1.917374 -0.401018
1.915515 -0.392990
1.931390 -0.402623
1.925819 -0.392022
1.921149 -0.384888
1.911236 -0.407170
1.499979 -3.417133
1.931788 -0.393461
1.905471 -0.376554
-2.502584 0.481857
-2.796541 -1.935791
0.651399 -1.969498
-0.679387 0.409946
-2.419694 1.398410
-2.373115 1.480040
-2.413537 1.396431
-1.375249 0.720792
1.518588 -3.402969
-2.586598 -0.813127
-2.331869 2.342933
-2.327491 2.345910
-2.330255 2.370668
-2.174428 -1.078278
-1.858748 -0.398600
-3.441516 0.306126
-3.421057 0.337333
-2.467533 1.323529
-1.786461 1.311747
1.513836 -3.395050
-1.789281 1.342552
-1.789662 1.336122
-1.789286 1.224582
-1.783684 1.348822
-1.781724 1.341166
1.855570 -0.419074
1.787844 -0.453311
1.845591 -0.424515
1.854929 -0.414317
-3.315492 1.490147
1.507753 -3.395956
1.146432 -3.003504
-3.288932 1.477666
-2.948816 0.817059
-1.171683 -1.203227
-1.883632 -1.401352
1.513636 -3.399127
1.903010 -0.389787
0.572555 -2.050918
0.567894 -2.056149
-2.532929 1.941599
1.513351 -3.390665
-2.538329 1.940475
1.994142 1.023933
-4.226550 1.352685
-2.604978 -0.020614
-1.047870 -0.584157
-3.716157 0.430948
-3.723259 0.448735
-2.902008 2.214005
-2.916935 -1.789632
1.183237 -3.098922
1.537323 -3.371107
-1.381728 0.137407
-2.485561 1.384292
-3.722164 1.509981
-3.135811 0.423853
-2.573159 1.470625
-2.809769 -1.868566
1.935720 1.084636
1.528121 0.234404
1.526118 0.231121
-2.911543 2.222311
1.513127 -3.400935
1.917761 -0.392434
1.922200 -0.398067
2.086046 -0.586050
-3.590361 1.114984
-0.153709 -4.276317
-1.954551 -3.406037
-1.794500 -4.086270
-1.788261 -4.089681
-1.226950 0.428524
-1.222058 0.430119
1.508112 -3.394469
-1.214714 0.439943
-1.211554 0.415895
-1.218937 0.445226
-2.501827 0.477155
-3.206101 3.833246
-3.759913 -0.769564
-3.761664 -0.775524
-2.917450 2.240828
-2.911428 2.212680
-2.908343 2.209819
1.517492 -3.402770
-2.914156 2.227019
-2.918077 2.228340
-2.896440 2.206786
-2.900459 2.209064
-2.992436 2.294963
-2.885418 2.195826
-2.913187 2.215160
3.110723 2.536611
-1.759681 0.028717
-1.759349 0.035153
0.797922 -5.286607
1.513839 -3.400814
-1.753139 0.038881
-2.921601 -1.811176
-2.582998 2.119133
-0.197155 -4.217072
-0.203914 -4.198930
-3.406536 1.214376
-3.271324 3.789807
-2.331248 2.019771
-3.121495 3.230272
-2.799999 -1.931052
1.513426 -3.398969
3.111159 2.549844
-2.409878 1.325350
-2.417353 1.343233
-3.206043 3.703143
-3.440467 0.590159
-3.403559 0.581943
-3.598778 1.098795
-4.248528 0.221604
-2.015157 -0.525848
-2.900210 2.209170
1.510885 -3.397928
0.461960 0.423555
-2.907603 2.216108
-0.142098 3.593480
-2.877683 1.919974
-1.069142 -3.812778
-1.063910 -3.829376
1.274874 -2.890149
-3.215626 3.701638
-3.223745 3.703900
-3.217300 3.692774
1.532004 -3.406161
-3.213269 3.706235
-3.215752 3.693220
-3.210997 3.686915
-3.217602 3.697325
-2.548584 -0.778276
-2.666102 2.089537
2.348989 -0.392328
-3.217542 3.703250
-0.759095 0.896582
-2.514697 -1.362545
1.154311 -3.082114
-2.517807 -1.358917
-1.888362 -1.398627
-1.894127 -1.408767
-0.263924 -3.941824
-3.737699 -0.786781
-1.402398 0.137963
3.351899 -1.279891
-2.327310 2.362816
1.185456 -3.593661
1.120233 0.521524
1.091307 -3.019173
1.111593 0.537432
1.120499 0.527602
0.080384 -1.065819
4.069835 -1.296035
-1.551275 0.349281
0.459178 0.413726
-3.204605 3.836944
-3.207153 3.851498
-1.873786 -3.641532
0.378819 0.199439
1.110806 -3.029499
1.924465 -0.400460
-2.008081 -3.237507
-2.005137 -3.238859
-2.026816 -3.220255
-0.750488 0.434731
-4.196333 1.348227
-4.205418 1.352377
-1.452547 -0.615451
-2.131683 -0.675351
-2.125360 -0.671387
1.099050 -3.037287
-2.369792 1.500951
-2.926552 -1.809883
-2.928719 -1.827626
-3.721441 -0.214476
-3.686905 -0.233448
-3.690202 -0.211999
-3.688551 -0.246439
-2.483442 1.319446
-1.792750 1.334521
-2.924592 -1.811531
1.118708 -3.024698
-3.278929 0.403060
-3.288902 0.394241
-0.896152 -0.820694
-2.880204 1.923424
-2.875467 1.929526
-3.808770 1.612443
-3.327812 1.494132
-3.736160 1.515183
-3.731353 1.515546
-2.565788 1.394398
-0.419917 -0.334488
-1.847229 1.486062
-1.838845 1.496411
-1.267527 1.518885
-1.346322 1.485402
-1.358263 1.491508
-1.305986 1.586646
-1.371937 1.490448
0.053349 -0.020129
2.013750 -0.402219
-0.149485 -4.280677
0.793527 -5.289077
-0.498111 -0.302435
-2.926334 2.229729
-1.205629 -0.771500
-1.869977 -3.645950
-0.669153 -0.979451
-0.667418 -0.982825
-2.358662 0.560256
-2.384132 0.568021
-2.374152 0.571305
-1.958423 -0.600479
-0.153517 -4.277111
1.089909 -3.056513
-2.573422 1.491178
-2.566890 1.480071
-2.565852 1.508604
-2.577388 1.482270
1.901605 -0.393349
0.399999 0.217471
-2.470935 1.306023
-0.167433 -0.867910
0.752424 1.367920
-3.003557 2.282902
1.096192 -3.060415
-2.064322 -2.774162
-2.068650 -2.792713
-1.564430 0.356074
-1.569836 0.376405
-0.293575 -0.724382
-3.421346 -2.874698
-3.411142 -2.883859
-3.410364 -2.871188
-2.365425 1.499204
-3.144481 0.447418
1.139675 -2.994728
-3.577944 0.786447
-2.919956 2.235707
-1.906265 -1.409699
-2.322517 2.375674
-1.054330 -1.642601
-1.053682 -1.627416
-3.217710 3.686091
-2.592526 1.916566
-2.593042 1.906011
-2.598400 1.889914
1.145239 -3.039755
-2.586973 1.909805
3.031201 3.774457
-2.399733 0.571434
-1.471619 -1.711330
-1.456086 -1.730053
-1.470510 -1.721485
-1.467613 -1.718200
-1.479772 -1.692800
-1.478264 -1.719721
-1.421006 -1.763014
1.105693 -3.027150
-1.492692 -1.694054
-1.411991 -0.604385
-1.405885 -0.605705
-1.428154 -0.628125
-1.388467 -0.633791
-0.540348 -0.517940
-3.731692 1.513865
-3.744223 1.526608
-1.070831 -0.612026
-1.053843 -0.602914
1.083403 -3.001790
-1.740680 0.018124
-1.748972 0.006687
-1.751633 0.029694
0.932732 -0.749816
-1.898599 -0.390458
-1.870731 -0.401639
-0.288400 1.836517
-0.303482 1.838635
-0.354289 1.855090
-0.323659 1.807793
1.087654 -3.009536
-0.296303 1.840752
-0.283231 1.862173
-0.282025 1.855271
-1.701378 -0.566721
-1.904018 1.041469
-1.896249 1.034309
-1.861616 1.065048
-1.867803 1.044109
-1.866082 1.051652
-1.893277 1.042370
1.116278 -3.033048
-1.950987 1.087988
-1.905653 1.063618
-1.918930 1.026689
-1.943742 1.081798
-1.854771 1.039164
-4.237597 0.213555
-4.206992 0.212431
-1.781732 -1.356362
4.083934 -1.300623
4.093328 -1.296146
1.133329 -3.055705
-1.749768 1.158899
-1.794281 1.121099
-1.798328 1.123795
-1.406545 -0.044768
-1.211605 0.418033
-3.202914 3.804548
1.985317 -0.379275
1.968814 -0.394980
1.976822 -0.396470
-0.823329 -0.661034
0.802487 -5.285972
1.168483 -3.085045
-0.858818 -0.675086
-0.864784 -0.661962
-0.838034 -0.675267
-0.862426 -0.656802
-1.087477 -0.615984
-1.121543 -0.698769
-2.072520 -1.547451
-0.350899 1.865094
-3.014440 2.297698
-1.355381 -1.925855
1.101281 -3.047532
2.096043 -0.569592
2.070802 -0.583626
2.081995 -0.579792
-4.251603 0.220065
-2.722517 1.240887
-2.730229 1.233088
-2.708403 1.248295
-2.535865 -0.771731
-2.562029 -0.771106
-2.556410 -0.752862
1.086899 -3.036935
-2.505958 -0.766093
-2.573823 -0.770504
1.793063 -0.910404
1.795935 -0.902670
2.363816 -0.369505
2.351410 -0.383952
-0.152665 -4.280481
-2.864565 -0.270385
-1.207589 -2.015918
-1.550279 0.322309
1.100811 -3.031035
-1.559988 0.343311
3.459647 -1.330352
-0.212702 -4.244534
-1.173464 -0.483428
-1.153183 -0.481339
-1.336936 1.599392
-1.345533 1.603039
-1.393643 1.632075
-1.329432 1.602528
-1.344390 1.627179
0.598279 -3.137028
-1.322638 1.593715
-1.372901 1.570770
-1.337586 1.599414
-1.348598 1.597146
-1.361337 1.614400
-1.351929 1.625432
0.094104 -0.099852
-0.486352 -0.067428
-0.848042 -0.669045
-1.898298 -0.378476
0.592756 -3.153323
-0.647932 -0.556552
-0.648536 -0.573820
-0.657507 -0.571977
-0.674893 -0.579312
-0.637893 -0.566593
-0.660018 -0.578718
-0.669275 -0.575834
-0.660826 -0.571047
-0.642434 -0.562907
-0.672387 -0.575776
0.707533 -2.890419
-0.642989 -0.579358
-0.665972 -0.572347
-0.632762 -0.597801
-0.652390 -0.561866
-0.669974 -0.567351
-0.645850 -0.545141
-0.673209 -0.540313
1.805400 -0.873482
-1.549146 -0.227578
-1.986945 1.121167
1.851688 -0.665644
4.083720 -1.292308
4.095510 -1.293193
-3.447165 0.442332
-2.854956 0.917737
-2.858733 0.923117
0.617278 -3.127159
0.603360 -3.133007
0.816230 -5.267882
0.609915 -3.132949
0.607274 -3.132441
0.614622 -3.138380
0.618845 -3.115659
0.602996 -3.143478
0.583300 -3.141697
0.617805 -3.126378
0.623251 -3.116063
0.625094 -3.133317
0.612074 -3.134444
0.807048 -5.285824
0.613803 -3.132008
0.624598 -3.122628
0.621329 -3.141422
0.605566 -3.136511
0.620494 -3.137904
0.612768 -3.135828
0.595871 -3.141454
0.615702 -3.132099
-1.477370 -1.720189
-1.484855 -1.699398
0.803922 -5.277772
-1.471116 -1.712032
-1.525562 -1.667376
-1.473879 -1.713963
0.014431 -2.276188
-1.325105 -1.897982
-1.311187 -1.912085
-1.391576 -1.840896
-1.395546 -1.839779
-1.418089 -1.840755
-1.401407 -1.883162
0.799407 -5.290295
-1.412367 -1.884457
-1.411047 -1.878710
-1.422660 -1.870421
-1.324052 -1.895859
-1.316594 -1.913888
-1.197267 -2.003921
-1.062068 -2.088595
-1.635662 -1.831453
-1.641237 -1.836017
-1.650242 -1.841147
0.665173 -5.479792
-1.648470 -1.845879
-1.475426 -1.715057
-1.111248 -1.998749
-1.250587 -1.904446
-1.481953 -1.709395
-1.463246 -1.724186
-1.461108 -1.731364
-1.462864 -1.720631
-1.482518 -1.705938
-1.473262 -1.718388
-1.392618 -0.605437
0.188712 -5.704619
3.030748 3.170654
3.041509 2.995078
2.949324 3.231486
2.922719 3.211463
2.909919 3.167895
3.105803 3.099342
2.849288 3.257957
3.054713 3.085340
3.105347 3.167614
3.087064 3.073517
0.197888 -5.715471
3.058110 3.271650
3.117721 3.092106
3.084272 3.093915
3.104537 3.020484
3.061056 3.106541
3.045670 3.221368
2.995121 3.296577
3.119328 3.061174
2.861870 3.223967
3.086880 3.007543
0.185840 -5.705579
2.931081 3.362138
3.172155 3.280567
3.080888 3.120194
3.049530 3.321527
3.018940 3.222433
3.123131 3.329811
2.878675 3.304735
3.074509 3.119637
3.055954 3.260193
2.963603 3.191966
0.183189 -5.702878
2.986911 3.223583
2.932590 3.032233
3.139001 3.335837
2.932474 3.069906
2.930869 3.096472
2.872853 3.142697
2.929605 3.284299
2.966481 3.156996
3.232341 3.290814
3.171092 3.327169
0.178008 -5.706757
3.167531 3.117224
3.081507 3.304553
3.057061 3.298046
2.897494 3.314284
3.089449 3.109998
3.035725 3.119733
2.967739 3.251569
3.213228 3.084556
2.911133 3.114306
3.144160 3.206279
0.175196 -5.704792
2.943716 3.137970
3.137359 3.173969
2.979305 3.422287
2.882668 3.240070
2.861564 3.165572
3.066252 2.995612
2.982728 3.018915
3.110082 3.172895
2.862855 3.261559
2.998169 3.214671
0.183773 -5.701126
2.968959 3.242908
3.145747 3.211748
3.020449 3.059592
3.126660 3.253708
3.008683 3.264464
2.958952 2.971235
3.154229 3.351810
3.140576 3.035579
2.942695 3.050422
3.005057 3.027505
0.180697 -5.704284
2.931145 3.065494
2.970789 3.151297
2.983438 3.298802
3.047784 3.042799
3.115608 3.127019
3.155833 3.171175
2.952458 3.278632
2.899467 3.164980
2.969689 3.067357
3.016325 3.279501
0.841599 -5.635403
2.914862 3.217187
3.113989 3.340225
3.054441 3.056603
3.063343 3.286367
3.206746 3.132107
3.150307 3.248912
2.920588 3.096132
2.989091 3.042781
3.032732 3.153015
3.047526 3.316171
0.842711 -5.637980
2.955692 3.176094
2.952078 3.212875
2.965379 3.084579
3.165479 3.271947
3.006295 3.042097
3.109394 3.121480
2.984903 3.024841
3.134888 3.010949
2.950123 3.201393
3.198849 3.247477
1.888817 1.126499
0.194129 -5.696851
3.099795 3.245906
3.120079 3.124441
3.055878 3.043599
2.959076 3.197067
3.065499 3.274014
2.922237 3.077097
3.256814 3.110425
2.929230 3.190922
2.981977 3.190160
3.026484 3.005993
0.192632 -5.702185
2.985542 3.128795
2.897732 3.048167
3.091833 3.122457
3.188440 3.169753
3.024304 3.237519
3.099189 3.117393
2.915578 3.138658
2.927181 3.102865
3.068452 3.277389
2.965960 3.078870
0.182555 -5.703309
2.891878 3.081023
2.975631 3.253206
3.000215 3.064724
2.984478 3.085563
3.030389 3.199147
2.950837 2.959358
2.926661 3.087141
2.974854 3.088143
3.075707 3.135797
2.895677 3.111728
0.190622 -5.700474
3.090005 3.244250
3.219185 3.153449
2.909078 3.212448
3.029734 3.190158
3.039018 3.148392
3.068140 3.243515
3.123092 3.281863
3.008938 3.288640
2.939785 3.250221
2.882558 3.328951
0.202724 -5.708430
2.946245 3.245280
2.892030 3.209395
2.914468 2.988852
3.145966 3.017206
3.183756 3.344884
2.977645 3.011366
2.893763 3.177628
2.886880 3.273099
3.118683 3.107607
2.890655 3.122747
0.192966 -5.706069
2.951561 3.115365
2.983778 3.112078
3.169175 3.052350
2.942143 3.218248
3.153846 3.063734
3.137204 3.002460
3.272160 3.085515
2.951388 3.037411
2.989245 3.294903
2.930421 3.243915
0.178098 -5.675502
3.134818 3.209125
3.112082 3.097541
2.928286 3.103468
3.009739 3.286141
3.101189 3.210100
3.187720 3.160567
2.898609 3.245366
3.043490 2.978591
3.095421 3.118423
3.021692 3.075568
0.179758 -5.700525
3.192499 3.227645
3.112758 3.117115
2.891032 3.047147
3.058244 3.282898
3.160991 3.065168
3.044102 3.178133
2.961332 3.161634
2.947905 3.123529
3.112280 3.248779
2.954664 3.243356
0.191919 -5.698002
2.994752 3.197332
3.087186 3.016359
2.847052 3.220991
3.017408 3.001221
2.909524 3.169786
2.945672 3.267719
3.000121 3.137523
2.822749 3.167002
3.097155 2.977444
2.978467 3.130181
0.201866 -5.715541
3.143184 3.147264
3.104531 3.086544
3.005009 3.233177
2.976189 3.280930
2.884800 3.242625
3.023450 3.297893
3.032471 3.208737
3.113416 3.076287
3.094630 3.220656
3.060848 3.248664
1.840783 1.206296
0.179508 -5.704161
3.078953 2.995793
3.023552 3.152874
2.923436 3.243536
3.009713 3.003417
2.979343 3.133377
2.953876 3.201353
2.902754 3.261872
2.958228 3.329689
3.122079 3.021081
3.158842 3.197596
0.123825 -5.782766
3.010136 3.161110
2.981995 3.120872
3.150272 3.090480
3.158620 3.111286
2.949844 3.136668
3.221503 3.123669
3.085008 3.279256
3.110486 3.096652
3.101777 3.148796
3.178329 3.292507
0.077633 -5.836738
3.159767 3.255291
3.065111 3.230418
3.051216 3.188082
3.121900 3.094978
3.110304 3.050419
3.143085 3.104120
3.132174 3.197468
3.089567 3.113839
3.085702 3.087052
3.029224 3.084030
0.119818 -5.673019
2.958430 3.239866
2.886196 3.077951
3.000133 3.190859
3.035439 3.204591
2.945301 3.063369
2.972387 3.289483
2.996387 3.269173
2.999507 3.198972
3.178722 3.254676
3.202635 3.138489
0.120497 -5.679675
3.084823 3.217417
3.101024 3.252733
3.029879 3.061141
3.145838 3.279307
3.080383 3.155575
2.962523 3.104490
2.997076 3.085062
3.069837 3.276017
2.987689 3.270877
3.062824 3.066266
0.193490 -5.695938
2.970503 3.215024
2.955205 3.157311
3.121432 3.204174
3.185081 3.247194
3.174897 3.162455
2.907816 2.953851
2.989237 3.232197
2.927738 3.179867
2.973735 3.271932
3.135142 3.336552
0.845943 -5.637685
3.137842 3.192019
3.066917 3.114706
3.132581 3.140262
3.067692 3.218907
3.032984 3.293356
3.067943 3.233958
3.124433 3.180906
2.920301 3.095464
3.190942 3.075553
3.108767 3.219345
0.877768 -5.670432
3.063144 3.046834
3.067299 3.042774
2.933965 3.106582
2.959732 3.072322
2.982772 3.192418
3.084717 2.961894
2.983905 3.243593
3.013790 3.126405
2.987601 3.222007
2.984238 3.092569
0.840146 -5.638375
3.047633 2.991842
2.990164 3.094792
2.879340 3.093495
2.926787 3.111927
3.155378 3.350907
3.158876 3.216646
2.937374 3.252907
3.052906 3.267456
3.155120 3.256600
2.961339 3.303827
0.852816 -5.642694
3.054557 3.261750
3.040051 3.017141
2.930333 3.312852
3.059069 3.327908
2.947528 3.111625
2.951545 3.070764
2.902999 3.161576
2.916669 3.033780
3.140073 3.049713
2.988209 3.256809
-1.051875 -0.663424
0.847375 -5.640071
2.945075 3.110544
2.998344 3.262777
3.032513 3.058940
2.991373 3.319972
2.874525 3.304989
3.000029 3.203607
3.176191 3.068183
3.143650 3.111084
2.999777 3.115781
3.048696 3.140749
0.833141 -5.627257
3.140569 3.212566
3.194831 3.311087
3.036219 3.189610
3.150084 3.245751
3.079456 3.197932
3.056018 3.059576
3.079999 3.265491
2.993303 3.080229
3.064204 3.283290
3.133307 3.301231
0.850115 -5.642427
2.961560 3.089964
3.182721 3.017532
2.968034 3.048542
3.163683 3.248693
2.967342 3.223557
3.108719 3.144773
2.918192 3.114552
2.918060 3.112999
3.162977 3.280148
3.172283 3.109818
0.851122 -5.645523
3.215663 3.253392
2.991690 3.016880
2.861569 3.077053
2.973921 3.309636
2.978533 3.139724
2.979516 3.067722
3.125162 3.145736
3.035847 2.990238
2.920374 3.039847
3.013247 3.196389
0.857381 -5.649031
3.119356 3.171918
3.086500 3.043692
3.061679 3.243420
2.954600 3.023041
2.943219 3.213959
3.079642 3.203060
2.993787 3.233773
3.015241 3.265817
3.125095 3.034798
2.995188 3.016118
0.851005 -5.641556
3.183578 3.385398
2.854794 3.058718
2.925944 3.043782
3.000781 3.124084
2.987393 3.238787
3.145736 3.108654
2.981605 3.140375
3.100037 3.188001
2.997668 3.165404
3.230578 3.025568
0.850257 -5.643610
3.208675 3.318025
3.075565 3.148782
2.894104 3.050406
3.106765 3.135485
2.940760 3.092235
2.988086 3.300889
3.009428 3.122385
3.167948 3.152811
3.070505 3.065161
3.160570 3.121189
0.848445 -5.640403
3.140958 3.335651
3.180596 3.258245
3.150856 3.091083
3.106746 3.104165
3.112602 3.035653
2.853961 3.287684
2.986942 3.144128
3.018347 3.287323
2.896305 3.251467
2.840055 3.117911
0.648234 -5.469425
2.936778 3.084941
2.914277 3.095682
3.107335 3.222578
3.015048 3.092247
2.913612 3.182614
2.991397 3.082088
3.110715 3.070866
2.948004 3.325213
3.010925 3.280317
3.099026 3.310122
0.694828 -5.500186
3.208268 3.264004
2.962594 3.074409
2.958507 3.262355
3.177448 3.213393
3.178638 3.173400
2.908592 3.173131
2.911287 3.238292
3.052776 3.157464
3.019671 3.004079
2.899745 3.101889
-0.790255 -2.241872
0.726979 -5.529660
2.938342 3.219533
2.867969 3.210790
2.893620 3.313386
3.009234 3.261055
3.031454 3.334755
3.111015 3.254411
3.105594 3.184466
3.126435 3.089590
2.994477 3.433053
2.953603 3.157161
0.658401 -5.480988
3.106938 3.099779
3.021300 3.217322
3.080543 3.311381
2.991622 3.155700
3.136548 3.238657
2.948021 3.113738
2.986013 3.165756
3.098997 3.330432
3.158327 3.059714
2.979924 3.170185
4.456013 -2.895682
2.885696 3.137596
3.175395 3.214879
3.106614 3.080389
3.115336 2.974805
2.723472 3.125156
3.118322 3.168230
2.911354 3.158554
2.950031 3.052933
3.098627 3.104219
3.025882 3.082514
4.455880 -2.898986
2.943138 3.046202
2.935610 3.337982
2.960728 3.063679
2.936552 3.367489
3.136899 3.267081
2.978583 3.214684
2.953460 3.079466
-0.302558 1.831225
2.715477 3.051147
2.981764 3.214988
4.456518 -2.881457
3.095911 3.282117
3.128471 3.190001
3.010013 3.375409
3.096014 3.252734
3.053995 3.326338
3.133415 3.225961
3.017090 3.010349
2.942293 3.335700
3.097100 3.223646
2.893278 3.078618
4.468620 -2.903708
3.223497 3.049695
3.156296 3.256576
3.106177 2.951433
3.099594 3.116840
3.121195 3.188021
3.218623 3.036060
3.209257 3.182176
2.942183 3.306399
3.087761 3.227042
3.099743 3.238393
4.484513 -2.868840
3.007494 3.211899
3.101123 3.131719
2.821874 3.164422
3.043118 3.075741
3.098849 2.946582
2.929527 3.242168
3.074280 3.095965
2.937001 3.191530
3.117009 3.219378
3.123464 3.255298
4.464423 -2.885038
2.892557 3.098782
3.115154 3.062590
3.063985 3.286294
3.045608 3.189355
2.979954 3.104370
2.916155 3.144048
3.131177 3.113947
3.107441 3.076641
3.101321 3.271940
2.966069 3.240380
3.871638 -2.130066
2.868363 3.178473
3.109951 3.175726
2.946282 3.021144
3.059757 3.271428
2.915956 3.112590
3.144263 3.259830
3.070054 3.098868
3.038702 3.076512
3.199290 3.237515
3.114871 3.093746
4.243236 -2.640106
2.880452 3.299067
3.078846 3.154350
2.988350 3.061029
2.954404 3.168822
3.156041 3.186193
3.191938 3.195592
3.000178 3.231323
2.972459 3.201477
2.888685 3.024264
3.069067 3.039562
