4475 2
0.853517 -0.320671
0.539396 -0.355404
1.019455 -1.719737
-0.514208 4.946158
3.326463 4.061048
3.261387 3.845625
3.248271 3.803670
3.262614 3.806199
3.133031 3.987973
3.206862 3.989898
3.226690 3.962452
3.266264 3.976324
3.151934 3.982494
3.159634 4.110255
-0.513694 4.944836
3.318542 3.678342
3.289975 3.990740
3.295357 3.875847
3.269123 3.816090
3.209228 3.971681
3.215573 3.971795
3.167110 4.002052
3.121423 4.020010
3.458885 3.972849
3.111217 3.767213
-0.498582 4.924162
3.115532 3.970749
3.076028 3.889370
3.171551 3.738073
3.034335 3.769636
3.036521 3.530607
3.180190 3.916163
3.071402 3.979737
3.021244 3.795268
3.325139 3.913566
3.321081 4.065604
-0.519184 4.942529
3.254465 3.872667
3.301250 3.808470
3.043864 3.837994
3.152819 3.844664
3.099481 4.010756
3.051119 3.980596
3.250604 3.859261
3.077122 3.872208
3.186780 3.888074
3.016152 3.841912
-0.519687 4.939792
3.304201 3.943191
3.172456 4.020480
3.170807 4.020696
3.218605 3.797626
3.160127 3.826662
3.086420 3.812073
3.102350 3.786662
2.979151 3.893167
2.942766 3.918233
2.815031 3.873169
-0.525783 4.956259
0.974201 -1.475446
1.027031 -1.474088
0.959614 -1.515677
0.993777 -1.479632
1.023686 -1.427504
1.004345 -1.461371
0.100499 -0.643750
1.015069 -1.564785
0.973567 -1.505384
1.046929 -1.480888
-0.524236 4.939230
1.052885 -1.473185
1.045216 -1.475403
1.012164 -1.489420
1.085330 -1.485570
1.014906 -1.738446
1.027830 -1.764885
1.038049 -1.734241
1.032205 -1.719468
0.832670 -1.532319
-0.091008 -1.222932
-0.560015 4.951246
1.042401 -1.716518
1.027891 -1.735537
0.889241 -1.647907
1.064955 -1.725314
1.059633 -1.767870
1.041538 -1.735539
1.077989 -1.696355
1.040731 -1.721074
1.097242 -1.761958
1.159844 -1.834542
-0.502885 4.925468
-0.800743 -2.816509
-0.619402 -2.696665
3.673871 -3.088405
3.671740 -3.093305
3.670193 -3.087119
3.685747 -3.096761
3.672197 -3.105333
3.674619 -3.094405
3.668678 -3.086300
3.677143 -3.084143
-0.524037 4.941335
3.676971 -3.091769
3.680074 -3.094697
3.671500 -3.085990
3.676547 -3.097292
3.673579 -3.087269
3.669840 -3.094168
3.669512 -3.090997
3.674478 -3.092835
3.431221 -2.759075
3.421350 -2.753368
1.036285 -1.735345
-0.491057 4.918513
3.418258 -2.740276
3.429398 -2.747670
3.425037 -2.750183
3.395512 -2.752517
3.406854 -2.751028
3.426838 -2.757663
3.402090 -2.740071
3.399182 -2.774888
3.394622 -2.741729
3.412316 -2.749608
-0.527867 4.950985
3.418202 -2.750347
3.413212 -2.744936
3.416361 -2.749145
3.780776 -2.776910
3.777436 -2.773901
3.774847 -2.774096
3.814692 -2.772174
3.795876 -2.757859
3.780771 -2.792342
3.775084 -2.772490
-0.530423 4.952394
3.783323 -2.771326
3.782894 -2.771938
3.769634 -2.781754
3.778891 -2.781984
3.776327 -2.773546
3.784347 -2.774867
4.498849 -3.077987
4.504256 -3.054617
4.502063 -3.076063
4.456867 -3.035189
-0.489874 4.914863
4.507251 -3.062693
4.460461 -3.118547
4.486162 -3.087903
4.488921 -3.089555
4.502087 -3.070312
4.504441 -3.089571
4.493051 -3.079894
4.500768 -3.083994
4.477215 -3.098104
4.458298 -3.055237
-0.602037 5.034431
4.477437 -3.094053
4.488121 -3.075197
4.480762 -3.072095
4.515263 -3.080134
4.495866 -3.079224
4.499694 -3.067742
4.499910 -3.066752
4.492312 -3.079412
4.490010 -3.081672
4.513034 -3.069232
-0.586429 5.022036
4.493176 -3.082663
4.517444 -3.061595
4.489697 -3.097560
4.491501 -3.075556
4.515311 -3.059412
4.491452 -3.083801
4.476584 -3.100536
4.519100 -3.095865
4.505152 -3.090520
4.500545 -3.052016
-0.564626 5.002319
4.498893 -3.069281
4.512267 -3.131641
4.504712 -3.069958
4.493570 -3.082055
4.496091 -3.073789
4.491947 -3.079071
4.460066 -3.110703
4.514795 -3.057645
4.499867 -3.074311
4.545192 -3.147508
-0.518633 4.945566
4.529481 -3.108692
4.477608 -3.096491
4.528420 -3.046608
4.496982 -3.080424
4.461385 -3.078078
4.510683 -3.059780
4.481581 -3.091825
4.497494 -3.085064
4.472610 -3.061520
3.637947 -2.834322
-0.512452 4.941010
-2.018317 0.986903
-1.984514 1.008345
-2.034865 0.976323
-2.037970 0.965175
-2.039032 0.987248
-2.121685 0.924506
-2.011383 0.987624
-2.079974 1.044294
-2.020555 0.936631
-2.044406 1.035230
-0.516126 4.943384
-2.028158 0.973578
-2.017594 0.981495
-1.974836 0.976117
-2.004950 0.994740
-2.039547 1.003249
-2.052926 0.986061
-2.034762 0.970804
-2.005594 0.982452
-1.986713 1.011811
-2.035484 0.980019
1.351878 -0.198289
-0.511809 4.935555
-2.430437 0.862090
-3.138596 0.607467
-2.023641 0.962478
-2.052299 0.919053
-2.038652 1.029230
-1.993723 1.009221
-2.008984 0.969871
-2.015131 0.968763
-2.065060 0.922273
-2.048646 0.956342
-0.550452 5.000355
-2.055464 0.969296
-2.021655 0.977622
-2.068170 0.966757
-2.093475 0.939247
-2.036244 0.988701
-2.061332 0.960521
-2.068998 0.940587
-2.001832 0.969516
-1.974846 1.021912
-2.053529 0.980928
-0.497287 4.924742
-2.047880 0.960924
-2.049018 0.997356
-2.038903 0.974897
-2.021249 0.952218
-2.061331 0.931220
-2.001972 0.975098
-1.990906 0.961315
-2.078484 1.026438
-1.999702 0.941839
-2.040952 1.004210
-0.512389 4.945850
-2.035874 0.972697
-1.998340 0.982006
-2.073811 0.945743
-1.979060 0.950339
-2.087877 0.968124
-2.052907 0.969968
-1.956472 1.036983
-2.026893 0.944812
-2.003828 0.970133
-2.050711 1.000915
-0.447363 4.890014
-2.042303 1.012058
-1.976236 0.889341
-2.035211 0.958881
-1.995878 0.942701
-1.986845 0.963569
-2.031835 0.978784
-2.055460 0.989121
-2.038721 0.950762
-2.033308 0.972273
-2.044156 0.997047
-0.490038 4.920795
-2.037749 0.971700
-1.972164 1.054387
-2.108975 0.856210
0.517337 -3.745626
-1.715950 0.399316
-1.971713 1.027099
-1.973910 0.931221
-2.071267 0.932993
-1.986144 0.942380
-2.079680 0.924538
-0.426853 4.878463
-2.057798 0.997801
-2.031410 0.977325
-2.061903 0.935398
-2.057544 0.953065
-1.984794 1.017930
-2.039425 0.946328
-2.055253 1.001054
-2.021585 0.988024
-1.989036 1.008234
-1.972015 1.035595
-0.412323 4.864753
-2.042385 0.978762
-2.049783 0.951709
-2.038037 0.976736
-2.023070 0.940473
-1.929376 1.200934
-1.921450 1.207632
-1.930040 1.202926
-1.906392 1.252299
-1.969818 1.034300
-1.544123 2.612170
-0.516326 4.946746
0.523820 -2.701844
-1.996216 0.939466
-2.000644 1.008156
-2.012295 0.967840
-2.022204 0.968076
-2.027708 0.976031
-2.067178 0.934175
-2.379895 1.336280
-2.375149 1.330076
-2.400996 1.354896
0.541789 -0.373452
-2.390933 1.345977
-2.396983 1.349105
-2.399239 1.357091
-2.388476 1.342807
-2.389495 1.344923
-2.358844 1.312732
-2.447895 1.405147
-2.394887 1.352971
-2.389509 1.345134
-2.390683 1.351501
3.163364 -0.611963
0.526395 -0.364324
-2.409802 1.362798
-2.392878 1.350254
-2.393271 1.351785
-2.109233 1.070224
-2.041813 0.987769
-2.015219 1.041713
-2.081112 0.923094
-2.020651 0.964428
-2.042235 0.972706
-2.050337 0.997291
0.529425 -0.366074
-2.060861 0.983133
-2.015357 0.975097
-2.030314 0.997763
-2.027833 0.999239
-1.967429 0.920272
-2.002040 1.037946
-2.002594 0.936624
-2.091028 1.028503
-2.029824 1.012491
-2.049044 1.033704
0.383908 0.107048
-2.061890 0.956683
-2.012170 0.948516
-2.052572 0.970471
-2.039994 0.974569
-1.950575 1.061803
-2.035317 0.977650
-2.045405 1.076853
-2.028558 0.964905
0.228341 -5.030907
0.161926 -5.233250
0.253886 0.365746
0.152127 -5.233274
0.149625 -5.263069
0.145508 -5.276502
0.159781 -5.242377
0.155897 -5.255070
0.161062 -5.236735
0.151465 -5.252858
0.160867 -5.265095
0.279241 -4.869979
0.249737 -5.047719
0.822141 -0.297299
0.236947 -5.022967
0.216876 -5.025399
0.224783 -5.023774
0.227274 -5.026105
0.223859 -5.035537
0.224513 -5.021008
0.179763 -4.977777
0.228173 -5.025307
0.225983 -5.005537
0.234393 -5.008274
-0.896038 -1.462486
0.208591 -5.003700
0.227467 -5.030759
0.238484 -5.040248
0.246245 -5.034432
0.229325 -5.000719
0.229072 -5.010133
0.234768 -5.030187
0.224609 -5.016862
0.227213 -5.018884
0.219602 -5.023619
-1.217693 -1.718446
0.227497 -5.037344
0.224418 -5.021655
0.226335 -5.025012
0.235587 -5.050268
0.205431 -5.003417
0.237979 -4.997872
0.200413 -5.055393
0.224363 -5.017282
0.236182 -5.009272
0.305320 1.529820
0.611854 -0.603268
0.318431 1.535117
-3.443436 -3.371163
-3.379576 -3.391479
-3.487571 -3.403195
-3.463336 -3.380870
-3.447857 -3.366522
-3.496597 -3.352359
-3.500428 -3.356913
-3.459464 -3.382152
-3.473404 -3.405758
0.816318 -1.364270
-3.466487 -3.370710
-3.440269 -3.357839
-3.453241 -3.404709
-3.423671 -3.391779
-3.373182 -3.313615
-3.470545 -3.372729
-3.449641 -3.358893
-3.423529 -3.354209
-3.417816 -3.371779
-3.414188 -3.350205
0.860311 -0.608533
-3.458012 -3.380623
-3.479413 -3.398639
-3.422772 -3.347778
-3.400451 -3.373398
-3.520563 -3.418145
-3.460713 -3.336838
-3.397949 -3.308995
-3.478162 -3.323788
-3.389049 -3.388456
-3.504903 -3.405463
2.929322 -0.763547
0.864907 -0.592332
-3.414903 -3.334316
-3.485646 -3.415228
-3.445774 -3.373955
-3.423697 -3.338539
-3.436866 -3.323919
-3.398000 -3.404244
-3.446913 -3.397679
-3.464151 -3.383688
-3.347877 -3.424784
-3.500973 -3.337347
0.534021 -0.370464
-3.413084 -3.342393
-3.355689 -3.476623
-3.431760 -3.339645
-3.449610 -3.357785
-3.471479 -3.355514
-3.377957 -3.311228
-3.435331 -3.397163
-3.432187 -3.354779
-3.404655 -3.373569
-3.482309 -3.324689
0.519868 -0.299296
-3.432252 -3.368227
-3.422635 -3.320642
-3.396550 -3.265536
-3.450302 -3.381830
-3.470083 -3.386290
-3.396502 -3.378239
-3.386383 -3.429212
-3.426823 -3.400212
-3.390259 -3.483799
-3.448008 -3.380815
0.515684 -0.289971
-3.473723 -3.383965
-3.382806 -3.306730
-3.484538 -3.314267
-3.505339 -3.366599
-3.368046 -3.320099
-3.417817 -3.328830
-3.398973 -3.309832
-3.443103 -3.363064
-3.486197 -3.310411
-3.478983 -3.400543
0.520242 -0.285719
-3.513664 -3.357864
-3.483785 -3.416656
-3.421231 -3.319802
-3.466485 -3.431440
-3.480407 -3.414358
-3.449003 -3.369845
-3.424601 -3.397472
-3.395033 -3.406260
-3.434238 -3.448934
-3.456014 -3.340958
0.531673 -0.373449
-3.452075 -3.385844
-3.410997 -3.350109
-3.420065 -3.338427
-3.445305 -3.374224
-3.449432 -3.431772
-3.393161 -3.402442
-3.402332 -3.366017
-3.427952 -3.355061
-3.438395 -3.389648
-3.439635 -3.377361
0.533970 -0.372566
-3.415437 -3.326681
-3.510710 -3.356060
-3.476595 -3.375923
-3.506295 -3.306211
-3.459734 -3.313211
-3.422015 -3.411070
-3.524444 -3.279390
-3.419795 -3.349373
-3.457165 -3.384308
-3.419025 -3.342848
0.538491 -0.386850
-3.454011 -3.335515
-3.395935 -3.378577
-3.443651 -3.407712
-3.462280 -3.343733
-3.364988 -3.441965
-3.431838 -3.392646
-3.494943 -3.425910
-3.599092 -3.697956
-3.618887 -3.723202
-3.609791 -3.717789
0.502149 -0.351205
-3.601493 -3.703058
-3.611087 -3.721421
-3.612219 -3.718309
-3.609924 -3.718026
-3.613635 -3.703115
-3.605524 -3.709094
-3.425529 -3.358724
-3.454211 -3.395620
-3.379438 -3.356959
-3.452395 -3.311529
0.539146 -0.370977
-3.364846 -3.299956
-3.474031 -3.363199
-3.437160 -3.366880
-3.435497 -3.335985
-3.442430 -3.368830
-3.503101 -3.305502
-3.468141 -3.354773
-3.405150 -3.335952
-3.470873 -3.439783
-3.413850 -3.333738
3.986362 -0.794383
0.532003 -0.369835
-3.410987 -3.361877
-3.443548 -3.341280
-3.456520 -3.361862
-3.426426 -3.356787
-3.437248 -3.378093
-3.429630 -3.351777
-3.432547 -3.357795
-3.455132 -3.384229
-3.356790 -3.280923
0.265318 0.407239
0.819927 -1.801099
-3.485737 -3.326885
-3.448300 -3.381456
-3.451777 -3.364037
-3.402970 -3.388062
-0.672718 -2.624389
-0.690564 -2.662753
-0.801461 -2.806703
-0.806260 -2.821664
-0.814191 -2.783815
-0.780730 -2.806568
0.753637 -1.553909
-0.800617 -2.796733
-0.824612 -2.835115
-0.813459 -2.834177
-0.819879 -2.817463
-0.798651 -2.792958
-0.854451 -2.841754
-0.810004 -2.815277
-0.850857 -2.750339
-0.792089 -2.795130
-1.351611 -0.161849
2.390891 -4.790447
-1.379736 -0.176786
-1.379133 -0.171102
-1.273597 -0.063138
-1.221721 -0.007281
-1.357806 -0.168702
-1.346894 -0.172703
-1.136774 -3.141879
-1.289791 -3.162702
-1.112027 -3.094348
-1.160695 -3.141241
0.743112 -1.553119
-1.146132 -3.140473
-1.146803 -3.128146
-1.146051 -3.133272
-1.147675 -3.140599
-1.179634 -3.162544
-1.147979 -3.136101
-1.156932 -3.148325
-1.154443 -3.140415
-1.145832 -3.137853
-1.158265 -3.124905
0.789230 -1.783155
-1.145391 -3.144372
-1.133327 -3.125599
-1.143225 -3.326386
-1.153428 -3.321372
-1.168897 -3.361217
-1.183313 -3.384275
-1.137471 -3.346823
-1.075394 -3.428528
-0.634435 -1.908769
-1.063120 -3.469627
0.838870 -1.564902
-1.140882 -3.357482
-1.131326 -3.347530
-1.150652 -3.357627
-0.808527 -2.800884
-0.808587 -2.670633
-0.806849 -2.748387
-0.780284 -2.793265
-0.794445 -2.798816
-0.803286 -2.812735
-0.783351 -2.784727
3.652211 -2.854040
-0.776202 -2.826902
-0.762394 -2.778085
-0.792742 -2.823410
-0.538430 -2.866118
-0.285325 -2.881271
-0.790555 -2.836531
-0.961090 -2.659648
-1.165448 -2.563250
-0.792971 -2.662542
-0.778313 -2.826654
0.370518 -1.130112
-0.773714 -2.831427
-0.840574 -2.936605
-0.856294 -2.995807
0.618237 -3.834518
0.631582 -3.804951
0.642851 -3.847219
0.563990 -3.803371
0.645139 -3.877348
0.646018 -3.828748
0.584086 -3.883947
2.087465 -1.876352
0.591664 -3.808240
0.669889 -3.814294
0.643108 -3.868832
0.641233 -3.826537
0.624249 -3.838831
0.611519 -3.845573
0.596067 -3.830817
0.628314 -3.844145
0.613192 -3.853511
0.626284 -3.856301
-1.372604 3.129380
2.409567 -4.775639
0.615433 -3.835031
0.612608 -3.852620
0.626292 -3.839827
0.605144 -3.870517
0.669124 -3.862583
0.671382 -3.889751
0.666941 -3.796242
0.617624 -3.849796
0.615819 -3.825995
0.637705 -3.838318
2.436278 -4.743309
0.575658 -3.881766
0.672460 -3.901001
0.631496 -3.829913
0.614787 -3.887184
0.656463 -3.853888
0.617041 -3.847807
0.622847 -3.849749
0.648353 -3.804034
0.620071 -3.843477
0.604299 -3.868770
-1.831386 3.015271
0.618695 -3.853730
0.637288 -3.855554
0.658129 -3.850905
0.578228 -3.901992
0.612541 -3.858799
0.597958 -3.830465
0.584337 -3.865025
0.590651 -3.871712
0.633667 -3.836719
0.610885 -3.848091
-1.830762 3.011117
0.571823 -3.833187
0.596530 -3.860181
0.682551 -3.775937
0.684718 -3.787200
0.630489 -3.826710
0.662697 -3.789108
0.603298 -3.829076
0.572589 -3.886267
0.625283 -3.845656
0.637264 -3.840797
-1.828774 3.013795
0.830121 -4.474941
0.644965 -3.867616
0.619786 -3.869035
0.614833 -3.897787
0.611405 -3.824015
0.615060 -3.852382
0.594219 -3.858069
0.650961 -3.881901
0.625263 -3.837644
0.617079 -3.850106
0.797167 -1.291119
0.681615 -3.791755
0.615360 -3.835174
0.626769 -3.851109
0.602476 -3.828484
0.639021 -3.884233
0.624430 -3.860185
0.595840 -3.897018
0.658957 -3.816292
0.592920 -3.890271
0.678314 -3.808134
1.159117 -0.561602
0.598210 -3.860163
0.616303 -3.856200
0.615157 -3.846202
0.628812 -3.825861
0.620020 -3.840102
0.654008 -3.837016
0.643021 -3.633385
0.625537 -3.851339
0.653818 -3.854412
0.627002 -3.848516
-0.197205 -1.733061
0.951147 -5.590781
0.956661 -5.548815
0.943994 -5.552228
0.959241 -5.709030
0.938103 -5.721361
0.968167 -5.716546
0.997728 -5.777874
0.983361 -5.802121
1.039747 -5.785054
0.991896 -5.794912
-0.370496 -2.092245
0.905514 -5.556394
0.924114 -5.554587
0.894652 -5.572442
0.909027 -5.565576
0.908540 -5.569576
0.902413 -5.562648
0.923715 -5.497461
0.922210 -5.517224
0.917380 -5.509371
0.914735 -5.488728
-0.363624 -2.095952
0.915347 -5.492513
0.968791 -5.574973
0.992521 -5.639196
1.002274 -5.669484
0.936339 -5.502011
0.955752 -5.492325
0.054536 2.486534
0.089754 2.446066
0.068985 2.475893
0.003730 2.560713
-1.391248 3.183290
-0.385867 -2.113572
0.046931 2.496015
0.055706 2.488981
0.044205 2.487222
0.021905 2.468982
0.060001 2.495761
-0.028771 2.611685
-0.066823 2.663063
-0.036585 2.617564
-0.035353 2.614199
-0.025030 2.603076
-0.369296 -2.104653
0.002771 2.439959
0.011136 2.528667
0.031776 2.507484
0.055924 2.484226
0.056168 2.514092
0.051451 2.496176
0.039381 2.500772
0.048558 2.494109
0.086805 2.462836
0.103405 2.493762
-0.378654 -2.091665
0.053012 2.483270
0.071514 2.472167
0.065105 2.472649
0.030748 2.456088
0.065171 2.461200
0.058598 2.484145
0.066383 2.504688
0.057317 2.480990
0.019144 2.512156
0.046306 2.497777
-0.589727 -2.474992
0.053418 2.501043
0.058152 2.481812
0.065178 2.471854
0.075916 2.492982
0.050673 2.483781
0.047066 2.492542
0.050259 2.483968
0.056843 2.462633
0.083842 2.461868
0.046664 2.482322
-0.456086 -2.256091
0.024958 2.519868
0.065044 2.483141
0.051131 2.486754
0.025614 2.499766
0.058442 2.480508
0.063763 2.478432
0.050427 2.485619
0.048028 2.497892
0.064416 2.453871
0.090005 2.516988
-0.221478 -1.752001
0.112691 2.425441
0.087501 2.442586
0.086959 2.471539
0.045419 2.468981
0.052249 2.491122
0.068186 2.519068
0.032736 2.458145
0.051064 2.489553
0.444943 3.849370
0.438057 3.829937
-0.360888 -2.096473
0.455971 3.844537
0.421679 3.838669
0.454622 3.851326
0.482832 3.865616
0.455291 3.864421
0.469685 3.848046
0.477240 3.849741
0.462217 3.864493
0.438946 3.876239
0.479703 3.878038
-0.368402 -2.120287
0.460004 3.862019
0.499021 3.890374
0.437949 3.848066
0.477017 3.872816
0.474021 3.855745
0.452584 3.861490
0.497245 3.894593
0.449414 3.852659
0.473450 3.868661
0.452938 3.842523
-0.368218 -2.094738
0.440873 3.859671
0.445528 3.916550
0.472353 3.883486
0.481462 3.819321
0.451300 3.845856
0.476495 3.876692
0.406766 3.911760
0.404088 3.888684
0.460996 3.859906
0.429521 3.825828
-0.366992 -2.086792
0.483417 3.889462
0.437195 3.833230
0.436112 3.825253
0.431494 3.842818
0.429862 3.833945
0.458242 3.860766
0.457330 3.861698
0.493957 3.822280
0.417129 3.826590
0.437943 3.839383
-1.411479 3.138390
-0.369160 -2.093459
0.434981 3.879947
0.470005 3.869785
0.486718 3.889216
0.443509 3.847842
0.480586 3.868881
0.516528 3.910120
0.482381 3.831242
0.458224 3.867858
0.442556 3.862927
0.458320 3.857582
-0.353981 -2.102492
0.452962 3.872438
0.452308 3.844971
0.389784 3.784102
0.468105 3.863982
0.463716 3.835115
0.494149 3.894316
0.457998 3.850602
0.467804 3.858170
0.417206 3.850333
0.461393 3.869999
-0.129198 -1.524521
0.451026 3.828467
0.455048 3.859102
0.459919 3.850872
0.435514 3.839988
0.469186 3.833978
0.441573 3.857646
0.461800 3.864332
0.442416 3.842690
0.449509 3.842537
0.483695 3.890063
-0.149581 -1.536744
0.455009 3.859392
0.473611 3.895490
0.462261 3.866225
0.459852 3.859761
0.407726 3.903461
0.454892 3.855792
0.442516 3.874502
0.417670 3.819076
0.447827 3.852993
0.449117 3.827942
-0.132100 -1.529595
0.439703 3.849998
0.425717 3.882324
0.466013 3.849294
0.440890 3.880226
0.465081 3.867071
0.466006 3.865743
0.475997 3.879454
0.452230 3.862590
0.136364 2.723464
0.464610 3.847454
-0.116060 -1.513294
0.426577 3.830454
-2.973262 2.541793
-2.962937 2.546241
-2.972305 2.539863
-2.964045 2.549217
-2.971727 2.540698
-2.944506 2.565259
-2.972063 2.541275
-2.973413 2.536616
-2.974820 2.536883
-0.143654 -1.521039
-2.996832 2.514226
-2.978667 2.532406
-2.977035 2.533065
-2.992329 2.520112
-2.972507 2.540797
-2.973924 2.534864
-2.981211 2.532361
-2.975103 2.538625
-2.972771 2.539761
-2.969534 2.543032
-0.155986 -1.541800
-2.983414 2.542967
-2.972566 2.539141
-2.992377 2.520366
-2.975972 2.536178
-2.971232 2.539669
-2.972703 2.539303
-2.971596 2.540099
-2.939335 2.571852
-2.961047 2.551909
-2.973559 2.535686
0.103615 -1.462449
-2.971534 2.541011
-2.810756 2.531353
-0.262194 -0.302180
-0.734909 -0.205004
-0.739528 -0.205568
-0.743014 -0.208697
-0.769466 -0.195809
-0.737875 -0.208766
-0.731265 -0.203017
-0.756305 -0.206525
-0.149113 -1.539369
-0.760400 -0.198798
-0.752822 -0.214260
-0.517193 0.004716
-0.538365 0.034135
-0.206238 -0.241639
-0.529518 0.020675
-0.543547 0.042736
-0.549218 0.035547
-0.346605 -0.222095
-0.369388 0.104773
3.664176 -1.143436
-0.147167 -1.519308
-0.374531 0.129903
-0.365065 0.108154
-0.363398 0.113472
-0.348341 0.142889
-0.367901 0.135785
-0.269925 0.116109
-0.272171 0.140029
-0.273095 0.125281
-0.276216 0.150052
-0.275156 0.133459
-0.122100 -1.495702
-0.255058 0.112345
-0.271011 0.133695
-0.259286 -0.329420
-0.311250 -0.269489
-0.232822 -0.336632
-0.311931 -0.233570
-0.319180 0.927731
-0.312469 0.943020
-0.321107 0.924655
-0.315718 0.926531
-0.131937 -1.525334
-0.306959 0.943382
-0.318404 0.928006
-0.323597 0.925980
-0.322776 0.936008
-0.338740 0.935753
-0.315836 0.933796
-0.322056 0.927158
-0.358129 0.889153
-0.320433 0.928205
-0.326369 0.938545
-0.172725 -1.515359
-0.323239 0.928704
-0.321278 0.928202
-0.316111 0.931768
-0.306018 0.918734
-0.319905 0.924616
-0.318420 0.924037
-0.319870 0.933492
-0.303074 0.941439
-0.315130 0.944541
-0.321104 0.931442
-0.153567 -1.518520
0.058296 -1.085073
0.027139 -1.058760
-1.208367 0.008879
-1.221026 -0.005498
-1.223741 -0.005615
-1.227967 -0.002727
-1.221900 -0.000319
-1.220487 -0.012936
-1.228472 0.003461
-1.226359 -0.005471
-0.146405 -1.532979
-1.226920 -0.007572
-1.225723 -0.009469
-1.232491 -0.000818
-1.227330 -0.005934
-1.248812 -0.033054
-1.200167 0.009480
-1.013034 -0.993904
-1.032489 -0.983658
-1.025421 -0.990826
0.144349 -0.720037
-0.221780 -1.752677
0.181799 -0.753461
-1.242257 -0.013686
-1.233737 -0.009142
3.722955 -0.757350
-0.275007 -0.367157
-0.337965 -0.292466
3.726350 -0.759481
3.741964 -0.758569
-0.295021 -0.303397
-0.254428 -0.299396
1.519350 -1.282462
3.729578 -0.762601
3.715405 -0.758304
3.742727 -0.763760
3.735941 -0.763306
3.721329 -0.760035
-1.156201 2.172858
-1.221274 2.358671
-0.296676 -0.292262
-0.259624 -0.267219
-0.719953 -0.278652
1.507090 -1.280157
-0.754348 -0.290718
-0.756525 -0.283814
-0.750023 -0.282099
-0.765570 -0.279493
-0.762839 -0.278892
-0.753922 -0.276457
-0.746007 -0.278771
-0.246076 -0.264342
-0.119358 -0.071046
-0.090047 -0.030005
1.528558 -1.281205
-0.095332 -0.032904
-0.077915 -0.037679
-0.085806 -0.041433
-0.092986 -0.018732
-0.106002 -0.045857
-0.238535 -0.303216
-0.244207 -0.246528
-0.347187 -0.259636
-0.272241 -0.301922
-0.314196 -0.318095
-0.847346 -0.820495
3.163438 -1.444788
1.510565 -1.288139
-0.321101 -0.359612
-0.340848 -0.354033
-0.259855 -0.314427
-0.258542 -0.320028
-0.271754 -0.279214
-0.200630 -0.306634
-0.206059 -0.269295
-0.278144 -0.275032
-0.184641 -0.292102
-0.267436 -0.297419
1.526634 -1.285971
-0.327627 -0.364113
-0.321147 -0.312861
-0.297848 -0.255435
-0.257132 -0.204736
-0.302764 -0.283738
-0.228493 -0.330382
-0.287059 -0.321037
-0.224622 -0.250978
-0.313453 -0.328508
-0.288853 -0.293964
1.522971 -1.288592
-0.287924 -0.356609
-0.274534 -0.323155
-0.195331 -0.283989
-0.287579 -0.326780
-0.277266 -0.295037
-0.315578 -0.238269
-0.249111 -0.237511
-0.280793 -0.299813
-0.333639 -0.264412
-0.194061 -0.362840
1.503768 -1.284137
-0.279433 -0.292314
-0.314442 -0.197983
-0.231835 -0.371559
-0.331779 -0.382813
-0.384015 -0.379147
-0.242541 -0.320195
-0.348433 -0.294300
-0.243034 -0.280627
-0.274541 -0.298748
-0.244614 -0.350482
1.523355 -1.279468
-0.230658 -0.249829
-0.228520 -0.294481
-0.277240 -0.289543
-0.228877 -0.248900
-0.306875 -0.320504
-0.321731 -0.339213
-0.312790 -0.331562
-0.087550 -0.363938
-0.072085 -0.366186
-0.045324 -0.358717
1.509705 -1.283293
-0.157104 -0.143065
-0.131404 -0.112201
-0.130930 -0.099011
-0.200755 -0.307312
-0.231917 -0.327209
-0.223859 -0.261867
-0.349974 -0.351512
-0.222475 -0.287050
-0.325292 -0.350177
-0.244043 -0.324393
1.518426 -1.279922
-0.289383 -0.267691
-0.249058 -0.238262
-0.264061 -0.306263
-0.360158 -0.362241
-0.271066 -0.341973
-0.346837 -0.364904
-0.257865 -0.277459
-0.261234 -0.282639
-0.304143 -0.364176
-0.326891 -0.330896
1.503794 -1.278596
-0.230419 -0.259750
-0.358738 -0.369296
-0.260934 -0.335151
-0.283411 -0.299759
-0.238010 -0.235417
-0.291735 -0.305057
-0.316948 -0.349290
-0.267442 -0.349590
-0.372113 -0.382317
-0.300588 -0.367482
1.515518 -1.284135
-0.303161 -0.332081
-0.327579 -0.268227
-0.312006 -0.265095
-0.255520 -0.268674
-0.279075 -0.304816
-0.294147 -0.288940
-0.237184 -0.308778
-0.316451 -0.296591
-0.341105 -0.324269
-0.343024 -0.336014
0.895860 -1.348014
-0.255651 -0.298921
-0.326400 -0.311361
-0.329068 -0.261513
-0.299909 -0.258707
-0.217247 -0.315403
-0.264994 -0.288911
-0.210853 -0.358042
-0.287589 -0.363155
-0.275741 -0.295969
-0.305759 -0.259632
1.945498 -1.576595
-2.024197 0.988860
-0.243633 -0.359004
-0.245550 -0.328507
-0.274548 -0.273404
-0.283630 -0.307033
-0.303527 -0.369066
-0.313077 -0.326126
-0.232585 -0.335507
-0.242347 -0.284935
-0.230852 -0.231962
-0.291618 -0.328517
0.807133 -1.279110
-0.309812 -0.282957
-0.238302 -0.286224
-0.339742 -0.308565
-0.184364 -0.368824
-0.254522 -0.275838
-0.285117 -0.277565
-0.303455 -0.296012
-0.260729 -0.340859
-0.251881 -0.263141
-0.259725 -0.307308
1.046133 -1.235778
-0.344895 -0.293281
-0.273267 -0.278590
-0.280144 -0.280280
-0.264001 -0.323528
-0.344513 -0.304498
-0.260051 -0.255950
-0.255476 -0.362804
-0.253192 -0.240514
-0.299078 -0.263337
-0.230163 -0.297866
1.059747 -1.268160
-0.238803 -0.438387
-0.304009 -0.305027
-0.316174 -0.284581
-0.226006 -0.267934
-0.439859 -0.201431
-0.302211 -0.328067
-0.260340 -0.272046
-0.203006 -0.367237
-0.314858 -0.397041
-0.274785 -0.287069
0.790096 -1.247832
-0.243761 -0.330557
2.124538 -2.990556
2.120863 -2.990621
2.126754 -2.997542
2.131289 -2.999528
2.158653 -3.008953
2.112604 -2.981887
2.122041 -2.992364
2.115810 -2.977234
2.128918 -3.005338
0.767064 -1.288792
1.907310 -2.502240
2.107317 -3.008976
2.156116 -3.025274
2.121408 -2.994343
2.125856 -2.996503
2.140426 -3.018395
2.041987 -2.938172
2.131845 -3.007350
2.148866 -3.019263
2.131873 -2.990615
0.796232 -1.233716
2.123407 -2.992472
2.091000 -2.965836
2.117064 -2.982884
2.130352 -2.996767
2.121629 -2.993993
2.123810 -2.994178
2.107515 -2.974575
2.154147 -3.024617
2.180409 -3.053411
2.169055 -3.035355
0.754397 -1.267981
2.185619 -3.050272
2.096601 -2.967628
2.127973 -2.997811
2.121626 -2.992716
2.124587 -3.002278
2.124504 -2.994456
2.107218 -2.977995
2.124577 -2.992198
2.134030 -3.003826
2.142321 -3.012524
0.783818 -1.225386
2.102566 -2.976774
2.120100 -2.991421
2.132098 -3.013648
2.122935 -2.990060
2.120201 -2.986464
2.120241 -2.990371
-3.126360 0.638538
-3.130761 0.637612
4.001839 -0.356128
4.021204 -0.776265
0.770358 -1.243508
4.019990 -0.802416
4.006340 -0.801393
3.980015 -0.808361
3.979570 -0.809691
4.000373 -0.807640
3.991092 -0.801105
3.996261 -0.800294
3.971033 -0.827288
3.987973 -0.802423
4.006351 -0.796973
-4.891511 0.669372
0.772982 -1.292063
4.002449 -0.804214
4.002577 -0.790444
4.008888 -0.817676
3.999711 -0.803609
2.035421 1.383444
2.045285 1.398036
2.045720 1.392491
2.037141 1.396496
2.030444 1.393418
2.017858 1.372239
0.767876 -1.263998
2.040190 1.404950
2.039412 1.397595
2.025778 1.365296
2.046421 1.405235
2.029187 1.390489
2.035809 1.394375
2.028444 1.401972
2.050263 1.401902
2.035272 1.394095
2.034408 1.394743
0.742190 -1.218069
2.057243 1.432883
3.993994 -0.804453
3.989093 -0.811185
2.040804 1.399235
1.458017 -0.025407
3.991773 -0.817444
4.021018 -0.807398
3.991945 -0.809721
3.911205 0.450340
3.919734 0.467097
0.765327 -1.216749
3.902167 0.450420
3.937424 0.468180
3.951037 0.462870
4.020063 0.320654
3.923559 0.476828
3.981064 0.278253
3.982723 0.261604
3.910504 0.451695
3.974741 0.470838
3.985548 0.265613
0.804892 -1.239426
3.891854 0.492268
3.923798 0.465070
3.904987 0.436593
3.927631 0.468778
3.923035 0.462867
3.951455 0.500051
3.918167 0.459685
3.945564 0.489246
3.932860 0.447280
3.905170 0.443584
0.764664 -1.246730
3.962946 0.410984
3.863458 0.416231
3.934512 0.443598
3.922480 0.456507
3.886454 0.490625
3.945990 0.418550
3.922245 0.459961
3.957282 0.498415
3.919419 0.460404
3.916320 0.469620
0.717084 -1.265678
3.896082 0.450372
3.906425 0.470702
3.927587 0.468666
3.879909 0.439603
3.916007 0.453538
3.915511 0.460111
3.896775 0.469951
3.920200 0.512552
3.926781 0.452794
3.927747 0.464053
0.134766 -0.702393
3.927331 0.468969
3.923931 0.464892
3.932711 0.464051
3.924919 0.449869
3.929291 0.433917
3.932423 0.441900
3.931821 0.463930
3.925463 0.463851
3.920494 0.455856
3.906786 0.452096
0.764514 -1.260808
3.898519 0.476244
3.913970 0.480774
2.300827 0.035240
3.899260 0.493224
3.928932 0.458743
3.934566 0.477251
3.920710 0.481154
3.952754 0.497377
3.927537 0.441872
3.917244 0.464322
0.784472 -1.243032
3.943674 0.489488
1.302805 -0.158447
3.895635 0.430702
3.904655 0.471867
3.939254 0.438992
4.006872 0.525797
3.929862 0.453493
3.917570 0.460677
3.882096 0.443474
3.901090 0.488637
-4.840739 0.694693
0.774442 -1.203324
3.909001 0.457365
3.910489 0.471975
0.300877 1.546270
0.294556 1.551715
0.311377 1.528303
0.314739 1.531994
0.299071 1.542350
0.327710 1.554959
0.306469 1.576278
0.380052 1.353158
0.763675 -1.256714
0.282977 1.533814
0.295229 1.547662
1.323725 -0.220804
1.369309 -0.184540
1.387780 -0.150223
1.371139 -0.222161
1.358666 -0.207790
1.367955 -0.209571
1.348873 -0.191139
1.388892 -0.178104
0.756305 -1.264363
-0.627423 -2.473961
1.339860 -0.211815
1.362576 -0.180043
1.377520 -0.196289
1.358217 -0.223360
1.427577 -0.179604
1.355632 -0.230222
1.332174 -0.212794
1.367954 -0.184320
0.282276 1.506298
0.758057 -1.270281
0.329570 1.567508
0.255168 1.507487
0.299933 1.546382
0.298718 1.556217
0.259938 1.579069
0.320982 1.570898
0.302541 1.536225
0.295658 1.543218
0.291767 1.535794
0.269394 1.560458
0.754923 -1.228314
0.280267 1.537732
0.250128 1.568848
0.293421 1.543873
0.298867 1.549420
0.309082 1.542223
0.274444 1.538761
0.314239 1.550285
0.295506 1.525308
0.311487 1.533165
0.294413 1.548248
0.758881 -1.211320
0.277765 1.548836
1.253715 0.021646
0.294193 1.544880
0.291251 1.549178
0.290608 1.555139
0.283080 1.545830
0.300288 1.545215
0.289729 1.561849
0.290873 1.554365
0.306284 1.538598
0.462671 -1.669157
0.280116 1.541815
0.300071 1.548113
0.349454 1.638833
0.341785 1.633917
0.369753 1.666667
0.286793 1.553602
0.300715 1.547462
0.279589 1.556015
0.300110 1.541238
0.304999 1.537472
0.435125 -1.690001
0.307386 1.523744
0.300751 1.543804
0.234224 1.631666
0.295802 1.547365
0.309662 1.551939
0.310248 1.556424
0.261863 0.445029
0.263425 0.442298
0.284280 1.516408
0.308894 1.519222
0.445540 -1.684630
0.177136 -1.021719
-0.005688 -1.228906
0.199767 -1.006393
0.856238 -1.600949
0.275504 0.375100
0.275992 0.356649
0.288635 0.383760
0.379218 0.156530
-3.116838 0.360808
2.335018 0.538732
0.461068 -1.680636
-3.130669 0.323691
-3.132931 0.326348
0.268651 0.455862
0.269678 0.460028
0.285431 0.382242
3.195495 -0.503665
3.269185 -0.745679
3.258588 -0.762767
3.158715 -0.602573
3.245937 -0.115981
-4.884991 0.656203
0.467919 -1.651343
3.164174 -0.617902
2.902882 -0.762401
3.240469 -0.669667
2.954569 -0.719660
-0.944053 4.014462
-0.953832 4.001709
-0.953345 3.999677
-0.955813 3.995880
-0.954089 4.001369
-0.978310 3.970613
0.435275 -1.694948
-0.957050 3.994023
-0.951709 4.001893
-0.957002 3.993046
-0.950965 4.005044
-0.958904 3.990238
-0.959995 3.993347
-0.953035 4.000828
-0.961326 3.986941
-0.961019 3.990326
-0.909014 4.040969
0.776755 -1.243556
-0.949013 4.004909
-1.377676 3.114392
-1.601145 3.023721
-1.614638 3.017097
-1.636422 3.016070
-1.523215 3.072817
-1.573634 3.037049
-1.589754 3.031637
-1.581049 3.030525
-1.595806 3.031467
0.451409 -1.675262
-1.225735 2.375750
-1.226844 2.377995
-1.225138 2.373897
-1.225561 2.359594
-1.225458 2.370882
-1.222900 2.362947
-1.226771 2.377546
-1.228518 2.369895
-1.226822 2.361691
-1.228875 2.376543
0.442977 -1.689788
-1.266709 3.222455
-1.264177 3.218176
-1.275627 3.222100
-1.196744 3.231711
-1.353573 3.364513
-1.345134 3.391922
-1.327736 3.436183
-1.348703 3.386820
-1.348505 3.375975
-1.346669 3.409370
0.441991 -1.676480
-1.347640 3.388821
-1.467319 3.288677
-1.479597 3.316258
-1.424177 3.167143
-1.404353 3.139647
-1.446579 3.142643
-1.426266 3.166203
-1.398755 3.171940
-1.410674 3.166921
-1.364103 3.179124
0.461460 -1.670548
-1.397136 3.150041
-1.413494 3.202978
-1.425767 3.190102
-1.432604 3.140952
-1.431953 3.185294
-1.437742 3.141695
-1.392165 3.166801
-1.492791 3.093066
-1.401641 3.174896
-1.440009 3.127801
0.471228 -1.661857
-1.397930 3.178019
-1.695741 3.352725
-1.707919 3.350392
-1.702988 3.355854
-1.711780 3.355971
-1.693550 3.350800
-1.712744 3.358452
-1.704793 3.360509
-1.688236 3.352587
-1.409520 3.162469
0.449498 -1.682573
-1.381097 3.192430
-1.408475 3.150240
-1.401492 3.210092
-1.328971 3.168931
-1.450204 3.138358
-1.391718 3.124531
-1.399014 3.177835
-1.468029 3.229810
-1.468805 3.218443
-1.331296 3.175982
0.463340 -1.671890
-1.368263 3.206777
-1.399325 3.186159
-1.430899 3.170968
-1.394146 3.194477
-1.358286 3.191254
-1.373303 3.147117
-1.405072 3.157975
-1.388821 3.214457
-1.365267 3.130836
-1.364338 3.227756
-4.873298 0.654083
0.446944 -1.686111
-1.402894 3.166544
-1.391624 3.195267
-1.409227 3.175465
-1.368222 3.192615
-1.411481 3.157452
-1.359398 3.206035
-1.419527 3.143597
-1.383330 3.184599
-1.402717 3.167214
-1.421189 3.182079
0.474716 -1.671469
-1.425811 3.178215
-1.377592 3.190228
-1.388107 3.113080
-1.431983 3.154055
-1.393632 3.194869
-1.437710 3.161166
-1.451652 3.132191
-1.410251 3.180285
-1.434131 3.196499
-1.380990 3.153891
0.456651 -1.692665
-1.372811 3.092302
-1.403236 3.164508
-1.409231 3.179463
-1.273317 3.258654
-1.204666 3.317468
-1.224332 3.304802
-1.418824 3.183876
-1.257487 2.891895
-1.269178 2.814345
-1.190161 2.815306
0.781688 -1.213280
-1.985638 4.609099
-2.036865 4.573812
-1.924105 4.635981
-1.773638 4.027947
-1.690786 3.868930
-1.947133 4.635963
-2.061279 4.679330
-1.972686 4.587101
-2.030371 4.633214
-1.978251 4.592153
1.172725 -1.104099
-2.024162 4.574297
-1.973649 4.557757
-1.975704 4.601096
-2.000292 4.578605
-2.014847 4.568048
-2.027247 4.603816
-2.002342 4.573673
-1.915825 4.622896
-1.917391 4.670026
-1.959669 4.590499
1.125549 -1.038917
-2.026968 4.583510
-1.975938 4.622827
-2.028505 4.577167
-1.956445 4.648800
-2.007172 4.563111
-1.961858 4.575845
-1.974322 4.652922
-1.939808 4.660646
-1.975385 4.660127
-1.997875 4.540742
1.231129 -1.093800
-1.942311 4.657840
-1.978150 4.617925
-1.969629 4.622066
-1.968725 4.636543
-1.968227 4.583545
-1.953436 4.605291
-1.965922 4.588705
-1.799442 4.086386
-1.961117 4.647834
-1.951827 4.630719
1.210622 -1.091647
-1.958967 4.556619
-2.023369 4.574594
-1.956829 4.577463
-2.018297 4.617880
-1.928719 4.647091
-1.936173 4.575502
-1.936327 4.637650
-2.022755 4.571267
-2.032764 4.652079
-1.977192 4.591332
1.196936 -1.105539
-1.940205 4.663309
-1.945992 4.607053
-2.022542 4.662550
-1.981683 4.596944
-2.043394 4.548815
-2.018435 4.613800
-1.918911 4.617264
-1.986608 4.557174
-2.021697 4.636022
-1.980159 4.591073
1.210286 -1.113738
-2.010231 4.581671
-1.995401 4.598818
-1.991834 4.689010
-2.041537 4.579188
-1.953701 4.582129
-1.955681 4.579896
-1.964185 4.576920
-1.944969 4.621092
-1.975055 4.615291
-1.974459 4.598534
-4.888041 0.690130
1.194028 -1.119381
-2.029957 4.623980
-1.966038 4.614451
-1.992117 4.609903
-2.107196 4.747494
-2.049682 4.537720
-2.020097 4.584102
-1.920639 4.542501
-2.009105 4.606063
-1.959448 4.652098
-2.045275 4.626297
1.222801 -1.105060
-1.930902 4.687958
-1.961630 4.626454
-2.039506 4.676678
-2.051637 4.696413
-1.974955 4.641576
-2.007393 4.618611
-2.033691 4.669901
-1.950174 4.586231
-1.949462 4.687438
-2.031283 4.646458
1.222227 -1.094932
-1.992075 4.567663
-2.027568 4.590396
-1.980764 4.588219
-1.953231 4.572500
-1.935168 4.663625
-2.016896 4.671201
-1.978943 4.607786
-1.954982 4.611894
-1.987423 4.615547
-1.983630 4.639184
1.246131 -1.123809
-2.013335 4.540708
-1.965982 4.624051
-1.969903 4.627262
-1.992825 4.600873
-2.007703 4.562115
-1.998994 4.587400
-1.927687 4.691703
-1.987450 4.607877
-1.973711 4.585879
-1.925859 4.635425
0.799256 -1.229764
-1.929372 4.673640
-2.020684 4.544533
-1.946211 4.615950
-2.025229 4.570389
-1.927553 4.676587
-1.938841 4.552941
-1.969213 4.582047
-2.017431 4.566459
-2.050881 4.555943
-2.053864 4.617795
0.792417 -1.371103
-1.987625 4.613492
-1.989905 4.605110
-2.035892 4.551824
-1.960817 4.535305
-1.962105 4.668084
-1.894180 4.550154
-2.049094 4.632687
-2.017113 4.633164
-1.959603 4.579484
-1.979969 4.616661
0.775075 -1.389202
-1.984976 4.601991
-2.018903 4.637574
-1.972469 4.642642
-1.967248 4.629025
-1.972429 4.586142
-1.977318 4.591615
-2.014516 4.636179
-1.960109 4.592340
-1.956705 4.633530
-2.063910 4.508765
0.792194 -1.406235
-2.022999 4.624951
-2.014349 4.608912
-2.057883 4.534222
-2.058497 4.668487
-2.029448 4.543795
-1.886353 4.557842
-2.076729 4.616240
-1.951593 4.686189
-1.930709 4.537839
-1.395344 2.998534
0.786437 -1.388789
-1.409477 2.957064
-1.607588 3.700073
-1.414306 3.178167
-1.381099 3.205714
-1.367611 3.122648
-1.382432 3.146160
-0.967528 -1.281366
-1.108849 -1.905683
-1.100883 -1.929298
-1.103385 -1.925900
0.776411 -1.228388
1.843986 -2.397119
1.851828 -2.407041
1.879333 -2.433189
1.857708 -2.412772
1.825707 -2.433670
1.853705 -2.406112
1.881050 -2.435871
1.850029 -2.409414
1.856178 -2.412476
1.850963 -2.406696
-4.861487 0.673785
0.761038 -1.259602
1.856440 -2.393699
1.851117 -2.404071
1.857740 -2.410435
1.870294 -2.425279
1.849828 -2.402068
1.851741 -2.408637
1.904227 -2.368674
1.826688 -2.446813
1.827220 -2.384569
1.844389 -2.391762
0.944678 -1.150784
1.855808 -2.412072
1.851596 -2.407000
1.833341 -2.390045
1.851643 -2.408297
1.864893 -2.402341
1.845650 -2.405835
1.833142 -2.434797
1.839023 -2.388160
3.163693 -1.463570
3.151753 -1.462134
0.613761 -1.157426
3.168636 -1.451912
3.171288 -1.449966
3.165791 -1.451574
3.163003 -1.460462
3.161532 -1.457144
3.167145 -1.452116
3.159111 -1.476467
3.158852 -1.462458
3.168400 -1.450840
3.161077 -1.448291
0.605385 -1.132791
3.177032 -1.450572
3.166602 -1.454825
-4.920043 0.636225
-4.711056 0.568681
-4.694321 0.565457
-4.696553 0.541536
-4.703268 0.572692
-4.681550 0.561156
-4.705417 0.572362
-4.718403 0.565350
0.813169 -1.220319
-4.699217 0.561988
-4.704867 0.557017
-4.697155 0.568376
-4.915915 0.624043
-4.903419 0.631188
-5.000517 1.036207
-4.876325 0.656332
-4.898873 0.671802
-4.879269 0.670619
-4.880502 0.667033
0.615060 -1.124252
-5.155957 0.521816
-4.890444 0.662383
-0.501956 4.925012
-0.515664 4.939102
-0.513224 4.947794
-0.532226 4.949533
0.794534 -1.785933
0.608276 -1.835127
0.412245 -1.895061
1.177437 -1.680256
0.774916 -1.246228
1.194733 -1.687882
0.817973 -1.753752
0.823202 -1.822057
0.803055 -1.794771
0.791143 -1.726509
0.760039 -1.825467
0.804352 -1.780486
0.740153 -2.002700
2.459622 1.166651
0.844665 -1.737743
0.623841 -1.316682
0.803410 -1.787491
0.792127 -1.793951
-1.838025 3.013331
-1.830106 3.012988
-1.393918 3.190531
0.789717 -1.297584
-1.829577 3.015694
-1.838977 3.014775
-1.824128 3.018575
-1.839879 3.002868
0.667703 -1.269169
-1.817629 3.017668
0.757855 -1.257945
0.979508 -1.268516
1.088878 -1.268713
0.863192 -1.257196
1.038424 -1.271901
3.325156 -0.801199
3.341595 -0.816134
3.347470 -0.834258
3.343202 -0.815503
0.603241 -1.127214
3.252039 -0.690214
3.248286 -0.664846
3.261557 -0.673595
3.214731 -0.464747
3.217922 -0.460651
3.215858 -0.463710
3.063004 -0.659345
3.000420 -0.694186
3.153020 -0.622992
3.149191 -0.614791
-4.896289 0.684708
0.807093 -1.225027
3.137795 -0.624453
3.161757 -0.606526
3.142321 -0.594924
3.159811 -0.609685
3.154070 -0.613306
3.149055 -0.593166
3.156157 -0.603539
3.147169 -0.615186
3.165379 -0.606725
3.153282 -0.610906
0.799760 -1.235475
3.159593 -0.609022
-0.158616 -1.541150
-0.137189 -1.521469
-0.141647 -1.531994
-0.149391 -1.522544
-0.152695 -1.521936
-0.156427 -1.527333
-0.143272 -1.523794
1.233275 -0.052245
1.223396 -0.035283
3.160471 -0.624732
1.221380 -0.038968
1.223319 -0.041263
1.236053 -0.055758
1.308068 -0.222563
1.324445 -0.183784
1.375674 -0.163352
1.355713 -0.202548
1.372624 -0.160323
1.343181 -0.175656
1.372355 -0.227264
3.204780 -0.504670
1.362433 -0.191460
1.359319 -0.205217
1.390848 -0.249551
1.360840 -0.177228
1.368947 -0.203905
1.328980 -0.204580
1.377473 -0.184323
1.349942 -0.217519
1.350994 -0.160475
1.418249 -0.128225
3.201845 -0.496258
1.360738 -0.213592
1.412361 -0.146246
1.361356 -0.218922
1.346918 -0.194150
-1.255034 3.008054
-1.262309 2.999829
1.602546 -0.301206
1.573979 -0.288866
1.269652 -0.184954
1.196285 -0.164821
3.159722 -0.625582
1.472678 -0.221098
1.502235 -0.209547
1.298720 -0.118193
1.221212 -0.040877
1.329870 -0.252951
1.317832 -0.264125
1.388677 -0.120818
1.382860 -0.107871
1.400756 -0.092046
1.397958 -0.078903
3.202409 -0.496648
1.335923 -0.176727
1.289183 -0.141867
1.247106 -0.567175
1.270035 -0.523988
1.376227 -0.193217
1.333359 -0.204211
1.360287 -0.188058
1.360739 -0.220744
1.363214 -0.180293
1.382637 -0.188177
3.186850 -0.537111
1.398695 -0.162667
1.362247 -0.215143
1.340343 -0.177733
1.361261 -0.209899
1.355484 -0.196381
1.388628 -0.254265
1.349677 -0.219157
1.366257 -0.182059
1.509254 -0.062873
1.634900 0.092211
3.206011 -0.476553
1.386741 -0.123537
1.377866 -0.193499
1.375438 -0.213191
1.353183 -0.237704
1.352346 -0.178000
2.010535 -0.247041
2.030138 -0.251401
1.975489 -0.240004
2.019082 -0.249166
2.031569 -0.248381
2.994447 -0.704451
2.032670 -0.249304
2.032415 -0.243672
2.032462 -0.249745
2.005929 -0.245948
2.020652 -0.246605
2.118984 -0.231422
2.123395 -0.239357
2.127551 -0.237600
2.131892 -0.236625
2.025973 -0.244559
-4.913165 0.685212
2.985951 -0.726087
2.078361 -0.272976
2.093714 -0.277863
2.073355 -0.286377
1.380041 0.019207
1.378831 0.024705
1.384870 0.027171
1.370736 -0.011373
1.281980 -0.297669
1.267491 -0.325998
1.390383 -0.237477
0.691113 -3.066891
1.327436 -0.162677
1.276265 -0.175312
1.338466 -0.189645
1.326039 -0.241772
1.356388 -0.182594
1.333994 -0.006537
1.350839 0.040837
1.323725 0.007174
1.322414 0.027720
1.325603 -0.179733
0.624225 -3.840066
1.313678 -0.222803
1.342637 -0.187342
1.147684 -0.129702
1.074172 -0.119383
1.118889 -0.117436
1.127432 -0.112191
1.102522 -0.116208
1.392987 -0.160656
1.357470 -0.211234
1.385362 -0.153044
0.766331 -1.228480
1.356451 -0.190715
1.358726 -0.197778
1.357653 -0.192818
1.360606 -0.212615
1.347258 -0.195630
1.367819 -0.152900
1.361960 -0.209009
1.375189 -0.165589
-0.910394 0.983735
-0.915377 0.976031
0.574302 -0.689375
-0.898896 0.962319
-0.899980 0.978227
-0.905032 0.975661
-0.890333 0.974038
-0.928492 0.979800
-0.912708 0.975478
-0.920802 0.984438
-0.899554 0.971858
-0.918459 0.977311
-0.961793 1.017643
0.375793 0.130455
-0.989565 1.023029
-0.950549 0.988958
-0.917014 0.985299
-0.910363 0.989895
-0.906684 0.974029
-0.911218 0.986178
-0.909133 0.985831
-0.910037 0.976111
-0.910930 0.981478
-0.882941 0.963545
0.746737 -1.796936
-0.832631 0.890227
-0.925596 0.985054
-0.908036 0.969252
-0.914344 0.982681
-0.909303 0.975005
-0.947196 1.011459
-0.896129 0.979673
-0.918415 1.005072
-0.933405 1.004607
-0.917984 0.990132
1.850048 -2.403408
-0.724555 -1.783066
-0.933763 1.002403
-0.888868 0.971498
-0.924994 0.951633
-0.916655 0.978963
-0.914360 0.984141
-0.918207 0.987568
-0.908289 0.974466
-0.903821 0.977923
-0.916240 0.984362
-0.271424 -1.570781
-0.902909 0.965237
-0.908407 0.974424
-0.915558 0.980656
-0.968857 1.129774
-0.990208 1.202433
-0.916755 0.985865
-0.923442 1.000240
-0.941666 1.014802
-0.908737 0.976180
-0.919708 0.986266
0.637218 -1.529640
-0.910331 0.981844
1.378036 -0.284473
1.370051 -0.176656
1.349369 -0.193872
1.359379 -0.224694
1.712532 0.288285
1.731831 0.292679
1.687453 0.247450
1.734350 0.301030
1.720884 0.275978
0.806934 -1.800302
-4.906487 0.654150
0.793490 -1.757448
1.735431 0.315427
1.719316 0.297403
1.715552 0.288460
1.724641 0.310072
1.681574 0.188920
1.715309 0.292688
1.719913 0.287967
1.727362 0.303100
1.687235 0.256835
1.705659 0.285383
0.676586 -1.554884
1.782012 0.253060
1.709245 0.293261
1.726521 0.297597
1.709099 0.291814
1.702890 0.280277
1.695401 0.309163
1.725669 0.298449
1.723870 0.297940
1.715282 0.285604
0.993843 0.919102
0.686196 -1.493770
0.492780 -3.733268
0.507898 -3.743128
3.724999 1.683888
3.737274 1.657608
3.736245 1.692760
3.735466 1.688636
3.687373 1.682922
3.720641 1.689011
3.725703 1.690663
3.726303 1.680645
0.782975 -3.180791
3.729825 1.688389
3.728795 1.681748
3.722851 1.676904
3.723105 1.678723
3.753878 1.692675
3.720959 1.681994
3.726933 1.681052
3.717553 1.697605
3.734471 1.674060
3.720188 1.680985
0.773883 -3.775831
3.737055 1.673065
3.751819 1.696391
3.724924 1.674016
3.710183 1.666044
3.744817 1.668185
3.717825 1.674245
3.708164 1.665513
3.730140 1.679486
3.697043 1.699874
3.724666 1.674705
0.786832 -3.136405
3.728096 1.687539
3.726988 1.671522
3.726349 1.681366
3.740476 1.671870
3.744663 1.657221
3.721719 1.684234
3.727137 1.672408
3.700236 1.661438
3.727564 1.673853
-1.354541 -0.164179
0.811337 -1.783831
-0.328244 -2.601497
-0.342255 -2.600886
0.634815 -3.880001
0.092388 1.838089
3.864073 -4.065885
3.906619 -4.088235
3.824329 -4.113254
3.869977 -4.071189
3.879979 -4.054431
3.836743 -4.033750
0.289771 -2.151289
3.866427 -4.079275
3.832586 -4.082321
3.863979 -4.087821
3.868706 -4.074161
3.883489 -4.051044
3.844631 -4.086039
3.765774 -4.061663
3.701316 -4.055822
3.722836 -4.059634
3.738978 -4.060280
0.522497 -2.699144
3.857256 -4.077096
3.881333 -4.081494
3.831380 -4.040437
3.858242 -4.074859
3.856812 -4.072666
3.907915 -4.021685
3.856592 -4.069974
3.860909 -4.076775
3.869710 -4.070714
3.902146 -4.107479
-0.405050 -1.874290
3.859796 -4.066140
3.867422 -4.065591
3.854747 -4.055038
3.827153 -4.036758
3.872109 -4.071416
3.855442 -4.048043
3.864358 -4.039060
3.870223 -4.063333
3.870900 -4.084785
3.863872 -4.063269
-4.890269 0.676853
0.869279 -1.893436
3.842867 -4.064139
3.864138 -4.082642
3.861478 -4.068211
3.835716 -4.080167
3.882439 -4.069468
3.872229 -4.052096
3.847840 -4.082126
3.679381 -3.041380
4.000678 -4.029609
4.031101 -4.020664
0.929211 -1.976550
4.029036 -4.019760
4.042940 -4.012300
2.392382 -4.780800
2.404743 -4.791996
2.398755 -4.793945
2.387157 -4.776517
2.406803 -4.797914
2.315095 -4.701631
2.399104 -4.778336
2.402956 -4.772995
0.657224 -3.330551
2.359990 -4.784798
2.386730 -4.776887
2.421035 -4.815071
2.394628 -4.765934
2.396572 -4.783049
2.393937 -4.780946
2.392183 -4.786870
2.393607 -4.785792
2.412373 -4.748880
2.408231 -4.799090
0.759115 -1.789960
2.392422 -4.781059
2.408678 -4.799820
2.406515 -4.803997
2.382541 -4.773863
2.391668 -4.782121
2.345007 -4.821737
2.391412 -4.799006
2.416960 -4.804954
2.393238 -4.789219
2.448894 -4.833493
0.796583 -1.769522
2.375674 -4.780307
2.388783 -4.784674
2.373294 -4.798025
2.381817 -4.766187
2.386033 -4.750997
2.396553 -4.782494
2.340545 -4.857157
2.378851 -4.795732
2.389040 -4.776385
2.417063 -4.775362
0.901496 -1.958723
2.394192 -4.780265
2.391199 -4.785028
2.406554 -4.789265
2.383660 -4.775166
2.390383 -4.786539
2.388902 -4.773953
2.355593 -4.829279
2.376664 -4.771611
2.393815 -4.785013
2.382226 -4.761152
0.926184 -1.985112
2.394247 -4.789794
2.410534 -4.816273
2.409691 -4.803279
2.416766 -4.767883
2.390003 -4.785892
2.393110 -4.785270
2.389243 -4.781806
2.366846 -4.745199
2.404759 -4.769825
2.368937 -4.805679
0.913204 -1.963520
2.414196 -4.793811
2.397470 -4.777743
2.385307 -4.777208
-0.326384 0.954084
-1.270934 2.818601
-4.505436 -0.803840
-3.979901 -0.962037
-3.990496 -0.935320
-4.030359 -0.953174
-3.974659 -0.959267
0.905692 -1.972181
-3.976732 -0.945860
-3.973376 -0.966653
-3.979590 -0.983390
-3.958933 -0.952368
-3.967927 -0.970030
-3.985726 -0.943465
-3.969126 -0.963266
-3.947055 -0.929010
-3.932330 -1.001262
-3.985790 -0.913000
0.381937 -1.916316
-3.961223 -0.935724
-4.014868 -0.915496
-3.969432 -0.968041
-3.972966 -0.965816
-3.963773 -0.974431
-3.999223 -0.926815
-3.944928 -0.944536
-4.011104 -1.007833
-3.979370 -0.957070
-3.959237 -0.954367
-4.888845 0.662648
-0.329170 -2.583244
-3.955887 -0.957197
-3.946619 -0.956020
-3.952082 -0.974352
-3.961258 -0.967518
-3.943817 -0.987975
-4.033152 -1.019171
-3.971006 -0.969597
-4.023010 -0.997091
-3.986676 -0.973156
-4.016767 -0.991203
0.793514 -1.788638
-3.981439 -0.956770
-3.988222 -0.971316
-3.944263 -0.970020
-3.979402 -0.952729
-3.953659 -0.975545
-3.977385 -0.961494
-4.004724 -0.991303
-3.999965 -0.975177
-3.981471 -0.977426
-3.960265 -0.964309
0.805925 -1.777091
-3.991322 -0.943130
-3.973122 -0.941280
-4.010871 -0.922724
-3.923653 -0.930352
-3.971779 -0.943440
-3.957584 -0.982281
-3.939949 -0.936636
-3.979146 -0.964337
-3.891386 -1.036303
-3.957888 -0.951785
0.846782 -0.606719
-3.982420 -0.947822
-3.976293 -0.958528
-3.951132 -0.996156
-3.993687 -0.983685
-3.990346 -0.958574
-3.949999 -0.944720
-3.987519 -0.970604
-4.007767 -0.963318
-3.967511 -0.967081
-3.968970 -0.956419
0.791627 -1.798736
-3.977504 -0.969263
-3.901428 -0.920660
-3.961347 -0.970074
-3.942305 -0.931381
-3.931564 -0.916191
-3.936388 -0.970376
-3.978875 -0.964111
-3.981765 -0.964943
-3.980181 -0.953217
-3.952697 -0.986576
-1.061040 -4.193940
-3.975343 -0.971113
-3.968900 -0.967997
-3.834875 -1.131906
-3.833907 -1.136716
-3.845174 -1.123751
-3.847371 -1.119017
-3.829277 -1.148455
-3.817794 -1.145058
-3.834818 -1.131831
-3.830444 -1.141358
-0.999160 -4.280640
-4.513266 -0.805623
-4.520137 -0.822881
-4.524057 -0.819757
-4.546889 -0.822479
-4.516932 -0.817068
-4.514775 -0.807802
-4.522970 -0.817329
-4.520432 -0.818079
-4.540144 -0.822919
-4.504467 -0.830581
0.796996 -1.796696
-4.536108 -0.835264
-4.526444 -0.826166
-4.522598 -0.834151
-4.522310 -0.809520
-4.511081 -0.818568
-4.522359 -0.829479
-4.525026 -0.823954
-4.522885 -0.824548
-4.527720 -0.821492
-4.519847 -0.825095
0.850728 -1.733371
-4.524356 -0.816057
-4.523743 -0.788064
-4.536531 -0.822204
-5.022861 -1.276089
-5.013629 -1.275289
-5.016675 -1.279701
-5.006360 -1.284309
-5.013262 -1.275652
-5.016889 -1.276777
-5.017389 -1.277278
0.928542 -1.144249
-5.021933 -1.260191
-5.026709 -1.286168
-5.020796 -1.283556
-4.986395 -1.253251
-5.014180 -1.275063
-5.014193 -1.274468
-5.035173 -1.247634
-5.034208 -1.247718
-5.023178 -1.274240
-5.015388 -1.277066
-4.894334 0.658822
0.757601 -1.247056
-5.008713 -1.297217
-5.038913 -1.313466
-5.014489 -1.280312
-5.020873 -1.282147
-5.022047 -1.285944
-5.012121 -1.261671
-5.034106 -1.282166
-5.025454 -1.289102
-5.014283 -1.252647
-5.027489 -1.267006
0.751583 -1.252202
-5.020207 -1.260919
-5.001673 -1.295781
-4.994874 -1.253324
-5.005983 -1.276257
-5.015046 -1.282108
-5.012429 -1.276176
-5.012858 -1.294878
-5.019439 -1.290694
-5.015812 -1.277478
-5.006882 -1.268790
0.754874 -1.229372
-4.987703 -1.305730
-4.982435 -1.254813
-5.013410 -1.277083
-4.566894 -0.789015
-4.560706 -0.810145
-4.576116 -0.787359
-3.845728 -0.211761
-3.840038 -0.209616
-3.837977 -0.208378
-3.835064 -0.199933
0.703298 -1.514501
-3.841017 -0.204799
-3.841002 -0.206901
-3.834179 -0.201245
-3.832018 -0.195106
-4.598130 -0.903050
-4.597319 -0.896915
-4.615371 -0.920274
-4.557343 -0.773274
-4.565955 -0.766077
-4.560781 -0.774390
0.805246 -1.253688
-4.519085 -0.815235
-1.057240 -4.212111
-1.062269 -4.279963
-1.051162 -4.238538
-1.050466 -4.171794
-1.075142 -4.205851
-1.120510 -4.165037
-1.075701 -4.168462
-1.077412 -4.241177
-1.400271 -4.445601
0.332569 -1.627773
-1.412820 -4.454151
-1.417434 -4.460075
-1.415616 -4.458111
-1.397376 -4.447296
-1.405816 -4.449594
-1.413404 -4.459286
-1.419412 -4.461660
-1.422509 -4.458719
-1.412246 -4.454855
-1.404678 -4.447760
0.255784 -1.725614
-1.027566 -4.161692
-1.039802 -4.210909
-1.074587 -4.172616
-1.026170 -4.174992
-1.122438 -4.168591
-1.009753 -4.217769
-1.088573 -4.241003
-1.077784 -4.225410
-1.101581 -4.137213
-1.060813 -4.217643
0.967011 0.907328
-1.000253 -4.162064
-1.065214 -4.208364
-1.010485 -4.237380
-1.106684 -4.269356
-1.111560 -4.264506
-1.063403 -4.203664
-1.064963 -4.232411
-1.041191 -4.214468
-1.082201 -4.193004
-1.076863 -4.206859
0.953071 1.184387
-1.090813 -4.231373
-1.061944 -4.203263
-1.130251 -4.258499
-1.050158 -4.186198
-1.080751 -4.188524
-1.069616 -4.222822
-1.103150 -4.224605
-1.027632 -4.216426
-1.061479 -4.232421
-1.030419 -4.201746
0.959443 1.201495
-1.091122 -4.239596
-1.083308 -4.219194
-1.097522 -4.247381
-1.094357 -4.206545
-1.093716 -4.175946
-1.077016 -4.243444
-1.101799 -4.239101
-1.042499 -4.244821
-1.090196 -4.204533
-1.075858 -4.223773
-4.873691 0.678277
0.960051 1.197424
-1.072600 -4.217931
-1.035477 -4.192571
-1.019278 -4.290929
-1.068433 -4.214197
-1.103182 -4.228269
-1.116239 -4.174996
-1.057706 -4.182056
-1.055298 -4.189992
-1.088736 -4.249506
-1.072169 -4.269547
0.954775 1.204604
-1.055644 -4.209302
-1.048288 -4.218742
-1.094630 -4.171207
-1.063920 -4.201691
-1.056440 -4.208109
-1.052463 -4.197799
-1.048871 -4.170375
-1.054559 -4.203029
-1.103346 -4.220581
-1.085989 -4.247233
0.947056 1.210275
-1.089116 -4.185774
-1.078532 -4.134271
-1.057333 -4.240385
-1.085604 -4.236110
-1.074147 -4.211564
-1.017825 -4.142282
-1.054704 -4.227409
-1.010967 -4.146545
-1.080078 -4.222878
-1.075389 -4.252057
0.954944 1.202248
-1.092877 -4.248396
-1.031728 -4.212461
-1.034060 -4.188288
-1.034084 -4.201368
-1.043963 -4.204231
-1.046272 -4.236822
-1.105067 -4.258284
-1.002990 -4.157505
-1.061201 -4.208748
-1.051934 -4.215248
0.958687 1.206145
-1.045503 -4.234717
-1.066851 -4.241090
-1.048220 -4.214934
-1.100228 -4.172742
-1.033179 -4.235891
-1.113017 -4.155347
-1.055061 -4.194425
-1.074292 -4.224854
-1.045026 -4.212557
-1.056353 -4.186936
0.942411 1.232328
-0.937369 -4.226244
-1.054474 -4.078612
-1.026693 -4.193792
-1.016112 -4.207260
-1.072808 -4.191915
-1.011035 -4.245533
-1.054850 -4.401575
-1.058450 -4.416691
-1.043589 -4.192105
-1.049608 -4.244243
0.959384 1.218899
-1.070724 -4.222579
-1.036848 -4.210977
-1.137560 -4.123242
-0.787748 -3.839466
-0.646229 -3.686713
-1.051963 -4.195821
-1.020604 -4.163758
-1.072528 -4.258780
-0.997576 -4.266051
-1.019042 -4.201130
0.964908 1.210612
-1.026874 -4.175146
-1.070530 -4.202895
-0.993954 -4.307753
-3.117608 0.567237
-3.152808 0.621102
-3.139232 0.630306
-3.149043 0.617718
-3.145171 0.612648
-3.149184 0.639077
-3.146027 0.612171
0.825695 1.018324
-3.169431 0.635567
-3.186038 0.600023
-3.193216 0.606056
-3.192980 0.594631
-3.140474 0.620442
-3.131568 0.607257
-3.150314 0.612468
-3.151761 0.618937
-3.149281 0.617377
-3.149181 0.620080
0.782831 1.055877
-3.144927 0.618334
-3.145004 0.610582
-3.145518 0.611738
-3.143753 0.620354
-3.139375 0.622660
-3.133166 0.600261
-3.155945 0.609803
-3.147648 0.617540
-3.128697 0.629698
-3.147852 0.615221
-4.927581 0.686124
0.821326 1.025321
-3.142467 0.602469
-3.144241 0.613160
-3.149487 0.602184
-3.148752 0.618605
-3.112918 0.582439
-3.247367 0.781961
-3.259698 0.800395
-3.259495 0.801051
-3.252798 0.788065
-3.260868 0.805318
0.801745 1.062024
-3.255274 0.821732
-3.257368 0.808892
-3.152896 0.632993
-3.148045 0.591197
-3.204554 0.563643
-3.150235 0.617203
-3.138032 0.635673
3.926649 0.466594
3.873603 0.500854
-1.394507 3.140712
-1.891459 2.102647
4.006035 -0.799655
4.386568 -1.057108
4.388204 -1.057410
4.391469 -1.054525
4.383278 -1.050272
4.388071 -1.055499
4.381505 -0.971020
4.383321 -0.875942
4.385113 -1.052920
4.381589 -1.053997
-1.887004 2.104907
4.396563 -1.060911
4.403028 -1.058309
4.388838 -1.103381
4.382898 -1.118806
4.411283 -1.088102
4.398034 -1.075954
4.398286 -1.073623
4.389193 -1.064821
4.372453 -1.034453
4.387113 -1.054269
-1.884640 2.108328
4.409061 -1.070771
4.647720 -0.531690
4.680728 -0.485915
4.702742 -0.464002
4.709973 -0.480546
4.750849 -0.433910
4.760345 -0.422051
4.773523 -0.412359
4.771060 -0.411499
4.779101 -0.407823
-1.894487 2.104853
4.778001 -0.677421
4.738458 -0.700537
4.678750 -0.753539
4.793216 -0.678496
4.798827 -0.656196
4.789267 -0.674486
4.784235 -0.673443
4.792295 -0.686471
4.754822 -0.712361
4.813416 -0.653700
-1.890465 2.100540
4.745152 -0.723492
4.798305 -0.657453
4.804261 -0.683849
4.658846 -0.406893
4.654918 -0.393037
4.653802 -0.385656
4.649144 -0.391189
4.655207 -0.401383
4.658428 -0.404118
4.663901 -0.401868
-1.877828 2.099969
4.666851 -0.390474
4.658129 -0.389357
4.402858 -0.807730
4.674990 -0.768569
4.696078 -0.748487
4.703451 -0.758836
4.692864 -0.759725
4.698902 -0.743865
4.668638 -0.781717
4.338278 -0.817994
-1.884909 2.110072
4.329105 -0.805231
4.381729 -0.856939
4.375410 -0.879825
4.393281 -0.839406
4.009314 -0.795404
4.014463 -0.811387
3.997285 -0.807214
3.867748 -0.947343
3.995313 -0.798915
4.019875 -0.799269
-1.897093 2.106837
3.881487 -1.473457
2.055149 1.416527
4.013289 -0.803352
3.994989 -0.815311
3.997230 -0.818820
-1.104789 -1.936483
-1.168562 -1.983882
-1.104688 -1.946428
-1.095377 -1.934182
-1.089273 -1.910684
-4.879342 0.677518
-1.889960 2.101295
-1.250032 -2.540032
-1.167908 -2.548313
-1.161388 -1.827563
-1.073871 -1.957213
-1.140028 -2.007213
-1.122594 -1.937205
-1.094324 -1.936790
-1.081767 -2.983777
-1.094004 -1.933861
-1.143993 -1.705035
-1.892409 2.103955
-1.626361 -1.800555
-1.251760 -1.721207
-1.261046 -1.694632
-1.071823 -1.964651
-1.090530 -1.934947
-1.077217 -1.919990
-1.093561 -1.935392
-1.117357 -1.914371
-1.097186 -1.941569
-1.109481 -2.002486
-1.888309 2.105210
-1.124664 -2.057118
-1.091787 -1.947535
-1.108233 -1.918488
-1.097403 -1.927385
-0.917724 -1.716959
-1.115776 -1.913032
-1.073365 -1.952716
-1.094643 -1.938191
-1.183848 -2.563091
-1.428903 3.208465
-1.891480 2.104634
3.217761 3.986845
2.923315 -0.768167
-0.498694 -1.916960
-0.448973 -1.723375
-0.443527 -1.711197
-0.439425 -1.709134
0.759171 -1.821694
0.763823 -1.831622
1.050541 -1.554997
0.790915 -1.753164
-1.892764 2.106573
0.542105 -1.018494
0.730575 -1.542179
0.760752 -1.559730
-0.528350 -1.117821
1.024925 -1.482939
2.669452 0.625452
2.643046 0.631756
2.496870 1.948074
2.498956 1.978826
0.561982 -1.259168
-1.890283 2.101919
0.536403 -1.228069
2.622507 1.505731
2.572522 1.352663
2.571440 1.361032
2.582804 1.361420
2.575410 1.358052
3.168882 3.489974
-1.446290 -1.471134
-0.283952 -1.555500
-1.885105 -3.195418
-1.890589 2.106357
-1.879948 -3.191659
-1.860958 -3.172655
0.691243 -2.117221
0.790432 -1.523801
2.312319 -1.681589
2.307202 -1.673041
-1.504518 -0.903482
-1.487961 -0.886394
-0.537208 -1.126945
0.427979 -2.372665
-1.917263 2.129172
2.344126 1.737663
2.339501 1.731618
-1.489231 -0.883051
-1.545575 -0.865556
-1.581955 -0.851328
2.803573 0.608739
2.814543 0.604731
0.082017 -1.621127
-0.251934 -1.796090
0.028045 -1.660826
0.958836 0.906206
-0.027796 -1.692233
2.275314 -1.680831
2.303238 -1.670714
2.078176 -1.621447
2.299013 -1.686897
2.489153 1.871432
2.478284 1.846722
2.506077 1.853268
2.439249 1.935408
2.423521 1.947992
0.967905 0.916616
-0.564277 -2.307800
-0.205632 -2.143046
0.349942 -1.098619
0.359350 -1.088712
0.655681 -2.160649
0.699589 -2.106136
0.694349 -2.122288
-1.719836 -1.388154
-1.749052 -1.379234
2.394230 0.620117
-4.886173 0.671039
0.973865 0.921508
2.433171 0.691834
0.411125 -0.192901
-1.691424 -1.398817
-1.622596 -1.462872
-1.916916 -1.282362
0.535308 -0.366987
-0.997553 1.228116
-0.999582 1.222315
-1.443482 -1.754197
0.396397 -1.934042
0.963076 0.908823
0.308199 -2.490073
0.134447 -2.623733
0.303810 -2.477999
0.489989 -2.324437
-1.681163 3.847323
2.014729 -1.606814
-1.618494 -1.817747
-1.635372 -1.811939
-1.616912 -1.812160
-1.510958 -0.906994
0.978675 0.910445
-1.732641 -1.377113
1.423813 -4.786447
1.491903 -4.893792
1.511773 -4.916727
2.429248 0.470801
2.413670 0.470259
0.741123 -1.085859
-2.202980 -1.716848
-2.562522 -1.702820
-2.604056 -1.683144
0.969648 0.878694
-2.641760 -1.687478
-2.586721 -1.700492
0.813893 -1.273523
2.943226 -0.791270
3.157095 -0.619400
2.887439 -0.771898
1.288410 -0.604096
1.298853 -0.627403
1.301402 -0.615969
1.168849 -1.024595
0.987823 0.914479
1.168318 -0.982576
0.966782 -2.717782
0.931103 -2.307146
1.111425 -2.905017
-1.189539 -3.388921
-1.687562 3.858632
-1.682695 3.857492
-1.180917 3.333786
-1.629198 -1.448013
-2.027456 -1.770761
0.958841 0.889847
-2.028759 -1.780096
0.488052 -2.728268
0.481577 -2.729257
-1.301225 -2.526668
-1.323516 -2.521534
1.369251 -0.192573
-2.182926 -1.738790
-2.274474 -1.765948
2.277601 -1.689434
1.014009 -1.623364
0.982953 0.899868
-2.299555 -1.786127
4.419046 -2.027052
4.440113 -2.030483
-0.815264 -0.799426
2.601274 1.342902
2.443349 1.153995
2.086308 -1.623552
2.085430 -1.625662
3.208920 4.028173
3.162302 3.491691
0.960538 0.903662
0.989109 -1.483934
0.808368 -1.208931
-1.629768 -1.451282
0.185568 -1.817814
0.176143 -1.851647
0.389681 -1.704500
0.488636 -0.721256
2.334365 -1.705103
-1.726702 -1.379332
0.356552 -2.448580
0.957848 0.902989
-1.472990 -0.871856
-1.629395 -1.461761
-1.913670 -3.221044
-1.937608 -3.242805
1.420351 -4.800047
2.338802 0.514702
0.504491 -2.712241
0.485024 -2.731227
3.124368 -1.947557
3.855094 -1.993378
0.978070 0.872363
0.246982 -1.705220
2.748157 0.612302
2.367020 0.527618
2.419749 1.944882
3.043048 4.312638
2.979771 4.444494
-0.161831 -2.123419
0.344346 -1.082600
-0.334261 -1.569731
-2.632822 -1.687152
-4.905408 0.646342
0.971597 0.908192
-1.259225 -2.683379
-1.726838 -3.052015
0.480981 -2.684534
2.347823 0.709847
-1.033848 -0.613417
0.553353 -2.692759
-5.086929 1.210027
2.431490 1.935065
0.415946 -1.951533
0.266578 -1.379190
0.985872 0.916178
0.235049 -1.412683
0.140644 -2.621617
-1.335497 -3.168297
-1.323452 -3.168765
-1.453596 3.101594
-1.482960 3.056143
2.310035 0.484974
2.336733 0.536540
-1.745509 -1.366834
2.648452 0.735996
0.930314 0.963854
2.690825 0.713188
-0.534898 -2.627346
-0.587326 -2.635039
-0.583901 -2.642937
2.905917 -0.775646
1.317679 -1.326430
0.981830 -2.767907
0.745085 -1.142478
-1.380257 2.948704
0.170966 -1.854030
0.963744 0.909093
0.130557 -1.895651
3.806460 -1.011338
0.624646 -2.803334
0.662777 -2.823938
-1.626118 -1.451828
1.312823 -4.344703
1.306286 -4.364842
1.199094 -4.089671
1.316774 -4.340532
1.319239 -4.335807
0.973263 0.891508
1.323394 -4.353767
1.322682 -4.346574
1.334721 -4.320610
1.342404 -4.323471
1.362640 -4.532629
1.314475 -4.344283
1.314259 -4.339578
-1.198897 -2.562507
-1.230011 -2.561030
-1.856965 -3.157699
0.943084 0.899237
1.216189 -1.882158
1.249159 -1.901409
-5.094651 1.226287
2.495311 1.868619
0.514614 -2.690061
3.659383 -1.138927
4.570174 -2.058406
4.605275 -2.067505
0.291752 -2.512035
1.047971 -1.472839
0.961660 0.898631
0.254212 -1.418002
3.669097 -1.142987
4.565046 -2.050493
2.781052 1.144920
2.639455 1.542520
2.614933 1.534371
0.531204 -2.691374
3.102471 -0.620336
0.576763 -0.187994
0.588100 -0.182959
0.972540 0.890817
-3.112931 0.553786
0.819062 -1.816606
0.560099 -0.207350
2.581785 0.691001
2.571814 0.672442
2.655797 0.618050
1.141475 -2.945744
2.595928 1.890406
2.617275 1.895914
-0.969968 -2.597403
0.676094 0.899943
2.784928 3.872260
-2.218482 -1.719393
-0.126423 -2.192808
-0.096911 -2.223865
-0.106889 -2.199157
-0.108713 -2.188658
1.132618 -2.931777
1.127337 -2.922901
4.566579 -2.027781
4.585201 -2.032214
-0.103184 -0.127600
2.602818 1.338261
0.206007 -1.013553
-0.486735 -0.164380
2.611610 1.349821
0.997315 -5.674844
-0.901933 -1.681974
-0.900204 -1.673423
-0.899563 -1.668486
-0.727698 -1.756680
-0.746275 -1.738223
-4.701530 0.739002
0.898526 0.846244
3.891697 -1.995795
-0.319147 -2.959098
-0.302492 -2.940514
-0.220795 -0.471760
1.050626 -1.258194
3.931172 -1.995031
3.941808 -1.995225
2.575684 1.359618
0.977405 -2.782446
0.976847 -2.791202
0.851723 0.808419
2.937704 1.183726
2.653056 1.522577
2.767559 1.053451
2.749940 0.917109
2.761740 1.159980
2.726427 1.073180
2.739928 1.075317
2.784574 1.152871
-1.205952 -2.007724
-1.186485 -2.003414
0.980605 0.890557
1.287400 0.308082
1.311925 0.317090
-0.481522 -0.182054
-1.184473 -4.080897
2.501293 1.862002
-1.933186 -3.237749
1.372187 -4.565194
1.375325 -4.579971
1.384060 -4.893385
1.376850 -4.912418
0.986330 0.895891
0.513118 -0.544842
0.589699 -0.290416
0.527789 -0.368489
0.532211 -0.346487
1.388646 -4.895820
-0.864017 -3.016965
-0.863675 -3.007469
1.377779 -4.907648
1.387020 -4.894641
-0.860332 -3.021564
0.956267 0.889346
0.859653 -0.606609
0.869865 -0.595854
1.371400 -4.921520
-0.028280 -1.223993
-0.143903 -2.800067
-0.133941 -2.798305
2.351349 -1.713559
-0.312768 0.968725
0.557357 -0.277200
3.018401 1.203407
0.976372 0.919766
3.056499 1.211649
3.029257 1.211896
0.983450 -2.770201
0.973781 -2.756196
-1.917033 -3.226868
-1.941770 -3.248067
2.342621 0.531523
3.675343 -4.050285
3.699115 -4.057177
2.385612 0.683013
0.990840 0.894517
-0.090075 -2.228687
0.500205 -2.674003
4.436422 -2.031505
0.535859 -2.727426
0.539990 -2.738321
4.427694 -2.021303
4.431596 -2.016003
0.361685 -1.111672
1.339867 -4.306555
-0.986588 -4.326925
0.979480 0.921674
1.691350 -0.340742
1.739184 -0.358575
4.255857 -2.017308
3.907450 -1.996121
-1.914983 -1.284173
-1.910427 -1.293377
-1.491718 -0.878226
4.583161 -2.031755
-1.915803 -1.284651
-1.919773 -1.286726
0.991324 0.916010
0.407748 -0.180848
-1.908520 -1.284343
-1.914177 -1.289350
-1.916922 -1.285278
-1.063716 -3.479143
-1.913825 -1.288371
-5.092052 1.222305
-0.573599 -1.835705
-0.588864 -1.837944
1.434842 0.209225
1.000362 0.891980
0.965861 0.912668
0.947288 0.863529
0.625219 -1.541219
1.935236 1.240467
1.929569 1.248542
-2.338192 -1.815448
1.165107 -2.983209
1.168952 -2.991858
1.173841 -2.989199
1.167379 -2.986339
-0.991277 -0.632699
-4.708944 0.736667
0.957492 0.870060
-1.271752 2.787024
0.859346 -2.024417
-0.962097 -4.327948
-1.629718 -1.802242
2.339597 0.524923
4.451067 -2.029695
2.497861 1.960375
2.478100 1.875540
2.769279 1.169129
-0.592328 -3.628802
0.927788 0.865604
0.535089 -0.365237
0.615674 -1.526688
-0.877644 -4.254016
2.769164 0.614678
0.641449 -1.539216
1.344641 -4.311919
-2.231876 -1.702041
0.904842 -5.487066
0.050014 -2.747297
0.034479 -2.822906
0.968859 0.900112
0.051150 -2.895342
1.418975 -4.808208
0.540159 -0.383590
0.531907 -0.374861
1.009793 -1.662993
3.754118 -2.215482
3.682507 -1.146642
0.032589 -2.904366
0.025850 -2.911839
1.310992 -0.595286
0.973131 0.916454
-0.615303 -1.115935
-1.159002 -2.041162
-1.153571 -2.047350
-1.068771 -4.438312
-1.057884 -4.389194
-1.180383 2.815033
-1.200789 2.827002
-1.198223 2.832458
0.344235 -1.062502
-1.447657 -1.467816
0.979866 0.918883
2.500051 1.848693
3.074660 1.212319
-0.054531 -1.713722
-2.232001 -1.737427
-2.198386 -1.724114
-2.220310 -1.704338
-2.224905 -1.708612
-2.215948 -1.721594
-2.201656 -1.704718
-2.211434 -1.716550
0.924259 0.941772
-2.214606 -1.718493
-2.220670 -1.717345
-2.219272 -1.717756
-1.665048 -1.615083
-1.662261 -1.614581
-2.210613 -1.721089
-2.225721 -1.710584
-2.221699 -1.708613
-2.235626 -1.707677
-2.237097 -1.714764
0.967299 0.907237
-2.210968 -1.717795
-2.228988 -1.722264
-2.200364 -1.738977
-2.212860 -1.718138
-1.178146 -1.808857
-1.162454 -2.539675
-1.167889 -2.551009
-1.191273 -2.545255
-1.179474 -2.556208
-1.178647 -2.561303
0.974875 0.888953
-1.189661 -2.553075
-1.195181 -2.540348
-1.197090 -2.580850
-1.190068 -2.561848
-1.182710 -2.548501
-1.169404 -2.557882
-1.215848 -2.561667
-1.235295 -2.555757
-1.157825 -2.558663
-0.610705 -1.313084
0.940358 0.948905
-0.605043 -1.300032
-0.310363 -2.903515
-0.319516 -2.917110
1.001166 -1.516875
-2.609848 -1.689725
-2.616447 -1.691851
2.372042 0.702292
2.349880 0.513049
2.363957 0.498965
3.734794 1.641631
1.161070 1.273242
-1.895293 -3.209451
-1.896504 -3.206213
0.056487 -2.739411
0.282223 -2.710728
4.075837 0.298005
-0.309427 -2.599511
1.705449 -0.347781
3.334618 -0.801491
0.995645 -2.712900
0.997388 -2.717943
-4.700571 0.744690
1.168777 1.288803
-0.180149 -1.734441
2.644813 0.733488
2.636554 0.731988
2.674054 0.791118
2.350713 0.530850
2.363109 0.538889
2.320753 0.510141
2.361516 0.537226
2.346509 0.526555
2.349087 0.526519
1.177918 1.287959
2.342016 0.517080
2.290124 0.506136
1.132066 -2.931510
4.547369 -2.038842
4.020560 0.320899
0.504494 -0.293765
0.491553 -2.860415
0.492405 -2.875874
0.496835 -2.853359
-0.895925 -1.663933
1.167359 1.280729
-1.595122 -0.850578
3.025513 1.200825
3.031765 1.205381
3.038348 1.205216
3.107720 -1.946072
0.406461 -1.904869
-0.805148 -2.805022
-0.787874 -2.798793
0.498282 -2.663659
-1.803542 -1.944688
1.164509 1.282147
-1.796929 -1.940163
-1.811747 -1.959773
-1.677167 -1.849642
-1.824354 -1.955054
-1.818731 -1.956212
2.338997 0.508793
2.335948 0.500666
2.333182 0.487313
2.328599 0.503629
0.046021 -2.914854
1.170846 1.294066
0.873216 0.768024
0.075527 -2.943632
0.136859 -2.619596
-0.188622 -1.759498
2.071757 -1.618636
1.175250 1.286781
2.319624 0.555358
4.121008 0.267783
4.081986 0.297320
2.605853 1.344536
1.173705 1.296060
2.592980 1.355828
1.008144 -5.668661
-3.038298 -3.296569
-0.116600 -2.189315
0.819873 -1.202988
-0.865845 -3.000111
-0.863539 -3.004470
2.495425 1.864288
4.603893 -2.013216
0.989961 0.907488
1.178321 1.289042
0.369711 -1.950320
0.550638 -2.734145
-1.865543 -3.181231
-0.333328 -2.966870
0.627137 -2.814388
4.467023 -2.031461
0.902324 -5.479628
2.694947 0.709271
2.701256 0.708194
2.498472 1.823909
1.166774 1.277730
2.343609 0.526829
2.322474 0.526062
2.434779 0.681904
-0.303398 -2.590678
-2.584822 -1.679745
3.789915 -1.039635
4.377121 -1.107679
4.375297 -1.131098
0.351184 -1.101435
0.362005 -1.119223
1.166501 1.292855
0.347471 -1.109684
0.370954 -1.122529
0.362602 -1.128138
1.130041 -2.935327
1.518447 -4.950927
-1.054437 -4.198588
-1.026327 -4.167866
2.508739 1.848435
2.500876 1.848189
2.467591 1.882072
1.167718 1.282340
2.500294 1.853926
2.491913 1.856597
2.495090 1.859027
2.493299 1.850937
2.545292 1.875650
2.491175 1.856956
2.497331 1.852147
2.962924 4.471126
-0.477172 -1.938250
-0.492946 -1.942021
-4.696600 0.754083
1.172766 1.299883
-0.472594 -1.926311
4.580801 -2.032542
2.659598 1.512192
-2.581567 -1.701288
-2.577145 -1.700520
-0.135641 -2.660748
1.371428 -4.886999
2.717453 1.165307
1.317101 -4.356471
4.586461 -2.065580
1.181214 1.304481
2.955275 4.492084
0.502105 -2.677368
0.491418 -2.677906
1.430315 -4.779086
-0.776708 -2.657722
-0.793133 -2.648883
-0.331096 -2.588582
-1.334484 -3.168665
0.178087 -1.862433
2.504068 1.889863
1.171422 1.287003
1.684995 0.199036
2.505228 1.859312
0.179017 2.000744
2.340299 1.761608
2.032930 1.399515
2.039633 1.418967
0.847766 0.789488
1.420382 -4.785410
1.421495 -4.791719
1.419849 -4.793232
1.167748 1.279949
1.426304 -4.798579
1.429403 -4.779612
1.431461 -4.772659
1.403506 -4.808770
-1.476973 -0.881962
2.615272 1.501309
-3.132410 0.314797
1.425100 -4.787657
0.262776 0.462175
3.911488 -1.996676
0.974485 0.919654
3.940584 -1.997859
2.079977 -1.622673
2.096084 -1.623594
-2.232148 -1.741487
-1.063556 -4.204206
0.375569 -1.947997
-1.442448 3.203805
3.024675 1.197057
-1.892638 2.105749
2.758628 0.937288
0.975186 0.908535
2.757762 0.910397
2.764652 0.928126
-1.916712 -1.277605
-1.682004 3.851690
-0.448083 -1.708561
1.686503 0.216938
1.519222 -4.960816
1.537156 -4.980192
4.004186 -0.809434
1.706970 -0.349921
0.956874 0.896454
2.342498 0.521245
3.684205 -1.135647
3.681404 -1.153889
3.684534 -1.135652
0.624681 -0.253569
-3.058240 -3.299315
-3.022160 -3.295381
1.104911 -1.464070
0.018100 -1.245665
-0.001132 -1.253809
0.931173 0.877183
0.485441 -2.890737
4.586811 -2.031432
4.562222 -2.054143
-1.074499 -3.436994
-1.063776 -3.438923
-1.069278 -3.433881
-1.068564 -3.428394
0.501579 -2.681279
-1.818696 -1.953556
4.598202 -2.032624
0.980925 0.903908
-0.471478 -2.880574
-0.480771 -2.884194
1.015599 -1.268688
2.331732 1.725010
2.336315 1.748407
-1.947104 -3.249501
0.052939 -2.922344
-1.885680 -3.196142
-1.871418 -3.185557
0.533231 -2.709693
0.870793 -0.052551
-0.619472 -1.299486
-0.611889 -1.303620
2.904221 -0.770833
2.875162 -0.808578
2.882346 -0.806361
2.908670 -0.760906
2.877327 -0.817317
1.358139 -0.233997
2.359956 0.512962
-2.586235 -1.687240
-4.691743 0.734925
0.885048 0.218140
2.493057 1.857708
0.598545 -1.113855
4.012798 -0.802799
1.332883 -1.354098
1.337075 -1.309372
0.977297 -2.713202
0.996864 -2.710637
0.974389 -2.716684
0.119835 -1.917636
-2.611026 -1.684826
0.964579 0.903167
0.629411 -2.815806
0.638885 -2.814443
0.638428 -2.814985
0.630788 -2.817991
2.340299 0.527424
1.760180 -0.373261
0.519953 -2.698397
-1.607054 -1.443987
0.647023 -3.532251
2.420452 1.945154
0.992514 0.957061
3.171599 -1.449094
3.167773 -1.437641
-0.460737 -1.703148
-0.459995 -1.706665
-1.462906 -1.468752
3.664981 -2.812867
3.662477 -2.795902
3.668070 -2.801245
0.488764 -2.877801
-0.304297 -2.934924
0.890251 0.789984
-0.591822 -2.640669
2.463664 1.903204
2.092883 -1.620314
3.073275 1.213524
0.010520 -1.047983
0.005895 -1.071295
1.426329 -4.796687
2.554196 1.372737
2.578485 1.362120
2.589612 1.340957
0.971370 0.918634
2.578602 1.361548
3.168223 3.463328
0.978066 -2.765078
-0.841202 -0.841577
-0.819109 -0.829357
-0.844109 -0.805356
-0.826233 -0.828684
-0.840648 -0.840453
-0.854871 -0.841415
-0.836279 -0.830874
0.975948 0.911283
-0.851375 -0.830109
0.971592 -1.509427
1.007850 -1.462621
1.000196 -1.466121
0.970826 -1.468947
-0.276500 -1.559484
-1.897268 -3.212519
-1.896293 -3.210161
0.791613 -1.247027
0.798128 -1.213615
0.979677 0.896595
-0.473549 -1.936913
-0.471798 -1.928200
-0.476934 -1.922537
-0.988842 1.210485
0.372285 -1.952325
0.386510 -1.916731
3.683222 1.700634
3.728584 1.686210
3.752099 1.698221
3.695014 1.710011
0.953802 0.892826
3.739972 1.698939
3.735550 1.682872
3.724329 1.677462
0.299424 -1.655102
-1.247593 -1.697694
-1.261104 -1.688441
-1.230112 -1.702315
-1.252279 -1.671784
-1.258770 -1.710847
-1.250888 -1.717920
0.963553 0.924551
-1.189479 -1.706822
-1.269633 -1.690398
-1.286378 -1.699048
-1.225181 -1.689206
-1.261245 -1.697704
-1.336160 -3.167674
-1.323727 -3.160296
1.924890 -1.576674
-1.705625 3.878982
-1.701746 3.874173
0.964858 0.899946
-1.612786 -1.800480
-1.648377 -1.801635
-1.601144 -1.794433
0.936643 -1.977274
0.344788 -1.114172
1.509471 -4.900597
2.406559 0.472911
2.424607 0.463645
2.419571 0.486433
0.736183 -1.076023
-4.686198 0.740453
0.985074 0.920520
0.732563 -1.053061
0.756999 -1.098448
0.727647 -1.045093
0.738544 -1.077582
0.742130 -1.273008
0.788839 -1.285056
2.355663 -1.713245
3.769547 1.705765
2.422703 1.948631
-1.043837 -0.614357
0.971829 0.914906
2.442833 0.690554
2.430269 0.682556
2.440409 0.694112
-1.343423 -3.167535
0.434131 -2.414293
0.455474 -2.410474
0.441695 -2.414479
-1.484387 -0.877642
-1.485355 -0.870948
-1.488196 -0.886040
0.937516 0.880055
-1.484476 -0.885134
-1.501182 -0.861484
2.810204 0.615449
2.809934 0.612140
-3.132136 0.331430
-3.129496 0.310716
-2.593072 -1.688133
-0.594148 -2.476029
-0.891367 -0.498257
-0.443745 -1.715128
0.971833 0.900247
-0.442409 -1.707949
-1.293809 3.167537
-2.647563 -1.684800
0.667314 -1.443942
0.694548 -1.473126
2.918266 -0.774136
2.928663 -0.770817
2.935390 -0.801239
2.899278 -0.801047
2.945046 -0.780651
1.847606 1.072176
2.923449 -0.767219
2.909855 -0.756131
2.943688 -0.765524
2.935019 -0.766145
2.917848 -0.783901
2.909302 -0.788359
1.368303 -0.148640
1.311332 -0.603537
0.743596 -1.049547
0.375806 -1.962315
1.834907 1.086908
1.144531 -0.997185
1.128709 -1.028779
1.113476 -1.040166
1.145423 -1.009589
1.149713 -1.014396
1.138115 -0.976992
1.133369 -1.014295
1.138625 -0.996402
1.139087 -1.022087
1.121049 -1.011476
2.129728 0.839301
1.130711 -1.025424
1.118845 -1.011212
1.116251 -0.981438
1.131648 -1.026267
1.144591 -1.045489
1.101049 -0.992889
1.113536 -1.046807
2.770755 0.617503
0.004525 -1.683319
-1.116428 -1.693861
2.312184 0.692397
-1.704366 3.875941
-1.700016 3.877004
-0.821318 -2.745761
0.279280 -2.511839
0.302299 -2.502361
1.840884 1.077598
1.824344 1.083693
-4.706151 0.731658
1.841134 1.079216
1.830166 1.077215
1.842860 1.083555
1.831446 1.075051
1.825707 1.075945
1.838823 1.087984
1.828350 1.079041
1.838735 1.081516
1.830993 1.079771
1.838177 1.046498
-4.701461 0.737958
1.829577 1.076115
1.821814 1.065723
1.835657 1.083773
1.828051 1.081648
1.814520 1.061174
1.817945 1.074919
1.831216 1.080267
1.847631 1.076755
-0.846576 -0.844367
-0.827516 -0.855721
-4.702313 0.736685
-0.835616 -0.873553
-0.824656 -0.842545
-0.844884 -0.828083
-1.387327 -0.140320
-1.014972 -0.629506
-1.037337 -0.624385
-0.947398 -0.710569
-0.952389 -0.719677
-0.996008 -0.696899
-1.016354 -0.690238
-4.670860 0.760296
-1.016329 -0.705202
-1.014738 -0.671980
-1.025027 -0.677779
-1.027992 -0.607584
-1.009388 -0.625371
-0.896887 -0.538144
-0.584674 -0.398308
-1.013391 -0.980460
-1.064203 -0.957973
-1.016325 -0.976497
-4.875741 0.695205
-1.018050 -0.979834
-0.843104 -0.835889
-0.560897 -0.555657
-0.476677 -0.487750
-0.842458 -0.847555
-0.844276 -0.852453
-0.844508 -0.826914
-0.834221 -0.833306
-0.822107 -0.841436
-0.840915 -0.832439
0.996804 -1.464065
-5.009251 1.041443
3.192341 3.897053
3.110820 3.810371
3.309023 3.853485
3.048573 4.101663
3.134802 3.725374
3.287364 3.972749
3.190113 4.008281
3.201023 4.028677
3.289606 3.969988
3.152529 3.712847
-4.991477 1.021292
3.210424 3.723583
3.192098 3.714662
3.260736 3.967709
3.007039 3.916084
3.047884 4.009877
3.211196 3.908066
3.097389 3.778031
3.045882 3.960718
3.229059 3.867509
3.309692 4.115454
-4.992535 1.046522
3.249848 3.772835
3.168400 4.037082
3.088537 3.879196
3.247689 3.824394
3.100367 3.860268
3.111594 3.988022
3.170722 3.865485
3.303645 4.018734
3.209527 3.932005
3.299885 3.851105
-5.006645 1.051240
3.263177 3.908747
2.970475 3.878956
3.202941 4.029109
3.141195 3.906501
3.200778 3.969312
3.207122 3.824008
3.229227 3.926675
3.101833 3.871994
3.061048 3.744716
3.220514 3.791985
-5.001159 1.034149
3.292037 3.843241
3.153560 3.774948
3.246034 3.928487
3.222084 3.805689
3.032338 3.790167
3.216650 4.030447
3.256222 3.868998
3.322280 4.019906
3.252074 3.874687
3.272123 3.863569
-5.002608 1.037125
2.991067 3.878706
3.107821 3.977649
3.160465 3.973194
3.024951 3.752131
3.131861 3.889228
3.058679 3.880632
3.086034 3.936368
3.140987 3.870305
3.205525 4.048604
3.256000 3.892350
-5.001305 1.042171
3.354401 3.834781
3.284225 3.930423
3.148952 3.894687
3.076848 3.763863
3.184306 3.962712
3.131281 3.953574
3.099127 3.755325
3.124928 3.940354
3.120555 3.764404
3.370162 3.895943
-5.001698 1.045731
3.280620 3.784621
3.161590 4.003239
3.042160 4.012471
3.337938 3.912833
3.282934 3.847712
3.167990 4.028932
3.298454 3.923246
3.147979 3.776161
3.200265 3.831430
3.232158 4.086186
-5.147539 0.524836
3.051238 3.869192
3.226246 3.875610
3.258932 3.959527
3.292727 3.877430
3.298651 3.827736
3.284467 4.026069
3.277314 3.993151
3.307805 3.897217
3.143207 3.903753
3.145090 4.058225
-5.168993 0.515290
3.256654 3.763537
3.186570 3.810848
3.153102 3.993346
3.149043 4.110435
3.226441 3.746865
3.100201 3.919509
3.192996 3.914073
3.174292 3.776272
3.071661 3.814262
3.151049 4.022905
0.920050 -5.497297
-4.991917 1.056054
3.201472 3.992400
3.297166 3.757681
3.190076 3.913072
3.247879 3.868846
3.062419 3.769477
3.241222 4.049155
3.263842 3.960758
3.050378 4.018370
3.172297 4.044472
3.334409 3.914450
-5.015613 1.064984
3.085948 3.819135
3.289805 3.934610
3.321091 4.011174
3.194637 3.962119
3.119661 3.793501
3.310531 3.860618
3.113963 3.811810
3.202494 4.011835
3.157718 3.784340
3.272573 3.816903
-5.005676 1.052053
3.183736 3.870625
3.168873 3.732552
3.066880 3.913866
3.135235 3.947696
3.264622 3.772922
3.152164 3.976636
3.104218 3.967739
3.245615 3.971479
3.029111 3.906646
3.067541 3.810521
-4.995844 1.038902
3.259558 3.830544
3.177327 3.764650
3.269465 3.828408
3.122246 3.998040
3.368176 3.829589
3.186608 4.056517
3.018355 3.882415
3.292525 4.027226
3.339770 4.000663
3.125142 3.887449
-5.018246 1.066018
3.078984 3.785333
3.115910 3.997148
3.235773 3.829841
3.126777 3.818235
3.185792 3.864495
3.141169 3.862613
3.251837 3.808673
3.227792 3.974858
3.328191 3.842395
3.152493 4.075559
-5.006289 1.046578
3.279154 3.795681
3.305827 3.929132
3.021217 3.919226
3.234915 3.985595
3.304286 4.004944
3.259251 3.936268
3.090185 3.932028
3.270515 3.963907
3.059932 3.791267
3.005309 4.013428
-4.975240 1.040678
3.181684 3.987910
3.220433 3.856200
3.042882 4.010714
3.149107 4.003048
3.091094 3.789237
3.237098 3.809048
3.163091 3.958528
3.275122 3.934420
3.187678 3.825931
3.311152 3.994243
-4.997837 1.036950
3.217793 3.866916
3.153958 3.870001
3.251292 4.070190
3.360536 3.912759
3.085161 3.864973
3.255161 3.824845
3.119009 3.870993
3.246572 3.811420
3.113218 3.975322
3.230700 4.024284
-5.004627 1.049472
3.090176 3.880996
3.035712 4.014858
2.965050 3.933068
3.206581 3.808969
3.147565 3.972150
3.237993 3.986909
3.156075 3.862715
3.138359 3.859743
3.228168 3.847202
3.103319 3.962757
-5.001279 1.050770
3.213046 4.005409
3.265753 3.890481
3.173632 4.057188
3.209218 3.944524
3.024176 3.991567
3.204168 3.988453
3.240782 3.964949
3.296056 3.840399
3.302980 3.922512
3.370681 3.920501
0.941047 -5.509272
-5.015265 1.063843
3.100302 3.807601
3.198936 3.802959
3.122622 3.897289
3.149962 3.935418
3.339264 3.968830
3.133506 3.853310
3.168447 4.052495
3.200553 3.998932
3.314878 4.019588
3.210709 3.781571
-5.044448 1.134392
3.204956 3.790084
3.081314 3.815424
3.297853 3.988174
3.115733 4.012717
3.303479 3.890742
3.274228 3.792183
3.060981 3.726454
3.154493 4.004549
3.176942 3.908686
3.150484 3.904953
-5.084056 1.207402
3.192628 3.932232
3.277303 4.014251
3.155434 3.888247
3.363688 3.739319
3.191715 3.851804
3.327677 3.906658
3.170048 4.062856
3.076964 3.836648
3.276607 3.935870
3.184915 3.912848
-5.024961 1.041880
3.340377 3.945598
3.072142 3.881161
3.272890 3.782153
3.175764 3.979874
3.131623 3.923591
3.355998 3.879348
3.317248 3.903211
3.266143 3.798194
3.239918 3.859369
3.126026 3.853987
-5.023619 1.046560
3.270755 4.038022
3.241697 4.097659
3.224995 3.835801
3.076164 3.916739
3.293270 3.730202
3.292346 3.931036
3.086979 3.953795
3.275057 3.778504
3.131636 3.882132
3.120068 3.868315
-5.006225 1.052480
3.088875 4.023507
3.220705 3.762915
3.278747 3.893950
3.146146 3.944657
3.261984 4.113932
3.263953 3.993248
3.054982 3.954684
3.215562 3.785081
3.218081 3.961906
3.075744 3.776319
-5.150360 0.526367
3.222880 3.841602
3.289434 3.816662
3.137694 4.088070
3.140582 3.678346
3.239275 3.944532
3.242798 3.893052
3.276626 3.906195
3.126778 3.954107
3.028388 3.822604
3.298396 4.021060
-5.158633 0.514476
3.132959 3.900819
3.024880 3.929017
3.116264 3.945995
3.266464 3.858693
3.321168 3.712937
3.194336 3.836026
3.153716 3.886454
3.208415 4.054073
3.099784 3.854644
3.065479 3.723435
-5.153373 0.523081
3.319098 4.042529
3.002422 4.005088
3.087421 3.809724
3.144170 3.956784
3.321259 3.832407
3.121944 3.714732
3.134390 3.990455
3.157653 3.808709
3.339309 3.979209
3.229772 3.875465
-5.154859 0.522334
3.335757 3.856750
3.276211 3.823629
3.133889 3.772464
3.106884 3.808850
3.174692 3.881024
3.296630 3.926042
3.257218 3.783746
3.092341 3.905232
3.232974 3.980251
3.116843 3.816111
0.768744 -1.252153
-5.153314 0.519259
3.081629 3.906611
3.251336 4.004757
3.089353 3.807603
3.230908 3.973568
3.117842 3.699343
3.148859 4.066139
3.205295 3.998718
3.302499 3.918097
3.065248 3.993440
3.202539 4.008532
-5.150224 0.529837
3.151806 3.852983
3.288570 3.768948
3.175150 3.940095
3.150092 3.789564
3.193221 3.877159
3.288632 3.927239
3.059460 3.923107
3.110410 3.803674
3.035262 3.913424
3.173229 3.817096
-5.155515 0.519743
3.257404 3.979460
3.304778 3.770190
3.159838 3.862972
3.178440 3.841630
3.276031 3.829050
3.084225 3.844114
3.034080 3.853537
3.423324 3.933223
3.219822 3.784329
3.133886 4.026242
-5.155886 0.522468
3.130933 4.030635
3.154902 3.851911
3.229523 3.900207
3.142509 3.904702
3.305102 3.987442
3.278003 3.810036
3.345386 3.778134
3.143529 4.014479
3.275997 4.024312
3.162867 4.053779
-5.156682 0.519873
3.137811 4.017808
2.985910 3.950503
3.220731 3.867386
3.251601 3.767638
3.022918 3.816441
3.059469 3.699207
3.327868 3.775233
3.305264 3.897949
3.300790 3.820444
3.132209 4.093749
-5.154803 0.519937
3.357625 3.978031
3.161676 4.036309
3.070840 3.964427
3.061184 3.974054
3.164787 3.914358
3.165283 3.792588
3.181396 3.956337
3.137067 3.786171
3.261646 3.842374
3.323477 3.925658
-5.148732 0.530089
3.183338 3.841083
3.168950 3.859582
3.060236 4.050262
3.331940 3.949795
3.301854 3.843868
3.223005 3.971732
3.276484 3.806647
3.086387 4.052237
3.036216 3.864079
3.111267 3.922984
-5.166260 0.518717
3.326194 4.034964
3.234326 3.982769
3.003128 3.708811
3.122880 4.026030
3.250997 3.958386
3.098375 4.040555
3.233468 3.802054
3.232093 4.041059
3.305258 3.893055
3.254299 4.039314
-4.883127 0.678443
3.143294 3.739522
3.370391 3.917171
3.234975 3.886191
3.165766 3.780891
3.058377 3.962186
3.135536 3.856931
3.292036 3.992041
3.192956 3.982678
3.022953 3.803500
3.125551 4.079593
-4.884329 0.660772
3.048890 3.780985
3.205138 3.907072
3.322385 3.746084
3.342510 3.876489
3.223029 4.024941
3.267919 4.085033
3.303123 3.946909
3.158993 3.795893
3.251687 3.799948
3.230566 3.871152
-0.280243 -0.305297
-4.901825 0.641167
3.133506 3.996610
3.097506 3.861181
3.277859 4.098855
3.274662 4.044564
3.102388 3.963986
3.376437 3.946338
3.279002 4.005414
3.299159 3.915840
3.172965 3.780817
3.334224 3.826585
-4.873407 0.676477
3.013438 3.796158
3.262012 3.950504
3.211291 3.777414
3.449985 3.829964
3.200022 3.855315
3.102405 3.790617
3.159957 3.932191
3.110748 4.034434
3.100391 3.814847
3.175746 3.869584
-0.522837 4.925059
3.085105 3.911859
3.223610 3.858585
3.158182 3.956679
3.162460 4.049832
3.281948 3.776803
3.059300 3.764577
3.142217 3.806254
3.314695 3.928982
3.111776 3.819635
3.211110 4.020673
-0.515896 4.930667
3.256304 3.912424
3.062126 3.760162
3.067645 3.875450
3.176284 3.749878
3.257056 3.836057
3.210229 3.724485
3.110414 3.806367
3.722487 1.679293
3.274006 3.480040
3.274469 3.768095
-0.518940 4.940964
3.260279 3.768599
3.247403 3.958796
3.264166 3.988848
3.275519 3.944308
3.070868 4.023138
3.272734 3.789713
3.314955 3.986627
3.115056 3.968363
3.218018 3.777592
3.056757 4.045411
-0.522467 4.955126
3.044268 3.736857
3.282456 3.951613
3.229187 3.941998
3.090051 3.911436
3.192358 3.676009
3.112783 3.806457
3.230366 3.909465
3.158553 3.811758
3.212572 3.768143
3.277689 3.956953
-0.507862 4.932145
3.219671 3.779398
3.206196 3.945229
3.065451 3.688983
3.232628 3.973128
3.313022 4.012829
3.288918 3.976013
3.292824 3.922448
3.296311 3.905701
3.129146 3.739251
3.215692 3.970857
-0.545843 4.973840
3.166798 4.078432
3.143553 3.902143
3.226691 4.080458
2.997525 3.811682
3.115259 3.988913
3.099129 3.801018
3.117001 3.949717
3.172546 4.052864
3.204510 3.724947
3.101114 4.017546
-0.956194 3.995310
3.355026 4.016319
3.141340 3.984777
3.178804 3.953733
3.331717 3.810672
3.254119 3.817037
3.066687 3.833532
3.158531 3.791971
3.252017 4.107293
3.226047 3.681879
3.231508 3.865286
-0.805557 4.272920
3.105251 4.019157
3.133468 3.972534
3.113612 3.809050
3.155595 3.861121
3.086771 4.043828
3.138503 3.640362
3.300074 3.766047
3.095923 4.009834
3.295631 3.871218
3.198076 3.801387
