4475 2
-0.664648 -0.061052
-1.412864 0.963139
-0.903620 0.235171
1.790491 -4.475749
1.101088 4.549135
1.043809 4.617847
1.120587 4.610341
1.223484 4.586317
1.375414 4.418163
1.269190 4.557762
1.104093 4.454902
1.297036 4.546579
1.246841 4.390861
1.291792 4.419081
1.776957 -4.465863
1.162938 4.636554
1.187044 4.478349
1.282432 4.408556
1.175584 4.670110
1.225286 4.435208
1.331875 4.607646
1.130013 4.420966
1.357581 4.540888
1.368864 4.440738
1.156461 4.627555
1.788804 -4.475155
1.097783 4.514622
1.304927 4.447622
1.343126 4.393135
1.103887 4.565560
1.020758 3.950101
1.126458 4.520422
1.373177 4.578263
1.199986 4.521749
1.235940 4.513263
1.067084 4.507380
1.776238 -4.461876
1.280664 4.713051
1.413385 4.595672
1.221221 4.501829
1.357061 4.693095
1.116472 4.618974
1.175890 4.463960
1.156964 4.427895
1.015563 4.460244
1.064363 4.466936
1.274841 4.515993
1.803024 -4.493761
1.347935 4.618231
1.367063 4.398688
1.078673 4.385303
1.279121 4.485965
1.387347 4.591613
1.298961 4.552643
1.224216 4.445111
1.178457 4.769078
1.201701 4.741549
1.020277 4.673677
1.797981 -4.480215
-1.178416 0.038212
-1.163085 0.034298
-1.177370 0.071995
-1.145819 0.060130
-1.211795 0.108260
-1.152059 0.022442
-1.285519 -0.185623
-1.070894 0.123794
-1.149153 0.027895
-1.169463 0.027960
1.761932 -4.449733
-1.164267 0.005516
-1.155351 0.046466
-1.175498 0.029945
-1.096673 -0.038274
-0.895621 0.235052
-0.887443 0.248420
-0.905504 0.238137
-0.885181 0.263913
-1.150028 0.031748
-2.174546 0.062173
1.801525 -4.489523
-0.887864 0.235767
-0.895613 0.217223
-0.956961 0.140655
-0.884536 0.221848
-0.880048 0.247559
-0.880789 0.242336
-0.896133 0.249441
-0.877059 0.247665
-0.989466 0.315090
-1.029243 0.401723
1.778160 -4.460454
0.008966 1.967489
-0.670358 0.690867
2.861635 -2.838485
2.863756 -2.847276
2.863174 -2.851411
2.849199 -2.816199
2.867209 -2.832996
2.863845 -2.835148
2.871867 -2.828933
2.852674 -2.846827
1.777174 -4.461607
2.863644 -2.823706
2.856281 -2.814669
2.864944 -2.848302
2.870350 -2.833895
2.805189 -2.804966
2.868347 -2.842113
2.866126 -2.842827
2.853741 -2.819312
2.766781 -3.103971
2.758709 -3.113226
-0.903935 0.242005
1.787952 -4.474351
2.757412 -3.108984
2.753578 -3.109164
2.763047 -3.105977
2.763690 -3.102150
2.749626 -3.125742
2.759589 -3.106205
2.749656 -3.116750
2.757692 -3.114081
2.755880 -3.117432
2.754409 -3.114838
1.777917 -4.461587
2.760979 -3.117376
2.786534 -3.085549
2.746315 -3.126954
3.003172 -2.704419
3.009160 -2.691342
3.009990 -2.681257
3.006538 -2.687240
3.007544 -2.686512
3.025103 -2.677191
2.988627 -2.668366
1.787544 -4.475885
3.035506 -2.663608
3.009605 -2.691654
3.001807 -2.701869
3.007359 -2.690421
2.988700 -2.690450
2.993303 -2.681869
3.341524 -3.622411
3.325594 -3.601171
3.345182 -3.617320
3.351491 -3.631922
1.815147 -4.501771
3.339466 -3.616107
3.362824 -3.632150
3.342734 -3.616210
3.340118 -3.622022
3.349917 -3.631306
3.294433 -3.574593
3.293279 -3.572005
3.332700 -3.607845
3.324568 -3.609335
3.325393 -3.605425
1.819451 -4.499659
3.336101 -3.599200
3.333027 -3.576526
3.375967 -3.656937
3.323842 -3.605318
3.353561 -3.631885
3.318335 -3.600039
3.326222 -3.603647
3.352814 -3.636433
3.310374 -3.598370
3.347883 -3.630130
1.825052 -4.504241
3.333945 -3.614567
3.348011 -3.629960
3.335986 -3.613827
3.377065 -3.666234
3.340686 -3.618334
3.363623 -3.644185
3.343776 -3.621266
3.307463 -3.595630
3.321635 -3.611931
3.343671 -3.624295
1.822266 -4.501707
3.370605 -3.651956
3.369780 -3.652307
3.348840 -3.626139
3.302938 -3.589167
3.356887 -3.648437
3.345071 -3.623485
3.382607 -3.663903
3.338253 -3.621161
3.377934 -3.659692
3.336283 -3.613399
1.795749 -4.487076
3.333218 -3.615103
3.320748 -3.602925
3.335287 -3.616111
3.308957 -3.590376
3.346411 -3.625417
3.289439 -3.567507
3.321364 -3.599963
3.343539 -3.630228
3.345006 -3.624125
2.938369 -2.922919
1.795627 -4.486041
-0.136109 -2.529648
-0.214454 -2.594825
-0.187238 -2.571847
-0.190476 -2.506018
-0.158759 -2.540556
-0.160644 -2.542292
-0.213414 -2.608065
-0.153445 -2.555419
-0.157109 -2.578151
-0.148210 -2.552037
1.783233 -4.472199
-0.175136 -2.549136
-0.247225 -2.525519
-0.213489 -2.512009
-0.162312 -2.535094
-0.192957 -2.547980
-0.145351 -2.577672
-0.200098 -2.622173
-0.153686 -2.547751
-0.201389 -2.614174
-0.176761 -2.526085
-0.554145 0.867420
1.726713 -4.411048
0.272812 -2.388180
3.708209 -0.423852
-0.158867 -2.555247
-0.147064 -2.561749
-0.175223 -2.546009
-0.131567 -2.569918
-0.135401 -2.606641
-0.173920 -2.546095
-0.127145 -2.572908
-0.176473 -2.541512
1.781531 -4.470954
-0.121614 -2.535736
-0.187842 -2.549870
-0.186158 -2.574487
-0.200910 -2.526896
-0.133390 -2.545228
-0.184685 -2.531760
-0.102581 -2.624910
-0.082441 -2.632205
-0.117601 -2.601865
-0.180385 -2.597068
1.788696 -4.474458
-0.161064 -2.589938
-0.155959 -2.567143
-0.159303 -2.548810
-0.191927 -2.578379
-0.161938 -2.551038
-0.114122 -2.601094
-0.167043 -2.563644
-0.171858 -2.533767
-0.150131 -2.499118
-0.099493 -2.496028
1.786778 -4.473337
-0.110614 -2.496955
-0.135097 -2.572042
-0.161193 -2.547151
-0.110777 -2.531337
-0.143567 -2.571016
-0.187943 -2.483177
-0.149316 -2.560836
-0.203125 -2.513050
-0.171088 -2.604128
-0.137116 -2.546560
1.800207 -4.467308
-0.159918 -2.551179
-0.180021 -2.582979
-0.097361 -2.627486
-0.183481 -2.495836
-0.126926 -2.583680
-0.167409 -2.596942
-0.146641 -2.554240
-0.133363 -2.577294
-0.161317 -2.574083
-0.152970 -2.565765
1.795079 -4.471262
-0.180818 -2.609949
-0.159733 -2.562916
-0.141527 -2.552238
-0.460834 -2.621468
-0.733854 -2.226054
-0.181896 -2.566142
-0.154618 -2.554285
-0.128446 -2.531666
-0.111407 -2.527617
-0.146948 -2.555530
1.820260 -4.457446
-0.108311 -2.568331
-0.221714 -2.603341
-0.165160 -2.584244
-0.176176 -2.578564
-0.078343 -2.619478
-0.131218 -2.581545
-0.138855 -2.579368
-0.123450 -2.567038
-0.248190 -2.563668
-0.175505 -2.563409
1.820825 -4.465883
-0.179484 -2.527651
-0.129253 -2.530337
-0.141429 -2.529167
-0.122884 -2.595425
-0.057245 -2.750914
-0.027904 -2.808928
-0.021828 -2.809817
-0.040866 -2.786927
-0.119982 -2.568312
-0.031158 -3.544035
1.789832 -4.466501
0.894303 0.341948
-0.215429 -2.589405
-0.135524 -2.571455
-0.139781 -2.544172
-0.185037 -2.529430
-0.160119 -2.573483
-0.168410 -2.499658
0.358007 -2.764458
0.390253 -2.790076
0.360970 -2.772990
-1.414968 0.951093
0.361996 -2.771819
0.355904 -2.761106
0.386764 -2.789683
0.329172 -2.740566
0.369969 -2.768126
0.363786 -2.765155
0.364152 -2.768699
0.351654 -2.761991
0.357264 -2.763109
0.358602 -2.757632
1.654887 0.199575
-1.466359 0.958398
0.357711 -2.763907
0.362076 -2.773104
0.352200 -2.753884
-0.112995 -2.588633
-0.099763 -2.581299
-0.171491 -2.515085
-0.113420 -2.568689
-0.153274 -2.565183
-0.130868 -2.578061
-0.124052 -2.526864
-1.428168 0.954936
-0.196409 -2.530950
-0.138095 -2.600251
-0.161290 -2.554995
-0.190550 -2.522379
-0.128592 -2.572078
-0.151892 -2.556222
-0.172063 -2.555623
-0.192820 -2.500034
-0.124970 -2.602485
-0.217518 -2.482375
-1.716506 0.919503
-0.156449 -2.584386
-0.200178 -2.494803
-0.170785 -2.574142
-0.185634 -2.576464
-0.112555 -2.543854
-0.188961 -2.551759
-0.162979 -2.559488
-0.124250 -2.549722
-2.565370 -3.263016
-2.839962 -3.277521
-2.194119 0.799123
-2.844562 -3.274246
-2.885244 -3.283343
-2.929108 -3.285888
-2.849718 -3.278643
-2.854930 -3.278523
-2.853332 -3.278016
-2.854603 -3.278638
-2.868812 -3.279418
-1.898058 -2.993346
-2.581364 -3.274677
-0.667367 -0.013090
-2.568918 -3.264810
-2.575801 -3.270213
-2.574181 -3.265615
-2.572231 -3.273052
-2.554395 -3.261513
-2.594465 -3.305011
-2.564714 -3.261317
-2.573122 -3.274623
-2.555519 -3.257508
-2.569391 -3.261240
-1.608377 1.295419
-2.552715 -3.263947
-2.565841 -3.266325
-2.562521 -3.281487
-2.572246 -3.288130
-2.571902 -3.266410
-2.591650 -3.276199
-2.573963 -3.266261
-2.574566 -3.265547
-2.565725 -3.261513
-2.574826 -3.263191
-1.877624 1.884476
-2.557022 -3.247365
-2.573995 -3.271446
-2.574757 -3.271473
-2.542530 -3.238667
-2.567592 -3.267875
-2.563858 -3.264068
-2.585154 -3.278958
-2.586810 -3.256346
-2.541042 -3.269509
-3.479673 0.633132
-1.331631 0.610442
-3.498518 0.602519
-2.530227 -4.997387
-2.542889 -5.010735
-2.588442 -5.061265
-2.574814 -5.064415
-2.621384 -4.927395
-2.572467 -5.014331
-2.570616 -4.974319
-2.588568 -4.995924
-2.535021 -5.045423
-1.203706 0.057623
-2.544161 -4.995582
-2.577646 -4.968980
-2.536583 -5.000755
-2.567941 -5.030931
-2.545998 -4.993292
-2.559896 -5.008865
-2.501637 -4.975215
-2.519960 -5.025554
-2.541557 -4.999613
-2.520000 -4.977759
-0.703497 0.173127
-2.506055 -4.976369
-2.555815 -4.956886
-2.494613 -5.001529
-2.516768 -4.980615
-2.547093 -5.009784
-2.538949 -4.997076
-2.538978 -4.972155
-2.511960 -5.022306
-2.567127 -4.993990
-2.530879 -4.990479
1.479000 0.132072
-0.703447 0.178205
-2.502045 -5.023718
-2.526423 -5.010273
-2.511874 -5.031373
-2.518234 -5.058602
-2.535658 -4.998650
-2.524410 -4.995123
-2.503150 -5.052450
-2.551175 -4.992785
-2.527864 -5.013049
-2.552157 -4.974629
-1.442646 0.991888
-2.578582 -5.025760
-2.563050 -4.974507
-2.567707 -4.965837
-2.534062 -5.019814
-2.517353 -4.977153
-2.562135 -5.024553
-2.601690 -4.950530
-2.563356 -4.975506
-2.513465 -5.051171
-2.507146 -5.004435
-1.444347 1.008260
-2.572065 -5.067778
-2.499383 -4.970682
-2.579721 -5.035903
-2.518915 -4.943186
-2.524992 -4.994886
-2.522106 -4.993680
-2.588089 -4.936527
-2.550336 -5.031072
-2.487612 -4.970635
-2.537431 -5.016862
-1.442785 1.015464
-2.491401 -4.962073
-2.554631 -5.039794
-2.565548 -5.033732
-2.551459 -4.987783
-2.524575 -4.933031
-2.583470 -4.925799
-2.469683 -5.026583
-2.496759 -5.052864
-2.523106 -5.020916
-2.571291 -5.065586
-1.431367 1.025925
-2.533597 -4.991552
-2.499985 -4.956353
-2.562189 -4.985994
-2.537004 -5.010340
-2.543249 -5.005722
-2.518962 -5.032377
-2.526790 -4.973639
-2.597442 -4.957944
-2.520561 -5.018260
-2.555990 -5.024391
-1.444784 0.986133
-2.552397 -5.001188
-2.518615 -5.048972
-2.555225 -5.030676
-2.515861 -5.038332
-2.570841 -4.978055
-2.465405 -4.904263
-2.593814 -4.989318
-2.536922 -5.004890
-2.542327 -5.041206
-2.550946 -4.996627
-1.425812 0.977130
-2.579721 -5.015985
-2.557634 -5.029289
-2.542390 -4.934294
-2.504064 -5.039295
-2.615207 -4.915032
-2.482654 -4.957512
-2.571007 -5.037343
-2.524764 -4.998151
-2.564787 -4.971288
-2.496211 -5.051871
-1.462086 1.008973
-2.539521 -4.984945
-2.573637 -5.063528
-2.496111 -4.997935
-2.610874 -5.024811
-2.558468 -4.990726
-2.507459 -5.036715
-2.492975 -5.127368
-2.937088 -4.978365
-2.964832 -4.974949
-2.955469 -4.975379
-1.437634 0.986178
-2.946773 -4.970472
-2.950021 -4.976249
-2.958982 -4.974355
-2.957263 -4.977600
-2.960965 -4.979763
-2.959778 -4.972202
-2.510637 -5.091029
-2.469885 -4.948603
-2.448082 -5.027008
-2.524910 -5.022728
-1.431842 0.985016
-2.508103 -4.989848
-2.501895 -4.957227
-2.561423 -5.026809
-2.520588 -4.983806
-2.575630 -4.967463
-2.504891 -5.031722
-2.543555 -4.989040
-2.502720 -5.037542
-2.611453 -5.089364
-2.582083 -5.056080
1.799845 -1.374507
-1.428283 0.980594
-2.523353 -4.989770
-2.532389 -5.020788
-2.504833 -4.967681
-2.526070 -5.023567
-2.600599 -5.088959
-2.522340 -5.013739
-2.522668 -4.994685
-2.570956 -4.970786
-2.427508 -4.963577
-2.291199 0.745382
-1.172376 0.213155
-2.479508 -5.049979
-2.581630 -5.029629
-2.543811 -5.051834
-2.489983 -5.042792
0.327102 1.948772
0.326428 1.949922
0.031425 1.986668
0.029565 1.983718
0.032800 1.974623
0.044736 1.997318
-1.271199 0.011174
0.036833 1.999695
0.063618 1.982324
0.020297 1.971241
0.029928 1.970734
0.026220 1.990613
0.028291 1.980714
0.044202 1.971008
0.042222 1.979889
0.032257 1.999531
-1.454991 -1.790880
-4.578980 -1.809669
-1.455433 -1.773172
-1.451223 -1.781917
-1.621979 -1.830458
-1.815517 -1.856676
-1.445614 -1.795830
-1.452455 -1.784240
-0.202617 2.515675
-0.177090 2.614361
-0.208676 2.524467
-0.206005 2.528481
-1.287247 -0.047258
-0.187224 2.515049
-0.223536 2.559934
-0.198170 2.521009
-0.185359 2.516550
-0.197118 2.531270
-0.201098 2.534232
-0.195639 2.531769
-0.192804 2.529415
-0.194241 2.525456
-0.200270 2.524077
-1.184887 0.243707
-0.190240 2.501375
-0.203823 2.521999
-0.875587 2.642132
-0.866571 2.647319
-0.884063 2.655757
-0.860294 2.681749
-0.878742 2.648812
-1.451212 2.645037
-2.097701 1.631649
-1.420611 2.617679
-1.308236 0.178912
-0.868264 2.646567
-0.889432 2.650798
-0.902157 2.654314
0.012337 1.999010
-0.205528 1.864079
-0.125388 1.904721
0.029762 1.986591
0.032444 1.983364
0.051457 1.964492
0.024879 1.986116
2.925861 -2.872195
0.021949 1.996351
0.042836 1.993585
0.050935 2.008039
0.234812 1.749668
0.366921 1.562198
0.019702 1.994810
-0.309744 2.003528
-0.703551 2.141864
-0.199686 1.855907
0.035865 1.984686
-1.984644 0.578979
0.030352 1.993476
0.142408 2.098434
0.207219 2.174879
-1.501970 -2.788553
-1.535116 -2.846566
-1.604407 -2.761948
-1.482300 -2.824881
-1.533205 -2.837117
-1.467763 -2.775773
-1.523454 -2.838912
1.091852 0.886579
-1.468951 -2.770990
-1.482556 -2.811687
-1.507580 -2.806960
-1.465583 -2.774064
-1.479130 -2.805999
-1.508364 -2.817031
-1.555729 -2.855167
-1.506791 -2.789202
-1.521165 -2.782727
-1.466080 -2.842084
0.043952 -3.976850
-4.570547 -1.798171
-1.498914 -2.805018
-1.543839 -2.822593
-1.502283 -2.801923
-1.547415 -2.759843
-1.488910 -2.827250
-1.525914 -2.813483
-1.489529 -2.806825
-1.475210 -2.787413
-1.462561 -2.773685
-1.467003 -2.850039
-4.575656 -1.807505
-1.502975 -2.792104
-1.483611 -2.798768
-1.476257 -2.803279
-1.496493 -2.799610
-1.531549 -2.770328
-1.423030 -2.866138
-1.513252 -2.795887
-1.500726 -2.784162
-1.491270 -2.803441
-1.481759 -2.829120
-0.268052 -4.085283
-1.514542 -2.787798
-1.492526 -2.781657
-1.507713 -2.816018
-1.510398 -2.835438
-1.472170 -2.832275
-1.500457 -2.805605
-1.500182 -2.812465
-1.475375 -2.795652
-1.488472 -2.816666
-1.489283 -2.785059
-0.286298 -4.089286
-1.533628 -2.839723
-1.485114 -2.789988
-1.514193 -2.815464
-1.460475 -2.839154
-1.500065 -2.805118
-1.487736 -2.832378
-1.510025 -2.786512
-1.479365 -2.811875
-1.505257 -2.799243
-1.517275 -2.863246
-0.279689 -4.088761
-1.224163 -4.192309
-1.476076 -2.824547
-1.468228 -2.774569
-1.536314 -2.828546
-1.542715 -2.846419
-1.485377 -2.824940
-1.489905 -2.804253
-1.457064 -2.830818
-1.558178 -2.859189
-1.486860 -2.793798
-0.921373 -0.224423
-1.518756 -2.843303
-1.486717 -2.813427
-1.495298 -2.805930
-1.460826 -2.839993
-1.550409 -2.765741
-1.497750 -2.824142
-1.485903 -2.787209
-1.494709 -2.802356
-1.472402 -2.780546
-1.498226 -2.810521
-0.850773 -0.008608
-1.526935 -2.830157
-1.500938 -2.808068
-1.519639 -2.831508
-1.506458 -2.780763
-1.478421 -2.812034
-1.504822 -2.806422
-1.449594 -2.683632
-1.395968 -2.695773
-1.497890 -2.811192
-1.488512 -2.800389
1.250349 1.611023
-1.170520 -4.850922
-1.173267 -4.843158
-1.151070 -4.829005
-1.164188 -4.997228
-1.162963 -5.005785
-1.162702 -5.004716
-1.163446 -5.057144
-1.162280 -5.076530
-1.163375 -5.070766
-1.159466 -5.076622
1.093962 1.771349
-1.259631 -4.880168
-1.255705 -4.873749
-1.266440 -4.888134
-1.269839 -4.891448
-1.251561 -4.875245
-1.259187 -4.882872
-1.201836 -4.780515
-1.204021 -4.739129
-1.191221 -4.776447
-1.158684 -4.769186
1.104293 1.776108
-1.154368 -4.759614
-1.227495 -4.847754
-1.244748 -4.870395
-1.267649 -4.899640
-1.185548 -4.779813
-1.184159 -4.791077
-4.620780 2.208823
-4.599588 2.236582
-4.650336 2.203446
-4.658580 2.198616
0.026799 -3.972582
1.095459 1.773187
-4.614733 2.211088
-4.636141 2.218441
-4.627351 2.254866
-4.607713 2.203608
-4.618582 2.208855
-4.704595 2.350013
-4.710934 2.374740
-4.705976 2.354589
-4.697462 2.338735
-4.701451 2.348518
1.109230 1.761032
-4.611039 2.242692
-4.657933 2.176805
-4.641176 2.207715
-4.639156 2.212029
-4.569764 2.290227
-4.642183 2.216591
-4.625311 2.212175
-4.632716 2.212765
-4.680448 2.157612
-4.677690 2.160224
1.103299 1.767501
-4.620653 2.198546
-4.629600 2.196457
-4.592800 2.238558
-4.629849 2.213332
-4.665560 2.187968
-4.635073 2.205944
-4.615664 2.231770
-4.673403 2.239219
-4.660338 2.230818
-4.633594 2.212674
0.624824 1.898243
-4.648829 2.191445
-4.628680 2.204414
-4.664865 2.162898
-4.618674 2.196590
-4.615740 2.223958
-4.636262 2.220407
-4.690056 2.155071
-4.626035 2.235018
-4.630929 2.217667
-4.650995 2.187929
0.790123 1.856460
-4.634979 2.207828
-4.692701 2.261362
-4.625745 2.218022
-4.622568 2.151255
-4.637156 2.206782
-4.631573 2.211019
-4.586024 2.260056
-4.641342 2.176696
-4.605627 2.190315
-4.642742 2.214366
1.255864 1.644562
-4.634623 2.206669
-4.637124 2.212276
-4.671176 2.169839
-4.632201 2.217593
-4.588269 2.215082
-4.608793 2.210780
-4.635232 2.166427
-4.670641 2.253674
-4.280447 3.938443
-4.284914 3.941262
1.098523 1.778052
-4.243627 3.971478
-4.309952 3.907975
-4.254445 3.972276
-4.277434 3.931593
-4.286573 3.939976
-4.308230 3.957445
-4.279518 3.937279
-4.284839 3.969018
-4.274526 3.941973
-4.308304 3.934216
1.087705 1.793451
-4.285306 3.933295
-4.289824 3.934500
-4.290130 3.953902
-4.234910 3.987259
-4.256638 3.937573
-4.314547 3.901565
-4.275786 3.926102
-4.304690 3.926917
-4.290783 3.968343
-4.274199 3.916496
1.112606 1.757844
-4.310243 3.946491
-4.255117 3.908763
-4.292521 3.930457
-4.285875 3.935341
-4.280480 3.933157
-4.295492 3.937028
-4.252769 3.962211
-4.269898 3.939092
-4.268543 3.940338
-4.316983 3.951066
1.110009 1.763174
-4.324784 3.977352
-4.340149 3.995137
-4.322857 3.906910
-4.290066 3.930957
-4.248574 3.978762
-4.294015 3.960732
-4.286314 3.932625
-4.285029 3.976033
-4.256211 3.906254
-4.312135 3.907322
0.002531 -3.944941
1.116720 1.763963
-4.312404 3.939537
-4.283296 3.939980
-4.228872 3.882011
-4.274395 3.946547
-4.304167 3.931687
-4.297225 3.945399
-4.287480 3.937953
-4.249158 3.952474
-4.266282 3.940014
-4.333203 3.886513
1.107420 1.779736
-4.276224 3.946291
-4.343279 3.943589
-4.306050 3.909488
-4.262773 3.904461
-4.307576 3.919197
-4.212901 4.006763
-4.286412 3.926402
-4.246375 3.973326
-4.240406 3.972588
-4.281970 3.931329
1.254828 1.439868
-4.273505 3.901136
-4.307658 3.912679
-4.259481 3.926739
-4.307724 3.939338
-4.244557 3.868013
-4.313139 3.947054
-4.283987 3.932954
-4.253110 3.960646
-4.264885 3.895982
-4.314608 3.961558
1.262668 1.438915
-4.279737 3.948997
-4.253304 3.955969
-4.301457 3.966266
-4.331646 3.974633
-4.313565 3.908833
-4.299357 3.922890
-4.211138 3.870001
-4.318401 3.905244
-4.311791 3.950273
-4.264129 3.927229
1.254385 1.440163
-4.237473 3.965681
-4.285854 3.940713
-4.314142 3.931640
-4.225136 3.975293
-4.312932 3.965813
-4.285800 3.927637
-4.372498 3.847849
-4.327597 3.896798
-4.444471 3.182117
-4.295860 3.943200
1.255528 1.428229
-4.279227 3.944456
-5.482753 2.200944
-5.488164 2.193243
-5.477342 2.201852
-5.487638 2.192128
-5.492085 2.193819
-5.498787 2.192868
-5.510876 2.204349
-5.500067 2.192464
-5.477459 2.179676
1.258631 1.438201
-5.493442 2.194586
-5.510352 2.178008
-5.502516 2.195028
-5.509672 2.196166
-5.494648 2.193984
-5.497633 2.193549
-5.496331 2.194711
-5.518435 2.198887
-5.498946 2.193689
-5.522813 2.194548
1.255718 1.433150
-5.504052 2.191585
-5.496590 2.193182
-5.475174 2.240292
-5.494354 2.194918
-5.506451 2.193069
-5.501887 2.188559
-5.470538 2.183065
-5.504856 2.194267
-5.502137 2.194122
-5.513791 2.198384
1.135242 1.357559
-5.502378 2.188902
-5.150750 2.204087
-2.045813 -1.290130
-2.612431 -1.323267
-2.601039 -1.302073
-2.639074 -1.327371
-2.622795 -1.332035
-2.628596 -1.343911
-2.615353 -1.317930
-2.618629 -1.327829
1.258291 1.447317
-2.622259 -1.328866
-2.620235 -1.335160
-2.125193 -1.615411
-2.133013 -1.646137
-2.020082 -1.216565
-2.138048 -1.663393
-2.135480 -1.628742
-2.124562 -1.624819
-1.967821 -1.227850
-2.316519 -1.296450
1.484563 -1.042904
1.257315 1.426700
-2.311013 -1.294572
-2.338920 -1.298964
-2.335132 -1.309762
-2.321148 -1.298709
-2.342534 -1.304011
-2.375655 -1.588696
-2.390694 -1.603828
-2.364979 -1.589595
-2.378394 -1.590983
-2.392809 -1.597020
1.254953 1.436967
-2.378862 -1.596519
-2.383579 -1.589622
-2.055286 -1.278030
-2.022517 -1.268563
-2.017821 -1.277737
-2.013704 -1.293278
-3.103801 -1.681792
-3.116686 -1.686679
-3.109048 -1.685350
-3.127425 -1.690638
1.252803 1.442794
-3.113823 -1.685732
-3.108522 -1.683511
-3.119306 -1.686581
-3.138200 -1.692670
-3.113698 -1.685007
-3.110044 -1.684789
-3.116946 -1.687570
-3.112032 -1.684677
-3.121165 -1.689369
-3.116250 -1.688037
1.257951 1.440843
-3.114990 -1.688284
-3.112543 -1.687608
-3.097539 -1.676066
-3.106605 -1.684586
-3.112466 -1.686522
-3.095739 -1.681343
-3.118280 -1.687473
-3.101043 -1.674774
-3.109804 -1.684601
-3.112291 -1.684965
1.252156 1.438452
-1.611027 -0.838412
-1.646451 -0.895107
-1.826217 -1.861133
-1.811472 -1.891994
-1.828456 -1.871604
-1.822380 -1.892568
-1.827942 -1.890679
-1.824393 -1.873314
-1.820157 -1.874024
-1.820220 -1.880371
1.268665 1.421095
-1.824138 -1.879069
-1.821208 -1.865739
-1.821832 -1.888573
-1.819045 -1.876909
-1.835478 -1.880907
-1.817230 -1.875994
-2.118918 -0.444332
-2.141451 -0.435052
-2.127277 -0.452262
-1.562492 -0.904511
1.234708 1.625987
-1.528628 -0.883023
-1.823795 -1.879195
-1.823851 -1.894261
1.630263 -1.410577
-1.931427 -1.283668
-1.974840 -1.254004
1.621125 -1.417203
1.638460 -1.405092
-2.037043 -1.250277
-2.003187 -1.242271
-0.827570 -0.866917
1.612397 -1.408206
1.627276 -1.415566
1.621125 -1.409391
1.609997 -1.414763
1.623318 -1.418368
-1.676261 -1.904838
-0.541827 -3.545901
-2.034513 -1.236001
-2.015037 -1.275097
-2.263785 -1.685987
-0.816479 -0.888447
-2.256917 -1.682279
-2.285613 -1.697447
-2.268796 -1.692425
-2.282708 -1.712097
-2.274220 -1.699193
-2.269741 -1.698167
-2.267423 -1.679354
-1.992100 -1.315354
-2.452399 -1.163657
-2.477962 -1.164537
-0.820303 -0.879067
-2.460709 -1.162814
-2.468637 -1.153298
-2.472390 -1.157224
-2.488475 -1.146338
-2.505218 -1.154378
-1.936334 -1.204713
-2.031950 -1.259426
-1.938082 -1.331268
-2.066387 -1.265110
-2.089672 -1.187727
-1.947375 -0.538019
0.875332 -0.718671
-0.815892 -0.899089
-2.077207 -1.259525
-2.076308 -1.276138
-2.073146 -1.326953
-1.981890 -1.307099
-1.886177 -1.235334
-2.020946 -1.262683
-2.028542 -1.237293
-2.029422 -1.262355
-2.045812 -1.253671
-1.959764 -1.329053
-0.807509 -0.895551
-1.958151 -1.366450
-1.932460 -1.366263
-1.983973 -1.243472
-2.086821 -1.324396
-1.960873 -1.299616
-2.034440 -1.268050
-1.933315 -1.303818
-2.000522 -1.273050
-1.954700 -1.208248
-2.046322 -1.268863
-0.808618 -0.885504
-1.997810 -1.342109
-2.018152 -1.247288
-1.937225 -1.360651
-2.014139 -1.250651
-2.085755 -1.322431
-1.888603 -1.158866
-2.059878 -1.290947
-2.011249 -1.263059
-2.023764 -1.247872
-1.966127 -1.216262
-0.827464 -0.887851
-2.062635 -1.233652
-2.089096 -1.187999
-2.056759 -1.299999
-1.997386 -1.227687
-2.083790 -1.197301
-2.048820 -1.207080
-2.051416 -1.300116
-1.990880 -1.306455
-2.030668 -1.332322
-1.971897 -1.226284
-0.815752 -0.888629
-1.993164 -1.246905
-1.961846 -1.268753
-2.099065 -1.323943
-1.937140 -1.354724
-2.034313 -1.287119
-1.963943 -1.257915
-2.033399 -1.275656
-2.070506 -1.412272
-2.052207 -1.435802
-2.084088 -1.445835
-0.821297 -0.889107
-2.144118 -1.144236
-2.136246 -1.164279
-2.160008 -1.132887
-2.043483 -1.281848
-2.015230 -1.264362
-2.044143 -1.240038
-2.024827 -1.290021
-2.049908 -1.335564
-1.998032 -1.228935
-2.004695 -1.222927
-0.821452 -0.885753
-2.009061 -1.264874
-1.908271 -1.219567
-1.990034 -1.255379
-1.954723 -1.342202
-1.974528 -1.244545
-2.028236 -1.256323
-2.032006 -1.271381
-1.978369 -1.283865
-2.026835 -1.283728
-1.959740 -1.221894
-0.811712 -0.896115
-2.116150 -1.362899
-1.989813 -1.261318
-2.013394 -1.269549
-2.033759 -1.275151
-2.089693 -1.183456
-2.050326 -1.293010
-2.024727 -1.259429
-2.025815 -1.233041
-2.003699 -1.274475
-2.064284 -1.313395
-0.822899 -0.881014
-2.007836 -1.186509
-1.946900 -1.311161
-1.991328 -1.292138
-1.950713 -1.224421
-2.057003 -1.263176
-2.042155 -1.322581
-1.930378 -1.278562
-2.018846 -1.301115
-2.060420 -1.250465
-2.038616 -1.206577
-1.000101 -0.178778
-1.977872 -1.273830
-2.081664 -1.299739
-2.121983 -1.212155
-2.063236 -1.327704
-2.030703 -1.296881
-2.016911 -1.294835
-1.931777 -1.295149
-2.023215 -1.288133
-1.990988 -1.191619
-1.979896 -1.237276
-1.336268 -0.127402
-0.152996 -2.555416
-1.992338 -1.262595
-2.036271 -1.249457
-2.000130 -1.289057
-1.994937 -1.267608
-1.996052 -1.285977
-1.973644 -1.228609
-2.071819 -1.196774
-1.990928 -1.240205
-2.035621 -1.240663
-1.926286 -1.346595
-0.954916 -0.191101
-1.982052 -1.197341
-1.930801 -1.281893
-2.093004 -1.152295
-1.937244 -1.229342
-2.056571 -1.219066
-2.061306 -1.215411
-2.031551 -1.254091
-2.035941 -1.277090
-2.026171 -1.288002
-1.956561 -1.221172
-0.736382 -0.033359
-2.007414 -1.299747
-2.057666 -1.304109
-2.032421 -1.235430
-1.971289 -1.211020
-1.993265 -1.290740
-2.058232 -1.258788
-2.056071 -1.316802
-1.975239 -1.248350
-2.030383 -1.224020
-2.035839 -1.305260
-0.732868 -0.022981
-2.194680 -1.204680
-2.036484 -1.214828
-2.020564 -1.275542
-1.992377 -1.265565
-2.174693 -1.282681
-1.986267 -1.228215
-1.987460 -1.204910
-2.035786 -1.234703
-2.022084 -1.268376
-2.068455 -1.235995
-0.971109 -0.227149
-1.980235 -1.206179
-3.191302 1.425357
-3.188065 1.417812
-3.203701 1.440640
-3.185471 1.418603
-3.184317 1.430056
-3.188606 1.425723
-3.137026 1.480548
-3.191364 1.418188
-3.147255 1.382580
-0.909442 -0.197446
-3.119089 1.189240
-3.187772 1.426507
-3.187698 1.424564
-3.202986 1.389564
-3.185511 1.423909
-3.233145 1.463657
-2.834504 1.514794
-3.171106 1.399445
-3.198918 1.427739
-3.181749 1.426475
-0.946777 -0.177672
-3.207681 1.438901
-3.175028 1.404314
-3.185388 1.421651
-3.187693 1.425689
-3.179025 1.432064
-3.201404 1.427291
-3.190725 1.420362
-3.231673 1.452460
-3.230679 1.447205
-3.239031 1.465089
-0.896903 -0.184688
-3.245909 1.464466
-3.197614 1.409323
-3.199277 1.412831
-3.212464 1.402081
-3.193071 1.430648
-3.213196 1.448929
-3.194752 1.423977
-3.182767 1.429368
-3.225987 1.387719
-3.155816 1.398546
-0.938557 -0.177962
-3.141790 1.477905
-3.149805 1.388029
-3.190045 1.423166
-3.193791 1.425996
-3.184196 1.413603
-3.191451 1.414983
3.716477 -0.432875
3.726177 -0.434801
1.655455 -1.810711
1.842898 -1.367007
-0.892791 -0.236292
1.773726 -1.349802
1.801486 -1.391615
1.783571 -1.358837
1.801134 -1.374860
1.781824 -1.367781
1.813673 -1.378135
1.788067 -1.382997
1.789760 -1.357288
1.795975 -1.376230
1.791030 -1.369581
3.800369 2.706145
-0.925629 -0.176128
1.798316 -1.376482
1.826474 -1.394450
1.790103 -1.371501
1.820472 -1.382534
1.319982 -1.352836
1.328663 -1.349595
1.320397 -1.352122
1.316509 -1.352086
1.296361 -1.317741
1.317454 -1.353850
-0.958483 -0.165394
1.319433 -1.337445
1.327764 -1.359160
1.323272 -1.356980
1.319061 -1.356798
1.344606 -1.371188
1.323090 -1.347945
1.329837 -1.358849
1.347829 -1.379543
1.334553 -1.362721
1.348722 -1.370247
-0.893610 -0.199961
1.310344 -1.347623
1.791143 -1.340127
1.806765 -1.375261
1.320387 -1.346186
-0.457875 1.051439
1.802384 -1.373504
1.792186 -1.377274
1.814215 -1.373279
1.374330 -2.311354
1.371636 -2.324131
-0.924447 -0.150674
1.369769 -2.310264
1.374954 -2.315568
1.362150 -2.323956
1.513789 -2.168845
1.387827 -2.315834
1.516426 -2.119357
1.537341 -2.085532
1.363849 -2.339733
1.346837 -2.333673
1.556384 -2.070194
-0.908441 -0.209493
1.366050 -2.320062
1.369512 -2.320146
1.431821 -2.380415
1.299871 -2.331727
1.351448 -2.357070
1.379288 -2.303717
1.346783 -2.335926
1.336105 -2.352019
1.396913 -2.356498
1.388696 -2.308115
-0.912162 -0.138650
1.371558 -2.312639
1.366903 -2.296130
1.364712 -2.308082
1.384555 -2.303837
1.369531 -2.304971
1.374446 -2.337597
1.370464 -2.324628
1.355062 -2.275972
1.419819 -2.324698
1.314075 -2.251913
-0.905856 -0.208237
1.343126 -2.322400
1.378872 -2.325653
1.369589 -2.322565
1.395222 -2.357969
1.385787 -2.318810
1.363171 -2.307154
1.432319 -2.384364
1.386988 -2.311031
1.407223 -2.284315
1.369737 -2.316762
-1.634270 -0.954193
1.327337 -2.275920
1.375028 -2.308158
1.374629 -2.314502
1.374330 -2.325644
1.412974 -2.303870
1.367836 -2.320006
1.360269 -2.315667
1.366825 -2.317318
1.376673 -2.364372
1.417386 -2.273627
-0.929695 -0.212230
1.390331 -2.303226
1.366325 -2.320905
1.287755 -2.178280
1.386093 -2.323482
1.369372 -2.312289
1.348930 -2.315354
1.394562 -2.328004
1.373434 -2.349595
1.379391 -2.318700
1.383268 -2.326415
-0.935059 -0.204507
1.352617 -2.343681
-0.561109 0.864022
1.364813 -2.318187
1.387794 -2.301328
1.388306 -2.317172
1.387151 -2.344352
1.363036 -2.285667
1.393208 -2.314673
1.347067 -2.354859
1.351514 -2.291757
3.817154 2.713262
-0.930371 -0.192320
1.375825 -2.312015
1.373653 -2.317049
-3.518251 0.640007
-3.463112 0.638310
-3.491511 0.629428
-3.496000 0.603089
-3.465318 0.630568
-3.481362 0.622181
-3.472436 0.627981
-3.177431 0.753515
-0.869758 -0.142256
-3.456046 0.599542
-3.472949 0.627520
-0.552695 0.846321
-0.560581 0.864268
-0.629424 0.874138
-0.507791 0.927802
-0.538232 0.842341
-0.563823 0.854747
-0.635266 0.800713
-0.553165 0.849902
-0.950512 -0.158253
-0.252170 1.728007
-0.602067 0.829476
-0.542681 0.879157
-0.491810 0.924392
-0.578903 0.836403
-0.553550 0.831318
-0.571431 0.869412
-0.542149 0.883189
-0.590255 0.935961
-3.493722 0.638573
-0.893718 -0.209824
-3.441988 0.665784
-3.475875 0.633575
-3.444748 0.599751
-3.475659 0.630545
-3.460307 0.609597
-3.480845 0.605399
-3.474020 0.647429
-3.431542 0.582640
-3.460391 0.615275
-3.483221 0.640674
-0.970830 -0.219261
-3.471000 0.628364
-3.466947 0.644362
-3.472937 0.611992
-3.437000 0.666889
-3.470880 0.625639
-3.466886 0.604474
-3.469378 0.629953
-3.465072 0.628784
-3.474454 0.618541
-3.488207 0.613141
-0.906631 -0.174201
-3.474756 0.634818
-3.279690 0.634075
-3.453570 0.649491
-3.462109 0.625402
-3.473806 0.632289
-3.483792 0.645522
-3.503902 0.604873
-3.488657 0.656088
-3.483050 0.647396
-3.487897 0.631151
-1.757515 0.157869
-3.516178 0.603523
-3.454870 0.603981
-3.547859 0.558094
-3.547416 0.561655
-3.569186 0.543610
-3.486326 0.620907
-3.512627 0.597177
-3.477274 0.644112
-3.480409 0.672645
-3.476222 0.625765
-1.756808 0.160598
-3.479823 0.628916
-3.457441 0.645395
-3.542675 0.562513
-3.460954 0.623172
-3.501756 0.600711
-3.449433 0.570908
-2.336109 0.756684
-2.305827 0.744212
-3.498694 0.650009
-3.407664 0.557487
-1.762410 0.156974
-2.152325 0.857546
-2.177911 1.055478
-2.143790 0.826861
-1.268503 0.198495
-2.227262 0.792211
-2.236832 0.784535
-2.235596 0.787323
-1.802805 0.511272
3.529952 -0.042927
2.780948 -0.089492
-1.763661 0.153246
3.528305 -0.038496
3.514988 -0.041777
-2.271766 0.780234
-2.284128 0.781157
-2.213648 0.801328
1.827410 0.334492
1.790530 0.210757
1.798818 0.214181
1.679726 0.183904
1.721096 1.396397
3.810432 2.703685
-1.737874 0.144185
1.642727 0.208562
1.468666 0.167358
1.744846 0.208879
1.539639 0.196356
0.948930 -4.158486
0.953402 -4.151118
0.958795 -4.151573
0.954764 -4.153146
0.955777 -4.153880
0.956092 -4.148808
-1.768468 0.165799
0.956448 -4.152674
0.983079 -4.150239
0.949448 -4.149504
0.951826 -4.153274
0.948951 -4.150671
0.939546 -4.148786
0.965557 -4.153920
0.953060 -4.149430
0.952014 -4.149719
0.951629 -4.150128
-0.860186 -0.137083
0.955074 -4.150509
-0.003362 -3.978480
-0.028182 -4.193905
-0.036210 -4.238027
-0.026238 -4.203847
-0.005990 -4.081435
-0.038797 -4.223754
-0.035872 -4.202532
-0.018674 -4.238800
-0.055625 -4.214716
-1.764441 0.178603
-0.548774 -3.548563
-0.546721 -3.543283
-0.539460 -3.558472
-0.550584 -3.548603
-0.544741 -3.546860
-0.552218 -3.554201
-0.532227 -3.551042
-0.538720 -3.556013
-0.548403 -3.548368
-0.539042 -3.554005
-1.769880 0.171169
0.077311 -4.011271
0.046405 -4.017534
0.079171 -4.012375
0.082256 -4.034923
0.258109 -4.075863
0.263911 -4.080484
0.295996 -4.092256
0.314447 -4.105156
0.266154 -4.076200
0.264918 -4.080297
-1.763838 0.150505
0.261031 -4.078712
-0.062438 -3.967197
-0.107375 -3.966667
0.024099 -3.950441
0.022189 -3.978385
0.023151 -3.971320
-0.009290 -3.918752
0.065124 -3.976865
0.034563 -3.957623
-0.049620 -3.901716
-1.762385 0.157500
-0.032091 -3.917106
0.057377 -3.982874
0.049181 -3.969945
0.042984 -3.981857
-0.019293 -4.013899
0.082354 -3.998497
0.019634 -3.946774
0.047587 -3.945350
0.073095 -3.922961
0.067051 -3.899589
-1.744414 0.189245
0.038421 -3.967630
-0.302731 -4.017145
-0.360797 -4.021067
-0.339875 -4.024817
-0.352530 -4.033284
-0.346185 -4.019733
-0.344294 -4.028596
-0.323038 -4.022390
-0.363449 -4.038813
-0.004644 -3.980605
-1.765231 0.160065
0.019595 -3.984940
0.017591 -3.950174
0.002740 -3.950249
0.048227 -3.968531
0.014983 -3.983650
-0.010116 -3.973665
0.018966 -3.935518
0.032284 -3.977808
0.040400 -3.951332
0.082889 -3.990079
-1.760324 0.157318
0.057346 -3.956627
0.015198 -3.955085
-0.007828 -3.976868
0.020035 -3.959205
-0.004727 -3.968371
0.014965 -3.960176
0.017533 -3.994325
0.030861 -3.975154
0.037174 -3.983485
0.029043 -3.997869
3.820801 2.672362
-1.776826 0.162348
0.019545 -3.950216
0.058859 -3.997295
0.029205 -3.973106
0.000503 -4.007092
0.049539 -3.982828
0.064563 -3.983494
0.053022 -3.961541
0.014011 -3.931156
0.009630 -3.997193
-0.006240 -3.959641
-1.745787 0.152145
0.014235 -3.967828
0.023147 -3.964892
0.029657 -3.979653
0.020751 -3.976133
0.116682 -4.022535
0.047151 -3.992511
0.002756 -3.963441
0.044598 -3.951717
-0.021573 -4.007483
-0.036127 -3.920643
-1.767887 0.168012
-0.070203 -3.677547
0.015388 -3.950121
0.057238 -3.989818
0.198337 -3.863052
0.257981 -3.843963
0.200081 -3.850565
0.083802 -4.016139
0.100530 -3.695843
0.132943 -3.628531
0.082992 -3.606004
-0.918014 -0.177391
0.610283 -5.346664
0.627230 -5.328986
0.603185 -5.353202
0.520440 -5.198174
0.245174 -4.590142
0.664037 -5.418602
0.628963 -5.309662
0.600750 -5.336005
0.570706 -5.406897
0.573488 -5.347054
-0.502650 -0.196193
0.653590 -5.302947
0.584477 -5.342821
0.545744 -5.274782
0.583838 -5.316824
0.598560 -5.326600
0.588405 -5.385758
0.643299 -5.367736
0.628360 -5.309648
0.608699 -5.393280
0.651800 -5.396159
-0.529723 -0.050086
0.605798 -5.349926
0.579272 -5.355791
0.587240 -5.429971
0.541585 -5.313848
0.610032 -5.419807
0.597260 -5.321002
0.560594 -5.403012
0.608961 -5.351674
0.670663 -5.431536
0.539979 -5.430469
-0.473710 -0.233306
0.571191 -5.408136
0.577640 -5.382515
0.642674 -5.360388
0.642857 -5.391396
0.683447 -5.265739
0.641827 -5.372004
0.637083 -5.336909
0.407941 -4.895141
0.596771 -5.372110
0.615631 -5.362468
-0.464804 -0.215579
0.582823 -5.363073
0.592115 -5.363863
0.563912 -5.312777
0.619591 -5.351532
0.658919 -5.398194
0.593819 -5.335951
0.597574 -5.356562
0.583561 -5.328778
0.624790 -5.438806
0.652441 -5.318941
-0.487517 -0.214669
0.587505 -5.411482
0.722521 -5.476120
0.558053 -5.400282
0.603319 -5.346569
0.590991 -5.325757
0.597625 -5.344528
0.627525 -5.353523
0.551894 -5.362728
0.535657 -5.426807
0.564745 -5.272784
-0.462934 -0.210746
0.641597 -5.393004
0.656950 -5.382992
0.626209 -5.436773
0.538512 -5.328737
0.689022 -5.266905
0.662064 -5.277523
0.589114 -5.372331
0.633004 -5.302882
0.607092 -5.296264
0.615262 -5.370659
3.805609 2.703192
-0.479461 -0.207228
0.544765 -5.296055
0.722520 -5.288283
0.602371 -5.341344
0.658444 -5.316645
0.558606 -5.397719
0.580083 -5.394707
0.707755 -5.377432
0.584541 -5.361707
0.667253 -5.355614
0.611612 -5.416288
-0.478235 -0.208548
0.626035 -5.356633
0.529293 -5.417947
0.644714 -5.308120
0.640175 -5.387321
0.622478 -5.402402
0.615304 -5.378971
0.601476 -5.371428
0.594450 -5.358744
0.607638 -5.398325
0.584300 -5.303904
-0.478124 -0.227611
0.635188 -5.346591
0.654807 -5.353806
0.622441 -5.375437
0.567623 -5.364622
0.573811 -5.314682
0.569922 -5.356950
0.605158 -5.347406
0.650579 -5.295754
0.620884 -5.371835
0.570488 -5.288107
-0.463373 -0.228477
0.576587 -5.396463
0.690919 -5.258874
0.584490 -5.428020
0.635605 -5.319671
0.570894 -5.335814
0.558837 -5.362224
0.622799 -5.359934
0.561179 -5.359183
0.543795 -5.420038
0.658089 -5.415073
-0.923796 -0.182430
0.596592 -5.327318
0.605573 -5.355827
0.634829 -5.387924
0.578665 -5.268909
0.571300 -5.326692
0.645351 -5.342500
0.592930 -5.295525
0.635688 -5.326687
0.561262 -5.252140
0.592903 -5.366254
-1.211099 0.099585
0.604719 -5.441359
0.559622 -5.402039
0.558802 -5.401149
0.653363 -5.389279
0.616283 -5.348696
0.534358 -5.335403
0.616981 -5.363246
0.613273 -5.402065
0.644598 -5.279567
0.578288 -5.366910
-1.238558 0.065568
0.666117 -5.302089
0.627440 -5.392388
0.555851 -5.406096
0.560894 -5.335919
0.615203 -5.345137
0.610152 -5.341532
0.537017 -5.277354
0.564402 -5.399451
0.480967 -5.457606
0.605267 -5.354980
-1.232037 0.086140
0.605693 -5.327931
0.637055 -5.383707
0.614353 -5.315966
0.634393 -5.347066
0.601619 -5.363956
0.571672 -5.336476
0.590443 -5.365504
0.610414 -5.342516
0.631910 -5.323091
0.110191 -4.037290
-1.258283 0.146526
0.206387 -4.091779
0.170130 -4.410693
0.055443 -3.975533
-0.006529 -3.940828
0.030359 -3.982882
0.048059 -3.997702
-1.914729 -0.362561
-1.601124 1.900402
-1.585697 1.919306
-1.602271 1.910104
-0.938510 -0.187798
-3.021978 0.827903
-3.031848 0.815640
-3.021811 0.816962
-3.019518 0.818190
-3.002168 0.818899
-3.025553 0.821521
-3.020327 0.823393
-3.020809 0.822917
-2.978769 0.790462
-3.001713 0.827837
3.779968 2.709600
-0.862971 -0.220803
-3.000198 0.794484
-3.017069 0.826587
-3.016564 0.817993
-3.028027 0.832074
-3.023126 0.815320
-3.011923 0.828609
-3.014984 0.822344
-2.987940 0.851171
-3.016456 0.827733
-3.006094 0.823496
-0.740269 -0.125528
-3.032578 0.818295
-3.014264 0.811162
-3.014964 0.816472
-3.035429 0.852752
-3.013589 0.820200
-3.019712 0.820784
-3.029663 0.817334
-3.015041 0.827127
0.870490 -0.715035
0.866624 -0.713459
-1.083074 -0.261387
0.860761 -0.706468
0.860294 -0.704093
0.867339 -0.706086
0.863512 -0.704955
0.864412 -0.711171
0.865730 -0.704051
0.871944 -0.721431
0.852814 -0.701431
0.876192 -0.714297
0.837108 -0.690541
-1.105670 -0.309940
0.870495 -0.710952
0.859480 -0.712429
3.758394 2.678764
3.940820 2.613078
3.952046 2.606715
3.951612 2.605064
3.944849 2.612409
3.959206 2.603325
3.949821 2.610132
3.940091 2.605536
-0.920758 -0.179884
3.940185 2.615212
3.936122 2.597269
3.963498 2.596680
3.730991 2.681371
3.757109 2.680861
4.309737 2.857016
3.819600 2.691133
3.798069 2.701367
3.796128 2.702298
3.795305 2.711281
-1.124487 -0.273881
3.531721 2.564337
3.787480 2.723023
1.799279 -4.462298
1.779068 -4.485765
1.785813 -4.470490
1.798480 -4.489831
-1.204359 0.186538
-1.171466 -0.084292
-1.176509 -0.456046
-1.270302 0.036110
-0.898762 -0.147776
-1.300237 0.077272
-1.185537 0.218422
-1.185554 0.219264
-1.192874 0.214748
-1.116751 0.226767
-1.160878 0.225927
-1.163979 0.262577
0.620270 -0.014011
0.937961 -0.147603
-1.177271 0.233001
-1.200450 -0.152195
-1.138944 0.179784
-1.177961 0.200568
-0.289327 -4.085440
-0.308813 -4.109602
0.006654 -3.977704
-0.914226 -0.206531
-0.280454 -4.090174
-0.270932 -4.099769
-0.282996 -4.083435
-0.244459 -4.057615
-1.070616 -0.204211
-0.301712 -4.086281
-0.954634 -0.172902
-0.746012 -0.373909
-0.670297 -0.470053
-0.785514 -0.319290
-0.712865 -0.411239
1.879481 0.210301
1.894752 0.210978
1.882861 0.213081
1.891796 0.205780
-1.169029 -0.295694
1.767758 0.220165
1.773305 0.221633
1.774851 0.221895
1.877818 0.345833
1.873882 0.342925
1.884245 0.346016
1.584438 0.228813
1.522504 0.161469
1.641992 0.171859
1.651600 0.195566
3.810410 2.712766
-0.950852 -0.170891
1.633576 0.215031
1.618432 0.186393
1.618828 0.188305
1.634531 0.200090
1.634341 0.212584
1.639165 0.219353
1.654737 0.207147
1.633450 0.194806
1.669225 0.218956
1.657875 0.213655
-0.985708 -0.113826
1.643002 0.206551
1.242669 1.461651
1.277055 1.435221
1.265460 1.435535
1.257901 1.438667
1.253057 1.438577
1.251942 1.417452
1.258630 1.441351
-0.370167 0.909518
-0.291294 0.921387
1.632135 0.235590
-0.310199 0.916696
-0.337303 0.913652
-0.349730 0.912284
-0.522601 0.882500
-0.557239 0.888192
-0.571933 0.884820
-0.508208 0.918823
-0.499491 0.842018
-0.551745 0.857417
-0.551671 0.882235
1.783087 0.300660
-0.579344 0.854784
-0.522591 0.864711
-0.542176 0.855926
-0.562712 0.843927
-0.596176 0.869306
-0.602570 0.882856
-0.506988 0.842899
-0.540471 0.843592
-0.516134 0.932681
-0.584712 0.833278
1.804266 0.307088
-0.531650 0.849126
-0.602263 0.829015
-0.587316 0.837594
-0.589655 0.786867
-0.004812 -3.772960
-0.025012 -3.780691
-0.653209 1.127824
-0.662232 1.172953
-0.469321 0.918476
-0.434947 0.937887
1.645955 0.212992
-0.608175 0.923457
-0.618513 0.936159
-0.479617 1.007318
-0.456793 1.045432
-0.633352 0.873565
-0.671332 0.848180
-0.518213 0.915645
-0.528101 0.926050
-0.596003 0.816568
-0.599248 0.800432
1.810663 0.308535
-0.567313 0.881538
-0.570976 0.865832
-0.482701 0.215571
-0.465244 0.194786
-0.564598 0.862183
-0.516061 0.908847
-0.655947 0.929736
-0.581553 0.957563
-0.536289 0.845474
-0.537648 0.852361
1.724539 0.267127
-0.540026 0.882791
-0.554916 0.940360
-0.577862 0.860087
-0.549658 0.881726
-0.567641 0.831511
-0.571860 0.844349
-0.531491 0.836570
-0.579596 0.857527
-0.534576 1.113025
-0.531935 1.339985
1.809001 0.321907
-0.555247 0.810635
-0.539718 0.853002
-0.523562 0.905798
-0.524170 0.834218
-0.589193 0.852179
-0.030854 1.107578
-0.037079 1.094977
-0.038211 1.105079
-0.038311 1.111216
-0.023782 1.111226
1.540291 0.177383
-0.047688 1.130488
-0.024378 1.125014
-0.035139 1.100804
-0.026040 1.113764
-0.026462 1.108611
0.010752 1.127720
0.018293 1.129740
0.013897 1.131801
0.012834 1.127289
-0.031325 1.106336
3.799444 2.705350
1.515964 0.172829
0.013225 1.122893
0.033215 1.125452
0.026524 1.133078
-0.624014 1.103463
-0.620911 1.123626
-0.632663 1.144916
-0.624556 1.132012
-0.458997 0.837727
-0.390331 0.827420
-0.508284 0.891024
-1.406174 -2.133818
-0.565201 0.858997
-0.574087 0.854902
-0.571957 0.886594
-0.454080 0.888935
-0.526320 0.902951
-0.413668 0.846544
-0.345517 0.827559
-0.346846 0.850714
-0.335551 0.820465
-0.551566 0.884261
-1.494843 -2.801298
-0.575851 0.898183
-0.549322 0.891192
-0.300636 0.873628
-0.256683 0.867251
-0.298115 0.869413
-0.265101 0.879252
-0.332653 0.870608
-0.531940 0.886421
-0.514627 0.826497
-0.543329 0.923878
-0.886680 -0.190609
-0.565321 0.851627
-0.554029 0.837465
-0.571200 0.864256
-0.561482 0.847147
-0.539958 0.877553
-0.531726 0.834171
-0.530151 0.847260
-0.504535 0.872227
-4.283341 1.080513
-4.275959 1.091147
-1.643460 0.421128
-4.284669 1.064155
-4.311929 1.109277
-4.294711 1.077651
-4.262959 1.098737
-4.289603 1.087125
-4.283819 1.085763
-4.274458 1.062336
-4.275573 1.088412
-4.269287 1.062247
-4.334405 1.116899
-1.795058 0.515402
-4.365037 1.117908
-4.330504 1.060370
-4.320137 1.125638
-4.360177 1.115030
-4.250993 1.114185
-4.296903 1.071375
-4.262546 1.108790
-4.310563 1.068248
-4.322295 1.103681
-4.285378 1.087165
-1.912191 0.479571
-4.248161 1.027283
-4.284787 1.092526
-4.295198 1.082447
-4.262370 1.061628
-4.298212 1.077284
-4.313498 1.076043
-4.274806 1.088203
-4.315282 1.054943
-4.271893 1.041809
-4.291117 1.077931
-3.009903 0.818875
-2.526565 1.582908
-4.260165 1.073772
-4.302419 1.070270
-4.272461 1.100188
-4.306860 1.095491
-4.286137 1.087733
-4.283892 1.082772
-4.329317 1.032346
-4.272824 1.095632
-4.274688 1.055408
-2.302265 1.087780
-4.260818 1.094450
-4.269896 1.069236
-4.244075 1.086101
-4.393691 0.994565
-4.455241 0.939029
-4.257538 1.113806
-4.284828 1.078071
-4.281125 1.074113
-4.285443 1.074669
-4.264386 1.090295
-1.328138 -0.118625
-4.319971 1.054933
-0.577242 0.841627
-0.516501 0.878568
-0.568970 0.866439
-0.561489 0.850600
-0.539494 1.572839
-0.541640 1.578309
-0.529807 1.582786
-0.543737 1.584791
-0.510302 1.627932
-1.148286 0.168925
3.774266 2.723930
-1.174070 0.206280
-0.524304 1.582707
-0.541604 1.581932
-0.544522 1.598176
-0.550334 1.590180
-0.532827 1.450386
-0.541105 1.597193
-0.549909 1.566513
-0.537033 1.595578
-0.546992 1.579710
-0.574179 1.628452
-1.203524 -0.068209
-0.540964 1.582488
-0.541897 1.612918
-0.546885 1.588042
-0.561298 1.564976
-0.539183 1.597194
-0.525232 1.607923
-0.529319 1.592044
-0.539837 1.587875
-0.541776 1.588297
-0.010517 -1.287430
-1.056330 -0.185513
-0.483469 -2.624200
-0.499428 -2.625496
1.750957 2.346601
1.789657 2.387635
1.756698 2.377938
1.733156 2.326335
1.753459 2.354690
1.753115 2.346673
1.807446 2.300255
1.787567 2.380753
-1.300494 -2.884870
1.759212 2.368691
1.734408 2.309246
1.725372 2.312032
1.705987 2.295970
1.753079 2.349352
1.749946 2.348436
1.758674 2.368900
1.724247 2.381993
1.756675 2.337072
1.745324 2.323003
-1.347922 -2.946807
1.760245 2.357068
1.767737 2.365386
1.745409 2.358023
1.739375 2.332516
1.760504 2.347143
1.751756 2.343442
1.731776 2.325499
1.716144 2.306895
1.765482 2.367515
1.768996 2.344938
-1.256191 -2.886567
1.754804 2.347907
1.728385 2.374017
1.757294 2.355055
1.751018 2.341406
1.752146 2.345097
1.712517 2.321926
1.755248 2.350310
1.750093 2.346440
1.749592 2.337231
-1.448980 -1.776380
-1.210268 0.150060
-0.051689 0.733223
-0.048962 0.730241
-1.516466 -2.802169
-4.385859 2.062161
4.016235 -2.807983
4.041090 -2.803665
3.994993 -2.787415
4.090751 -2.825766
4.034108 -2.814836
4.022261 -2.801985
-1.533222 1.217998
4.022563 -2.797622
3.981721 -2.823409
3.990525 -2.818356
3.997179 -2.781074
4.011221 -2.803434
4.009473 -2.794544
4.178995 -2.913809
4.206783 -2.923183
4.180550 -2.918958
4.186211 -2.913861
0.949150 0.345311
4.018157 -2.806163
4.023966 -2.783649
4.023830 -2.807012
3.979651 -2.787408
4.007057 -2.793881
3.991738 -2.778107
4.042217 -2.788738
4.018878 -2.799797
4.005033 -2.803184
4.028003 -2.805997
-2.059944 1.382813
4.035909 -2.768897
4.005077 -2.789109
4.011117 -2.794471
4.026468 -2.798621
4.034771 -2.818783
3.994150 -2.816137
4.034619 -2.834401
4.003088 -2.841326
4.027566 -2.810121
4.045761 -2.781588
3.726881 2.754058
-1.300274 0.249878
4.036295 -2.816999
4.037109 -2.824216
4.027909 -2.821392
4.048709 -2.782671
3.997196 -2.783584
4.011400 -2.811918
4.017563 -2.805984
3.663989 -2.841922
4.105704 -2.704885
4.088162 -2.709960
-1.383556 0.304608
4.132497 -2.679587
4.136003 -2.674163
-4.578650 -1.824314
-4.580409 -1.799528
-4.596227 -1.788606
-4.596913 -1.763015
-4.557672 -1.822547
-4.602275 -1.771646
-4.564988 -1.794126
-4.571048 -1.801113
-1.458221 -2.634696
-4.566628 -1.831770
-4.591593 -1.829035
-4.610564 -1.772475
-4.579032 -1.809159
-4.573915 -1.803449
-4.586455 -1.833559
-4.573040 -1.792472
-4.577843 -1.805769
-4.543028 -1.847433
-4.544632 -1.836064
-1.149864 0.199937
-4.541498 -1.760652
-4.585197 -1.822583
-4.548293 -1.782586
-4.556629 -1.780522
-4.580282 -1.810504
-4.597851 -1.818230
-4.559036 -1.824327
-4.587902 -1.814181
-4.573351 -1.814678
-4.577449 -1.835645
-1.193741 0.177503
-4.561396 -1.793545
-4.554628 -1.771395
-4.596516 -1.777984
-4.617979 -1.828124
-4.594754 -1.830422
-4.573952 -1.804871
-4.573603 -1.806728
-4.572947 -1.810349
-4.587500 -1.823483
-4.613182 -1.772580
-1.235858 0.307771
-4.525520 -1.862559
-4.541637 -1.777079
-4.572322 -1.806303
-4.582221 -1.800379
-4.567414 -1.831588
-4.580125 -1.807196
-4.587919 -1.814431
-4.586591 -1.825575
-4.579117 -1.813189
-4.571483 -1.800482
-1.256569 0.336458
-4.563150 -1.820029
-4.576664 -1.804212
-4.595585 -1.824748
-4.581283 -1.817197
-4.581845 -1.816613
-4.557506 -1.768936
-4.567542 -1.816475
-4.578411 -1.775272
-4.570189 -1.810721
-4.575114 -1.807818
-1.266705 0.340134
-4.610022 -1.834904
-4.561349 -1.817515
-4.582540 -1.790033
-3.141176 -1.709465
0.131707 -3.624029
4.445002 0.594724
5.261119 0.868137
5.278921 0.888042
5.299813 0.849656
5.285578 0.872976
-1.248480 0.310867
5.257781 0.855139
5.274013 0.871020
5.314106 0.903646
5.256306 0.860627
5.262731 0.897745
5.257447 0.856259
5.275387 0.858499
5.266351 0.869029
5.272736 0.865767
5.260770 0.878866
-1.084545 0.491970
5.283666 0.879910
5.298117 0.838411
5.288495 0.851248
5.276582 0.864604
5.242456 0.892596
5.276687 0.874630
5.320197 0.866486
5.274038 0.899312
5.214498 0.874323
5.288738 0.857354
3.819724 2.716653
-0.037933 0.740908
5.198725 0.806082
5.258625 0.872008
5.299282 0.876160
5.255748 0.847301
5.252882 0.869769
5.259870 0.883625
5.260801 0.850813
5.301813 0.899287
5.253301 0.869845
5.311882 0.910585
-1.189659 0.201154
5.241690 0.931657
5.237703 0.877937
5.301540 0.930661
5.256164 0.902605
5.260201 0.848067
5.294193 0.883212
5.277359 0.854005
5.261915 0.882768
5.259366 0.848193
5.254384 0.882308
-1.171646 0.206331
5.271967 0.893949
5.278095 0.861089
5.295832 0.847098
5.245143 0.894834
5.259185 0.854583
5.273067 0.866982
5.239068 0.881469
5.193155 0.821091
5.334317 0.821696
5.246877 0.885744
-0.770381 0.072509
5.202591 0.934413
5.233294 0.909085
5.283093 0.874258
5.230587 0.913834
5.222686 0.866772
5.214880 0.800368
5.291476 0.853497
5.298763 0.896290
5.269445 0.875289
5.317340 0.902411
-1.184121 0.221215
5.260571 0.825444
5.276275 0.873113
5.252335 0.854456
5.273920 0.894945
5.269623 0.888494
5.231280 0.851454
5.273538 0.866875
5.256082 0.854282
5.198791 0.820356
5.306963 0.912198
-1.711784 3.199307
5.301756 0.873201
5.250861 0.921479
5.426244 0.753487
5.443839 0.734825
5.465057 0.724979
5.414222 0.761781
5.427083 0.752628
5.443370 0.739296
5.412734 0.764023
5.425726 0.754189
-1.797671 3.191912
4.449019 0.616664
4.465067 0.597233
4.420102 0.611116
4.427231 0.603910
4.417212 0.619842
4.454600 0.586958
4.434859 0.608110
4.442248 0.596795
4.458865 0.588639
4.485757 0.552240
-1.165818 0.258424
4.484459 0.559198
4.407804 0.633603
4.450032 0.594103
4.432334 0.584814
4.427977 0.589536
4.428958 0.596566
4.441818 0.598022
4.427197 0.612731
4.430835 0.600702
4.424364 0.631359
-1.203447 0.165853
4.460094 0.595981
4.464002 0.578885
4.423193 0.613496
4.116274 0.820737
4.099755 0.849908
4.157166 0.782443
4.108907 0.821412
4.102859 0.833046
4.102261 0.829689
4.117508 0.816353
-0.711628 -0.112192
4.111552 0.830079
4.119073 0.831717
4.116625 0.817667
4.116900 0.813038
4.108498 0.819881
4.117723 0.813079
4.115178 0.796574
4.123277 0.811378
4.108174 0.820084
4.110125 0.807248
3.802218 2.697787
-0.924798 -0.217612
4.114299 0.818733
4.074311 0.851305
4.123169 0.808215
4.105313 0.821717
4.130530 0.801250
4.060820 0.869481
4.117012 0.816421
4.111458 0.816657
4.119650 0.814299
4.132816 0.799725
-0.926544 -0.206201
4.108335 0.823183
4.122437 0.819665
4.105427 0.825374
4.089858 0.846943
4.115382 0.826095
4.117115 0.807786
4.135284 0.830985
4.135233 0.793167
4.106381 0.818927
4.117917 0.812126
-0.976440 -0.215703
4.108678 0.824140
4.114284 0.819281
4.114081 0.816362
4.492748 0.549221
4.520070 0.515862
4.510371 0.530886
3.883020 0.234253
3.883667 0.237044
3.893332 0.244836
3.884613 0.242001
-1.282266 -0.006014
3.878636 0.230978
3.879376 0.232620
3.888122 0.240898
3.888834 0.236045
4.532534 0.646416
4.548800 0.639242
4.521405 0.638960
4.452413 0.542971
4.494147 0.519450
4.477576 0.534925
-0.927675 -0.178160
4.423523 0.635713
-1.681274 3.145550
-1.767864 3.263368
-1.675843 3.244122
-1.734789 3.175845
-1.669564 3.224660
-1.780092 3.278132
-1.677463 3.176174
-1.688394 3.239129
-1.716209 3.808680
-1.035465 -0.368762
-1.714600 3.824573
-1.709325 3.840034
-1.713883 3.831590
-1.713610 3.829130
-1.719118 3.817786
-1.714490 3.829703
-1.714164 3.836265
-1.713477 3.834120
-1.716389 3.830773
-1.715601 3.839338
-1.086960 -0.402313
-1.750642 3.248442
-1.726874 3.253611
-1.659412 3.235530
-1.755613 3.174620
-1.735958 3.226387
-1.696388 3.214336
-1.720566 3.208294
-1.644990 3.262473
-1.688789 3.197927
-1.651650 3.152907
-0.014049 -1.299757
-1.715315 3.232902
-1.714075 3.164634
-1.711025 3.223016
-1.623820 3.151431
-1.708378 3.230416
-1.695335 3.220985
-1.692310 3.226400
-1.691660 3.189516
-1.652096 3.154719
-1.693313 3.293651
0.069445 -1.632260
-1.766916 3.241070
-1.705038 3.208712
-1.777214 3.256334
-1.653902 3.216460
-1.663783 3.234818
-1.674066 3.192964
-1.732556 3.209567
-1.716904 3.233376
-1.667668 3.159299
-1.715355 3.154483
0.075620 -1.640218
-1.692656 3.197568
-1.691547 3.160326
-1.699111 3.220439
-1.654895 3.152543
-1.684332 3.188293
-1.706656 3.204053
-1.756632 3.146464
-1.713109 3.211298
-1.697821 3.230733
-1.707961 3.200034
3.817100 2.708100
0.067962 -1.658368
-1.712926 3.218488
-1.693032 3.203449
-1.651355 3.205961
-1.689343 3.220649
-1.734401 3.243197
-1.647119 3.315736
-1.708978 3.178469
-1.735787 3.270884
-1.700614 3.230738
-1.751443 3.277370
0.077181 -1.647614
-1.727004 3.180465
-1.700315 3.230043
-1.699060 3.211683
-1.671920 3.186520
-1.717331 3.219041
-1.744900 3.160700
-1.721656 3.261420
-1.714187 3.204761
-1.737330 3.205102
-1.676452 3.229884
0.067059 -1.634030
-1.712233 3.240065
-1.690486 3.180752
-1.723161 3.196017
-1.745711 3.234127
-1.718539 3.188823
-1.740924 3.188040
-1.757403 3.165034
-1.699913 3.194963
-1.671952 3.245595
-1.705690 3.209421
0.070655 -1.650117
-1.697103 3.183154
-1.726261 3.215437
-1.697756 3.199027
-1.757911 3.274166
-1.690482 3.300888
-1.721354 3.157916
-1.764724 3.257019
-1.735106 3.147143
-1.744103 3.199679
-1.731569 3.191962
0.090496 -1.655432
-1.767310 3.186493
-1.675835 3.174633
-1.683842 3.173039
-1.744531 3.153154
-1.699851 3.179474
-1.755969 3.185318
-1.756180 3.258671
-1.697573 3.190983
-1.715039 3.214590
-1.692285 3.216394
0.078435 -1.641878
-1.783897 3.248832
-1.702128 3.220097
-1.727228 3.239044
-1.675030 3.229986
-1.710266 3.211379
-1.647437 3.151583
-1.614439 3.403911
-1.585001 3.451193
-1.658157 3.228121
-1.686997 3.229918
0.069738 -1.630679
-1.759310 3.277908
-1.734283 3.229358
-1.681020 3.328700
-1.674793 2.760712
-1.686319 2.750268
-1.743696 3.215358
-1.736894 3.145807
-1.733810 3.225974
-1.754965 3.170254
-1.706002 3.253388
0.073714 -1.640215
-1.721606 3.186105
-1.731594 3.189496
-1.777114 3.127423
3.683512 -0.489697
3.726129 -0.436818
3.738141 -0.424748
3.747358 -0.449886
3.701988 -0.434373
3.722264 -0.432440
3.730369 -0.439234
-0.117192 -1.395412
3.673998 -0.398518
3.756838 -0.483640
3.778828 -0.500881
3.747363 -0.507474
3.738597 -0.452896
3.721406 -0.435546
3.708444 -0.453739
3.724569 -0.424425
3.724924 -0.432709
3.709698 -0.438466
-0.115845 -1.392126
3.736981 -0.466927
3.732084 -0.438102
3.736242 -0.428677
3.723878 -0.443402
3.720068 -0.453078
3.734279 -0.401382
3.722902 -0.434957
3.708187 -0.440512
3.713485 -0.432513
3.721686 -0.433975
3.798452 2.696316
-0.119453 -1.404291
3.734754 -0.449223
3.730929 -0.443547
3.730445 -0.421195
3.726106 -0.435949
3.716079 -0.435805
3.887415 -0.433691
3.908260 -0.432302
3.891816 -0.434271
3.898311 -0.433193
3.860838 -0.442849
-0.148751 -1.421220
3.891282 -0.432837
3.919576 -0.426712
3.725888 -0.434623
3.718944 -0.430106
3.713699 -0.437751
3.722369 -0.432735
3.741511 -0.432116
1.334638 -2.288090
1.336305 -2.276661
0.028933 -3.937709
0.185325 -1.047574
1.806019 -1.370101
2.036601 -1.163035
2.024974 -1.160249
2.027232 -1.178737
2.029785 -1.162280
2.013975 -1.155990
2.082163 -1.293196
2.088772 -1.348083
2.034787 -1.138622
2.034151 -1.169952
0.191048 -1.042203
2.033522 -1.163725
2.028920 -1.164448
2.073510 -1.094291
2.088533 -1.028900
2.035698 -1.171276
2.022382 -1.173952
2.029889 -1.148046
2.034377 -1.174943
2.019730 -1.150804
2.029506 -1.166685
0.200226 -1.033473
2.018554 -1.185030
2.087380 -1.755004
2.087099 -1.797062
2.098804 -1.802312
2.100160 -1.806241
2.125426 -1.809470
2.141945 -1.824315
2.147389 -1.827994
2.149263 -1.830029
2.127258 -1.826237
0.194064 -1.026112
2.334010 -1.740245
2.323399 -1.649736
2.304964 -1.586392
2.342373 -1.759867
2.352709 -1.753896
2.343263 -1.746718
2.346246 -1.755081
2.332829 -1.750092
2.324893 -1.658419
2.341547 -1.748120
0.183800 -1.049026
2.328290 -1.654243
2.341719 -1.766273
2.337950 -1.767789
2.119195 -1.938883
2.127235 -1.971078
2.125970 -1.957105
2.132962 -1.958641
2.129991 -1.957855
2.123443 -1.958367
2.130480 -1.959355
0.178865 -1.049737
2.136051 -1.961883
2.121859 -1.980306
2.078043 -1.454519
2.344396 -1.590694
2.319597 -1.582880
2.309546 -1.562793
2.309007 -1.587885
2.297658 -1.572826
2.297050 -1.558064
2.107481 -1.437543
0.190978 -1.041607
2.125910 -1.433562
2.102808 -1.359017
2.102568 -1.355227
2.112137 -1.363767
1.814084 -1.374994
1.796618 -1.373057
1.770427 -1.380113
1.701926 -1.270837
1.813526 -1.379719
1.790613 -1.386626
0.143235 -1.080541
2.198223 -1.940676
1.317288 -1.349961
1.828667 -1.374387
1.815169 -1.371259
1.779916 -1.355734
-1.590658 1.905521
-1.543477 1.932647
-1.582357 1.920773
-1.585134 1.923249
-1.591025 1.922203
3.780547 2.712472
0.169327 -1.061845
-0.754005 2.205796
-0.700236 2.156192
-1.712230 1.917189
-1.561238 1.911606
-1.561264 1.945578
-1.582040 1.901926
-1.580255 1.928599
-1.669113 2.680996
-1.614727 1.924122
-1.934028 1.816903
0.179230 -1.048232
-2.177972 2.077780
-1.891338 1.893576
-1.909939 1.894407
-1.582234 1.936116
-1.596715 1.929038
-1.599859 1.909262
-1.603035 1.918830
-1.583208 1.924161
-1.663898 1.841364
-1.579486 1.918051
0.188240 -1.044394
-1.572830 1.927412
-1.591372 1.908091
-1.587367 1.921067
-1.584690 1.909218
-1.500101 1.512582
-1.617651 1.932663
-1.611739 1.929647
-1.592602 1.925449
-0.705198 2.149179
0.084224 -4.010508
0.188703 -1.044855
1.389638 4.624697
1.489607 0.132251
-1.975819 1.348984
-2.204662 1.434136
-2.217386 1.457346
-2.219357 1.448655
-1.172283 0.213654
-1.168571 0.228920
-1.209976 0.020398
-1.118318 0.119377
0.193384 -1.042515
-1.582602 -0.863871
-1.248018 -0.031477
-1.101089 0.019727
-1.283506 -0.440989
-1.133404 0.022457
2.382812 -0.220224
2.390089 -0.218967
3.071259 -1.368949
3.094162 -1.393981
-1.200588 -0.269196
0.197838 -1.028774
-1.211514 -0.295447
2.731124 -0.894164
2.459165 -0.778022
2.416673 -0.760467
2.464877 -0.775592
2.458714 -0.784801
1.174352 4.965427
-2.521961 1.466526
-2.338253 1.127983
-0.856442 3.790834
0.182642 -1.049963
-0.853591 3.812239
-0.837555 3.761848
0.596387 0.016057
-1.087369 -0.001854
-1.904689 -0.117150
-1.897803 -0.119129
-2.681153 0.049375
-2.663216 0.020793
-2.479340 0.040953
0.766243 0.208833
0.196002 -1.039576
2.776583 -1.150626
2.788353 -1.160952
-2.658762 0.022066
-2.718987 -0.000383
-2.756068 -0.021752
2.320187 -0.227156
2.328572 -0.211206
-1.696280 0.820807
-1.826362 1.073418
-1.702905 0.768610
-0.041298 -1.323053
-1.702253 0.754873
-1.875674 -0.112495
-1.893713 -0.117476
-1.590255 -0.170302
-1.888872 -0.095350
2.990378 -1.281253
3.019506 -1.297295
2.996213 -1.282359
3.053571 -1.341320
3.047900 -1.334564
-0.064789 -1.289657
-0.879553 1.870711
-0.939536 1.672513
-2.047218 0.594936
-2.058954 0.595098
0.593499 0.078394
0.573909 -0.030422
0.574670 -0.015662
-2.753390 1.960260
-2.761441 1.960972
2.622141 -0.049315
3.796935 2.697102
-0.048052 -1.303767
2.620590 0.052858
-1.396665 0.837696
-2.738303 1.925833
-2.713015 1.861678
-2.799725 2.119743
-1.444717 0.992237
-4.463205 0.933373
-4.468862 0.925218
-2.021241 1.961051
-1.183446 -0.453152
-0.040230 -1.306791
0.584122 0.383130
0.537511 0.864273
0.585802 0.388748
0.582349 0.256791
0.250779 -4.622130
-1.464178 -0.143257
-2.179336 2.074220
-2.165368 2.066768
-2.162807 2.074320
-2.698446 0.048090
-0.051045 -1.293891
-2.780025 2.002755
5.108466 -1.159353
5.195723 -1.226386
5.186164 -1.221377
2.913705 -0.069002
2.885253 -0.068838
-0.804349 -0.361752
-3.109924 2.357880
-3.295376 2.500891
-3.424150 2.556700
-0.036032 -1.283701
-3.314127 2.574183
-3.306535 2.511105
-0.925436 -0.185755
1.472046 0.122730
1.662950 0.215761
1.483641 0.127276
-0.858000 0.634801
-0.863299 0.631865
-0.892374 0.598065
-0.473066 -0.054604
-0.019290 -1.279575
-0.443425 -0.066879
0.805886 0.646070
0.291008 0.528947
0.926596 0.790291
-0.862261 2.676537
0.238160 -4.590921
0.238326 -4.591362
0.263652 -3.853920
-2.701177 1.838724
-2.726070 2.256618
-0.025876 -1.291696
-2.690378 2.252168
0.940068 0.333407
0.939260 0.315039
-0.786440 2.241315
-0.764195 2.216140
-0.545363 0.884345
-3.119424 2.360434
-3.171466 2.357772
-1.883446 -0.106272
-0.990261 0.198124
-0.022291 -1.310956
-3.215436 2.332741
2.476061 1.177749
2.464371 1.172384
-1.942350 -0.525195
2.426821 -0.764276
0.964858 -0.159115
-1.584235 -0.197469
-1.604721 -0.180858
1.171375 4.331865
1.169032 5.036354
-0.084336 -1.309257
-1.180027 0.060559
-0.866844 -0.204648
-2.707472 1.847347
-1.051342 -0.515593
-1.004766 -0.624141
-1.141578 0.619232
-1.241625 0.764442
-1.937317 -0.092751
-2.760787 1.969725
0.632689 0.351766
-0.011201 -1.305698
-2.651760 0.023634
-2.704906 1.843050
-0.848380 3.852993
-0.848700 3.892223
5.107958 -1.167496
2.805418 -0.087942
0.923824 0.316781
0.939611 0.245780
1.495478 0.964207
1.896936 1.057160
-0.019008 -1.287582
-1.069818 -0.397197
2.329226 -0.244355
2.801759 -0.091241
3.037775 -1.330588
0.862200 4.282979
0.750586 4.207414
-0.928741 1.640506
-2.069377 0.595278
-2.208013 1.315707
-3.309950 2.598763
3.798258 2.701044
-0.023923 -1.293694
-0.791581 2.292993
-0.835724 3.607601
0.918159 0.338618
2.521077 -0.120467
-1.938844 -0.744305
0.913177 0.345885
4.480914 2.876363
3.071881 -1.373838
-1.189526 -0.461724
-1.387156 -0.549198
-0.023589 -1.308090
-1.401739 -0.531485
0.552009 0.825049
-0.153131 2.684182
-0.152179 2.677724
-0.017431 -4.021295
-0.032486 -4.053514
2.760571 -0.044003
2.821484 -0.084008
-2.752928 1.965068
2.914568 -0.365215
-0.007214 -1.279868
2.946710 -0.365148
-0.094650 1.517366
-0.094629 1.550894
-0.076402 1.543343
1.475026 0.137232
-0.592518 -0.555600
0.807624 0.699957
-0.827954 -0.309203
0.242871 -4.108660
-1.055328 -0.478299
-0.019593 -1.297686
-1.044866 -0.551242
1.655734 -1.221953
1.075866 0.421028
1.100578 0.425672
-2.695662 1.838779
4.808654 -1.085698
4.783569 -1.105317
4.630233 -0.998674
4.815987 -1.082106
4.817738 -1.084029
-0.046419 -1.308783
4.794112 -1.064757
4.831780 -1.093562
4.791196 -1.084892
4.788516 -1.086414
4.966619 -1.122799
4.815226 -1.083555
4.813111 -1.082171
-0.689303 2.163038
-0.692282 2.172397
-0.851545 3.799398
0.002594 -1.280684
-1.050854 0.461463
-1.053795 0.473878
4.490996 2.875021
2.982479 -1.279197
0.911874 0.325923
1.507148 -1.050972
2.636759 1.283571
2.646476 1.291962
0.597036 0.401908
-1.218994 -0.016531
-0.019730 -1.308562
-1.365201 -0.519111
1.506423 -1.051060
2.645000 1.289556
2.724741 -0.724712
2.677567 -0.921737
2.695335 -0.888593
0.886201 0.364277
1.595049 0.244486
-1.398552 1.163121
-1.398339 1.180587
-0.019252 -1.241425
3.678174 -0.505256
-1.961764 0.510545
-1.398192 1.121899
2.887742 -0.261712
2.883774 -0.255358
2.386374 -0.222333
0.927871 0.786908
3.135740 -1.315958
3.156118 -1.319634
-0.479961 2.023153
-0.097583 -1.994676
0.884405 4.765358
-3.140678 2.376904
-0.969979 1.695797
-0.993460 1.720805
-0.977293 1.707953
-0.976200 1.699727
0.915015 0.793776
0.925582 0.791589
2.554105 1.174369
2.571666 1.173822
-1.492245 -1.274054
2.440191 -0.766374
-2.132662 0.834347
-2.271428 -1.292616
2.421404 -0.761438
-1.271706 -4.899601
-1.496899 1.531022
-1.496949 1.539478
-1.498643 1.541652
-2.528716 1.644146
-2.509341 1.672652
3.713873 2.886547
0.059778 -1.305678
1.895997 1.059312
0.454860 1.559849
0.425527 1.550328
-2.213565 -1.198438
-0.690905 -0.010049
1.913050 1.061033
1.913804 1.061458
2.448443 -0.774176
0.784750 0.683464
0.780383 0.682711
0.088061 -1.321225
2.946604 -0.779413
2.665040 -0.928979
2.804997 -0.626770
2.872359 -0.508640
2.750284 -0.722034
1.144201 0.178114
1.154536 0.155743
2.730865 -0.701169
-1.538279 1.931508
-1.507354 1.991704
-0.037060 -1.291184
-1.677528 -1.221955
-1.624854 -1.214214
-2.237037 -1.299567
-1.667550 3.420221
2.987509 -1.284195
-0.839059 3.910120
4.950834 -1.118231
4.970072 -1.122838
5.234724 -1.152272
5.224820 -1.152916
-0.033714 -1.293653
-1.308817 0.849342
-1.369862 0.922401
-1.445968 0.986827
-1.436760 0.991138
5.233305 -1.144733
0.218808 2.181127
0.210099 2.183650
5.226268 -1.153390
5.232766 -1.153203
0.209969 2.184724
0.004725 -1.296164
-0.692465 0.179657
-0.665726 0.181311
5.222940 -1.154002
-2.146194 0.068339
0.480739 1.220235
0.471422 1.333000
-1.946366 -0.101543
-3.144159 -1.709334
-1.411342 1.066522
3.035342 -0.796226
-0.024138 -1.296895
3.082754 -0.808729
3.045473 -0.796244
0.803780 0.700418
0.799191 0.704397
-0.867657 3.801899
-0.876324 3.802407
2.797756 -0.092496
4.189651 -2.904071
4.189978 -2.902158
2.538700 -0.098825
-0.020759 -1.272947
-1.007230 1.727418
0.909196 0.327668
2.474961 1.172182
0.936562 0.322865
0.950864 0.321290
2.472525 1.167167
2.468489 1.159667
-1.997306 0.576380
4.791337 -1.084846
-1.785726 3.116114
-0.031155 -1.298810
-0.700816 1.275554
-0.716206 1.310071
2.224888 1.124159
1.908873 1.063875
-2.814972 2.131212
-2.825714 2.151415
-2.668725 0.023833
2.567078 1.172389
-2.811274 2.136310
-2.823960 2.146343
-0.035976 -1.318650
-1.390776 0.802837
-2.800375 2.118419
-2.801736 2.111521
-2.814429 2.137127
-1.400876 2.623089
-2.805164 2.117255
4.508141 2.878730
-2.171044 1.568626
-2.207909 1.569878
0.582499 -1.633145
-0.046453 -1.291445
-0.056206 -1.325561
0.001321 -1.317947
-1.353147 -0.151176
1.175017 -1.195774
1.167333 -1.191844
-3.215080 2.343559
0.959610 0.832201
0.980072 0.848157
0.968903 0.843102
0.958777 0.852385
-1.925845 -0.741755
3.695271 2.895865
-0.033618 -1.326902
0.146562 -3.614536
-0.807535 0.295519
-1.846581 3.183733
-2.171047 2.077760
2.835336 -0.088968
2.471224 1.167469
3.087080 -1.390288
2.986977 -1.279673
2.756696 -0.723985
-1.700255 2.758561
-0.052945 -1.336380
-1.437776 0.972958
-1.339143 -0.175169
-1.855215 3.307681
2.330472 -0.242129
-1.369112 -0.175143
4.782671 -1.083655
-3.107890 2.328999
-1.103823 -4.724014
0.514143 0.577218
0.506982 0.632631
-0.052841 -1.325835
0.506895 0.677700
5.137386 -1.170171
-1.446205 0.993401
-1.446829 0.999001
-1.081089 0.261750
2.457324 -2.261647
1.491115 -1.048818
0.505530 0.703364
0.508413 0.706079
-0.903490 0.600533
-0.030706 -1.307346
-2.459161 0.042591
-1.576051 1.948090
-1.567471 1.951665
-1.594557 3.436804
-1.600705 3.424684
0.101959 -3.534815
0.099969 -3.561260
0.076004 -3.606653
-2.105880 0.614666
-2.535479 1.474305
-0.046172 -1.294058
2.978945 -1.288757
3.093229 -0.819648
-1.692214 0.745163
-3.133852 2.370856
-3.119294 2.353311
-3.118666 2.353137
-3.105299 2.347206
-3.135375 2.373577
-3.121624 2.357552
-3.122240 2.354549
-0.030035 -1.296395
-3.124684 2.358727
-3.118912 2.358029
-3.098458 2.329994
-2.706507 1.845094
-2.659132 1.811511
-3.125507 2.392430
-3.137604 2.371933
-3.142814 2.379049
-3.128805 2.365382
-3.098435 2.332395
0.004886 -1.318667
-3.128992 2.365481
-3.171967 2.404740
-3.174870 2.403867
-3.108268 2.372343
-1.708582 1.926503
-0.699072 2.150193
-0.718626 2.154452
-0.710720 2.157294
-0.700948 2.158580
-0.704964 2.151990
0.064734 -1.312352
-0.703728 2.146555
-0.692109 2.131943
-0.706984 2.158499
-0.718133 2.154501
-0.699497 2.145411
-0.700403 2.159265
-0.686418 2.180361
-0.681790 2.173141
-0.700133 2.147403
-2.145105 1.673700
-0.043652 -1.313254
-2.170799 1.660082
0.390908 1.517556
0.416120 1.495696
-1.175299 -0.001588
-3.440827 2.572043
-3.446963 2.580060
2.538241 -0.100275
2.811625 -0.055226
2.780964 0.030690
1.758977 2.344157
0.387030 -1.470314
-0.858207 3.800609
-0.855876 3.808005
0.525017 0.565958
0.785651 0.438088
1.583278 -2.131143
-0.060553 0.710942
-0.705544 1.298099
1.890156 0.208018
0.830051 0.637814
0.855838 0.639952
3.714157 2.873657
0.395949 -1.469286
1.253228 1.620960
2.917671 -0.365079
2.915533 -0.365369
2.893284 -0.435523
2.801160 -0.083609
2.835873 -0.063593
2.813220 -0.098831
2.799477 -0.090394
2.734904 -0.018483
2.815251 -0.078758
0.393625 -1.471603
2.817581 -0.093495
2.795674 -0.094243
0.923216 0.794144
2.650281 1.292712
1.515941 -2.171275
-1.461387 1.021833
0.978483 0.347495
1.026588 0.342162
0.993176 0.347977
-1.494876 1.534228
0.366814 -1.454412
-2.760291 -0.017701
3.085207 -0.812995
3.056057 -0.803024
3.068627 -0.812351
1.535797 0.964756
-1.167956 -0.457508
0.043553 1.977074
0.027370 1.975906
0.929295 0.353470
-2.302240 2.242247
0.415171 -1.493229
-2.304902 2.252742
-2.341352 2.271899
-2.254535 2.180592
-2.311015 2.256503
-2.272866 2.219283
2.805949 -0.040504
2.819265 -0.018705
2.799600 -0.012878
2.802352 -0.025194
0.498481 0.741089
0.395192 -1.469886
-0.083775 -1.338915
0.515932 0.682093
0.559709 0.844714
1.263545 1.639858
-1.583305 -0.187255
0.375338 -1.455165
2.817310 -0.099486
1.588593 -2.129859
1.599570 -2.120055
2.423689 -0.761043
0.392157 -1.468807
2.410618 -0.752694
-1.269793 -4.899399
-2.460952 -4.744653
-0.974140 1.704045
-0.856819 -0.171037
0.213502 2.185491
0.209784 2.184159
3.001454 -1.293264
2.558192 1.173907
0.027068 -1.242809
0.385663 -1.469223
-1.067793 0.519863
0.899872 0.314829
-0.842967 3.816523
0.453797 1.555607
1.140742 0.453355
2.551155 1.227906
-1.090126 -4.712654
2.959579 -0.370083
2.941759 -0.349321
2.998864 -1.292331
0.391043 -1.469554
2.811668 -0.098159
2.804891 -0.088137
2.628199 0.055574
-0.069803 0.731894
-3.452604 2.563188
1.646457 -1.199216
2.091142 -1.012602
2.089067 -1.029214
-2.002553 0.577383
-2.005958 0.582920
0.389540 -1.472873
-2.001169 0.588442
-2.010554 0.598927
-2.027871 0.598231
0.933777 0.805777
5.225021 -1.238022
-1.703974 3.259569
-1.715938 3.217819
3.000823 -1.286413
2.980253 -1.281615
2.990269 -1.289541
0.395220 -1.469090
2.989154 -1.285865
2.992414 -1.282999
3.005537 -1.296485
2.983582 -1.272442
3.068266 -1.301237
3.011085 -1.300514
2.995770 -1.288408
0.726997 4.190279
-1.998870 1.369740
-2.009706 1.396024
3.717127 2.878942
0.390993 -1.469315
-1.983405 1.355419
2.549490 1.173841
2.646650 -0.926828
-3.278589 2.484383
-3.294047 2.503603
0.302141 0.646874
5.233149 -1.154691
2.760515 -0.708513
4.762822 -1.118466
2.663353 1.300578
0.393628 -1.474325
0.721919 4.188575
0.898822 0.303390
0.893025 0.297921
5.107357 -1.159910
-0.185877 1.861673
-0.203029 1.865408
-0.052162 0.727806
-0.151906 2.690358
-0.991732 -0.681130
2.990370 -1.280481
0.382328 -1.466983
-0.511328 1.508501
2.995302 -1.276177
-3.901651 1.260457
2.782237 -1.153834
1.312522 -1.355072
1.312531 -1.348499
0.095513 -1.316631
5.109090 -1.160845
5.117590 -1.164576
5.081177 -1.154417
0.402125 -1.473166
5.115787 -1.163576
5.109307 -1.160133
5.107186 -1.159788
5.103311 -1.141759
-2.664117 0.020015
2.704875 -0.861863
3.499822 -0.048425
5.098771 -1.155712
-2.298598 0.768734
1.913733 1.072313
-0.027496 -1.309477
1.909107 1.077551
-1.573538 -0.183304
-1.589107 -0.177800
-3.148700 2.381800
-1.711568 3.192453
-1.061506 0.497549
0.073323 -3.922596
3.099599 -0.814688
0.196370 -1.036252
2.879673 -0.503517
-0.017246 -1.308719
2.874403 -0.503547
2.872647 -0.510221
-2.789852 2.100581
0.252707 -4.632764
-2.222351 1.448553
-0.499451 1.521900
5.235927 -1.252396
5.244539 -1.245194
1.790951 -1.364590
-0.705599 1.314134
0.010364 -1.258886
2.804850 -0.079505
1.490794 -1.047383
1.493890 -1.046665
1.486754 -1.038204
-1.354478 0.907143
-2.459750 -4.737507
-2.445298 -4.686161
-1.257161 -0.032535
-2.140036 0.070322
-2.141214 0.067563
-0.060168 -1.295666
1.054887 0.363093
2.564634 1.173394
2.558247 1.173791
-1.418448 2.625351
-1.416367 2.612463
-1.432259 2.630757
-1.415885 2.630104
0.922797 0.334442
-2.309745 2.255461
2.569787 1.172549
-0.039429 -1.304791
0.255651 1.729818
0.263590 1.717755
-0.725346 -0.390208
2.767131 -1.145516
2.773512 -1.155905
-0.852997 3.911131
0.505556 0.751639
-0.845972 3.774880
-0.843291 3.822878
0.940480 0.319563
-0.422277 -0.528694
-2.186651 1.690025
-2.158218 1.661142
1.475516 0.167014
1.443384 0.143294
1.422619 0.118284
1.460576 0.140374
1.416588 0.113979
-0.531342 0.863783
2.779665 0.014310
-3.447064 2.552922
3.721650 2.872150
-0.255312 -0.812003
2.989281 -1.280018
-1.126255 -0.302943
1.833224 -1.333677
-0.587808 -0.562048
-0.602358 -0.558735
0.796902 0.650990
0.797746 0.654133
0.807148 0.625670
-1.021672 -0.568768
-3.433730 2.563677
-0.007154 -1.308539
1.129255 0.446491
1.106002 0.419259
1.116104 0.424796
1.094708 0.423528
2.808035 -0.090487
-0.722991 1.320830
0.937252 0.334355
-2.687523 1.830328
-1.430968 -2.658026
3.069819 -1.380334
-0.020614 -1.360471
0.863891 -0.703356
0.904793 -0.757794
-2.222372 1.445640
-2.227597 1.455622
-2.537517 1.478191
2.947456 -2.906828
2.944716 -2.896173
2.930421 -2.887395
1.054322 0.346205
0.427415 1.546664
-0.071367 -1.334725
-0.060170 1.541185
2.992191 -1.293528
-1.582854 -0.175858
3.093937 -0.810623
-1.621585 -0.893484
-1.637686 -0.915946
5.095297 -1.164062
2.453646 -0.777340
2.439306 -0.776108
2.445065 -0.771979
-0.022700 -1.289120
2.436052 -0.770941
1.170412 5.016637
0.811923 0.710911
-1.932090 -0.495631
-1.949657 -0.527854
-1.943917 -0.518847
-1.941248 -0.519152
-1.943501 -0.513645
-1.950008 -0.514398
-1.947746 -0.534027
-0.026721 -1.290556
-1.952503 -0.528049
-1.164663 0.025193
-1.161329 0.036996
-1.149552 0.040918
-1.146750 0.029586
-2.348525 1.131749
-0.869623 3.814150
-0.858507 3.804973
-0.821234 -0.310427
-0.795197 -0.348632
-0.029891 -1.291955
-2.001119 1.377622
-1.975366 1.366895
-1.997947 1.383179
-4.468597 0.926844
-1.198607 -0.519215
-1.201454 -0.485871
1.741446 2.326612
1.756451 2.353058
1.776237 2.324994
1.763351 2.369138
-0.035783 -1.316334
1.770100 2.366556
1.751075 2.351872
1.750962 2.354625
-1.051952 -0.391958
-1.889290 1.896165
-1.868950 1.885995
-1.894165 1.888205
-1.902647 1.882470
-1.890912 1.895988
-1.900901 1.896991
-0.084488 -1.345515
-1.908963 1.854858
-1.904784 1.889207
-1.885165 1.889309
-1.914096 1.856328
-1.874261 1.871384
-0.143529 2.673079
-0.160113 2.668866
-1.378329 -0.116806
0.236143 -4.581004
0.252393 -4.621948
0.007896 -1.334686
-2.171330 2.075791
-2.176301 2.071190
-2.160560 2.066037
-1.392969 0.300705
-2.005984 0.589395
5.182118 -1.218082
2.895494 -0.048360
2.873383 -0.074361
2.907497 -0.061795
-0.773556 -0.373898
3.717012 2.885446
0.011128 -1.263599
-0.783756 -0.372260
-0.785214 -0.391577
-0.793439 -0.375317
-0.810284 -0.384119
-0.881831 -0.226694
-0.891456 -0.216168
-1.941586 -0.099513
1.811070 2.294269
3.059484 -1.347488
-1.931792 -0.739335
-0.000045 -1.265590
2.635887 0.049613
2.633264 0.059751
2.612227 0.065411
-0.152882 2.697105
0.796663 0.211586
0.780421 0.203224
0.801098 0.211711
-2.664226 0.022693
-2.675099 0.023620
-2.661112 0.022771
-0.067203 -1.278929
-2.665169 0.025869
-2.680772 0.027290
2.310385 -0.241506
2.306917 -0.214633
3.508255 -0.036367
3.519914 -0.044044
-3.438797 2.560481
0.660261 1.896848
-1.963724 -0.860364
-2.221737 1.448029
-0.017216 -1.306617
-2.241187 1.449595
0.080463 -3.983660
-3.322077 2.575227
-1.109202 -0.169578
-1.111859 -0.217540
1.506472 0.143231
1.485233 0.129314
1.496246 0.120244
1.486217 0.125540
1.481946 0.122212
1.053837 -1.063352
1.485277 0.129273
1.458106 0.155090
1.484331 0.129556
1.431098 0.084819
1.459122 0.109059
1.494433 0.132625
-0.549798 0.849550
-0.892040 0.609027
-0.813782 -0.348009
-1.184735 -0.536403
1.050705 -1.061295
-0.474948 -0.045064
-0.464135 -0.019071
-0.490778 -0.045019
-0.491419 -0.049343
-0.479791 -0.037479
-0.499560 -0.042981
-0.515267 -0.028730
-0.495282 -0.035810
-0.468403 -0.022680
-0.504646 -0.062267
2.104957 -0.419900
-0.494638 -0.030552
-0.465751 -0.042635
-0.498554 -0.053895
-0.486663 -0.043321
-0.471861 -0.033800
-0.463390 -0.036551
-0.485495 -0.018591
2.317841 -0.249400
-1.699352 0.767125
-1.953046 1.821693
2.415088 -0.225869
0.269205 -4.667198
0.262960 -4.648574
-0.141400 1.892154
0.579953 0.399950
0.594095 0.385646
1.052252 -1.067572
1.052469 -1.080316
3.710572 2.904752
1.043412 -1.059591
1.051825 -1.069507
1.051750 -1.055061
1.051942 -1.063712
1.044791 -1.058363
1.033159 -1.064797
1.042291 -1.064903
1.044427 -1.065865
1.052211 -1.053245
1.043070 -1.051474
3.716588 2.882253
1.048684 -1.056394
1.044629 -1.052171
1.046122 -1.054713
1.053943 -1.059567
1.042653 -1.059003
1.038731 -1.057562
1.044161 -1.051798
1.047377 -1.040308
-1.962536 -0.501250
-1.941316 -0.514435
3.713052 2.895055
-1.923633 -0.482488
-1.947148 -0.517904
-1.945551 -0.516143
-1.470496 -1.759121
-1.946039 -0.698970
-1.945270 -0.733576
-1.941213 -0.609980
-1.931877 -0.606509
-1.972556 -0.600877
-1.982418 -0.595220
3.723009 2.870418
-1.987857 -0.583483
-1.982172 -0.610219
-1.989299 -0.579974
-1.939408 -0.716122
-1.935743 -0.748447
-1.953371 -0.858209
-1.964739 -1.041070
-2.099414 -0.457510
-2.134813 -0.446326
-2.118306 -0.455664
3.785918 2.703959
-2.126884 -0.449370
-1.930329 -0.491395
-1.986015 -0.939720
-1.993719 -0.984364
-1.913521 -0.480101
-1.937612 -0.522657
-1.939001 -0.525649
-1.941901 -0.533442
-1.944299 -0.513553
-1.944847 -0.523220
-1.148131 0.040871
4.315351 2.860415
1.229062 4.534288
1.321879 4.653133
1.377906 4.542776
1.156127 4.500388
1.194472 4.475502
1.081521 4.670612
1.296623 4.401827
1.401738 4.491052
1.398860 4.476444
1.224751 4.501088
4.351169 2.880660
1.283626 4.368303
1.175628 4.461755
1.322912 4.432781
1.247437 4.336843
1.266527 4.717427
1.247242 4.518322
1.272006 4.461422
1.303698 4.411639
1.260025 4.635083
1.224469 4.499625
4.343373 2.883261
1.292264 4.534610
1.317346 4.604199
1.199568 4.480357
1.148004 4.481884
1.201175 4.397406
1.282013 4.561790
1.063284 4.475163
1.222798 4.577038
1.207005 4.504317
1.287193 4.481152
4.322986 2.865742
1.362025 4.646091
1.104655 4.528336
1.194197 4.524326
1.246895 4.561310
1.204106 4.575052
1.426111 4.534650
1.343931 4.487795
1.414765 4.601070
1.112381 4.406815
1.366392 4.563304
4.327437 2.869072
1.213992 4.661017
1.215683 4.536049
1.396872 4.499190
1.196887 4.624885
1.397477 4.541831
1.193777 4.639139
1.264053 4.525074
1.357277 4.446991
1.138654 4.391142
1.301810 4.576103
4.329683 2.871170
1.388759 4.622115
1.335376 4.364638
1.281361 4.649157
1.245002 4.359838
1.143570 4.606613
1.313142 4.621192
1.165465 4.429813
1.285377 4.532289
1.154145 4.680410
1.289006 4.356798
4.323692 2.865264
1.238436 4.655711
1.245510 4.333223
1.312675 4.456983
1.249773 4.376605
1.423334 4.551817
1.400522 4.673296
1.282319 4.490353
1.420888 4.619718
1.316023 4.638875
1.269901 4.454757
4.342463 2.870514
1.309389 4.485648
1.342959 4.346221
1.028806 4.599543
1.403439 4.490262
1.345616 4.393176
1.266479 4.352952
1.275666 4.667273
1.186323 4.584301
1.070251 4.669657
1.100367 4.438348
3.554888 2.575068
1.062338 4.381580
1.046448 4.565320
1.112236 4.350432
1.176490 4.452697
1.152855 4.556406
1.348150 4.562912
1.326839 4.488421
1.343631 4.589911
1.143605 4.454399
1.345838 4.576504
3.550700 2.572777
1.112180 4.452199
1.379593 4.504698
1.287832 4.589291
1.388433 4.491707
1.334459 4.654187
1.230161 4.451532
1.355874 4.451144
1.246991 4.402362
1.287955 4.374098
1.119302 4.588726
-1.158563 -4.769700
4.351108 2.878945
1.342274 4.414546
1.132647 4.574223
1.134688 4.612230
1.155910 4.488709
1.251664 4.625664
1.220417 4.631727
1.286472 4.458892
1.285387 4.656468
1.206583 4.525262
1.169649 4.580630
4.313248 2.861201
1.231452 4.524908
1.089769 4.523368
1.325986 4.522935
1.270234 4.614816
1.331708 4.361124
1.152148 4.486282
1.124120 4.594131
1.301557 4.564312
1.349184 4.587165
1.236973 4.648526
4.330248 2.868765
1.283794 4.613361
1.355274 4.328882
1.289037 4.532301
1.167771 4.372554
1.338337 4.436552
1.173269 4.617046
1.174720 4.388970
1.322666 4.439536
1.257774 4.638192
1.080278 4.452057
4.327686 2.866914
1.292937 4.509360
1.274374 4.485633
1.237148 4.596269
1.113762 4.607485
1.262286 4.388124
1.281671 4.457717
1.343389 4.563712
1.325090 4.537935
1.040576 4.461879
1.136062 4.734464
4.331402 2.868818
1.328101 4.618900
1.119943 4.657263
1.218420 4.389041
1.274353 4.545659
1.122602 4.597615
1.125358 4.609970
1.356505 4.501283
1.145001 4.720720
1.207217 4.428384
1.270690 4.599217
4.331451 2.875849
1.118134 4.577043
1.333558 4.647686
1.157032 4.633583
1.119943 4.641158
1.397449 4.351352
1.171731 4.639431
1.188544 4.655124
1.429968 4.560173
1.189231 4.596762
1.290842 4.443340
4.357244 2.886902
1.219667 4.411139
1.281221 4.452024
1.172238 4.690196
1.186387 4.647361
1.315739 4.555720
1.326834 4.503639
1.371696 4.707775
1.102548 4.448536
1.136013 4.401795
1.167125 4.557724
4.331081 2.869158
1.153506 4.615638
1.079373 4.624931
1.196131 4.434762
1.170849 4.395061
1.210160 4.438793
1.078883 4.591062
1.279052 4.430331
1.074109 4.429168
1.178022 4.631630
1.139202 4.443922
4.331573 2.867826
1.192186 4.634325
1.330523 4.634539
1.316378 4.416556
1.130361 4.437263
1.175057 4.600981
1.272310 4.438020
1.248167 4.579854
1.208476 4.548929
1.150909 4.718969
1.226631 4.591320
4.308624 2.854994
1.180696 4.412154
1.164212 4.589353
1.153301 4.381901
1.206990 4.578932
1.113390 4.521613
1.158634 4.600762
1.164159 4.587057
1.346100 4.600733
1.312335 4.705691
1.112701 4.375915
-1.187195 -4.784107
4.330655 2.869577
1.175693 4.494805
1.291659 4.533531
1.269519 4.562882
1.383760 4.435874
1.129224 4.466846
1.343960 4.686794
1.229777 4.361811
1.169614 4.492774
1.239123 4.557292
1.134052 4.564455
4.402485 2.871169
1.472886 4.536621
1.232544 4.531306
1.227318 4.525373
1.208066 4.546710
1.176707 4.624220
1.410046 4.697809
1.174379 4.454490
1.342455 4.542356
1.076102 4.489647
1.300635 4.673946
4.477571 2.877227
1.181840 4.444445
1.122527 4.563178
1.234032 4.640578
1.334627 4.355693
1.417652 4.480475
1.307902 4.559427
1.157697 4.376155
1.147820 4.640282
1.051496 4.539207
1.349608 4.677724
4.315041 2.873717
1.171355 4.595910
1.134578 4.577888
1.136785 4.606770
1.081695 4.427555
1.311961 4.449387
1.171140 4.369115
1.274016 4.579994
1.300061 4.625901
1.206710 4.439352
1.173796 4.552461
4.323212 2.881016
1.191847 4.642607
1.307840 4.477629
1.236208 4.487422
1.183112 4.542626
1.261670 4.703027
1.267023 4.624836
1.167085 4.417552
1.357487 4.546602
1.009715 4.558446
1.127497 4.430644
4.336723 2.870518
1.340094 4.426502
1.350094 4.501664
1.196859 4.453167
1.343534 4.666909
1.347520 4.483704
1.342119 4.662812
1.186621 4.449516
1.048374 4.626451
1.073611 4.467665
1.185154 4.642685
3.541545 2.564794
1.099886 4.527288
1.217986 4.540283
1.261605 4.450950
1.209475 4.371908
1.221497 4.603861
1.308389 4.568782
1.312094 4.595938
1.406951 4.433088
1.151822 4.443821
1.152076 4.451535
3.549062 2.574705
1.266455 4.605851
1.281233 4.589343
1.332727 4.442922
1.321926 4.458013
1.306801 4.662191
1.090172 4.477718
1.418823 4.665515
1.241043 4.405516
1.285038 4.392282
1.273021 4.370663
3.555628 2.576906
1.353723 4.680304
1.250977 4.398383
1.211092 4.390518
1.237232 4.378695
1.187199 4.505751
1.162535 4.631298
1.400743 4.593178
1.362711 4.511137
1.271138 4.631690
1.182670 4.463620
3.555202 2.577102
1.143000 4.532222
1.155110 4.493686
1.335959 4.389678
1.064923 4.489079
1.074134 4.464870
1.300925 4.411750
1.289430 4.418982
1.104643 4.526551
1.176780 4.614970
1.252071 4.500529
-0.932534 -0.171002
3.523347 2.577831
1.114815 4.673239
1.449233 4.629847
1.261690 4.568193
1.167005 4.441067
1.330320 4.574650
1.356665 4.560026
1.293275 4.506534
1.393655 4.446956
1.304842 4.360607
1.114506 4.396136
3.558388 2.578961
1.096516 4.609260
1.266927 4.715383
1.283780 4.465587
1.156125 4.559236
1.313807 4.515034
1.205179 4.437993
1.345648 4.507898
1.233218 4.567954
1.057790 4.433444
1.367679 4.455495
3.548852 2.574486
1.262695 4.534110
1.078635 4.535541
1.116002 4.511197
1.193899 4.487934
1.135022 4.573200
1.125618 4.365132
1.172104 4.627861
1.132795 4.492270
1.298961 4.413054
1.148309 4.618517
3.557477 2.577142
1.312937 4.465902
1.247946 4.642734
1.235210 4.578168
1.052591 4.414958
1.267774 4.531277
1.143553 4.562890
1.358190 4.582523
1.261305 4.432459
1.046609 4.526422
1.268558 4.668516
3.547770 2.573317
1.382743 4.437800
1.321026 4.615500
1.156287 4.549617
1.321205 4.592803
1.059531 4.578726
1.133952 4.540228
1.139918 4.363385
1.356642 4.589419
1.374624 4.382932
1.142032 4.698207
3.540536 2.566838
1.385332 4.556243
1.192520 4.557486
1.087134 4.572076
1.357981 4.387692
1.361439 4.645791
1.222336 4.576023
1.261548 4.517167
1.265728 4.680514
1.208714 4.461958
1.144401 4.665912
3.551420 2.574767
1.346040 4.428273
1.388066 4.377997
1.357927 4.410956
1.146949 4.562335
1.125347 4.444030
1.130576 4.613740
1.340699 4.521392
1.211754 4.439964
1.239807 4.684962
1.190670 4.519501
3.556210 2.577366
1.342858 4.426831
1.138150 4.373868
1.267905 4.409503
1.120048 4.419660
1.208628 4.549904
1.064739 4.647470
1.130747 4.409398
1.214763 4.456346
1.358199 4.602840
1.162537 4.556159
3.805012 2.719242
1.268052 4.628129
1.276525 4.355713
1.187993 4.586049
1.213124 4.615757
1.289158 4.580281
1.168711 4.462415
1.146000 4.498057
1.167768 4.590550
1.351042 4.448701
1.277828 4.415833
3.776272 2.702433
1.201337 4.558117
1.340356 4.516004
1.271925 4.418594
1.246380 4.581370
1.350173 4.619453
1.076910 4.453761
1.192189 4.612645
1.322963 4.403704
1.186595 4.561176
1.305606 4.447289
-2.009593 -1.264665
3.758550 2.679681
1.167095 4.485226
1.168018 4.405973
1.125067 4.482554
1.302382 4.535371
1.115669 4.656958
1.106769 4.433450
1.181270 4.413283
1.400732 4.523502
1.286262 4.458250
1.160071 4.465552
3.820000 2.739540
1.319128 4.473059
1.355571 4.452733
1.347438 4.549142
1.154606 4.686607
1.253627 4.382971
1.052941 4.686822
1.159194 4.464545
1.294973 4.473647
1.082472 4.491563
1.058902 4.467786
1.789116 -4.479799
1.130452 4.641225
1.234295 4.480840
1.205557 4.537861
1.053013 4.561880
1.134500 4.597369
1.310253 4.539807
1.180357 4.396114
1.317805 4.519914
1.304647 4.355300
1.235774 4.555627
1.838079 -4.522101
1.126670 4.412721
1.299468 4.660848
1.237620 4.516181
1.246140 4.522656
1.243671 4.612546
1.256416 4.421219
1.215537 4.680398
1.747805 2.340164
1.603129 3.086574
1.167313 4.342952
1.810984 -4.497894
1.086244 4.608274
1.312390 4.580142
1.160866 4.450110
1.227180 4.479421
1.123957 4.512050
1.101828 4.450244
1.179023 4.622084
1.351806 4.453560
1.351358 4.562296
1.129007 4.569451
1.788096 -4.476218
1.179119 4.410747
1.378206 4.433435
1.062394 4.420334
1.197394 4.483386
1.171429 4.581698
1.289087 4.440858
1.092714 4.585345
1.245802 4.596616
1.348624 4.576264
1.184036 4.449008
1.767535 -4.475040
1.227551 4.550830
1.237204 4.359998
1.266186 4.659100
1.161133 4.658851
1.161336 4.507532
1.169559 4.462618
1.233759 4.592137
1.159674 4.430309
1.170423 4.472148
1.218023 4.484220
1.785377 -4.476851
1.180981 4.311366
1.253525 4.641546
1.184354 4.474452
1.204833 4.332139
1.110867 4.387544
1.171490 4.412013
1.280424 4.457357
1.338394 4.509958
1.187533 4.656322
1.153527 4.551521
0.941855 -4.150540
1.278104 4.634291
1.299551 4.468306
1.108932 4.678402
1.255187 4.431061
1.024856 4.615739
1.206987 4.630536
1.299476 4.566475
1.200039 4.410753
1.175358 4.485940
1.138617 4.428613
1.271825 -4.296901
1.224620 4.554927
1.188949 4.550916
1.201661 4.555189
1.032941 4.469845
1.200186 4.637575
1.317758 4.400426
1.343319 4.570642
1.197992 4.577769
1.153662 4.611856
1.175448 4.403693
