4475 2
0.376857 -0.223554
-0.651056 -0.047517
0.247238 -0.790493
0.037253 4.640274
3.650519 3.341742
3.565359 3.416270
3.435061 3.348116
3.489404 3.456491
3.562596 3.432414
3.313460 3.437705
3.605659 3.596935
3.488470 3.491449
3.397927 3.557195
3.586253 3.440698
0.043777 4.641999
3.602758 3.603963
3.565439 3.545416
3.464276 3.448467
3.373338 3.380707
3.742035 3.401253
3.642849 3.394668
3.364496 3.566132
3.593929 3.516480
3.481189 3.552148
3.635533 3.513954
0.038013 4.640111
3.550694 3.388403
3.397170 3.682207
3.389228 3.676003
3.572813 3.455099
3.234143 3.284179
3.556698 3.472628
3.533155 3.646607
3.338114 3.501184
3.506500 3.568894
3.430086 3.528843
0.019785 4.654589
3.259685 3.578225
3.645490 3.399066
3.658809 3.520728
3.439740 3.354161
3.500346 3.652198
3.503267 3.484141
3.586547 3.392849
3.563019 3.614572
3.483728 3.363827
3.435345 3.569811
0.048116 4.642472
3.546716 3.378150
3.553907 3.651215
3.662588 3.548581
3.429158 3.379621
3.564686 3.590865
3.732486 3.439153
3.473671 3.512389
3.692548 3.564084
3.679936 3.578742
3.657195 3.318961
0.047532 4.639914
0.459665 -0.712334
0.417906 -0.759009
0.433867 -0.743566
0.426198 -0.724709
0.389281 -0.755906
0.439207 -0.722779
0.623231 -1.292408
0.356687 -0.759373
0.440610 -0.733641
0.430855 -0.768143
0.026615 4.619424
0.439262 -0.788786
0.426938 -0.791636
0.397494 -0.713019
0.451289 -0.796593
0.255620 -0.790523
0.238585 -0.831492
0.253933 -0.779796
0.284442 -0.785926
0.445883 -0.586184
1.097697 -0.505398
0.044513 4.640659
0.236159 -0.794987
0.255582 -0.773540
0.350715 -0.530310
0.260543 -0.795904
0.241272 -0.784898
0.250210 -0.807737
0.241630 -0.802257
0.264671 -0.781934
0.251958 -0.903644
0.285335 -1.020409
0.037520 4.640632
-1.085373 -1.355625
-0.343412 -1.047371
1.924667 -3.436263
1.896665 -3.406430
1.959144 -3.466023
1.914679 -3.424947
1.934219 -3.441412
1.927379 -3.436520
1.908224 -3.421475
1.948558 -3.462966
0.028301 4.648182
1.943941 -3.442765
1.939114 -3.442167
1.935831 -3.448183
1.926400 -3.434325
1.928375 -3.439891
1.913118 -3.426092
1.925267 -3.433043
1.942072 -3.446791
1.658149 -3.283013
1.653599 -3.279402
0.245435 -0.805847
0.029542 4.654645
1.664353 -3.279072
1.665100 -3.281610
1.637563 -3.270197
1.653240 -3.287077
1.641681 -3.270406
1.661319 -3.286049
1.640032 -3.269196
1.638846 -3.267650
1.648926 -3.282945
1.651288 -3.274800
0.036168 4.631266
1.654548 -3.262910
1.661740 -3.270492
1.662972 -3.279856
1.463828 -3.119784
1.462610 -3.112531
1.446918 -3.114514
1.445817 -3.100538
1.460032 -3.123575
1.440865 -3.089962
1.455128 -3.118754
0.045913 4.639475
1.449172 -3.117705
1.451280 -3.115929
1.450756 -3.104935
1.456627 -3.109543
1.452290 -3.115510
1.453058 -3.124759
0.913907 -4.245231
0.897914 -4.261203
0.903756 -4.254977
0.935272 -4.228975
0.032849 4.635105
0.920118 -4.252987
0.897794 -4.260889
0.915649 -4.248354
0.879061 -4.284727
0.905600 -4.261334
0.843602 -4.321306
0.897630 -4.264263
0.883746 -4.276472
0.903695 -4.245753
0.884086 -4.279126
-0.009886 4.723474
0.959583 -4.203641
0.875610 -4.224328
0.922024 -4.290233
0.904553 -4.277684
0.903941 -4.265686
0.891622 -4.254390
0.907818 -4.254874
0.899299 -4.267893
0.929719 -4.236376
0.874128 -4.291240
-0.011854 4.737017
0.906316 -4.260634
0.892879 -4.270405
0.904994 -4.258169
0.894588 -4.272479
0.929329 -4.231277
0.904940 -4.256197
0.926489 -4.273425
0.913443 -4.263478
0.887982 -4.276269
0.902940 -4.265172
-0.031509 4.758409
0.891622 -4.242475
0.893029 -4.269557
0.901901 -4.260315
0.916847 -4.248027
0.917713 -4.245167
0.910633 -4.255649
0.877003 -4.290767
0.907744 -4.272656
0.894245 -4.272075
0.903016 -4.259435
0.046093 4.639699
0.884388 -4.264589
0.875962 -4.274890
0.963852 -4.180874
0.932535 -4.231162
0.936556 -4.287517
0.877447 -4.241322
0.899995 -4.234150
0.918753 -4.245686
0.906058 -4.259192
1.598086 -3.259356
0.055182 4.609141
-0.749471 1.902825
-0.761148 1.850571
-0.785710 1.830423
-0.759906 1.831597
-0.737559 1.841710
-0.730135 1.893706
-0.773522 1.887106
-0.761810 1.844205
-0.767065 1.877236
-0.795243 1.906220
0.059886 4.653890
-0.738511 1.875839
-0.782783 1.838009
-0.718219 1.807366
-0.750335 1.856483
-0.733718 1.905410
-0.703124 1.818589
-0.795915 1.886249
-0.671600 1.775037
-0.788282 1.897573
-0.740236 1.884889
0.015885 0.448183
0.025717 4.626917
-0.948675 1.689639
-3.493410 -0.861673
-0.738421 1.892282
-0.769043 1.856199
-0.733203 1.859080
-0.773096 1.879230
-0.778638 1.869138
-0.804750 1.823142
-0.732155 1.864375
-0.751445 1.864616
-0.006450 4.592803
-0.791874 1.865293
-0.767166 1.854735
-0.811700 1.828686
-0.723823 1.864312
-0.731856 1.884206
-0.763266 1.860323
-0.764244 1.860283
-0.748617 1.861998
-0.751345 1.879947
-0.753275 1.855857
0.043312 4.637057
-0.779047 1.890188
-0.769829 1.874643
-0.732095 1.827364
-0.779450 1.873016
-0.789267 1.918722
-0.670398 1.964350
-0.762345 1.864320
-0.741625 1.847275
-0.760061 1.873378
-0.791942 1.896635
0.044293 4.635436
-0.738410 1.853701
-0.744771 1.834857
-0.766647 1.856485
-0.701871 1.830534
-0.702845 1.903744
-0.773206 1.853858
-0.764249 1.866234
-0.680926 1.949082
-0.766452 1.831335
-0.783677 1.902876
0.114728 4.576784
-0.706095 1.925712
-0.789521 1.848211
-0.793030 1.912441
-0.757403 1.845220
-0.774034 1.843097
-0.723414 1.791875
-0.740116 1.838241
-0.784963 1.905599
-0.758388 1.835994
-0.751482 1.866722
0.086270 4.598712
-0.778201 1.905497
-0.727346 1.892252
-0.749784 1.851899
-0.201142 1.782896
-0.131151 -1.683265
-0.716694 1.902678
-0.804795 1.789973
-0.789139 1.828058
-0.762109 1.859679
-0.744181 1.853235
0.127343 4.573349
-0.719104 1.883346
-0.724944 1.834194
-0.660917 1.952061
-0.807770 1.853620
-0.777317 1.826542
-0.749301 1.861665
-0.713334 1.850775
-0.728068 1.857831
-0.711409 1.815931
-0.725454 1.820027
0.122407 4.575105
-0.738974 1.854779
-0.744763 1.857884
-0.765509 1.861036
-0.750902 1.863743
-0.584347 1.989721
-0.529666 2.033259
-0.503295 2.052331
-0.511663 2.038421
-0.742263 1.843834
-0.731028 2.775307
0.041343 4.641982
-1.294474 0.102215
-0.732151 1.870325
-0.781182 1.840226
-0.709954 1.831148
-0.761879 1.884029
-0.730573 1.845250
-0.770557 1.860467
-1.160580 2.167311
-1.164532 2.163956
-1.192990 2.196858
-0.652845 -0.036588
-1.175618 2.175347
-1.177851 2.176688
-1.169862 2.177178
-1.163020 2.167307
-1.153892 2.154747
-1.163935 2.171634
-1.160106 2.152882
-1.136923 2.157493
-1.167521 2.173310
-1.166614 2.172563
0.613126 2.427229
-0.651206 -0.019771
-1.162786 2.169639
-1.161722 2.168465
-1.163211 2.168048
-0.730094 1.818334
-0.782165 1.840434
-0.720132 1.896538
-0.762793 1.860228
-0.745988 1.835073
-0.772244 1.861750
-0.798703 1.823913
-0.686655 -0.068630
-0.845999 1.944818
-0.783436 1.888057
-0.735035 1.883510
-0.737742 1.865301
-0.791885 1.815168
-0.790356 1.842299
-0.792365 1.829820
-0.762730 1.869447
-0.747539 1.870197
-0.738616 1.892383
-1.590341 -0.268606
-0.765105 1.875863
-0.733686 1.884692
-0.715914 1.915264
-0.762475 1.858657
-0.786767 1.815636
-0.753501 1.866364
-0.754377 1.841879
-0.736167 1.862517
1.269571 3.463691
1.256475 3.707873
-2.501625 -0.505792
1.255272 3.721956
1.254697 3.746156
1.254315 3.753949
1.254322 3.743937
1.253938 3.725249
1.254844 3.721404
1.253837 3.731908
1.256837 3.710867
1.048562 2.182706
1.274889 3.468853
0.342515 -0.123763
1.275090 3.482354
1.254974 3.446507
1.259542 3.483055
1.273970 3.456572
1.273893 3.455655
1.270060 3.464115
1.271443 3.468140
1.308445 3.504828
1.254360 3.486447
1.255966 3.482283
-1.249506 -0.335183
1.283165 3.475156
1.246010 3.480208
1.275986 3.451556
1.271023 3.439699
1.275232 3.468512
1.292384 3.445830
1.263256 3.451410
1.261292 3.448600
1.276434 3.436540
1.275774 3.433064
-1.689908 -0.608770
1.269327 3.461737
1.272265 3.468108
1.270497 3.464364
1.277190 3.460604
1.275541 3.479609
1.272930 3.475355
1.288724 3.451578
1.262767 3.460396
1.287792 3.451371
-2.867227 -0.329683
-0.011443 -0.270161
-2.883213 -0.312027
-0.506066 -5.686722
-0.427335 -5.643348
-0.500025 -5.751772
-0.516070 -5.652661
-0.510988 -5.724703
-0.427614 -5.646594
-0.473157 -5.721603
-0.521527 -5.669788
-0.451456 -5.689588
0.253838 -0.470068
-0.586728 -5.770855
-0.545218 -5.665234
-0.489531 -5.700156
-0.459857 -5.707166
-0.454742 -5.674270
-0.489734 -5.720196
-0.426848 -5.760804
-0.487256 -5.746404
-0.456603 -5.724373
-0.478533 -5.688875
0.186371 -0.141198
-0.482858 -5.710310
-0.490475 -5.624334
-0.485955 -5.693896
-0.460320 -5.787005
-0.443237 -5.743507
-0.502025 -5.718040
-0.487601 -5.669390
-0.449848 -5.681432
-0.468981 -5.722766
-0.503814 -5.710754
0.277618 2.488833
0.187085 -0.078030
-0.462394 -5.715684
-0.412203 -5.681374
-0.485703 -5.699640
-0.553558 -5.762736
-0.512995 -5.675597
-0.486833 -5.702487
-0.476855 -5.678450
-0.426231 -5.740302
-0.512374 -5.734167
-0.476988 -5.668817
-0.680777 -0.036893
-0.465523 -5.741495
-0.492757 -5.684782
-0.519419 -5.645547
-0.504144 -5.674010
-0.425624 -5.778740
-0.519454 -5.636341
-0.428085 -5.749258
-0.533774 -5.663832
-0.546603 -5.648921
-0.558622 -5.773658
-0.746876 0.035475
-0.532142 -5.776393
-0.581187 -5.611192
-0.472011 -5.694496
-0.440072 -5.649189
-0.506768 -5.689476
-0.411970 -5.785706
-0.542040 -5.703084
-0.503480 -5.690511
-0.505940 -5.687369
-0.500001 -5.654947
-0.760640 0.036071
-0.488220 -5.698321
-0.461233 -5.761621
-0.417966 -5.587072
-0.523661 -5.686038
-0.481090 -5.691116
-0.398933 -5.715995
-0.542009 -5.666285
-0.499545 -5.725266
-0.448844 -5.654253
-0.491432 -5.720302
-0.744281 0.034120
-0.489062 -5.684103
-0.466179 -5.706097
-0.412470 -5.641592
-0.457403 -5.664485
-0.466041 -5.652653
-0.447030 -5.679547
-0.547074 -5.642299
-0.529169 -5.690701
-0.485986 -5.731428
-0.534538 -5.718855
-0.657572 -0.033939
-0.530308 -5.714776
-0.501923 -5.718181
-0.504794 -5.697635
-0.490684 -5.713517
-0.469929 -5.654748
-0.568436 -5.628817
-0.513865 -5.674497
-0.490330 -5.715998
-0.420393 -5.640409
-0.484685 -5.715169
-0.677703 -0.037366
-0.486333 -5.663427
-0.522875 -5.658931
-0.489279 -5.695157
-0.552037 -5.663558
-0.513714 -5.684425
-0.480832 -5.698645
-0.555261 -5.615957
-0.490245 -5.685356
-0.555024 -5.641133
-0.442092 -5.720897
-0.624581 -0.029858
-0.578520 -5.778592
-0.477340 -5.643237
-0.464347 -5.722594
-0.455395 -5.683659
-0.517379 -5.730834
-0.483698 -5.711556
-0.507808 -5.735964
-0.892162 -5.726689
-0.941319 -5.730840
-0.941989 -5.731051
-0.662717 -0.049728
-0.924588 -5.728051
-0.940907 -5.729157
-0.929560 -5.729359
-0.953223 -5.732308
-0.939630 -5.730153
-0.930266 -5.729537
-0.427333 -5.756965
-0.462872 -5.668482
-0.471823 -5.656976
-0.533936 -5.642078
-0.658549 -0.030032
-0.495978 -5.706624
-0.514914 -5.628793
-0.460907 -5.716074
-0.487739 -5.694824
-0.471208 -5.666261
-0.420570 -5.703348
-0.455103 -5.649956
-0.493897 -5.660934
-0.485094 -5.677972
-0.448191 -5.756982
4.030546 -1.902401
-0.687592 -0.092381
-0.472932 -5.668473
-0.501996 -5.692043
-0.464279 -5.682862
-0.450819 -5.767898
-0.561061 -5.737373
-0.449618 -5.736748
-0.526089 -5.691373
-0.481698 -5.753987
-0.448850 -5.711307
-2.551247 -0.547827
0.081278 -0.482366
-0.393323 -5.788259
-0.447792 -5.754830
-0.496344 -5.782461
-0.493549 -5.702392
-0.771781 -1.880307
-0.772823 -1.892040
-1.060009 -1.352568
-1.083129 -1.355616
-1.049564 -1.331652
-1.087033 -1.386598
0.251627 -0.546937
-1.103971 -1.385772
-1.102674 -1.361149
-1.080760 -1.378244
-1.074271 -1.372812
-1.072817 -1.359315
-1.117813 -1.404137
-1.065616 -1.366553
-1.078616 -1.373430
-1.080796 -1.374353
-0.078902 -1.899158
2.149528 1.041640
-0.098981 -1.869722
-0.089607 -1.888883
0.052204 -2.020286
0.161479 -2.142178
-0.077261 -1.882256
-0.090860 -1.877551
-3.250908 0.260488
-3.395637 0.283418
-3.257623 0.267556
-3.263877 0.251975
0.274821 -0.548651
-3.280544 0.259048
-3.291582 0.228785
-3.311730 0.264132
-3.269543 0.251075
-3.298265 0.205729
-3.255983 0.263192
-3.275471 0.276611
-3.269981 0.251024
-3.274236 0.243854
-3.258211 0.249112
0.086370 -0.434102
-3.264571 0.267073
-3.264437 0.257227
-3.091682 0.335932
-3.077747 0.342343
-3.112256 0.362607
-3.122346 0.385409
-3.126630 0.307065
-2.780386 0.358742
-2.362855 -0.257925
-2.795060 0.399615
0.174684 -0.707893
-3.078070 0.350023
-3.096749 0.334384
-3.082516 0.343927
-1.080187 -1.360106
-1.082911 -1.086607
-1.079276 -1.291639
-1.095140 -1.398958
-1.077465 -1.381762
-1.084570 -1.370970
-1.069067 -1.373033
1.573347 -3.270928
-1.090130 -1.395242
-1.101134 -1.410980
-1.069480 -1.390297
-0.936917 -1.291054
-0.791229 -1.182147
-1.052404 -1.387979
-1.175667 -1.139621
-1.386313 -0.944546
-1.058973 -1.077834
-1.088284 -1.368938
-1.221807 -0.668692
-1.076908 -1.368473
-1.127789 -1.457504
-1.215455 -1.600335
0.978492 1.585469
0.943977 1.562085
1.011820 1.593121
1.004356 1.586428
0.960670 1.567594
0.929075 1.583009
0.935896 1.569637
-0.210152 -0.208059
0.989133 1.539446
0.916469 1.609945
0.998839 1.587708
0.928530 1.607849
0.985366 1.544041
0.901530 1.504487
0.957144 1.560371
0.974479 1.558404
0.991072 1.586620
0.965611 1.561264
-0.692794 3.379593
2.099836 0.991783
1.020865 1.614532
0.964461 1.600793
0.950213 1.557224
1.019608 1.565247
0.977848 1.555626
0.934442 1.620545
0.962595 1.564859
0.966279 1.545820
0.984991 1.560054
1.003047 1.567209
2.151215 1.037516
0.965997 1.585683
0.954362 1.567508
0.994804 1.582962
0.988727 1.589997
0.941064 1.600059
0.950380 1.547918
0.982010 1.584247
0.957983 1.558950
0.987793 1.578097
0.985614 1.573902
-0.447696 3.609436
0.846898 1.672599
0.943888 1.536078
0.935135 1.599293
0.968315 1.543800
0.997439 1.598891
0.924752 1.604168
0.975746 1.570274
0.931556 1.534240
0.951120 1.542194
0.985904 1.564409
-0.445300 3.614208
0.968464 1.548168
0.963007 1.552259
1.001874 1.574269
0.980620 1.590900
0.909880 1.521392
0.943611 1.544191
0.994905 1.543399
0.942928 1.612976
0.968168 1.566646
0.951249 1.549914
-0.467047 3.588313
0.773289 1.556875
0.991179 1.577452
0.975359 1.570670
0.970049 1.600329
0.953191 1.531621
0.931730 1.600255
0.981145 1.547750
0.970913 1.533298
0.989794 1.591117
0.966341 1.561738
0.512725 -0.455904
0.987020 1.530837
0.985985 1.552127
0.982380 1.544014
0.927405 1.528037
0.997590 1.543533
1.010683 1.562818
1.008800 1.552364
0.957537 1.572298
0.919148 1.610309
1.030878 1.649042
0.286560 0.017428
0.962959 1.565664
1.013124 1.594977
0.992391 1.543795
0.979148 1.570881
0.905051 1.496675
0.937379 1.536684
0.949550 1.392902
0.990586 1.519477
0.992806 1.614124
0.986204 1.571167
0.848242 -3.368373
0.652077 5.284110
0.625617 5.254952
0.637326 5.248655
0.682229 5.372580
0.689307 5.389940
0.679191 5.370785
0.696981 5.431690
0.699400 5.456277
0.701310 5.448703
0.698475 5.443629
0.577476 -3.282079
0.601826 5.193938
0.639583 5.173475
0.616185 5.194147
0.613392 5.189147
0.622715 5.179914
0.653332 5.169753
0.649795 5.215514
0.675055 5.204947
0.687677 5.207562
0.611518 5.215891
0.558686 -3.267945
0.608658 5.214218
0.523118 5.306023
0.518579 5.343391
0.503084 5.401749
0.615810 5.187105
0.633263 5.207108
-4.595487 -0.160789
-4.624068 -0.151067
-4.618104 -0.162409
-4.607405 -0.168908
-0.667794 3.383916
0.550511 -3.274024
-4.622996 -0.152978
-4.609361 -0.169520
-4.606882 -0.161735
-4.575405 -0.194802
-4.640260 -0.137172
-4.713309 -0.047233
-4.750030 -0.001511
-4.748374 -0.010068
-4.746077 -0.009125
-4.734853 -0.020342
0.538714 -3.269718
-4.607946 -0.162819
-4.630922 -0.159728
-4.603030 -0.172089
-4.603784 -0.171350
-4.569423 -0.194430
-4.610312 -0.163173
-4.625255 -0.146085
-4.611310 -0.180517
-4.666503 -0.108858
-4.672616 -0.105682
0.542049 -3.274053
-4.610817 -0.160133
-4.604388 -0.162985
-4.616302 -0.163232
-4.591805 -0.191496
-4.618823 -0.161446
-4.632480 -0.136688
-4.612101 -0.152957
-4.585294 -0.173946
-4.593678 -0.178022
-4.647043 -0.168188
-0.639750 -2.043266
-4.556695 -0.196958
-4.634882 -0.150621
-4.594564 -0.168757
-4.634705 -0.141525
-4.613692 -0.158982
-4.604628 -0.167456
-4.627473 -0.148922
-4.535219 -0.236258
-4.588802 -0.176994
-4.663053 -0.110283
0.250743 -2.998135
-4.581421 -0.186737
-4.602426 -0.169723
-4.598635 -0.163056
-4.602840 -0.140441
-4.634883 -0.180216
-4.637939 -0.139058
-4.655375 -0.123554
-4.630858 -0.142805
-4.570942 -0.206216
-4.669400 -0.100320
0.902143 -3.370285
-4.608418 -0.173160
-4.625371 -0.157455
-4.615025 -0.149522
-4.577572 -0.196418
-4.632326 -0.137100
-4.615699 -0.154878
-4.588724 -0.125707
-4.611653 -0.126274
-5.645382 -1.196889
-5.723404 -1.120387
0.552783 -3.269409
-5.674823 -1.169474
-5.585566 -1.256413
-5.646734 -1.199900
-5.640456 -1.202822
-5.650340 -1.199777
-5.660281 -1.210724
-5.648860 -1.203017
-5.675909 -1.181598
-5.620395 -1.173979
-5.616752 -1.177518
0.547265 -3.269413
-5.675458 -1.239378
-5.667851 -1.214537
-5.686310 -1.239679
-5.624787 -1.205574
-5.668950 -1.178346
-5.696293 -1.149566
-5.662474 -1.221124
-5.686612 -1.167672
-5.653893 -1.172927
-5.649456 -1.199183
0.568093 -3.274371
-5.668067 -1.240597
-5.644980 -1.206445
-5.654005 -1.200214
-5.598168 -1.157736
-5.687094 -1.259762
-5.605460 -1.242266
-5.652890 -1.173588
-5.692177 -1.233782
-5.652819 -1.203493
-5.640384 -1.186594
0.539142 -3.266507
-5.651400 -1.180494
-5.610219 -1.249645
-5.651633 -1.200437
-5.697477 -1.220013
-5.655641 -1.175314
-5.653109 -1.200553
-5.649386 -1.194365
-5.660524 -1.194553
-5.662505 -1.172428
-5.663418 -1.195291
-0.693536 3.399163
0.548795 -3.271485
-5.648138 -1.208104
-5.652129 -1.199618
-5.667072 -1.189002
-5.689788 -1.226267
-5.657408 -1.197821
-5.661890 -1.174304
-5.651844 -1.169988
-5.600692 -1.220986
-5.652754 -1.198713
-5.631384 -1.224891
0.524781 -3.256588
-5.654609 -1.189339
-5.691946 -1.228052
-5.626141 -1.170416
-5.623394 -1.177976
-5.646371 -1.203845
-5.675498 -1.194073
-5.689786 -1.170010
-5.665726 -1.174043
-5.665677 -1.188447
-5.624794 -1.169619
1.002134 -3.376382
-5.646339 -1.189550
-5.631149 -1.188377
-5.624112 -1.227697
-5.609012 -1.162567
-5.642817 -1.196364
-5.664914 -1.186104
-5.679342 -1.163329
-5.636371 -1.171536
-5.638025 -1.182306
-5.620534 -1.223277
1.005707 -3.385350
-5.624972 -1.223948
-5.614485 -1.249420
-5.646980 -1.199322
-5.635935 -1.231524
-5.633721 -1.215517
-5.681469 -1.174684
-5.650084 -1.201596
-5.635425 -1.208751
-5.691635 -1.238653
-5.622769 -1.218968
1.002905 -3.366933
-5.654972 -1.195750
-5.656287 -1.194358
-5.652386 -1.192493
-5.635767 -1.225254
-5.665106 -1.182135
-5.619112 -1.217744
-5.636015 -1.203455
-5.675639 -1.226031
-5.445596 -0.982064
-5.658635 -1.191368
0.999944 -3.380256
-5.566854 -1.267797
-5.230464 0.392283
-5.245336 0.408410
-5.243474 0.405465
-5.244124 0.418595
-5.253619 0.416119
-5.222012 0.383372
-5.253072 0.409692
-5.239206 0.401590
-5.243875 0.405724
1.005902 -3.375147
-5.280947 0.441548
-5.224770 0.387961
-5.247128 0.410573
-5.273977 0.436234
-5.244817 0.406967
-5.253732 0.415320
-5.235095 0.397069
-5.254225 0.415661
-5.251850 0.416077
-5.230438 0.391895
1.036626 -3.418020
-5.247262 0.402387
-5.245804 0.408704
-5.234317 0.396106
-5.246439 0.407492
-5.206547 0.367784
-5.241167 0.404383
-5.244902 0.410332
-5.242194 0.385494
-5.285653 0.447432
-5.241649 0.403029
0.570224 -0.523978
-5.235458 0.396938
-4.838972 0.040669
0.809670 -1.874143
1.088715 -2.293988
1.089547 -2.295150
1.088611 -2.294832
1.092186 -2.298293
1.087866 -2.287918
1.121030 -2.309353
1.080249 -2.278995
1.024018 -3.366374
1.104030 -2.307909
1.099537 -2.310722
1.118546 -1.936052
1.154950 -1.940975
0.775240 -1.818480
1.179159 -1.941881
1.144924 -1.943808
1.147214 -1.943744
0.788327 -1.849271
0.605809 -2.062038
3.774573 -1.903489
1.007690 -3.405913
0.585299 -2.101590
0.611313 -2.069287
0.580385 -2.079332
0.584422 -2.115983
0.590120 -2.082435
0.798833 -2.344047
0.795489 -2.400550
0.790133 -2.398840
0.801010 -2.403823
0.792100 -2.393737
0.999956 -3.386086
0.790027 -2.408224
0.785646 -2.399621
0.782796 -1.785231
0.836708 -1.822743
0.846363 -1.794268
0.816915 -1.833535
0.332366 -2.768514
0.333377 -2.768391
0.334879 -2.758610
0.330466 -2.761156
1.011756 -3.400139
0.334346 -2.772759
0.334488 -2.764258
0.337022 -2.770030
0.336426 -2.766152
0.324589 -2.761695
0.333890 -2.763099
0.330232 -2.766753
0.333905 -2.765111
0.334129 -2.763910
0.332658 -2.759269
1.006348 -3.373184
0.333121 -2.769670
0.332479 -2.769116
0.332436 -2.756624
0.338435 -2.778222
0.331753 -2.765897
0.339254 -2.761061
0.328703 -2.769709
0.335928 -2.760461
0.339088 -2.763230
0.313569 -2.766627
1.010528 -3.388301
0.432715 -1.390039
0.448248 -1.401019
0.164413 -2.160338
0.161575 -2.150882
0.147326 -2.152454
0.159959 -2.153242
0.156995 -2.157509
0.153094 -2.152253
0.153742 -2.160306
0.152982 -2.148739
1.008468 -3.379901
0.149236 -2.145199
0.154712 -2.142825
0.156064 -2.162425
0.164661 -2.147202
0.161308 -2.144950
0.163247 -2.174193
-0.174271 -1.605100
-0.177731 -1.595947
-0.183629 -1.596810
0.728808 -0.851124
0.911662 -3.385026
0.736741 -0.864238
0.158944 -2.141586
0.146598 -2.155753
3.788944 -2.013620
0.833843 -1.877841
0.707046 -1.949939
3.768820 -2.014771
3.775334 -2.019426
0.842703 -1.881213
0.788694 -1.838566
0.963640 -0.074544
3.785584 -2.013002
3.795353 -2.012847
3.790929 -2.037281
3.761146 -2.038572
3.771411 -2.015563
0.755486 -1.766707
-0.562322 2.913641
0.736109 -1.938974
0.824552 -1.882948
0.929743 -2.409847
0.987531 -0.051530
0.930799 -2.408214
0.936726 -2.421560
0.934329 -2.413869
0.915064 -2.391534
0.937888 -2.416068
0.934534 -2.422523
0.942103 -2.433596
0.810118 -1.855332
1.127583 -2.087708
1.142643 -2.102700
0.987631 -0.057871
1.141335 -2.100242
1.155130 -2.114077
1.152757 -2.113246
1.154763 -2.110087
1.164572 -2.121447
0.803993 -1.821206
0.764534 -1.833642
0.740798 -1.825859
0.813677 -1.900883
0.770939 -1.910388
-0.073237 -1.490815
3.412757 -1.936267
0.981414 -0.070265
0.794938 -1.842611
0.789890 -1.839369
0.799931 -1.873777
0.782257 -1.842609
0.778235 -1.947566
0.869945 -1.928349
0.783172 -1.868406
0.787754 -1.888235
0.879999 -1.934529
0.803365 -1.867349
0.969882 -0.058876
0.706021 -1.756216
0.826485 -1.847708
0.948096 -1.902433
0.802871 -1.911996
0.782215 -1.890700
0.790054 -1.783751
0.825712 -1.843539
0.858454 -1.894937
0.819780 -1.881417
0.740021 -1.819857
0.986316 -0.061590
0.754414 -1.813838
0.815072 -1.898146
0.782864 -1.783257
0.850604 -1.807488
0.832215 -1.907592
0.802928 -1.903359
0.837565 -1.817271
0.799680 -1.835320
0.908431 -1.890990
0.806911 -1.808375
0.981542 -0.055775
0.877953 -1.925220
0.784507 -1.929887
0.833719 -1.861984
0.798097 -1.865157
0.840910 -1.888738
0.820650 -1.883473
0.806392 -1.821515
0.791638 -1.818420
0.859305 -1.839002
0.724830 -1.967411
0.971238 -0.064328
0.757318 -1.804390
0.845807 -1.895597
0.774066 -1.891340
0.820662 -1.913319
0.759095 -1.853764
0.795403 -1.873689
0.880086 -1.815010
0.930598 -1.769546
0.964088 -1.749803
0.962301 -1.741680
0.989706 -0.056133
0.793963 -2.073593
0.794546 -2.157777
0.789386 -2.152670
0.835104 -1.928155
0.750960 -1.803775
0.890225 -1.949013
0.790871 -1.821143
0.766422 -1.903935
0.791427 -1.886527
0.788634 -1.919914
0.979875 -0.046688
0.765887 -1.954299
0.774635 -1.897267
0.836011 -1.864997
0.830787 -1.880316
0.771335 -1.827002
0.783483 -1.784103
0.837777 -1.854456
0.833034 -1.892935
0.794603 -1.853079
0.814900 -1.872625
0.981454 -0.058166
0.828204 -1.908089
0.807767 -1.824489
0.856390 -1.816677
0.833209 -1.808563
0.873762 -1.777249
0.851610 -1.874416
0.757391 -1.903733
0.857635 -1.891401
0.821290 -1.852358
0.838976 -1.883684
0.983859 -0.064281
0.807977 -1.784790
0.826678 -1.887281
0.804417 -1.860773
0.800809 -1.983832
0.822173 -1.852899
0.815734 -1.819607
0.764994 -1.827193
0.815155 -1.847824
0.765471 -1.857375
0.796364 -1.862455
0.457906 -0.458093
0.781070 -1.894155
0.812451 -1.877623
0.887626 -1.827415
0.795195 -1.874303
0.823565 -1.880822
0.798085 -1.867387
0.803845 -1.866993
0.795715 -1.874085
0.854382 -1.845650
0.865501 -1.907562
1.104627 -0.817393
-0.759326 1.858930
0.760596 -1.881125
0.765550 -1.856315
0.762279 -1.879785
0.844191 -1.855619
0.765831 -1.795035
0.870475 -1.896466
0.814357 -1.908042
0.855083 -1.858779
0.798467 -1.893652
0.755573 -1.891180
0.539951 -0.411585
0.785088 -1.926675
0.817629 -1.842285
0.788862 -1.806515
0.827196 -1.881414
0.811605 -1.870134
0.847285 -1.809680
0.852431 -1.895601
0.839708 -1.914581
0.755358 -1.897548
0.810059 -1.796824
0.482167 -0.362453
0.780421 -1.902329
0.734802 -1.795911
0.833030 -1.907364
0.756164 -1.821203
0.776348 -1.904055
0.772728 -1.903118
0.852903 -1.818278
0.807923 -1.822578
0.876606 -1.937134
0.811899 -1.882689
0.503543 -0.348729
1.007207 -1.753621
0.761323 -1.812781
0.748181 -1.863307
0.789142 -1.804520
0.785898 -2.176002
0.845159 -1.850425
0.822135 -1.917003
0.831315 -1.881420
0.861504 -1.857226
0.796074 -1.786064
0.543693 -0.405051
0.891857 -1.903552
-0.713285 -3.083154
-0.711052 -3.093147
-0.751226 -3.051435
-0.712539 -3.087774
-0.735374 -3.086056
-0.667016 -3.054670
-0.721701 -3.104367
-0.729004 -3.068441
-0.716127 -3.086682
0.567260 -0.389802
-0.815558 -2.908008
-0.709733 -3.091999
-0.696937 -3.103509
-0.734547 -3.063844
-0.719708 -3.083245
-0.724256 -3.081840
-0.582125 -2.635618
-0.703287 -3.071545
-0.704351 -3.104553
-0.675386 -3.122810
0.527274 -0.411656
-0.684163 -3.106232
-0.701166 -3.070335
-0.696559 -3.097363
-0.704844 -3.078978
-0.747005 -3.055915
-0.723978 -3.104866
-0.710980 -3.104928
-0.704068 -3.145560
-0.696047 -3.161937
-0.752415 -3.140439
0.549061 -0.416960
-0.761985 -3.152205
-0.707852 -3.074577
-0.708145 -3.104933
-0.698833 -3.073332
-0.725146 -3.102642
-0.689025 -3.118257
-0.708169 -3.096104
-0.687748 -3.114554
-0.664783 -3.149711
-0.715152 -3.094507
0.569427 -0.425768
-0.703422 -3.095329
-0.700058 -3.098738
-0.708957 -3.091401
-0.702112 -3.090249
-0.713907 -3.085106
-0.713787 -3.081113
-3.481838 -0.870920
-3.481743 -0.849929
3.996608 -1.732006
4.025570 -1.884051
0.570765 -0.335465
4.008421 -1.896586
4.028253 -1.916518
4.013552 -1.882782
4.037302 -1.896991
4.042779 -1.895281
4.028214 -1.868447
4.032789 -1.910251
4.033313 -1.900076
4.020446 -1.884652
4.019522 -1.886917
2.092518 -4.792778
0.571282 -0.375665
4.018578 -1.886950
4.026559 -1.888087
4.013807 -1.880459
4.021285 -1.884912
3.785954 -1.575097
3.787306 -1.580090
3.786863 -1.587794
3.783989 -1.585672
3.786557 -1.583648
3.787897 -1.580934
0.546727 -0.384128
3.775256 -1.564505
3.780932 -1.574439
3.781075 -1.572370
3.786088 -1.578155
3.771493 -1.587582
3.781892 -1.561286
3.767681 -1.564979
3.781671 -1.596355
3.788839 -1.579707
3.784029 -1.579800
0.556222 -0.427399
3.771889 -1.582000
4.021788 -1.888184
4.013121 -1.874436
3.800744 -1.581871
2.999991 3.093277
4.026710 -1.877306
4.012699 -1.886887
4.012877 -1.898524
3.799226 -0.498733
3.805582 -0.502120
0.556696 -0.340011
3.815330 -0.516016
3.787060 -0.485883
3.767237 -0.459810
3.922466 -0.638068
3.725723 -0.427023
3.928530 -0.739212
3.937130 -0.726471
3.854215 -0.446396
3.795313 -0.511612
3.942593 -0.738085
0.574658 -0.379244
3.802801 -0.490330
3.741019 -0.481229
3.819764 -0.460700
3.725629 -0.572668
3.823461 -0.528511
3.760280 -0.514548
3.803275 -0.507994
3.760912 -0.500910
3.777143 -0.468685
3.820817 -0.519465
0.580701 -0.386831
3.800120 -0.489915
3.797014 -0.486900
3.792328 -0.468120
3.805656 -0.501196
3.794191 -0.468696
3.810088 -0.503083
3.820754 -0.510369
3.773879 -0.473065
3.796366 -0.495171
3.789826 -0.486624
0.526365 -0.402925
3.799356 -0.494493
3.828078 -0.476473
3.781688 -0.459676
3.793466 -0.491659
3.811263 -0.504197
3.833718 -0.531399
3.772218 -0.516199
3.793582 -0.486597
3.816761 -0.510609
3.795729 -0.495916
0.671950 -0.820666
3.752559 -0.467481
3.773632 -0.485399
3.766732 -0.490524
3.791153 -0.474767
3.789651 -0.491110
3.787611 -0.481634
3.769995 -0.527880
3.792593 -0.486427
3.800338 -0.506346
3.820493 -0.498157
0.558198 -0.404825
3.815713 -0.475547
3.799686 -0.468706
3.625630 -0.436689
3.776000 -0.473865
3.777887 -0.476483
3.810599 -0.481556
3.799425 -0.489129
3.781426 -0.482097
3.808102 -0.503241
3.811883 -0.501620
0.539813 -0.384982
3.781052 -0.502217
-0.021278 0.464848
3.820200 -0.527016
3.756069 -0.532314
3.787113 -0.488648
3.798682 -0.483178
3.828933 -0.443933
3.770471 -0.461649
3.781459 -0.484680
3.718474 -0.419201
2.066507 -4.761849
0.543881 -0.407525
3.782643 -0.471458
3.797140 -0.487670
-2.887594 -0.310994
-2.878156 -0.313624
-2.892415 -0.313424
-2.880789 -0.315969
-2.878572 -0.321654
-2.887872 -0.321023
-2.845261 -0.303190
-1.383882 -2.030316
0.539967 -0.369056
-2.887740 -0.317053
-2.865538 -0.330941
0.012549 0.428705
-0.006450 0.482231
0.012730 0.468763
0.021076 0.442472
-0.042845 0.456163
0.025699 0.427699
0.017920 0.452269
0.012534 0.414809
0.556767 -0.418051
-0.824157 -0.631364
0.040905 0.467560
0.022300 0.425029
-0.007017 0.426247
0.088734 0.389097
0.002312 0.466999
0.102913 0.383487
-0.027362 0.456708
-0.002148 0.455240
-2.888227 -0.315913
0.541177 -0.394353
-2.891619 -0.320885
-2.884765 -0.325666
-2.924791 -0.279233
-2.902825 -0.296798
-2.905478 -0.286730
-2.847298 -0.358818
-2.879620 -0.315588
-2.912396 -0.363382
-2.856269 -0.308291
-2.898844 -0.299977
0.554652 -0.375544
-2.840712 -0.357751
-2.832227 -0.361610
-2.874036 -0.319216
-2.882817 -0.319471
-2.879295 -0.319811
-2.896143 -0.306218
-2.858962 -0.342582
-2.880327 -0.336753
-2.879740 -0.326955
-2.863146 -0.327567
0.553876 -0.419046
-2.881837 -0.310881
-2.668568 -0.247882
-2.883112 -0.319428
-2.889341 -0.315620
-2.887931 -0.332723
-2.903756 -0.289585
-2.880491 -0.316338
-2.869455 -0.312814
-2.867377 -0.329932
-2.886019 -0.322907
1.236879 -0.226024
-2.880999 -0.315513
-2.877831 -0.323058
-2.896578 -0.215389
-2.894547 -0.210968
-2.896935 -0.178935
-2.877822 -0.317748
-2.891838 -0.316958
-2.894046 -0.304133
-2.844473 -0.357046
-2.909898 -0.350505
1.254613 -0.219494
-2.860175 -0.325336
-2.887339 -0.312954
-2.884152 -0.315506
-2.886006 -0.319880
-2.885498 -0.317367
-2.919896 -0.288376
-2.573578 -0.560139
-2.594615 -0.550961
-2.884658 -0.307103
-2.878435 -0.316801
1.254663 -0.210232
-2.231862 -0.550191
-2.253997 -0.476359
-2.235428 -0.571616
0.185551 -0.745510
-2.469239 -0.504544
-2.472947 -0.510305
-2.469460 -0.517114
-2.156428 -0.504570
-3.018705 -0.895995
2.535638 -2.154385
1.262772 -0.223154
-3.043275 -0.903257
-3.024073 -0.900382
-2.512109 -0.564650
-2.524738 -0.571377
-2.525599 -0.522055
0.710955 2.451037
0.717392 2.521920
0.708409 2.509773
0.605730 2.415836
0.975917 2.452596
2.095755 -4.806358
1.265699 -0.211896
0.630098 2.386801
0.282945 2.466995
0.667285 2.488135
0.368101 2.451218
-0.282390 4.102673
-0.281923 4.102729
-0.278973 4.110846
-0.285496 4.101486
-0.276261 4.113958
-0.279217 4.110960
1.262986 -0.234009
-0.291381 4.097203
-0.281601 4.108057
-0.287233 4.095595
-0.278727 4.105670
-0.284681 4.099516
-0.262329 4.121182
-0.286086 4.101076
-0.285582 4.101335
-0.282998 4.103752
-0.287433 4.097195
0.564210 -0.388388
-0.285223 4.103466
-0.719221 3.404011
-0.891956 3.263723
-0.892447 3.259926
-0.915659 3.247889
-0.799016 3.274643
-0.917673 3.254279
-0.890911 3.263739
-0.895672 3.262639
-0.925818 3.269890
1.247967 -0.229055
-0.588015 2.959279
-0.568083 2.931591
-0.570634 2.941287
-0.578658 2.940843
-0.567525 2.920978
-0.561999 2.914219
-0.540518 2.896595
-0.577769 2.945227
-0.574820 2.935961
-0.567882 2.934237
1.253866 -0.218253
-0.501475 3.427987
-0.456098 3.444144
-0.473925 3.431539
-0.442538 3.461422
-0.924584 3.385375
-0.966124 3.364359
-0.965030 3.411472
-0.897344 3.364310
-0.920927 3.381522
-0.954292 3.418140
1.257838 -0.218237
-0.909594 3.374217
-0.753597 3.400986
-0.772725 3.420034
-0.694019 3.369472
-0.618018 3.389351
-0.685136 3.337742
-0.702545 3.406392
-0.687179 3.371422
-0.684319 3.393645
-0.712503 3.409341
1.251186 -0.215516
-0.673149 3.373485
-0.630554 3.339529
-0.652403 3.357127
-0.609589 3.430467
-0.713255 3.382768
-0.681451 3.361187
-0.670611 3.362487
-0.656877 3.352550
-0.675199 3.394411
-0.714290 3.401988
1.259353 -0.201808
-0.644037 3.429517
-0.908829 3.520292
-0.924541 3.534263
-0.950686 3.549838
-0.932724 3.544604
-0.931809 3.538350
-0.940333 3.546204
-0.925816 3.534148
-0.932556 3.534789
-0.665721 3.380036
1.258692 -0.218191
-0.669309 3.377007
-0.678024 3.391492
-0.662386 3.375171
-0.659234 3.334436
-0.700849 3.372151
-0.695982 3.405361
-0.671571 3.375937
-0.673594 3.363311
-0.695404 3.412459
-0.635994 3.426369
1.256052 -0.216242
-0.679042 3.421048
-0.712740 3.370647
-0.676948 3.380179
-0.680339 3.372761
-0.712066 3.353395
-0.662063 3.394593
-0.701016 3.408144
-0.692707 3.389307
-0.643830 3.395342
-0.606437 3.379863
2.104220 -4.781526
1.261905 -0.223002
-0.647761 3.391482
-0.646981 3.349535
-0.661112 3.390483
-0.604214 3.438218
-0.700306 3.353240
-0.680909 3.389332
-0.654294 3.329948
-0.685762 3.396951
-0.663327 3.439635
-0.728075 3.375544
1.242736 -0.219066
-0.731189 3.332600
-0.660265 3.357970
-0.703039 3.340475
-0.723675 3.344862
-0.671632 3.367488
-0.656940 3.389768
-0.637684 3.363872
-0.643947 3.365054
-0.674954 3.405476
-0.677974 3.381769
1.266553 -0.201809
-0.629349 3.246789
-0.714381 3.388856
-0.685014 3.379107
-0.769603 3.217064
-0.770951 3.224166
-0.752720 3.182031
-0.701306 3.398533
-0.422228 3.011007
-0.341657 2.951810
-0.286984 2.759569
0.549300 -0.434567
-1.646076 4.509117
-1.593377 4.548622
-1.616327 4.477930
-1.359133 4.174888
-1.105170 3.883744
-1.611482 4.490517
-1.583438 4.531343
-1.608154 4.526169
-1.569113 4.448183
-1.699918 4.555209
0.760661 -0.137858
-1.595464 4.500104
-1.614865 4.471094
-1.634048 4.517366
-1.656851 4.487233
-1.598249 4.536552
-1.710954 4.516651
-1.681108 4.537124
-1.608557 4.537946
-1.585125 4.418172
-1.665208 4.430066
0.632910 -0.037036
-1.582082 4.481538
-1.591637 4.562914
-1.631655 4.501518
-1.698008 4.570164
-1.662724 4.547308
-1.588958 4.435886
-1.620619 4.527067
-1.641844 4.493304
-1.631298 4.526700
-1.661212 4.530824
0.792411 -0.136633
-1.583726 4.536498
-1.657460 4.503024
-1.552020 4.399228
-1.664469 4.544284
-1.669158 4.569873
-1.619320 4.511177
-1.644311 4.536022
-1.276501 4.074704
-1.617551 4.556532
-1.700476 4.516212
0.782064 -0.134527
-1.638224 4.497147
-1.698913 4.563159
-1.618404 4.551977
-1.580541 4.454071
-1.642484 4.572001
-1.623218 4.523550
-1.579814 4.604400
-1.605038 4.560304
-1.635630 4.494751
-1.595470 4.465422
0.776714 -0.128781
-1.593387 4.516039
-1.644557 4.526140
-1.604474 4.417596
-1.732005 4.407511
-1.669102 4.554340
-1.626173 4.480099
-1.692232 4.455301
-1.588574 4.453382
-1.661950 4.532766
-1.631438 4.547957
0.797496 -0.123496
-1.600870 4.521869
-1.657529 4.489076
-1.608824 4.468669
-1.658609 4.510399
-1.695919 4.443188
-1.686394 4.432954
-1.601850 4.514685
-1.595343 4.472444
-1.636542 4.511044
-1.656731 4.475373
2.092477 -4.837452
0.812478 -0.121096
-1.634407 4.510089
-1.652731 4.557022
-1.678586 4.582558
-1.718499 4.412529
-1.620976 4.512543
-1.717061 4.468914
-1.660391 4.544391
-1.648890 4.525685
-1.619785 4.527263
-1.629442 4.515632
0.816088 -0.150153
-1.605768 4.515005
-1.679125 4.588805
-1.638955 4.439341
-1.632915 4.550020
-1.567154 4.474053
-1.545258 4.552501
-1.663531 4.500926
-1.588505 4.594615
-1.679488 4.474400
-1.663647 4.438800
0.794750 -0.145903
-1.638261 4.533393
-1.544433 4.599960
-1.734195 4.452033
-1.626646 4.528701
-1.579289 4.564379
-1.626063 4.558184
-1.615938 4.486851
-1.560957 4.620694
-1.629941 4.523472
-1.673132 4.438525
0.781054 -0.137537
-1.606758 4.532438
-1.602175 4.598032
-1.614498 4.554181
-1.604626 4.479294
-1.641930 4.523432
-1.556053 4.552073
-1.703181 4.456991
-1.688603 4.456325
-1.603674 4.517466
-1.655560 4.513234
0.528229 -0.412523
-1.683284 4.480896
-1.599190 4.477851
-1.669211 4.545704
-1.683338 4.435808
-1.751283 4.444577
-1.597933 4.559426
-1.674963 4.457880
-1.608200 4.541106
-1.732995 4.495498
-1.636742 4.527792
0.278715 -0.460987
-1.654032 4.489015
-1.667611 4.500423
-1.640924 4.479409
-1.651045 4.496412
-1.611168 4.564660
-1.730109 4.400507
-1.580655 4.570093
-1.720894 4.432370
-1.587182 4.542925
-1.613059 4.487617
0.255479 -0.429694
-1.665831 4.524794
-1.663977 4.475943
-1.648507 4.520695
-1.602306 4.488082
-1.578167 4.554540
-1.560045 4.600590
-1.645032 4.558364
-1.554749 4.632674
-1.621637 4.520904
-1.589946 4.518011
0.268037 -0.438053
-1.601843 4.514369
-1.586651 4.463590
-1.588153 4.537910
-1.588946 4.476511
-1.646650 4.541988
-1.560246 4.539632
-1.651989 4.511587
-1.696318 4.446840
-1.605633 4.497818
-0.710697 3.272092
0.294191 -0.455041
-0.739271 3.166875
-0.887929 3.627022
-0.673609 3.390173
-0.622685 3.323489
-0.622987 3.418529
-0.659797 3.367799
-0.345350 -1.269144
-1.513257 -0.420274
-1.504023 -0.374800
-1.545074 -0.413944
0.552375 -0.373957
-1.024980 -2.413287
-1.035664 -2.405305
-1.054118 -2.393843
-1.022457 -2.421073
-1.053080 -2.403428
-1.036047 -2.392706
-1.033050 -2.404183
-1.035653 -2.373642
-1.041113 -2.397897
-1.025066 -2.421156
2.108300 -4.806121
0.571876 -0.361534
-1.021087 -2.413376
-1.031503 -2.417314
-1.041409 -2.406260
-1.042002 -2.399656
-1.028273 -2.417366
-0.988059 -2.462021
-1.041951 -2.392238
-1.055562 -2.371797
-1.055388 -2.374296
-1.034881 -2.409504
0.592959 -0.174068
-1.066192 -2.373936
-1.049653 -2.393597
-1.045188 -2.394803
-1.039769 -2.402433
-1.071967 -2.385214
-1.088081 -2.349620
-1.026938 -2.434258
-1.030328 -2.416339
3.410209 -1.939556
3.413942 -1.931224
0.517674 -0.587916
3.420103 -1.915579
3.431420 -1.939942
3.429595 -1.957861
3.409474 -1.944975
3.423673 -1.939931
3.418315 -1.935161
3.412541 -1.934304
3.409249 -1.936995
3.368073 -1.986014
3.425394 -1.936077
0.523424 -0.594749
3.417929 -1.931043
3.423227 -1.936763
2.075645 -4.756070
2.203986 -4.944431
2.171049 -4.922528
2.180305 -4.942116
2.208412 -4.929999
2.176086 -4.936355
2.174259 -4.961829
2.196907 -4.952037
0.530155 -0.436395
2.179260 -4.938621
2.182281 -4.953651
2.191977 -4.955077
2.076831 -4.757832
2.079230 -4.757326
2.623037 -4.884501
2.081520 -4.782940
2.106360 -4.801666
2.081721 -4.774435
2.132027 -4.787042
0.564041 -0.605302
1.997009 -5.080005
2.094278 -4.801080
0.044760 4.663864
0.015117 4.666144
0.048280 4.643056
0.037561 4.641350
0.098478 -0.488721
-0.073667 -0.643914
-0.152258 -0.751941
0.607621 -0.719537
0.561043 -0.384249
0.611161 -0.722451
0.079699 -0.478278
0.054596 -0.440226
0.084107 -0.465145
0.071301 -0.429273
-0.011010 -0.435282
0.092563 -0.472284
-0.153326 -0.364777
2.172196 0.234431
0.070071 -0.472077
0.430023 -0.609120
0.064970 -0.466660
0.039992 -0.499903
-0.427236 3.634453
-0.435506 3.621845
-0.694032 3.389533
0.560967 -0.371636
-0.430437 3.631655
-0.421530 3.634671
-0.444570 3.612777
-0.442619 3.612722
0.466716 -0.483188
-0.441438 3.620508
0.520395 -0.386369
0.760019 -0.439007
0.885293 -0.477030
0.694848 -0.420068
0.759458 -0.435086
0.784565 2.587032
0.802882 2.605824
0.789556 2.598864
0.803631 2.597218
0.482539 -0.579797
0.663835 2.528309
0.673983 2.483334
0.683443 2.497170
0.788194 2.431539
0.795290 2.434772
0.782238 2.445137
0.469451 2.448051
0.327241 2.466767
0.612255 2.423789
0.586111 2.411873
2.091976 -4.803582
0.542185 -0.420210
0.592198 2.410111
0.598259 2.424131
0.620200 2.407451
0.588763 2.432975
0.611046 2.423581
0.593074 2.447408
0.580905 2.418651
0.592292 2.421655
0.611784 2.440600
0.619899 2.428103
0.556717 -0.402600
0.600693 2.425934
0.985516 -3.368588
1.009804 -3.385452
1.008895 -3.368781
1.023769 -3.368582
1.022221 -3.386432
1.006811 -3.384583
1.003904 -3.384193
0.195692 0.491958
0.241889 0.507893
0.589953 2.418108
0.255465 0.510038
0.241979 0.492237
0.239798 0.483969
0.002774 0.437327
-0.038766 0.420663
0.024491 0.441454
-0.027861 0.388897
-0.030603 0.434290
0.016098 0.471265
0.039846 0.387554
0.708677 2.450360
0.037593 0.471563
0.005013 0.488127
0.026596 0.434643
0.027216 0.405529
0.114975 0.491096
0.021463 0.421495
0.020385 0.465435
0.017135 0.484252
0.021521 0.483370
0.017580 0.420330
0.751776 2.441999
-0.008622 0.422054
-0.004846 0.445368
0.014709 0.454692
0.005653 0.449500
-0.252733 1.888642
-0.236475 1.825760
0.127832 0.616608
0.147204 0.666312
0.042673 0.482911
0.059593 0.472640
0.596803 2.422796
0.081207 0.425469
0.074135 0.457487
0.116637 0.530540
0.144157 0.560777
-0.080665 0.548955
-0.159663 0.601396
-0.103421 0.512724
-0.155969 0.546556
-0.056170 0.499948
-0.072252 0.509426
0.702637 2.445449
0.076899 0.460036
0.129965 0.495933
0.416653 0.173520
0.440477 0.162330
0.000441 0.482810
-0.043359 0.364304
0.004633 0.388924
0.003048 0.420479
-0.023211 0.428600
0.007905 0.473688
0.690892 2.445324
0.026040 0.450661
-0.008551 0.448537
0.013281 0.424933
0.038572 0.443562
0.013309 0.458989
-0.005607 0.438788
0.009908 0.456852
0.017959 0.414601
-0.150434 0.602624
-0.247853 0.718634
0.719976 2.452295
-0.016940 0.427137
0.003656 0.448995
0.019838 0.477477
0.003673 0.452955
0.051701 0.427396
-0.816810 0.827665
-0.821898 0.831346
-0.832663 0.832600
-0.832684 0.825828
-0.823546 0.820623
0.370702 2.459661
-0.826060 0.833199
-0.817639 0.803928
-0.822257 0.830373
-0.824330 0.828846
-0.824766 0.832730
-0.827710 0.846166
-0.874345 0.868194
-0.839957 0.862353
-0.832546 0.860350
-0.788242 0.833569
2.101780 -4.799688
0.335649 2.460966
-0.891854 0.877188
-0.890462 0.882076
-0.906905 0.884060
0.077497 0.656038
0.084092 0.662629
0.088258 0.674034
0.094184 0.664160
-0.044974 0.519545
-0.051363 0.514364
0.030275 0.447023
0.491216 0.447091
0.046538 0.458046
-0.010241 0.421980
0.003345 0.480947
0.024117 0.461603
-0.007527 0.462326
0.040210 0.667677
0.061709 0.692797
0.040989 0.685630
0.076772 0.689838
0.036193 0.418449
0.948729 1.569859
0.046451 0.484923
0.014649 0.491105
-0.087756 0.657934
-0.093003 0.661423
-0.084933 0.668455
-0.098721 0.678545
-0.111311 0.675912
-0.016217 0.535025
0.014812 0.477335
0.062246 0.380847
0.537510 -0.397915
-0.003065 0.448325
-0.014598 0.475405
-0.076587 0.428486
0.024464 0.438900
0.020439 0.438472
-0.002758 0.434748
0.019593 0.441796
-0.018442 0.464275
-2.228408 -1.837896
-2.235634 -1.826290
-1.531693 -0.477049
-2.226618 -1.810261
-2.218369 -1.813351
-2.258367 -1.822464
-2.228302 -1.845733
-2.187358 -1.800080
-2.252446 -1.858169
-2.224283 -1.828651
-2.226842 -1.830120
-2.228756 -1.833594
-2.171265 -1.782891
-2.198174 -0.498425
-2.171953 -1.788122
-2.207309 -1.850292
-2.262875 -1.786831
-2.182672 -1.781823
-2.247283 -1.808346
-2.201212 -1.840152
-2.227071 -1.848186
-2.231121 -1.832689
-2.236389 -1.830016
-2.292936 -1.779780
-0.194077 -0.983295
-2.233220 -1.866136
-2.256237 -1.839653
-2.276373 -1.777454
-2.236904 -1.845859
-2.230870 -1.860990
-2.218099 -1.826730
-2.236122 -1.851081
-2.242794 -1.856863
-2.163932 -1.780455
-2.238381 -1.835046
-1.039744 -2.393136
-2.394156 -0.790825
-2.275115 -1.775704
-2.239808 -1.846474
-2.251441 -1.802794
-2.286593 -1.836237
-2.234119 -1.834625
-2.242127 -1.838250
-2.221521 -1.857455
-2.217562 -1.827317
-2.246521 -1.836530
-1.805639 -1.673901
-2.209222 -1.841181
-2.229718 -1.832209
-2.233733 -1.828569
-2.265395 -1.980793
-2.277249 -2.064952
-2.210098 -1.828728
-2.224798 -1.822676
-2.216103 -1.841795
-2.237289 -1.816164
-2.214309 -1.798681
0.151322 -0.716182
-2.231390 -1.834180
0.033798 0.450354
0.063121 0.370551
0.078547 0.470162
-0.041039 0.450149
-0.337353 0.920898
-0.342243 0.919521
-0.348565 0.930150
-0.350785 0.926950
-0.335362 0.913567
0.069448 -0.431278
2.090826 -4.795617
0.091311 -0.458842
-0.324396 0.938234
-0.371372 0.946212
-0.344903 0.921340
-0.345840 0.926938
-0.284255 0.802384
-0.341007 0.934344
-0.308023 0.887679
-0.340983 0.920265
-0.340157 0.924440
-0.379580 0.925532
0.194133 -0.517271
-0.340716 0.919792
-0.360501 0.933685
-0.343654 0.940437
-0.316827 0.905957
-0.343172 0.905738
-0.395227 0.975256
-0.357682 0.933006
-0.360866 0.942231
-0.302292 0.889675
2.295040 -0.935931
0.347164 -0.455824
-0.142789 1.771265
-0.129336 1.769788
1.791120 2.512207
1.789620 2.511407
1.777346 2.492945
1.801481 2.528736
1.799313 2.505636
1.791562 2.513560
1.754231 2.476812
1.791553 2.505284
0.598069 0.694005
1.783545 2.513358
1.757960 2.544073
1.768260 2.539410
1.771006 2.533546
1.828339 2.548733
1.776328 2.501909
1.784025 2.529771
1.773083 2.494093
1.773830 2.529286
1.786888 2.543684
0.796621 1.404404
1.775317 2.502182
1.790784 2.511597
1.798321 2.514629
1.797892 2.543703
1.782266 2.505772
1.789967 2.516005
1.799634 2.499286
1.783538 2.500456
1.812960 2.529445
1.795335 2.527101
0.592636 0.673463
1.818859 2.540443
1.794157 2.509566
1.794526 2.516622
1.779538 2.497013
1.826349 2.498899
1.772568 2.494999
1.814499 2.534793
1.773887 2.490149
1.796622 2.519538
-0.083990 -1.864271
0.042748 -0.440144
-0.896517 -1.072510
-0.896976 -1.092730
0.920868 1.558426
-3.979031 -0.235282
-1.205492 -4.257707
-1.208877 -4.236330
-1.209351 -4.259876
-1.201427 -4.256364
-1.203530 -4.249784
-1.161209 -4.285485
-1.859918 0.125772
-1.181381 -4.231027
-1.207228 -4.258629
-1.215665 -4.269135
-1.214828 -4.264412
-1.219698 -4.266596
-1.247921 -4.296589
-1.329253 -4.383950
-1.377371 -4.431637
-1.357431 -4.413321
-1.340444 -4.394544
-1.296509 0.099529
-1.212990 -4.240913
-1.177490 -4.233860
-1.215857 -4.268491
-1.198721 -4.265575
-1.205860 -4.253724
-1.199111 -4.264817
-1.234730 -4.254827
-1.216519 -4.246689
-1.215451 -4.268506
-1.170090 -4.243034
-2.254930 -0.523020
-1.196546 -4.239635
-1.171010 -4.223177
-1.216414 -4.269136
-1.220482 -4.258652
-1.141897 -4.251838
-1.217881 -4.254013
-1.191066 -4.300102
-1.230791 -4.278930
-1.208986 -4.259318
-1.200062 -4.250697
2.100071 -4.799841
-0.005530 -0.395169
-1.203918 -4.254420
-1.253863 -4.267951
-1.182885 -4.301786
-1.200056 -4.247900
-1.208503 -4.257133
-1.197583 -4.244126
-1.193553 -4.233766
1.365265 -3.355316
-1.305770 -4.173700
-1.335495 -4.144417
-0.034385 -0.362074
-1.309866 -4.170428
-1.364928 -4.127139
2.174470 1.041386
2.148396 1.038330
2.147218 1.033727
2.197229 1.085724
2.134668 1.054420
2.118679 1.032298
2.144120 1.034792
2.156088 1.047739
0.922201 1.320397
2.159033 1.050417
2.161902 1.018998
2.140737 1.038003
2.148443 1.032431
2.143697 1.039225
2.145651 1.045325
2.170457 1.043373
2.096942 0.985610
2.181569 1.020790
2.157610 1.014149
0.050228 -0.442521
2.149378 1.038804
2.080704 0.971387
2.177323 1.022454
2.137131 1.019283
2.183642 0.990817
2.151995 1.044008
2.150773 1.029970
2.145550 1.061107
2.137689 1.024904
2.142324 1.036954
0.061161 -0.448835
2.134192 1.028229
2.156802 1.056776
2.146261 1.025226
2.120895 1.032206
2.182897 1.067335
2.160050 1.009738
2.108888 1.074245
2.144999 1.037344
2.135461 1.019964
2.139542 1.039304
-0.008366 -0.493926
2.182118 1.006257
2.102426 1.096636
2.165027 1.054191
2.178317 1.077212
2.145403 1.049145
2.108046 0.992757
2.129426 1.023412
2.137583 1.039370
2.118366 1.010367
2.160690 1.042958
-0.034947 -0.497443
2.155305 1.023751
2.147257 1.024496
2.127561 1.012245
2.161441 1.015384
2.163874 1.003415
2.146459 1.040463
2.140491 1.041939
2.180451 1.018345
2.139030 1.014324
2.143945 1.032057
-0.021345 -0.519780
2.149863 1.031457
2.125310 1.058336
2.098894 1.094905
0.325448 -2.774423
-0.312567 2.919726
-3.710047 -3.241219
-3.753832 -4.288344
-3.742737 -4.276220
-3.812922 -4.324487
-3.749777 -4.297114
-0.048552 -0.511111
-3.779860 -4.305603
-3.679809 -4.341739
-3.789579 -4.340101
-3.741704 -4.303483
-3.719630 -4.324835
-3.749470 -4.280904
-3.731301 -4.312557
-3.733207 -4.278330
-3.718345 -4.283815
-3.727521 -4.281762
-0.596706 -0.691391
-3.746898 -4.270745
-3.709675 -4.248435
-3.731624 -4.339786
-3.736942 -4.366772
-3.710266 -4.258721
-3.743470 -4.288742
-3.774539 -4.270886
-3.773923 -4.275346
-3.768667 -4.251467
-3.789156 -4.339554
2.106441 -4.815270
-0.874070 -1.087866
-3.732790 -4.324884
-3.775772 -4.266761
-3.804662 -4.356258
-3.771032 -4.316053
-3.754113 -4.295958
-3.804330 -4.300973
-3.770077 -4.251486
-3.774448 -4.304116
-3.793017 -4.266998
-3.762870 -4.308044
0.074706 -0.473884
-3.742729 -4.280541
-3.715390 -4.263100
-3.722006 -4.299380
-3.749240 -4.295731
-3.729631 -4.295027
-3.742637 -4.315923
-3.710354 -4.298062
-3.689288 -4.234197
-3.720598 -4.324002
-3.735053 -4.310187
0.021083 -0.519539
-3.770948 -4.285062
-3.743863 -4.330642
-3.752143 -4.302882
-3.758418 -4.296980
-3.778518 -4.321486
-3.816094 -4.236620
-3.803510 -4.297228
-3.746938 -4.281138
-3.765023 -4.322816
-3.726702 -4.343170
0.190775 -0.252381
-3.837210 -4.380236
-3.735663 -4.267677
-3.723986 -4.258369
-3.746837 -4.248293
-3.756104 -4.293948
-3.735154 -4.307183
-3.713956 -4.332243
-3.731031 -4.311295
-3.757389 -4.301333
-3.765273 -4.293077
0.067227 -0.463094
-3.700456 -4.240943
-3.753903 -4.273584
-3.730098 -4.286715
-3.761245 -4.299917
-3.763455 -4.286564
-3.774713 -4.318455
-3.743906 -4.306222
-3.790498 -4.322701
-3.734801 -4.246443
-3.751297 -4.295634
-3.036833 1.268674
-3.769418 -4.272010
-3.786135 -4.283808
-3.827714 -4.559765
-3.833161 -4.587682
-3.847751 -4.600592
-3.816949 -4.556301
-3.811592 -4.553417
-3.827778 -4.565067
-3.831252 -4.579733
-3.829668 -4.596917
-3.113440 1.240241
-3.708597 -3.215784
-3.701683 -3.208529
-3.709247 -3.209453
-3.696490 -3.196000
-3.717883 -3.212195
-3.709680 -3.225627
-3.659390 -3.259219
-3.676369 -3.262282
-3.702484 -3.227159
-3.764748 -3.267423
0.073502 -0.493710
-3.749105 -3.220883
-3.679799 -3.240977
-3.716311 -3.250977
-3.677389 -3.187325
-3.709573 -3.206606
-3.719400 -3.208646
-3.689112 -3.235326
-3.689845 -3.203843
-3.733589 -3.195193
-3.717381 -3.209502
0.048983 -0.449146
-3.700400 -3.198360
-3.705915 -3.199792
-3.703052 -3.232353
-3.322052 -3.396209
-3.306750 -3.408871
-3.309674 -3.416100
-3.309069 -3.405388
-3.327470 -3.390582
-3.335492 -3.384834
-3.321456 -3.400472
0.566837 -0.295255
-3.337634 -3.381140
-3.317885 -3.402550
-3.327490 -3.403435
-3.287043 -3.383757
-3.310012 -3.405647
-3.292102 -3.425576
-3.314746 -3.404553
-3.321290 -3.402826
-3.293063 -3.407588
-3.310484 -3.409775
2.111548 -4.823134
0.557778 -0.388963
-3.336048 -3.369208
-3.306254 -3.410083
-3.315580 -3.402837
-3.338608 -3.376127
-3.296970 -3.411267
-3.317640 -3.404064
-3.313366 -3.403999
-3.313318 -3.405972
-3.325172 -3.397608
-3.329682 -3.381714
0.551393 -0.415855
-3.317340 -3.402197
-3.312100 -3.405385
-3.306290 -3.407285
-3.309820 -3.407256
-3.311805 -3.407675
-3.258656 -3.452323
-3.313591 -3.402559
-3.297778 -3.401802
-3.295287 -3.421091
-3.326024 -3.394920
0.592113 -0.418629
-3.308367 -3.403196
-3.318008 -3.399907
-3.317508 -3.402633
-3.671985 -3.162991
-3.664833 -3.154750
-3.664635 -3.156935
-3.646370 -2.815357
-3.646668 -2.827824
-3.645719 -2.799420
-3.644968 -2.805421
0.274412 -0.547145
-3.648927 -2.827987
-3.649059 -2.798963
-3.645278 -2.814654
-3.647294 -2.808158
-3.771466 -3.248601
-3.767565 -3.248021
-3.812250 -3.273845
-3.774955 -3.230859
-3.792142 -3.226146
-3.796349 -3.222854
0.570167 -0.394902
-3.708368 -3.212505
-3.041702 1.271103
-3.125061 1.228765
-3.114940 1.335237
-2.998917 1.333345
-3.078535 1.345678
-3.052612 1.286541
-3.088026 1.317208
-3.088972 1.256234
-3.490480 1.420105
-0.019380 -0.681483
-3.512309 1.428576
-3.499414 1.422792
-3.491128 1.425236
-3.480313 1.415713
-3.498710 1.423888
-3.481759 1.412609
-3.481979 1.416771
-3.493320 1.421013
-3.483110 1.418747
-3.491833 1.423924
-0.110652 -0.744425
-3.021570 1.319122
-3.055546 1.292081
-3.003674 1.338500
-3.000440 1.336517
-3.012146 1.323510
-3.010777 1.272657
-3.072452 1.302773
-3.021983 1.245421
-2.998649 1.314146
-3.083649 1.312634
2.305577 -0.942246
-3.000126 1.369548
-3.049644 1.296413
-3.026219 1.273836
-2.919407 1.361024
-2.956379 1.363190
-3.041392 1.319935
-3.027246 1.314882
-3.046700 1.329197
-3.011464 1.233351
-3.077318 1.287720
2.173558 -1.247921
-3.032244 1.268611
-3.067100 1.268745
-3.104528 1.291891
-3.029350 1.274001
-3.109597 1.345387
-3.048346 1.284457
-3.069206 1.282162
-3.054113 1.279175
-3.041307 1.300742
-3.060727 1.305957
2.173057 -1.251921
-3.030245 1.201871
-3.040064 1.293386
-3.092267 1.249931
-3.028967 1.334858
-3.051360 1.292959
-3.039400 1.294487
-3.149424 1.230985
-3.095507 1.312090
-3.063056 1.289617
-3.006847 1.245278
2.102876 -4.792599
2.167004 -1.255600
-3.007863 1.290656
-2.996509 1.347142
-3.070641 1.301405
-3.082506 1.268963
-3.092813 1.251552
-3.051670 1.293615
-3.062530 1.278241
-3.047405 1.283350
-3.065939 1.281708
-3.053901 1.403583
2.166873 -1.253188
-3.048278 1.276201
-2.961855 1.312529
-3.033547 1.290061
-3.011654 1.304949
-3.000706 1.336860
-3.085553 1.333154
-3.043731 1.296824
-3.098748 1.228408
-3.085145 1.328157
-3.054929 1.286164
2.151958 -1.271484
-3.046406 1.299860
-3.039585 1.315167
-3.035303 1.256346
-3.063947 1.287304
-3.073762 1.335294
-3.080877 1.249193
-2.976585 1.231342
-3.075986 1.273747
-3.083255 1.230821
-3.106554 1.345413
2.175567 -1.235051
-3.036553 1.339792
-2.980046 1.330989
-3.058377 1.292847
-3.024518 1.260112
-3.129527 1.272403
-3.068794 1.370490
-3.091161 1.263822
-3.058398 1.267563
-2.998970 1.364569
-3.112152 1.263913
2.197212 -1.220080
-3.006770 1.317679
-3.024837 1.250015
-3.089735 1.301254
-3.101098 1.255206
-3.018891 1.317045
-3.066423 1.289090
-3.132721 1.225871
-3.073283 1.259887
-3.104169 1.233752
-3.094633 1.274539
2.143765 -1.297817
-2.888568 1.372135
-3.057779 1.285368
-3.058921 1.303819
-3.002545 1.338595
-3.017508 1.329475
-3.106395 1.359534
-3.137640 1.118062
-3.163615 1.078455
-2.991559 1.217996
-3.047080 1.300245
2.172103 -1.248574
-3.094961 1.275899
-3.099016 1.335543
-3.073182 1.369792
-2.591086 0.843103
-2.635112 0.868474
-3.120702 1.274656
-3.045008 1.285699
-3.055967 1.308602
-3.057798 1.288762
-3.064505 1.275286
2.165677 -1.260487
-3.028086 1.291626
-3.066522 1.264616
-3.107574 1.257357
-3.546681 -0.817234
-3.527929 -0.836035
-3.487372 -0.869615
-3.502889 -0.864797
-3.547787 -0.811676
-3.494901 -0.866885
-3.497419 -0.867987
2.370977 -1.031109
-3.492456 -0.863715
-3.537813 -0.854314
-3.551527 -0.850136
-3.549049 -0.853410
-3.539023 -0.825785
-3.493021 -0.854487
-3.510518 -0.850443
-3.496874 -0.859659
-3.488676 -0.866290
-3.510217 -0.868424
2.409600 -1.083745
-3.501415 -0.862931
-3.512969 -0.842842
-3.475410 -0.847813
-3.517676 -0.891037
-3.519491 -0.836188
-3.493184 -0.864222
-3.512288 -0.836638
-3.492353 -0.864755
-3.505412 -0.859682
-3.482373 -0.871988
2.103006 -4.814866
2.393893 -1.049237
-3.460656 -0.900809
-3.482682 -0.855851
-3.480647 -0.856128
-3.504758 -0.862229
-3.499372 -0.875489
-3.688224 -0.928627
-3.704262 -0.935140
-3.699213 -0.928911
-3.725384 -0.937111
-3.717411 -0.938433
2.400774 -1.053007
-3.736401 -0.945842
-3.691378 -0.929655
-3.440113 -0.821402
-3.470113 -0.895903
-3.480757 -0.876965
-3.478910 -0.872841
-3.505250 -0.859644
3.788377 -0.467241
3.791982 -0.490659
-0.694744 3.359274
2.398882 -0.642458
4.014119 -1.900020
4.499315 -1.726595
4.500618 -1.733988
4.547179 -1.676592
4.497961 -1.720892
4.503639 -1.727178
4.459588 -1.832681
4.411613 -1.938917
4.503216 -1.723082
4.493617 -1.726009
2.422774 -0.595401
4.498709 -1.731510
4.495419 -1.733074
4.601162 -1.646469
4.618207 -1.632961
4.503294 -1.728884
4.512376 -1.723702
4.499694 -1.730224
4.507155 -1.721509
4.491080 -1.746184
4.494156 -1.734947
2.403454 -0.623055
4.504857 -1.720580
4.690183 -2.202655
4.783106 -2.210180
4.809452 -2.210532
4.777651 -2.215471
4.746134 -2.248247
4.747691 -2.251108
4.754283 -2.257317
4.761597 -2.240188
4.756459 -2.249921
2.403176 -0.622674
4.634798 -2.358182
4.571608 -2.328207
4.545081 -2.276491
4.641699 -2.356139
4.634997 -2.355231
4.640679 -2.353156
4.642631 -2.361338
4.631656 -2.361950
4.597922 -2.336663
4.595421 -2.399793
2.406198 -0.619733
4.599504 -2.331050
4.650290 -2.380072
4.656420 -2.371383
4.985174 -2.225209
4.984617 -2.232940
4.997029 -2.223482
4.995100 -2.223987
4.998800 -2.230122
4.973825 -2.222930
4.985737 -2.229945
2.397374 -0.632455
4.986721 -2.223509
5.003170 -2.228940
4.346422 -2.023900
4.539951 -2.286675
4.541408 -2.297043
4.537357 -2.301799
4.502378 -2.272248
4.505212 -2.270624
4.555184 -2.314662
4.355180 -2.035634
2.400332 -0.617212
4.348140 -2.025864
4.425257 -1.924868
4.422690 -1.919473
4.408197 -1.953452
4.021057 -1.883651
4.034667 -1.886457
4.015452 -1.884647
3.921848 -1.890703
3.997547 -1.914111
4.013211 -1.887423
2.399886 -0.632982
3.587991 -2.131248
3.776313 -1.563603
4.021249 -1.872228
4.048556 -1.860176
4.016663 -1.889814
-1.516122 -0.382376
-1.527749 -0.442129
-1.527947 -0.378580
-1.517365 -0.373195
-1.495163 -0.374568
2.114577 -4.820749
2.416439 -0.602539
-1.444559 -0.993401
-1.391553 -0.938139
-1.604629 -0.505248
-1.534987 -0.398217
-1.614251 -0.426548
-1.491845 -0.362730
-1.512010 -0.387423
-2.793059 1.003590
-1.539015 -0.376254
-1.628573 -0.632302
2.401978 -0.620800
-2.072776 -0.900739
-1.696309 -0.621915
-1.680680 -0.606846
-1.513541 -0.377318
-1.518184 -0.397262
-1.464565 -0.426870
-1.514106 -0.347941
-1.524656 -0.397149
-1.531038 -0.397756
-1.543041 -0.387508
2.398394 -0.627361
-1.554701 -0.389530
-1.514533 -0.379152
-1.531450 -0.384863
-1.573241 -0.451515
-1.196779 -0.235699
-1.510065 -0.382509
-1.529466 -0.382747
-1.520453 -0.372291
-1.395160 -0.934147
-0.669912 3.378235
2.404587 -0.623283
3.648005 3.503671
0.277747 2.486989
-2.100846 -0.135668
-2.293305 -0.377863
-2.297416 -0.388168
-2.293759 -0.380115
0.030194 -0.449800
0.015071 -0.452652
0.503823 -0.732172
0.065719 -0.468702
2.387202 -0.631271
0.642360 -0.877855
0.257961 -0.550374
0.253108 -0.471787
-0.085510 -1.076793
0.416953 -0.737506
2.920178 -2.284587
2.922895 -2.280593
3.048771 0.595786
3.044106 0.588457
0.474286 -0.584440
2.398070 -0.634785
0.519819 -0.624391
2.668302 0.261894
2.436248 0.281658
2.462713 0.286311
2.473927 0.290076
2.467472 0.293279
3.376270 3.898411
-2.054442 -1.725941
-1.802247 -1.679386
-4.021012 2.137256
2.398342 -0.626263
-4.013726 2.129720
-3.965845 2.080544
-0.216303 -0.344405
0.345272 -0.417466
1.507887 -1.100492
1.485986 -1.089484
1.676520 -0.258897
1.659122 -0.254302
1.489569 -0.352208
-0.474249 -0.439313
2.403412 -0.637906
2.832009 0.606272
2.861101 0.638511
1.670792 -0.260820
1.705888 -0.226864
1.740956 -0.187156
3.011031 -2.409629
3.017716 -2.416595
-0.868000 -0.334314
-1.173746 -0.278968
-0.916517 -0.343856
2.284577 -0.941202
-0.931875 -0.351378
1.465848 -1.070797
1.488700 -1.086539
1.331832 -0.953313
1.465415 -1.066553
3.028139 0.596895
2.977010 0.552166
3.039456 0.608951
3.123034 0.685845
3.107971 0.669646
2.247144 -0.899175
-0.904521 -0.806032
-0.733420 -0.813532
-1.259345 -0.703564
-1.271310 -0.708547
-0.279383 -0.397277
-0.185673 -0.335504
-0.205626 -0.327196
-2.724137 -2.005937
-2.730683 -2.009238
2.645512 -2.208467
2.099032 -4.806053
2.287251 -0.939993
2.711913 -2.296592
-0.302725 1.696404
-2.699980 -1.952428
-2.608186 -1.805339
-2.766614 -2.134628
-0.594485 -0.015560
-2.282613 -2.088328
-2.268778 -2.096595
-1.946956 -0.800810
-0.202648 -0.774259
2.275419 -0.960409
-0.535093 -0.538495
-0.700386 -0.851716
-0.551933 -0.539258
-0.466020 -0.494726
-1.100759 3.886939
1.282870 -0.928275
-2.112286 -0.892939
-2.116897 -0.936282
-2.098809 -0.909238
1.683416 -0.265572
2.278601 -0.956702
-2.731105 -2.009629
-3.056645 3.203582
-3.113875 3.234808
-3.156799 3.272636
2.502398 -2.237599
2.492645 -2.255465
0.830569 -0.481856
-3.059385 -1.603622
-3.372906 -1.731420
-3.500118 -1.790141
2.220841 -0.977028
-3.420746 -1.751367
-3.379578 -1.732974
0.592998 -0.400485
0.281461 2.488793
0.608299 2.421797
0.252258 2.484703
0.013406 0.055831
0.003029 0.077443
-0.001708 0.066851
0.656792 0.016630
2.301448 -0.938950
0.663438 0.015562
-1.278354 0.332392
-1.010267 0.169116
-1.455200 0.425264
-3.128165 0.401989
-1.125658 3.899759
-1.130981 3.907743
-0.747645 3.221212
-2.626909 -1.817185
-2.602446 -1.280054
2.295840 -0.963643
-2.551663 -1.240478
-1.283877 0.105200
-1.269867 0.091577
-1.497408 -1.019074
-1.489558 -1.009347
0.016170 0.403489
-3.051983 -1.600899
-3.128701 -1.594184
1.483371 -1.089290
0.309759 -0.797478
2.264911 -0.930972
-3.159893 -1.601255
-1.913649 1.652386
-1.899946 1.641042
-0.077390 -1.498757
2.417136 0.350502
2.146235 0.233557
1.331861 -0.956103
1.286064 -0.930054
3.534928 3.399739
3.370735 3.911391
2.304157 -0.976431
0.437770 -0.752074
0.630428 -0.436923
-2.608498 -1.815471
-0.155811 -0.796848
-0.197651 -0.828674
-0.639825 -0.579163
-0.630688 -0.364392
1.507071 -1.105314
-2.739669 -2.030022
-0.527105 -0.478539
2.265824 -0.943816
1.665990 -0.256636
-2.608571 -1.788890
-4.038802 2.155193
-4.068770 2.187684
-3.061831 3.232512
2.530545 -2.151389
-1.271387 0.076832
-1.254498 0.069703
-1.448096 1.078354
-1.667228 1.318024
2.292402 -0.962789
-0.043225 -0.691583
2.963885 -2.351727
2.540997 -2.156119
3.101629 0.666465
3.542904 3.053602
3.563743 2.904615
-0.727090 -0.829833
-1.226892 -0.669398
-2.267340 -0.427916
-3.437866 -1.756898
2.078594 -4.790084
2.282732 -0.969500
-1.174783 -0.819537
-3.939480 2.053211
-1.281654 0.121062
2.755653 -2.212528
-0.031646 -1.713384
-1.295441 0.096866
2.815286 -4.832935
3.110144 0.670378
-0.190853 -0.779470
0.044156 -0.873683
2.319455 -0.939570
0.067995 -0.923171
-0.690356 -0.795128
-3.462756 0.299962
-3.459350 0.297561
-0.581256 3.368554
-0.499822 3.370154
2.534866 -2.170855
2.560477 -2.133496
-2.735606 -2.018503
2.664432 -1.587686
2.315497 -0.920744
2.667619 -1.588749
-0.993173 -1.106932
-0.976548 -1.085158
-0.999669 -1.108387
0.297973 2.490171
0.971523 -0.498355
-1.300952 0.479284
0.753540 -0.461226
-0.734078 3.151446
-0.150818 -0.771456
2.289718 -0.943466
-0.177854 -0.776735
3.912108 -1.894057
-1.226851 0.229291
-1.223153 0.244634
-2.614935 -1.815512
-2.806966 2.897874
-2.814929 2.915764
-1.363581 0.228803
-2.811370 2.907239
-2.783175 2.878486
2.304153 -0.927616
-2.811703 2.906732
-2.809875 2.901864
-2.790971 2.894543
-2.789053 2.897110
-2.937644 3.058015
-2.804600 2.897735
-2.814053 2.907387
-1.418117 -0.933910
-1.422822 -0.937457
-3.968871 2.085453
2.303475 -0.945759
0.290840 -1.073889
0.293121 -1.096110
2.820587 -4.834325
3.022767 0.598077
-1.285811 0.087500
3.782179 -1.899399
-2.015687 1.826144
-2.022803 1.838949
-0.556632 -0.549779
0.410243 -0.809714
2.316634 -0.957445
0.033864 -0.924106
3.744987 -1.905210
-2.021797 1.837447
2.672052 0.051843
2.695253 0.302336
2.623151 0.266346
-1.298592 0.113151
0.461762 2.454547
-0.780141 0.088828
-0.802944 0.101132
2.302236 -0.955007
-3.547177 -0.814647
-0.279407 -1.070975
-0.730850 0.047813
2.627513 -1.748622
2.616110 -1.825134
2.919508 -2.277036
-1.469340 0.431827
3.117120 0.658861
3.154229 0.685556
-1.183988 -1.022790
2.098650 -0.788490
3.763476 3.275417
-3.055692 -1.614787
-0.645798 -0.799443
-0.652853 -0.805978
-0.659271 -0.806000
-0.602565 -0.771041
-1.490795 0.452829
-1.523990 0.448560
-1.953312 1.697754
-1.950421 1.692738
1.897865 -1.179899
2.402171 0.372060
-2.242575 -0.568699
0.795308 -2.225946
2.404506 0.366466
0.500403 5.413284
-1.211640 -0.234965
-1.244878 -0.262299
-1.213282 -0.229190
-2.401949 -0.768490
-2.410546 -0.778255
2.066411 -4.638929
2.401292 -0.905940
-1.705504 1.361452
-0.735595 -1.233082
-0.753043 -1.225504
1.080223 -1.703147
0.503671 -0.307695
-1.705814 1.357786
-1.693680 1.343578
2.473140 0.298438
-1.327168 0.510377
-1.343642 0.523306
2.467996 -0.889756
2.746125 0.063463
2.719256 0.335540
2.712187 -0.173717
2.758195 -0.471125
2.690840 0.057363
-1.105631 0.106717
-1.095722 0.101302
2.675815 0.037318
-1.522549 -0.460014
-1.538989 -0.470981
2.312267 -0.942857
1.596139 -2.005075
1.536205 -1.997283
0.782054 -2.208149
-3.073190 1.404815
3.023659 0.578064
-4.048497 2.166807
-2.927490 3.046340
-2.903566 3.015281
-3.103924 3.301356
-3.095817 3.295092
2.290601 -0.948268
-0.651801 -0.183280
-0.630931 0.005808
-0.666399 -0.045036
-0.625936 -0.035427
-3.097554 3.300087
-1.227197 -1.620069
-1.225510 -1.615325
-3.098536 3.296856
-3.102118 3.305118
-1.217962 -1.610295
2.283692 -0.960343
0.162845 -0.091208
0.168916 -0.084758
-3.103175 3.309505
1.115306 -0.504588
-0.745413 -1.009083
-0.753540 -1.051438
1.518221 -1.118674
0.313469 -2.784588
-0.688682 0.003037
2.815904 0.079806
2.282671 -0.938654
2.834365 0.078059
2.821542 0.080491
-1.299629 0.501630
-1.294802 0.495071
-4.010528 2.127884
-3.997063 2.114375
2.535938 -2.165642
-1.385391 -4.440936
-1.378764 -4.434566
2.781634 -2.233573
2.276309 -0.935834
-0.651139 -0.813983
-1.285050 0.121572
-1.924653 1.664035
-1.339722 0.130634
-1.331940 0.130248
-1.926350 1.669065
-1.913315 1.658520
-1.206494 -0.667443
-2.760764 2.869193
-3.134206 1.235475
2.311099 -0.935277
0.198708 0.800410
0.242151 0.870627
-1.795774 1.493146
-1.690221 1.339022
-2.782822 -2.161302
-2.778665 -2.177577
1.667660 -0.254071
-1.952324 1.694795
-2.775574 -2.162209
-2.777284 -2.150437
2.301115 -0.949536
-0.297112 1.686671
-2.779260 -2.158261
-2.780043 -2.155752
-2.779254 -2.159142
-2.796331 0.406948
-2.781285 -2.151252
2.813265 -4.833191
-2.311355 -0.342541
-2.318182 -0.322257
2.596456 -0.764180
2.257772 -0.949629
2.294648 -0.931966
2.298084 -0.936400
0.129665 -0.756565
3.557427 -1.554104
3.508856 -1.546672
-3.182823 -1.589623
-1.573027 0.512115
-1.592454 0.523927
-1.588925 0.528401
-1.582585 0.517820
-0.017498 -1.714956
2.058207 -4.618182
2.303460 -0.939054
-0.309333 2.918130
-0.111872 -0.362252
-3.133392 1.215148
-2.108159 -0.912212
2.522901 -2.163378
-1.895665 1.635978
3.055101 0.598497
3.015247 0.585084
2.705350 0.072268
-2.661982 0.884368
2.244028 -0.881668
-0.697265 -0.043143
0.129560 -0.753580
-2.849997 1.390102
2.971823 -2.365336
0.115383 -0.729892
-2.788034 2.893959
-3.065346 -1.615956
0.604513 5.169747
-1.211050 -0.787138
-1.292056 -0.952206
2.291739 -0.946883
-1.390243 -1.171637
-3.066930 3.237215
-0.597250 -0.016485
-0.576753 -0.022033
0.247292 -0.801875
2.242158 -2.950487
3.764904 -1.896855
-1.430165 -1.233549
-1.439325 -1.259274
0.009120 0.062407
2.294218 -0.917956
1.503156 -0.349417
-1.634417 -0.433456
-1.658043 -0.450956
-3.167507 1.070874
-3.152702 1.080939
-0.243602 2.719545
-0.242571 2.724014
-0.247988 2.732650
-1.228561 -0.676178
-1.976805 -1.709888
2.276126 -0.961203
3.040315 0.616727
2.844132 0.075669
-0.942875 -0.353396
-3.068074 -1.635622
-3.054367 -1.612773
-3.059441 -1.610126
-3.071419 -1.620297
-3.081071 -1.621817
-3.070968 -1.605633
-3.057375 -1.608717
2.302461 -0.939524
-3.047891 -1.647673
-3.051711 -1.611166
-3.050383 -1.611106
-2.657709 -1.449178
-2.686134 -1.465640
-3.076265 -1.615187
-3.052893 -1.608549
-3.058697 -1.608834
-3.050500 -1.602121
-3.045297 -1.594731
2.292617 -0.950258
-3.062293 -1.618096
-3.043174 -1.611203
-3.061148 -1.616093
-3.057470 -1.606398
-1.610898 -0.498832
-1.394994 -0.949012
-1.428320 -0.954364
-1.385323 -0.937361
-1.401326 -0.929771
-1.385057 -0.969149
2.291887 -0.962151
-1.394283 -0.950807
-1.424158 -0.954512
-1.403227 -0.944128
-1.443502 -0.970196
-1.390048 -0.934851
-1.425071 -0.920138
-1.420187 -0.937890
-1.427441 -0.932989
-1.439137 -0.973934
-0.405563 -2.194602
2.312285 -0.918422
-0.413682 -2.204802
-0.784365 -1.187706
-0.756844 -1.190024
0.437236 -0.735165
-3.527565 -1.799169
-3.549576 -1.806585
2.788263 -2.227187
2.541430 -2.179341
2.549759 -2.219574
1.777983 2.508806
2.668192 -1.033462
-4.005406 2.121558
-3.990739 2.106360
-1.204674 -0.759783
-1.229143 -0.557225
3.996330 -0.660422
-0.867203 -1.096821
0.214065 0.825065
0.807513 2.599766
-1.258591 0.346824
-1.247680 0.341275
2.060386 -4.600465
2.656953 -1.032164
0.864467 -3.435799
2.672616 -1.578165
2.658918 -1.614326
2.726768 -0.933538
2.530388 -2.167579
2.537698 -2.181506
2.535037 -2.165569
2.559966 -2.205513
2.523984 -2.179097
2.546673 -2.183483
2.672812 -1.035676
2.518514 -2.176112
2.552587 -2.194819
-1.509890 0.444542
-2.010335 1.828516
3.941973 -0.652057
-0.765758 0.041561
-1.368428 0.058261
-1.372631 0.051197
-1.351553 0.075195
-1.156977 -0.189741
2.659068 -1.031064
1.753713 -0.175604
2.848526 0.099098
2.819590 0.082959
2.825719 0.090407
-1.482723 1.109015
-0.184162 -0.774791
-1.079722 -1.362347
-1.093337 -1.374997
-1.297392 0.112404
-2.167614 -1.081150
2.648568 -1.028466
-2.172729 -1.083858
-2.171344 -1.080376
-2.127960 -1.002808
-2.168029 -1.089032
-2.171018 -1.087128
2.467881 -2.119237
2.463471 -2.106744
2.473011 -2.129293
2.467053 -2.133327
-1.429166 -1.241748
2.682277 -1.029142
2.245429 -1.087060
-1.402836 -1.197003
-0.668336 -0.771135
0.883619 -3.452982
1.329491 -0.953148
2.680238 -1.013235
2.532217 -2.170181
4.007695 -0.674667
4.009726 -0.636641
2.419312 0.347948
2.672817 -1.004914
2.418120 0.355900
0.498947 5.414681
-0.832130 -1.302055
-0.647078 -0.797402
0.632043 -0.444471
-1.221783 -1.606127
-1.225856 -1.619672
3.033587 0.606923
-1.952378 1.695245
2.218170 -0.984484
2.650604 -1.057641
-0.589725 -0.711603
-1.276193 0.088523
-3.961884 2.077435
-0.730374 -1.230866
-1.199234 0.249539
-1.976403 1.756995
0.585839 5.164441
2.666860 -1.601220
2.662281 -1.600815
3.063635 0.610304
2.664978 -1.035574
2.541608 -2.174580
2.518430 -2.169679
2.710038 -2.304908
-0.875979 -1.065762
-3.512636 -1.794343
3.904375 -1.868702
4.626047 -1.628160
4.630515 -1.617461
-1.229555 -0.676213
-1.223211 -0.674222
2.687027 -1.059931
-1.229540 -0.663395
-1.229673 -0.659152
-1.217837 -0.669813
-1.477033 0.445956
-3.126458 3.234519
-3.042043 1.309760
-3.009530 1.224654
3.007565 0.580597
3.047962 0.594952
3.023718 0.592341
2.679040 -1.053957
3.032710 0.601972
3.025702 0.596195
3.045929 0.598913
3.031950 0.603814
3.082762 0.628952
3.034367 0.599264
3.018279 0.588001
3.569342 2.872621
-2.156440 -0.115087
-2.153963 -0.098923
2.059535 -4.628346
2.667022 -1.037237
-2.153532 -0.117240
-1.947606 1.697361
2.721592 0.345200
-3.367746 -1.728052
-3.364539 -1.729751
-1.076112 -0.913447
-3.095750 3.298474
2.699455 0.066903
-2.817432 2.922848
-2.043712 1.855543
2.658619 -1.034847
3.570248 2.858096
-1.268845 0.123015
-1.265265 0.108893
-3.073409 3.216544
-1.096405 -1.099501
-1.072961 -1.057418
-0.867963 -1.051024
-3.480709 0.309515
-0.212445 -0.845765
3.032546 0.600356
2.653905 -1.029150
-0.316812 0.863374
3.003036 0.572989
-3.412251 -0.277847
2.817542 0.611098
3.822264 -1.528807
3.846849 -1.519398
2.545151 -0.908786
-3.076024 3.219679
-3.068322 3.221518
-3.064938 3.210281
2.637222 -1.008785
-3.065687 3.219460
-3.063353 3.210909
-3.061155 3.203565
-3.025857 3.157567
1.627955 -0.259655
2.667687 0.261717
-3.017563 -0.903614
-3.062695 3.209699
-2.518879 -0.573189
-1.704812 1.353217
2.309727 -0.971461
-1.696734 1.338597
1.329317 -0.959038
1.333465 -0.961441
-3.078001 -1.671829
-3.017870 1.240897
-0.576453 -0.688431
-0.706666 3.397733
2.857300 0.097294
2.398505 -0.640709
2.770573 -0.507022
2.306820 -0.922477
2.767195 -0.519198
2.769335 -0.524510
-2.776854 -2.148386
-1.082827 3.873368
-2.289816 -0.387372
-0.320076 0.872420
-3.119418 3.229687
-3.120748 3.230539
4.017828 -1.892635
0.208878 0.826333
2.306821 -0.933547
2.527295 -2.172302
3.746279 -1.903748
3.747118 -1.904037
3.762147 -1.905629
-0.659879 -0.005126
-0.831027 -1.389537
-0.833909 -1.380954
0.426643 -0.857882
1.111738 -0.504140
1.114023 -0.500833
2.336168 -0.976401
-1.359547 0.039385
-1.952941 1.693949
-1.949440 1.695296
-2.800065 0.392734
-2.785696 0.348328
-2.805093 0.376010
-2.805220 0.373447
-1.288072 0.107217
-2.171143 -1.088591
-1.949043 1.695469
2.305825 -0.945042
-0.913414 -1.282691
-0.918875 -1.284909
0.737177 -0.445333
2.844597 0.611686
2.854812 0.619906
-4.094083 2.213538
-1.428270 -1.263912
-3.998348 2.114355
-3.978432 2.094859
-1.353032 0.116502
1.824809 -0.784499
-0.382963 -2.200723
-0.410143 -2.194843
0.166357 2.481913
0.183707 2.487577
0.144600 2.487048
0.263335 2.485664
0.118094 2.483324
0.033548 0.469486
2.551293 -2.229169
-3.510847 -1.792083
2.063557 -4.635341
1.689134 -0.716310
3.040474 0.597247
0.513643 -0.611985
4.019358 -1.885338
0.986722 -0.502620
0.966912 -0.499896
-1.279743 0.316996
-1.278814 0.312286
-1.269445 0.332831
-0.193610 -0.777961
-3.517621 -1.799497
2.300083 -0.960698
-1.185601 0.261311
-1.221388 0.233848
-1.219417 0.239924
-1.233151 0.207648
2.522892 -2.173880
0.280614 0.928157
-1.308873 0.095740
-2.616110 -1.811602
0.960117 1.358839
3.097839 0.663817
2.286228 -0.908178
3.406328 -1.937148
3.427963 -1.927043
-2.276673 -0.404461
-2.263578 -0.413821
-2.025476 -1.728613
1.597519 -3.281041
1.582182 -3.278439
1.585999 -3.277562
-1.357982 0.044246
-0.760075 -1.227888
2.264838 -1.026078
-0.993369 -1.117365
3.029494 0.599475
1.313847 -0.950055
2.835073 0.079063
0.470383 -1.414836
0.494781 -1.419021
-3.050806 3.193693
2.459073 0.293385
2.460382 0.297002
2.467165 0.281361
2.264809 -0.957118
2.461318 0.295103
3.367119 3.932868
-1.304632 0.497512
-0.084866 -1.485333
-0.059174 -1.485116
-0.074413 -1.485500
-0.075885 -1.488636
-0.088124 -1.501556
-0.076096 -1.490903
-0.082825 -1.495677
2.313641 -0.910344
-0.085326 -1.493272
0.391064 -0.798122
0.444289 -0.781970
0.417437 -0.758375
0.436487 -0.768397
-1.816281 -1.680966
-4.015075 2.131803
-4.013859 2.130243
0.638516 -0.437810
0.644839 -0.436614
2.329872 -0.920883
-2.147703 -0.138345
-2.151850 -0.141839
-2.162829 -0.138123
-2.276810 -2.089778
-0.230421 -0.830668
-0.180954 -0.769188
1.785965 2.511680
1.782083 2.501251
1.806043 2.538331
1.770845 2.534345
2.268457 -0.945094
1.813587 2.494946
1.790947 2.507865
1.792172 2.513094
0.020930 -0.654236
-1.670810 -0.596203
-1.699702 -0.627373
-1.706783 -0.618543
-1.732022 -0.666145
-1.722500 -0.606546
-1.703467 -0.622939
2.286844 -0.941569
-1.661438 -0.611728
-1.700938 -0.593789
-1.698121 -0.612585
-1.676785 -0.642504
-1.716963 -0.639567
-3.467860 0.301417
-3.408328 0.283781
1.198310 -0.871706
-1.122290 3.897591
-1.125999 3.889003
2.282301 -0.940077
-2.108759 -0.926850
-2.112220 -0.923078
-2.111924 -0.925199
-0.041230 -0.345963
-1.219073 -0.665671
-3.118284 3.235805
2.502328 -2.250896
2.515418 -2.248537
2.510168 -2.234582
0.859001 -0.488174
2.059572 -4.598956
2.233715 -0.966249
0.851094 -0.492447
0.868960 -0.487523
0.889086 -0.487738
0.864585 -0.483886
0.571145 -0.435089
0.571911 -0.396598
1.510715 -1.112465
1.823674 2.557923
3.100879 0.663213
-0.035706 -1.719475
2.308425 -0.933441
2.719586 -2.298240
2.718599 -2.290944
2.724757 -2.293222
-3.490006 0.311003
-0.512899 -0.437522
-0.528293 -0.412608
-0.547787 -0.433747
1.657151 -0.256909
1.708937 -0.214916
1.642055 -0.282704
2.331179 -0.987432
1.658739 -0.262988
1.714769 -0.228330
3.011233 -2.412381
3.013869 -2.411866
-3.015810 -0.893757
-3.019495 -0.898090
-3.512325 -1.794730
-0.651229 -2.033123
0.176020 -1.769264
-2.291578 -0.384943
2.273262 -0.927532
-2.290984 -0.363138
-0.644486 3.431193
-3.438544 -1.756328
0.349784 -0.404330
0.364965 -0.411655
0.279529 2.485839
0.254732 2.494615
0.281125 2.488901
0.280003 2.486073
0.275570 2.487351
3.043741 -1.511854
0.305140 2.462024
0.255559 2.491480
0.293557 2.486736
0.277173 2.488026
0.266511 2.491026
0.279799 2.490884
0.027105 0.453796
-0.004168 0.066865
0.870793 -0.496445
-0.218112 -0.821497
3.046831 -1.508498
0.641269 0.027286
0.631397 -0.023932
0.603215 -0.017657
0.640593 -0.049474
0.634339 -0.018599
0.640241 -0.025511
0.632815 -0.012872
0.635066 0.008096
0.639871 -0.030338
0.633084 -0.020253
2.936841 -1.721251
0.622642 -0.012060
0.657035 -0.018543
0.627718 -0.022857
0.639284 -0.016573
0.625064 -0.032502
0.628500 -0.020926
0.608145 -0.076695
2.975860 -2.368673
-0.949829 -0.342851
-1.619341 -0.641772
2.746318 -2.150381
-1.122295 3.878265
-1.118633 3.872918
-1.079737 -1.284652
-0.553490 -0.547153
-0.571093 -0.549993
3.059395 -1.514392
3.055545 -1.513676
2.061963 -4.623630
3.050274 -1.514553
3.026766 -1.512864
3.057624 -1.526062
3.031442 -1.510598
3.046430 -1.508772
3.037812 -1.503667
3.038310 -1.511322
3.045567 -1.487171
3.050553 -1.513947
3.041572 -1.533738
2.070298 -4.637444
3.050904 -1.521060
3.029693 -1.499161
3.057100 -1.500787
3.047504 -1.509081
3.032224 -1.500324
3.038924 -1.522672
3.047425 -1.510625
3.062366 -1.511046
-0.114996 -1.441504
-0.093901 -1.484401
2.064138 -4.639214
-0.069866 -1.488109
-0.067964 -1.500789
-0.075278 -1.500357
-0.054778 -1.879267
-0.048897 -1.718098
-0.030996 -1.723106
-0.051055 -1.635042
-0.054463 -1.636261
-0.065599 -1.661601
-0.057461 -1.660772
2.069136 -4.640697
-0.064715 -1.671360
-0.065607 -1.670587
-0.074288 -1.676852
-0.031298 -1.709642
-0.028950 -1.688323
0.233521 -1.777906
0.428623 -1.807111
-0.174497 -1.598691
-0.171494 -1.601982
-0.175636 -1.607638
2.104767 -4.815346
-0.184644 -1.619755
-0.055763 -1.493434
0.135318 -1.591161
0.694767 -1.797973
-0.074213 -1.479774
-0.078413 -1.496646
-0.082153 -1.494460
-0.104769 -1.456831
-0.081789 -1.484716
-0.083727 -1.495371
0.415441 -0.720519
2.604663 -4.871037
3.516428 3.461870
3.492570 3.527495
3.582031 3.475240
3.591084 3.637883
3.554590 3.567688
3.567056 3.526885
3.658808 3.358499
3.724424 3.470410
3.428395 3.613192
3.558476 3.391808
2.588529 -4.883178
3.379627 3.350439
3.443677 3.459653
3.476806 3.490294
3.453562 3.554818
3.457805 3.469164
3.598945 3.573886
3.382980 3.442445
3.422414 3.446958
3.539608 3.456564
3.573334 3.386432
2.611967 -4.875663
3.620965 3.429457
3.543989 3.452331
3.442975 3.311071
3.683415 3.666359
3.518703 3.583929
3.509498 3.327662
3.467030 3.299248
3.426622 3.480001
3.414784 3.532044
3.492898 3.479679
2.637734 -4.877095
3.379320 3.386619
3.541953 3.462742
3.391838 3.596793
3.407439 3.386233
3.470223 3.479171
3.361911 3.317754
3.406954 3.340015
3.532830 3.331321
3.679491 3.584153
3.475339 3.519880
2.582571 -4.852622
3.578848 3.509428
3.333655 3.413618
3.537551 3.436806
3.563457 3.648791
3.587903 3.336144
3.420353 3.494271
3.528388 3.353104
3.404492 3.561349
3.530321 3.576052
3.672872 3.452367
2.610672 -4.875135
3.397035 3.457182
3.624034 3.332351
3.431736 3.579550
3.543810 3.330826
3.341984 3.429250
3.560906 3.389049
3.566620 3.628443
3.417579 3.428673
3.493012 3.512236
3.650142 3.575810
2.604140 -4.874934
3.504479 3.434667
3.554510 3.437891
3.429853 3.588892
3.566129 3.361655
3.630356 3.399115
3.520015 3.635919
3.507455 3.612403
3.531242 3.386228
3.531571 3.656408
3.424901 3.395286
2.605610 -4.874480
3.634352 3.687750
3.562442 3.575088
3.588899 3.491190
3.410377 3.666168
3.618949 3.403187
3.347829 3.431247
3.435857 3.560027
3.594103 3.406613
3.447387 3.627713
3.624827 3.577260
1.995040 -5.068294
3.327453 3.462390
3.584408 3.414789
3.528648 3.593828
3.507696 3.602598
3.584353 3.585268
3.568291 3.502279
3.431171 3.634034
3.355381 3.393985
3.410080 3.363468
3.606911 3.487171
1.995946 -5.079585
3.432398 3.451872
3.391228 3.574279
3.387358 3.406115
3.613674 3.406241
3.594803 3.618936
3.474854 3.350050
3.614584 3.480104
3.617094 3.443794
3.457546 3.408791
3.374606 3.344751
0.595468 5.196270
2.609928 -4.874803
3.416253 3.567399
3.500275 3.612636
3.476830 3.611686
3.363097 3.460067
3.328927 3.514355
3.535237 3.616114
3.399679 3.617164
3.513621 3.602230
3.682633 3.485818
3.459618 3.628703
2.614826 -4.873743
3.498856 3.527948
3.647041 3.286722
3.333974 3.532458
3.396508 3.494153
3.393632 3.420907
3.383034 3.549247
3.420166 3.366863
3.399084 3.431565
3.593569 3.378987
3.540267 3.496513
2.605941 -4.873685
3.550562 3.582675
3.652770 3.396551
3.371939 3.581526
3.593617 3.474088
3.534156 3.565595
3.435985 3.442344
3.537884 3.575698
3.426268 3.420214
3.551795 3.575325
3.586580 3.701118
2.615589 -4.874941
3.538256 3.490695
3.473146 3.366805
3.671516 3.428496
3.586763 3.401261
3.536662 3.383415
3.545532 3.325404
3.532227 3.565602
3.434607 3.517849
3.553255 3.434906
3.503390 3.449523
2.592640 -4.875535
3.618139 3.523844
3.662749 3.404555
3.460699 3.656770
3.597810 3.407406
3.511504 3.438541
3.643704 3.407656
3.377797 3.435048
3.412379 3.649724
3.401304 3.685396
3.571447 3.472331
2.629165 -4.891315
3.565882 3.442983
3.549901 3.596517
3.570663 3.297645
3.580917 3.425612
3.609128 3.560786
3.403000 3.406079
3.483117 3.455462
3.457221 3.420715
3.426494 3.581176
3.590134 3.456301
2.607054 -4.875575
3.371870 3.550410
3.408412 3.304645
3.675350 3.491807
3.545067 3.528586
3.592333 3.520423
3.487542 3.489773
3.543732 3.599730
3.610485 3.484950
3.517746 3.597219
3.558448 3.449778
2.609041 -4.873133
3.554618 3.535767
3.429253 3.606618
3.502061 3.443877
3.498703 3.462124
3.401828 3.629715
3.508819 3.566756
3.370104 3.490446
3.555448 3.561685
3.490023 3.676240
3.412066 3.512631
2.605667 -4.872454
3.597929 3.634748
3.639306 3.515320
3.440165 3.365921
3.619138 3.624512
3.359680 3.481709
3.453088 3.585373
3.506250 3.668295
3.474022 3.581225
3.524300 3.327677
3.561950 3.443507
2.604584 -4.873575
3.412273 3.450663
3.432370 3.401113
3.637218 3.443116
3.464328 3.394808
3.479737 3.496361
3.594106 3.370341
3.362270 3.407136
3.653538 3.445337
3.550914 3.523618
3.315394 3.490379
0.626170 5.216108
2.607731 -4.873748
3.388703 3.588325
3.435494 3.620065
3.361133 3.515150
3.660811 3.527601
3.398096 3.450020
3.626289 3.369934
3.697542 3.560818
3.465783 3.640998
3.529821 3.410625
3.655952 3.558198
2.697859 -4.856868
3.489607 3.577604
3.409298 3.598593
3.606997 3.367442
3.672350 3.376714
3.462940 3.348480
3.456505 3.607349
3.465260 3.456574
3.365217 3.557170
3.578080 3.491581
3.595775 3.645620
2.800216 -4.837687
3.458232 3.399596
3.433048 3.598074
3.613132 3.559277
3.529776 3.319088
3.426432 3.468962
3.391754 3.588501
3.589317 3.388139
3.629125 3.686192
3.601462 3.562887
3.481509 3.339877
2.633536 -4.874047
3.400122 3.609382
3.576630 3.587319
3.397718 3.609269
3.532207 3.622962
3.459794 3.393719
3.410953 3.279811
3.526441 3.590952
3.623196 3.568304
3.387761 3.481736
3.450812 3.602003
2.628612 -4.877511
3.553084 3.411504
3.328672 3.472518
3.548587 3.425172
3.360598 3.415975
3.599273 3.443997
3.518506 3.582169
3.405330 3.581211
3.434807 3.559649
3.385760 3.578283
3.596011 3.558226
2.608617 -4.876745
3.448303 3.452758
3.547542 3.479642
3.441425 3.592909
3.451640 3.418842
3.598475 3.456802
3.505090 3.682000
3.483218 3.460323
3.389220 3.504149
3.494881 3.557315
3.399729 3.353788
1.988536 -5.077705
3.611517 3.340760
3.576347 3.580734
3.449793 3.461097
3.457922 3.566389
3.349136 3.495767
3.621358 3.453750
3.418881 3.564225
3.427490 3.519733
3.383830 3.384652
3.464347 3.434204
1.995131 -5.083139
3.575852 3.511636
3.532356 3.397626
3.564723 3.496946
3.592148 3.534218
3.635297 3.529944
3.419287 3.424871
3.441344 3.393977
3.602041 3.561349
3.499074 3.658205
3.535127 3.566466
1.998424 -5.080897
3.580848 3.426631
3.536180 3.505176
3.576310 3.444474
3.363693 3.520302
3.555733 3.563796
3.483820 3.463374
3.384729 3.490230
3.456520 3.401826
3.518261 3.473775
3.258111 3.447396
1.989007 -5.085199
3.569476 3.452187
3.394361 3.419367
3.533474 3.609921
3.686694 3.522202
3.550374 3.568555
3.686647 3.451329
3.481279 3.538071
3.463889 3.437043
3.417523 3.441192
3.567540 3.386497
0.558484 -0.394337
2.003096 -5.060927
3.525831 3.466290
3.599787 3.324969
3.439575 3.404568
3.447202 3.465202
3.472446 3.355068
3.442701 3.445797
3.594885 3.397392
3.494664 3.686050
3.341066 3.490228
3.577537 3.530476
1.987445 -5.097197
3.488673 3.539571
3.433661 3.448879
3.602567 3.597117
3.585688 3.376361
3.480555 3.501437
3.390814 3.380777
3.576522 3.465065
3.403384 3.389503
3.316177 3.589332
3.385936 3.521103
2.009679 -5.086578
3.475062 3.540646
3.385848 3.401153
3.697941 3.446315
3.324384 3.473169
3.444439 3.474829
3.406959 3.478865
3.470306 3.497503
3.504418 3.478515
3.389927 3.465584
3.577161 3.654183
1.990780 -5.081722
3.392704 3.405793
3.439620 3.480862
3.588398 3.485208
3.521403 3.473564
3.551786 3.420447
3.504757 3.512271
3.431907 3.340491
3.557312 3.513859
3.483841 3.427986
3.614358 3.450919
1.993296 -5.090146
3.527366 3.543469
3.572917 3.397913
3.478723 3.419358
3.552827 3.450737
3.455237 3.493015
3.402016 3.571023
3.565338 3.373455
3.505378 3.592143
3.531447 3.439239
3.577493 3.282140
2.003621 -5.068266
3.590819 3.532045
3.428084 3.380975
3.439071 3.498074
3.499397 3.444508
3.445814 3.543376
3.606683 3.642834
3.409539 3.601539
3.510319 3.434711
3.517663 3.482573
3.514663 3.587826
1.994334 -5.095473
3.536305 3.501076
3.570312 3.351804
3.349398 3.381410
3.611816 3.492373
3.617298 3.381952
3.484733 3.623068
3.489244 3.641647
3.565019 3.566056
3.476551 3.598754
3.409660 3.519840
1.985141 -5.075344
3.426817 3.379375
3.597998 3.399936
3.584864 3.347738
3.561432 3.544814
3.592555 3.371421
3.537119 3.480614
3.565161 3.548106
3.430164 3.428743
3.472910 3.505715
3.459394 3.634966
2.106547 -4.799096
3.497094 3.573627
3.482005 3.404228
3.453786 3.499479
3.539439 3.489961
3.575189 3.374101
3.470407 3.509046
3.622340 3.367171
3.402890 3.470736
3.423946 3.523330
3.365880 3.371015
2.078537 -4.770268
3.355058 3.382294
3.496920 3.641616
3.328766 3.489886
3.555121 3.420327
3.376824 3.475148
3.561637 3.444488
3.585511 3.516893
3.480196 3.335189
3.426123 3.493688
3.405779 3.362056
0.800840 -1.854370
2.075936 -4.763436
3.600302 3.633507
3.352001 3.494676
3.581975 3.456811
3.577534 3.436087
3.632323 3.619732
3.385854 3.510602
3.618207 3.600004
3.551568 3.328952
3.246675 3.455151
3.356608 3.376062
2.055285 -4.819236
3.511174 3.431343
3.499303 3.468684
3.454614 3.497410
3.584714 3.380304
3.459088 3.517246
3.426700 3.254689
3.597351 3.550989
3.449605 3.349107
3.527244 3.368534
3.552467 3.351113
0.035834 4.640612
3.299366 3.676253
3.480969 3.419495
3.419776 3.444794
3.635933 3.597674
3.652362 3.539894
3.466704 3.356245
3.378571 3.576468
3.403058 3.565414
3.629049 3.350885
3.542251 3.601171
0.089019 4.677847
3.496012 3.612476
3.619832 3.377800
3.547827 3.544196
3.497736 3.383360
3.420000 3.375806
3.424727 3.593466
3.560162 3.550502
1.781942 2.506326
2.936782 3.200145
3.328900 3.487713
0.042913 4.616787
3.515917 3.579259
3.413948 3.442590
3.496638 3.394726
3.477728 3.455275
3.570473 3.440294
3.685119 3.393431
3.618216 3.574411
3.580316 3.600212
3.508826 3.581445
3.385197 3.468909
0.042961 4.636318
3.408787 3.456087
3.428390 3.530283
3.446962 3.666734
3.351184 3.344341
3.470145 3.434580
3.490026 3.386759
3.321995 3.477188
3.341634 3.548059
3.638223 3.563118
3.546821 3.369811
0.046105 4.619740
3.397976 3.287776
3.544586 3.630933
3.571934 3.339109
3.531008 3.503402
3.345383 3.533800
3.684018 3.418104
3.386167 3.521640
3.565967 3.445517
3.497837 3.492451
3.555202 3.431019
0.025032 4.651439
3.468655 3.380706
3.351982 3.465961
3.446372 3.529347
3.567978 3.579123
3.419046 3.458673
3.738247 3.482671
3.362492 3.516131
3.418751 3.392883
3.459781 3.580363
3.623599 3.389540
-0.287608 4.099826
3.603555 3.567679
3.617275 3.466143
3.439730 3.331102
3.586904 3.511203
3.539364 3.508847
3.615320 3.405463
3.417845 3.564550
3.476951 3.421288
3.458674 3.500525
3.524137 3.511993
-0.078448 4.450536
3.650018 3.522326
3.566467 3.482157
3.506470 3.617516
3.470698 3.472746
3.648307 3.461356
3.639315 3.657286
3.382313 3.478621
3.470034 3.590369
3.420707 3.424264
3.450663 3.427748
