4475 2
-0.973049 0.748620
-0.798163 0.113365
-1.656107 0.263971
2.066936 4.880090
4.309117 0.659340
4.211637 0.432402
4.428762 0.515733
4.359375 0.448244
4.228158 0.272667
4.413389 0.488552
4.385897 0.454745
4.580237 0.527902
4.449735 0.495340
4.542332 0.541070
2.079137 4.884781
4.433239 0.571180
4.351160 0.347936
4.310998 0.499054
4.467747 0.540018
4.310920 0.399587
4.330132 0.537730
4.355226 0.576546
4.426644 0.360885
4.338935 0.355076
4.274342 0.382078
2.067516 4.888823
4.297160 0.463768
4.457879 0.572264
4.416738 0.408042
4.467762 0.346715
4.068301 0.454376
4.365731 0.379535
4.477494 0.461815
4.465640 0.319963
4.503367 0.388356
4.420619 0.528595
2.086219 4.896577
4.341006 0.442377
4.206332 0.457391
4.389927 0.641110
4.404009 0.305396
4.409113 0.398499
4.331733 0.598034
4.602192 0.445014
4.506258 0.526776
4.272533 0.511648
4.438766 0.559554
2.069694 4.875923
4.552999 0.422383
4.372831 0.623739
4.517277 0.507344
4.465106 0.540711
4.383420 0.374124
4.402165 0.598809
4.289976 0.367690
4.618624 0.316998
4.535828 0.349904
4.608490 0.331454
2.077829 4.863425
-1.434937 0.409380
-1.468783 0.383879
-1.440453 0.370299
-1.453337 0.372434
-1.447989 0.352829
-1.464071 0.354049
-2.215796 0.530308
-1.625763 0.266494
-1.460570 0.374198
-1.415129 0.366476
2.088089 4.877630
-1.402076 0.357869
-1.434955 0.366514
-1.445132 0.371399
-1.390224 0.336493
-1.662382 0.239268
-1.661065 0.277572
-1.633329 0.283286
-1.669102 0.262438
-1.759436 0.356076
-2.169495 0.488851
2.064275 4.884762
-1.645515 0.269283
-1.645931 0.243997
-1.714150 0.254293
-1.646142 0.252455
-1.652235 0.256079
-1.624197 0.240169
-1.635233 0.260271
-1.633865 0.237372
-1.550406 0.203209
-1.484747 0.191138
2.069637 4.881883
-3.065075 -1.203101
-2.765798 -0.864954
-1.913793 1.794387
-1.921201 1.775352
-1.929263 1.793839
-1.927294 1.794040
-1.914745 1.788976
-1.918429 1.789105
-1.911332 1.795118
-1.908602 1.796899
2.101086 4.881701
-1.921157 1.783456
-1.922791 1.795839
-1.904653 1.793542
-1.910950 1.789739
-1.924312 1.787428
-1.916961 1.793484
-1.902798 1.801893
-1.907397 1.790698
-1.737019 2.083614
-1.728423 2.098154
-1.678150 0.196377
2.063892 4.893195
-1.740098 2.095412
-1.726861 2.101933
-1.730754 2.099943
-1.734768 2.098170
-1.725927 2.071697
-1.711452 2.123394
-1.733809 2.098306
-1.727955 2.093152
-1.733354 2.099025
-1.732794 2.095782
2.088202 4.892850
-1.722873 2.104436
-1.698831 2.129616
-1.732757 2.100484
-1.704336 1.700863
-1.687039 1.678602
-1.696886 1.705977
-1.702333 1.700826
-1.693117 1.700740
-1.708616 1.688465
-1.688824 1.697992
2.084092 4.887053
-1.705460 1.711374
-1.700645 1.700013
-1.687071 1.695445
-1.695383 1.723296
-1.697473 1.698500
-1.696819 1.665578
-3.167856 5.160965
-3.170575 5.159379
-3.184219 5.155308
-3.172107 5.162622
2.072330 4.886077
-3.190757 5.174611
-3.174397 5.173816
-3.160547 5.171247
-3.170963 5.162421
-3.150063 5.181692
-3.153249 5.128821
-3.158181 5.172269
-3.135688 5.135078
-3.164784 5.154870
-3.166628 5.167292
2.132673 4.934805
-3.169151 5.148560
-3.222329 5.105399
-3.149478 5.186465
-3.160862 5.177764
-3.158629 5.180321
-3.171754 5.157439
-3.158594 5.171942
-3.168399 5.161007
-3.211389 5.124351
-3.155491 5.181574
2.156983 4.958865
-3.157005 5.189993
-3.158566 5.168062
-3.180542 5.177552
-3.094668 5.244725
-3.171582 5.160041
-3.140872 5.146365
-3.171094 5.151554
-3.164733 5.174528
-3.188229 5.143404
-3.189171 5.147954
2.139630 4.943073
-3.167099 5.162182
-3.167804 5.165011
-3.182162 5.151216
-3.168259 5.154154
-3.190993 5.136349
-3.171789 5.164105
-3.174233 5.165295
-3.163785 5.169434
-3.213148 5.119038
-3.191297 5.139120
2.072519 4.878838
-3.200948 5.135284
-3.159674 5.173897
-3.177019 5.156076
-3.170375 5.158375
-3.174526 5.181181
-3.194146 5.160231
-3.155968 5.174635
-3.161747 5.161382
-3.120079 5.094302
-1.780784 1.850346
2.076684 4.882108
-0.189803 3.032347
-0.181218 3.015599
-0.202028 3.014870
-0.201785 3.001766
-0.190384 3.016679
-0.212975 3.057572
-0.143985 2.977650
-0.234220 3.038642
-0.186674 3.013484
-0.204638 3.016903
2.071131 4.892553
-0.169863 2.996183
-0.251781 3.053715
-0.203351 3.020235
-0.175802 3.022912
-0.141920 3.067572
-0.144736 3.044021
-0.151274 3.061228
-0.161650 3.042590
-0.210309 3.023126
-0.154820 3.013088
-0.379182 0.691009
2.070132 4.885601
0.127610 2.618221
1.420381 1.098828
-0.172912 3.034363
-0.183430 3.030805
-0.134352 3.076321
-0.196888 3.015012
-0.115876 3.084454
-0.142285 2.977471
-0.165884 3.004986
-0.162609 3.052931
2.077376 4.881928
-0.246712 3.070981
-0.200222 3.044023
-0.233274 3.040480
-0.212771 3.048886
-0.187802 3.017151
-0.234936 2.979655
-0.129359 2.947397
-0.176419 2.998976
-0.237432 3.077558
-0.181221 3.026392
2.077241 4.880479
-0.175139 2.997816
-0.138012 3.050164
-0.267440 3.074010
-0.202692 3.000789
-0.192508 2.991271
-0.219562 3.037707
-0.226558 2.998552
-0.173820 3.006475
-0.250101 2.984454
-0.192715 3.049136
2.104177 4.912345
-0.140866 2.985399
-0.212924 3.064919
-0.209423 3.047309
-0.244336 3.075238
-0.215889 3.041360
-0.212067 2.986273
-0.240369 3.082625
-0.213281 3.030021
-0.194563 3.020311
-0.203289 3.028764
2.105877 4.890873
-0.229337 2.970773
-0.170242 3.054960
-0.230212 3.041347
-0.209484 3.042368
-0.177192 2.998744
-0.128314 3.028159
-0.181459 3.014001
-0.158468 3.049364
-0.145797 2.963953
-0.206505 3.054012
2.093377 4.893898
-0.189275 3.001931
-0.194960 3.030266
-0.166787 3.034942
-0.920509 -0.604975
-0.330312 2.893378
-0.235641 3.004135
-0.167529 3.003214
-0.149993 2.974396
-0.176766 2.979857
-0.173788 2.995313
2.106211 4.891938
-0.223380 2.994099
-0.199697 3.037061
-0.158514 3.028429
-0.165458 3.001159
-0.200293 3.000877
-0.164160 3.077144
-0.170048 3.040685
-0.189151 3.021061
-0.205529 3.033824
-0.211699 3.057184
2.136119 4.869867
-0.214334 3.052470
-0.202019 3.010782
-0.169680 2.989951
-0.162659 2.993395
0.051232 2.982798
0.070939 2.983990
0.076419 2.991772
0.076810 2.977981
-0.175828 2.990879
-0.210194 3.375053
2.029600 4.845822
-1.259449 -1.832731
-0.100175 3.098754
-0.166214 3.052186
-0.203459 3.051974
-0.176593 3.042600
-0.193531 2.991324
-0.172599 3.022521
-0.006067 3.447346
-0.006701 3.461773
0.018101 3.495023
-0.817057 0.131676
-0.032224 3.449239
-0.010072 3.464913
-0.006038 3.476420
-0.003357 3.473680
-0.003640 3.463046
0.010399 3.447099
-0.005591 3.465177
-0.005210 3.449595
-0.007939 3.468500
-0.012691 3.451125
-2.107082 3.350298
-0.826092 0.129791
-0.011277 3.459377
-0.003095 3.464000
-0.015061 3.439559
-0.124448 3.059523
-0.150187 3.063354
-0.252300 2.963230
-0.202883 3.028173
-0.123128 2.950261
-0.253541 2.967959
-0.161878 2.942002
-0.794055 0.114972
-0.184177 3.002317
-0.156557 2.985226
-0.198518 3.058986
-0.216269 3.033024
-0.175200 3.006995
-0.153302 3.039021
-0.211164 3.000554
-0.156253 3.005178
-0.190462 3.018245
-0.167393 3.069592
-0.336803 -0.039931
-0.187557 3.010550
-0.220018 3.047571
-0.185021 3.055179
-0.195795 2.978097
-0.123206 2.967068
-0.176501 3.054034
-0.175331 3.011142
-0.161069 3.005634
0.159670 -3.368639
0.245881 -3.620205
0.481310 -0.321444
0.255449 -3.648468
0.251068 -3.652977
0.250486 -3.648782
0.240688 -3.617195
0.253309 -3.647510
0.265838 -3.659081
0.250800 -3.632035
0.250539 -3.624940
-0.424770 -2.212523
0.177450 -3.379849
-0.964396 0.717376
0.143073 -3.335441
0.178311 -3.380257
0.161619 -3.351976
0.166591 -3.359362
0.139609 -3.326988
0.167033 -3.378154
0.123999 -3.320369
0.190946 -3.351431
0.152762 -3.381376
0.167243 -3.360523
-0.910182 -0.027749
0.180111 -3.359291
0.169832 -3.371516
0.165237 -3.362745
0.161954 -3.363008
0.161472 -3.349766
0.158448 -3.347368
0.158634 -3.346669
0.160441 -3.348365
0.157077 -3.382312
0.174977 -3.364510
-2.206918 -2.139409
0.187057 -3.391850
0.167160 -3.364640
0.155631 -3.367755
0.211809 -3.415367
0.164912 -3.366887
0.170939 -3.386496
0.166571 -3.365883
0.194637 -3.385984
0.176875 -3.359267
1.355991 -0.806837
-1.163348 0.256651
1.365415 -0.771089
2.644557 -3.214864
2.716513 -3.198449
2.665246 -3.280098
2.621429 -3.197293
2.643801 -3.252526
2.695662 -3.271345
2.588536 -3.296610
2.626030 -3.228995
2.659595 -3.200183
-1.478009 0.351111
2.638072 -3.191395
2.635774 -3.203397
2.637306 -3.209549
2.702151 -3.235224
2.592327 -3.144584
2.656969 -3.260416
2.684785 -3.231488
2.647458 -3.185834
2.669972 -3.249662
2.709507 -3.186447
-1.272638 -0.001366
2.732023 -3.300856
2.681071 -3.236733
2.663856 -3.206773
2.597453 -3.181984
2.679334 -3.247512
2.646302 -3.230881
2.666791 -3.226477
2.698783 -3.222575
2.641386 -3.205923
2.707510 -3.270288
-1.885440 3.478819
-1.270129 -0.014132
2.704609 -3.181873
2.703683 -3.217005
2.585959 -3.246682
2.589193 -3.291837
2.725480 -3.275175
2.591397 -3.304327
2.666428 -3.227353
2.704565 -3.255431
2.650761 -3.274548
2.594827 -3.195198
-0.810461 0.123888
2.589148 -3.129838
2.651817 -3.258498
2.581262 -3.223987
2.707686 -3.187055
2.665666 -3.238861
2.617383 -3.182793
2.676744 -3.260684
2.635091 -3.233906
2.768726 -3.317540
2.712934 -3.275434
-0.775134 0.128642
2.618158 -3.170285
2.653368 -3.269633
2.669809 -3.249403
2.703552 -3.196222
2.735806 -3.274170
2.703843 -3.208215
2.564260 -3.270136
2.670635 -3.233905
2.631938 -3.268020
2.607778 -3.154839
-0.763724 0.131669
2.651535 -3.206244
2.633352 -3.281852
2.708411 -3.302113
2.610695 -3.194325
2.653442 -3.252483
2.734896 -3.134518
2.645592 -3.169196
2.687167 -3.257527
2.714158 -3.232794
2.676861 -3.201493
-0.769396 0.133604
2.660770 -3.208864
2.671635 -3.181958
2.715468 -3.156462
2.753908 -3.157335
2.649677 -3.230234
2.674979 -3.254073
2.682764 -3.200616
2.658042 -3.214489
2.637686 -3.253086
2.677083 -3.187919
-0.805286 0.135520
2.696225 -3.229882
2.624824 -3.180902
2.686359 -3.250160
2.635987 -3.233967
2.690521 -3.238946
2.625378 -3.182602
2.743403 -3.292875
2.654467 -3.219780
2.651827 -3.192014
2.670752 -3.250677
-0.792901 0.101986
2.662934 -3.225548
2.617449 -3.259997
2.607079 -3.161544
2.630127 -3.179634
2.643456 -3.214205
2.646825 -3.180975
2.669912 -3.274269
2.658136 -3.200201
2.660482 -3.192299
2.727417 -3.278259
-0.809775 0.125354
2.637014 -3.254092
2.702460 -3.251421
2.588302 -3.230629
2.618260 -3.286386
2.695895 -3.250963
2.646687 -3.252775
2.608856 -3.161182
2.623497 -3.557796
2.626544 -3.579378
2.624101 -3.598505
-0.806606 0.099790
2.620519 -3.583491
2.618927 -3.572935
2.616537 -3.569943
2.621186 -3.560134
2.620437 -3.572345
2.620276 -3.584025
2.659025 -3.199854
2.614825 -3.209595
2.705077 -3.231777
2.638710 -3.163060
-0.810113 0.121650
2.544056 -3.111177
2.727700 -3.276683
2.714755 -3.193910
2.694383 -3.246252
2.695004 -3.259296
2.711066 -3.203653
2.618334 -3.207579
2.689614 -3.250232
2.627558 -3.170189
2.680113 -3.203429
-2.909058 2.944041
-0.806966 0.123783
2.720047 -3.195833
2.550307 -3.100139
2.584974 -3.304610
2.678917 -3.186944
2.630662 -3.287305
2.688294 -3.175460
2.619694 -3.264643
2.640654 -3.187328
2.693129 -3.180685
0.528877 -0.334727
-1.590847 -0.124973
2.620159 -3.152723
2.699485 -3.228085
2.619343 -3.166178
2.662103 -3.210899
-3.063562 -1.073368
-3.080554 -1.043137
-3.053312 -1.196511
-3.067032 -1.214035
-3.058414 -1.207510
-3.027673 -1.234007
-1.679136 0.154372
-3.050118 -1.198958
-3.064757 -1.210408
-3.089859 -1.210659
-3.066495 -1.214325
-3.040997 -1.202903
-3.063068 -1.203558
-3.029339 -1.202673
-3.059497 -1.203646
-3.097095 -1.203510
-3.320091 0.033929
-0.796092 -3.786757
-3.303950 0.051797
-3.313253 0.053434
-3.434373 0.128803
-3.606070 0.262767
-3.311916 0.051365
-3.307104 0.043868
-3.505757 -1.814108
-3.633935 -1.845241
-3.521376 -1.825134
-3.527057 -1.823332
-1.715375 0.105310
-3.536879 -1.841762
-3.539276 -1.807838
-3.528457 -1.821170
-3.527020 -1.821771
-3.496474 -1.800219
-3.534618 -1.812783
-3.511708 -1.808360
-3.511361 -1.822720
-3.524134 -1.829188
-3.531234 -1.818348
-1.577336 -0.110934
-3.511261 -1.806831
-3.539617 -1.844265
-3.424420 -2.014976
-3.424087 -2.025051
-3.460934 -2.040082
-3.481619 -2.045223
-3.424023 -2.032625
-3.235752 -2.190035
-1.798574 -1.567789
-3.224304 -2.173347
-1.501131 0.148045
-3.410713 -2.036582
-3.417057 -2.036763
-3.428275 -2.034041
-3.076750 -1.190836
-2.791936 -1.226398
-2.927450 -1.201463
-3.078663 -1.211635
-3.098615 -1.178695
-3.085685 -1.195749
-3.101351 -1.174024
-1.821037 1.814669
-3.073773 -1.217508
-3.049342 -1.226028
-3.061929 -1.180875
-2.962368 -1.186182
-2.800601 -1.156870
-3.049222 -1.224821
-2.844578 -1.297222
-2.803721 -1.482192
-2.768618 -1.197406
-3.089002 -1.226553
-0.606699 -0.315344
-3.069034 -1.203646
-3.237981 -1.180125
-3.404500 -1.160699
-1.008479 -0.896098
-1.033270 -0.888584
-1.034434 -0.876810
-1.052646 -0.918686
-1.075797 -0.839028
-1.054076 -0.848342
-1.016915 -0.873948
-1.342794 -4.228354
-1.020750 -0.880227
-1.017165 -0.894846
-1.028369 -0.887858
-1.021368 -0.892412
-1.015728 -0.874121
-1.019046 -0.856836
-1.032070 -0.880324
-1.002802 -0.912810
-1.011923 -0.866055
-0.993717 -0.868835
-0.255173 4.528944
-0.770924 -3.773915
-1.029424 -0.883291
-1.017710 -0.908679
-0.998029 -0.892445
-1.030112 -0.873706
-1.066869 -0.850453
-1.027468 -0.895073
-1.033980 -0.874097
-0.994695 -0.939777
-1.007625 -0.904056
-1.028236 -0.876211
-0.785548 -3.827985
-1.022297 -0.882125
-1.050165 -0.856197
-1.029550 -0.890285
-1.034314 -0.879722
-1.032031 -0.868149
-1.070046 -0.867685
-0.990358 -0.927162
-1.083087 -0.810381
-1.051558 -0.855674
-1.076825 -0.835925
0.044538 4.573647
-1.033107 -0.902817
-1.046716 -0.912573
-1.036509 -0.859258
-1.057823 -0.862449
-1.046103 -0.876770
-1.020868 -0.904883
-1.033265 -0.874510
-1.024740 -0.878097
-1.072019 -0.931323
-0.999321 -0.935830
0.092841 4.582351
-1.030396 -0.949450
-1.018750 -0.931125
-1.069503 -0.920590
-1.006248 -0.896226
-1.035512 -0.881842
-1.031201 -0.877877
-1.026718 -0.871334
-1.043598 -0.870153
-1.030692 -0.898934
-1.021347 -0.894664
0.062687 4.578530
-1.302248 -0.935473
-1.027732 -0.864871
-0.978561 -0.932560
-1.021380 -0.890533
-1.055218 -0.907125
-1.047335 -0.904613
-1.037117 -0.921687
-0.988663 -0.876710
-1.031592 -0.934707
-1.052100 -0.868251
-1.755106 0.458522
-1.058877 -0.851530
-1.029667 -0.887238
-1.030713 -0.880903
-1.008890 -0.879456
-1.023770 -0.870170
-1.009256 -0.901776
-1.032218 -0.894590
-0.972348 -0.821779
-1.031323 -0.886584
-1.025849 -0.893434
-1.184958 0.601206
-1.033334 -0.884220
-1.020792 -0.877253
-1.023188 -0.896977
-1.023057 -0.904386
-0.985416 -0.916755
-1.052569 -0.912471
-1.148540 -0.693909
-1.066504 -0.851910
-1.053410 -0.856680
-1.023248 -0.881726
1.676689 2.169311
-3.139076 -4.653685
-3.123799 -4.616216
-3.117160 -4.620252
-3.165719 -4.724259
-3.169387 -4.726335
-3.165493 -4.734050
-3.190310 -4.757765
-3.194829 -4.764963
-3.186164 -4.750135
-3.208540 -4.783251
1.741208 2.062392
-3.187465 -4.620280
-3.175757 -4.628763
-3.208555 -4.605771
-3.220561 -4.620048
-3.213415 -4.618779
-3.199493 -4.623115
-3.067596 -4.555364
-3.057765 -4.531532
-3.047302 -4.516224
-3.079868 -4.580816
1.746890 2.059338
-3.081794 -4.576452
-3.071463 -4.629637
-3.040342 -4.653573
-3.008929 -4.680602
-3.123474 -4.582469
-3.111438 -4.604491
2.275850 -0.497540
2.238026 -0.461804
2.274827 -0.493034
2.270079 -0.459918
-0.222625 4.506281
1.740460 2.063557
2.321925 -0.519086
2.296786 -0.506514
2.245053 -0.487537
2.285416 -0.496207
2.277760 -0.492967
2.395143 -0.445004
2.390866 -0.451334
2.385112 -0.457883
2.408683 -0.446595
2.403524 -0.442727
1.747596 2.051595
2.249150 -0.519206
2.281351 -0.494482
2.277169 -0.493285
2.252638 -0.519169
2.320973 -0.538422
2.293024 -0.511848
2.299413 -0.475353
2.297015 -0.513904
2.314384 -0.444883
2.312908 -0.430709
1.732138 2.068452
2.256137 -0.519388
2.279951 -0.464643
2.255036 -0.517720
2.283309 -0.494022
2.297468 -0.501874
2.284105 -0.503285
2.291807 -0.513330
2.271280 -0.484448
2.302160 -0.513792
2.311746 -0.484777
-3.013727 -1.000469
2.271417 -0.502633
2.315815 -0.471924
2.278224 -0.494118
2.271850 -0.504070
2.286161 -0.497145
2.255859 -0.501685
2.298099 -0.478228
2.283982 -0.503101
2.304935 -0.433264
2.277771 -0.502935
1.690541 2.032627
2.305137 -0.443794
2.272130 -0.498017
2.244748 -0.529765
2.315459 -0.463046
2.284294 -0.486330
2.287118 -0.468609
2.274781 -0.497636
2.308802 -0.461637
2.290046 -0.493460
2.271829 -0.471113
1.670974 2.213890
2.268261 -0.521625
2.257269 -0.519948
2.289779 -0.501119
2.290668 -0.506001
2.246347 -0.504026
2.286151 -0.507029
2.269583 -0.477291
2.283247 -0.509223
3.452773 -1.746985
3.462471 -1.757273
1.722402 2.081612
3.448786 -1.760859
3.473486 -1.765468
3.454768 -1.728946
3.477856 -1.771719
3.402523 -1.790105
3.473752 -1.726846
3.469138 -1.721300
3.467155 -1.758458
3.450814 -1.746731
3.380046 -1.787057
1.752113 2.049564
3.425101 -1.739478
3.475334 -1.731422
3.412047 -1.778096
3.460459 -1.754101
3.423963 -1.720159
3.402646 -1.716150
3.486599 -1.765111
3.446795 -1.741691
3.431365 -1.727282
3.417765 -1.701465
1.741665 2.057391
3.435976 -1.731804
3.449069 -1.753953
3.427987 -1.758590
3.440320 -1.726330
3.422497 -1.710410
3.499048 -1.707130
3.453176 -1.760488
3.489239 -1.780349
3.443852 -1.755997
3.455688 -1.756890
1.741829 2.061378
3.444506 -1.731207
3.493988 -1.789419
3.448990 -1.758042
3.396799 -1.687180
3.466412 -1.763083
3.467731 -1.755806
3.450477 -1.742694
3.421669 -1.781747
3.505019 -1.691043
3.449592 -1.743927
-0.205869 4.469612
1.745329 2.059348
3.463412 -1.768196
3.452193 -1.744973
3.471996 -1.763280
3.430691 -1.773895
3.432024 -1.787754
3.421848 -1.748130
3.488919 -1.716379
3.464772 -1.727901
3.467504 -1.762193
3.464528 -1.761464
1.745753 2.058208
3.468947 -1.781390
3.462189 -1.774938
3.414018 -1.724602
3.459152 -1.763636
3.461158 -1.732616
3.433613 -1.742509
3.454619 -1.736815
3.456714 -1.727627
3.461903 -1.734820
3.510690 -1.810475
1.492057 2.219338
3.475802 -1.744243
3.446733 -1.729784
3.402665 -1.696632
3.492679 -1.780095
3.426141 -1.783792
3.434058 -1.741773
3.461407 -1.788850
3.471614 -1.749224
3.463493 -1.753647
3.491357 -1.796145
1.500132 2.217988
3.438848 -1.732997
3.452478 -1.750962
3.485529 -1.774511
3.451750 -1.750149
3.433975 -1.728600
3.465416 -1.756694
3.467484 -1.786372
3.385767 -1.668902
3.504901 -1.715899
3.383272 -1.665371
1.488582 2.232441
3.500792 -1.807600
3.455708 -1.762759
3.461775 -1.752994
3.462909 -1.735815
3.437332 -1.752784
3.458954 -1.733261
3.425545 -1.742260
3.476436 -1.771977
3.222328 -1.490053
3.414468 -1.782568
1.505272 2.203833
3.431543 -1.732051
2.588552 0.981481
2.576701 0.978829
2.589642 0.985211
2.588529 0.980747
2.590344 0.982693
2.588133 0.980831
2.575729 0.943680
2.587818 0.992562
2.607602 1.008910
1.500086 2.222917
2.583782 0.970290
2.596810 0.985575
2.589241 0.977622
2.590702 0.983387
2.588447 0.979140
2.592535 0.988590
2.595538 0.982698
2.593166 0.989513
2.600712 1.011600
2.587237 0.985645
1.463946 2.207685
2.590954 0.986994
2.579255 0.959938
2.590082 0.981068
2.589596 0.982943
2.598377 0.980335
2.589859 0.972528
2.605180 1.003430
2.592553 0.988765
2.593116 0.987861
2.577786 0.995882
1.403465 2.176540
2.590011 0.980603
2.523432 0.684825
-3.150159 0.694509
-3.680632 0.668334
-3.675086 0.688319
-3.711012 0.662155
-3.711696 0.647196
-3.710213 0.654779
-3.713214 0.646361
-3.696761 0.659827
1.517266 2.217801
-3.699480 0.658131
-3.696639 0.661909
-3.364317 0.684304
-3.405891 0.690037
-3.154010 0.735104
-3.403223 0.693958
-3.392508 0.682856
-3.358942 0.665263
-3.188373 0.704545
-3.123221 1.082504
-3.071517 2.694410
1.517993 2.211870
-3.123689 1.090555
-3.122057 1.101935
-3.127832 1.092309
-3.124391 1.086061
-3.119159 1.112704
-3.444394 0.927845
-3.465885 0.932322
-3.445983 0.921650
-3.454748 0.933936
-3.438006 0.915403
1.491905 2.225302
-3.461859 0.969234
-3.435081 0.937856
-3.067921 0.759415
-3.069928 0.793077
-3.101477 0.700192
-3.157565 0.692920
-2.381087 4.350338
-2.380867 4.357320
-2.375588 4.352261
-2.381281 4.354788
1.499977 2.223372
-2.390683 4.365094
-2.381479 4.352726
-2.383120 4.354746
-2.370369 4.349206
-2.371207 4.360255
-2.398580 4.339713
-2.381863 4.355561
-2.383899 4.359880
-2.394321 4.370370
-2.381888 4.355918
1.477072 2.218912
-2.369686 4.346055
-2.383423 4.358868
-2.375579 4.342196
-2.383513 4.358492
-2.385530 4.358849
-2.391058 4.356991
-2.390543 4.365774
-2.382943 4.364497
-2.384794 4.360820
-2.372118 4.348792
1.501790 2.217314
-2.592175 0.260760
-2.642213 0.287430
-3.614566 0.261040
-3.607990 0.268217
-3.638817 0.234893
-3.621510 0.257606
-3.629182 0.264551
-3.624130 0.260398
-3.617959 0.262662
-3.616112 0.260938
1.499731 2.214188
-3.612025 0.255941
-3.614440 0.263798
-3.602577 0.239369
-3.621571 0.255333
-3.618389 0.244368
-3.641010 0.275061
-3.005001 -0.319698
-3.005390 -0.305101
-3.006954 -0.313637
-2.429977 0.640506
1.670052 2.185007
-2.408218 0.629449
-3.605344 0.266139
-3.628485 0.249881
-3.011089 2.079793
-3.086851 0.711768
-3.107648 0.723334
-3.023371 2.050302
-3.020135 2.044709
-3.071428 0.754904
-3.114079 0.778029
-1.879856 1.024273
-3.021171 2.059296
-3.024936 2.055908
-3.020856 2.044415
-3.028475 2.037740
-3.017267 2.047501
-0.830060 4.246036
-0.769313 4.330777
-3.056810 0.680454
-3.124108 0.798129
-3.421887 1.108857
-1.883190 1.036486
-3.458044 1.155039
-3.462031 1.145488
-3.456649 1.156756
-3.483860 1.178805
-3.455171 1.147825
-3.464803 1.155100
-3.458275 1.157730
-3.048727 0.724322
-3.592517 0.867533
-3.616186 0.876293
-1.899887 1.053893
-3.619053 0.880692
-3.634799 0.881802
-3.615017 0.872720
-3.618399 0.881192
-3.621171 0.882305
-3.155793 0.652475
-3.081628 0.707156
-3.147128 0.688470
-2.992146 0.810949
-3.113161 0.718338
-2.923599 -0.172546
-3.136168 2.289161
-1.883309 1.039442
-3.147529 0.696636
-3.023927 0.670015
-3.134425 0.697644
-3.086485 0.683956
-3.149924 0.712382
-3.124377 0.763959
-3.164802 0.810521
-3.105311 0.719261
-3.111650 0.694795
-3.054436 0.790427
-1.880962 1.057101
-3.121796 0.642644
-3.113930 0.773335
-3.048538 0.741308
-3.128251 0.692432
-3.102072 0.733076
-3.073166 0.685180
-3.053072 0.669445
-3.112195 0.678481
-3.074916 0.750644
-3.159607 0.638470
-1.881251 1.048778
-3.103950 0.715298
-3.174293 0.808087
-3.085810 0.710865
-3.078259 0.714736
-3.098955 0.795767
-3.092690 0.707914
-3.183035 0.625955
-3.070437 0.721479
-3.052844 0.674196
-3.078458 0.700245
-1.877943 1.041559
-3.118415 0.739433
-3.117985 0.727742
-3.132504 0.780745
-3.153411 0.729283
-3.107217 0.680903
-3.055634 0.685023
-3.163253 0.715940
-3.002377 0.829274
-3.058685 0.757009
-3.151498 0.719752
-1.883127 1.049491
-3.122032 0.730279
-3.048644 0.697823
-3.083158 0.792454
-3.101405 0.792839
-3.023026 0.749737
-3.074395 0.740433
-3.086537 0.691153
-3.223800 0.720841
-3.237108 0.723645
-3.244805 0.726617
-1.878864 1.051481
-3.040706 0.864191
-3.030980 0.895723
-3.032468 0.883544
-3.141844 0.661469
-3.117595 0.699002
-3.007493 0.799379
-3.121600 0.679118
-3.078152 0.631411
-3.057050 0.736561
-3.057847 0.665132
-1.875093 1.027580
-3.043510 0.755716
-3.216982 0.772936
-3.121273 0.707789
-3.070609 0.750156
-3.118980 0.781048
-3.105917 0.628335
-3.158252 0.707639
-3.110783 0.689309
-3.085194 0.687364
-3.100540 0.718791
-1.894865 1.042886
-3.066071 0.745793
-3.128836 0.748163
-3.023770 0.673998
-3.137507 0.699208
-3.034209 0.783557
-3.113146 0.745049
-3.141148 0.710157
-3.119892 0.730059
-3.053290 0.714421
-3.005183 0.808501
-1.883022 1.045242
-3.077531 0.772685
-3.126200 0.695522
-2.958591 0.611702
-3.045087 0.655344
-3.188640 0.625535
-3.071897 0.743578
-3.119621 0.736287
-3.144176 0.831950
-3.138665 0.700473
-3.068873 0.757706
-1.554417 0.487126
-3.109825 0.697177
-3.090169 0.723486
-3.074096 0.721339
-3.209704 0.659216
-3.065519 0.703741
-3.136319 0.777250
-3.162999 0.635547
-3.112326 0.728805
-3.220831 0.814999
-3.076504 0.751076
-2.671782 1.451637
-0.191708 3.024758
-3.113231 0.683720
-3.069186 0.769369
-3.030824 0.665431
-3.061018 0.763732
-3.038742 0.780004
-3.181236 0.705221
-3.056386 0.710329
-3.049859 0.765440
-3.145229 0.670055
-3.111326 0.807605
-1.829513 0.488066
-3.098105 0.661858
-3.130310 0.731508
-3.097316 0.749930
-3.125298 0.680427
-3.064950 0.737795
-3.007445 0.738827
-3.078708 0.721157
-3.091351 0.744590
-3.136576 0.717347
-3.073775 0.686556
-1.651332 0.617797
-3.066397 0.755139
-3.133488 0.756970
-3.079241 0.760963
-3.063484 0.669869
-3.087737 0.670414
-3.091631 0.738666
-3.111377 0.679148
-3.091897 0.736138
-3.110557 0.684883
-3.152901 0.727555
-1.652225 0.613800
-3.160888 0.721726
-3.118911 0.748578
-3.046389 0.725110
-3.084964 0.719779
-3.121054 0.514020
-3.069215 0.673626
-3.110784 0.709761
-3.093161 0.717145
-3.218680 0.805788
-3.135900 0.735655
-1.825363 0.509001
-3.170569 0.647763
-0.429192 -2.683774
-0.455619 -2.680153
-0.420959 -2.693728
-0.400073 -2.680250
-0.396600 -2.670704
-0.421410 -2.696818
-0.409489 -2.703851
-0.428641 -2.707957
-0.413736 -2.699386
-1.803404 0.524917
0.233535 -2.250481
-0.418958 -2.706523
-0.421466 -2.697345
-0.434300 -2.695265
-0.403155 -2.680977
-0.414094 -2.687378
-1.380263 -2.316968
-0.413056 -2.700311
-0.422999 -2.700169
-0.409740 -2.688067
-1.803079 0.492277
-0.420415 -2.690569
-0.422233 -2.698003
-0.421486 -2.698845
-0.418508 -2.691263
-0.385752 -2.665387
-0.422705 -2.706005
-0.452475 -2.726157
-0.436780 -2.713269
-0.454394 -2.724140
-0.471769 -2.751066
-1.776020 0.513651
-0.490966 -2.767679
-0.416250 -2.701488
-0.427042 -2.704649
-0.397649 -2.677516
-0.438392 -2.701912
-0.418697 -2.695505
-0.425721 -2.700858
-0.410048 -2.697718
-0.418186 -2.699872
-0.418382 -2.680577
-1.841698 0.520604
-0.421260 -2.692025
-0.434950 -2.701436
-0.417391 -2.695605
-0.411483 -2.696595
-0.418000 -2.695748
-0.426009 -2.726529
1.432763 1.111214
1.398281 1.138588
-2.746181 2.911768
-2.955250 3.021959
-1.812288 0.516969
-2.898881 2.964273
-2.908851 2.966140
-2.899805 2.946720
-2.951704 2.967384
-2.895956 2.945518
-2.916079 2.983694
-2.903086 2.941961
-2.910800 2.960561
-2.896057 2.962873
-2.903374 3.002431
3.491093 3.282925
-1.810117 0.537957
-2.913708 2.970556
-2.886946 2.950399
-2.918378 2.969133
-2.924395 2.966158
-2.304666 2.823817
-2.295615 2.805807
-2.308765 2.836886
-2.315980 2.833793
-2.315229 2.832336
-2.331551 2.832637
-1.755836 0.510777
-2.303682 2.823667
-2.320009 2.834310
-2.329818 2.831240
-2.325176 2.840036
-2.319509 2.836147
-2.321217 2.836946
-2.307790 2.842571
-2.318799 2.838986
-2.327476 2.835580
-2.329044 2.842682
-1.777133 0.502334
-2.312456 2.819143
-2.939081 2.996694
-2.888294 2.944526
-2.314846 2.829013
-0.132176 0.678180
-2.875710 2.956840
-2.897429 2.942701
-2.908639 2.973022
0.496337 1.958005
0.499908 1.962610
-1.795164 0.527760
0.499971 1.964085
0.489367 1.950889
0.510108 1.964462
0.457031 2.110013
0.523320 1.986694
0.382185 2.079069
0.372308 2.140193
0.569494 1.940728
0.511116 1.971355
0.372235 2.123907
-1.806517 0.522016
0.542396 1.978781
0.518066 1.981835
0.488034 1.985500
0.464990 1.927266
0.497245 1.984153
0.514769 1.979347
0.515756 1.947120
0.539118 1.932155
0.519854 1.954478
0.515855 1.957626
-1.789406 0.535190
0.521097 1.960004
0.507901 1.973103
0.499642 1.956098
0.514203 1.962435
0.511337 1.958837
0.496461 1.980526
0.547220 2.000158
0.509187 1.969231
0.486180 1.948636
0.462515 2.009095
-1.791424 0.556583
0.498477 1.971627
0.489795 1.922713
0.489901 1.967797
0.483585 1.940418
0.442479 2.022727
0.509639 1.965437
0.515598 1.965521
0.500835 1.996148
0.548317 1.999836
0.510309 1.968249
-2.397407 0.625291
0.523079 1.993152
0.519995 1.958309
0.515029 1.990743
0.511021 1.963491
0.505231 1.972327
0.453574 1.935794
0.514380 1.987811
0.504218 1.956750
0.557113 1.922030
0.501486 1.980378
-1.782902 0.474418
0.472014 1.938823
0.481015 1.936866
-0.173906 0.957237
0.501634 1.970858
0.555428 1.935070
0.506574 1.970436
0.497191 1.968512
0.501148 1.915108
0.513915 1.969553
0.417600 1.916216
-1.766968 0.392724
0.518603 1.991604
-0.359464 0.740623
0.488331 1.975862
0.578815 1.950564
0.438375 1.902179
0.498419 1.961077
0.530368 1.969076
0.409347 2.042756
0.501576 1.962792
0.506575 1.993856
3.492560 3.252337
-1.779414 0.485676
0.508841 1.972456
0.532876 1.973249
1.367265 -0.778351
1.357666 -0.804945
1.321999 -0.782148
1.360140 -0.797776
1.342251 -0.820283
1.352181 -0.820553
1.345751 -0.798678
1.011185 -1.459446
-1.792063 0.485902
1.354685 -0.802376
1.369755 -0.812155
-0.365822 0.702473
-0.425556 0.669602
-0.320738 0.649601
-0.377204 0.716545
-0.301475 0.645675
-0.364426 0.684196
-0.355584 0.691869
-0.392999 0.697424
-1.855224 0.516508
-2.639993 -1.122145
-0.358116 0.690852
-0.374735 0.748832
-0.378385 0.681164
-0.424248 0.764111
-0.383861 0.688442
-0.383576 0.667435
-0.318928 0.730309
-0.420442 0.652776
1.352376 -0.822644
-1.796374 0.498166
1.429395 -0.730218
1.350228 -0.775345
1.318513 -0.843234
1.368594 -0.798571
1.338851 -0.776007
1.358250 -0.812816
1.351487 -0.812251
1.355557 -0.813758
1.359067 -0.799958
1.378618 -0.841852
-1.836632 0.525632
1.357024 -0.809689
1.381934 -0.813434
1.359167 -0.806317
1.328491 -0.838036
1.350470 -0.814918
1.361754 -0.803497
1.356792 -0.809397
1.360500 -0.804386
1.360630 -0.802990
1.360815 -0.805531
-1.834901 0.525618
1.358015 -0.822972
1.172359 -0.645150
1.337063 -0.825985
1.402860 -0.769080
1.355421 -0.822565
1.395792 -0.786563
1.364399 -0.852207
1.353741 -0.816103
1.364914 -0.807728
1.353598 -0.795125
-2.182172 1.037072
1.374839 -0.800474
1.365273 -0.792674
1.342225 -0.882131
1.334659 -0.913627
1.333291 -0.898952
1.361995 -0.799899
1.320295 -0.841964
1.364179 -0.809881
1.388826 -0.773223
1.358468 -0.788800
-2.193962 1.053368
1.350400 -0.812289
1.455782 -0.700965
1.372197 -0.783968
1.330205 -0.821698
1.353403 -0.797085
1.362201 -0.806096
0.549674 -0.348699
0.533602 -0.337385
1.356973 -0.813661
1.377515 -0.776409
-2.201129 1.051461
-0.440419 -0.485235
-1.029012 -1.175578
-0.396858 -0.495340
-1.527183 0.166243
0.540738 -0.333411
0.522065 -0.337183
0.528719 -0.324952
0.193267 -0.285397
0.998866 -0.161654
0.969158 0.034559
-2.205523 1.059350
1.031502 -0.170672
1.026096 -0.131838
0.518896 -0.328519
0.541914 -0.340099
0.508124 -0.316949
-2.295394 3.440829
-2.199710 3.438101
-2.212846 3.435779
-2.120811 3.336432
-2.179979 3.041365
3.485239 3.277165
-2.198046 1.056346
-2.120480 3.313629
-1.820033 3.488147
-2.199854 3.420242
-1.940935 3.447150
1.130067 4.611209
1.138472 4.605700
1.133988 4.615829
1.124416 4.607515
1.160995 4.638938
1.156366 4.608840
-2.205221 1.065256
1.125930 4.611865
1.134706 4.614799
1.143355 4.616130
1.129705 4.625981
1.142585 4.616709
1.133232 4.615487
1.131785 4.615636
1.162050 4.632726
1.147928 4.619678
1.127954 4.605727
-1.805892 0.530768
1.124304 4.616166
-0.265329 4.517112
-0.212519 4.728353
-0.215372 4.762707
-0.221335 4.750515
-0.221629 4.640860
-0.175334 4.747108
-0.214375 4.730887
-0.217814 4.751273
-0.223760 4.741423
-2.207420 1.067132
-0.760549 4.346689
-0.779822 4.337268
-0.778165 4.331871
-0.772269 4.333498
-0.798729 4.312102
-0.774976 4.333405
-0.770277 4.335308
-0.761832 4.339877
-0.758518 4.347660
-0.770761 4.337503
-2.240810 1.096748
-0.085729 4.434536
-0.017494 4.420032
-0.080938 4.448021
-0.070334 4.453311
-0.438067 4.622667
-0.455000 4.627074
-0.426586 4.638469
-0.432293 4.625538
-0.446817 4.630267
-0.451768 4.639326
-2.191591 1.029668
-0.452894 4.599085
-0.213539 4.501870
-0.237139 4.494099
-0.248121 4.474221
-0.224178 4.498009
-0.216717 4.469663
-0.225945 4.481675
-0.203952 4.489502
-0.261186 4.479103
-0.229670 4.486387
-2.181188 1.039872
-0.267712 4.455236
-0.261145 4.511128
-0.285955 4.515827
-0.267798 4.452240
-0.236843 4.486177
-0.240020 4.474126
-0.191576 4.505980
-0.231855 4.496108
-0.247976 4.503899
-0.231042 4.477287
-2.213553 1.061753
-0.214322 4.503482
-0.341830 4.760133
-0.356468 4.784196
-0.367450 4.798277
-0.352914 4.770472
-0.347719 4.785548
-0.343021 4.771499
-0.351555 4.776951
-0.357674 4.784041
-0.228825 4.475740
-2.209494 1.060257
-0.181176 4.542372
-0.235002 4.509930
-0.198755 4.446582
-0.202614 4.525930
-0.236815 4.513951
-0.265720 4.551241
-0.219400 4.510921
-0.194342 4.546218
-0.208351 4.515932
-0.283236 4.558179
-2.205692 1.070081
-0.241213 4.492118
-0.260998 4.497935
-0.183326 4.469016
-0.284607 4.443347
-0.250028 4.531689
-0.236655 4.519428
-0.218962 4.514343
-0.266608 4.530778
-0.230850 4.480003
-0.239949 4.477314
3.482015 3.279034
-2.221997 1.081733
-0.172270 4.430700
-0.211729 4.465127
-0.230826 4.499340
-0.228099 4.489501
-0.223890 4.495558
-0.255637 4.502253
-0.189911 4.510175
-0.180592 4.448877
-0.212358 4.467389
-0.255510 4.456726
-2.203756 1.057456
-0.165507 4.491929
-0.236752 4.494133
-0.272596 4.516891
-0.250555 4.488451
-0.254767 4.510000
-0.156876 4.547065
-0.221527 4.485503
-0.224712 4.464875
-0.235065 4.453017
-0.152074 4.458694
-2.189628 1.056145
-0.275714 4.383307
-0.209899 4.505883
-0.237698 4.454559
-0.340025 4.317181
-0.336745 4.307710
-0.340751 4.315236
-0.299272 4.458800
-0.461893 4.241264
-0.456361 4.251338
-0.592912 4.118218
-1.831516 0.495844
0.744960 5.602417
0.761537 5.630311
0.764180 5.638502
0.577201 5.397937
0.234048 4.984739
0.787272 5.649384
0.696720 5.551945
0.768499 5.608002
0.707992 5.563847
0.758328 5.614232
-1.647160 0.862724
0.739706 5.600016
0.711659 5.658293
0.767181 5.624255
0.691431 5.573106
0.758728 5.551879
0.689335 5.667366
0.786563 5.652892
0.734298 5.590967
0.799674 5.592155
0.732761 5.553187
-1.552453 0.806714
0.762902 5.589616
0.758763 5.576645
0.748767 5.607804
0.736749 5.592211
0.687804 5.641766
0.710995 5.691141
0.788800 5.666347
0.815869 5.698234
0.785614 5.625001
0.697289 5.694154
-1.650106 0.876559
0.706267 5.614299
0.742339 5.580684
0.804785 5.574627
0.721573 5.522576
0.752486 5.566040
0.708381 5.569770
0.794292 5.660025
0.393909 5.165370
0.784656 5.590765
0.789648 5.650525
-1.653543 0.879729
0.810902 5.603158
0.795956 5.590672
0.808894 5.678693
0.726190 5.617050
0.715145 5.641095
0.726147 5.556099
0.727868 5.591573
0.749911 5.615010
0.783853 5.657532
0.744724 5.615900
-1.646080 0.869295
0.723540 5.584176
0.730984 5.583188
0.724198 5.704937
0.705497 5.578551
0.768007 5.542543
0.761096 5.523025
0.721466 5.588669
0.757618 5.614416
0.756777 5.621304
0.673185 5.495344
-1.655207 0.890110
0.701465 5.562550
0.772256 5.613988
0.735529 5.618028
0.776659 5.570031
0.757625 5.602026
0.694978 5.626928
0.717177 5.594541
0.763469 5.600916
0.849891 5.716841
0.790051 5.668484
3.484040 3.273327
-1.664617 0.900475
0.721592 5.605290
0.772909 5.604095
0.763935 5.620767
0.822530 5.632303
0.717836 5.559446
0.813771 5.681865
0.741395 5.652961
0.738709 5.611710
0.762191 5.611654
0.670085 5.536206
-1.644103 0.855294
0.800366 5.628424
0.716836 5.606544
0.775982 5.515477
0.779693 5.570112
0.744646 5.625974
0.865288 5.706635
0.712514 5.599240
0.807468 5.633083
0.730366 5.639382
0.730965 5.673440
-1.657399 0.913743
0.690687 5.555947
0.767215 5.567045
0.767769 5.603723
0.773676 5.658206
0.801981 5.663832
0.806268 5.668384
0.804404 5.681022
0.814275 5.596584
0.739699 5.619632
0.781644 5.638342
-1.639726 0.848506
0.745682 5.573879
0.766018 5.620619
0.757356 5.626292
0.765767 5.643623
0.805276 5.586926
0.793391 5.582837
0.809143 5.661634
0.681507 5.578329
0.764553 5.626962
0.705095 5.583247
-1.833504 0.518577
0.847904 5.514016
0.745660 5.591553
0.652279 5.594943
0.781769 5.642116
0.713327 5.595247
0.789570 5.641105
0.838008 5.696278
0.699861 5.660001
0.702364 5.622683
0.735594 5.594301
-1.470302 0.349551
0.754141 5.622604
0.724099 5.579291
0.790497 5.648664
0.881337 5.491665
0.744856 5.596964
0.759819 5.605774
0.848361 5.701147
0.778228 5.674961
0.769125 5.641860
0.707494 5.550197
-1.468587 0.352304
0.670233 5.660211
0.769725 5.623722
0.729127 5.584689
0.676216 5.557612
0.787635 5.618325
0.768542 5.626746
0.710449 5.574771
0.820556 5.679914
0.695772 5.608531
0.744285 5.593529
-1.486269 0.361264
0.692565 5.641262
0.688453 5.559217
0.736576 5.620201
0.797823 5.555027
0.769096 5.647387
0.813322 5.546540
0.847891 5.699218
0.769169 5.612193
0.803009 5.630456
-0.330799 4.587119
-1.441212 0.360975
-0.482878 4.670698
0.014789 4.755989
-0.212607 4.516919
-0.181567 4.442946
-0.236688 4.452258
-0.229162 4.486638
-2.458540 -1.544306
-2.366916 -1.890718
-2.405151 -1.855811
-2.369605 -1.883678
-1.818119 0.551821
0.791450 -1.809374
0.788988 -1.811581
0.807528 -1.829839
0.785900 -1.821488
0.771699 -1.831883
0.780364 -1.821881
0.763566 -1.818107
0.784174 -1.820209
0.782107 -1.817276
0.785828 -1.818301
3.474926 3.273990
-1.822751 0.544670
0.803255 -1.811473
0.788172 -1.818078
0.777997 -1.823906
0.793680 -1.814049
0.779985 -1.815977
0.809742 -1.796558
0.764580 -1.795848
0.811975 -1.830509
0.791757 -1.817621
0.788505 -1.816826
-1.680074 0.644410
0.787381 -1.818293
0.776741 -1.799649
0.799707 -1.840318
0.786570 -1.812912
0.797246 -1.827324
0.797546 -1.815087
0.790907 -1.809132
0.789754 -1.819610
-3.134686 2.289490
-3.146392 2.331122
-1.963470 0.378837
-3.134805 2.278172
-3.138792 2.281939
-3.155444 2.279718
-3.134179 2.285481
-3.141263 2.291570
-3.138553 2.273125
-3.130238 2.266848
-3.138298 2.277631
-3.123699 2.260883
-3.145520 2.293729
-1.978592 0.368304
-3.173880 2.276170
-3.139118 2.277555
3.445448 3.360451
3.707624 3.187805
3.724593 3.207106
3.674935 3.157308
3.706019 3.186935
3.692629 3.160525
3.707334 3.184947
3.714709 3.182168
-1.795820 0.474847
3.703737 3.180531
3.740535 3.206050
3.706012 3.178402
3.494608 3.348855
3.499939 3.328851
3.699970 3.804666
3.484010 3.281995
3.470330 3.285970
3.481370 3.279971
3.482131 3.266858
-1.981571 0.363807
3.432935 3.077864
3.494124 3.269109
2.077248 4.884283
2.074020 4.878703
2.091454 4.853938
2.079622 4.884584
-1.575427 -0.109422
-1.989643 -0.194995
-2.117401 -0.214065
-1.735190 0.386681
-1.828787 0.464643
-1.726203 0.355862
-1.588836 -0.109344
-1.545579 -0.095148
-1.588509 -0.125110
-1.588250 -0.042591
-1.559371 -0.116329
-1.556522 -0.083901
-1.383753 -1.082119
-1.081624 -1.342094
-1.556732 -0.099955
-1.814278 0.296301
-1.580861 -0.094506
-1.545259 -0.138972
0.060612 4.574088
0.087333 4.568700
-0.243678 4.499017
-1.805429 0.453075
0.105089 4.574109
0.069558 4.587231
0.094284 4.601860
0.098009 4.603304
-1.822273 0.363347
0.071036 4.579694
-1.804204 0.525054
-1.975102 0.583200
-2.102320 0.629207
-1.914572 0.566237
-1.986781 0.607498
-2.297709 3.544992
-2.322852 3.558968
-2.303928 3.549159
-2.303021 3.548890
-1.959347 0.369143
-2.194523 3.431651
-2.200885 3.422796
-2.211640 3.434308
-2.338147 3.444017
-2.350776 3.449807
-2.348502 3.445742
-2.017899 3.419646
-1.919228 3.457095
-2.129621 3.340237
-2.107696 3.339273
3.492453 3.282720
-1.821181 0.510962
-2.099374 3.291940
-2.129238 3.351186
-2.129865 3.353256
-2.110413 3.335405
-2.120756 3.345051
-2.130350 3.324004
-2.133012 3.325701
-2.126679 3.339211
-2.103762 3.341771
-2.097011 3.342146
-1.847888 0.544491
-2.083545 3.326718
1.480360 2.226372
1.497999 2.215666
1.490491 2.214650
1.500993 2.219044
1.497761 2.217836
1.498886 2.226567
1.502326 2.218346
-0.519930 0.867667
-0.543252 0.882546
-2.127630 3.338339
-0.539903 0.880184
-0.527529 0.861345
-0.537007 0.874399
-0.301189 0.655589
-0.370077 0.690404
-0.336832 0.679542
-0.386018 0.716505
-0.368751 0.704081
-0.375210 0.691064
-0.365031 0.682311
-2.250191 3.423678
-0.370990 0.727603
-0.337665 0.664791
-0.357975 0.676045
-0.334175 0.732854
-0.327333 0.678384
-0.318712 0.716764
-0.361927 0.642342
-0.325614 0.643735
-0.360210 0.677620
-0.381655 0.679211
-2.280939 3.437513
-0.331276 0.700285
-0.372898 0.693332
-0.418958 0.763256
-0.350625 0.689615
-0.327088 0.921204
-0.315186 0.940709
-0.279065 0.913768
-0.288588 0.914453
-0.393040 0.763451
-0.423628 0.810732
-2.061894 3.378828
-0.289792 0.560113
-0.284486 0.562113
-0.476601 0.854721
-0.482875 0.882444
-0.363349 0.766492
-0.362547 0.774221
-0.506250 0.780819
-0.506787 0.773560
-0.372328 0.637802
-0.367311 0.602459
-2.265147 3.433621
-0.460076 0.787315
-0.454974 0.772392
-0.781150 0.750233
-0.784499 0.759499
-0.346068 0.706057
-0.360136 0.694601
-0.321563 0.769313
-0.347589 0.705485
-0.375210 0.706749
-0.367502 0.683870
-2.198128 3.395397
-0.350147 0.715301
-0.323103 0.765515
-0.319672 0.667184
-0.374895 0.673925
-0.367320 0.728268
-0.406018 0.678716
-0.408597 0.669867
-0.293586 0.762846
-0.188703 0.743832
-0.023162 0.809655
-2.254325 3.428571
-0.360521 0.687128
-0.239258 0.791441
-0.376856 0.713542
-0.352755 0.711755
-0.349199 0.696947
0.529376 0.743140
0.511280 0.747864
0.525662 0.743643
0.525464 0.748033
0.528073 0.747567
-1.939180 3.448505
0.530384 0.747164
0.529509 0.747791
0.543103 0.743744
0.538640 0.746113
0.527723 0.745278
0.571679 0.757230
0.577541 0.756548
0.578946 0.757566
0.577479 0.756433
0.536576 0.740020
3.485677 3.280264
-1.960621 3.444968
0.564978 0.752324
0.565783 0.753668
0.582140 0.760882
-0.238835 0.483885
-0.249025 0.489736
-0.215444 0.453162
-0.229817 0.459631
-0.245939 0.595815
-0.210331 0.552680
-0.362276 0.702010
-1.204845 -0.635754
-0.305073 0.726435
-0.352398 0.689415
-0.363320 0.707022
-0.345011 0.692826
-0.321164 0.681337
-0.176481 0.659482
-0.154893 0.632756
-0.123154 0.660978
-0.166160 0.661872
-0.412960 0.650555
-1.031892 -0.879139
-0.357482 0.710940
-0.432432 0.663500
-0.220360 0.563393
-0.174834 0.552996
-0.193727 0.559614
-0.202089 0.581273
-0.193333 0.573252
-0.331133 0.684567
-0.315869 0.725919
-0.336855 0.707354
-1.893956 0.556568
-0.376231 0.687144
-0.372659 0.698942
-0.370673 0.729953
-0.336006 0.733635
-0.365828 0.676130
-0.342633 0.709208
-0.376684 0.698632
-0.349865 0.669802
0.027220 -0.730507
0.025329 -0.753486
-0.682327 -0.196512
0.009276 -0.771670
0.005398 -0.697469
0.021897 -0.754215
0.030658 -0.735343
0.050809 -0.732376
0.031716 -0.679029
0.083211 -0.691611
0.022033 -0.741173
0.070863 -0.770146
0.077175 -0.782608
0.245420 -0.281945
0.086483 -0.755193
0.069817 -0.711451
0.030673 -0.741902
0.085449 -0.797476
-0.009465 -0.712776
-0.015031 -0.770417
0.062980 -0.720770
0.033863 -0.741349
0.038030 -0.757573
0.023900 -0.707913
-1.605179 -0.528637
0.024045 -0.740647
0.042205 -0.735548
0.036987 -0.717965
-0.002368 -0.764227
0.041228 -0.732070
0.080558 -0.767225
0.042839 -0.739547
-0.022612 -0.771799
0.034349 -0.756358
-0.004733 -0.771609
0.766815 -1.821149
-1.664039 -1.679259
0.063823 -0.771074
0.079832 -0.778999
0.043956 -0.759336
0.046927 -0.731374
0.075621 -0.703436
0.041262 -0.738597
0.031301 -0.737048
0.035988 -0.754344
0.031501 -0.752750
-1.745202 -1.572789
0.026597 -0.739308
0.027963 -0.726761
0.058197 -0.755748
0.030742 -0.839548
0.027214 -0.934733
0.029240 -0.728073
0.034811 -0.739561
0.018515 -0.715660
0.031326 -0.731786
0.013822 -0.714533
-1.841172 0.055126
0.011238 -0.732794
-0.386346 0.645418
-0.346371 0.674894
-0.345988 0.703150
-0.393665 0.672684
0.165017 0.956029
0.175377 0.961766
0.170047 0.961112
0.204148 0.968198
0.192740 0.970979
-1.579274 -0.074750
3.479272 3.272910
-1.578889 -0.092981
0.188591 0.974029
0.153002 0.943236
0.176576 0.969022
0.178904 0.960263
0.106974 0.886039
0.170950 0.975724
0.195886 0.992752
0.190572 0.987812
0.165595 0.956006
0.141082 0.922278
-1.784401 0.016271
0.188957 0.979010
0.142037 0.978800
0.186506 0.978916
0.200014 0.954026
0.149081 0.945113
0.168386 0.967184
0.155592 0.942878
0.170723 0.976088
0.198740 0.991198
-0.753341 1.923101
-1.833380 0.198163
-0.931974 -0.650516
-0.915218 -0.633614
-2.335443 2.224055
-2.355298 2.207960
-2.367909 2.227911
-2.383755 2.224104
-2.357353 2.247025
-2.359272 2.237339
-2.327179 2.214086
-2.338964 2.256677
-1.387701 -0.610809
-2.373492 2.241306
-2.396775 2.281500
-2.395021 2.273113
-2.381736 2.265831
-2.340798 2.264351
-2.359222 2.248935
-2.377696 2.269091
-2.325625 2.208384
-2.343240 2.216537
-2.369967 2.261565
-1.247127 -0.802736
-2.355550 2.263388
-2.378736 2.273459
-2.355704 2.238609
-2.376639 2.262602
-2.346725 2.251105
-2.381878 2.219679
-2.353699 2.220106
-2.344305 2.268235
-2.364492 2.253852
-2.378021 2.258811
-1.415829 -0.644374
-2.363862 2.242168
-2.394633 2.210055
-2.370240 2.240037
-2.366559 2.255135
-2.351660 2.268473
-2.361305 2.252523
-2.381159 2.230745
-2.373420 2.266252
-2.369834 2.248022
-3.311960 0.045366
-1.581435 -0.105569
-1.631109 -1.155778
-1.626836 -1.153726
-1.062443 -0.886686
1.422737 -0.403860
1.731900 3.391039
1.712582 3.389042
1.720317 3.387587
1.749109 3.395922
1.735168 3.383135
1.724614 3.377754
-1.515007 -1.660676
1.741490 3.397289
1.738294 3.387792
1.716891 3.372827
1.732506 3.386826
1.721686 3.381261
1.747590 3.403634
1.883528 3.445207
1.951485 3.477549
1.903028 3.455605
1.881750 3.447656
-1.254493 -1.819941
1.679542 3.412844
1.768006 3.399005
1.746099 3.414167
1.698963 3.356835
1.759114 3.395404
1.751727 3.374871
1.734524 3.389417
1.738891 3.387526
1.757140 3.407239
1.703635 3.358343
-1.578358 -1.653780
1.760434 3.403786
1.719127 3.389632
1.756247 3.411947
1.738389 3.380173
1.771114 3.420708
1.696517 3.350445
1.719944 3.376852
1.714588 3.352412
1.758818 3.406600
1.720709 3.375643
3.501822 3.270110
-1.594890 -0.179648
1.735217 3.397967
1.737334 3.390151
1.721766 3.393930
1.723477 3.402250
1.719936 3.374626
1.744037 3.391330
1.736050 3.387659
-1.618657 1.862011
1.845379 3.308222
1.845016 3.306642
-1.616291 -0.266283
1.851092 3.312214
1.831036 3.325852
-0.786472 -3.805274
-0.789437 -3.786382
-0.799850 -3.800592
-0.793278 -3.813058
-0.793953 -3.765683
-0.791809 -3.790094
-0.766828 -3.769633
-0.772663 -3.816115
-1.182455 -0.622010
-0.810995 -3.758825
-0.855141 -3.723915
-0.786594 -3.789151
-0.796482 -3.774054
-0.794969 -3.800542
-0.763373 -3.823971
-0.796992 -3.805819
-0.838277 -3.747992
-0.842242 -3.835502
-0.777908 -3.817864
-1.550347 -0.091301
-0.806208 -3.815559
-0.818637 -3.769985
-0.807764 -3.802804
-0.804449 -3.765940
-0.802977 -3.761182
-0.744659 -3.840809
-0.804835 -3.802059
-0.802362 -3.788435
-0.794095 -3.793442
-0.785464 -3.775790
-1.588458 -0.113763
-0.797539 -3.777177
-0.785172 -3.797825
-0.810200 -3.810522
-0.774378 -3.805807
-0.790596 -3.790465
-0.790390 -3.790028
-0.810177 -3.806827
-0.794504 -3.786888
-0.791132 -3.792810
-0.774904 -3.786247
-1.638277 -0.187885
-0.785589 -3.781393
-0.808891 -3.758587
-0.788285 -3.802973
-0.788757 -3.809810
-0.804537 -3.808137
-0.797739 -3.791811
-0.807995 -3.782340
-0.785611 -3.779042
-0.802704 -3.779106
-0.804760 -3.773828
-1.650849 -0.212516
-0.759494 -3.822480
-0.809423 -3.809170
-0.768486 -3.773625
-0.792539 -3.787707
-0.790183 -3.791801
-0.818012 -3.761753
-0.777632 -3.809478
-0.776926 -3.799116
-0.785512 -3.785141
-0.775567 -3.812928
-1.635213 -0.205868
-0.791927 -3.784114
-0.826575 -3.798531
-0.793227 -3.793696
-2.405473 4.381885
-0.462359 4.237281
1.005999 -4.717530
1.422139 -5.453953
1.454388 -5.499546
1.406871 -5.446627
1.381729 -5.483724
-1.661734 -0.208152
1.428905 -5.462274
1.454561 -5.492256
1.459719 -5.478005
1.423930 -5.463296
1.405034 -5.443225
1.428551 -5.433993
1.412187 -5.439700
1.414644 -5.451013
1.450352 -5.447713
1.490232 -5.508794
-1.436748 -0.348600
1.417269 -5.441588
1.407471 -5.422681
1.420281 -5.438230
1.421445 -5.413509
1.449059 -5.470537
1.416755 -5.445474
1.373677 -5.406488
1.420178 -5.433052
1.398951 -5.466370
1.424815 -5.451364
3.472902 3.288197
-1.607077 -1.178930
1.389096 -5.417185
1.427534 -5.461412
1.377181 -5.397523
1.445992 -5.476858
1.461714 -5.489208
1.439585 -5.466677
1.424359 -5.423831
1.443963 -5.479391
1.451568 -5.467781
1.412458 -5.470392
-1.552663 -0.074710
1.428879 -5.443229
1.423934 -5.426702
1.441007 -5.469679
1.421050 -5.445414
1.392974 -5.426231
1.440284 -5.472042
1.469248 -5.408338
1.411230 -5.476089
1.416865 -5.420101
1.426011 -5.448006
-1.597019 -0.150822
1.440572 -5.441324
1.496447 -5.534775
1.430978 -5.438373
1.406678 -5.426346
1.388116 -5.407064
1.384767 -5.424794
1.407556 -5.455157
1.443638 -5.418251
1.392751 -5.423533
1.412131 -5.470774
-1.324669 0.033435
1.451355 -5.486420
1.397663 -5.413144
1.424275 -5.447662
1.479687 -5.378626
1.425609 -5.448209
1.404081 -5.438011
1.407183 -5.437010
1.486310 -5.518106
1.410208 -5.452470
1.400621 -5.497702
-1.580606 -0.113183
1.458451 -5.450595
1.417849 -5.448887
1.409920 -5.430110
1.406519 -5.434348
1.383296 -5.439235
1.394444 -5.440603
1.430134 -5.479194
1.444750 -5.469806
1.394424 -5.435332
1.417061 -5.438492
-3.337570 -2.921487
1.414619 -5.438497
1.422886 -5.473341
1.578933 -5.692016
1.580272 -5.692872
1.602207 -5.725023
1.581039 -5.698848
1.584351 -5.700428
1.593850 -5.714747
1.591757 -5.705832
1.590256 -5.712308
-3.297709 -2.993850
0.955890 -4.759170
0.975693 -4.683196
1.010248 -4.689587
0.975759 -4.688704
1.000243 -4.689903
0.990276 -4.691162
0.986554 -4.704195
0.974841 -4.704150
0.986826 -4.742998
1.006555 -4.718112
-1.554822 -0.128746
0.998260 -4.719684
0.999610 -4.700838
0.966345 -4.741874
0.973311 -4.690905
1.010068 -4.690009
1.009218 -4.725780
0.999734 -4.711586
0.987929 -4.675685
0.987954 -4.721659
0.993863 -4.704531
-1.580197 -0.092869
0.975242 -4.721135
0.987756 -4.705005
0.981469 -4.694994
0.561515 -4.847659
0.565997 -4.844722
0.569328 -4.835057
0.566444 -4.844592
0.556398 -4.848102
0.567692 -4.844665
0.559886 -4.848004
-1.639422 0.701735
0.569071 -4.844891
0.572838 -4.841293
0.563103 -4.846128
0.566906 -4.841629
0.573333 -4.843830
0.554349 -4.849628
0.568549 -4.844142
0.554867 -4.848708
0.556144 -4.855629
0.575305 -4.854475
3.442629 3.284006
-1.825394 0.511444
0.584964 -4.842693
0.574268 -4.821214
0.573576 -4.842473
0.560421 -4.845349
0.560837 -4.849691
0.563214 -4.846354
0.563518 -4.840887
0.572891 -4.844067
0.559479 -4.850465
0.558328 -4.853846
-1.803156 0.518192
0.584252 -4.831777
0.570871 -4.828362
0.565592 -4.848557
0.562896 -4.831203
0.573555 -4.847741
0.550354 -4.853201
0.559995 -4.854268
0.565614 -4.849399
0.565503 -4.845156
0.551710 -4.878888
-1.831048 0.514578
0.534198 -4.879718
0.567315 -4.840935
0.568537 -4.845895
1.032115 -4.705475
1.034550 -4.701563
1.037805 -4.698590
1.090383 -1.167656
1.093211 -1.182571
1.097299 -1.202514
1.095781 -1.174077
-1.706507 0.122044
1.102207 -1.205028
1.094119 -1.173423
1.095607 -1.192837
1.094264 -1.184780
1.023209 -4.700108
1.016171 -4.692971
1.040523 -4.666873
1.064912 -4.752992
1.104973 -4.775995
1.084097 -4.766474
-1.831806 0.538735
1.005087 -4.703108
-3.333370 -2.925381
-3.281276 -2.860746
-3.318978 -2.929339
-3.377576 -2.901380
-3.374031 -2.962377
-3.404189 -2.846994
-3.329756 -2.950705
-3.317942 -2.927177
-3.441720 -3.438186
-2.130670 0.011477
-3.453285 -3.465014
-3.444118 -3.454696
-3.447484 -3.455941
-3.447374 -3.451740
-3.447645 -3.458640
-3.446397 -3.454835
-3.448216 -3.462314
-3.441787 -3.445554
-3.448431 -3.460311
-3.448096 -3.457607
-2.262882 -0.147613
-3.369242 -2.914291
-3.363849 -2.919929
-3.328141 -2.950555
-3.325164 -2.992698
-3.320840 -2.906492
-3.375381 -2.898563
-3.401388 -2.932645
-3.339813 -2.898005
-3.348035 -2.976563
-3.288973 -2.951959
-0.773063 1.905931
-3.358987 -2.936888
-3.341293 -2.960436
-3.310683 -2.917924
-3.389206 -2.965154
-3.357857 -2.912989
-3.340564 -2.952878
-3.309551 -2.938384
-3.353985 -2.956533
-3.348256 -2.982661
-3.326645 -2.900854
-1.059949 1.937689
-3.327773 -2.978269
-3.340988 -2.939240
-3.407274 -2.854363
-3.330451 -2.928723
-3.374467 -2.913612
-3.357011 -2.944364
-3.293864 -2.927675
-3.390856 -2.970528
-3.276695 -2.882825
-3.328210 -2.895310
-1.051136 1.935540
-3.364852 -2.889819
-3.353916 -2.954714
-3.354185 -2.940330
-3.392939 -2.921242
-3.421607 -2.852674
-3.300075 -2.918323
-3.329933 -2.921408
-3.378149 -2.918231
-3.317653 -2.964787
-3.336285 -2.966072
3.482814 3.281568
-1.073801 1.933240
-3.406128 -3.014728
-3.374513 -2.957564
-3.375964 -2.943035
-3.268664 -2.976535
-3.407894 -2.882946
-3.369492 -2.954649
-3.354000 -2.970431
-3.315064 -2.876421
-3.351151 -2.912695
-3.377538 -2.873371
-1.064518 1.932413
-3.351053 -2.927730
-3.384702 -2.948706
-3.324845 -2.918611
-3.346972 -2.941942
-3.352580 -2.925725
-3.369189 -2.903410
-3.353207 -2.969555
-3.306473 -2.898244
-3.362399 -2.983277
-3.400041 -3.004320
-1.095820 1.946901
-3.323812 -2.868515
-3.358913 -2.953401
-3.357606 -2.910874
-3.363626 -2.907434
-3.379441 -2.862999
-3.319129 -2.935882
-3.290619 -2.996889
-3.325321 -2.971686
-3.376113 -2.962414
-3.344330 -2.933344
-1.071457 1.938895
-3.312923 -2.912521
-3.307344 -2.974062
-3.342463 -2.936285
-3.384111 -2.881433
-3.381593 -2.901211
-3.329431 -2.915395
-3.322894 -2.951170
-3.373584 -2.981817
-3.313691 -2.963752
-3.380143 -2.987563
-1.071080 1.939024
-3.340793 -2.906626
-3.369656 -2.958273
-3.360651 -2.957413
-3.323745 -2.904477
-3.369402 -2.958245
-3.365281 -2.950718
-3.428793 -3.048356
-3.344820 -2.908786
-3.314198 -2.921368
-3.324713 -2.875542
-1.056235 1.943054
-3.429795 -2.954821
-3.335058 -2.911212
-3.343343 -2.970486
-3.302466 -2.909738
-3.338080 -2.963073
-3.293015 -2.880640
-3.500311 -3.080570
-3.511318 -3.090280
-3.425859 -3.018979
-3.306836 -2.916013
-1.065180 1.937380
-3.270500 -2.874809
-3.337622 -2.892122
-3.310308 -2.799220
-3.093825 -2.754725
-3.118900 -2.749465
-3.286521 -2.870786
-3.314037 -2.968740
-3.304868 -2.866757
-3.348961 -2.950173
-3.292620 -2.928206
-1.068287 1.944345
-3.344692 -2.979887
-3.314949 -2.908025
-3.258676 -2.923360
1.429270 1.115403
1.427970 1.105773
1.424194 1.104853
1.401216 1.080482
1.427703 1.102073
1.430717 1.107911
1.418904 1.100709
-0.589511 1.981065
1.416070 1.094351
1.497565 1.172945
1.474622 1.146496
1.461068 1.135262
1.444606 1.139191
1.430530 1.100906
1.430197 1.112107
1.413714 1.091765
1.427004 1.104468
1.415593 1.095929
-0.621839 1.964507
1.440259 1.106104
1.414920 1.102287
1.434027 1.111320
1.408473 1.081332
1.415679 1.101166
1.420272 1.095075
1.457923 1.136306
1.448744 1.088906
1.433087 1.102118
1.413064 1.096391
3.480597 3.274934
-0.572177 1.997724
1.418942 1.089415
1.424026 1.107152
1.419768 1.112584
1.425985 1.090518
1.433327 1.111507
1.630461 1.166640
1.654958 1.175959
1.642240 1.169646
1.655379 1.179115
1.656530 1.173819
-0.600371 1.986089
1.651488 1.174480
1.646794 1.172828
1.432324 1.105323
1.429304 1.111336
1.434547 1.110236
1.433758 1.114794
1.421689 1.109021
0.530257 1.956719
0.517012 1.977088
-0.263752 4.531991
-0.803291 2.369500
-2.886023 2.952087
-3.266336 3.129775
-3.255759 3.122213
-3.256533 3.133975
-3.247474 3.152745
-3.255343 3.133641
-3.236392 3.177197
-3.148146 3.233741
-3.251857 3.112569
-3.259880 3.132210
-0.851094 2.424457
-3.263172 3.123909
-3.243423 3.127487
-3.333036 3.137623
-3.416143 3.141713
-3.296120 3.119237
-3.256690 3.151547
-3.265045 3.124022
-3.256247 3.138246
-3.254224 3.120999
-3.271746 3.116622
-0.803504 2.385508
-3.224398 3.117225
-3.447564 3.703760
-3.477472 3.696106
-3.499453 3.689356
-3.491908 3.694896
-3.531203 3.700301
-3.527255 3.710795
-3.534975 3.720366
-3.523885 3.721814
-3.515190 3.712026
-0.806479 2.395549
-3.311275 3.724274
-3.296058 3.689750
-3.214565 3.584608
-3.295031 3.730536
-3.333747 3.730875
-3.315738 3.704320
-3.325770 3.740239
-3.296534 3.726404
-3.236703 3.679682
-3.328094 3.721921
-0.812047 2.379285
-3.259524 3.649337
-3.314172 3.725880
-3.340105 3.738591
-3.566815 3.873628
-3.567498 3.873940
-3.567640 3.866961
-3.558964 3.858225
-3.556667 3.867046
-3.563803 3.859780
-3.565715 3.865868
-0.807530 2.394583
-3.566880 3.869215
-3.574706 3.870742
-3.065945 3.248247
-3.221392 3.596838
-3.229124 3.609190
-3.225638 3.611417
-3.239643 3.625038
-3.212058 3.600611
-3.244830 3.582655
-3.070337 3.268403
-0.771365 2.350097
-3.095058 3.291489
-3.145698 3.238557
-3.154918 3.260732
-3.138521 3.248703
-2.912208 2.968133
-2.931416 2.985451
-2.929313 2.982537
-3.000738 2.812020
-2.919559 2.958613
-2.907589 2.993865
-0.798048 2.388305
-2.600134 2.677940
-2.319767 2.837019
-2.897615 2.940375
-2.911159 2.957800
-2.909511 2.959777
-2.370966 -1.876995
-2.423625 -1.856687
-2.352315 -1.867077
-2.396291 -1.932909
-2.379391 -1.865738
3.485886 3.274527
-0.810912 2.376202
-2.873696 -1.599573
-2.817178 -1.472161
-2.282579 -2.025447
-2.380975 -1.855891
-2.405149 -1.891967
-2.357250 -1.845285
-2.369962 -1.874726
-3.196833 -2.773019
-2.379249 -1.864829
-2.138025 -2.057961
-0.792297 2.390177
-2.196403 -2.516864
-2.211334 -2.166329
-2.195983 -2.143515
-2.374634 -1.845185
-2.364129 -1.870723
-2.395127 -1.854375
-2.391177 -1.860134
-2.352041 -1.888968
-2.410295 -1.826033
-2.388568 -1.917082
-0.815546 2.388149
-2.412729 -1.926278
-2.379224 -1.866495
-2.373520 -1.855334
-2.392368 -1.891259
-2.273650 -1.747338
-2.369243 -1.888295
-2.370233 -1.872954
-2.376308 -1.878353
-2.807523 -1.505315
-0.219115 4.479317
-0.810669 2.385460
4.332393 0.405814
-1.895104 3.475351
-1.985995 -1.278916
-1.553370 -1.583876
-1.548850 -1.604802
-1.551606 -1.588350
-1.552925 -0.149368
-1.567511 -0.100400
-1.594033 0.396230
-1.609583 -0.073605
-0.810722 2.374592
-2.119158 0.584737
-1.660098 0.131759
-1.657925 0.071421
-2.548986 -0.158517
-1.460263 0.390298
0.990574 0.448228
1.001404 0.451476
0.034685 -2.174970
0.048701 -2.183500
-1.895468 0.253560
-0.806947 2.367417
-1.952504 0.255193
-0.126466 -1.802167
-0.301853 -1.688312
-0.332771 -1.676819
-0.305302 -1.687990
-0.311586 -1.685545
4.407987 -0.076005
-1.737737 -2.435882
-1.752911 -1.613224
-4.343257 -1.200273
-0.808928 2.380981
-4.317361 -1.220539
-4.305154 -1.225336
-1.447989 -1.159630
-1.697597 0.213563
-3.143332 1.711081
-3.123993 1.707659
-3.812971 1.585480
-3.795910 1.571970
-3.669742 1.490728
-1.271750 -1.633538
-0.792095 2.392279
-0.574656 -1.901771
-0.591839 -1.892274
-3.816478 1.587715
-3.869217 1.621544
-3.910345 1.645941
1.132388 0.563895
1.130455 0.563307
-2.001771 -0.680616
-2.003467 -0.964921
-2.034997 -0.728459
-0.806279 1.892639
-2.051282 -0.752746
-3.095134 1.684983
-3.122279 1.730108
-2.845067 1.554694
-3.116970 1.660084
-0.048474 -2.102042
-0.023033 -2.118193
-0.015848 -2.133892
0.057229 -2.235653
0.051824 -2.231076
-0.780107 1.919622
-2.842299 -0.949100
-2.650311 -0.643339
-0.579991 -0.316916
-0.578136 -0.319990
-1.509067 -1.190052
-1.432239 -1.137533
-1.458915 -1.146910
-1.708950 -2.821012
-1.705683 -2.837473
1.060712 0.277014
3.484452 3.262906
-0.822424 1.873438
1.093732 0.277605
-0.801755 0.259588
-1.714168 -2.789762
-1.739591 -2.729821
-1.629274 -2.978197
-0.723970 0.067102
0.027953 -0.955212
0.020498 -0.962154
-2.197478 -2.300802
-2.106117 -0.216612
-0.780510 1.895727
-1.710797 -1.322801
-2.097634 -1.279769
-1.700027 -1.322896
-1.602214 -1.248082
0.236087 4.980743
-2.759464 1.506098
-2.194863 -2.520252
-2.197229 -2.536143
-2.188134 -2.522007
-3.822490 1.603174
-0.781623 1.872714
-1.702114 -2.849633
1.249311 -3.525511
1.275483 -3.594548
1.270524 -3.593878
1.063273 0.052829
1.054304 0.058792
-2.017431 0.618213
-2.094316 -3.242913
-2.135927 -3.533259
-2.165608 -3.667082
-0.775451 1.914474
-2.141895 -3.583587
-2.134454 -3.535654
-1.865528 0.554345
-1.882069 3.485342
-2.101525 3.343026
-1.882576 3.482990
-0.776960 0.417905
-0.798545 0.396264
-0.790502 0.397012
-1.534269 0.835289
-0.779332 1.890729
-1.538735 0.826935
-0.976368 -1.886631
-1.161402 -1.370351
-0.886635 -2.052521
-3.485883 -2.041072
0.229654 4.976957
0.222199 4.969006
-0.357719 4.273362
-1.737163 -2.734281
-2.161777 -2.719999
-0.774522 1.911882
-2.163878 -2.726585
-1.257784 -1.850402
-1.238501 -1.861247
-2.881999 -1.606165
-2.870332 -1.596073
-0.351282 0.690571
-2.095628 -3.261727
-2.068649 -3.271365
-3.069909 1.665561
-1.537843 0.280194
-0.792676 1.897934
-2.061266 -3.293899
-1.257570 -4.651544
-1.252763 -4.653173
-2.971164 -0.127458
-0.341052 -1.631321
-1.062195 -1.375888
-2.866391 1.577324
-2.855267 1.561342
4.254707 0.529588
4.410820 -0.122971
-0.808647 1.928109
-1.394052 0.387387
-1.846736 0.563831
-1.744021 -2.725748
-2.211451 -0.160115
-2.218776 -0.190385
-1.197005 -0.214860
-1.095396 -0.138552
-3.170386 1.700788
-1.708407 -2.833518
-1.518196 -1.455998
-0.782972 1.932978
-3.852732 1.617121
-1.735517 -2.733803
-4.362390 -1.223157
-4.402083 -1.229554
1.233449 -3.531384
0.983104 0.030150
-1.221521 -1.852479
-1.206416 -1.866225
-1.339942 -4.297989
-1.327899 -4.376679
-0.775159 1.869899
-2.162157 -0.044913
1.102783 0.537477
0.987914 0.039371
0.008306 -2.161949
4.502747 0.020325
4.549044 -0.110822
-2.733753 -0.644690
-0.583844 -0.310758
-1.259106 -1.369320
-2.140375 -3.575332
3.493639 3.264421
-0.811425 1.899554
-2.965924 -1.181615
-4.200638 -1.200640
-1.271629 -1.808662
0.986731 0.348122
-3.140367 -0.093912
-1.264659 -1.853951
3.681641 3.926188
0.017776 -2.161862
-2.089493 -0.238171
-2.327009 0.042578
-0.817570 1.888164
-2.293107 0.051914
-1.991321 -1.290663
-3.708719 -1.855757
-3.677044 -1.850994
-0.273166 4.533102
-0.308241 4.542164
0.957744 0.040365
0.964091 -0.009389
-1.701713 -2.844591
0.727771 -0.667301
-0.775735 1.900889
0.738743 -0.685636
-2.369059 -1.191328
-2.357658 -1.183597
-2.386870 -1.177542
-1.829558 3.491826
-2.185622 0.661194
-0.940539 -1.923236
-1.960353 0.594656
-0.518541 4.685718
-2.261416 -0.145403
-0.782967 1.897899
-2.275455 -0.154856
-2.978466 2.833549
-1.326733 -2.015300
-1.325274 -1.998574
-1.736430 -2.753915
0.919843 -3.245598
0.924654 -3.252015
0.778891 -3.153157
0.931305 -3.254330
0.916250 -3.241936
-0.793735 1.912987
0.924161 -3.247310
0.927215 -3.251198
0.915546 -3.244490
0.928140 -3.252822
1.058368 -3.357360
0.915243 -3.242525
0.903785 -3.230275
-2.822107 -1.540886
-2.860575 -1.576649
-4.288705 -1.234840
-0.776708 1.917828
-1.427921 0.175722
-1.429065 0.188524
3.678971 3.943575
-0.052852 -2.101781
-1.220395 -1.802105
-3.073327 2.699090
-1.213016 -4.783809
-1.207120 -4.799133
-1.710553 -1.322393
-1.426499 0.384897
-0.840306 1.954574
-2.305629 0.043796
-3.069330 2.692364
-1.208289 -4.794287
-0.037881 -1.657932
-0.093311 -1.814105
-0.108520 -1.816881
-1.261687 -1.834292
-2.014051 3.431707
-0.679877 0.019645
-0.688102 0.029101
-0.779951 1.894298
1.443112 1.127659
-1.649285 -0.404803
-0.700859 0.034689
0.872266 -0.319788
0.868226 -0.367738
0.996468 0.447774
-0.885384 -2.066562
-0.019515 -2.227893
-0.019244 -2.241301
-2.796245 -1.365304
-0.472905 2.482057
4.698705 0.255925
-2.091234 -3.249623
-2.653235 -0.676790
-2.641228 -0.679999
-2.652834 -0.660454
-2.665092 -0.673380
-0.890354 -2.061933
-0.890415 -2.053906
-1.222726 -4.729146
-1.217397 -4.745115
-2.931081 0.764307
-0.341772 -1.623318
-0.414945 -0.481273
-3.128422 0.492405
-0.326659 -1.616405
-3.005516 -4.678996
-2.166491 -1.608283
-2.133600 -1.559467
-2.133207 -1.562897
-1.666080 -1.744276
-1.666105 -1.777665
3.483063 3.443425
-0.815355 1.958272
-1.322216 -4.389636
-2.952103 -1.099024
-2.890633 -1.135951
-3.182956 0.725332
-1.645985 0.612316
-1.351814 -4.359770
-1.366394 -4.344887
-0.327895 -1.678959
-0.913607 -1.946319
-0.877784 -1.963977
-0.820502 1.997152
0.128095 -1.636265
-0.073989 -1.833059
0.150454 -1.494091
0.361097 -1.296671
-0.019566 -1.671664
-0.474445 -1.728359
-0.484859 -1.734858
0.012164 -1.646249
-2.433489 -1.859440
-2.449106 -1.870148
-0.776611 1.904245
0.839207 0.066346
0.850301 0.074155
-3.127426 0.468840
-3.304893 -2.763747
0.011697 -2.135316
-4.411738 -1.220006
1.039878 -3.340014
1.027222 -3.330353
1.321360 -3.560932
1.278973 -3.513662
-0.828809 1.874191
-1.002170 -0.058419
-0.814287 0.145797
-0.818521 0.130912
-0.804995 0.133472
1.335410 -3.571204
-3.407406 -1.162387
-3.414778 -1.156126
1.313687 -3.549273
1.347244 -3.578136
-3.415933 -1.158899
-0.801620 1.899233
-1.245735 -0.013593
-1.247740 -0.007964
1.320051 -3.554805
-2.177029 0.482186
-2.510472 -1.210995
-2.573532 -1.202135
-3.225037 1.726083
-2.418411 4.401094
-0.754761 0.088676
0.207655 -1.636529
-0.830434 1.845168
0.221177 -1.637959
0.190704 -1.628032
-0.941939 -1.924084
-0.941214 -1.925464
-4.382955 -1.184053
-4.397193 -1.201229
1.012640 0.072116
1.967583 3.486292
1.942054 3.474548
0.994306 0.377667
-0.795041 1.891776
-2.662780 -0.674578
-1.250969 -1.834744
-1.267275 -4.633410
-1.271588 -1.852982
-1.294918 -1.887327
-1.271513 -4.641152
-1.274650 -4.640821
-0.582731 -0.304703
0.928862 -3.255164
-3.186023 -2.919043
-0.780040 1.892301
-0.203974 1.047019
-0.185424 1.076258
-1.273448 -4.594579
-1.322567 -4.384459
-1.627060 -2.985873
-1.632536 -2.976517
-3.795259 1.570682
-1.217773 -4.739530
-1.635766 -2.978161
-1.626020 -2.983148
-0.807551 1.910448
-0.798714 0.288940
-1.629814 -2.978913
-1.606236 -3.018641
-1.634869 -2.976291
-3.205898 -2.176220
-1.626786 -2.977827
3.681972 3.910995
-1.683694 -1.576645
-1.695815 -1.573688
-0.373467 1.531090
-0.773733 1.881374
-0.794630 1.896506
-0.780273 1.888781
-1.853382 -0.008953
-1.533645 2.530325
-1.558064 2.543229
-2.060627 -3.297167
-0.849675 -2.143396
-0.841938 -2.145582
-0.809472 -2.219608
-0.869078 -2.115934
-3.126571 -0.074107
3.482983 3.437031
-0.781881 1.896408
-0.449756 4.267943
-1.362811 -0.684321
-3.309909 -2.994705
-2.192719 -2.536996
0.936218 0.051497
-1.247578 -4.651084
0.048956 -2.191299
-0.056727 -2.106423
-0.034353 -1.683555
-3.133603 -2.749055
-0.799040 1.889952
-0.810643 0.106396
-1.875245 0.014180
-3.475429 -2.955040
1.086727 0.523043
-1.855673 0.024503
0.907078 -3.238287
-2.084069 -3.256184
-3.208212 -4.462130
-1.338422 -1.560197
-1.262745 -1.569078
-0.774345 1.892005
-1.143664 -1.589084
1.244662 -3.536912
-0.723080 0.073693
-0.702625 0.063409
-1.544124 0.204951
-2.160684 2.242633
-3.083208 2.696120
-1.099819 -1.574169
-1.089182 -1.582563
-0.819824 0.379992
-0.767507 1.901721
-3.663789 1.491592
-2.416144 -1.907279
-2.444220 -1.877104
-3.540156 -3.110187
-3.520342 -3.099898
-0.547103 4.126873
-0.598949 4.083710
-0.527862 4.146169
-0.575982 -0.312499
-1.741510 -2.401505
-0.758414 1.871017
-0.018068 -2.127446
0.228562 -1.626435
-2.066747 -0.764855
-2.063765 -3.304236
-2.098025 -3.255604
-2.103432 -3.236620
-2.089709 -3.257477
-2.091769 -3.252265
-2.094509 -3.246723
-2.098017 -3.241869
-0.794312 1.899607
-2.091262 -3.254982
-2.089724 -3.256695
-2.096137 -3.254253
-1.863423 -2.767490
-1.860206 -2.776201
-2.091718 -3.268984
-2.090509 -3.244262
-2.093321 -3.256184
-2.096766 -3.253408
-2.093658 -3.271930
-0.765661 1.928579
-2.106694 -3.255569
-2.092082 -3.237451
-2.092207 -3.251691
-2.109114 -3.230539
-2.298144 -2.002994
-2.801277 -1.512383
-2.785543 -1.499022
-2.811680 -1.508044
-2.797436 -1.505081
-2.811048 -1.485656
-0.797696 1.913347
-2.777285 -1.473519
-2.810199 -1.495664
-2.816996 -1.492937
-2.812484 -1.507502
-2.796628 -1.506300
-2.802067 -1.509433
-2.785371 -1.550038
-2.786157 -1.555717
-2.797736 -1.504012
-1.973436 -2.047105
-0.811883 1.869474
-1.969965 -2.063787
-2.821506 -1.134250
-2.827433 -1.137208
-1.454092 0.377227
-2.177151 -3.724385
-2.180145 -3.738916
0.993621 0.368630
1.012502 0.055033
1.033660 0.059513
-2.339098 2.244758
-1.104764 2.241478
-4.358138 -1.192306
-4.376148 -1.197604
-1.331347 -1.583382
-1.300992 -1.729564
0.500540 2.202905
-1.589356 -1.171079
-0.206220 1.055457
-2.302143 3.553326
-0.991031 -1.896253
-0.975174 -1.916985
3.483695 3.431621
-1.112791 2.250498
1.712556 2.174284
0.727969 -0.684438
0.722656 -0.688828
0.645298 -0.828445
0.984291 0.027280
0.978211 0.039196
0.988995 0.067851
0.955138 0.017979
0.971154 0.049490
0.983578 0.055881
-1.108771 2.243556
0.965709 0.056744
0.967539 0.068152
-0.861970 -2.070392
-1.205535 -4.799257
0.467555 2.144004
-0.768394 0.128321
-1.273784 -1.958766
-1.275415 -2.074939
-1.270610 -1.965422
-2.110085 -1.529086
-1.112846 2.250239
-3.935469 1.655292
0.234419 -1.640023
0.221032 -1.667687
0.229747 -1.655919
-1.338522 -4.289456
-2.132510 -0.203116
-3.077924 -1.224774
-3.049661 -1.220553
-1.255972 -1.840464
-2.266903 -2.630464
-1.108050 2.251516
-2.263116 -2.627336
-2.265401 -2.639831
-2.236592 -2.576862
-2.259967 -2.639529
-2.267268 -2.633564
0.996506 -0.058964
1.019737 -0.065661
0.992008 -0.070781
1.003448 -0.095955
-1.097333 -1.600945
-1.114849 2.250321
-0.821434 1.890866
-1.143482 -1.604980
-2.074534 -1.313998
1.719822 2.179488
-2.842647 1.545782
-1.108635 2.254601
0.974505 0.038936
0.524373 2.245848
0.510079 2.230153
-0.345802 -1.629876
-1.119790 2.262679
-0.343710 -1.629391
-2.993938 -4.683376
2.392568 -3.047453
-2.671843 -0.676550
-1.887829 0.614910
-3.413321 -1.155131
-3.403478 -1.162900
-0.022414 -2.115708
-1.209681 -4.747226
-0.785845 1.809829
-1.124046 2.254355
-1.434173 -0.364422
-1.202438 -1.807748
-4.322708 -1.231480
-2.991056 -1.075151
-1.329331 -2.008928
-1.223933 -4.744694
-3.203180 -4.447124
0.733450 -0.694902
0.729919 -0.699012
-0.036547 -2.114550
-1.128917 2.261800
0.983775 0.026181
0.979671 0.041542
1.098962 0.274834
-1.605701 -1.168525
-2.168797 -3.686500
-3.001251 2.803005
-3.429665 3.141680
-3.420425 3.142210
-0.596642 -0.323182
-0.583585 -0.325873
-1.124438 2.259440
-0.597273 -0.311852
-0.604116 -0.334289
-0.583165 -0.327744
-0.888986 -2.052504
1.289917 -3.627395
-3.315647 -2.948895
-3.335392 -2.865459
-0.054331 -2.099816
-0.006411 -2.108961
-0.018810 -2.129904
-1.113798 2.256558
-0.050498 -2.089415
-0.026509 -2.119556
-0.022109 -2.114700
-0.021548 -2.122600
-0.023424 -2.173347
-0.063408 -2.106400
-0.038083 -2.121701
4.560979 -0.145254
-2.026201 -1.254855
-2.046540 -1.244698
3.478533 3.453700
-1.118051 2.241261
-2.013938 -1.255593
-1.213623 -4.743804
-0.070186 -1.824298
-2.134327 -3.542955
-2.138510 -3.549254
-1.466622 -1.410987
1.316043 -3.552310
-0.004317 -1.672766
0.918744 -3.252442
-1.208263 -4.797002
-1.126076 2.249666
4.567520 -0.163888
-1.274690 -1.842945
-1.265247 -1.842692
1.249292 -3.527274
-2.727741 -1.228726
-2.780260 -1.207336
-1.614503 -1.151350
-3.723541 -1.858087
-2.198212 -0.187112
-0.028005 -2.117145
-1.108943 2.235967
0.111010 0.886897
-0.047472 -2.093640
1.849390 -0.644765
-0.580310 -1.906282
-2.325324 2.834455
-2.319875 2.833901
-0.808091 2.008214
1.249215 -3.529187
1.255106 -3.490623
1.251423 -3.531310
-1.101035 2.256500
1.245355 -3.525957
1.251745 -3.530480
1.255979 -3.531205
1.236469 -3.575729
-3.819987 1.587412
-0.117107 -1.809021
1.010084 -0.153637
1.243762 -3.510468
0.540260 -0.334041
-1.302569 -4.412712
-0.790761 1.898586
-1.282618 -4.443653
-2.858397 1.551018
-2.856348 1.556869
-2.053383 -3.317770
-3.333883 -2.939903
-1.434166 -0.368415
-0.146721 4.574686
0.234093 -1.645672
-0.803861 2.380967
0.377314 -1.304157
-0.822565 1.928336
0.378454 -1.284706
0.376725 -1.292588
-1.630296 -2.973851
0.246060 4.986617
-1.529261 -1.586654
0.108261 0.888288
1.281836 -3.622458
1.290940 -3.643931
-2.912029 2.955139
-0.204310 1.047774
-0.783597 1.892566
0.968358 0.042491
-3.068347 2.698230
-3.073859 2.692538
-3.092705 2.678926
-0.810193 0.112371
2.362699 -3.022083
2.395363 -3.046123
-1.385751 0.438028
-2.195543 0.476400
-2.201166 0.487379
-0.810905 1.894031
-1.271106 -2.102288
-1.216183 -4.741459
-1.222464 -4.735613
-3.245546 -2.176757
-3.241580 -2.184853
-3.245509 -2.167829
-3.235730 -2.173308
-1.254131 -1.836015
-2.273260 -2.642482
-1.215947 -4.741703
-0.791196 1.882855
-2.939207 -1.175569
-2.948086 -1.183745
-1.979271 0.587585
-0.560871 -1.906337
-0.580725 -1.899552
-4.393998 -1.241919
-1.045402 -1.603830
-4.320460 -1.211573
-4.295314 -1.239721
-1.248350 -1.869040
-0.928689 0.939831
-1.967406 -2.048900
-1.942765 -2.061929
-1.801453 3.479098
-1.790074 3.538648
-1.782096 3.568192
-1.861410 3.484403
-1.782095 3.583993
-0.365860 0.707648
1.045036 0.060273
-2.169856 -3.685478
3.480449 3.464945
-0.837679 1.609907
-0.017568 -2.119237
-1.966484 0.364292
-2.908086 2.960216
-2.188065 0.667115
-2.204399 0.666100
-0.988522 -1.871234
-0.983360 -1.887027
-0.957535 -1.866659
-2.276361 -0.155744
-2.173265 -3.692942
-0.830582 1.954618
-1.325654 -2.005473
-1.326972 -2.015665
-1.327440 -2.004473
-1.325726 -2.014386
0.968104 0.030073
-0.177720 1.095899
-1.265185 -1.825595
-1.754798 -2.708482
-1.128506 -0.709594
0.022376 -2.159690
-0.799058 1.877753
-3.149141 2.287807
-3.159664 2.309422
-1.580116 -1.587637
-1.604577 -1.578446
-1.732573 -2.433789
-1.819523 1.863773
-1.817007 1.867571
-1.827059 1.862014
-1.282359 -2.131351
-2.900261 -1.141418
-0.815646 1.890798
-2.382877 -1.161599
-0.024114 -2.120185
-2.845207 1.547715
0.226038 -1.643992
-2.608730 0.281036
-2.615805 0.283735
1.242148 -3.519425
-0.292780 -1.704059
-0.304442 -1.682673
-0.303694 -1.691118
-0.786549 1.903521
-0.328707 -1.669552
4.415178 -0.134389
-0.933951 -1.923247
-2.904464 -0.203763
-2.849579 -0.244222
-2.919935 -0.167010
-2.915832 -0.177968
-2.902668 -0.182660
-2.945891 -0.163313
-2.909930 -0.159704
-0.806499 1.917865
-2.935326 -0.198337
-1.457779 0.423469
-1.400730 0.403778
-1.442475 0.360965
-1.458799 0.350044
-1.763547 -1.552285
-4.353685 -1.194144
-4.346655 -1.191668
-1.802304 0.563134
-1.779707 0.594431
-0.769682 1.912256
-2.018662 -1.259215
-1.998710 -1.256009
-2.011983 -1.260679
0.032874 -0.955746
-2.100668 -0.228488
-2.112981 -0.212755
-2.368938 2.242214
-2.368874 2.256161
-2.362512 2.214535
-2.338103 2.227230
-0.790598 1.902767
-2.357455 2.239201
-2.336561 2.214472
-2.345354 2.215560
-2.146619 0.005780
-2.216143 -2.118512
-2.205928 -2.163848
-2.197426 -2.136484
-2.202029 -2.145038
-2.201470 -2.139698
-2.203791 -2.147135
-0.740650 1.855645
-2.181754 -2.116747
-2.199314 -2.147259
-2.196329 -2.148952
-2.193786 -2.099427
-2.213745 -2.155481
-3.683032 -1.851857
-3.640028 -1.853140
-2.647496 1.432825
0.204009 4.951265
0.243073 4.982205
-0.793452 1.912757
-2.198379 -2.533252
-2.197120 -2.530330
-2.193538 -2.547180
-1.604385 -0.282739
-0.584122 -0.330181
1.259111 -3.579066
1.077374 0.068400
1.076617 0.050672
1.060175 0.050371
-2.031023 0.640531
3.480050 3.476866
-0.791075 1.807248
-2.025259 0.591246
-2.017210 0.632499
-1.994438 0.617138
-2.034867 0.632484
-1.803199 0.510817
-1.809275 0.486229
-3.197127 1.706596
-2.367182 2.214114
0.044220 -2.213097
-3.154354 -0.089203
-0.791550 1.909632
1.098825 0.268813
1.096218 0.278706
1.101770 0.276516
-3.715677 -1.858078
-1.270827 -1.644267
-1.273592 -1.587924
-1.272508 -1.618143
-3.816515 1.585287
-3.848941 1.607301
-3.822354 1.589253
-0.809841 1.903412
-3.794005 1.556937
-3.868389 1.622610
1.127371 0.560703
1.132514 0.566030
1.026584 -0.172275
1.017667 -0.159832
-2.169801 -3.685199
-3.012373 -1.003414
-3.153741 0.059074
-1.562555 -1.602663
-0.733531 1.831542
-1.531103 -1.579932
-0.321825 4.604543
-2.142815 -3.587721
-1.847361 0.139010
-1.847442 0.152158
-1.865689 3.502065
-1.892134 3.503253
-1.872885 3.493273
-1.902102 3.477716
-1.884538 3.484477
-0.433460 1.943789
-1.879349 3.504609
-1.850374 3.480356
-1.877399 3.488855
-1.867741 3.495882
-1.916153 3.478765
-1.875648 3.486117
-0.304354 0.656019
-0.789661 0.403599
-2.027698 0.638738
-2.090069 -0.240660
-0.403156 1.945742
-1.533333 0.824074
-1.555258 0.812248
-1.537644 0.826147
-1.517905 0.826934
-1.532933 0.822940
-1.539973 0.788263
-1.535717 0.830179
-1.515259 0.850273
-1.528453 0.803692
-1.567072 0.780462
0.464992 0.974628
-1.564324 0.799230
-1.542668 0.812290
-1.550140 0.809418
-1.536151 0.817389
-1.525179 0.784494
-1.548869 0.820108
-1.555375 0.826263
1.095374 0.535597
-2.046997 -0.754325
-2.122975 -2.085423
0.924602 0.344962
0.247967 4.979382
0.246577 4.985177
-2.952699 -1.188305
-1.707981 -1.329287
-1.703040 -1.330221
-0.422295 1.943320
-0.426619 1.974589
3.481774 3.427904
-0.404650 1.927577
-0.426640 1.956090
-0.412416 1.939021
-0.427564 1.950792
-0.433377 1.945200
-0.409070 1.939800
-0.454845 1.968518
-0.419139 1.946242
-0.423803 1.948440
-0.418227 1.953080
3.485104 3.448088
-0.426509 1.947512
-0.416623 1.946859
-0.425806 1.949148
-0.421790 1.958631
-0.411971 1.931165
-0.423461 1.948655
-0.437989 1.953665
-0.422773 1.944055
-2.932013 -0.175070
-2.912144 -0.209387
3.485882 3.437923
-2.928978 -0.175773
-2.922855 -0.166062
-2.919721 -0.167946
-3.302065 0.044241
-3.111205 -0.085501
-3.145036 -0.077813
-3.043539 -0.120077
-3.109969 -0.093179
-3.023157 -0.159683
-3.043058 -0.154262
3.483147 3.433592
-3.012999 -0.189395
-3.034198 -0.169245
-3.053086 -0.156953
-3.131946 -0.075103
-3.133332 -0.080237
-3.130610 0.064055
-3.123393 0.392734
-3.002423 -0.301005
-3.018522 -0.327545
-3.024288 -0.330077
3.475649 3.252023
-3.011592 -0.303549
-2.905975 -0.172489
-3.027380 0.457693
-3.012140 0.206036
-2.912006 -0.175840
-2.925060 -0.175045
-2.916508 -0.184452
-2.913711 -0.182833
-2.919113 -0.163064
-2.917401 -0.169245
-1.486986 0.359910
3.692947 3.754596
4.416277 0.472049
4.471266 0.589668
4.397004 0.480801
4.395888 0.511707
4.431012 0.527130
4.499539 0.539235
4.327191 0.571471
4.404167 0.537940
4.539958 0.296364
4.485364 0.489375
3.702013 3.772479
4.308418 0.607133
4.291369 0.358769
4.535618 0.562613
4.480499 0.598021
4.383276 0.535460
4.361730 0.453965
4.414755 0.263708
4.344701 0.361723
4.310545 0.355606
4.459071 0.551822
3.709244 3.790091
4.464372 0.526636
4.340667 0.568780
4.611371 0.579808
4.522666 0.535841
4.530464 0.379912
4.554257 0.570961
4.410693 0.563790
4.341337 0.658076
4.469622 0.447967
4.284035 0.384029
3.704870 3.776066
4.403403 0.487778
4.338184 0.544356
4.370978 0.403142
4.354805 0.405686
4.484036 0.585259
4.560023 0.457471
4.309091 0.434422
4.317016 0.633530
4.377993 0.457026
4.306900 0.291379
3.696917 3.763121
4.420032 0.377057
4.557991 0.532399
4.495891 0.495692
4.437518 0.367347
4.339968 0.535658
4.336273 0.458851
4.508068 0.338139
4.285490 0.449634
4.456763 0.420838
4.285099 0.469447
3.686219 3.747772
4.520464 0.585252
4.321853 0.668573
4.291051 0.712820
4.335062 0.698935
4.428063 0.499733
4.378942 0.444371
4.473687 0.463710
4.483203 0.296603
4.425995 0.329186
4.330820 0.409083
3.702438 3.773319
4.474964 0.647002
4.438625 0.501255
4.462474 0.557710
4.294304 0.388833
4.279015 0.426518
4.277371 0.375257
4.403202 0.382062
4.409804 0.280124
4.459729 0.466772
4.469411 0.460745
3.701870 3.762804
4.525602 0.588061
4.412033 0.269463
4.433261 0.580789
4.360261 0.386608
4.296178 0.331631
4.228781 0.379119
4.415920 0.277890
4.533961 0.572795
4.354500 0.428314
4.423454 0.480066
3.423861 3.074948
4.413305 0.296340
4.545386 0.448607
4.249752 0.527887
4.248779 0.553377
4.497642 0.572663
4.356134 0.400900
4.250595 0.682301
4.568831 0.399910
4.483525 0.367111
4.357251 0.619421
3.418124 3.056785
4.349619 0.538289
4.409878 0.567849
4.438656 0.618798
4.503565 0.423447
4.326526 0.551060
4.490367 0.564951
4.237230 0.401914
4.477761 0.381245
4.292465 0.604871
4.486282 0.614284
-3.165672 -4.501679
3.701552 3.747303
4.576035 0.402214
4.463479 0.331010
4.475394 0.428735
4.485628 0.480792
4.448477 0.268025
4.430460 0.299881
4.452298 0.428814
4.429963 0.449885
4.237053 0.390665
4.434529 0.369940
3.729134 3.801275
4.372153 0.518198
4.546237 0.373913
4.495711 0.235408
4.454632 0.438422
4.318923 0.501743
4.228618 0.282017
4.368269 0.558974
4.271063 0.533039
4.501513 0.511994
4.317955 0.293877
3.713012 3.753872
4.372898 0.503723
4.432920 0.361032
4.351862 0.411544
4.533621 0.375354
4.472537 0.430311
4.400986 0.504561
4.581564 0.346395
4.361088 0.453982
4.267626 0.441511
4.337812 0.512496
3.709222 3.769132
4.507172 0.545766
4.423288 0.500721
4.449115 0.486064
4.365309 0.562999
4.524226 0.346947
4.328883 0.443628
4.471403 0.422535
4.348685 0.439941
4.397010 0.516408
4.591472 0.385203
3.701905 3.771550
4.275100 0.343301
4.372548 0.610257
4.337543 0.528415
4.405051 0.619592
4.513717 0.486654
4.315340 0.592825
4.349976 0.497241
4.409647 0.575445
4.335603 0.546419
4.317457 0.397150
3.701648 3.777371
4.300129 0.442609
4.464961 0.411887
4.519440 0.567860
4.472823 0.643216
4.328629 0.338890
4.326406 0.495750
4.327316 0.497147
4.465213 0.397679
4.419890 0.420633
4.433416 0.402428
3.700669 3.769795
4.305921 0.461152
4.620212 0.506901
4.261601 0.411770
4.388020 0.538153
4.485957 0.309573
4.338122 0.632419
4.337658 0.468587
4.431945 0.340668
4.389265 0.462600
4.441473 0.569838
3.704100 3.772635
4.454401 0.472474
4.457136 0.470561
4.409381 0.314008
4.323293 0.547105
4.558813 0.319749
4.371313 0.587157
4.367963 0.557033
4.522507 0.572289
4.308121 0.388734
4.350469 0.420118
3.701614 3.766817
4.504683 0.589686
4.304862 0.651340
4.270195 0.576861
4.286810 0.380627
4.393848 0.525279
4.452822 0.422062
4.406077 0.427937
4.240398 0.372594
4.276430 0.523898
4.503202 0.475496
3.701069 3.776647
4.318040 0.338696
4.334989 0.430183
4.504478 0.417462
4.290851 0.528660
4.375253 0.405512
4.568348 0.587445
4.507411 0.561012
4.657087 0.415035
4.354964 0.402230
4.477432 0.505634
-3.117991 -4.586064
3.698170 3.771089
4.322353 0.520986
4.482648 0.400747
4.557406 0.483190
4.531438 0.629408
4.515409 0.531320
4.329050 0.620238
4.402445 0.577248
4.423067 0.412138
4.638582 0.489120
4.399893 0.433580
3.691462 3.827257
4.187493 0.430071
4.468020 0.439856
4.457100 0.561120
4.486762 0.403677
4.272972 0.514423
4.499131 0.578578
4.432419 0.449867
4.289796 0.344445
4.416824 0.540955
4.295762 0.512998
3.683699 3.911407
4.357850 0.360705
4.314246 0.588085
4.295893 0.373257
4.318647 0.381747
4.549219 0.553371
4.504942 0.421815
4.312478 0.524961
4.518065 0.341418
4.394844 0.319690
4.464976 0.421333
3.720441 3.796392
4.345788 0.451358
4.486920 0.295181
4.316432 0.421017
4.258389 0.544435
4.344401 0.436086
4.255316 0.586152
4.487175 0.587006
4.306433 0.436745
4.293478 0.383224
4.395706 0.429901
3.721777 3.801268
4.462763 0.560581
4.463041 0.503194
4.225968 0.414966
4.500907 0.591648
4.515837 0.524931
4.459309 0.618486
4.345532 0.337017
4.282562 0.498022
4.488616 0.338903
4.488077 0.446103
3.698567 3.749477
4.307956 0.527300
4.406942 0.466370
4.344749 0.674003
4.467191 0.468004
4.311756 0.565768
4.411241 0.572851
4.275949 0.509029
4.436758 0.577190
4.498636 0.296308
4.356940 0.431673
3.410859 3.056292
4.484177 0.572191
4.520599 0.342214
4.489810 0.317507
4.308556 0.491127
4.531164 0.530897
4.387354 0.549526
4.327031 0.400678
4.382002 0.509630
4.316357 0.536570
4.321267 0.396849
3.406094 3.040398
4.275054 0.360717
4.375416 0.558773
4.294555 0.424988
4.434261 0.518429
4.497045 0.560081
4.357436 0.493690
4.468558 0.256798
4.518685 0.598828
4.472488 0.497761
4.342958 0.392961
3.421224 3.063453
4.294977 0.354055
4.410867 0.487829
4.460297 0.631563
4.257452 0.628293
4.374140 0.398821
4.296510 0.454814
4.486879 0.409522
4.479618 0.369363
4.364352 0.425179
4.569180 0.573348
3.412014 3.041901
4.307529 0.358995
4.480040 0.363006
4.334316 0.638484
4.468528 0.601437
4.272537 0.421002
4.271437 0.491167
4.500436 0.394040
4.569943 0.560354
4.328768 0.377590
4.333196 0.401954
-1.806998 0.513105
3.418549 3.057845
4.409244 0.467220
4.412322 0.505914
4.421645 0.526924
4.507870 0.478272
4.399775 0.488543
4.410773 0.528845
4.391061 0.478096
4.304066 0.248516
4.296145 0.574434
4.312797 0.357127
3.419356 3.038010
4.338832 0.422332
4.322136 0.612112
4.412143 0.324377
4.395517 0.617299
4.450265 0.440673
4.385498 0.391000
4.259552 0.359490
4.353323 0.512259
4.412870 0.300387
4.591084 0.518445
3.416044 3.065416
4.373227 0.651522
4.381262 0.450586
4.533512 0.515960
4.536075 0.622490
4.289053 0.490096
4.564485 0.437290
4.347543 0.304843
4.353427 0.477641
4.439548 0.342158
4.537837 0.366836
3.419496 3.055337
4.237356 0.542359
4.339867 0.463373
4.299644 0.383204
4.310194 0.544421
4.477168 0.523216
4.442791 0.369552
4.393836 0.428514
4.343375 0.373373
4.315490 0.565229
4.375518 0.495993
3.413482 3.051496
4.406645 0.523881
4.366423 0.358034
4.397002 0.309697
4.546974 0.540170
4.416770 0.537526
4.319437 0.283549
4.387355 0.491072
4.257374 0.334289
4.387765 0.515549
4.496358 0.491440
3.427332 3.079856
4.315935 0.486857
4.420234 0.391180
4.401322 0.414287
4.489133 0.377010
4.288496 0.331137
4.404254 0.449592
4.490869 0.422973
4.418596 0.364205
4.473123 0.399311
4.491556 0.523811
3.416306 3.042471
4.497944 0.350238
4.404071 0.426377
4.343403 0.472250
4.383905 0.352144
4.513256 0.530811
4.445376 0.344810
4.379190 0.551560
4.388386 0.364738
4.186612 0.446599
4.490745 0.541599
3.412705 3.049332
4.370498 0.281684
4.477779 0.337700
4.545341 0.536377
4.496386 0.522551
4.467793 0.305922
4.420382 0.690721
4.322869 0.545323
4.276865 0.445574
4.464336 0.591585
4.263074 0.575665
3.467212 3.282662
4.440695 0.487549
4.380116 0.259606
4.439023 0.561724
4.280912 0.542755
4.449336 0.381938
4.405385 0.399140
4.531330 0.426646
4.381678 0.360885
4.504464 0.485300
4.285880 0.535341
3.469823 3.295260
4.497901 0.388035
4.388667 0.456039
4.241232 0.279478
4.362537 0.503871
4.468256 0.498385
4.409966 0.454079
4.405836 0.533211
4.270888 0.496914
4.446076 0.375410
4.373452 0.309910
-3.101400 0.738123
3.484370 3.338654
4.489874 0.356348
4.424512 0.518546
4.309633 0.588713
4.387941 0.583520
4.326913 0.516924
4.499847 0.582122
4.330957 0.595485
4.263522 0.423790
4.349819 0.384334
4.528346 0.504979
3.463148 3.266115
4.491401 0.502543
4.344912 0.517154
4.523335 0.297878
4.490708 0.339843
4.335919 0.526857
4.410332 0.564149
4.420436 0.361910
4.431311 0.352854
4.562593 0.533916
4.517836 0.474124
2.065628 4.882245
4.507347 0.371020
4.487785 0.410406
4.537164 0.599009
4.538280 0.449941
4.416328 0.339862
4.575553 0.423373
4.438762 0.507317
4.527100 0.461919
4.467899 0.513336
4.302825 0.406692
2.072483 4.885297
4.429828 0.388321
4.403760 0.443054
4.315178 0.467913
4.320227 0.503350
4.452191 0.581631
4.510926 0.404046
4.406199 0.214309
-2.358612 2.247503
-2.173601 2.185519
4.559904 0.465754
2.076399 4.886112
4.352331 0.347022
4.523750 0.422121
4.462121 0.265188
4.498471 0.593919
4.321826 0.452147
4.402607 0.394052
4.480020 0.386570
4.496460 0.489222
4.574257 0.638400
4.520231 0.528285
2.070190 4.878578
4.212569 0.389186
4.475919 0.315498
4.440360 0.561261
4.292976 0.391443
4.471881 0.284355
4.237759 0.396947
4.585660 0.446669
4.510997 0.538338
4.499361 0.342955
4.346139 0.550943
2.109358 4.895601
4.470291 0.550330
4.231529 0.430710
4.416032 0.277751
4.445283 0.627397
4.471292 0.590690
4.598262 0.446403
4.323204 0.578176
4.466288 0.350334
4.296910 0.582887
4.420897 0.481146
2.073993 4.882422
4.368881 0.440622
4.354756 0.597086
4.379640 0.291939
4.322545 0.334801
4.329750 0.537748
4.462543 0.606686
4.523557 0.503284
4.237850 0.554686
4.568305 0.380462
4.303105 0.514374
1.127698 4.616179
4.442795 0.495265
4.458948 0.593056
4.349279 0.380560
4.482200 0.526443
4.502236 0.333212
4.511761 0.548056
4.241252 0.489822
4.452737 0.590482
4.249262 0.392430
4.302973 0.477752
1.333315 4.682887
4.569211 0.576657
4.484918 0.455051
4.520514 0.366389
4.472510 0.454079
4.560407 0.568181
4.504167 0.560971
4.293080 0.630265
4.319574 0.486901
4.343124 0.298123
4.488442 0.357974
