4475 2
0.773071 0.259587
0.748329 -0.731056
1.577940 0.414757
-2.558889 5.718626
-2.604294 -3.892050
-2.667341 -3.858497
-2.304369 -3.955298
-2.601850 -3.744147
-2.588966 -3.815328
-2.589553 -4.010832
-2.582760 -4.086861
-2.471955 -3.839549
-2.393282 -3.923268
-2.329747 -4.058496
-2.567097 5.736510
-2.507774 -4.017865
-2.379036 -3.694404
-2.587730 -3.754377
-2.354116 -3.779421
-2.425589 -3.838892
-2.524480 -3.748784
-2.317517 -3.828322
-2.594101 -3.822289
-2.473256 -3.897423
-2.553932 -3.850040
-2.560516 5.716895
-2.545282 -3.876026
-2.572315 -3.865828
-2.554405 -3.822009
-2.579173 -3.984681
-2.266015 -3.570808
-2.595845 -3.983513
-2.349436 -3.972956
-2.393051 -3.907819
-2.366303 -3.648681
-2.512384 -3.714705
-2.557915 5.722552
-2.416555 -3.995381
-2.549096 -3.953202
-2.393070 -3.848575
-2.579808 -3.839018
-2.411674 -3.967295
-2.504213 -4.032263
-2.403297 -3.777397
-2.376365 -3.789937
-2.340302 -3.786095
-2.613525 -3.997499
-2.557011 5.723952
-2.505239 -3.800043
-2.415720 -3.962263
-2.661279 -3.835551
-2.645255 -3.771172
-2.548665 -3.994687
-2.455441 -3.855634
-2.381381 -3.721840
-2.680082 -4.006123
-2.677800 -3.968208
-2.241357 -3.986487
-2.559492 5.719405
1.354796 0.464094
1.370877 0.501712
1.433636 0.532303
1.367507 0.476321
1.376849 0.481458
1.416210 0.492973
0.175456 0.626069
1.502122 0.470829
1.409633 0.491446
1.439393 0.527135
-2.556946 5.723753
1.470511 0.544054
1.456578 0.533341
1.383441 0.492227
1.477688 0.543674
1.618174 0.413736
1.618531 0.458168
1.583191 0.439902
1.583599 0.445917
1.295849 0.589367
1.064208 1.811633
-2.572557 5.708386
1.584846 0.424965
1.567468 0.442826
1.404594 0.241485
1.581543 0.444598
1.589462 0.425298
1.548948 0.415828
1.581472 0.442556
1.610266 0.383716
1.663690 0.433707
1.734919 0.456766
-2.562585 5.715724
2.424049 -1.845913
1.689914 0.204854
1.780312 2.363258
1.793196 2.364588
1.779098 2.364880
1.801032 2.381124
1.772198 2.375690
1.800103 2.368175
1.790073 2.370967
1.795630 2.374641
-2.558242 5.708853
1.787760 2.351727
1.790340 2.368498
1.796637 2.351417
1.779925 2.359251
1.788393 2.352649
1.767572 2.338068
1.782668 2.365364
1.791916 2.357990
1.580281 2.797307
1.573029 2.799242
1.584576 0.400772
-2.555776 5.739740
1.579376 2.796653
1.590382 2.810107
1.575468 2.797745
1.587813 2.804049
1.568777 2.797539
1.596046 2.788439
1.587786 2.795841
1.586598 2.797254
1.585111 2.797156
1.596120 2.788561
-2.597839 5.768255
1.576986 2.789456
1.575601 2.797882
1.579123 2.787691
1.605875 2.233678
1.597963 2.209625
1.599810 2.216989
1.601689 2.219638
1.593745 2.211576
1.603676 2.220168
1.596716 2.214967
-2.572681 5.741101
1.601461 2.199230
1.594610 2.215791
1.577848 2.195200
1.614460 2.236277
1.600206 2.220471
1.580930 2.188588
1.131538 5.196445
1.112110 5.178973
1.145969 5.209476
1.101293 5.158097
-2.556027 5.721575
1.160091 5.175071
1.138010 5.137098
1.152159 5.186135
1.145577 5.201842
1.097165 5.245818
1.137052 5.189754
1.173764 5.179114
1.080006 5.181614
1.129189 5.197319
1.166802 5.200180
-2.505787 5.782438
1.186069 5.251200
1.113853 5.194710
1.125040 5.216151
1.151791 5.216761
1.100398 5.154392
1.150115 5.213677
1.095337 5.152843
1.128429 5.175889
1.093203 5.157342
1.175002 5.229725
-2.469020 5.822246
1.169220 5.235342
1.129074 5.190485
1.144666 5.183234
1.108152 5.209275
1.135458 5.194732
1.132104 5.189272
1.125758 5.190804
1.148843 5.205638
1.138560 5.201394
1.092735 5.234737
-2.483453 5.811727
1.115839 5.176549
1.133393 5.195068
1.145816 5.212582
1.133355 5.197646
1.156640 5.169686
1.102731 5.153039
1.155155 5.217432
1.125972 5.206822
1.131080 5.186033
1.140448 5.193301
-2.540167 5.738055
1.106892 5.210983
1.135505 5.194519
1.148146 5.207565
1.148951 5.241881
1.171391 5.232096
1.133364 5.193660
1.153384 5.216486
1.133142 5.185014
1.123370 5.183136
1.652479 2.439455
-2.543555 5.739282
-2.569638 1.842092
-2.574470 1.828672
-2.500716 1.877065
-2.520384 1.886091
-2.578982 1.796990
-2.458165 1.799105
-2.587333 1.822751
-2.541502 1.873787
-2.521567 1.849921
-2.530815 1.819802
-2.555997 5.704496
-2.582130 1.813501
-2.581780 1.813988
-2.576507 1.836574
-2.569217 1.833792
-2.583550 1.882440
-2.540717 1.892141
-2.592169 1.826000
-2.558172 1.853666
-2.574093 1.863784
-2.595356 1.855545
0.424803 0.007086
-2.540837 5.724226
-2.921102 1.498538
-3.474804 1.028371
-2.498656 1.780909
-2.564052 1.812788
-2.598985 1.831821
-2.546386 1.862140
-2.645440 1.922050
-2.543782 1.855020
-2.602687 1.794677
-2.529273 1.680887
-2.556858 5.721770
-2.531700 1.815306
-2.582193 1.820936
-2.562800 1.845026
-2.538593 1.810344
-2.547014 1.865211
-2.581254 1.839039
-2.534321 1.811888
-2.539373 1.881504
-2.570857 1.855545
-2.533404 1.780895
-2.577888 5.729121
-2.536395 1.818170
-2.527229 1.888226
-2.617642 1.902992
-2.553592 1.833838
-2.508991 1.831128
-2.549291 1.840053
-2.557769 1.845479
-2.505738 1.889714
-2.553688 1.869485
-2.623398 1.804634
-2.577859 5.715072
-2.546029 1.843520
-2.543178 1.843176
-2.597209 1.851158
-2.586540 1.818103
-2.547140 1.862337
-2.563227 1.855785
-2.622863 1.769325
-2.568990 1.842239
-2.508766 1.880248
-2.586221 1.816241
-2.532838 5.738665
-2.577959 1.846531
-2.547223 1.829351
-2.587759 1.844961
-2.586579 1.813581
-2.550660 1.838661
-2.532362 1.859093
-2.547859 1.857201
-2.566964 1.870918
-2.562768 1.840016
-2.595835 1.801128
-2.528965 5.728309
-2.545481 1.816693
-2.575617 1.838399
-2.600199 1.874637
-2.281116 1.863075
-2.309359 1.493518
-2.557767 1.873284
-2.571531 1.854400
-2.541456 1.811461
-2.575818 1.856860
-2.557832 1.854685
-2.535789 5.735917
-2.607443 1.807177
-2.604660 1.869341
-2.577935 1.852918
-2.542150 1.883767
-2.566084 1.853994
-2.498603 1.782462
-2.578864 1.855765
-2.620705 1.840963
-2.589742 1.852349
-2.532481 1.806107
-2.528392 5.744905
-2.517988 1.845671
-2.508848 1.813657
-2.532967 1.832040
-2.571044 1.828463
-2.727553 1.973851
-2.692478 1.947509
-2.740421 1.993239
-2.702468 1.960153
-2.581612 1.841152
-2.412876 2.184331
-2.539495 5.721138
0.859610 -2.816060
-2.600215 1.811711
-2.571986 1.857031
-2.588418 1.863871
-2.617913 1.883200
-2.567874 1.837456
-2.508755 1.800457
-3.120317 2.143569
-3.127874 2.144596
-3.140650 2.149594
0.745147 -0.742839
-3.122200 2.137916
-3.164461 2.181194
-3.136567 2.151116
-3.135612 2.153374
-3.163163 2.182104
-3.098864 2.168736
-3.139246 2.153582
-3.119715 2.132075
-3.154641 2.177904
-3.131767 2.144103
-1.056239 1.987071
0.742982 -0.744263
-3.130884 2.150683
-3.123540 2.140300
-3.139817 2.155422
-2.587824 1.816781
-2.481279 1.775839
-2.552034 1.836871
-2.568532 1.837850
-2.614719 1.883408
-2.574010 1.835830
-2.566683 1.886103
0.730115 -0.735155
-2.504382 1.896304
-2.571548 1.835829
-2.619762 1.901793
-2.535604 1.831133
-2.534094 1.881120
-2.604040 1.889342
-2.595009 1.804698
-2.538814 1.824219
-2.517132 1.845744
-2.557401 1.853572
0.958090 -0.664467
-2.592425 1.881193
-2.519464 1.896155
-2.616163 1.899624
-2.544886 1.805192
-2.543756 1.818901
-2.559948 1.854533
-2.531785 1.828314
-2.598724 1.804683
4.307467 1.822843
4.363245 2.015304
1.701363 -0.400317
4.391035 2.074120
4.387448 2.089863
4.395970 2.124624
4.371688 2.029896
4.373590 2.040267
4.371504 2.035132
4.372907 2.030411
4.369839 2.029511
3.807511 1.573813
4.290291 1.804763
0.749375 0.219474
4.297823 1.811267
4.357647 1.871984
4.283455 1.795897
4.282708 1.825642
4.294311 1.806156
4.355436 1.869515
4.335821 1.854318
4.283027 1.793273
4.326756 1.848116
4.298100 1.816470
0.625543 -1.115710
4.302732 1.817442
4.305270 1.799906
4.309432 1.828408
4.305657 1.816905
4.307277 1.819569
4.309021 1.818684
4.315844 1.822755
4.298744 1.807444
4.324443 1.824814
4.291044 1.808110
0.507214 -1.872306
4.279093 1.797359
4.316409 1.846778
4.287735 1.802987
4.299574 1.819700
4.310971 1.828576
4.307164 1.820433
4.303735 1.819773
4.287685 1.803005
4.325720 1.840397
2.351713 -0.433787
1.001846 -0.094115
2.395349 -0.419102
-4.766546 -1.033579
-4.790751 -1.001018
-4.759578 -1.028232
-4.722519 -0.977085
-4.763015 -1.013111
-4.728701 -1.089146
-4.819447 -1.080640
-4.772341 -1.007444
-4.829406 -1.096467
1.217122 0.370588
-4.729313 -0.977783
-4.762741 -1.035455
-4.797945 -1.060559
-4.801787 -1.028689
-4.801934 -1.084407
-4.804495 -1.085811
-4.736324 -1.072903
-4.763048 -0.978341
-4.750188 -0.935152
-4.794470 -1.040323
0.924388 0.104267
-4.739883 -0.994183
-4.834975 -1.118294
-4.770501 -1.055294
-4.793464 -1.062832
-4.744580 -0.970210
-4.792816 -0.989971
-4.725489 -1.065071
-4.804560 -0.987010
-4.754601 -1.033048
-4.773441 -1.069038
-1.187925 2.145294
0.923401 0.114040
-4.786355 -1.031797
-4.738519 -1.050946
-4.814291 -1.043923
-4.701451 -1.093739
-4.713463 -1.009531
-4.692949 -0.941763
-4.733976 -1.033304
-4.755881 -1.032051
-4.679494 -0.976478
-4.677530 -1.116246
0.747732 -0.750930
-4.823773 -1.006876
-4.751473 -1.094361
-4.714551 -0.986578
-4.796200 -1.087362
-4.793654 -1.078806
-4.710464 -1.102740
-4.832533 -0.945581
-4.786702 -1.091037
-4.748449 -1.043810
-4.772606 -1.043957
0.690544 -0.771788
-4.740950 -1.004017
-4.768430 -1.029220
-4.744075 -1.041948
-4.804689 -0.988521
-4.738407 -1.000008
-4.792345 -0.967079
-4.764325 -1.031554
-4.760497 -1.045809
-4.724428 -1.069495
-4.712080 -0.975681
0.652183 -0.797867
-4.728082 -1.012300
-4.753251 -1.022297
-4.845879 -0.980673
-4.799011 -1.014081
-4.714739 -0.973356
-4.713109 -1.055325
-4.720728 -1.000398
-4.749290 -1.090532
-4.776945 -1.056035
-4.742481 -1.063999
0.671609 -0.798236
-4.717948 -1.073816
-4.837261 -0.949077
-4.826106 -1.074840
-4.687776 -0.943028
-4.767643 -1.084170
-4.689621 -0.980696
-4.694799 -0.932396
-4.820263 -0.963935
-4.726601 -1.091489
-4.732667 -0.989034
0.749492 -0.718601
-4.768152 -0.969816
-4.804850 -1.090724
-4.832253 -1.005333
-4.734773 -0.987819
-4.859245 -0.958209
-4.794682 -1.049909
-4.736098 -1.014513
-4.774673 -1.029114
-4.803202 -0.962685
-4.728737 -1.057516
0.753109 -0.745145
-4.759120 -1.020524
-4.776768 -1.086420
-4.809067 -1.072075
-4.749568 -1.012519
-4.809962 -1.024648
-4.792180 -1.060785
-4.785724 -1.035247
-4.784972 -0.977703
-4.816212 -1.067318
-4.800742 -0.991178
0.725384 -0.749396
-4.771327 -1.057034
-4.728330 -1.087110
-4.719286 -1.000777
-4.746973 -1.015639
-4.775995 -1.077025
-4.742858 -1.089492
-4.748634 -1.043641
-4.316582 -0.963564
-4.300042 -0.960944
-4.286313 -0.957439
0.742587 -0.737409
-4.272171 -0.954279
-4.299944 -0.956701
-4.304315 -0.960306
-4.306680 -0.961419
-4.301865 -0.961842
-4.308936 -0.962130
-4.771177 -1.029906
-4.700692 -1.112826
-4.719222 -0.996533
-4.737918 -0.956796
0.729927 -0.748902
-4.791706 -1.025379
-4.773467 -1.031244
-4.796994 -0.998140
-4.740235 -1.026086
-4.756646 -1.033599
-4.753333 -1.084546
-4.775776 -1.099290
-4.752510 -1.025239
-4.728625 -0.994362
-4.815753 -1.068212
2.250661 2.830108
0.735006 -0.745536
-4.745986 -1.077989
-4.757697 -1.020552
-4.817802 -1.002531
-4.752581 -0.977118
-4.803084 -0.978585
-4.814270 -1.072666
-4.776367 -1.011693
-4.745839 -1.049301
-4.860631 -1.124751
1.754349 -0.405265
1.337900 0.040984
-4.801911 -1.064444
-4.762288 -1.036552
-4.725513 -1.022867
-4.822790 -1.071611
2.930095 -1.585241
2.862098 -1.615861
2.414740 -1.829863
2.434171 -1.831416
2.429849 -1.820236
2.422372 -1.832286
1.297117 0.281846
2.436368 -1.839508
2.429158 -1.829021
2.430867 -1.826562
2.417377 -1.829744
2.426792 -1.826407
2.429755 -1.830408
2.405147 -1.809465
2.431638 -1.815438
2.416343 -1.829185
-1.497593 0.385682
3.570451 0.054013
-1.503153 0.349175
-1.484694 0.365542
-1.458467 0.450113
-1.417029 0.515352
-1.480225 0.353060
-1.495032 0.379690
2.797666 -2.141118
2.962809 -2.160352
2.829468 -2.152513
2.828795 -2.143649
1.291252 0.239081
2.834530 -2.148694
2.820468 -2.142242
2.820086 -2.139657
2.837771 -2.140374
2.826304 -2.148368
2.852134 -2.155340
2.799058 -2.123263
2.800121 -2.127353
2.840979 -2.154483
2.825575 -2.142713
1.364649 0.054287
2.824131 -2.137387
2.815126 -2.141500
2.634815 -2.340601
2.638022 -2.354184
2.674183 -2.370564
2.685904 -2.380865
2.638773 -2.364006
2.411856 -2.441313
1.234577 -1.930095
2.390768 -2.466077
1.510945 0.288826
2.633106 -2.353469
2.656178 -2.349219
2.668309 -2.358769
2.423257 -1.834970
2.111120 -1.815990
2.233076 -1.823405
2.428078 -1.841021
2.415995 -1.836972
2.432004 -1.837455
2.459495 -1.822734
1.680416 2.427678
2.433967 -1.832651
2.423023 -1.801545
2.417218 -1.818881
2.259241 -2.139890
2.071565 -2.440599
2.416002 -1.837544
2.190071 -1.902268
1.937755 -2.099425
2.111758 -1.818487
2.432991 -1.839009
1.778560 -0.132902
2.429280 -1.828075
2.563595 -1.804850
2.716803 -1.766714
3.165565 1.214517
3.127750 1.209548
3.094653 1.149062
3.157903 1.201020
3.197340 1.152681
3.127806 1.198872
3.142046 1.210266
-2.271444 -0.582250
3.151657 1.138950
3.074517 1.263177
3.119026 1.238397
3.131293 1.202252
3.118630 1.177556
3.110271 1.166126
3.239326 1.292912
3.199178 1.177303
3.183613 1.225092
3.111500 1.149528
-1.873114 3.296354
3.536187 0.023589
3.125216 1.179110
3.173404 1.216035
3.178509 1.241372
3.134372 1.181292
3.184073 1.221355
3.181842 1.223510
3.146783 1.180489
3.124894 1.171999
3.123455 1.223930
3.150518 1.217038
3.602164 0.074337
3.155199 1.183373
3.180735 1.237260
3.102550 1.248810
3.174556 1.170259
3.155205 1.194477
3.111017 1.164499
3.157520 1.206298
3.139309 1.210607
3.131726 1.162967
3.151796 1.184962
-1.835234 3.635993
3.153357 1.194877
3.152354 1.210906
3.142619 1.259436
3.155873 1.231130
3.152034 1.200334
3.144910 1.143433
3.147833 1.200112
3.142063 1.197198
3.159794 1.183017
3.155238 1.183543
-1.838125 3.628438
3.179851 1.228367
3.161275 1.208139
3.082117 1.122734
3.170159 1.231516
3.182430 1.176724
3.154291 1.226519
3.130648 1.205233
3.181157 1.173820
3.127874 1.212561
3.139498 1.179268
-1.834659 3.649803
4.115217 0.893615
3.159452 1.222157
3.151510 1.193288
3.122321 1.190710
3.184411 1.218749
3.104303 1.243573
3.137743 1.170741
3.108017 1.240851
3.172127 1.187092
3.153884 1.139636
0.987573 0.535292
3.149989 1.186327
3.136302 1.209938
3.184326 1.200386
3.163680 1.191856
3.195290 1.168514
3.147560 1.203877
3.152746 1.197610
3.153209 1.181567
3.144180 1.195494
3.117918 1.205217
0.778436 0.310983
3.104544 1.184931
3.133576 1.199501
3.156023 1.192426
3.163761 1.209802
3.173056 1.211179
3.135900 1.200846
3.021380 1.189698
3.119834 1.173243
3.129285 1.213300
3.127980 1.180692
3.659782 -1.008106
4.392956 0.926334
4.358013 0.924893
4.334844 0.910038
4.488139 0.950233
4.507997 0.955987
4.506558 0.956456
4.568549 0.977621
4.585090 0.983930
4.586526 0.983430
4.588133 0.984105
3.561899 -1.186756
4.417491 0.936501
4.430389 0.945704
4.415793 0.935555
4.436520 0.942919
4.408184 0.930830
4.423205 0.942812
4.284291 0.865243
4.275081 0.849867
4.284024 0.863406
4.298518 0.866983
3.563383 -1.211854
4.327131 0.868369
4.286535 0.881914
4.264261 0.871040
4.247921 0.857696
4.299405 0.894560
4.324264 0.927894
2.393146 4.061499
2.391033 4.059217
2.384045 4.074344
2.411169 4.073469
-1.904249 3.316355
3.565754 -1.197769
2.394124 4.055918
2.403291 4.046820
2.390625 4.056220
2.393723 4.063039
2.387388 4.052784
2.287139 3.971816
2.283593 3.971796
2.274126 3.963699
2.261054 3.947503
2.264420 3.954866
3.552215 -1.218154
2.378442 4.074671
2.339369 4.047773
2.413549 4.049500
2.428161 4.066874
2.395177 4.058903
2.386930 4.051516
2.399794 4.080485
2.430957 4.012517
2.391262 4.116533
2.388340 4.105318
3.558967 -1.193215
2.406905 4.022576
2.403703 4.055982
2.383153 4.054548
2.439369 4.092752
2.404491 4.065850
2.393821 4.044534
2.377606 4.065615
2.399114 4.032505
2.392747 4.051505
2.392574 4.053953
3.130116 -1.470878
2.396698 4.062495
2.393934 4.052851
2.407266 4.031653
2.348898 4.015988
2.374543 4.073982
2.383217 4.029225
2.391334 4.054471
2.391551 4.054252
2.377817 4.059693
2.398989 4.048090
3.369841 -1.316811
2.393432 4.048311
2.401539 4.061761
2.371183 4.038069
2.385201 4.065066
2.426346 4.039501
2.399924 4.044893
2.410893 4.058601
2.390388 4.081913
2.402319 4.074950
2.360266 4.079462
3.657541 -1.012594
2.393704 4.056047
2.408586 4.059589
2.386657 4.066575
2.355720 4.081166
2.394516 4.055863
2.396975 4.051477
2.380230 4.037560
2.406636 4.036532
2.590805 5.288463
2.606673 5.305796
3.564196 -1.191366
2.644793 5.327355
2.566000 5.301639
2.567068 5.298062
2.588378 5.294971
2.667882 5.342954
2.574480 5.288471
2.550646 5.262855
2.591839 5.294693
2.556533 5.327861
2.556791 5.250631
3.563044 -1.186855
2.578923 5.267671
2.647224 5.226311
2.651378 5.341341
2.592914 5.282333
2.571459 5.262975
2.624367 5.235424
2.567689 5.312065
2.543708 5.321757
2.610804 5.305185
2.541285 5.272701
3.557147 -1.202048
2.562832 5.247966
2.565421 5.269397
2.580508 5.302035
2.542882 5.251940
2.560758 5.249745
2.576959 5.290624
2.597930 5.303555
2.542567 5.239763
2.589876 5.295499
2.596698 5.279863
3.564674 -1.198274
2.571425 5.308456
2.626879 5.324275
2.582946 5.285258
2.559608 5.272343
2.639165 5.359652
2.565358 5.286663
2.608820 5.264540
2.561047 5.329312
2.615646 5.267916
2.587788 5.286583
-1.887184 3.318048
3.556186 -1.197246
2.563450 5.267275
2.645972 5.229240
2.596446 5.298048
2.590353 5.259177
2.555714 5.249383
2.579503 5.296003
2.582566 5.300454
2.570142 5.299027
2.562815 5.274102
2.601405 5.270468
3.555928 -1.204210
2.537507 5.232817
2.612012 5.304450
2.591878 5.262654
2.577140 5.252172
2.571940 5.267797
2.621495 5.256116
2.603215 5.311033
2.605080 5.297179
2.585195 5.273178
2.586093 5.296165
3.543085 -0.833305
2.595464 5.279004
2.582279 5.290565
2.603344 5.297326
2.627964 5.250556
2.596831 5.297529
2.664247 5.367058
2.580367 5.282758
2.599984 5.297430
2.593406 5.304499
2.632049 5.319971
3.555281 -0.831746
2.626358 5.338730
2.558309 5.264210
2.613296 5.305614
2.606186 5.277477
2.565438 5.312574
2.590995 5.325073
2.589480 5.283502
2.574187 5.270640
2.587428 5.271782
2.596595 5.290950
3.537143 -0.825232
2.602190 5.296958
2.630859 5.335104
2.591881 5.272483
2.549857 5.266442
2.615772 5.316466
2.582325 5.283079
2.561761 5.204798
2.581069 5.304781
2.532938 4.983261
2.599361 5.270949
3.539710 -0.830893
2.590026 5.245037
3.617385 3.319202
3.676110 3.259333
3.616985 3.311513
3.621211 3.304938
3.619174 3.316010
3.613683 3.335424
3.633734 3.307871
3.598345 3.332533
3.619247 3.315824
3.541434 -0.825715
3.594553 3.342163
3.623448 3.312753
3.631527 3.303791
3.610118 3.327522
3.619962 3.317706
3.624820 3.298658
3.615877 3.316525
3.637165 3.296595
3.619786 3.315695
3.623273 3.318518
3.532066 -0.812897
3.618219 3.315879
3.621601 3.313981
3.638632 3.296494
3.635987 3.303988
3.622339 3.304893
3.626499 3.310561
3.623365 3.313704
3.623253 3.313149
3.619061 3.319411
3.625733 3.311461
3.438640 -0.774953
3.618525 3.317166
3.100568 3.655782
-0.555552 0.604541
-0.985469 0.731446
-1.017668 0.722753
-1.009589 0.734907
-1.006355 0.743798
-0.998979 0.746343
-1.023166 0.733080
-1.022516 0.745027
3.539360 -0.821888
-1.014930 0.740180
-1.021246 0.749105
-0.800478 0.523804
-0.825536 0.512418
-0.537350 0.652188
-0.784996 0.527863
-0.811496 0.521227
-0.801446 0.541080
-0.518483 0.618969
-0.738259 0.364340
2.348707 2.407708
3.541666 -0.828195
-0.732250 0.350539
-0.753672 0.335483
-0.743578 0.360909
-0.745875 0.358582
-0.741837 0.358561
-0.858785 1.006193
-0.887453 1.033130
-0.881566 1.036226
-0.877815 1.044707
-0.881400 1.023770
3.543271 -0.829003
-0.884642 1.039892
-0.873050 1.021864
-0.595291 0.683775
-0.607224 0.712091
-0.541503 0.641261
-0.505993 0.734060
-1.599128 -0.163098
-1.598595 -0.163264
-1.602382 -0.163881
-1.607859 -0.174832
3.545920 -0.831450
-1.608012 -0.168875
-1.602979 -0.166330
-1.594230 -0.163486
-1.601401 -0.165775
-1.619438 -0.182827
-1.595166 -0.158060
-1.608209 -0.167398
-1.599288 -0.164147
-1.606858 -0.169379
-1.585831 -0.148829
3.539721 -0.829757
-1.615751 -0.177404
-1.602798 -0.166643
-1.635761 -0.190364
-1.598534 -0.161703
-1.605057 -0.168942
-1.603826 -0.169192
-1.600279 -0.163781
-1.608850 -0.172320
-1.604679 -0.167457
-1.588021 -0.161088
3.530269 -0.821806
-0.223255 0.478321
-0.239685 0.485340
-1.425965 0.527521
-1.437152 0.509939
-1.428567 0.512660
-1.436149 0.511686
-1.442749 0.506620
-1.440680 0.519159
-1.433868 0.511890
-1.444062 0.503554
3.532606 -0.817287
-1.437442 0.500718
-1.434238 0.515018
-1.442225 0.505031
-1.424444 0.512139
-1.432394 0.512812
-1.441430 0.507631
-0.659082 -0.389207
-0.657218 -0.394546
-0.658926 -0.385306
-0.006074 0.667496
3.651324 -1.003509
0.007209 0.667709
-1.417660 0.531512
-1.428224 0.515723
-0.171967 1.145730
-0.464870 0.628728
-0.579885 0.712184
-0.205486 1.115368
-0.175821 1.149179
-0.525554 0.714341
-0.532827 0.738336
1.411447 1.000167
-0.188135 1.138290
-0.188042 1.132379
-0.178991 1.147632
-0.187358 1.135239
-0.195677 1.125113
-0.717132 0.984711
-1.722419 2.647358
-0.543443 0.683207
-0.529124 0.733789
-0.957684 0.511138
1.412641 0.995501
-0.968374 0.522633
-0.998924 0.470375
-0.962582 0.520731
-0.975321 0.505925
-0.971766 0.509024
-0.958025 0.530197
-0.966967 0.517342
-0.576933 0.668568
-0.969234 0.885433
-0.977295 0.897660
1.402033 0.981448
-0.963031 0.894709
-0.947713 0.876829
-0.977680 0.889127
-0.978138 0.902481
-0.956702 0.870423
-0.590943 0.624188
-0.557205 0.674583
-0.609874 0.709975
-0.499714 0.730411
-0.552665 0.696931
-0.568275 -0.241698
2.314289 1.946353
1.400109 0.989619
-0.582435 0.660238
-0.530692 0.726033
-0.459970 0.626200
-0.524816 0.675041
-0.560230 0.677524
-0.502565 0.741781
-0.579485 0.703321
-0.564323 0.671670
-0.606337 0.643705
-0.572647 0.682252
1.416708 1.020686
-0.565649 0.704772
-0.540461 0.680525
-0.497523 0.691952
-0.548057 0.620396
-0.525984 0.645016
-0.617422 0.690882
-0.582579 0.651769
-0.539630 0.654250
-0.531436 0.656811
-0.512329 0.690833
1.413204 0.998598
-0.473841 0.653140
-0.560242 0.722124
-0.617700 0.774290
-0.542978 0.697226
-0.595743 0.652196
-0.606631 0.666374
-0.576852 0.699514
-0.607416 0.652104
-0.577596 0.705961
-0.509942 0.715734
1.406722 0.999497
-0.452237 0.652912
-0.564959 0.652787
-0.472503 0.682562
-0.559999 0.640999
-0.515250 0.702589
-0.535145 0.764964
-0.534577 0.653125
-0.571067 0.671956
-0.503928 0.629301
-0.558298 0.723159
1.415008 0.990161
-0.570159 0.657132
-0.626900 0.636051
-0.622300 0.651781
-0.560584 0.730287
-0.601306 0.733105
-0.582181 0.641203
-0.533018 0.673623
-0.649164 0.828035
-0.659278 0.883602
-0.727342 0.893200
1.423561 0.995683
-0.458769 0.881100
-0.414019 0.958512
-0.441368 0.905803
-0.609679 0.656822
-0.630026 0.599248
-0.603605 0.735012
-0.565158 0.617044
-0.521234 0.727067
-0.501292 0.622055
-0.576741 0.685902
1.409388 0.995427
-0.547780 0.692620
-0.655333 0.716328
-0.593675 0.715809
-0.499415 0.707730
-0.491792 0.731260
-0.626155 0.705863
-0.519621 0.723771
-0.542785 0.714910
-0.606210 0.628970
-0.607619 0.633521
1.426489 1.016225
-0.569097 0.676051
-0.555603 0.644224
-0.520979 0.624325
-0.590636 0.628565
-0.490352 0.619350
-0.608895 0.718504
-0.538424 0.650421
-0.591854 0.656244
-0.545752 0.665617
-0.506807 0.742949
1.402977 1.002700
-0.498711 0.709559
-0.567547 0.703250
-0.557792 0.662212
-0.615179 0.706870
-0.559957 0.696961
-0.580118 0.721787
-0.544576 0.672178
-0.533093 0.698306
-0.573259 0.706586
-0.604325 0.688462
1.058031 0.536174
-0.609887 0.702709
-0.609208 0.730310
-0.550254 0.640300
-0.560401 0.675240
-0.476996 0.716116
-0.580802 0.671960
-0.584630 0.624532
-0.573731 0.704702
-0.545267 0.694434
-0.596431 0.673830
1.821233 1.031095
-2.558969 1.841714
-0.599163 0.781734
-0.578306 0.712285
-0.571843 0.698459
-0.539591 0.759960
-0.528891 0.668431
-0.595785 0.746153
-0.619542 0.723038
-0.478704 0.748425
-0.577201 0.647409
-0.564208 0.661497
1.045539 0.505934
-0.569083 0.710098
-0.526200 0.677835
-0.560508 0.612928
-0.532179 0.645751
-0.604734 0.751174
-0.537067 0.646357
-0.536331 0.711594
-0.604821 0.645801
-0.600536 0.624182
-0.480365 0.631692
1.038731 0.678409
-0.592531 0.655179
-0.621833 0.664692
-0.582307 0.689258
-0.594557 0.646355
-0.543516 0.648988
-0.546746 0.718582
-0.580692 0.693955
-0.611285 0.697890
-0.577420 0.704569
-0.536454 0.635578
1.045951 0.696218
-0.556325 0.818395
-0.590725 0.707204
-0.557278 0.681998
-0.621299 0.626503
-0.621386 0.914435
-0.580123 0.707433
-0.499927 0.658686
-0.577841 0.662071
-0.602255 0.676005
-0.643011 0.679732
1.030710 0.495191
-0.541219 0.624242
1.661788 -1.576725
1.619380 -1.559893
1.610634 -1.635194
1.664116 -1.580382
1.631569 -1.539483
1.658180 -1.577580
1.653929 -1.574022
1.649711 -1.562936
1.656922 -1.588994
1.007341 0.520146
1.775279 -1.371158
1.665616 -1.569994
1.643125 -1.578926
1.656512 -1.573104
1.686291 -1.563022
1.645092 -1.600682
1.085728 -1.564388
1.666144 -1.611673
1.667692 -1.574853
1.648621 -1.583020
1.041595 0.504061
1.711652 -1.557948
1.664976 -1.581539
1.655313 -1.569786
1.688995 -1.590966
1.660050 -1.575278
1.656306 -1.580349
1.672752 -1.595699
1.645384 -1.626348
1.647212 -1.648101
1.675869 -1.579316
1.057204 0.560128
1.689450 -1.555805
1.657460 -1.578198
1.626545 -1.549124
1.651415 -1.576099
1.673956 -1.565196
1.647325 -1.585965
1.643506 -1.599768
1.660836 -1.586771
1.649186 -1.591102
1.657591 -1.581367
1.019978 0.520848
1.669238 -1.593332
1.637589 -1.601372
1.659162 -1.552152
1.681722 -1.598022
1.653969 -1.579140
1.667735 -1.576981
-3.479301 1.023672
-3.496971 1.036266
1.791828 2.848125
2.275871 2.845936
1.057393 0.550370
2.249025 2.841519
2.248378 2.838637
2.264983 2.840520
2.277996 2.847109
2.305754 2.887607
2.274592 2.831126
2.270247 2.849961
2.265245 2.837124
2.254379 2.839309
2.267322 2.845426
4.885218 -1.169396
0.989686 0.515804
2.277622 2.830756
2.261094 2.838026
2.269928 2.837971
2.281581 2.852221
1.885021 2.803942
1.919277 2.821396
1.921246 2.808443
1.933494 2.805459
1.931852 2.825040
1.904878 2.811729
1.062847 0.463190
1.917194 2.815856
1.932339 2.813774
1.918954 2.844218
1.906074 2.821466
1.901978 2.818878
1.915276 2.810278
1.912675 2.809295
1.907888 2.813062
1.910497 2.811722
1.907366 2.814275
1.092356 0.487020
1.900329 2.812374
2.281217 2.866021
2.286046 2.841448
1.907708 2.810786
0.235585 -0.180170
2.290350 2.853331
2.278907 2.849806
2.235061 2.826487
0.938701 2.771818
0.961160 2.800349
1.060213 0.564761
0.951960 2.799971
0.940132 2.776911
0.891181 2.721800
1.136424 2.864808
0.926714 2.757062
1.260487 2.854450
1.230035 2.857801
0.903170 2.748873
0.963082 2.802062
1.219083 2.858724
1.025927 0.497292
0.914697 2.754423
1.028583 2.856872
0.951750 2.789855
0.952513 2.788041
0.934114 2.779951
0.951650 2.786135
0.929431 2.761002
0.945125 2.775118
0.976409 2.811796
0.887309 2.718166
1.002089 0.466247
0.961986 2.800124
0.943530 2.777339
0.956721 2.789299
0.915654 2.743097
0.910423 2.749063
0.961653 2.796530
0.950062 2.784391
0.936111 2.766664
0.983395 2.815971
0.944582 2.772786
1.071438 0.500182
0.952396 2.786875
0.918040 2.751868
0.924323 2.767702
0.926741 2.760593
0.945950 2.766428
0.949564 2.781929
0.930633 2.779850
0.989826 2.816662
0.934259 2.780554
0.932011 2.768713
-0.000646 0.668242
0.922917 2.752325
0.937797 2.773249
0.960577 2.792317
0.957875 2.789212
0.958687 2.789775
0.932225 2.767506
0.931487 2.764395
0.972039 2.805951
0.940587 2.777738
0.908639 2.740672
1.027386 0.514108
0.912290 2.750871
0.958764 2.784449
0.905123 2.547759
0.981734 2.818768
0.927153 2.768090
0.933303 2.768209
0.914375 2.731376
0.976702 2.817669
0.932938 2.768718
0.973187 2.790412
1.048635 0.490994
0.944885 2.787223
0.435752 -0.027916
0.955742 2.794557
0.932041 2.763351
0.944955 2.773800
0.931133 2.758788
0.943615 2.779038
0.936554 2.766706
0.939114 2.775514
0.919107 2.753314
4.897895 -1.141221
1.027439 0.508049
0.911141 2.793455
1.025394 2.866741
2.315758 -0.373944
2.368653 -0.436891
2.362427 -0.435118
2.348403 -0.414411
2.416343 -0.471102
2.345082 -0.410471
2.340785 -0.403810
2.171922 -0.711677
1.044756 0.485265
2.337881 -0.457894
2.330254 -0.466194
0.417942 -0.007666
0.426095 0.024195
0.462634 -0.032866
0.401472 -0.031082
0.391505 -0.004436
0.391203 0.023511
0.397020 -0.012328
0.405176 0.065941
0.991083 0.524894
0.639929 -0.226600
0.460343 -0.009586
0.455125 -0.026185
0.392472 0.003985
0.412998 0.044262
0.370277 0.028206
0.408681 0.055973
0.464692 -0.003409
0.446528 -0.018112
2.414677 -0.400089
1.037397 0.508565
2.389206 -0.459230
2.359114 -0.438129
2.355740 -0.424330
2.420190 -0.440534
2.361409 -0.442162
2.345527 -0.410733
2.390571 -0.410321
2.384398 -0.404343
2.332128 -0.452017
2.349895 -0.425200
1.064850 0.490011
2.364979 -0.443267
2.382037 -0.461399
2.357565 -0.430312
2.380713 -0.443269
2.379108 -0.451745
2.369036 -0.441096
2.316584 -0.492878
2.380945 -0.450451
2.361651 -0.400381
2.408870 -0.408946
1.062722 0.520696
2.365284 -0.431378
2.175577 -0.388299
2.362492 -0.433341
2.367491 -0.439745
2.377308 -0.417658
2.326564 -0.470204
2.375645 -0.434160
2.353683 -0.422508
2.368379 -0.443747
2.371068 -0.425765
1.187331 1.301006
2.380210 -0.453599
2.389679 -0.450025
2.463585 -0.505011
2.466333 -0.510477
2.470459 -0.512164
2.373495 -0.441288
2.337773 -0.455519
2.364796 -0.418253
2.400813 -0.402817
2.381785 -0.469479
1.195464 1.315763
2.363125 -0.437671
2.380074 -0.420830
2.340716 -0.415199
2.354386 -0.448813
2.367932 -0.439811
2.365638 -0.424641
1.758647 -0.391868
1.765379 -0.400535
2.391882 -0.415789
2.341926 -0.479232
1.208268 1.324294
1.703140 -0.497004
1.567526 -0.872860
1.736712 -0.455603
1.526244 0.324605
1.721512 -0.399288
1.710484 -0.428290
1.729489 -0.386992
1.576107 -0.227122
-3.542177 0.848451
-2.596916 0.304622
1.186622 1.306715
-3.537418 0.837629
-3.539452 0.836864
1.767378 -0.443642
1.804938 -0.455595
1.713681 -0.414899
-0.958421 1.877031
-1.099235 1.869158
-1.109127 1.854618
-1.068949 2.008140
-1.367522 -1.380468
4.895545 -1.190178
1.185475 1.299435
-1.024086 1.970302
-1.212645 2.152895
-1.069689 1.896753
-1.151822 2.107559
-2.677544 4.627739
-2.681663 4.648328
-2.676461 4.627398
-2.674680 4.605796
-2.678746 4.622251
-2.691231 4.607525
1.182045 1.345720
-2.670997 4.624316
-2.686766 4.607743
-2.676805 4.618464
-2.677194 4.623811
-2.664191 4.635623
-2.673585 4.623270
-2.672492 4.621009
-2.691773 4.609985
-2.708016 4.605639
-2.662927 4.648453
1.031070 0.491657
-2.681872 4.625546
-1.925916 3.326867
-1.693775 3.407671
-1.665173 3.411536
-1.671600 3.414441
-1.768029 3.379261
-1.687935 3.405322
-1.680084 3.415164
-1.686049 3.419822
-1.689633 3.401892
1.186800 1.310040
-1.729246 2.645653
-1.730665 2.652270
-1.734256 2.674513
-1.713425 2.638224
-1.716482 2.635554
-1.722666 2.645345
-1.719144 2.629230
-1.730192 2.641901
-1.718380 2.634933
-1.722140 2.644241
1.194636 1.315958
-2.126385 3.300992
-2.143985 3.301764
-2.143489 3.301706
-2.147788 3.296815
-2.077531 3.472888
-2.111397 3.505013
-2.123240 3.501147
-2.099038 3.485720
-2.115179 3.487002
-2.112700 3.498490
1.203025 1.320219
-2.094651 3.480091
-1.816498 3.240973
-1.808404 3.220987
-1.871124 3.289037
-1.875787 3.296985
-1.855142 3.319281
-1.880908 3.258624
-1.893632 3.312602
-1.888012 3.315178
-1.845550 3.279004
1.193832 1.314598
-1.875172 3.306689
-1.883969 3.302701
-1.894430 3.307042
-1.901015 3.314886
-1.903489 3.307435
-1.852084 3.296966
-1.880398 3.344238
-1.908922 3.300819
-1.898826 3.321656
-1.930308 3.307595
1.181855 1.299159
-1.901435 3.349970
-2.164737 3.230520
-2.170498 3.235889
-2.196981 3.220778
-2.161973 3.229439
-2.180418 3.224932
-2.174509 3.229406
-2.171713 3.232541
-2.158891 3.240053
-1.886241 3.303903
1.183707 1.330833
-1.890212 3.326397
-1.868103 3.293032
-1.908849 3.304945
-1.891574 3.320570
-1.901251 3.286396
-1.894456 3.303178
-1.901453 3.285550
-1.921568 3.341797
-1.878174 3.306746
-1.926200 3.363144
1.202417 1.308141
-1.847840 3.355696
-1.881289 3.293154
-1.896953 3.239776
-1.903892 3.332406
-1.928373 3.339023
-1.899584 3.300865
-1.891861 3.325210
-1.868353 3.274074
-1.901350 3.319860
-1.864668 3.328596
4.876431 -1.161777
1.192917 1.322825
-1.912935 3.316867
-1.887615 3.318130
-1.907098 3.318195
-1.887812 3.299145
-1.882372 3.314283
-1.877244 3.310793
-1.926631 3.321618
-1.884796 3.309327
-1.879734 3.286282
-1.870154 3.303304
1.214366 1.289231
-1.891382 3.323798
-1.874445 3.286021
-1.866546 3.314884
-1.874578 3.289794
-1.876931 3.305823
-1.882186 3.329058
-1.869587 3.292236
-1.879151 3.307609
-1.915137 3.330030
-1.847696 3.353083
1.197405 1.330794
0.881171 0.613754
-1.902306 3.318061
-1.907846 3.312541
-1.976418 3.262507
-2.068125 3.234069
-2.000327 3.229382
-1.883854 3.301448
-1.719194 3.044212
-1.672727 2.970180
-1.597023 2.841915
1.044084 0.512090
-1.819356 4.679185
-1.845890 4.631737
-1.796766 4.653699
-1.834387 4.328683
-1.862154 3.887896
-1.861747 4.721546
-1.762410 4.713078
-1.865590 4.768632
-1.777079 4.663949
-1.821576 4.693462
0.932445 0.919908
-1.795569 4.684194
-1.835579 4.707386
-1.860941 4.640591
-1.837522 4.723711
-1.801861 4.682805
-1.777232 4.627688
-1.824407 4.707371
-1.815334 4.723033
-1.735729 4.630622
-1.817495 4.705874
0.847016 0.805938
-1.840350 4.748120
-1.806892 4.656542
-1.796077 4.676705
-1.752990 4.649482
-1.856375 4.716170
-1.799156 4.654806
-1.729505 4.585859
-1.845449 4.637066
-1.843705 4.651922
-1.919921 4.789380
0.923096 0.956889
-1.806831 4.686791
-1.873796 4.585243
-1.804931 4.684695
-1.778690 4.653609
-1.797478 4.712162
-1.821478 4.648668
-1.815983 4.714584
-1.846692 4.077373
-1.817222 4.709616
-1.839099 4.714156
0.921087 0.936934
-1.851815 4.745181
-1.896974 4.748596
-1.878495 4.769804
-1.837775 4.732988
-1.828712 4.621285
-1.753828 4.836133
-1.825660 4.721557
-1.731248 4.605396
-1.838625 4.760712
-1.731468 4.611957
0.907416 0.934822
-1.839346 4.690250
-1.752214 4.716562
-1.840174 4.670757
-1.857850 4.697867
-1.790800 4.688951
-1.804679 4.696025
-1.768387 4.673369
-1.809327 4.727005
-1.809585 4.650274
-1.770580 4.640853
0.916211 0.941414
-1.828775 4.747849
-1.815826 4.664543
-1.851319 4.733049
-1.846350 4.718016
-1.785763 4.617340
-1.839546 4.714202
-1.820906 4.723522
-1.775904 4.727095
-1.704670 4.725464
-1.766165 4.649602
4.880310 -1.176946
0.919251 0.925187
-1.841760 4.672841
-1.809929 4.687510
-1.771322 4.614179
-1.744889 4.639863
-1.854655 4.664523
-1.795113 4.686676
-1.844619 4.711514
-1.786988 4.674030
-1.795054 4.664860
-1.881033 4.570392
0.917751 0.921337
-1.793203 4.670466
-1.803142 4.677258
-1.782236 4.642760
-1.819415 4.685785
-1.775614 4.653265
-1.793794 4.674874
-1.824110 4.664593
-1.822667 4.662421
-1.850131 4.738225
-1.801947 4.657570
0.933558 0.963752
-1.744201 4.762197
-1.816644 4.710823
-1.861033 4.727485
-1.757203 4.680260
-1.851804 4.701902
-1.796442 4.628334
-1.768153 4.724521
-1.892416 4.758011
-1.845943 4.720496
-1.778135 4.652696
0.915034 0.932516
-1.755432 4.619135
-1.856014 4.743345
-1.786827 4.632043
-1.838743 4.716935
-1.803670 4.687092
-1.924375 4.629379
-1.756619 4.778668
-1.806157 4.687355
-1.809267 4.687561
-1.761055 4.741801
1.033332 0.507366
-1.872146 4.524667
-1.882538 4.743942
-1.759293 4.824771
-1.761511 4.697363
-1.860398 4.606182
-1.776068 4.740293
-1.808433 4.689044
-1.833062 4.712288
-1.817060 4.686453
-1.811129 4.637791
1.237837 0.366172
-1.830741 4.665920
-1.772561 4.639394
-1.805243 4.646442
-1.770221 4.664473
-1.913496 4.778260
-1.863486 4.749162
-1.744094 4.618907
-1.714502 4.607223
-1.806052 4.686278
-1.828261 4.659582
1.227557 0.347599
-1.772606 4.637286
-1.740472 4.651653
-1.818623 4.734557
-1.899305 4.690081
-1.782699 4.713197
-1.857028 4.698094
-1.781397 4.651188
-1.894889 4.767149
-1.809231 4.727792
-1.755542 4.654429
1.241411 0.326430
-1.813914 4.694832
-1.779418 4.751894
-1.757349 4.753387
-1.889336 4.767804
-1.776973 4.658417
-1.774749 4.704807
-1.888808 4.618627
-1.776136 4.623509
-1.839069 4.725039
-2.005244 3.359954
1.245825 0.377384
-2.089353 3.383107
-1.879049 3.607339
-1.890161 3.304270
-1.898441 3.309216
-1.877271 3.284715
-1.874622 3.310187
0.569623 -1.740486
0.751059 -1.972906
0.769456 -1.996315
0.769507 -2.005811
1.035298 0.533103
1.965498 -0.990873
1.972716 -1.002293
1.953560 -1.014400
1.968011 -1.006958
1.968636 -0.983919
1.967048 -1.007759
1.973882 -1.004520
1.962469 -1.002252
1.987614 -0.975956
1.957730 -0.993485
4.870356 -1.191466
1.053738 0.463797
1.975289 -0.999669
1.960548 -1.007764
1.968770 -1.005099
1.959939 -0.985498
1.975565 -1.037654
1.966386 -1.001081
1.968246 -0.995514
1.967268 -1.000419
1.979508 -1.023749
1.967358 -0.990935
0.910577 0.664810
1.969950 -1.008291
1.955567 -0.985869
1.969801 -0.991863
1.945349 -1.012252
1.965807 -1.000697
1.965440 -0.998848
1.976139 -0.992893
1.970719 -0.997842
2.320106 1.941495
2.344201 1.974264
1.012538 0.385077
2.320728 1.943084
2.322467 1.939463
2.331039 1.958611
2.319606 1.949953
2.323416 1.935946
2.317325 1.940624
2.317895 1.945910
2.320084 1.945827
2.330186 1.954408
2.333859 1.956445
1.013732 0.400813
2.325585 1.952968
2.316965 1.938283
4.917358 -1.166083
4.703425 -1.091458
4.703607 -1.089818
4.710926 -1.092986
4.707512 -1.093389
4.699253 -1.090466
4.700343 -1.094398
4.691157 -1.090085
1.031634 0.483088
4.703909 -1.096136
4.711770 -1.093472
4.715867 -1.098351
4.943449 -1.136941
4.941635 -1.166433
5.387741 -1.319648
4.886108 -1.164653
4.880382 -1.175808
4.896742 -1.162590
4.867953 -1.171696
1.002084 0.397244
5.052962 -0.911552
4.893404 -1.181932
-2.541912 5.737176
-2.550256 5.710513
-2.544838 5.714522
-2.539942 5.705281
1.361976 0.000538
1.245554 -0.109333
1.090257 -0.335387
1.598423 0.664233
1.071628 0.510137
1.642659 0.740551
1.350366 0.041148
1.346057 0.013673
1.332295 0.013066
1.350061 0.045490
1.366418 0.019032
1.348687 0.043488
1.347090 -3.134713
1.204861 -3.353544
1.342354 0.031720
1.053038 0.367622
1.387640 0.016463
1.365077 0.045614
-1.833708 3.655334
-1.834540 3.650911
-1.877870 3.292586
1.036029 0.493082
-1.827802 3.658072
-1.835545 3.650026
-1.837976 3.634907
-1.834697 3.621620
1.050159 0.426509
-1.831233 3.644629
1.053607 0.529120
1.144038 0.709056
1.185704 0.799265
1.139279 0.658989
1.164588 0.724232
-1.135285 1.784900
-1.134508 1.777820
-1.158795 1.760500
-1.138672 1.770194
1.014711 0.384278
-1.072917 1.883928
-1.077713 1.870402
-1.045830 1.882106
-0.938297 1.861378
-0.925966 1.849079
-0.922940 1.847195
-1.058708 2.031475
-1.119799 2.079852
-1.073776 1.981445
-1.067480 1.982202
4.862721 -1.189145
0.985859 0.522832
-1.052907 1.984521
-1.031340 1.998137
-1.048571 1.981213
-1.040936 1.981104
-1.050158 1.991138
-1.034247 1.981297
-1.068603 1.998907
-1.031060 2.014650
-1.039122 1.953330
-1.063650 1.979402
0.945892 0.459383
-1.083567 2.028648
3.535622 -0.827201
3.540922 -0.830808
3.546619 -0.832311
3.542449 -0.826072
3.539964 -0.813602
3.544659 -0.830751
3.549494 -0.838172
0.199937 0.054149
0.187101 0.064902
-1.066107 1.997701
0.165007 0.082568
0.148638 0.081884
0.173824 0.060446
0.394873 0.049832
0.408949 -0.001554
0.464099 0.030262
0.436659 -0.004223
0.389478 -0.051057
0.332244 0.032207
0.427909 0.032459
-0.972973 1.894086
0.510673 -0.040665
0.393986 -0.021208
0.459246 0.041177
0.439934 0.025044
0.459748 0.042060
0.424659 0.050248
0.390569 -0.008181
0.435737 0.021885
0.411328 0.018475
0.421215 0.016298
-0.961259 1.876840
0.441480 0.043863
0.394371 -0.028820
0.419893 -0.025360
0.413898 0.013027
-1.695890 3.145878
-1.684711 3.146302
0.304123 0.282850
0.292281 0.298390
0.333906 0.104728
0.292095 0.122729
-1.060892 1.991346
0.489747 0.081205
0.517249 0.106384
0.511238 -0.039948
0.571115 -0.068500
0.325539 -0.137239
0.323246 -0.137963
0.342768 -0.044444
0.269011 -0.071700
0.398283 0.079707
0.402637 0.136818
-0.946444 1.864773
0.418049 0.008944
0.405581 -0.000125
0.691865 0.603138
0.696487 0.650757
0.428329 0.016915
0.456148 0.030187
0.426498 -0.002171
0.448032 0.017295
0.395399 0.019508
0.407992 0.064390
-1.031186 1.965414
0.472270 0.066173
0.399651 0.019225
0.401489 -0.013760
0.390137 0.016565
0.422802 0.010371
0.436754 -0.018220
0.430931 0.022344
0.454204 -0.004629
0.304187 -0.142866
0.143729 -0.321219
-0.982494 1.900135
0.481088 -0.053285
0.484544 -0.038018
0.499903 0.074854
0.477417 -0.013620
0.429663 0.002948
0.286274 -0.580788
0.279366 -0.565204
0.276139 -0.577022
0.309235 -0.574080
0.296540 -0.569531
-1.138298 2.092715
0.280678 -0.581430
0.295569 -0.577184
0.279045 -0.560484
0.281964 -0.585074
0.279019 -0.579410
0.318527 -0.643426
0.324237 -0.641792
0.318622 -0.637621
0.334350 -0.662694
0.277570 -0.577512
4.890602 -1.211313
-1.145871 2.111798
0.269872 -0.658982
0.258260 -0.662601
0.261803 -0.664961
0.457301 0.195877
0.464277 0.213562
0.476402 0.262432
0.453439 0.193428
0.376945 0.087618
0.382469 0.081108
0.400029 0.006700
2.937948 1.054462
0.412351 0.018305
0.356217 0.040225
0.417821 0.028177
0.394148 -0.042074
0.401836 0.045758
0.324859 -0.188379
0.342734 -0.166855
0.301035 -0.203974
0.327797 -0.173703
0.374149 -0.006960
3.137935 1.180402
0.435607 -0.005661
0.414375 -0.023263
0.488375 -0.187128
0.494326 -0.208557
0.525608 -0.232041
0.492812 -0.235766
0.494560 -0.218774
0.444963 0.041153
0.411318 0.035356
0.446734 0.038982
1.053648 0.513423
0.437783 -0.019488
0.384330 -0.026294
0.457528 0.007857
0.458157 0.036443
0.431887 0.026139
0.459615 0.050520
0.406585 -0.008092
0.436820 -0.009613
-2.164859 -1.396268
-2.153609 -1.378495
1.453214 -0.090285
-2.200249 -1.436158
-2.149687 -1.384117
-2.169116 -1.397210
-2.162925 -1.388750
-2.147958 -1.371745
-2.171435 -1.398826
-2.147395 -1.359561
-2.161710 -1.396095
-2.172517 -1.401988
-2.215325 -1.324780
1.591692 -0.259302
-2.236093 -1.294930
-2.191141 -1.412753
-2.173678 -1.390361
-2.162738 -1.355361
-2.195736 -1.363787
-2.189931 -1.367850
-2.085440 -1.470225
-2.168899 -1.392926
-2.173885 -1.406003
-2.156643 -1.375880
1.318442 -0.285646
-2.157213 -1.394478
-2.230957 -1.450075
-2.171199 -1.388456
-2.180629 -1.412501
-2.152445 -1.427779
-2.206698 -1.413340
-2.130934 -1.412909
-2.174687 -1.408388
-2.168894 -1.398702
-2.186982 -1.396105
1.965216 -0.978497
0.704689 -1.978025
-2.174701 -1.394299
-2.132513 -1.356778
-2.183555 -1.377915
-2.192556 -1.404939
-2.179212 -1.454990
-2.182526 -1.392190
-2.104415 -1.430325
-2.211568 -1.396942
-2.169085 -1.395804
1.218108 -0.475023
-2.167104 -1.404113
-2.188577 -1.384243
-2.177517 -1.385865
-2.320388 -1.528372
-2.350112 -1.550261
-2.176243 -1.391864
-2.168385 -1.376461
-2.136410 -1.417416
-2.204332 -1.361044
-2.154217 -1.416995
1.120304 0.107710
-2.174665 -1.387781
0.413031 -0.003040
0.397660 -0.040948
0.441952 0.016584
0.436802 0.026830
-0.041839 -0.571084
-0.053382 -0.601318
-0.053004 -0.575047
-0.051675 -0.587208
-0.055868 -0.596973
1.336376 0.064900
4.907570 -1.150865
1.366692 0.048082
-0.065222 -0.560973
-0.034539 -0.588516
-0.059879 -0.586727
-0.072461 -0.553530
0.015117 -0.469839
-0.035571 -0.587899
-0.051093 -0.586137
-0.050906 -0.598344
-0.016554 -0.606194
-0.048248 -0.580820
1.161121 0.153392
-0.066094 -0.585854
-0.056584 -0.594249
-0.035717 -0.637357
-0.084296 -0.600072
-0.073386 -0.571364
-0.039080 -0.587221
-0.057751 -0.556750
-0.063373 -0.594118
-0.050093 -0.591948
-0.032429 2.241291
1.134772 0.268791
-2.248414 1.865593
-2.257540 1.872564
-1.392881 -1.553557
-1.412932 -1.549138
-1.436018 -1.527732
-1.408601 -1.578167
-1.400129 -1.563331
-1.415352 -1.583899
-1.391248 -1.558922
-1.402392 -1.561384
1.944534 0.241240
-1.408939 -1.572488
-1.409758 -1.601441
-1.435619 -1.615537
-1.426413 -1.606326
-1.353088 -1.519416
-1.405178 -1.565760
-1.380653 -1.556738
-1.395206 -1.556912
-1.401089 -1.569590
-1.453608 -1.629736
3.111996 0.905938
-1.347384 -1.525057
-1.422418 -1.583962
-1.383708 -1.548079
-1.424862 -1.602656
-1.414320 -1.564011
-1.391222 -1.589950
-1.405055 -1.567479
-1.398365 -1.557187
-1.401963 -1.565751
-1.409733 -1.575176
1.922026 0.228531
-1.377857 -1.540545
-1.456661 -1.631473
-1.381397 -1.532205
-1.381494 -1.549429
-1.401968 -1.561308
-1.401397 -1.558289
-1.359119 -1.522004
-1.424624 -1.585668
-1.373775 -1.534392
-1.489343 0.366424
1.354328 0.011297
1.318126 -1.487327
1.310496 -1.465144
3.173853 1.227274
1.774522 -0.287490
0.434135 4.296494
0.416204 4.295234
0.407763 4.300247
0.429304 4.297347
0.436208 4.296194
0.457033 4.272687
1.122834 -2.456430
0.436332 4.310823
0.471751 4.260148
0.422353 4.307710
0.416511 4.312438
0.420310 4.312698
0.437582 4.284811
0.341210 4.345295
0.248562 4.388387
0.310385 4.351334
0.311184 4.350363
0.873561 -2.796663
0.469756 4.262798
0.451340 4.284110
0.425732 4.304127
0.454050 4.276670
0.413823 4.308402
0.442117 4.287258
0.389956 4.349040
0.443828 4.292951
0.439075 4.294618
0.428867 4.305030
1.010278 -2.093284
0.432781 4.299095
0.445948 4.287622
0.448170 4.270710
0.410770 4.325239
0.426592 4.313886
0.437035 4.280535
0.417879 4.312063
0.394719 4.331286
0.429805 4.288215
0.432955 4.298442
4.891210 -1.161205
1.365769 0.042666
0.433200 4.292641
0.468363 4.341252
0.431156 4.296412
0.431539 4.297795
0.411323 4.266903
0.423732 4.263896
0.434651 4.296745
0.520673 4.183063
0.423450 4.387496
0.425267 4.394299
1.469744 -0.052721
0.423898 4.418601
0.421976 4.397276
3.586416 0.050844
3.571933 0.060355
3.585353 0.065274
3.603112 0.081574
3.583586 0.074373
3.598202 0.082558
3.572490 0.045229
3.583924 0.065366
2.971414 1.158488
3.553865 0.058837
3.601130 0.078546
3.585957 0.038673
3.586616 0.069583
3.580341 0.061275
3.577775 0.074766
3.578695 0.060120
3.576560 0.070196
3.563900 0.050291
3.555920 0.075928
1.342279 0.033500
3.549223 0.031295
3.561938 0.044095
3.581050 0.073221
3.611875 0.090535
3.532370 0.014334
3.577067 0.060751
3.598807 0.092280
3.545996 0.025930
3.576242 0.052172
3.571892 0.053982
1.355281 0.050690
3.573250 0.076475
3.582140 0.065243
3.597769 0.086258
3.570492 0.042406
3.565897 0.044383
3.603521 0.087169
3.525349 0.009043
3.548978 0.025740
3.546348 0.025083
3.574393 0.048368
1.505072 -0.020596
3.572906 0.051477
3.540907 0.026986
3.572627 0.060966
3.580827 0.046913
3.593312 0.071485
3.562304 0.070174
3.571101 0.059869
3.590622 0.069153
3.586641 0.085262
3.588939 0.074769
1.527108 -0.022011
3.573760 0.058649
3.592949 0.086470
3.529780 0.022103
3.547170 0.055380
3.566383 0.040713
3.584131 0.055088
3.599412 0.047578
3.568582 0.066377
3.565691 0.059624
3.576081 0.060797
1.537876 -0.045812
3.587585 0.062399
3.585754 0.055715
3.574980 0.062675
-1.614074 -0.174099
-1.671537 2.960518
-4.847201 1.406873
-5.238339 2.225145
-5.277968 2.261626
-5.259891 2.215458
-5.247620 2.231606
1.524387 -0.019820
-5.231029 2.223708
-5.208935 2.200332
-5.269158 2.211596
-5.202215 2.274327
-5.200217 2.192027
-5.285405 2.202367
-5.284503 2.252299
-5.268792 2.201242
-5.212837 2.212135
-5.233721 2.200254
1.229652 -0.773839
-5.239145 2.233196
-5.197549 2.185632
-5.270699 2.287443
-5.200072 2.248353
-5.213123 2.199842
-5.263213 2.246481
-5.237561 2.221907
-5.214846 2.255152
-5.272677 2.183093
-5.243766 2.220934
4.848317 -1.143673
1.336037 -1.516262
-5.257920 2.252757
-5.301873 2.171670
-5.262729 2.246328
-5.224236 2.244194
-5.260298 2.210052
-5.226043 2.246318
-5.225625 2.211336
-5.211147 2.205137
-5.230559 2.274720
-5.220351 2.225503
1.341673 0.013697
-5.190751 2.277378
-5.261562 2.256238
-5.244680 2.229743
-5.233724 2.197470
-5.270480 2.283136
-5.219986 2.235262
-5.271377 2.275101
-5.230335 2.221201
-5.244173 2.226837
-5.193964 2.178866
1.368664 0.002563
-5.210462 2.194580
-5.200507 2.192744
-5.330681 2.294478
-5.200778 2.193292
-5.196080 2.176646
-5.239299 2.239947
-5.258615 2.218762
-5.232329 2.269052
-5.214334 2.225774
-5.311315 2.288937
0.959758 0.102208
-5.199740 2.215590
-5.219247 2.252541
-5.283721 2.193202
-5.230099 2.158221
-5.271503 2.256959
-5.209205 2.266476
-5.249509 2.221680
-5.236399 2.236372
-5.320229 2.321664
-5.183399 2.175968
1.388452 0.045791
-5.226404 2.217039
-5.281446 2.182775
-5.222702 2.241776
-5.207391 2.258332
-5.226724 2.211695
-5.247531 2.204482
-5.232900 2.229934
-5.185769 2.180729
-5.231606 2.228132
-5.252058 2.247064
2.668547 -3.271960
-5.240486 2.243463
-5.213896 2.239386
-5.307649 2.414822
-5.333848 2.475582
-5.309122 2.408953
-5.308071 2.413045
-5.306894 2.422753
-5.311197 2.427553
-5.306849 2.407739
-5.316963 2.441437
2.771950 -3.257457
-4.880332 1.375482
-4.858761 1.387368
-4.865079 1.400076
-4.845578 1.410233
-4.854655 1.401793
-4.862343 1.394048
-4.852000 1.404149
-4.855711 1.392912
-4.867430 1.399417
-4.858402 1.403091
1.339185 0.041339
-4.860044 1.396257
-4.859933 1.389222
-4.866628 1.397645
-4.880518 1.414721
-4.853087 1.388586
-4.885305 1.374970
-4.864529 1.389665
-4.882016 1.384189
-4.857881 1.404945
-4.852767 1.400422
1.328135 0.053680
-4.847891 1.381206
-4.858038 1.415268
-4.876360 1.383439
-5.111431 1.020924
-5.085533 1.045693
-5.118231 1.010633
-5.121623 1.008219
-5.124301 1.009584
-5.115345 1.016615
-5.126054 1.008505
0.946516 0.673023
-5.110198 1.022241
-5.098330 1.034071
-5.114016 1.016596
-5.135040 0.997271
-5.117953 1.011615
-5.117425 1.016303
-5.100043 1.037660
-5.104340 1.024353
-5.106983 1.023370
-5.111891 1.020345
4.834722 -1.133491
1.037315 0.513797
-5.107304 1.035854
-5.132561 0.996909
-5.116879 1.013705
-5.133224 0.995689
-5.117576 1.013033
-5.101428 1.028252
-5.119293 1.011255
-5.105588 1.039501
-5.118587 1.010461
-5.129711 0.996441
1.065119 0.499715
-5.112706 1.018596
-5.118989 1.010315
-5.114038 1.025208
-5.110696 1.019397
-5.106730 1.026498
-5.143277 0.981418
-5.135014 0.998047
-5.127552 1.004159
-5.094729 1.035277
-5.093340 1.038553
1.087747 0.539696
-5.156705 0.971744
-5.109818 1.021756
-5.114760 1.016327
-4.802876 1.454602
-4.780452 1.467870
-4.791265 1.462181
-4.167385 1.099872
-4.175385 1.100349
-4.160141 1.092982
-4.164930 1.096366
1.290027 0.281313
-4.178998 1.110196
-4.168524 1.097142
-4.160736 1.095635
-4.161754 1.095429
-4.882272 1.412851
-4.876936 1.411191
-4.886229 1.413246
-4.821298 1.441067
-4.807971 1.457457
-4.800307 1.463471
0.979197 0.509799
-4.885303 1.378537
2.707091 -3.270103
2.658539 -3.316823
2.693931 -3.270318
2.639350 -3.274358
2.717485 -3.338565
2.615730 -3.325313
2.661082 -3.280844
2.724962 -3.333984
3.134541 -3.376770
0.982745 -0.203776
3.128540 -3.363837
3.123618 -3.366720
3.145001 -3.376947
3.134516 -3.377150
3.141454 -3.378717
3.151561 -3.391281
3.160450 -3.385024
3.178162 -3.390151
3.147135 -3.379715
3.139792 -3.376577
0.964297 -0.323347
2.643654 -3.298898
2.724460 -3.236172
2.685711 -3.273840
2.626622 -3.258601
2.664821 -3.315240
2.618589 -3.303394
2.674736 -3.295127
2.631342 -3.319098
2.678908 -3.305124
2.702081 -3.269697
-0.067925 2.196838
2.677568 -3.276348
2.671297 -3.287757
2.640333 -3.305580
2.629393 -3.228915
2.712870 -3.234986
2.630227 -3.310508
2.654437 -3.218935
2.626529 -3.270669
2.637519 -3.271371
2.657930 -3.297250
0.034320 2.488104
2.650363 -3.271791
2.647236 -3.330638
2.663340 -3.280932
2.664232 -3.295614
2.634428 -3.317611
2.651268 -3.274273
2.692124 -3.340604
2.579869 -3.209199
2.652387 -3.275500
2.687740 -3.320599
0.034784 2.529455
2.654534 -3.265842
2.663904 -3.295362
2.619495 -3.273442
2.625540 -3.380588
2.626380 -3.254765
2.648930 -3.317740
2.715955 -3.278167
2.650011 -3.302853
2.640034 -3.264624
2.651936 -3.332291
4.884378 -1.167806
0.034453 2.499312
2.689702 -3.248870
2.715983 -3.260747
2.653654 -3.266925
2.684889 -3.316702
2.621142 -3.347533
2.649713 -3.297733
2.691154 -3.289929
2.628269 -3.317120
2.619744 -3.236902
2.634063 -3.287187
0.036564 2.518171
2.632392 -3.311258
2.723161 -3.277605
2.653652 -3.307430
2.732141 -3.230143
2.623926 -3.323372
2.664849 -3.278811
2.644573 -3.274077
2.651114 -3.280401
2.649624 -3.294025
2.627703 -3.289006
0.035946 2.494780
2.603906 -3.225187
2.732666 -3.345033
2.664876 -3.288191
2.649294 -3.267975
2.642606 -3.323488
2.658421 -3.278853
2.723560 -3.332443
2.681591 -3.317923
2.693096 -3.323710
2.640172 -3.302368
0.041922 2.527606
2.651332 -3.273714
2.684535 -3.314586
2.686577 -3.292480
2.694664 -3.263133
2.653719 -3.304453
2.614732 -3.262181
2.653611 -3.320148
2.648626 -3.287343
2.695509 -3.336976
2.611636 -3.346513
0.036034 2.521451
2.743421 -3.318326
2.687172 -3.286386
2.636919 -3.241482
2.662940 -3.291404
2.700181 -3.281651
2.654523 -3.279383
2.677838 -3.319098
2.712311 -3.338277
2.627796 -3.320243
2.630401 -3.304374
0.057605 2.515540
2.746528 -3.112757
2.672951 -3.304270
2.587757 -3.359597
2.660410 -3.305878
2.606297 -3.247308
2.714083 -3.288768
2.732587 -3.374956
2.762401 -3.417324
2.651885 -3.300475
2.663677 -3.284610
0.037352 2.511523
2.674077 -3.313565
2.701055 -3.205243
2.516544 -3.223726
2.211492 -3.091847
2.211687 -3.104958
2.652613 -3.286462
2.664762 -3.299262
2.608527 -3.299650
2.623992 -3.254683
2.641371 -3.275235
0.027435 2.492264
2.694747 -3.289970
2.621273 -3.242833
2.587273 -3.337849
-3.458383 0.991366
-3.476415 1.038964
-3.484252 1.027308
-3.483563 1.005671
-3.482531 1.025268
-3.467860 1.014696
-3.505907 1.009424
0.062502 2.127237
-3.477648 1.008445
-3.558330 0.975777
-3.585584 0.951123
-3.574721 0.960033
-3.489368 1.015868
-3.450103 1.004586
-3.470724 1.007153
-3.493520 1.054024
-3.481971 1.025812
-3.479363 1.008364
0.117556 2.111886
-3.481465 1.029386
-3.456513 1.025590
-3.478137 1.025311
-3.478315 1.016083
-3.473847 1.033728
-3.455800 1.044086
-3.486073 1.030763
-3.482278 1.024979
-3.482871 1.017491
-3.477786 1.018553
4.878841 -1.163361
0.106032 2.102393
-3.510337 0.996090
-3.476828 1.026368
-3.476671 1.023579
-3.502695 1.002372
-3.474069 1.035802
-3.542462 1.121603
-3.553424 1.140059
-3.532728 1.115018
-3.548805 1.144043
-3.550944 1.135347
0.098134 2.094410
-3.568750 1.161744
-3.550214 1.136775
-3.493155 1.038894
-3.452234 1.036927
-3.491895 1.067344
-3.437670 0.969045
-3.493574 1.013272
0.973383 2.808120
0.923522 2.764290
-1.848149 3.291709
-0.323957 2.514358
2.267051 2.841318
2.649067 2.884049
2.652382 2.883824
2.659943 2.891110
2.678288 2.893634
2.664860 2.844507
2.637849 2.937052
2.622759 3.013671
2.656174 2.885406
2.654372 2.882724
-0.307252 2.543279
2.660237 2.878108
2.615853 2.897769
2.741637 2.853041
2.789412 2.837273
2.650473 2.891484
2.660750 2.875750
2.646628 2.881588
2.677611 2.883742
2.657171 2.870998
2.648583 2.882817
-0.323776 2.520041
2.656622 2.883378
2.674698 3.292657
2.660586 3.285961
2.650882 3.267365
2.664551 3.271349
2.632808 3.404322
2.607966 3.433051
2.643144 3.420417
2.645518 3.422452
2.630455 3.429433
-0.327350 2.524004
2.805088 3.407784
2.815939 3.393856
2.793419 3.350112
2.827130 3.430963
2.824005 3.416965
2.766857 3.389765
2.814360 3.419282
2.814343 3.417226
2.810242 3.395952
2.830176 3.427215
-0.328561 2.504741
2.813040 3.402892
2.852513 3.476961
2.814172 3.406819
2.951639 3.239011
2.959191 3.235837
2.961208 3.243215
2.981084 3.222989
2.961520 3.238832
2.963060 3.240159
2.971475 3.228474
-0.320850 2.524744
2.954863 3.238500
2.957350 3.250139
2.610754 3.106340
2.806637 3.338199
2.805609 3.365160
2.787518 3.343792
2.811264 3.347499
2.792877 3.378358
2.803342 3.387483
2.589812 3.081672
-0.326093 2.523136
2.581388 3.068211
2.630786 2.998033
2.625600 3.007003
2.622873 3.033648
2.257442 2.836649
2.270363 2.841721
2.265009 2.852767
2.304824 2.651934
2.250990 2.846043
2.257293 2.848143
-0.308920 2.514994
2.086724 2.711165
1.918456 2.822330
2.260594 2.841209
2.244168 2.834448
2.254676 2.839935
0.758389 -1.994321
0.738237 -1.998136
0.757259 -1.989520
0.738187 -2.006056
0.781403 -1.976697
4.884304 -1.172417
-0.334169 2.526963
1.881974 -2.145245
1.942511 -2.096702
0.605223 -1.921087
0.763376 -1.989783
0.716622 -2.092849
0.768908 -1.975180
0.804074 -1.958998
2.372927 -3.102324
0.740399 -1.975581
0.605935 -1.829834
-0.325023 2.518916
0.188566 -2.048043
0.465761 -1.877256
0.453007 -1.858959
0.767979 -1.970601
0.765046 -1.984581
0.748597 -1.991383
0.766405 -1.968936
0.755835 -1.989958
0.766818 -1.962847
0.782357 -2.021922
-0.330712 2.525515
0.795839 -2.036670
0.776568 -2.012348
0.768878 -1.990143
0.750329 -1.993495
0.696649 -1.339452
0.812436 -1.989224
0.762462 -1.991168
0.752388 -2.028284
1.930215 -2.101513
-1.863339 3.299204
-0.345966 2.518539
-2.622995 -3.833497
-1.177969 2.137168
1.162212 -1.531988
1.224816 -1.864174
1.223808 -1.891149
1.213147 -1.900500
1.368379 0.037765
1.360651 0.032706
1.510856 0.607798
1.357451 0.049146
-0.331062 2.523386
-0.271001 0.659477
1.314884 0.281804
1.173505 0.352342
0.584060 -0.293941
1.405225 0.481374
-2.474674 0.567120
-2.476039 0.570880
0.685542 -3.940979
0.676977 -3.954916
1.091616 0.381105
-0.344346 2.513201
1.120764 0.365210
0.712178 -3.620158
1.037046 -3.567158
1.039876 -3.558074
1.054070 -3.571246
1.053942 -3.555562
-2.202259 -4.215878
-0.036592 -1.636309
1.228645 -0.489549
2.534390 -4.146318
-0.340226 2.545467
2.521079 -4.136301
2.515777 -4.117524
1.359772 -3.148349
1.200328 0.261795
2.065857 1.203222
2.066101 1.209035
0.809904 3.278916
0.816372 3.252659
1.003363 2.110049
1.045774 -2.909174
-0.345718 2.528018
0.839945 -3.576924
0.836368 -3.552224
0.818972 3.251380
0.809606 3.307224
0.802186 3.332360
-2.493205 0.630002
-2.497998 0.632829
1.098841 -0.694627
1.143142 -1.236317
1.093366 -0.673528
-0.078046 2.212132
1.096141 -0.675568
2.036270 1.190153
2.056535 1.202968
1.952245 1.124461
2.070111 1.222576
0.717947 -3.908215
0.671925 -3.892571
0.709122 -3.910580
0.756618 -4.029341
0.771095 -4.044967
-0.049838 2.175142
1.233262 -1.046327
1.138535 -0.834556
1.784816 -0.127915
1.793269 -0.128885
1.391014 -3.106409
1.362445 -3.145122
1.362188 -3.151941
-0.234380 -1.712265
-0.239358 -1.716756
-2.581614 0.423207
4.881082 -1.182117
-0.066263 2.186391
-2.629051 0.488884
-1.505268 2.712581
-0.191154 -1.737552
-0.138197 -1.755713
-0.335644 -1.624337
0.742827 -0.818961
-2.350760 -1.552012
-2.354863 -1.553307
0.337144 -1.962682
1.076210 -0.363921
-0.092813 2.180564
1.500316 -2.911761
1.682347 -2.800651
1.512579 -2.922063
1.446919 -3.017898
-1.873804 3.921064
1.884649 1.070443
0.191770 -2.049133
0.174022 -2.048761
0.203588 -2.043972
0.805789 3.303039
-0.056273 2.181912
-0.242819 -1.713032
1.377227 -5.142159
1.358781 -5.218209
1.366192 -5.209967
-2.587534 0.202570
-2.589773 0.227763
1.119561 0.719011
-0.391611 -2.216120
-0.626778 -2.350010
-0.771755 -2.437869
-0.056447 2.219249
-0.672537 -2.382171
-0.640608 -2.351393
1.024479 0.519240
-1.216990 2.175967
-1.038265 2.008032
-1.182079 2.141115
1.155203 -0.008989
1.148731 -0.024008
1.159513 -0.004895
0.808762 0.827047
-0.108214 2.238008
0.799403 0.824630
0.609437 -2.702085
0.912410 -1.533463
0.375972 -2.878559
2.698574 -2.381662
-1.863858 3.882374
-1.864652 3.903483
-2.063480 3.248260
-0.151376 -1.757744
-0.225989 -2.163004
-0.055435 2.170824
-0.224718 -2.166836
0.889965 -2.810301
0.916670 -2.848056
1.816908 -2.175595
1.800513 -2.182519
0.424412 0.024985
-0.403061 -2.236911
-0.451649 -2.211607
2.037346 1.190278
1.531868 0.441460
-0.070508 2.165383
-0.500323 -2.213733
-2.931682 -0.646809
-2.945591 -0.633350
-0.628683 -0.244999
1.119148 -3.668896
1.189790 -3.376278
1.944933 1.120192
1.951453 1.125021
-2.374068 -3.957937
-2.132723 -4.293931
-0.075336 2.208882
1.385256 0.476626
1.051707 0.552272
-0.150114 -1.771245
0.976144 -0.426837
0.981009 -0.475083
1.142220 -0.798911
1.003016 -0.822339
2.063141 1.212028
-0.246072 -1.713914
1.333582 -2.898568
-0.095460 2.226453
0.814642 3.262593
-0.149882 -1.763235
2.542970 -4.183343
2.564259 -4.210643
1.362282 -5.129431
-2.597772 0.318044
0.886636 -2.872991
0.879275 -2.866101
-2.387551 -0.600526
-2.567703 -0.622297
-0.091772 2.206197
0.975237 -0.247744
-2.484842 0.623106
-2.599443 0.340948
0.746308 -4.003319
-2.462227 -4.331514
-2.453267 -4.464530
1.132252 -0.814428
1.805117 -0.141775
1.324573 -1.603412
-0.679828 -2.385779
4.906806 -1.171078
-0.098064 2.198984
2.062440 -2.833950
2.459301 -3.983985
0.883760 -2.808460
-2.528641 0.451453
-0.885824 -0.107975
0.874165 -2.814731
5.580503 -1.452054
0.749821 -4.018767
1.087099 -0.340910
0.961997 -0.029662
-0.077831 2.231797
0.986954 -0.038281
1.670131 -2.822512
3.006938 -2.166865
2.991623 -2.161605
-1.942549 3.267881
-1.996596 3.227483
-2.603914 0.312476
-2.600261 0.306519
-0.241144 -1.712618
-2.405593 -0.100597
-0.093360 2.187142
-2.395643 -0.128803
1.886032 -1.695298
1.918645 -1.699608
1.903764 -1.680776
-1.194893 2.155567
1.202262 0.845031
0.448766 -2.753009
1.084626 0.638342
-2.121794 3.412971
0.941801 -0.352681
-0.078636 2.198216
0.929619 -0.386196
2.318344 2.591796
0.896883 -2.871436
0.920373 -2.870585
-0.158462 -1.763286
1.271605 -4.633224
1.272332 -4.613621
1.115343 -3.831537
1.276285 -4.640570
1.274437 -4.631629
-0.118649 2.220686
1.273248 -4.632294
1.273100 -4.632545
1.265240 -4.632238
1.263488 -4.630794
1.338750 -4.961867
1.274868 -4.630031
1.272531 -4.629714
1.894938 -2.121468
1.878657 -2.118263
2.508977 -4.120207
-0.069911 2.164266
1.773375 0.473670
1.797224 0.502761
5.579112 -1.452884
0.708102 -3.919572
0.866224 -2.801849
2.365297 2.379635
-3.058420 -0.602789
-3.068362 -0.602271
1.528402 -2.911012
1.424104 0.560692
-0.139518 2.277219
0.967273 -0.051906
2.360084 2.366992
-3.082584 -0.590494
0.486598 -3.427185
0.712697 -3.632175
0.728954 -3.622216
0.876265 -2.778508
-1.010021 2.046830
0.762255 -0.932961
0.762281 -0.950805
-0.086220 2.194242
-3.451822 0.969327
1.331763 -0.317386
0.743022 -0.856172
-2.524824 0.133131
-2.521695 0.114478
-2.480877 0.571397
0.364995 -2.880471
0.590593 -4.079401
0.534595 -4.123002
2.031190 -1.949238
-0.265729 2.183938
-2.158275 -4.024632
-0.394420 -2.217654
1.168452 -0.868717
1.179794 -0.890324
1.166006 -0.873281
1.164979 -0.871320
0.369950 -2.870441
0.386000 -2.866170
-2.994673 -0.688491
-3.001379 -0.688667
-0.275487 1.618249
1.116191 -3.669764
1.730499 -0.470189
-0.625106 0.950258
1.116464 -3.668236
4.246920 0.857580
0.685743 -1.306388
0.685616 -1.285542
0.682720 -1.298738
0.659688 -1.969847
0.651028 -1.970623
4.853126 -1.347866
-0.034884 2.280894
-2.584270 -0.624635
2.049096 -2.532841
2.045854 -2.518539
-0.546578 0.878487
1.061224 0.711368
-2.594463 -0.629790
-2.598807 -0.631126
1.046554 -3.567116
0.454313 -2.747952
0.449604 -2.750051
-0.010888 2.341728
0.337644 -3.539690
0.696997 -3.634033
0.311864 -3.354818
0.119513 -3.259535
0.431245 -3.414283
0.598176 -3.258367
0.612663 -3.224296
0.479190 -3.456195
0.770974 -2.013843
0.720331 -1.968190
-0.068547 2.192935
-1.382226 0.581042
-1.336394 0.607375
-0.618271 0.969890
2.500845 -3.210353
0.702187 -3.930413
2.558225 -4.201303
1.338693 -4.940642
1.339639 -4.962558
1.471501 -5.253709
1.475404 -5.257348
-0.063988 2.188730
0.859084 -0.784594
0.738620 -0.803436
0.740682 -0.741020
0.729106 -0.754132
1.476766 -5.258154
2.729120 -1.772315
2.726190 -1.769020
1.483006 -5.265237
1.477087 -5.260042
2.737407 -1.767123
-0.072456 2.182782
0.928712 0.115560
0.912863 0.105402
1.477282 -5.260260
1.055297 1.845618
1.889303 -2.632803
1.884720 -2.651532
2.062585 1.212259
-1.623707 -0.182353
0.743423 -0.825194
0.201668 -3.637678
-0.072453 2.188814
0.170111 -3.665107
0.204412 -3.635746
0.444359 -2.761672
0.437772 -2.765548
2.581272 -4.215469
2.601019 -4.239136
-2.597607 0.316317
0.236727 4.394550
0.229884 4.397010
-2.519789 0.456345
-0.078070 2.209177
1.183726 -0.894207
0.862224 -2.806142
-2.942173 -0.656608
0.824459 -2.852955
0.805613 -2.917726
-2.938446 -0.648143
-2.928528 -0.638017
1.816367 -0.160618
1.263822 -4.631949
2.547418 -3.331044
-0.086774 2.209698
0.249360 0.392923
0.241938 0.424152
-2.747422 -0.642595
-2.571158 -0.622901
-0.331554 -1.627497
-0.331429 -1.632334
0.810508 3.265563
-3.007061 -0.692930
-0.329033 -1.632929
-0.339186 -1.623917
-0.092159 2.229692
-1.497069 2.706192
-0.336607 -1.623944
-0.332129 -1.629400
-0.336010 -1.622038
2.381128 -2.469365
-0.344436 -1.615304
5.592255 -1.462016
1.235622 -1.899271
1.245265 -1.893547
0.143691 2.096757
-0.072397 2.204082
-0.114069 2.181810
-0.073281 2.229282
1.092526 0.071296
0.889947 2.363070
0.942167 2.376884
-0.528794 -2.223923
0.341397 -2.908385
0.306574 -2.941972
0.325848 -2.928845
0.324366 -2.925630
-0.841421 -0.054045
4.844143 -1.376754
-0.094515 2.226593
-1.666381 2.965993
1.243265 -0.379420
2.819306 -3.250685
0.186759 -2.048094
-2.636605 0.288568
-2.949642 -0.631867
0.675704 -3.937446
0.714554 -3.925346
0.408336 -3.402924
2.240273 -3.115848
-0.085591 2.214364
0.737237 -0.737977
1.138515 0.056674
2.755203 -3.112670
-2.480486 0.658258
1.104910 0.063649
1.261564 -4.626700
-0.398895 -2.219950
4.254914 0.911852
1.091140 -2.265395
1.076325 -2.379791
-0.092118 2.195969
1.064867 -2.415467
1.362217 -5.139020
0.744583 -0.854312
0.741204 -0.870430
1.596215 0.396582
1.807701 2.547169
2.359215 2.380608
1.062515 -2.404682
1.063749 -2.402777
1.133470 -0.030856
-0.050324 2.177425
0.998360 2.109848
0.714695 -2.128138
0.716193 -2.130047
2.756380 -3.408441
2.754520 -3.404380
-1.589708 2.828269
-1.597280 2.836243
-1.581914 2.821949
1.839066 -0.141747
-0.017447 -1.612850
-0.077753 2.180580
0.727655 -3.905361
0.146261 -3.689157
1.084922 -0.674101
-0.406622 -2.229422
-0.388302 -2.215855
-0.407330 -2.229203
-0.391768 -2.218582
-0.409544 -2.237375
-0.373291 -2.215099
-0.371146 -2.235317
-0.106615 2.223517
-0.384203 -2.225314
-0.390207 -2.215396
-0.397591 -2.223994
-0.172038 -1.964322
-0.157041 -1.994264
-0.405054 -2.235617
-0.424373 -2.251053
-0.392758 -2.220812
-0.352255 -2.175727
-0.414702 -2.205657
-0.083008 2.201380
-0.412021 -2.229939
-0.392617 -2.223449
-0.376619 -2.206017
-0.392562 -2.218831
0.649187 -1.945118
1.942610 -2.094434
1.945431 -2.090498
1.964092 -2.072058
1.937427 -2.101611
1.925942 -2.097845
-0.063164 2.190528
1.962773 -2.070760
1.907719 -2.116079
1.930502 -2.107446
1.922891 -2.112471
1.939745 -2.099311
1.930923 -2.112487
1.941145 -2.086470
1.949476 -2.074236
1.921456 -2.107464
0.750652 -1.546986
-0.119771 2.217147
0.771840 -1.543750
2.059287 -2.474526
2.083002 -2.498927
1.348911 0.522528
-0.832969 -2.471807
-0.816811 -2.459997
-2.539341 0.426587
-2.641499 0.303841
-2.674097 0.275032
-1.425403 -1.585835
-0.134837 2.789387
2.542230 -4.167737
2.545994 -4.171163
1.087329 -2.323457
0.971967 -2.589545
1.202744 2.911967
1.331628 -1.522216
0.240306 0.386055
-1.134068 1.776751
0.571619 -2.713556
0.546988 -2.712021
4.852189 -1.363016
-0.136605 2.779631
3.667538 -0.994717
-2.413589 -0.104994
-2.419944 -0.100572
0.057245 -3.193409
-2.576209 0.360426
-2.591111 0.314137
-2.585926 0.326046
-2.599660 0.321563
-2.597661 0.333158
-2.620281 0.307422
-0.130723 2.792411
-2.599360 0.324110
-2.632061 0.285924
0.387391 -2.871574
-3.064692 -0.603205
1.129674 2.866534
0.669694 -0.786077
0.792258 -2.889023
0.740594 -2.966215
0.791919 -2.881384
0.682099 -1.299170
-0.135526 2.784711
0.790254 3.354910
0.198484 -3.645395
0.185453 -3.653441
0.177761 -3.661759
-2.380415 -0.600572
1.105122 -0.360497
2.433889 -1.837695
2.408869 -1.848506
0.847642 -2.796269
0.083815 -2.175279
-0.115144 2.781449
0.076717 -2.178923
0.085190 -2.179143
0.131039 -2.121018
0.087712 -2.185098
0.071897 -2.182680
-2.624611 0.259188
-2.630831 0.239179
-2.634390 0.244983
-2.634043 0.242796
1.062701 -2.451142
-0.133430 2.784586
-0.099235 2.155993
1.062583 -2.398617
1.710845 -2.789753
3.690632 -0.982569
1.961483 1.135775
-0.131070 2.801155
-2.589425 0.335675
1.203055 2.909088
1.188494 2.913853
1.133392 -3.684798
-0.134172 2.798261
1.119845 -3.669307
4.245120 0.858397
1.269068 -1.413587
1.171652 -0.857451
1.042537 0.563861
2.722153 -1.765408
2.739523 -1.765872
0.704432 -3.923937
-3.010429 -0.691164
0.015858 2.118964
-0.155663 2.781515
1.241561 -0.788446
0.853693 -2.822950
2.517021 -4.129548
2.050202 -2.538239
0.906708 -2.867009
-2.999942 -0.626527
4.238098 0.924013
-2.386183 -0.157892
-2.385127 -0.151299
0.713997 -3.949314
-0.135269 2.786295
-2.614374 0.331085
-2.624186 0.315226
-2.628688 0.498365
1.326893 -1.514153
-0.763229 -2.432030
2.319281 2.598116
2.799145 2.836903
2.799110 2.840555
1.794383 -0.132559
1.785840 -0.157803
-0.136270 2.787347
1.781448 -0.130698
1.800619 -0.150134
1.785009 -0.123438
0.381037 -2.872588
1.336330 -5.284149
2.673246 -3.254135
2.698823 -3.323850
0.709932 -3.936513
0.722852 -3.933588
0.700440 -3.946335
-0.135041 2.791967
0.707710 -3.942787
0.702458 -3.930794
0.705208 -3.943041
0.685288 -3.912476
0.629850 -4.033111
0.697559 -3.927000
0.690093 -3.912076
-2.453827 -4.479263
1.152203 -1.561347
1.145778 -1.563725
4.858624 -1.363393
-0.138615 2.780356
1.159060 -1.543009
-2.999121 -0.688380
0.688925 -3.662813
-0.660706 -2.364020
-0.651062 -2.365231
1.224705 -1.794168
1.486977 -5.273019
0.425215 -3.402176
1.272085 -4.604880
-3.063926 -0.602034
-0.139164 2.790328
-2.447588 -4.503929
0.898651 -2.811877
0.921467 -2.827617
1.360835 -5.127018
2.098333 -1.820412
2.095906 -1.826488
1.322789 -1.526046
3.043081 -2.164389
0.980539 -0.478716
0.709873 -3.929036
-0.132129 2.799397
0.012639 -0.462461
0.705554 -3.930978
2.391061 3.834075
0.835902 -3.586143
1.919924 2.838541
1.952715 2.859565
-0.009218 2.349862
1.379943 -5.154266
1.373279 -5.142883
1.368097 -5.123030
-0.131972 2.772633
1.393206 -5.165324
1.379800 -5.151676
1.376083 -5.149957
1.374885 -5.154465
0.811704 3.271790
0.731909 -3.627597
-3.519214 0.838999
1.359327 -5.123527
1.807485 -0.441943
-2.601862 -0.635518
-0.098821 2.218800
-2.601270 -0.639631
1.915960 1.093640
1.943608 1.112086
-0.424332 -2.240781
2.632411 -3.267792
1.240004 -0.784628
-1.880112 3.310365
0.192884 -3.646495
-0.334085 2.527686
0.101848 -3.249811
-0.103110 2.240753
0.090017 -3.253463
0.095195 -3.257802
-0.337390 -1.617997
-1.884012 3.944429
1.207105 -1.901774
0.009497 -0.475431
1.324619 -5.318541
1.321635 -5.321486
2.254642 2.834283
0.240111 0.402056
-0.053377 2.218956
-2.598676 0.294949
2.356438 2.401830
2.354900 2.390267
2.360646 2.406119
0.721438 -0.858978
1.265244 -1.361438
1.260223 -1.380660
1.448384 0.582505
1.049949 1.861637
1.049419 1.863752
-0.113049 2.180075
0.730139 -2.973534
-3.020857 -0.695504
-3.000484 -0.687599
2.406034 -2.452763
2.395543 -2.464078
2.395242 -2.455817
2.411365 -2.460833
0.858301 -2.803076
0.082501 -2.177618
-3.006588 -0.693336
-0.054889 2.202702
2.284627 -2.139810
2.270470 -2.165739
1.171199 0.749258
0.856273 -3.560902
0.840499 -3.581679
2.591259 -4.236872
1.052138 -2.487226
2.550052 -4.149035
2.519776 -4.133003
0.843174 -2.886377
0.679201 0.332520
0.744189 -1.562211
0.759052 -1.565488
-1.244809 2.116208
-1.308532 2.252478
-1.317824 2.256160
-1.182381 2.133821
-1.327227 2.258080
0.440048 0.052545
-2.666307 0.281813
-0.763694 -2.429997
4.850261 -1.357188
0.395119 1.085322
0.697716 -3.941206
1.014975 0.432376
2.264362 2.847151
1.213536 0.866684
1.205937 0.856680
0.598421 -2.722561
0.594087 -2.727568
0.615105 -2.706807
0.938717 -0.415995
-0.793435 -2.450878
-0.097110 2.183803
0.900775 -2.862267
0.888503 -2.861272
0.898270 -2.870518
0.884584 -2.857547
-2.601552 0.304032
0.232950 0.421444
0.882419 -2.817735
-0.152370 -1.769474
2.989571 1.228974
0.746714 -4.013543
-0.080584 2.211613
2.320143 1.940433
2.324547 1.946729
1.231561 -1.889020
1.237241 -1.900649
-0.031252 -1.620745
1.635893 2.461080
1.634082 2.455331
1.622730 2.462415
0.722106 -2.996817
2.045191 -2.522095
-0.088766 2.157360
1.918701 -1.673413
0.706665 -3.917923
1.950910 1.121660
0.168970 -3.663217
-0.181728 0.443735
-0.161625 0.415863
1.376722 -5.147460
1.039185 -3.575590
1.046756 -3.565157
1.041858 -3.570346
-0.101511 2.177056
1.053475 -3.565153
-2.145649 -4.270866
0.418657 -2.764037
-0.593334 -0.245221
-0.580042 -0.206433
-0.592641 -0.235579
-0.596025 -0.231820
-0.598407 -0.225063
-0.590121 -0.232857
-0.589519 -0.212799
-0.078965 2.211577
-0.583964 -0.214794
1.392766 0.484074
1.391812 0.485172
1.390360 0.492575
1.374838 0.481019
1.238232 -0.481381
2.547660 -4.167341
2.537747 -4.167157
1.024522 0.552977
0.997174 0.535018
-0.083131 2.203675
1.167945 -1.571997
1.169698 -1.542906
1.164487 -1.551442
-2.361835 -1.559357
1.113446 -0.394347
1.107510 -0.331412
-1.411227 -1.574879
-1.383821 -1.546821
-1.380180 -1.615620
-1.376307 -1.542345
-0.081924 2.205820
-1.414373 -1.578181
-1.395032 -1.561380
-1.378350 -1.540281
0.976864 -0.229485
0.459148 -1.862228
0.467432 -1.872694
0.468017 -1.876871
0.481975 -1.865707
0.495253 -1.870267
0.481465 -1.886762
-0.061062 2.226677
0.522514 -1.858978
0.471340 -1.874177
0.434946 -1.874640
0.486458 -1.862098
0.471759 -1.883595
3.005211 -2.161920
2.957006 -2.153602
1.814790 1.034498
-1.859612 3.885555
-1.860697 3.900376
-0.076107 2.206797
0.194410 -2.043820
0.210181 -2.025208
0.203186 -2.041401
1.489674 -0.076172
1.780855 -0.139412
1.358156 -5.218767
-2.586768 0.204828
-2.593671 0.216676
-2.583273 0.203878
1.117864 0.747035
4.856735 -1.352110
0.007742 2.125565
1.125106 0.736321
1.109728 0.748867
1.136545 0.755821
1.136337 0.760930
1.061196 0.506310
1.034399 0.518165
2.087429 1.230278
-1.376164 -1.627966
0.798664 -4.080628
-0.895593 -0.128138
-0.030537 2.240252
-2.631172 0.489201
-2.635580 0.510271
-2.637601 0.487178
3.015683 -2.176625
1.062373 -2.904005
1.067888 -2.920215
1.071831 -2.941602
0.813832 3.268326
0.807901 3.272718
0.812871 3.262217
-0.080412 2.203845
0.814822 3.262749
0.804186 3.279529
-2.499137 0.622160
-2.493080 0.630378
-3.522023 0.853922
-3.569996 0.874440
-0.768723 -2.432931
3.150331 -1.464045
-0.758490 0.172638
1.214971 -1.901901
-0.083577 2.205931
1.197824 -1.910017
-1.937883 3.370944
-0.685126 -2.391177
1.136692 0.283222
1.135902 0.303190
-1.187324 2.142189
-1.187185 2.153552
-1.208252 2.149681
-1.194628 2.164365
-1.230132 2.193943
0.464359 2.218458
-1.211180 2.168153
-1.196071 2.151750
-1.192740 2.157789
-1.226541 2.197279
-1.189886 2.151172
-1.215073 2.176377
0.402933 0.040934
1.192920 0.001208
1.136857 0.752659
1.122256 -0.418602
0.481999 2.213456
0.800752 0.814937
0.843858 0.833988
0.838654 0.852449
0.805472 0.851309
0.834796 0.833027
0.833940 0.839109
0.842117 0.821543
0.851491 0.826234
0.841876 0.824927
0.835630 0.829985
-2.323710 0.567582
0.819009 0.812002
0.857681 0.876746
0.823648 0.839817
0.833462 0.830524
0.840548 0.844722
0.836863 0.838983
0.820607 0.821749
-2.485691 0.622663
1.082864 -0.668176
0.578443 -1.823927
-2.498407 0.477141
-1.862862 3.903579
-1.857904 3.889568
2.287352 -1.807709
1.508015 -2.909910
1.515870 -2.916330
0.463569 2.202240
0.482988 2.219240
4.856189 -1.342516
0.477757 2.209509
0.478689 2.218133
0.489788 2.231786
0.452847 2.196152
0.466365 2.217652
0.465260 2.209755
0.466723 2.216166
0.491138 2.233941
0.476683 2.217386
0.475173 2.215219
4.851125 -1.358948
0.466559 2.201618
0.489067 2.229141
0.486601 2.211118
0.471910 2.218441
0.486787 2.220435
0.466379 2.213227
0.470427 2.208408
0.477828 2.220299
-0.597918 -0.217734
-0.586705 -0.214112
4.837131 -1.358001
-0.544205 -0.266219
-0.587360 -0.241096
-0.579784 -0.204215
-1.472773 0.370314
-0.847753 -0.062446
-0.852091 -0.064717
-0.775888 -0.128186
-0.765146 -0.145438
-0.746435 -0.172561
-0.778636 -0.163832
4.829711 -1.376835
-0.761516 -0.180852
-0.778067 -0.164513
-0.790101 -0.161263
-0.845740 -0.057110
-0.833980 -0.065378
-0.742735 0.192016
-0.656144 0.414755
-0.647508 -0.361839
-0.657625 -0.379740
-0.654079 -0.382944
4.896042 -1.175885
-0.661085 -0.374097
-0.595502 -0.233854
-0.590535 0.124340
-0.579083 0.156302
-0.612185 -0.228864
-0.547588 -0.201401
-0.583714 -0.269710
-0.593481 -0.258946
-0.604517 -0.228221
-0.617199 -0.217334
1.376573 0.477387
5.402550 -1.329190
-2.474684 -3.886917
-2.552526 -3.925982
-2.573083 -3.736187
-2.350841 -3.818016
-2.623524 -4.065087
-2.621202 -3.858696
-2.583651 -4.034060
-2.544652 -3.822511
-2.368098 -3.864311
-2.621994 -4.019490
5.417272 -1.332298
-2.584253 -3.837544
-2.511077 -4.010468
-2.452548 -3.776560
-2.468025 -3.764348
-2.614615 -3.833156
-2.534215 -3.722130
-2.438067 -4.026806
-2.415191 -3.715829
-2.523321 -3.805636
-2.465142 -3.938171
5.408743 -1.333413
-2.442369 -3.845915
-2.488968 -4.023678
-2.297292 -4.012914
-2.385645 -4.077424
-2.652548 -3.828815
-2.572609 -3.836012
-2.567680 -3.768389
-2.494591 -3.813081
-2.445739 -3.887998
-2.409202 -3.732935
5.406909 -1.332452
-2.377629 -3.749840
-2.408163 -3.738975
-2.668611 -3.865622
-2.586262 -3.774025
-2.426799 -3.782862
-2.624634 -3.833387
-2.544807 -3.938813
-2.382047 -3.825946
-2.524401 -4.031301
-2.463628 -3.960243
5.397634 -1.322766
-2.407192 -4.009212
-2.464918 -3.780321
-2.221006 -3.978102
-2.314131 -3.897815
-2.408043 -3.805104
-2.534559 -3.892779
-2.398427 -3.788242
-2.475114 -3.809565
-2.532155 -3.725921
-2.477914 -3.911656
5.433794 -1.346564
-2.608974 -3.848876
-2.370852 -3.994647
-2.551642 -3.787653
-2.643999 -3.978168
-2.299184 -3.862343
-2.421081 -3.793701
-2.458785 -3.810795
-2.496019 -3.854915
-2.604067 -3.805264
-2.378381 -3.794142
5.403771 -1.330391
-2.637600 -3.928953
-2.505159 -3.743394
-2.496219 -3.823980
-2.436131 -3.787888
-2.342751 -3.860133
-2.410133 -3.986774
-2.387698 -3.870058
-2.404502 -3.995258
-2.426968 -3.851525
-2.362985 -3.686214
5.424247 -1.343400
-2.680562 -3.888763
-2.414085 -4.029168
-2.576752 -3.824596
-2.544206 -3.757166
-2.353404 -3.965023
-2.707455 -3.824024
-2.451288 -4.026618
-2.534125 -3.869617
-2.467334 -3.750498
-2.498803 -3.833485
5.042407 -0.925211
-2.398063 -3.991117
-2.397939 -4.044944
-2.451727 -3.902142
-2.481329 -3.963146
-2.560184 -3.721677
-2.394309 -3.965301
-2.529594 -3.761919
-2.368956 -3.875521
-2.466163 -3.800225
-2.645608 -3.769237
5.047790 -0.909775
-2.459730 -3.869835
-2.433953 -4.055187
-2.547696 -3.863199
-2.546066 -3.762137
-2.456504 -4.059829
-2.403014 -3.740805
-2.548189 -4.045313
-2.464527 -3.944436
-2.491043 -3.932458
-2.477518 -3.928202
4.263535 0.907044
5.404283 -1.329638
-2.637300 -4.003796
-2.702139 -3.812055
-2.462983 -3.905025
-2.434217 -3.757313
-2.536956 -3.911743
-2.509095 -3.749484
-2.656062 -3.758767
-2.512832 -3.838361
-2.402409 -3.984546
-2.362066 -3.767232
5.392150 -1.322104
-2.630586 -4.009325
-2.556515 -3.891153
-2.479328 -3.752754
-2.433504 -3.899666
-2.351149 -3.929024
-2.351335 -3.692227
-2.607132 -3.999300
-2.446201 -3.959876
-2.469459 -3.986140
-2.378860 -3.789256
5.395144 -1.322295
-2.433889 -4.005517
-2.553862 -3.880376
-2.313175 -3.909654
-2.328561 -3.927621
-2.459293 -4.054585
-2.570462 -3.743991
-2.589010 -3.961069
-2.380294 -3.935668
-2.602602 -3.850540
-2.597557 -4.012920
5.427973 -1.344231
-2.560606 -3.973605
-2.545044 -3.986187
-2.546864 -3.984233
-2.692561 -3.939600
-2.526484 -3.797919
-2.155173 -3.816354
-2.450133 -3.689349
-2.618938 -3.696953
-2.417539 -3.918689
-2.403509 -4.012356
5.382481 -1.319893
-2.673736 -3.974071
-2.345426 -3.729438
-2.634496 -3.716772
-2.413038 -3.958902
-2.593353 -3.755992
-2.644550 -3.796415
-2.460116 -3.824612
-2.487974 -3.979416
-2.431074 -3.866037
-2.546736 -3.835772
5.407030 -1.332703
-2.545704 -3.855441
-2.576114 -3.798191
-2.580043 -4.026503
-2.458858 -3.906951
-2.509348 -3.916321
-2.533296 -3.786941
-2.387297 -3.933678
-2.331849 -3.987430
-2.531816 -3.863439
-2.427042 -3.924699
5.392421 -1.321486
-2.347441 -3.894919
-2.581765 -3.751229
-2.597940 -3.933457
-2.506132 -3.672704
-2.306058 -3.774527
-2.585288 -3.787166
-2.557552 -3.940173
-2.617703 -3.882881
-2.514516 -3.769221
-2.437438 -3.889564
5.407737 -1.332705
-2.369533 -3.721999
-2.620967 -3.875910
-2.397525 -4.016322
-2.383116 -3.784464
-2.538231 -4.034544
-2.368917 -3.876006
-2.467641 -3.992110
-2.575586 -4.025048
-2.560822 -3.873276
-2.395958 -3.746213
5.393896 -1.324904
-2.372756 -3.958834
-2.412355 -3.849178
-2.435258 -3.966237
-2.541569 -4.076659
-2.363583 -3.802366
-2.470734 -4.040263
-2.575268 -3.850570
-2.529654 -3.943186
-2.443205 -3.983046
-2.387898 -3.814191
5.409364 -1.333589
-2.702323 -3.873538
-2.446577 -3.945063
-2.447016 -3.788764
-2.520472 -3.843178
-2.479566 -3.936456
-2.501230 -3.761131
-2.524325 -3.994977
-2.538735 -3.693537
-2.321642 -3.885126
-2.559700 -3.826096
4.287589 0.894182
5.397194 -1.328106
-2.421273 -3.769976
-2.439529 -3.980013
-2.611637 -3.740035
-2.435390 -3.863159
-2.448904 -3.914672
-2.590463 -3.671461
-2.456497 -3.733953
-2.535897 -3.900255
-2.397990 -3.850770
-2.522181 -3.842018
5.488568 -1.393846
-2.486020 -3.915406
-2.493321 -3.988019
-2.575066 -3.967271
-2.424752 -3.990061
-2.492137 -3.810531
-2.415494 -3.742809
-2.687867 -3.801336
-2.432266 -3.943441
-2.597486 -4.022303
-2.347851 -3.962322
5.578524 -1.452100
-2.366165 -3.946406
-2.378055 -3.780935
-2.334257 -3.952128
-2.631037 -3.899337
-2.593748 -3.955422
-2.366548 -3.775258
-2.531360 -3.759729
-2.447272 -3.979013
-2.342454 -3.802967
-2.569149 -3.828308
5.431167 -1.341303
-2.323147 -3.792631
-2.251256 -3.994852
-2.477424 -3.878981
-2.556791 -3.707321
-2.384272 -3.898572
-2.456919 -3.713265
-2.297196 -3.786947
-2.510860 -3.747971
-2.520726 -3.776742
-2.370177 -3.775170
5.442744 -1.342986
-2.659389 -3.772516
-2.496775 -4.029474
-2.545096 -3.914414
-2.587465 -3.974628
-2.655155 -3.893279
-2.389385 -3.989215
-2.400695 -3.820790
-2.560966 -3.968884
-2.458231 -3.793420
-2.495306 -3.746860
5.405998 -1.331591
-2.515207 -3.792347
-2.311466 -3.860758
-2.413670 -3.768353
-2.453932 -3.667314
-2.575280 -3.805747
-2.620894 -3.947325
-2.504119 -3.916856
-2.605483 -3.868006
-2.604379 -3.753645
-2.697471 -4.048131
5.044549 -0.922268
-2.554337 -3.946121
-2.568956 -3.972641
-2.508641 -3.843395
-2.321132 -3.906081
-2.653725 -3.741192
-2.317882 -3.838480
-2.424847 -4.021931
-2.420570 -3.830243
-2.394371 -3.870277
-2.583591 -3.866956
5.053714 -0.912518
-2.584895 -3.769249
-2.413328 -3.794161
-2.442577 -3.907148
-2.585061 -3.777937
-2.435656 -4.023067
-2.443385 -3.869454
-2.430574 -3.845425
-2.533111 -3.988178
-2.489033 -3.752931
-2.545959 -3.944258
5.045518 -0.911822
-2.426765 -3.977687
-2.692564 -3.963916
-2.488174 -3.992969
-2.418360 -3.894775
-2.526574 -3.968040
-2.398407 -3.966482
-2.526597 -3.710632
-2.371676 -3.933211
-2.474629 -4.029241
-2.508331 -3.952644
5.045274 -0.918693
-2.648574 -3.820955
-2.491486 -3.889083
-2.428586 -3.894497
-2.435400 -3.723456
-2.351880 -4.035868
-2.582656 -3.757557
-2.342699 -3.884631
-2.564600 -3.899818
-2.434439 -3.949557
-2.522403 -3.897420
1.053886 0.501817
5.043260 -0.928271
-2.444016 -3.932072
-2.448032 -3.981274
-2.521734 -4.021986
-2.516021 -3.962849
-2.407000 -3.812043
-2.592381 -3.741699
-2.399587 -3.867769
-2.446533 -3.750186
-2.444527 -3.835799
-2.379577 -3.940487
5.052623 -0.915073
-2.447951 -3.753218
-2.425237 -3.894034
-2.475346 -3.846366
-2.429429 -3.997563
-2.667823 -3.782702
-2.526150 -3.696433
-2.705494 -3.892583
-2.470574 -3.986568
-2.499307 -3.971964
-2.433253 -3.830323
5.047353 -0.918671
-2.443891 -4.013570
-2.503606 -3.771745
-2.410367 -3.780438
-2.532388 -3.937121
-2.448328 -3.840026
-2.473753 -3.940194
-2.580060 -3.895210
-2.469760 -3.954437
-2.448734 -3.781891
-2.503951 -3.794443
5.047540 -0.933869
-2.436874 -3.718941
-2.562114 -3.838838
-2.541416 -3.851670
-2.408957 -3.831263
-2.559934 -3.881487
-2.455551 -3.784698
-2.441637 -3.841566
-2.650734 -3.943594
-2.586871 -3.999819
-2.648792 -3.990738
5.052279 -0.901200
-2.424268 -3.744457
-2.387047 -3.946481
-2.437404 -3.641538
-2.511877 -3.959949
-2.395376 -4.015864
-2.447776 -3.999985
-2.556725 -3.941097
-2.332522 -4.096182
-2.520877 -3.755379
-2.334434 -3.905521
5.045017 -0.924903
-2.486649 -3.781822
-2.578106 -3.798338
-2.567214 -3.883316
-2.402838 -3.782895
-2.399010 -3.880131
-2.338727 -3.787574
-2.500396 -3.751735
-2.577377 -3.844654
-2.463202 -3.983865
-2.444400 -3.906802
5.050630 -0.915365
-2.475538 -3.790504
-2.588749 -3.890617
-2.615840 -3.975321
-2.282036 -3.932020
-2.495940 -3.857359
-2.517247 -3.762736
-2.416975 -3.972499
-2.554183 -3.775468
-2.481824 -3.872694
-2.368575 -3.833369
5.039755 -0.918395
-2.555224 -4.003584
-2.219551 -3.871399
-2.594692 -3.829853
-2.547053 -3.915854
-2.420966 -3.948846
-2.425902 -3.880833
-2.569293 -3.780907
-2.397910 -3.912785
-2.448457 -3.828042
-2.517834 -4.005172
4.918063 -1.197226
-2.434287 -3.825129
-2.571211 -3.773139
-2.541683 -3.849911
-2.430601 -3.766620
-2.400096 -3.837880
-2.658630 -3.965712
-2.649429 -3.845810
-2.386737 -3.786982
-2.560166 -3.994776
-2.500462 -4.028069
4.906427 -1.161915
-2.455175 -3.796779
-2.457489 -4.031063
-2.338258 -3.973459
-2.662394 -3.921742
-2.450048 -3.920292
-2.485899 -3.808025
-2.552915 -3.827479
-2.337587 -3.802417
-2.499279 -3.811406
-2.387707 -3.730458
-0.554104 0.672035
4.913749 -1.166479
-2.328153 -4.059234
-2.504145 -3.681417
-2.385138 -3.981011
-2.439219 -4.013050
-2.335284 -3.764391
-2.537933 -3.940981
-2.415917 -3.860209
-2.562698 -3.954295
-2.380115 -3.645200
-2.343598 -3.976419
4.902722 -1.185836
-2.407766 -3.880589
-2.437532 -3.808175
-2.397531 -3.852560
-2.402719 -3.932050
-2.587327 -3.779836
-2.631563 -3.994629
-2.590014 -3.702938
-2.366203 -3.895812
-2.622620 -3.864922
-2.531997 -3.756344
-2.562503 5.706031
-2.367168 -3.854303
-2.379061 -3.889817
-2.516295 -3.882744
-2.387335 -3.776180
-2.392354 -3.914014
-2.402950 -3.786800
-2.474400 -3.891885
-2.365710 -3.864319
-2.518344 -3.765949
-2.385772 -3.975706
-2.540724 5.736368
-2.536336 -3.935694
-2.389607 -3.801980
-2.460757 -3.788314
-2.383962 -3.938378
-2.562696 -3.786057
-2.622145 -3.906138
-2.307315 -3.868369
-1.397922 -1.567112
-2.298026 -3.400330
-2.542917 -3.892460
-2.574522 5.714859
-2.609569 -3.923031
-2.501679 -3.918375
-2.312951 -3.901945
-2.537784 -3.848697
-2.372757 -3.946051
-2.487294 -3.952437
-2.311651 -3.878062
-2.501924 -4.030774
-2.468674 -3.929432
-2.514954 -3.882067
-2.567886 5.724991
-2.495409 -4.045364
-2.608631 -3.953066
-2.444485 -3.805336
-2.576360 -3.998517
-2.586857 -3.930255
-2.375310 -3.788018
-2.628340 -3.822369
-2.514668 -3.966244
-2.564746 -3.689273
-2.469255 -3.969208
-2.557843 5.725587
-2.525391 -4.022335
-2.563177 -3.786510
-2.501871 -4.056166
-2.485709 -3.996638
-2.363017 -3.791694
-2.432756 -3.943863
-2.602692 -3.833256
-2.434046 -3.974948
-2.382046 -3.827877
-2.432074 -3.691652
-2.559516 5.724494
-2.434746 -3.917709
-2.432284 -3.854802
-2.455854 -3.847845
-2.616236 -3.773003
-2.246036 -3.911432
-2.588387 -3.952793
-2.435990 -3.804311
-2.396738 -3.885530
-2.536132 -3.960344
-2.421082 -3.742808
-2.670698 4.629280
-2.361601 -3.964032
-2.300380 -3.879509
-2.554655 -4.022099
-2.320015 -3.807205
-2.595656 -3.894316
-2.589811 -3.834394
-2.419486 -3.798555
-2.428942 -3.773766
-2.540169 -3.860871
-2.365140 -4.020299
-2.618328 5.138651
-2.562408 -3.735625
-2.432140 -3.738967
-2.424306 -3.943864
-2.350428 -4.033591
-2.396894 -3.850685
-2.400989 -3.935965
-2.571714 -3.851846
-2.411103 -4.021041
-2.611860 -3.963554
-2.427520 -3.870935
