115 2
1.910963 1.365272
3.000716 2.335526
3.075551 2.297399
2.492953 1.514284
3.062034 3.059097
2.211242 1.817940
2.754438 3.200230
2.660179 1.484685
2.351133 2.069207
1.785178 1.889027
2.078024 1.843107
2.865995 3.076040
2.474839 1.988241
3.234903 2.400126
2.208069 1.971395
2.140015 1.908487
2.265671 1.865908
2.703883 3.062916
2.782498 3.188336
2.966224 2.545158
1.771577 1.259506
2.658304 1.559071
1.840323 1.278836
1.888920 1.230801
2.186882 1.692735
1.747870 1.207869
1.566139 1.911825
3.211495 2.317448
1.777417 1.214849
1.881084 1.112406
1.610363 1.284636
2.526157 2.631863
2.003890 3.020787
1.691588 2.941814
1.897908 3.164481
1.271150 2.632679
1.788418 3.155589
1.809134 2.980704
3.277953 2.552193
1.924453 3.088204
1.915952 3.018733
2.423311 2.873946
2.362393 2.772511
1.760775 3.034308
1.796199 2.940566
2.593410 2.539909
2.722794 2.395491
1.460838 2.453929
2.684442 2.770927
3.075059 2.513036
2.473504 2.823853
2.055705 2.264971
2.554577 2.699802
2.604939 2.864664
2.301230 2.782167
3.035512 2.150116
3.038094 2.094812
3.544897 2.952158
2.409808 2.767488
2.373937 2.204132
3.333691 2.467237
2.514666 2.695796
2.534323 2.946794
3.358374 2.805601
1.704883 3.018910
1.717643 3.005063
1.398858 1.919701
1.523140 2.597520
3.362331 2.685945
3.345563 2.812236
3.567288 2.842703
1.758385 1.177464
3.438993 2.970562
2.985979 3.198582
3.432012 2.966172
3.405149 2.703599
2.146663 2.656007
3.457322 2.921652
3.376327 2.861511
2.958649 2.213797
3.145940 2.202541
1.550892 2.315177
1.529201 1.851766
2.536459 1.594598
1.287073 2.426491
1.282645 2.332929
1.779212 2.095372
1.309389 2.564094
1.409016 2.278704
2.759498 3.198944
1.225225 2.491158
1.328659 2.608643
1.266667 2.610809
3.224810 2.549442
2.072693 1.928817
2.871904 3.094627
2.948756 3.107069
2.547973 1.801041
2.512592 1.339569
2.782732 1.816557
2.738438 1.500474
2.552186 1.703346
2.756686 1.757167
1.531575 1.794118
2.575132 1.743234
1.288648 2.301696
1.376868 2.309492
1.511066 2.639556
1.513650 1.771065
1.540134 1.950405
2.008008 1.733108
1.511098 1.787286
1.446208 1.944467
2.665709 1.462905
2.308526 1.705348
