115 2
2.398963 1.369260
3.199215 -0.290500
3.018273 -0.395032
2.835630 0.956431
2.473877 -0.492134
2.663444 0.499442
2.504412 -0.394771
2.901240 0.837008
2.644530 0.732084
2.156909 0.660937
2.390909 0.593656
2.451057 -0.447534
2.396203 0.575357
3.223039 -0.136170
2.644210 0.579899
2.601716 0.467204
2.574966 0.434385
2.513367 -0.549936
2.433786 -0.212501
3.024763 -0.202867
2.268198 1.247484
2.934505 0.937234
2.331802 1.289013
2.453527 1.341723
2.574272 0.621076
2.404716 1.473278
1.876852 1.053163
3.168985 -0.378783
2.491931 1.295676
2.249974 1.274783
2.388638 1.393493
1.922529 -0.709786
1.669139 -0.171969
1.693474 0.075640
1.907852 -0.040156
1.450761 0.284125
2.004813 0.014935
1.786106 -0.066104
3.267646 -0.389075
1.817266 0.080188
1.913593 0.011197
1.802620 -0.540543
1.955473 -0.482396
1.692158 -0.101802
2.092477 0.248524
2.166857 -0.713210
2.792157 -0.351786
1.449287 0.506008
2.228374 -0.936599
3.200298 -0.306234
1.889154 -0.605533
2.291700 0.477884
2.109563 -0.716579
2.244730 -0.749949
1.867308 -0.581463
2.909653 -0.296512
2.889247 -0.253169
3.134734 -0.881124
2.076495 -0.668935
2.574927 0.367354
3.235943 -0.351660
2.168407 -0.899155
2.123995 -0.777662
2.755714 -0.909978
1.844795 0.043612
1.761203 0.151770
1.737731 1.010419
1.482988 0.378938
2.971649 -0.828146
2.912315 -0.872293
3.058259 -0.844055
2.322223 1.418205
2.912452 -0.852225
2.328059 -0.431386
2.775903 -0.963838
3.016966 -0.746464
2.054703 0.410376
2.843398 -0.803060
2.996913 -1.019990
2.815944 -0.227489
2.947934 -0.476147
1.603237 0.546993
1.939338 0.990002
3.110073 0.894258
1.431892 0.737558
1.474533 0.807022
1.976929 0.715994
1.503991 0.527249
1.621002 0.586806
2.332902 -0.245887
1.392081 0.704008
1.363247 0.462350
1.347398 0.518675
3.209237 -0.450749
2.493686 0.413516
2.463225 -0.307285
2.613212 -0.496038
3.032633 0.789653
2.897244 1.011719
3.076339 0.887417
3.050982 0.986677
3.040057 0.816996
3.139139 0.896287
1.937212 0.927674
3.183568 0.722636
1.469774 0.814039
1.914420 0.767157
1.583628 0.636475
2.016492 0.914946
1.866365 1.038641
2.355956 0.786631
1.860106 0.978528
1.806103 0.950783
2.990390 0.728740
2.657849 0.548372
