115 2
-0.058066 -0.628004
-0.462678 0.906412
-0.569077 0.881135
0.032188 -0.079657
-1.159596 0.879174
-0.782341 -0.023571
-1.165294 0.511653
0.024616 0.021602
-0.592010 0.124751
-0.792065 -0.579094
-0.663926 0.125215
-1.179888 0.534587
-0.819577 -0.073207
-0.568580 0.991214
-0.802621 -0.005215
-0.655448 -0.079497
-0.548377 -0.028904
-1.164111 0.707061
-0.957891 0.488355
-0.856737 0.776410
-0.212092 -0.662320
-0.061977 -0.037107
-0.019897 -0.629259
-0.082493 -0.703391
-0.607020 -0.162370
-0.277131 -0.690248
-0.721908 -0.900965
-0.705473 1.198897
-0.183671 -0.550793
-0.014679 -0.692371
-0.168115 -0.743066
-1.619982 0.487386
-1.712481 -0.008963
-1.653302 -0.083569
-1.495690 -0.265184
-1.628477 -0.670838
-1.445359 -0.214862
-1.681318 -0.088479
-0.831766 1.276349
-1.704991 -0.099632
-1.536461 0.100211
-1.713105 0.569538
-1.614714 0.455723
-1.745304 -0.206617
-1.680101 -0.170780
-1.519527 0.612988
-0.834757 0.588307
-1.287561 -0.848980
-1.688183 0.748394
-0.724815 1.087087
-1.780241 0.584622
-0.957421 0.154725
-1.625780 0.682995
-1.425401 0.753114
-1.800918 0.627429
-0.717254 0.711479
-0.569096 0.517402
-1.085564 1.478578
-1.716979 0.651122
-0.689851 0.182185
-0.660695 1.161257
-1.726362 0.753325
-1.560363 0.604732
-1.289736 1.341748
-1.698132 -0.162589
-1.598780 -0.276354
-0.747034 -0.956806
-1.558939 -0.707676
-1.278083 1.396800
-1.182373 1.267590
-1.059578 1.377715
-0.122912 -0.747835
-1.061872 1.397760
-1.143338 0.775468
-1.248513 1.355979
-1.152028 1.293469
-1.228195 -0.214219
-1.293074 1.402222
-1.211335 1.391265
-0.683317 0.631828
-0.610592 0.687767
-1.288675 -0.641919
-0.935180 -0.835521
-0.067231 0.169068
-1.329971 -0.842932
-1.261036 -0.878702
-0.967172 -0.398681
-1.488514 -0.704526
-1.070567 -0.691005
-0.981445 0.692060
-1.496360 -0.886578
-1.680366 -0.766390
-1.541911 -0.843582
-0.873346 1.153840
-0.856131 -0.202100
-1.105398 0.625401
-0.993062 0.803376
-0.110324 0.035293
0.059045 -0.024906
-0.061423 0.233994
0.010605 -0.026201
-0.064176 0.120996
-0.036700 0.233574
-0.681927 -0.902219
-0.162492 0.164562
-1.218713 -0.830691
-1.183182 -0.836184
-1.429601 -0.751112
-0.851408 -0.755081
-0.670415 -0.838878
-0.716990 -0.212670
-0.861720 -1.009574
-0.868145 -0.833148
-0.118778 -0.161770
-0.734884 -0.010592
