115 2
-1.426509 -0.544617
0.747256 -0.317466
0.434062 0.071225
-0.036711 -1.246119
0.128942 0.008733
-0.255011 -1.299330
-0.104093 -0.043065
0.124473 -1.262375
-0.258591 -0.950763
-0.734071 -0.514468
-0.480839 -1.074377
0.074571 -0.263720
-0.158068 -0.910826
0.720572 -0.186558
-0.407471 -1.106634
-0.383490 -1.362115
-0.457607 -1.122733
0.015948 -0.068966
0.056474 -0.230575
0.682139 -0.161239
-1.384490 -0.212511
-0.005411 -1.199174
-1.395911 -0.407491
-1.334502 -0.202475
-0.595215 -1.214472
-1.489234 -0.394730
-1.445568 -0.942071
0.757677 -0.094177
-1.478180 -0.244225
-1.461792 -0.331255
-1.505933 -0.298951
-0.207005 0.389467
-0.492560 0.068689
-0.660308 -0.233946
-0.719799 -0.070388
-0.699944 -0.565863
-0.540724 -0.049754
-0.444413 -0.025725
0.824473 0.012380
-0.601741 0.025596
-0.510104 -0.030458
-0.275770 0.296120
-0.292155 0.493393
-0.692905 0.035360
-0.700200 -0.030331
-0.106892 0.633140
0.223909 0.171332
-0.690008 -0.810545
0.009618 0.597324
0.685073 -0.227036
-0.179915 0.569847
-0.107044 -0.619658
-0.122074 0.405683
-0.117697 0.469169
-0.365073 0.691476
0.430316 0.062209
0.425674 -0.041773
0.731541 0.570649
-0.227844 0.415796
-0.136784 -0.607568
0.783503 0.034914
-0.082094 0.599819
-0.171881 0.389349
0.427531 0.539596
-0.690115 -0.035184
-0.686624 -0.192000
-1.244383 -0.854969
-0.684805 -0.558375
0.615925 0.396929
0.459448 0.379652
0.704701 0.489340
-1.506157 -0.381431
0.501115 0.445605
0.133390 -0.039942
0.363386 0.563384
0.601569 0.441255
-0.820885 -0.212418
0.455051 0.507744
0.537876 0.624995
0.293866 -0.032217
0.493967 0.200618
-0.928873 -0.738585
-1.262351 -1.072567
0.110524 -1.120968
-1.025826 -0.895528
-1.010286 -0.802518
-0.789647 -0.883305
-0.772247 -0.553329
-0.709004 -0.785259
-0.023610 -0.253346
-1.006776 -0.658880
-0.885179 -0.601335
-0.986373 -0.568568
0.815622 -0.013217
-0.505285 -1.216506
0.009613 -0.144000
0.339014 -0.138843
0.218776 -1.173024
0.021025 -1.144299
0.280823 -1.168611
0.190573 -1.128861
0.072684 -1.283536
0.214666 -1.195798
-1.292929 -1.062992
0.369939 -1.192896
-0.892611 -0.631798
-0.865206 -0.929377
-0.783741 -0.747332
-1.284729 -1.029624
-1.342943 -1.077094
-0.615752 -1.273410
-1.398860 -0.858057
-1.253606 -1.011266
0.145340 -1.289325
-0.313920 -1.392745
