115 2
0.335796 -0.846325
1.732828 -0.222575
1.802381 -0.271714
0.947672 -0.925395
1.561940 0.422093
0.965571 -0.483982
1.342749 0.214036
1.185587 -0.872461
0.824516 -0.608753
0.396129 -0.419256
0.819771 -0.298848
1.293382 0.355371
0.893726 -0.555488
1.745994 -0.018904
1.050955 -0.347865
1.037690 -0.392882
0.860867 -0.375464
1.406781 0.327780
1.376478 0.120668
1.597790 -0.056167
0.324796 -0.882574
1.015252 -0.954583
0.382340 -0.803678
0.231796 -0.964477
0.744122 -0.432114
0.215113 -0.966878
0.127595 -0.389538
1.857715 -0.100488
0.446758 -1.055320
0.364435 -1.053630
0.289129 -0.846031
1.079625 0.666149
0.699004 0.653292
0.537730 0.460160
0.489382 0.347400
0.059148 0.411484
0.465741 0.445048
0.487472 0.735743
1.805892 -0.019452
0.536160 0.403779
0.574325 0.598037
1.129293 0.721487
1.136873 0.601243
0.363033 0.508578
0.562502 0.235753
1.214970 0.550503
1.665731 -0.261450
-0.067220 0.280600
1.604429 0.732378
1.869545 -0.079024
1.200894 0.739558
0.900913 -0.177154
1.328027 0.796625
1.295181 0.590734
1.088403 0.701303
1.668279 -0.396395
1.539689 -0.389515
2.049566 0.416681
1.298870 0.735615
1.077125 -0.260944
1.970440 0.054790
1.357718 0.779655
1.181190 0.723075
1.842689 0.565126
0.596175 0.563461
0.457290 0.395596
0.105482 -0.237406
0.003305 0.157687
2.088610 0.319147
2.097671 0.499629
2.064150 0.471882
0.264379 -0.999335
2.104523 0.504531
1.289967 0.352347
1.988394 0.434940
2.100668 0.237430
0.796054 0.182311
2.015347 0.347495
2.046419 0.284902
1.469014 -0.367259
1.760468 -0.317532
-0.045794 0.174530
0.084177 -0.288566
1.221274 -1.034165
-0.214217 0.123428
-0.304204 0.218910
0.206085 -0.521791
-0.047507 0.216026
-0.024941 0.176997
1.182302 0.191680
-0.255345 0.277560
-0.084508 0.400871
-0.252091 0.234820
1.772700 0.031021
0.784145 -0.185817
1.271678 0.150561
1.489542 0.236063
1.267642 -0.979533
1.119143 -1.113306
1.269818 -1.012158
1.077711 -1.043949
1.123387 -0.884716
1.102954 -0.951669
0.181294 -0.343178
1.264084 -0.954132
-0.175348 0.122592
-0.022366 -0.008107
-0.067303 0.432772
0.270115 -0.235911
0.252445 -0.407143
0.680054 -0.452323
0.019964 -0.370300
0.096327 -0.369492
1.007578 -0.994762
0.971838 -0.412944
