115 2
2.355226 1.288712
2.226052 -0.218131
2.236311 -0.374426
2.717737 0.791426
1.137080 -0.004384
2.126586 0.690227
1.213355 0.070321
2.576857 0.823762
2.022361 0.715480
1.753760 1.013454
1.985329 0.924171
1.094259 -0.064984
1.885594 0.662609
2.040029 -0.276128
1.986845 0.725100
1.973750 0.647316
2.030852 0.775202
1.202102 -0.062975
1.098727 0.074093
2.019943 -0.088276
2.421809 1.483491
2.584066 0.740865
2.412986 1.322892
2.332657 1.382494
2.149568 0.927374
2.359813 1.448701
1.897407 1.396919
2.137548 -0.329428
2.379832 1.259833
2.448575 1.475331
2.239092 1.300635
1.541961 0.150259
0.955285 0.488498
1.011952 0.650417
0.754452 0.678691
1.006862 1.232467
0.862691 0.494500
1.011467 0.603939
1.978598 -0.392721
0.949717 0.545443
0.966753 0.495555
1.609733 0.101759
1.480432 0.114204
0.883651 0.511899
0.999195 0.738670
1.750856 0.027472
2.092160 -0.033202
1.182428 1.313069
1.689187 -0.218608
1.864343 -0.146356
1.526285 0.063345
1.670301 0.554092
1.644189 -0.062171
1.607505 -0.032535
1.603942 0.008384
2.219048 -0.354238
2.296796 -0.027554
1.433462 -0.644799
1.781150 0.104885
1.815966 0.555844
1.997092 -0.434210
1.632095 -0.106096
1.732991 0.115874
1.378614 -0.566068
0.750565 0.471817
0.849903 0.590785
1.632984 1.512851
1.029954 1.169398
1.759764 -0.651773
1.390694 -0.667716
1.579548 -0.727373
2.290328 1.445059
1.468342 -0.596483
1.077415 -0.278146
1.434842 -0.545116
1.714572 -0.671722
1.467027 0.392859
1.425678 -0.769521
1.559400 -0.732908
2.338273 -0.084057
2.164319 -0.443994
1.108395 1.327549
1.750113 1.429257
2.597470 0.569018
1.218149 1.504254
1.354436 1.431149
1.691883 1.105649
0.957630 1.160470
1.248658 1.339036
1.046716 0.070445
0.885860 1.286521
1.019046 1.294210
1.009558 1.359595
1.970137 -0.429936
1.901759 0.920817
1.120427 0.068594
1.305219 -0.226134
2.734067 0.577106
2.681648 1.037511
2.725365 0.572556
2.649849 0.811641
2.545461 0.753736
2.706259 0.585432
1.744862 1.563376
2.615130 0.599640
1.172945 1.438395
1.349706 1.502810
1.131152 1.373835
1.700758 1.382272
1.775983 1.390106
2.012756 0.875286
1.641211 1.478584
1.741784 1.536011
2.664991 0.815527
2.059561 0.764407
