115 2
1.142172 0.694172
2.269904 1.437311
2.666392 1.444263
1.810955 0.644754
2.129660 2.175831
1.880928 1.136155
2.082121 1.909371
1.766242 0.504917
1.572983 1.021000
1.512414 1.660891
1.794867 1.324802
2.284207 2.035412
1.707983 0.920016
2.176174 1.642663
1.900817 1.235409
1.831673 1.176853
1.762163 0.989718
2.170820 1.864138
2.152459 1.962116
2.520553 1.750844
1.218654 0.792376
1.761170 0.572720
0.986011 0.656321
0.994833 0.743547
1.804756 1.265309
1.008142 0.839339
1.170768 1.415691
2.440556 1.723891
1.079834 0.720786
0.923604 0.696452
0.998053 0.649706
2.740899 1.820854
1.388554 2.405745
1.343018 2.377723
1.445856 2.184222
0.747702 2.025332
1.482485 2.530325
1.677197 2.398030
2.397423 1.745056
1.431407 2.272204
1.675522 2.373678
2.953645 1.904946
2.830125 1.963051
1.503429 2.366575
1.525949 2.253029
3.038397 1.859922
2.676885 1.457389
0.952297 1.964987
2.903709 1.948089
2.360902 1.645149
2.882341 2.037448
1.467581 1.177633
2.975928 1.977240
2.850205 2.045804
2.957946 1.951813
2.532874 1.391976
2.422120 1.323577
2.450459 2.568297
2.988823 1.910399
1.828627 1.040634
2.478046 1.638410
2.964957 2.122861
3.098011 1.887097
2.273286 2.522033
1.574674 2.456252
1.387766 2.471844
0.914713 1.453730
0.847284 2.110651
2.565242 2.456190
2.400257 2.594082
2.338283 2.436624
1.104082 0.760759
2.337084 2.480236
2.286576 2.010101
2.474256 2.600347
2.598160 2.421970
1.610629 1.814789
2.516270 2.533421
2.502346 2.587388
2.556987 1.362900
2.704412 1.449911
0.867913 1.725251
1.138454 1.407290
1.932163 0.627484
0.728668 1.930553
0.834410 1.766738
1.055145 1.200145
1.062626 1.987708
0.913596 1.887028
2.058317 2.026156
0.875450 2.032289
0.801472 2.028378
0.733669 2.017369
2.458181 1.758421
1.729630 1.338898
2.129371 2.106484
2.190747 2.160670
2.046124 0.659171
1.701896 0.520510
1.975399 0.557501
2.022700 0.522228
1.954506 0.759694
2.216065 0.623088
1.117038 1.240536
2.094263 0.735696
0.781159 1.850268
1.014225 1.678805
0.922780 1.883593
1.235720 1.497700
1.108736 1.449094
1.634971 1.169911
1.075288 1.418742
1.083740 1.519614
1.799592 0.556921
1.925112 1.121825
