115 2
1.342139 -2.487553
1.499744 -1.311212
1.751978 -1.161820
2.110298 -2.361001
2.009187 -0.424961
2.241997 -2.066856
2.218317 -0.659898
2.025779 -2.485975
1.767588 -2.152169
1.378305 -1.743256
2.056546 -1.905431
2.232686 -0.537969
1.815208 -2.016004
1.480971 -1.133751
2.193861 -1.861156
2.164831 -1.963209
2.110935 -2.029518
2.200032 -0.656257
2.094619 -0.778779
1.729700 -0.783077
1.166604 -2.582292
1.803614 -2.444876
1.149566 -2.551478
1.287474 -2.612226
2.050272 -2.083085
1.207316 -2.494823
1.240808 -1.809859
1.531895 -0.924299
1.328224 -2.719893
1.282695 -2.619518
1.227115 -2.413471
2.185150 -1.198563
0.867974 -1.147305
0.829698 -0.901353
0.844740 -1.035936
0.580074 -1.660549
0.796626 -1.052993
0.801295 -0.874973
1.476679 -0.670626
0.722873 -1.138340
0.852394 -0.965441
2.394487 -1.064531
2.320667 -1.003519
1.007597 -0.904047
0.770903 -1.087432
2.159705 -1.280581
1.905797 -1.139295
0.774485 -1.803874
2.294995 -1.131695
1.372331 -1.187279
2.310074 -1.171264
1.699865 -1.684770
2.229954 -1.173329
2.275746 -1.211224
2.216533 -1.218962
1.551818 -1.064309
1.815799 -1.187631
1.475771 -0.335220
2.166856 -1.068883
1.996764 -1.737152
1.524455 -0.775655
2.144183 -1.164847
2.409323 -1.247927
1.448469 -0.475549
0.743665 -0.933920
0.728158 -0.985099
0.997624 -1.742166
0.668802 -1.820492
1.439340 -0.465823
1.367726 -0.315650
1.289804 -0.363345
1.239935 -2.556011
1.509967 -0.356885
2.053649 -0.432719
1.608868 -0.407175
1.426046 -0.314942
1.209869 -1.272053
1.611264 -0.345198
1.440583 -0.383216
1.903390 -1.283761
1.730317 -1.225795
0.731907 -1.804735
1.259640 -1.894657
1.823698 -2.496213
0.653043 -2.032490
0.769076 -1.832073
1.005857 -2.202914
0.721119 -1.557007
0.875864 -2.037582
2.095523 -0.681200
0.582774 -1.717494
0.621195 -1.750925
0.575598 -1.926895
1.655853 -0.792265
1.963738 -1.871644
2.106279 -0.573627
2.009342 -0.482736
2.073298 -2.413291
1.666359 -2.606906
1.925798 -2.468966
1.870704 -2.584337
2.110129 -2.433886
1.931828 -2.424799
1.194592 -1.967123
1.849956 -2.314284
0.602536 -1.742376
0.955719 -2.005787
0.730517 -1.911565
1.257632 -1.968066
1.250575 -1.660243
1.982473 -1.982611
1.063419 -1.861330
1.288048 -1.722441
1.764175 -2.529948
2.195422 -2.059860
