115 2
0.925132 0.156993
2.431593 0.146553
2.221341 0.078620
1.351957 0.453039
2.350512 -0.484083
1.425762 -0.156250
2.081723 -0.459959
1.371073 0.491289
1.442010 -0.452658
1.216620 -0.414365
1.387263 -0.148819
2.100882 -0.679522
1.569572 -0.334862
2.571446 -0.032950
1.450764 -0.083935
1.356795 -0.245498
1.450760 -0.282786
2.185914 -0.558888
2.059473 -0.627868
2.466684 -0.058363
0.932423 0.240230
1.290179 0.407763
0.866129 0.330657
0.817436 0.193860
1.245512 -0.119534
0.825905 0.165304
0.747605 -0.375426
2.527489 -0.013884
0.843119 0.329158
0.760107 0.330658
0.747681 0.249762
2.192789 -1.100041
1.702745 -1.209444
1.561949 -1.078584
1.388749 -1.099871
0.959441 -1.199084
1.539799 -1.133742
1.567123 -1.231553
2.661947 0.006433
1.378707 -1.238944
1.578952 -0.973755
2.249266 -1.123954
2.262811 -1.136836
1.673522 -1.201000
1.391705 -1.108639
2.282969 -0.794140
2.105363 -0.069415
0.775609 -1.141427
2.522770 -0.980564
2.392307 -0.081984
2.149080 -0.907400
1.646377 -0.681460
2.414879 -0.953072
2.379936 -1.006697
2.266041 -1.119571
2.154066 0.099834
1.950086 0.159293
2.952626 -0.236384
2.341201 -0.994876
1.784754 -0.514109
2.711543 -0.061884
2.399940 -0.946938
2.181006 -0.837069
2.944127 -0.438503
1.648045 -1.108696
1.482098 -1.190673
0.679453 -0.498067
0.916884 -1.029366
3.020966 -0.352496
2.962460 -0.430312
2.977951 -0.355511
0.712260 0.213996
2.799272 -0.479299
2.202097 -0.550599
2.980539 -0.385468
2.925863 -0.327928
1.478500 -0.754493
2.819019 -0.400173
3.036402 -0.612009
1.897193 0.173629
2.255459 0.033210
0.967453 -1.037037
0.735114 -0.387109
1.588151 0.330858
0.775990 -0.958318
0.680347 -1.039826
0.934207 -0.642673
0.819432 -1.206578
0.737775 -0.827096
2.060699 -0.457081
0.584879 -1.020543
0.776538 -1.098072
0.652259 -1.116276
2.593720 -0.127179
1.388378 -0.231598
2.072461 -0.635494
2.451563 -0.418647
1.658976 0.481939
1.285957 0.371468
1.565940 0.434096
1.525303 0.409790
1.432475 0.313235
1.668404 0.393688
0.657657 -0.392466
1.621031 0.358523
0.596407 -0.894548
0.805143 -0.921057
0.596042 -1.021967
0.779493 -0.443840
0.572384 -0.302334
1.096889 -0.140834
0.528226 -0.417333
0.812082 -0.462179
1.506360 0.536623
1.325616 -0.156967
