115 2
-1.297611 -0.423454
-0.928033 0.911624
-0.923133 0.956141
-1.354033 0.230217
-0.133442 1.300498
-0.883443 0.255092
-0.006615 1.217534
-1.478463 0.240899
-1.034007 -0.038278
-0.683215 -0.136271
-0.793988 0.240568
-0.036257 1.222811
-0.530625 0.240684
-0.652707 0.739757
-0.704939 0.114482
-0.726264 0.140197
-0.843240 0.239639
0.089041 1.273246
0.059565 1.193165
-0.666809 0.818524
-1.282196 -0.485948
-1.401740 0.042638
-1.232866 -0.529782
-1.337951 -0.418045
-0.884319 0.032216
-1.316664 -0.584939
-0.714555 -0.548286
-0.755072 1.005973
-1.513154 -0.359645
-1.337494 -0.282729
-1.229615 -0.501675
-0.012957 0.527860
0.267784 0.233039
0.251214 -0.207203
0.109577 -0.111339
-0.034020 -0.736907
0.229742 -0.082780
0.231562 0.092266
-0.699545 1.045614
0.150384 0.077359
0.147563 0.116510
0.186124 0.701724
0.004395 0.625641
0.189587 0.034530
0.140018 0.016291
-0.185750 0.685330
-0.793511 0.849665
-0.160507 -0.545031
-0.029430 0.759454
-0.652379 0.810597
-0.038466 0.693666
-0.373832 0.133186
0.099313 0.849394
-0.017039 0.760960
0.154757 0.594766
-1.021567 0.899807
-1.167417 0.862547
-0.627664 1.491465
0.061928 0.649823
-0.461757 0.350939
-0.821130 1.135980
0.119062 0.672325
0.121537 0.711136
-0.421827 1.428805
0.132474 -0.101968
0.148147 -0.028447
-0.773705 -0.758875
-0.210690 -0.642466
-0.652431 1.376975
-0.560640 1.525179
-0.626304 1.429461
-1.379157 -0.463344
-0.706275 1.583114
-0.142451 1.342600
-0.478770 1.464080
-0.898531 1.294088
-0.280863 0.384236
-0.540082 1.349472
-0.657555 1.406137
-0.893166 0.774657
-0.993650 1.166838
-0.186390 -0.484581
-0.807351 -0.529179
-1.379182 0.443098
-0.255470 -0.681879
-0.323134 -0.702470
-0.358812 -0.437604
-0.128984 -0.564247
-0.321824 -0.588763
0.111391 1.281278
-0.187682 -0.793747
-0.036292 -0.755153
-0.243791 -0.835496
-0.551113 0.998402
-0.722287 0.123904
0.006985 1.254952
-0.129730 1.160107
-1.429550 0.347379
-1.491042 0.210623
-1.362078 0.415474
-1.409331 0.131691
-1.245938 0.211809
-1.331192 0.426445
-0.697000 -0.683392
-1.335945 0.420737
-0.251313 -0.777834
-0.592933 -0.494473
-0.196267 -0.703243
-0.722649 -0.414525
-0.846542 -0.415142
-0.850124 -0.209132
-0.779431 -0.686825
-0.718152 -0.578414
-1.511849 0.166233
-0.835643 0.287501
