115 2
3.804051 -0.894660
2.368525 -0.669442
2.249285 -1.046436
3.004112 -0.735050
2.130118 -1.455125
3.149657 -1.146664
2.313804 -1.471642
3.140730 -0.609510
3.089606 -1.476317
3.571726 -1.255291
3.226387 -1.166675
2.245401 -1.463330
3.091870 -1.538037
2.307458 -0.819634
3.031789 -1.272745
3.101055 -1.205486
3.087765 -1.301330
2.235458 -1.537519
2.187655 -1.413462
2.208828 -0.803141
3.774288 -0.820923
3.189808 -0.497417
3.810924 -0.806274
3.654320 -1.060347
3.238210 -1.263517
3.866593 -0.991683
3.697710 -1.489271
2.162041 -0.704604
3.767686 -0.853312
3.781438 -0.753272
3.839867 -0.890926
2.372307 -2.144666
2.709193 -2.208799
2.990845 -2.261702
2.982657 -2.008243
3.637835 -2.212018
2.996165 -2.125816
2.793716 -2.248908
1.980084 -0.775963
2.890019 -2.205065
2.820914 -2.131397
2.219467 -2.229941
2.176569 -2.038302
2.728819 -2.145852
2.976078 -1.949817
2.053279 -1.816940
2.396826 -1.191107
3.501271 -2.118578
1.804938 -1.920413
2.206306 -0.769360
2.215162 -1.943693
2.941132 -1.568079
2.055151 -1.926286
2.124551 -1.961569
2.240731 -2.090765
2.262815 -0.914382
2.551042 -1.074683
1.736144 -1.084354
2.091811 -2.152287
2.706676 -1.414722
2.089458 -0.793878
1.996149 -1.858741
2.012316 -2.048087
1.613352 -1.080197
2.905000 -2.029773
2.951782 -2.080064
3.819196 -1.651192
3.550273 -2.330899
1.773844 -1.110888
1.641699 -1.178669
1.665372 -0.986616
3.741002 -0.688243
1.735958 -1.029702
2.138597 -1.454012
1.765151 -1.243142
1.705135 -0.995861
2.798733 -1.704326
1.599162 -1.228986
1.670419 -1.316863
2.642306 -1.076740
2.098042 -1.108946
3.506873 -2.057218
3.735746 -1.524222
2.915312 -0.681294
3.715346 -1.992351
3.822827 -2.047026
3.443675 -1.673541
3.442860 -2.280909
3.604793 -1.969873
2.287092 -1.402172
3.678805 -2.157854
3.799515 -2.244381
3.814190 -2.226873
2.042894 -0.824133
3.207709 -1.289468
2.306201 -1.600610
2.133043 -1.302287
3.096078 -0.827182
3.326384 -0.631758
2.910496 -0.599098
3.101017 -0.514979
3.058141 -0.662431
2.857392 -0.627573
3.801145 -1.625150
2.882108 -0.581350
3.754356 -1.927729
3.550759 -1.768737
3.611105 -2.135914
3.688563 -1.598980
3.577425 -1.470885
3.430133 -1.250530
3.826817 -1.605450
3.810586 -1.602803
3.062498 -0.772706
3.262844 -1.055570
