115 2
2.613535 1.748886
2.164067 0.086082
2.281359 0.072142
2.925046 1.092454
2.519356 -0.110751
2.368612 1.079075
2.574380 0.026335
3.048383 1.182730
2.256163 1.131745
1.916665 1.318550
2.194066 1.301361
2.692716 -0.218572
2.302525 0.979053
1.862433 0.004781
2.522573 1.104266
2.493390 1.130729
2.339486 1.264460
2.621759 -0.116765
2.572630 -0.069487
2.191263 -0.012726
2.515985 1.809131
2.926826 1.153755
2.492117 1.904484
2.536502 1.855351
2.389895 1.308356
2.489069 1.925912
1.888589 1.520159
2.097249 -0.088081
2.680939 1.884684
2.569484 1.874914
2.419584 1.791269
1.902540 0.556911
1.350343 0.583439
1.138549 0.711923
1.371770 0.744617
1.205160 1.118357
1.249840 0.421045
1.304743 0.359627
1.859919 -0.181425
1.305246 0.506828
1.353234 0.355338
1.840877 0.330652
1.926893 0.443483
1.233475 0.580896
1.253742 0.574009
2.015657 0.422314
2.447283 0.462431
1.356471 1.270125
1.881278 0.174660
1.993900 -0.096358
2.149944 0.271596
2.120066 0.882281
1.824636 0.218235
2.121924 0.323359
1.922432 0.539420
2.428551 0.311315
2.541445 0.372161
1.804002 -0.449262
1.891269 0.458192
2.274193 0.891122
1.998904 -0.170562
2.135050 0.562159
2.087135 0.434089
1.835712 -0.539021
1.179340 0.494310
1.206698 0.680958
1.776440 1.688926
1.284315 1.398260
1.868657 -0.540338
1.734540 -0.621104
1.626687 -0.553313
2.556522 1.944552
1.837943 -0.311138
2.520501 -0.078708
1.971079 -0.644876
1.881806 -0.547373
1.708435 0.824613
1.794135 -0.652462
1.715490 -0.584089
2.487161 0.427797
2.355692 0.252856
1.322938 1.150464
1.916576 1.551590
2.791180 0.940103
1.217678 1.551322
1.260803 1.454585
1.702732 1.386385
1.179570 1.184264
1.517382 1.388594
2.632065 -0.033400
1.134413 1.494708
1.102396 1.364828
1.121256 1.407954
2.016412 -0.172478
2.218593 1.169980
2.483718 -0.106550
2.540150 -0.204211
2.870770 1.029164
2.847408 1.273340
2.962838 0.978725
3.034949 1.014344
2.787114 1.031657
2.924126 0.873473
1.836965 1.709271
2.866087 1.026698
1.282155 1.509215
1.628165 1.523966
1.285465 1.343904
1.923867 1.609048
1.936909 1.524242
2.314683 1.407605
1.801432 1.640164
1.866513 1.556234
2.853526 1.315520
2.463350 1.084319
