115 2
-0.968385 1.500630
-1.467949 -0.265525
-1.421257 -0.124177
-1.411177 1.081668
-0.907327 -0.056812
-1.024181 0.766892
-0.974255 0.152259
-1.520798 1.039770
-0.607176 0.868836
-0.570614 1.172975
-1.028859 0.953795
-0.922030 0.146348
-0.772122 0.733756
-1.361432 -0.340801
-0.990310 0.643018
-0.916029 0.857179
-1.047446 0.809513
-0.978635 0.087699
-0.866852 0.233972
-1.323884 -0.241543
-1.038886 1.592381
-1.556903 1.135439
-1.034596 1.655544
-0.964340 1.567112
-1.057565 1.036058
-0.791566 1.635689
-0.446800 1.228217
-1.419680 -0.420272
-0.852890 1.796438
-1.008487 1.678239
-0.768781 1.612406
-0.299342 0.030301
-0.022014 0.081440
0.253146 0.383128
0.178124 0.429947
0.314781 0.849362
0.187590 0.235604
0.155805 0.194014
-1.263421 -0.590221
0.176667 0.236032
-0.038941 0.121926
-0.323453 -0.063401
-0.293041 -0.068146
0.260599 0.325705
0.149811 0.258317
-0.654446 -0.197714
-1.357312 -0.040605
0.072632 0.962385
-0.476311 -0.311792
-1.262944 -0.282098
-0.487847 -0.023018
-0.632107 0.681637
-0.549781 -0.032718
-0.557276 -0.015258
-0.363897 -0.058769
-1.415605 -0.012337
-1.364105 0.451533
-1.096647 -0.724041
-0.433918 -0.167562
-0.696648 0.633711
-1.357377 -0.471542
-0.593656 -0.212364
-0.474705 -0.243336
-0.887343 -0.667666
0.057071 0.353193
0.287936 0.420868
-0.287781 1.375323
0.154932 0.976413
-1.013943 -0.777670
-0.868919 -0.726346
-1.099807 -0.825569
-0.990526 1.675070
-0.918548 -0.537121
-0.989765 0.018179
-0.875576 -0.765675
-1.013270 -0.768481
-0.333271 0.282730
-0.826901 -0.671735
-0.880795 -0.695082
-1.345740 0.202025
-1.203190 -0.161094
0.109352 0.897839
-0.484291 1.323988
-1.502537 0.906178
0.100736 1.070570
0.051633 1.120419
-0.411317 0.929816
0.317397 0.843392
-0.035093 1.026999
-1.061517 0.177370
0.286125 1.028904
0.227138 0.955274
0.252168 1.081020
-1.262014 -0.411238
-0.835483 0.947981
-1.079012 0.081263
-1.129463 -0.247707
-1.565240 0.767416
-1.425682 1.116959
-1.620482 0.766137
-1.452336 1.148013
-1.531813 0.896498
-1.601850 0.834132
-0.444064 1.391645
-1.642386 0.920587
0.203138 1.123440
-0.181676 1.097346
-0.010319 1.023492
-0.412318 1.214744
-0.547783 1.327099
-0.934394 1.060967
-0.276039 1.290682
-0.315238 1.360737
-1.518163 0.990913
-1.030178 0.804930
