115 2
-4.404314 -0.908356
-3.137963 -2.100286
-3.382839 -2.265486
-3.770823 -1.324985
-3.505160 -2.996154
-3.902776 -1.568442
-3.660480 -3.174597
-3.630564 -1.260043
-4.107410 -1.993329
-4.427152 -1.916945
-4.150267 -1.688074
-3.721653 -3.061189
-4.061141 -1.863396
-3.230722 -2.193355
-3.972464 -1.818782
-4.047077 -1.843141
-4.108760 -1.570153
-3.602103 -2.940785
-3.762488 -2.998701
-3.299380 -2.296910
-4.324894 -0.983136
-3.612131 -1.228945
-4.596462 -1.078006
-4.440036 -1.074895
-4.179387 -1.536353
-4.517560 -1.018472
-4.731477 -1.590510
-3.110529 -2.153527
-4.322921 -0.995281
-4.356048 -0.946339
-4.559943 -1.069152
-3.964306 -2.394033
-4.546090 -2.541428
-4.573529 -2.667783
-4.721303 -2.744459
-4.937126 -2.234767
-4.516838 -2.529175
-4.643818 -2.693188
-3.078610 -2.377519
-4.710528 -2.510703
-4.428157 -2.652141
-4.023372 -2.508370
-3.871245 -2.609882
-4.661509 -2.704383
-4.611832 -2.606157
-3.786541 -2.476558
-3.664066 -2.207546
-4.837441 -2.061192
-3.815772 -2.607476
-3.140290 -2.292960
-3.942454 -2.634888
-4.253095 -2.290961
-3.729724 -2.532083
-3.790257 -2.676531
-4.007654 -2.475986
-3.438716 -2.080217
-3.524692 -2.190621
-2.976077 -2.793778
-3.935695 -2.583548
-3.960929 -1.972264
-3.129985 -2.319684
-3.854529 -2.553021
-3.871772 -2.470535
-3.229117 -2.876009
-4.661667 -2.720311
-4.585757 -2.765661
-4.846689 -1.495973
-4.903459 -2.049100
-2.964266 -2.620990
-3.161638 -2.890008
-2.993609 -2.685683
-4.451183 -1.012113
-3.010129 -2.824827
-3.639764 -3.056550
-3.126609 -2.671759
-3.058562 -2.672964
-4.081656 -2.224385
-3.061810 -2.817512
-3.060946 -2.729782
-3.561549 -1.887065
-3.387988 -2.188318
-4.899345 -2.075244
-4.618649 -1.625687
-3.585573 -1.279447
-5.093849 -1.926989
-5.016412 -1.842655
-4.721032 -1.488990
-4.989793 -2.074022
-4.856678 -1.919231
-3.740312 -2.989601
-5.141573 -1.982315
-5.075800 -2.110332
-5.096310 -2.084649
-3.061065 -2.501800
-4.438646 -1.686583
-3.833741 -2.992652
-3.453523 -2.875618
-3.642352 -1.257047
-3.679816 -1.077932
-3.556252 -1.421708
-3.646485 -1.210084
-3.513747 -1.404565
-3.455260 -1.388827
-4.789950 -1.450284
-3.549531 -1.385636
-5.145951 -1.992172
-4.780997 -1.845830
-5.006352 -2.190624
-4.664758 -1.698652
-4.798138 -1.439230
-4.310273 -1.478342
-4.959587 -1.559786
-4.775459 -1.570088
-3.703204 -1.287433
-3.950246 -1.487875
