1220 2
0.415308 4.554801
0.327206 4.548868
1.222538 3.800843
2.762871 -1.990333
-1.068183 2.073665
-1.134222 2.079875
-1.176749 2.073573
-3.256248 0.700013
-3.247148 0.616535
-3.203098 0.695641
-3.201909 0.633259
-3.138214 0.496835
-3.113409 0.576690
-3.201849 0.502095
3.108575 -0.282478
-3.206074 0.498615
0.033779 0.064827
-0.000568 0.012993
0.175048 0.022115
0.198988 0.045884
-0.007281 0.048841
0.065783 -0.011077
-0.107705 0.080777
-0.162519 0.090469
3.190901 1.060336
2.826602 -1.820647
3.226092 1.158502
3.226674 0.884972
3.184535 0.865367
3.318122 1.048866
3.279133 0.994838
3.311093 1.098512
3.210838 1.031191
1.797620 -2.146562
1.751843 -2.091092
1.723740 -2.152351
2.401350 -2.680280
1.653429 -2.218768
1.608846 -2.114675
1.608509 -2.151911
1.573308 -2.097732
1.560578 -2.091687
-1.738038 -1.729994
-1.760382 -1.742396
-1.635957 -1.734939
-1.718728 -1.677003
-1.758512 -1.586432
2.489602 -1.878534
-1.725214 -1.583774
-1.805973 -1.635698
-1.761821 -1.650025
-0.481051 -4.649756
-0.477836 -4.611196
-0.398619 -4.824907
-0.279189 -4.817985
-0.327267 -4.826098
-0.362622 -4.798093
-0.318648 -4.642839
1.742104 -1.837891
-0.401616 -4.572069
1.215805 3.555461
1.151654 3.513990
1.189899 3.376629
1.198008 3.390867
-0.897819 1.899500
-0.907294 1.770436
-0.848877 1.577050
-0.860855 1.520277
-2.785764 0.564265
1.797766 -1.984460
-2.636468 0.533521
-2.669428 0.500924
-2.439955 0.448422
-0.050070 -0.232212
-0.168895 -0.246519
-0.208358 -0.250755
-0.203764 -0.173454
2.791672 0.910048
2.658860 0.825376
2.798886 1.041811
1.601494 -1.838631
2.753251 1.052374
1.417542 -1.816882
1.259285 -1.739212
1.352187 -1.669592
1.329898 -1.639584
-1.305958 -1.278273
-1.284319 -1.305624
-1.495588 -1.406522
-0.959810 -0.943433
-0.058801 -4.463187
1.575393 -1.969674
-0.088454 -4.308915
-0.214097 -4.332865
-0.240362 -4.310794
0.138974 3.951479
0.147768 3.958118
0.110051 3.996538
0.117045 3.996254
0.323504 4.510131
0.273569 4.437936
0.182155 3.963475
1.586331 -1.907533
0.142141 4.041917
1.271241 3.660436
1.307607 3.869433
-1.829521 3.093910
-1.717986 3.037099
-1.207403 3.397111
-1.228148 3.457469
-1.021488 2.223511
-0.947366 2.139558
-3.400661 1.752382
1.275951 3.803690
2.097226 -2.237792
-3.300619 1.754329
-2.791821 2.033725
-2.784616 2.126096
-3.058856 0.706696
-2.996886 0.683461
1.297750 0.244599
1.174958 0.222363
0.766962 0.653483
0.703865 0.638175
-0.014351 -0.031476
1.852743 -2.081281
0.174486 -0.027892
3.309335 -0.205361
3.301828 -0.173597
2.611168 -0.027916
2.584856 -0.094181
2.952632 1.066376
3.123841 0.905751
2.611057 -2.562135
2.533930 -2.721600
2.789117 -1.950512
-1.276165 -2.794802
2.791782 -1.850608
1.723946 -1.877277
1.699215 -2.043077
-1.228194 -2.834143
-1.205477 -2.624822
-0.642241 -2.560703
-0.591653 -2.510178
-1.550063 -1.718095
-1.461895 -1.546870
-1.381977 -4.720452
-1.224141 -2.926243
-1.379840 -4.855516
-1.252302 -4.142637
-1.216913 -4.134881
-0.281494 -4.520234
-0.204519 -4.760462
1.519948 3.845149
-0.961652 2.302951
-2.803815 0.756004
0.044444 0.188446
2.977968 0.910946
-1.236403 -2.556879
1.858797 -1.838339
-1.349323 -1.468776
-0.090223 -4.651069
-1.399299 -4.538089
1.349682 3.506308
-1.171952 2.050057
-3.249502 0.574475
-0.021015 0.088347
3.323189 1.031068
1.653111 -2.176957
-1.251727 -2.796507
-1.785511 -1.688675
-0.464051 -4.696540
-0.355398 -0.326636
0.070854 3.922130
0.292051 4.532453
0.357339 4.508551
0.209232 3.950200
0.127166 4.049634
1.302653 3.562130
1.339314 3.954316
-1.223320 -2.645730
-1.887409 3.087116
-1.665264 3.087945
-1.200625 3.404517
-1.197171 3.463150
-0.964380 2.202162
-0.973699 2.116241
-3.435782 1.734998
-3.328676 1.805587
-2.774655 2.056638
-2.734902 2.194572
-1.250607 -2.739683
-3.014585 0.623586
-3.043043 0.665688
1.362378 0.214763
1.140078 0.179405
0.810567 0.694745
0.664356 0.644123
-0.074867 -0.022326
0.197194 -0.075166
3.343745 -0.164144
3.312546 -0.198173
-1.171639 -2.794635
2.607216 -0.070690
2.590507 -0.118999
2.956549 1.168662
3.131362 0.848521
2.585029 -2.616809
2.554828 -2.677997
2.794573 -1.914919
2.801085 -1.823477
1.856325 -1.812390
1.677034 -2.148921
-0.715108 -2.545089
-1.215150 -2.816708
-1.201090 -2.542820
-0.653262 -2.583021
-0.647414 -2.488383
-1.572223 -1.714382
-1.408258 -1.454117
-1.450101 -4.744897
-1.340732 -4.894719
-1.273260 -4.103189
-1.222374 -4.104301
1.395378 3.783001
2.687548 -2.380238
-0.289207 -4.528547
-0.218025 -4.825164
1.578865 3.828891
-0.942956 2.346834
-2.751768 0.759819
0.052738 0.198275
2.933593 0.907759
1.868983 -1.809310
-1.337860 -1.403938
-0.072569 -4.750841
-0.583717 -2.561411
-1.400128 -4.618869
1.359896 3.439221
-1.199517 1.942418
-3.322894 0.562672
0.067825 0.096359
3.338625 1.053121
1.611308 -2.223803
-1.786285 -1.641762
-0.590546 -4.647233
-0.400436 -0.307475
-1.339781 -2.578698
-0.829474 -2.222692
-1.398670 -1.603207
-1.551364 -1.642571
-1.614650 -1.537376
-1.746751 -1.530203
-1.627176 -1.569038
-1.423819 -2.025309
1.515216 3.648831
-1.482478 -1.796805
-1.385201 -4.785868
-1.460981 -4.865787
-1.433496 -4.995480
-0.967392 -2.820491
-1.214719 -4.862964
-1.034218 -4.229918
-0.222647 -4.497893
-0.221727 -4.672972
-0.007227 -4.595691
1.451756 3.868195
-0.131341 -4.631324
-0.001227 -4.596322
-0.627994 -4.674466
-0.308537 -4.549434
1.466016 3.732761
1.155293 3.840793
1.544591 3.825965
1.501953 3.721869
-1.134266 2.366945
-1.033160 2.395111
0.837241 4.156843
-0.940847 2.347933
-0.990482 2.121588
-3.002697 0.815386
-2.897780 0.940821
-2.843491 0.663902
-2.927723 0.525388
0.129018 0.239332
0.261952 0.232244
-0.204264 -0.044186
-0.046365 0.012766
1.156861 3.920535
2.850104 0.892277
2.889836 0.859459
2.954273 1.222401
3.083354 1.099625
1.927607 -2.035000
1.947481 -1.907480
1.791352 -1.817823
1.569879 -1.978586
-1.558900 -1.838546
-1.286021 -1.679323
-1.891343 3.086905
-1.552302 -1.624119
-1.531533 -1.401365
-0.422509 -4.560173
-0.299617 -4.566263
-0.016659 -4.613315
-0.115604 -4.699337
-1.347154 -4.665120
-1.504615 -4.702024
-1.374630 -4.804211
-1.464827 -4.837530
-1.973388 3.194060
-1.249549 -4.277376
-1.271827 -4.166482
1.252408 3.500926
1.140349 3.856508
1.444174 3.519555
1.482595 3.538783
-1.074170 2.097329
-1.241452 2.223547
-1.051979 2.092563
-1.000831 1.978047
-1.683457 3.076619
-3.247729 0.549894
-3.227613 0.810289
-3.179600 0.477116
-3.126911 0.446416
0.094528 -0.137650
0.298352 0.079598
-0.190506 0.142474
-0.116794 0.076060
3.143437 1.226517
3.152277 0.827159
0.314998 4.466680
-1.897835 3.010491
3.153475 0.960046
3.338775 1.083219
1.784871 -1.956510
1.861640 -2.199109
1.479568 -2.098903
1.549507 -2.121344
-1.764080 -1.773402
-1.537033 -1.865196
-1.749820 -1.545234
-1.772818 -1.554311
-1.826394 3.075846
-0.490852 -4.430495
-0.456193 -4.752562
-0.367323 -4.554701
-0.258017 -4.739717
1.286363 3.676573
-0.857485 1.951897
-2.862587 0.529453
-0.014024 -0.257945
2.918608 1.066204
1.534796 -1.826054
-1.659774 3.046880
-1.567600 -1.472526
-0.134976 -4.544261
0.155829 4.000052
0.460797 4.498255
0.501699 4.507031
0.322792 4.526170
0.303509 4.522519
0.457489 4.538208
0.419814 4.512874
0.238702 4.480212
-1.789327 3.201797
0.178305 4.412603
0.417390 4.399608
0.351481 4.439938
0.359320 4.581963
0.368389 4.578425
0.227336 4.402700
0.225417 4.422956
0.316733 4.635503
0.375492 4.641797
0.217814 4.358822
-1.282538 3.330989
0.220312 4.396567
0.440646 4.450755
0.430654 4.457936
0.416801 4.501369
0.392033 4.475543
0.437327 4.329414
0.356234 4.379094
0.284632 4.507765
0.240440 4.539518
0.129159 4.390566
0.086161 4.227346
0.165619 4.388531
0.278580 3.938219
0.311126 3.927804
0.161520 4.053286
0.161697 4.057890
0.099324 4.119581
0.095745 4.170625
0.277502 3.963511
0.318364 3.954204
1.068597 3.984773
-1.179557 3.466303
1.047472 3.977414
1.051745 3.915270
1.057636 3.884945
1.026777 3.798303
1.126341 3.740040
1.279940 3.734048
1.226409 3.753779
1.250961 3.585458
1.217386 3.625552
1.237283 3.676135
-1.698414 2.836827
1.226376 3.646070
1.393089 3.676301
1.323537 3.727946
1.263716 3.610253
1.197685 3.540937
1.513639 3.607316
1.507805 3.632499
1.468609 3.796670
1.474315 3.790218
1.211533 3.706526
-1.133884 3.175097
1.317375 3.657350
1.411495 3.714953
1.476297 3.665330
1.135570 3.966023
1.126041 3.961169
1.072772 3.870144
1.140169 3.864760
1.237831 3.954924
1.242074 3.955422
1.305766 3.770107
-0.883541 2.239276
1.262055 3.746155
1.253865 3.878407
1.268470 3.887657
1.300880 3.813378
1.342029 3.835981
1.316076 3.764464
1.249979 3.756263
1.494819 3.706363
1.432625 3.750521
1.479782 3.872736
0.389952 4.627073
-0.910680 2.094362
1.451276 3.896772
1.277201 3.963718
1.279772 3.920326
1.420128 3.829182
1.479784 3.805231
1.135873 3.998558
1.094320 4.022571
-1.832118 3.035467
-1.764264 2.963885
-1.765624 3.130968
-0.772757 2.077464
-1.848564 3.138607
-1.837594 2.978668
-1.815240 2.950307
-1.738285 3.215639
-1.741493 3.201928
-1.605799 2.962956
-1.703917 3.041036
-1.994078 3.126462
-1.935074 3.059421
-1.764505 3.169072
-0.857179 1.973208
-1.793849 3.189479
-1.843580 3.056298
-1.860229 3.037753
-1.649891 3.155041
-1.632252 3.147923
-1.711895 2.924790
-1.738742 2.920175
-1.805666 2.925056
-1.748386 2.898844
-1.548653 2.938663
-0.843043 2.196948
-1.639063 3.056163
-1.756482 3.092762
-1.786584 3.118367
-1.703528 3.173042
-1.689630 3.182697
-1.070620 3.524269
-1.121558 3.486943
-1.184777 3.275253
-1.166993 3.302150
-1.333843 3.384267
-1.319647 2.675819
-1.372664 3.341689
-1.075363 3.563172
-1.174877 3.511527
-1.281122 3.426237
-1.392844 3.391500
-1.177505 3.361704
-1.159660 3.303152
-1.114583 2.383843
-1.163503 2.440780
-1.362888 2.401412
-0.918352 2.349397
-1.335399 2.378403
-1.056176 2.440926
-1.039723 2.374149
-1.201609 2.275162
-1.251554 2.223377
-1.023581 2.123222
-1.007012 2.153349
-0.912008 2.069067
-0.927845 2.114012
-0.911184 2.176854
-3.466598 1.735042
-0.926771 2.150727
-0.850944 1.966723
-0.923360 1.933365
-1.037003 2.084724
-0.990247 2.083762
-0.894554 2.297862
-0.900552 2.250929
-0.815424 2.110983
-0.798183 2.123687
-0.796654 2.114214
-3.406703 1.792185
-0.821747 2.076299
-1.349456 2.365844
-1.238772 2.219191
-0.983034 2.509481
-0.969012 2.416046
-1.112432 2.277548
-1.213210 2.212361
-0.779756 2.031437
-0.825296 2.019761
-1.023273 2.078674
-3.290198 1.806717
-0.980691 2.055037
-0.797359 2.117449
-0.827138 2.153263
-0.906110 2.124721
-0.842966 2.047782
-0.974765 2.005588
-1.033876 1.977365
-0.914616 2.074597
-0.873409 2.173573
-0.833715 2.262966
-3.488165 1.685767
-0.832686 2.153293
-0.866398 2.058264
-0.915146 2.008549
-1.039776 2.412829
-1.101349 2.420650
-3.460655 1.616140
-3.442149 1.654030
-3.402189 1.784557
-3.433325 1.785689
-3.458627 1.580071
0.236249 4.651405
-3.416046 1.796927
-3.445539 1.547426
-3.263695 1.882792
-3.229022 1.869011
-3.265655 1.563582
-3.326255 1.691102
-3.442563 1.750387
-3.460492 1.753005
-3.180123 1.806208
-3.254213 1.853880
-3.490401 1.744472
-3.275090 1.721807
-3.463313 1.753069
-3.256972 1.798485
-3.254199 1.816798
-3.423666 1.671875
-3.379072 1.626444
-3.444900 1.579949
-3.405066 1.599324
-3.271531 1.536442
-3.311910 1.654896
-3.318169 1.804767
-3.358729 1.837176
-3.380007 1.836155
-3.236009 1.884349
-3.133933 1.920896
-2.754951 2.163744
-2.782785 2.140034
-2.801446 1.911510
-2.784227 1.885163
-2.852917 2.087873
-2.877892 1.998962
-2.686487 2.241883
-2.857201 1.979922
-2.707552 2.218150
-2.919338 2.072120
-2.936916 2.082081
-2.767612 1.980765
-2.777160 2.030548
-3.107928 0.950751
-3.143798 1.009461
-3.193567 0.919538
-3.158761 0.912061
-2.919425 1.054399
-1.647339 3.230006
-2.992062 0.977372
-3.212280 0.812996
-3.178899 0.784160
-3.203325 0.566009
-3.168711 0.611419
-2.925101 0.619580
-2.912438 0.775077
-3.009481 0.590594
-3.028448 0.583837
-2.946969 0.567373
-2.784249 2.123605
-2.950399 0.542232
-3.086557 0.523843
-2.994366 0.488737
-2.955615 0.661943
-2.960070 0.685047
-2.934915 0.717318
-2.928230 0.645265
-3.105841 0.700600
-3.142306 0.683430
-3.219842 0.969697
-3.413553 1.534167
-3.202049 0.893587
-2.877990 1.028659
-2.893964 0.868183
-3.098696 0.832110
-3.176331 0.881905
-2.853177 0.530086
-2.838266 0.565306
-3.149473 0.675442
-3.097818 0.615050
-3.019928 0.725240
-2.803297 1.744241
-2.980225 0.778001
-2.894204 0.460912
-2.966475 0.486258
-3.011881 0.466329
-2.956195 0.488468
-3.010440 0.643312
-2.928362 0.670035
-3.003697 0.756161
-2.981586 0.654114
-2.879980 0.589649
-2.947087 0.865869
-2.898344 0.555904
-3.097873 0.970230
-3.057338 1.011286
1.138285 0.135800
1.180742 0.190382
1.271835 0.236453
1.221366 0.185539
1.200890 0.104974
1.199023 0.146741
1.298981 0.325891
-3.137923 0.606174
1.279930 0.337633
1.129558 0.158096
1.235958 0.219410
1.303836 0.186607
1.273929 0.148963
1.278874 0.350437
1.300509 0.342803
1.262862 0.122770
1.219292 0.142627
1.230800 0.335934
0.326124 4.420923
-3.031754 0.694100
1.108750 0.314221
1.021382 0.213381
1.055092 0.154338
1.138524 0.129604
1.098819 0.148138
1.107067 0.196405
1.172057 0.210133
1.296587 0.237325
1.321829 0.203664
1.262920 0.322799
-3.076753 0.492417
1.211054 0.322174
0.763613 0.718113
0.766870 0.689410
0.709043 0.589628
0.691649 0.603112
0.957055 0.575881
0.984986 0.569026
0.613617 0.740564
0.675834 0.732199
0.938200 0.553276
-2.945936 0.644984
0.963681 0.540490
0.645940 0.595731
0.628902 0.585112
0.268242 -0.216231
0.248349 -0.178566
0.423697 0.082664
0.373778 0.103410
0.282511 0.278728
0.206343 0.159878
0.126048 0.145540
-3.167916 1.153696
0.101676 0.090973
0.141826 -0.150333
0.123698 -0.164986
0.000603 -0.107554
0.031018 -0.119354
0.034100 -0.132125
0.107411 -0.151058
-0.018380 -0.247881
-0.103561 -0.237356
-0.145045 0.110375
-3.030655 0.836820
-0.115394 0.022746
-0.112343 -0.090161
-0.106702 -0.136077
0.103435 -0.250801
-0.015260 -0.231948
-0.051303 -0.140790
-0.079331 -0.090525
0.400019 0.038829
0.286518 0.019098
0.390718 0.318177
1.155276 0.126620
0.302328 0.216740
0.268937 0.078526
0.259667 0.087972
0.034995 -0.288817
0.005709 -0.265209
0.295068 -0.037834
0.258172 -0.081361
0.148898 -0.148140
0.165471 -0.118861
0.066618 -0.130679
1.378088 0.266164
0.077153 -0.155243
-0.028816 0.038942
0.051210 0.000048
0.051263 -0.046807
0.018604 -0.191464
0.152487 -0.256640
0.128291 -0.173685
-0.061078 -0.202196
-0.000099 -0.177440
0.296972 -0.229297
1.039926 0.291253
0.387324 -0.129582
3.371870 -0.097846
3.353584 -0.092764
3.269697 -0.250033
3.333398 -0.227429
3.383320 -0.120506
3.353043 -0.111311
3.108401 -0.324609
3.195559 -0.249682
3.258436 -0.048829
1.252727 0.111510
3.283489 -0.114916
3.453571 -0.279227
3.443665 -0.267311
3.219545 -0.312974
3.246259 -0.331441
3.396349 -0.211902
3.414104 -0.205226
3.145028 -0.268741
3.185454 -0.255818
3.295259 -0.088107
1.347914 0.141078
3.290101 -0.056706
3.414620 -0.090693
3.349460 -0.087355
3.255138 -0.111104
3.250509 -0.122295
3.305690 -0.275384
3.338341 -0.298728
3.190261 -0.247846
3.188090 -0.222344
2.496561 -0.018844
0.207273 4.467823
1.223393 0.258381
2.508080 -0.020827
2.696535 0.059187
2.716833 0.089190
2.708898 -0.104535
2.706254 -0.061357
2.453186 -0.079832
2.525168 -0.086705
2.633586 -0.162244
2.760870 -0.216532
2.629949 0.011514
1.307875 0.254062
2.624231 -0.006875
2.959061 0.811837
3.043316 0.655509
3.118629 0.813478
3.040461 0.864375
2.848789 0.873786
2.845291 0.903428
2.935493 0.942721
3.114006 0.927868
3.074303 1.228894
0.818201 0.609430
3.035592 1.209841
3.013524 1.185230
2.943727 1.122142
2.979182 1.152617
2.972578 1.193459
2.899725 1.148377
2.860979 1.104212
3.007212 1.076987
2.940990 1.124674
2.977336 1.291977
-3.099288 1.917821
3.030051 1.296389
2.912352 1.062944
2.899988 1.083470
3.002953 1.306068
3.044868 1.220068
3.235337 0.658642
3.201088 0.775292
2.953085 0.683042
3.033356 0.823358
3.133526 0.806688
0.769510 0.669622
3.164448 0.780259
3.014251 1.043603
3.019819 1.082325
3.114736 0.914742
3.115983 0.953585
3.053259 1.154266
3.058243 1.208067
3.081091 0.995683
3.081284 1.052845
3.255507 1.061899
1.063311 0.132833
3.168799 1.042258
3.120341 1.196592
3.111082 1.244028
3.015474 1.002875
3.057043 1.138880
3.125286 1.049316
3.170812 1.046186
3.147317 0.735910
3.176365 0.779191
2.465944 -2.617974
0.564781 0.503699
2.500411 -2.588446
2.643690 -2.546927
2.652265 -2.599779
2.468019 -2.723416
2.456326 -2.686910
2.654304 -2.524592
2.676237 -2.439401
2.421839 -2.455740
2.571834 -2.515649
2.637704 -2.675785
0.182136 -0.079448
2.614540 -2.725758
2.644211 -2.483916
2.660078 -2.488643
2.547737 -2.833596
2.560826 -2.819966
2.568881 -2.577605
2.531995 -2.663316
2.449612 -2.727877
2.460857 -2.714621
2.424199 -2.745920
0.159633 -0.128867
2.411745 -2.718118
2.467617 -2.539234
2.520193 -2.586381
2.543811 -2.664406
2.560204 -2.808941
2.716431 -2.526940
2.679905 -2.526917
2.852989 -1.767093
2.857165 -1.768952
2.741121 -1.928383
0.067033 -0.188559
2.715072 -1.901855
2.774780 -2.054282
2.768315 -2.045111
2.828295 -1.689064
2.820942 -1.775039
2.769635 -2.028680
2.773274 -2.019052
2.716772 -1.849976
2.730159 -1.828620
1.963428 -2.139122
0.265079 3.973193
-0.134331 -0.004546
2.029569 -2.155228
1.943547 -2.254064
1.905004 -2.214912
2.083014 -1.862751
1.926666 -1.845482
1.867482 -2.123146
1.819010 -2.082341
1.872877 -1.915676
1.891339 -1.904329
1.638433 -1.846580
-0.057483 -0.186819
1.640779 -1.875932
1.653832 -1.849885
1.716146 -1.818349
1.643476 -1.773791
1.600174 -1.823083
1.529346 -2.035100
1.598699 -1.967576
1.741130 -1.906075
1.695387 -1.893622
1.686521 -1.904602
0.366974 -0.182816
1.668893 -1.867405
1.547436 -1.784229
1.634701 -1.851142
1.920146 -2.299340
1.903632 -2.289936
1.951308 -1.945944
1.878677 -1.950380
1.828468 -2.091922
1.821718 -2.130774
1.565473 -1.945709
0.202593 -0.262720
1.529213 -1.964315
1.800953 -2.068859
1.736053 -1.973187
1.638708 -1.813232
1.632097 -1.823220
1.544203 -2.005859
1.639487 -1.978062
1.563973 -2.075739
1.569628 -2.037990
1.593312 -1.973076
3.371953 -0.192959
1.613747 -1.974119
1.700217 -1.961584
1.583570 -1.926908
1.538964 -1.874706
1.540794 -1.928027
1.887937 -2.143713
1.833552 -2.134878
-1.293541 -2.774757
-1.349032 -2.719415
-1.248032 -2.757093
3.292855 -0.335791
-1.245125 -2.826800
-1.323128 -2.712300
-1.288792 -2.739051
-1.101889 -2.864949
-1.087370 -2.851374
-1.330082 -2.753620
-1.327335 -2.818569
-1.250487 -2.901904
-1.252795 -2.864363
-1.161213 -2.852315
3.246674 -0.214467
-1.146507 -2.879190
-1.193847 -2.632906
-1.156566 -2.540736
-1.146608 -2.650456
-1.208582 -2.628826
-1.273193 -2.554397
-1.297189 -2.560642
-1.294990 -2.607611
-1.296781 -2.563802
-1.312409 -2.517831
3.447380 -0.199510
-1.296673 -2.636724
-1.233063 -2.710489
-1.240954 -2.709742
-1.038779 -2.789926
-1.028684 -2.784647
-0.559821 -2.569398
-0.558889 -2.571063
-0.722015 -2.459883
-0.739685 -2.431621
-0.745878 -2.693246
3.391961 -0.291526
-0.780694 -2.681642
-0.513550 -2.514825
-0.584240 -2.497252
-0.626828 -2.587677
-0.675720 -2.601785
-0.627637 -2.464279
-0.666173 -2.412014
-1.507186 -1.842921
-1.499868 -1.916890
-1.542132 -1.955663
3.215117 -0.205658
-1.544908 -1.875011
-1.213051 -1.838037
-1.307617 -1.772643
-1.588122 -1.896297
-1.618447 -1.853920
-1.688797 -1.756470
-1.625652 -1.731903
-1.554380 -1.536349
-1.470238 -1.561438
-1.611051 -1.494801
0.493488 4.465684
3.279973 -0.281295
-1.591660 -1.514608
-1.616973 -1.562273
-1.612317 -1.575100
-1.664677 -1.506412
-1.576692 -1.517481
-1.622115 -1.667066
-1.638757 -1.675689
-1.542233 -1.700443
-1.586942 -1.623305
-1.622193 -1.585460
2.687536 -0.027106
-1.629662 -1.543006
-1.466757 -1.921689
-1.461188 -1.832188
-1.259387 -1.647997
-1.276051 -1.646739
-1.419115 -1.702834
-1.460349 -1.802079
-1.563235 -1.408535
-1.517211 -1.401996
-1.539761 -1.707684
1.186661 0.426582
-1.569883 -1.683056
-1.480456 -1.577995
-1.449963 -1.616607
-1.484078 -1.446289
-1.540411 -1.449390
-1.602747 -1.442829
-1.499662 -1.392423
-1.559330 -1.467871
-1.613596 -1.478965
-1.527697 -1.591325
2.549194 -0.073665
-1.608950 -1.550417
-1.596109 -1.506375
-1.583015 -1.493498
-1.420925 -1.791565
-1.402960 -1.781187
-1.311237 -4.772792
-1.290949 -4.794814
-1.435924 -4.821750
-1.430139 -4.823429
-1.314054 -4.839070
3.357096 -0.021328
-1.305758 -4.831169
-1.286505 -4.736508
-1.357768 -4.730482
-1.477517 -4.774048
-1.464606 -4.792401
-1.448742 -4.930834
-1.457470 -4.899750
-1.310226 -4.791702
-1.274372 -4.855066
-1.307480 -4.899322
2.746580 0.215723
-1.251823 -4.898957
-1.338021 -4.876258
-1.396282 -4.883179
-1.416766 -4.867663
-1.435649 -4.936396
-1.246492 -4.058701
-1.256342 -4.112172
-1.179989 -4.217701
-1.159280 -4.192224
-1.208661 -3.999697
2.917315 1.007040
-1.225594 -4.055142
-1.174028 -4.149227
-1.134741 -4.150984
-0.457254 -4.559090
-0.476248 -4.574018
-0.535073 -4.702652
-0.545963 -4.712454
-0.425985 -4.417316
-0.355940 -4.436900
-0.437416 -4.580795
3.057858 1.148447
-0.399856 -4.579796
-0.345081 -4.493580
-0.345696 -4.496855
-0.274351 -4.548466
-0.212592 -4.487693
-0.100951 -4.600034
-0.124534 -4.600809
-0.127198 -4.468628
-0.188659 -4.467922
-0.274141 -4.546147
2.995103 1.218309
-0.220769 -4.561285
-0.013916 -4.524864
-0.028891 -4.490564
-0.213061 -4.490653
-0.122595 -4.491406
-0.033388 -4.561262
-0.049226 -4.579652
-0.542323 -4.822261
-0.363909 -4.808601
-0.356141 -4.642547
3.226493 1.133687
-0.317021 -4.715053
-0.365888 -4.800649
-0.334282 -4.809819
-0.100893 -4.699759
-0.128757 -4.725248
-0.359791 -4.793745
-0.301609 -4.805042
-0.038286 -4.633937
-0.118219 -4.603137
-0.193887 -4.726702
0.432490 3.918612
3.045078 1.268273
-0.215116 -4.722159
-0.164226 -4.781978
-0.140672 -4.786010
-0.036491 -4.704816
-0.097984 -4.723340
-0.119272 -4.615329
-0.024400 -4.623044
-0.064613 -4.669500
-0.097445 -4.666885
-0.485420 -4.725754
3.099098 0.641580
-0.473028 -4.745487
1.388361 3.790859
1.489497 3.739818
1.397924 3.896851
1.434464 3.922271
1.540092 3.763798
1.571570 3.797182
1.441451 3.853703
1.381080 3.851424
-0.975016 2.371344
2.879624 0.902634
-1.017362 2.394857
-0.964647 2.378358
-0.978296 2.263327
-1.039583 2.241496
-1.032874 2.312383
-0.954842 2.181826
-0.914199 2.243965
-2.929106 0.869170
-2.908797 0.798333
-2.747923 0.809566
2.615793 -2.634491
-2.780678 0.791005
-2.863134 0.707194
-2.806863 0.722717
-2.844761 0.629826
-2.849688 0.689081
0.041969 0.178604
0.024609 0.198072
0.200875 0.091317
0.174983 0.158220
-0.091828 0.106041
2.669969 -2.612122
-0.107123 0.073382
0.124556 0.162037
0.112099 0.142680
2.843246 0.950128
2.882050 0.926870
3.013503 0.888742
3.036733 0.869853
3.021884 1.063692
2.976126 1.096441
3.126027 0.910708
2.485749 -2.725936
3.076178 0.871981
1.862749 -1.822603
1.853566 -1.881522
1.852021 -1.925238
1.867353 -1.902187
1.746308 -1.817155
1.812067 -1.801953
1.693192 -1.936661
1.750073 -1.915221
-1.362244 -1.711518
2.528540 -2.797527
-1.476243 -1.761143
-1.352764 -1.517625
-1.344958 -1.438656
-1.425986 -1.542706
-1.425224 -1.553304
-1.425909 -1.441297
-1.381760 -1.456285
-0.226660 -4.550909
-0.221178 -4.555567
-0.180663 -4.710654
2.558679 -2.869182
-0.197281 -4.772612
-0.158504 -4.575387
-0.069785 -4.603681
-0.113537 -4.858408
-0.094333 -4.830183
-1.408840 -4.699065
-1.376139 -4.651516
-1.427334 -4.614910
-1.412339 -4.607596
-1.407317 -4.698648
2.554577 -2.552593
-1.426136 -4.664054
-1.467479 -4.764694
-1.415576 -4.711334
-1.319087 -4.252999
-1.319688 -4.296372
-1.297042 -4.301766
-1.267058 -4.269806
1.204488 3.638973
1.263193 3.581420
1.243683 3.741410
2.697894 -2.561231
1.295185 3.728453
1.365506 3.548809
1.386363 3.553338
1.412777 3.516129
1.389946 3.494907
-1.204314 2.114808
-1.116127 2.085123
-1.166885 2.113634
-1.147872 2.065486
-1.131105 2.038424
