1220 2
0.879943 -4.659436
0.848120 -4.738677
1.239336 -3.579302
1.753942 1.791919
-1.194209 -2.672375
-1.191079 -2.571678
-1.102086 -2.580622
-3.276602 -1.136330
-3.336380 -1.097929
-3.089967 -1.058020
-3.265253 -1.094416
-3.220495 -1.077829
-3.127655 -1.044881
-3.350873 -1.091166
2.251570 -0.013821
-3.412966 -1.060553
0.001757 0.240272
0.025195 0.297927
-0.022768 0.110487
-0.068535 0.147720
-0.173972 0.102078
-0.142392 0.042706
-0.073760 0.337578
-0.009591 0.315631
3.459856 -0.353389
1.752784 1.610053
3.506078 -0.379058
3.409625 -0.293239
3.413407 -0.325055
3.514952 -0.385668
3.477888 -0.367243
3.489683 -0.446715
3.474586 -0.395405
2.388859 2.755097
2.462652 2.791236
2.295420 2.810161
1.400416 2.315366
2.282290 2.854053
2.295617 2.887361
2.256994 2.873421
2.406281 2.847238
2.455006 2.882817
0.065143 3.597277
0.092042 3.567827
0.051240 3.636269
0.001514 3.642959
0.134472 3.612936
2.001993 1.931153
0.097863 3.624206
0.121488 3.500438
0.130045 3.509660
-3.307974 1.761929
-3.284387 1.542592
-3.276259 1.779194
-3.162364 1.764918
-3.140896 1.798619
-3.189314 1.824521
-3.275648 1.588777
2.398911 2.505578
-3.299246 1.598580
1.069014 -3.305423
1.094308 -3.279003
1.222976 -3.270559
1.224401 -3.207603
-0.982766 -1.714940
-0.968999 -1.628509
-1.036711 -2.120550
-1.021608 -2.058526
-2.882495 -0.846485
2.360842 2.741141
-2.846521 -0.862254
-3.058682 -0.745275
-3.046788 -0.737558
-0.448538 -0.054285
-0.460971 -0.070055
-0.379555 0.080184
-0.394338 0.065837
3.152704 -0.536052
3.066475 -0.516068
3.011891 -0.702713
2.392626 2.551459
3.012740 -0.723027
2.144967 2.456023
2.142457 2.519073
2.358319 2.364167
2.360354 2.346782
-0.181373 3.122985
-0.195776 3.040548
-0.140153 3.216934
-0.184269 3.139825
-2.803521 1.508980
2.428218 2.644021
-2.723823 1.546052
-2.935067 1.402552
-2.973916 1.386202
0.353618 -4.367808
0.316753 -4.374824
0.335952 -4.356028
0.335453 -4.345834
0.885240 -4.629492
0.829159 -4.702026
0.462135 -4.312733
2.457624 2.466094
0.395091 -4.324703
1.354887 -3.555107
1.145981 -3.437562
-1.949780 -3.411054
-1.923312 -3.575721
-1.404588 -3.833820
-1.418649 -3.892105
-1.175707 -2.686814
-1.101730 -2.717864
-2.070379 -1.010892
1.277635 -3.405401
1.937983 2.468062
-2.164572 -1.118529
-2.302767 -1.690205
-2.269658 -1.688692
-3.248926 -0.892270
-3.092393 -0.983466
0.480211 -0.655347
0.499640 -0.638415
-0.205091 -0.790828
-0.227602 -0.815817
-0.149108 0.226411
2.108031 2.529581
-0.245305 0.043484
2.522702 0.104543
2.566839 0.014811
2.003697 -0.364134
2.052847 -0.319743
3.344871 -0.544787
3.330006 -0.521122
1.394787 2.277714
1.376963 2.172399
1.771399 1.744812
-1.285601 3.631169
1.744520 1.736645
2.472430 2.561454
2.266094 2.627787
-1.274976 3.566307
-1.267653 3.669722
-0.947315 3.067299
-1.044246 3.079035
-0.081077 3.461367
-0.201865 3.529530
-3.182878 2.842432
-1.376386 3.585340
-3.075809 3.011676
-2.443189 2.877684
-2.452803 2.967597
-3.134484 1.568930
-2.985282 1.762792
1.391081 -3.596182
-1.001620 -2.933153
-3.347310 -1.015229
-0.148229 0.272674
3.279600 -0.809131
-1.247123 3.638067
2.545363 2.675873
-0.221352 3.664684
-2.884420 1.601931
-2.884849 2.970769
1.183003 -3.463148
-1.240609 -2.623675
-3.316587 -1.110092
-0.016307 0.225476
3.502253 -0.305231
2.327266 2.878852
-1.282515 3.763790
0.149673 3.583268
-3.274951 1.729719
-0.746456 -0.221285
0.316510 -4.359533
0.923450 -4.577380
0.786532 -4.801280
0.400784 -4.353028
0.375487 -4.344849
1.315071 -3.642003
1.124462 -3.303866
-1.350031 3.755886
-2.065428 -3.374594
-1.941253 -3.589132
-1.406633 -3.841900
-1.416303 -3.928667
-1.150502 -2.756657
-1.098700 -2.706996
-1.984349 -0.996808
-2.114401 -1.105626
-2.283490 -1.728194
-2.277177 -1.721531
-1.232463 3.570633
-3.266845 -0.914507
-3.062067 -1.008550
0.526825 -0.741133
0.463994 -0.660201
-0.185518 -0.781713
-0.263294 -0.847721
-0.219197 0.276264
-0.302677 -0.026330
2.531458 0.060087
2.633996 0.017049
-1.389345 3.580361
1.978115 -0.391690
2.074548 -0.326350
3.364578 -0.616596
3.312362 -0.511015
1.378182 2.270332
1.413355 2.167204
1.771508 1.676755
1.742432 1.716375
2.530225 2.530067
2.160011 2.585852
-0.995812 3.118468
-1.281854 3.559891
-1.260572 3.699906
-0.968392 3.064193
-1.030454 3.055017
-0.079062 3.389922
-0.176468 3.474721
-3.150339 2.871538
-3.066707 3.021431
-2.430361 2.877481
-2.472066 2.962853
1.291180 -3.393211
1.460851 2.005800
-3.201023 1.593974
-3.049979 1.785726
1.413187 -3.627956
-0.972610 -2.960404
-3.368361 -0.951108
-0.122550 0.379804
3.255332 -0.876332
2.597045 2.727092
-0.251042 3.768910
-2.812488 1.553824
-1.011971 3.039043
-2.870609 2.965076
1.112725 -3.361629
-1.231695 -2.625392
-3.319452 -1.147784
0.020570 0.315761
3.545156 -0.265855
2.356048 2.916191
0.175457 3.509357
-3.293954 1.744803
-0.666520 -0.244745
-1.120369 3.746201
-0.715914 3.200130
-0.288907 3.439663
-0.058059 3.382159
-0.182126 3.367438
0.033829 3.417649
-0.140988 3.478901
-0.652502 3.564538
1.299615 -3.238994
-0.431378 3.492808
-3.217928 2.872574
-3.265557 2.932397
-3.199501 3.099620
-1.380308 3.377294
-3.228863 2.809463
-2.522860 2.701928
-2.929005 1.786108
-3.157916 1.601472
-3.116708 1.705243
1.377766 -3.438482
-3.092605 1.713789
-3.207272 1.648719
-3.143060 2.054597
-3.149170 1.826290
1.266722 -3.726604
1.090501 -3.724480
1.491063 -3.572979
1.400175 -3.414375
-1.176837 -2.857726
-1.108278 -3.025132
1.097491 -4.070370
-1.052959 -2.710785
-0.992876 -2.693550
-3.384880 -1.044746
-3.032652 -1.158281
-3.463670 -0.846169
-3.314483 -0.873847
-0.014948 0.298099
-0.196055 -0.072643
-0.195668 0.438746
-0.237758 0.324558
1.262124 -3.712720
3.299333 -0.717189
3.164736 -0.661604
3.375744 -0.888247
3.404670 -0.693950
2.644875 2.699375
2.467388 2.467045
2.720416 2.558491
2.512897 2.725336
-0.223778 3.664099
-0.387046 3.458357
-2.100034 -3.424401
-0.122593 3.673379
-0.018540 3.606138
-3.036751 1.615742
-2.821956 1.825658
-3.238042 1.560114
-3.006637 1.655583
-3.024289 2.948813
-3.132221 2.881782
-3.096755 2.872486
-3.101064 3.014014
-2.015241 -3.528247
-2.544045 2.834831
-2.394804 2.973436
1.309892 -3.623188
1.126675 -3.675175
1.474636 -3.460740
1.299001 -3.267596
-1.201773 -2.760350
-1.289572 -2.916101
-0.959233 -2.587851
-1.168810 -2.530253
-1.843787 -3.664851
-3.344703 -1.062366
-3.089483 -1.107733
-3.489511 -0.863785
-3.328719 -1.052812
-0.023807 0.329213
0.025880 0.061101
-0.018338 0.386987
-0.242867 0.345539
3.541325 -0.390627
3.337579 -0.299792
0.792907 -4.717621
-2.094274 -3.529711
3.472888 -0.540844
3.571475 -0.440242
2.457927 2.824310
2.386656 2.655322
2.632565 2.896338
2.421080 2.818231
0.123617 3.468355
-0.086909 3.701430
0.128359 3.445333
0.117264 3.566144
-2.024322 -3.600537
-3.313013 1.511507
-3.154852 1.911908
-3.254505 1.539957
-3.127184 1.764140
1.211733 -3.336357
-1.068683 -2.502039
-3.107081 -0.759266
-0.374154 0.138297
3.391539 -0.616698
2.295701 2.452521
-1.847235 -3.467054
-0.133559 3.332206
-2.946342 1.532615
0.347551 -4.371352
0.927804 -4.641319
0.935952 -4.594893
0.858582 -4.673732
0.859234 -4.678707
0.941802 -4.638289
0.962542 -4.609280
0.684612 -4.660749
-1.949837 -3.575459
0.706628 -4.587293
0.915785 -4.480928
0.862835 -4.580288
0.898784 -4.725577
0.896125 -4.714518
0.690767 -4.572021
0.722194 -4.598880
0.881092 -4.805919
0.889842 -4.783010
0.714993 -4.644822
-1.438854 -3.789941
0.704282 -4.703540
0.853285 -4.665161
0.877911 -4.667784
0.928679 -4.708112
0.955299 -4.679458
0.912287 -4.498122
0.823661 -4.567955
0.801063 -4.716216
0.801198 -4.720134
0.636691 -4.668855
0.524605 -4.531217
0.643889 -4.670406
0.526094 -4.213787
0.581718 -4.155215
0.443996 -4.455219
0.467285 -4.423070
0.410197 -4.413433
0.481472 -4.474905
0.450201 -4.255963
0.501801 -4.211971
1.229310 -3.871454
-1.375562 -3.930934
1.194563 -3.966841
1.192557 -3.777042
1.226725 -3.713662
1.123984 -3.746983
1.220414 -3.657288
1.196803 -3.694051
1.175880 -3.645119
1.370679 -3.560598
1.372859 -3.557687
1.203794 -3.438150
-1.949193 -3.359513
1.222853 -3.407276
1.413526 -3.402738
1.398626 -3.355388
1.252208 -3.447458
1.265351 -3.491159
1.439468 -3.458341
1.442491 -3.458909
1.437173 -3.539783
1.440289 -3.534755
1.303619 -3.543580
-1.306866 -3.693062
1.338201 -3.464358
1.297850 -3.419424
1.300343 -3.383226
1.020220 -3.810824
1.047026 -3.634837
0.931870 -3.784340
1.004634 -3.734955
1.098369 -3.624727
1.110885 -3.540160
1.217711 -3.374466
-1.013758 -2.874919
1.170807 -3.315949
1.073911 -3.486835
1.129246 -3.394429
1.255559 -3.405129
1.280127 -3.479338
1.202004 -3.344035
1.147285 -3.333335
1.294218 -3.261858
1.247717 -3.345729
1.346483 -3.344302
0.922547 -4.751120
-1.022473 -2.800065
1.354102 -3.409806
1.243219 -3.616884
1.164700 -3.457754
1.231784 -3.309129
1.237363 -3.261482
1.208685 -3.758345
1.134568 -3.812038
-2.082834 -3.395065
-2.065396 -3.397013
-1.944666 -3.506435
-1.083234 -2.549563
-2.013270 -3.501849
-2.045496 -3.424911
-2.019593 -3.390650
-1.866176 -3.551958
-1.899588 -3.500942
-1.867639 -3.329505
-1.903518 -3.366944
-2.126159 -3.484741
-2.113166 -3.494503
-1.809186 -3.511232
-1.207453 -2.467544
-1.962552 -3.487844
-2.049949 -3.585878
-2.062068 -3.588248
-1.840157 -3.564993
-1.841220 -3.633086
-1.906065 -3.546010
-1.928417 -3.548000
-2.047561 -3.482494
-2.014950 -3.453789
-1.787912 -3.407445
-1.147966 -2.474935
-1.833257 -3.482600
-1.933633 -3.563440
-1.961242 -3.609298
-1.868990 -3.615589
-1.820235 -3.635056
-1.336568 -3.943581
-1.369414 -3.959877
-1.376687 -3.803067
-1.357025 -3.772870
-1.528823 -3.772933
-1.531805 -2.969162
-1.518863 -3.766923
-1.255151 -3.991766
-1.346960 -3.975003
-1.496570 -3.843328
-1.507036 -3.826891
-1.348289 -3.859818
-1.349460 -3.824010
-1.415317 -2.827506
-1.452319 -2.833149
-1.345093 -2.936270
-1.378530 -2.770159
-1.339645 -2.893530
-1.180335 -3.143464
-1.200227 -3.050630
-1.198051 -2.816513
-1.239611 -2.883149
-1.071738 -2.795879
-1.078026 -2.768939
-1.019759 -2.754341
-1.006348 -2.811964
-1.039960 -2.628322
-2.085296 -0.985205
-1.064345 -2.699720
-1.102395 -2.476633
-1.121033 -2.529902
-0.932741 -2.653854
-0.949438 -2.659594
-1.154885 -2.570470
-1.184277 -2.590983
-1.225803 -2.580524
-1.163265 -2.530428
-1.209452 -2.534672
-2.041574 -0.997691
-1.220155 -2.539674
-1.393719 -3.035328
-1.256802 -2.961427
-1.071586 -2.943202
-1.082974 -3.026275
-1.186974 -2.937502
-1.232563 -2.930098
-1.057943 -2.556940
-1.049545 -2.615896
-1.129795 -2.880893
-2.166544 -1.231006
-1.117248 -2.867309
-1.016558 -2.775018
-1.054518 -2.745948
-1.077842 -2.641701
-1.045337 -2.630784
-1.066056 -2.674256
-1.024546 -2.708289
-1.077796 -2.535743
-1.113214 -2.525048
-1.195440 -2.704202
-2.148904 -0.919991
-1.098769 -2.613501
-1.136518 -2.508668
-1.076289 -2.521637
-1.422932 -2.870315
-1.345221 -2.827039
-2.124614 -0.987870
-2.135549 -1.013399
-2.054368 -1.045263
-2.038857 -0.986559
-2.192715 -1.010581
0.822704 -4.764145
-2.114424 -1.078317
-2.249080 -1.055432
-2.013761 -1.180030
-2.009454 -1.150595
-2.229657 -0.969646
-2.111154 -0.964868
-2.050801 -0.946147
-2.064652 -0.928475
-2.086435 -1.122324
-2.035495 -1.118380
-2.147749 -1.020668
-2.126007 -1.037557
-2.181391 -1.047704
-2.081031 -1.183019
-2.106920 -1.230617
-2.227224 -1.172425
-2.240461 -1.140420
-2.201066 -1.044749
-2.228175 -1.110597
-2.314311 -1.078365
-2.132924 -1.078748
-2.109897 -1.074489
-2.052243 -1.087589
-2.096666 -1.081409
-2.065093 -1.210834
-2.066812 -1.287531
-2.232659 -1.991278
-2.265833 -1.906992
-2.428879 -1.632345
-2.441793 -1.651784
-2.212923 -1.602310
-2.231591 -1.583045
-2.248290 -1.832816
-2.327938 -1.617232
-2.271075 -1.780085
-2.208250 -1.592668
-2.182168 -1.529224
-2.370242 -1.692649
-2.434565 -1.646615
-2.910563 -0.840592
-2.872548 -0.824837
-2.979214 -1.036167
-3.100612 -1.017663
-2.956433 -1.221905
-1.716468 -3.639329
-3.053265 -1.139117
-3.313530 -1.058647
-3.291279 -1.063651
-3.347476 -1.025064
-3.359326 -0.976503
-3.150551 -0.847642
-3.174646 -0.889869
-3.251470 -0.892417
-3.209375 -0.907581
-3.198645 -0.820214
-2.259138 -1.762593
-3.187023 -0.776127
-3.451644 -0.843880
-3.390319 -0.857846
-3.371014 -0.762800
-3.354138 -0.737546
-3.087856 -0.775712
-3.189302 -0.715201
-3.304586 -0.877792
-3.337430 -0.906869
-2.931995 -1.070479
-2.263422 -1.069867
-3.053805 -1.105008
-2.904833 -1.203384
-2.986368 -1.157797
-3.064475 -1.143765
-3.089889 -1.129815
-3.074562 -0.806399
-3.049273 -0.775296
-3.083210 -1.070184
-3.155155 -0.938976
-3.164418 -0.964768
-2.550227 -1.548461
-3.203068 -0.963158
-3.111110 -0.836027
-3.121604 -0.889166
-3.273656 -0.963812
-3.244907 -0.893063
-3.294250 -0.761343
-3.256786 -0.779693
-3.055229 -0.914079
-3.136147 -0.897970
-3.100195 -0.811470
-3.115275 -1.050101
-3.139443 -0.854365
-2.890300 -0.853943
-2.847451 -0.853451
0.505785 -0.594542
0.474110 -0.563438
0.480660 -0.715854
0.512373 -0.748106
0.490469 -0.544089
0.481874 -0.558138
0.491888 -0.751699
-3.198008 -0.931651
0.511400 -0.762328
0.298153 -0.525132
0.405194 -0.654415
0.557074 -0.711353
0.568633 -0.702543
0.402208 -0.794156
0.467162 -0.785340
0.610296 -0.676410
0.598762 -0.648250
0.449188 -0.660247
0.816371 -4.599265
-3.225798 -0.896946
0.407838 -0.700804
0.461189 -0.558950
0.462580 -0.528548
0.535097 -0.584552
0.512566 -0.585817
0.298507 -0.502747
0.403103 -0.543952
0.565386 -0.713546
0.590339 -0.725748
0.537716 -0.744677
-3.314874 -0.930827
0.519876 -0.689269
-0.347643 -0.873197
-0.282268 -0.853996
-0.190239 -0.697512
-0.199328 -0.694712
-0.135474 -0.804742
-0.027507 -0.783243
-0.301473 -0.869711
-0.263892 -0.853124
-0.122068 -0.859217
-3.269907 -0.744124
-0.054945 -0.827814
-0.234897 -0.690813
-0.234278 -0.689768
-0.052825 0.047707
0.023184 -0.021104
0.085143 0.081680
0.044853 0.122429
-0.182531 -0.168175
-0.130354 0.072756
0.010846 0.212560
-2.738493 -0.860849
0.055358 0.157037
-0.130585 0.303075
-0.212916 0.240530
-0.383107 0.215762
-0.400014 0.151904
-0.283280 0.339772
-0.230898 0.341737
-0.260957 0.266923
-0.252884 0.238595
-0.102744 0.386101
-2.950185 -0.828431
-0.160090 0.354451
-0.201568 0.372400
-0.228738 0.322630
-0.249281 0.162756
-0.271268 0.257673
-0.320463 0.304408
-0.325173 0.389472
0.041753 -0.101976
-0.090312 -0.004413
-0.228193 -0.124514
0.549141 -0.689787
-0.206679 -0.070546
-0.048494 -0.012714
-0.034397 0.019800
-0.390268 0.150201
-0.414279 0.087908
-0.218194 0.053760
-0.266765 0.030174
-0.348087 0.134466
-0.376329 0.136809
-0.286513 0.101168
0.509301 -0.813216
-0.354329 0.081337
-0.216303 0.257998
-0.251247 0.210152
-0.382715 0.216879
-0.362165 0.162278
-0.313923 0.093054
-0.363497 0.194417
-0.378045 0.101349
-0.352874 0.131788
-0.067383 -0.119712
0.443045 -0.621223
-0.049386 -0.154436
2.706234 0.052986
2.779791 0.026145
2.515452 0.028799
2.493520 0.107464
2.717854 0.097839
2.696371 0.104774
2.356991 0.105373
2.348817 0.081686
2.631921 -0.076059
0.593688 -0.661459
2.560964 -0.005399
2.526928 0.190304
2.546386 0.173384
2.417750 0.070762
2.368575 0.100304
2.602914 0.180077
2.607831 0.140559
2.439082 -0.001874
2.341278 -0.004980
2.607943 0.041618
0.578488 -0.742337
2.634969 0.029454
2.710149 0.076631
2.709051 0.056974
2.668655 -0.148069
2.518332 -0.001111
2.470006 0.046223
2.506101 0.077844
2.358343 0.030941
2.297147 0.009463
1.794685 -0.419003
0.753958 -4.685620
0.417391 -0.679418
1.904214 -0.387185
2.096741 -0.410343
2.107604 -0.417357
2.056929 -0.225911
2.073169 -0.285943
1.842196 -0.378978
1.932671 -0.344952
2.098126 -0.178805
2.096769 -0.212156
2.118208 -0.393928
0.554011 -0.768549
2.178405 -0.414169
3.158844 -0.465399
3.069263 -0.410369
3.273933 -0.316683
3.338679 -0.371306
3.075878 -0.612224
3.152928 -0.621012
3.356400 -0.383097
3.367704 -0.369824
3.496620 -0.522043
-0.129443 -0.748060
3.438998 -0.535665
3.449259 -0.633380
3.387333 -0.668901
3.431840 -0.626221
3.499272 -0.641321
3.450020 -0.609439
3.414749 -0.677719
3.392706 -0.693660
3.409527 -0.704057
3.445990 -0.766532
-2.054035 -1.326513
3.437096 -0.680233
3.237748 -0.548309
3.340847 -0.641225
3.468105 -0.636106
3.526106 -0.574945
3.276835 -0.253639
3.282865 -0.339560
3.139267 -0.578447
3.175256 -0.617255
3.253965 -0.429067
-0.248656 -0.850331
3.261622 -0.359195
3.483478 -0.654865
3.478686 -0.654541
3.409209 -0.411881
3.414640 -0.510647
3.493362 -0.686272
3.475965 -0.697912
3.438582 -0.662431
3.484763 -0.684832
3.392997 -0.575861
0.421036 -0.466048
3.351579 -0.599508
3.440862 -0.646284
3.495825 -0.609242
3.372563 -0.544230
3.504369 -0.590680
3.385993 -0.592992
3.402148 -0.585102
3.127268 -0.451966
3.106034 -0.446602
1.369603 2.316999
-0.216487 -0.507331
1.353884 2.319898
1.373636 2.263271
1.436224 2.239921
1.334728 2.311972
1.354035 2.313807
1.384539 2.079439
1.405352 2.071634
1.592061 2.337740
1.467581 2.297751
1.328890 2.286428
-0.374927 0.086934
1.279845 2.296101
1.465873 2.100837
1.440762 2.113085
1.298918 2.171420
1.292889 2.185251
1.449145 2.081108
1.403658 2.054359
1.383883 2.203093
1.369329 2.230517
1.299412 2.273311
-0.290786 0.120903
1.337398 2.265977
1.456205 2.199642
1.444872 2.183428
1.466883 2.190437
1.362187 2.163188
1.398364 2.075359
1.418585 2.074471
1.806233 1.434540
1.772647 1.591280
1.859991 1.816797
-0.353409 0.304846
1.861979 1.795612
1.605871 1.825197
1.693829 1.791303
1.768115 1.531032
1.739125 1.591049
1.652605 1.766853
1.626032 1.806396
1.831465 1.757717
1.872348 1.805894
2.031357 2.478376
0.510442 -4.282533
-0.311626 0.419174
1.999861 2.470690
2.392774 2.550267
2.448158 2.589002
2.351358 2.249453
2.459918 2.347900
2.578732 2.681987
2.537291 2.645156
2.449604 2.767966
2.450645 2.704135
2.392616 2.505996
-0.355763 0.261589
2.431106 2.433277
2.500020 2.621281
2.441613 2.720613
2.447001 2.512968
2.452146 2.451146
2.577129 2.671938
2.577212 2.688651
2.606474 2.484996
2.536568 2.488619
2.421196 2.486047
0.067737 -0.220975
2.484070 2.474075
2.437890 2.536826
2.418697 2.559507
2.156395 2.568458
2.285432 2.600754
2.319789 2.438653
2.243241 2.532671
2.401011 2.605210
2.271280 2.634506
2.321320 2.517719
-0.141610 0.005066
2.258948 2.573726
2.348205 2.741314
2.340241 2.727062
2.283192 2.692605
2.330792 2.562359
2.355422 2.587784
2.320331 2.553057
2.455171 2.768936
2.446754 2.774912
2.356624 2.658268
2.596393 0.092623
2.357399 2.543436
2.225104 2.567360
2.363118 2.534612
2.354621 2.445539
2.331343 2.504642
2.071036 2.533862
2.026352 2.546706
-1.214111 3.662068
-1.190385 3.697898
-1.339236 3.590408
2.478261 0.160817
-1.347859 3.595685
-1.170327 3.737737
-1.126076 3.680822
-1.373073 3.471400
-1.361093 3.359685
-1.168905 3.533998
-1.208250 3.557950
-1.351251 3.613395
-1.319664 3.649199
-1.346994 3.440106
2.563171 -0.017885
-1.359854 3.427773
-1.310700 3.775687
-1.290735 3.779646
-1.345849 3.466152
-1.346715 3.481859
-1.191115 3.721222
-1.169543 3.732780
-1.161661 3.752722
-1.181340 3.735487
-1.215510 3.637419
2.661781 0.161231
-1.280615 3.644535
-1.348117 3.610594
-1.342680 3.668215
-1.359417 3.564993
-1.360775 3.531374
-0.914876 2.969125
-0.949292 2.996907
-0.835968 3.130212
-0.815505 3.136839
-1.107177 3.123290
2.522936 0.183021
-1.095874 3.137650
-0.971011 3.003849
-1.013426 3.043098
-1.208651 3.199046
-1.234108 3.232813
-0.988835 3.065832
-0.923984 3.088793
-0.516336 3.525333
-0.519422 3.536408
-0.180513 3.700211
2.497871 -0.022914
-0.158606 3.732594
-0.505515 3.311799
-0.394892 3.392512
-0.114033 3.738338
-0.094475 3.733238
0.034792 3.400322
-0.048740 3.336276
-0.139773 3.313516
-0.182815 3.379155
-0.076434 3.458915
0.967164 -4.523312
2.416103 0.116026
-0.096969 3.383303
-0.140047 3.294136
-0.065803 3.338574
0.074046 3.468794
0.032652 3.545720
-0.080464 3.613834
-0.057102 3.612600
-0.183321 3.392073
-0.120452 3.352696
-0.116004 3.398619
2.120752 -0.369039
-0.083194 3.355023
-0.203516 3.700477
-0.118898 3.655518
-0.487732 3.374013
-0.384146 3.417715
-0.186240 3.664719
-0.149347 3.630936
-0.158521 3.361809
-0.183596 3.366179
-0.112601 3.583020
0.360665 -0.760650
-0.097551 3.486629
-0.198769 3.424091
-0.226143 3.421736
-0.093297 3.530190
-0.149467 3.415353
0.034721 3.618426
-0.018715 3.622699
-0.083166 3.568908
-0.121060 3.509423
-0.298087 3.505265
1.988233 -0.314903
-0.281032 3.508675
-0.121855 3.433914
-0.086799 3.463517
-0.496991 3.529437
-0.551650 3.561161
-3.218072 2.824449
-3.219729 2.816115
-3.125287 2.931648
-3.168945 2.914051
-3.253737 2.844535
2.753098 0.038849
-3.239962 2.814221
-3.123019 2.727112
-3.201618 2.872433
-3.199298 2.876450
-3.213318 2.904357
-3.211590 3.019441
-3.265026 2.969224
-3.113754 2.901903
-3.169576 2.870053
-3.191717 2.919880
2.307682 -0.470786
-3.216035 2.889123
-3.097752 2.818177
-3.092521 2.875289
-3.096425 3.050281
-3.134074 3.060067
-2.267310 2.991437
-2.369160 2.937308
-2.510322 2.751640
-2.485317 2.759185
-2.223983 3.067651
3.346735 -0.719598
-2.328160 3.018459
-2.486263 2.834286
-2.488924 2.822022
-3.203424 1.929328
-3.193200 1.890600
-3.202070 1.999142
-3.200634 1.880145
-2.796992 1.827438
-2.842302 1.776133
-3.194353 1.772400
3.493926 -0.620197
-3.210963 1.766579
-3.247913 1.493951
-3.207125 1.483713
-3.107983 1.470022
-2.987477 1.540230
-3.125610 1.560871
-3.150841 1.585121
-3.111743 1.534670
-3.106293 1.490616
-3.197400 1.525204
3.469295 -0.641846
-3.135694 1.520567
-3.245995 1.586299
-3.284694 1.568006
-3.060463 1.591333
-3.079895 1.543061
-3.181581 1.659541
-3.131184 1.706797
-3.064080 2.007740
-3.087295 1.933929
-2.840794 1.929930
3.559346 -0.494009
-2.855421 1.901341
-3.000852 1.874660
-3.043150 1.896819
-2.941281 1.684735
-2.972450 1.712968
-3.086432 1.769350
-3.095597 1.728403
-3.064397 1.716392
-3.021682 1.806538
-2.959573 1.647730
0.655175 -4.069556
3.540288 -0.631155
-2.948810 1.600931
-2.977813 1.794762
-2.974463 1.795539
-3.139881 1.693152
-3.101846 1.712561
-3.170626 1.761989
-3.136791 1.721109
-3.013829 1.685926
-2.988662 1.689413
-3.117319 1.941770
2.979692 -0.347371
-3.086554 1.934262
1.343427 -3.663006
1.398629 -3.698000
1.246682 -3.592446
1.181085 -3.567276
1.402926 -3.552407
1.459815 -3.618035
1.323726 -3.475072
1.299835 -3.524451
-1.086999 -2.980001
3.199737 -0.509348
-1.088996 -2.902736
-1.011081 -2.912907
-0.973721 -2.917055
-1.033594 -2.771446
-1.010189 -2.831548
-1.013294 -2.783204
-0.985952 -2.843436
-3.277996 -1.034741
-3.345036 -1.034257
-3.063216 -1.074437
1.360339 2.317358
-3.085296 -1.057158
-3.408225 -0.964843
-3.413563 -0.947472
-3.198953 -1.012833
-3.234567 -1.017827
-0.129257 0.152681
-0.102322 0.215235
-0.164881 0.089224
-0.153160 0.100415
-0.130974 0.389240
1.377660 2.235128
-0.143496 0.383618
-0.153414 0.289668
-0.160597 0.198599
3.257928 -0.781054
3.280703 -0.798786
3.236446 -0.721685
3.310418 -0.744130
3.370151 -0.827250
3.337533 -0.791718
3.327522 -0.715098
1.403447 2.057576
3.265584 -0.725609
2.565566 2.598320
2.595791 2.656243
2.462670 2.651503
2.429051 2.699475
2.612634 2.746223
2.700914 2.655962
2.464527 2.698356
2.465522 2.679820
-0.259366 3.580959
1.268867 2.246462
-0.255901 3.609712
-0.337955 3.634464
-0.291663 3.618704
-0.140337 3.617116
-0.151005 3.615700
-0.183490 3.634537
-0.231519 3.677646
-2.911286 1.617633
-2.961586 1.576033
-2.850912 1.713356
1.346267 2.135915
-2.862695 1.668877
-3.034259 1.520443
-3.045326 1.511014
-2.894981 1.688956
-2.919418 1.737678
-2.992306 2.947294
-2.988356 2.972942
-3.002500 2.970421
-3.057641 2.949170
-3.058961 2.869975
1.488653 2.210411
-3.093034 2.868752
-3.053351 3.030056
-2.991226 3.001776
-2.548696 2.921131
-2.540883 2.898981
-2.662336 2.989055
-2.638645 2.991586
1.193331 -3.642809
1.251066 -3.600255
1.094633 -3.498152
1.353753 2.144628
1.072634 -3.469157
1.118477 -3.371734
1.135525 -3.384786
1.412093 -3.471251
1.396215 -3.477981
-1.280083 -2.792757
-1.300390 -2.720258
-1.263632 -2.767243
-1.277295 -2.691420
-1.204660 -2.618533
