1220 2
-1.014933 4.616523
-0.949114 4.535091
-1.268384 3.400540
-1.469476 -1.455791
0.053469 1.351164
0.240561 1.264494
0.240313 1.319507
2.731965 2.797515
2.751471 2.812759
2.833311 2.836261
2.814626 2.859558
2.841923 2.974251
2.884829 2.920064
2.779910 2.952995
2.976938 -1.855311
2.772810 2.972190
0.589782 -2.669078
0.556566 -2.674921
0.673762 -2.554166
0.639971 -2.630430
0.595234 -2.603721
0.593191 -2.712289
0.500757 -2.722058
0.450628 -2.763091
3.034280 -0.612820
-1.482620 -1.528638
3.032353 -0.529125
2.946503 -0.624480
2.893547 -0.601330
2.697207 -0.634579
2.759045 -0.630169
2.983219 -0.454911
3.045204 -0.509568
-1.358809 -0.262941
-1.330195 -0.221955
-1.242302 -0.339795
-2.035380 -1.117898
-1.231888 -0.333206
-1.193127 -0.253146
-1.284559 -0.332886
-1.246202 -0.216100
-1.227623 -0.223962
-2.596023 -3.522902
-2.602898 -3.598562
-2.644228 -3.431492
-2.643879 -3.440699
-2.601264 -3.513854
-1.416119 -1.318431
-2.617394 -3.458672
-2.557626 -3.582141
-2.560190 -3.585203
-3.704347 1.355601
-3.625193 1.404706
-3.770962 1.291041
-3.742080 1.314902
-3.687569 1.291046
-3.676516 1.256539
-3.588218 1.315930
-1.442953 -0.232233
-3.583630 1.362243
-1.314902 3.156539
-1.294747 3.096282
-1.346001 3.264677
-1.312514 3.194313
-0.198829 0.869438
-0.298116 0.807416
-0.208888 0.783377
-0.235985 0.746657
2.312559 2.889006
-1.525455 -0.122357
2.303638 2.833820
2.286694 2.769970
2.180472 2.707013
0.437926 -2.150898
0.422695 -2.107941
0.269914 -2.399550
0.257730 -2.401689
2.428637 -0.594658
2.434409 -0.620833
2.867337 -0.425834
-1.572205 -0.222183
2.851604 -0.416402
-1.244489 -0.000462
-1.179856 -0.078585
-1.225221 0.025200
-1.079190 0.135773
-2.355350 -3.085965
-2.386970 -3.121971
-2.274769 -3.346104
-2.247644 -3.311389
-3.043595 1.006096
-1.384473 -0.150250
-2.924803 0.945032
-3.161067 1.179590
-3.185511 1.178149
-0.459748 4.321848
-0.497804 4.290595
-0.463699 4.359138
-0.476063 4.350018
-0.992766 4.540051
-1.003726 4.682895
-0.554104 4.265772
-1.545989 -0.208842
-0.506984 4.353007
-1.454665 3.574838
-1.423703 3.502411
0.573875 2.187145
0.658202 2.152261
0.224672 2.652559
0.227261 2.680443
0.228541 1.080639
-0.037395 1.177197
2.614419 1.726140
-1.372644 3.376760
-1.847404 -0.835547
2.571549 1.672197
1.901796 2.034115
1.969954 2.045959
2.533069 2.843579
2.660046 2.840914
1.577781 -2.520365
1.654367 -2.589414
1.540080 -1.972034
1.594701 -1.957424
0.479416 -2.506557
-1.580831 -0.458959
0.561573 -2.339700
3.298144 -1.732566
3.157062 -1.692125
2.621222 -1.904704
2.520871 -1.984584
2.962794 -0.610313
2.722957 -0.685643
-1.956722 -1.321822
-2.107960 -1.263372
-1.466313 -1.514666
-3.354463 -2.793117
-1.467512 -1.514261
-1.501124 -0.258596
-1.388661 -0.351446
-3.260178 -2.764241
-3.360300 -2.767285
-2.826705 -2.279870
-2.804634 -2.302982
-2.388585 -3.470104
-2.442375 -3.355824
-4.550689 0.691431
-3.244586 -2.645121
-4.548406 0.556191
-4.278719 0.032214
-4.231054 -0.054302
-3.506126 1.225137
-3.569752 1.064005
-1.555830 3.622272
-0.011242 1.102756
2.504478 2.777862
0.535409 -2.292146
2.903111 -0.802851
-3.354626 -2.737974
-1.401457 -0.546309
-2.189223 -3.579840
-3.592943 1.356885
-4.484239 0.342424
-1.604929 3.786098
0.114616 1.367393
2.858544 2.926296
0.541641 -2.760216
2.958712 -0.549998
-1.217206 -0.287424
-3.362870 -2.817643
-2.640143 -3.553894
-3.727162 1.404804
-0.652533 0.505172
-0.434211 4.352375
-0.998903 4.614087
-1.030576 4.792009
-0.518387 4.295878
-0.498337 4.361177
-1.504409 3.593427
-1.345482 3.466762
-3.505337 -2.798381
0.541542 2.181569
0.632527 2.115504
0.222562 2.644467
0.187345 2.719500
0.302175 1.067691
-0.078024 1.147871
2.641864 1.747312
2.532389 1.670715
1.857331 2.001924
1.957056 2.032183
-3.335844 -2.725079
2.479509 2.841036
2.714925 2.908362
1.608846 -2.562663
1.648778 -2.615605
1.532688 -1.987382
1.563717 -1.939351
0.459567 -2.548103
0.536321 -2.393940
3.262405 -1.799769
3.174031 -1.723663
-3.385681 -2.628676
2.554025 -1.938883
2.546159 -1.964004
2.950793 -0.496449
2.659194 -0.731064
-1.952591 -1.328662
-2.173874 -1.227901
-1.463637 -1.522065
-1.405591 -1.512015
-1.522967 -0.243498
-1.399612 -0.324934
-2.897412 -2.373268
-3.286479 -2.756167
-3.392935 -2.767675
-2.878426 -2.261743
-2.778485 -2.268874
-2.400980 -3.392186
-2.419807 -3.403644
-4.610712 0.740814
-4.559757 0.514113
-4.239982 0.001914
-4.202990 -0.051367
-1.538312 3.365915
-1.943675 -1.523360
-3.454928 1.287040
-3.667536 1.030951
-1.650118 3.642680
0.008753 0.920333
2.543634 2.769083
0.597213 -2.198287
2.897166 -0.754013
-1.414504 -0.549186
-2.105338 -3.632858
-3.537133 1.449178
-2.791866 -2.256817
-4.490788 0.324954
-1.671679 3.835527
0.141637 1.383806
2.914636 2.916687
0.600212 -2.859244
3.041698 -0.410801
-1.255520 -0.314173
-2.640426 -3.595787
-3.712137 1.426738
-0.608213 0.458137
-3.231603 -2.952764
-2.676440 -2.521859
-2.276229 -3.208680
-2.458399 -3.511412
-2.351605 -3.468883
-2.464509 -3.442164
-2.246198 -3.546545
-2.789360 -3.077786
-1.611012 3.476604
-2.433228 -3.282047
-4.572949 0.797226
-4.651978 0.660129
-4.655020 0.517247
-3.188968 -2.451648
-4.402455 0.766291
-4.059149 0.199441
-3.382005 1.021373
-3.454585 1.136118
-3.390457 1.142859
-1.538533 3.425979
-3.468617 1.254922
-3.456924 1.266762
-3.942872 0.856041
-3.628722 0.981013
-1.407168 3.681013
-1.220363 3.609171
-1.599977 3.556356
-1.601355 3.533570
0.367180 1.127779
0.048601 1.219901
-1.218777 3.897128
0.269112 0.935743
0.020087 1.101434
2.547669 2.669953
2.429837 2.611987
2.339002 2.884145
2.659654 3.011526
0.587889 -2.525399
0.698720 -2.273407
0.288748 -2.522188
0.408167 -2.449432
-1.283411 3.618833
3.013173 -0.682952
2.752873 -0.870070
3.072988 -0.768679
2.833057 -0.590989
-1.666938 -0.469793
-1.395862 -0.484491
-1.437615 -0.400875
-1.285102 -0.327420
-2.307538 -3.589030
-2.295086 -3.240435
0.464352 2.239838
-2.143617 -3.627455
-2.311361 -3.649082
-3.735670 1.296004
-3.644003 1.004827
-3.537712 1.484630
-3.564110 1.250903
-4.429707 0.480083
-4.598510 0.658236
-4.434899 0.596953
-4.632400 0.525001
0.661370 2.309273
-4.291352 0.129464
-4.257102 -0.055101
-1.564639 3.603248
-1.409728 3.765039
-1.682651 3.764201
-1.632384 3.644790
0.327027 1.084020
0.197950 1.277010
0.162524 1.305045
0.018120 1.183459
0.574193 2.083826
2.670607 2.750684
2.711624 2.650301
2.699716 3.041564
2.790636 3.057727
0.573991 -2.726477
0.737931 -2.509951
0.381964 -2.736780
0.473562 -2.528188
3.005208 -0.384254
2.973273 -0.786749
-0.919737 4.725690
0.682703 2.167176
3.051250 -0.508893
2.751958 -0.521725
-1.481801 -0.063557
-1.628001 -0.412405
-1.255276 -0.355937
-1.231322 -0.222262
-2.540441 -3.649009
-2.681340 -3.367552
-2.513010 -3.671329
-2.541062 -3.572919
0.757673 2.243370
-3.544174 1.372692
-3.759891 1.165298
-3.542069 1.376115
-3.625402 1.274216
-1.375924 3.326365
-0.045531 0.940580
2.478669 2.927879
0.314640 -2.380369
2.634997 -0.480941
-1.398355 -0.109358
0.560263 2.154234
-2.328292 -3.318880
-3.322613 1.090169
-0.507215 4.337618
-1.098415 4.575982
-1.083016 4.596404
-0.956343 4.554654
-0.945953 4.590926
-1.099968 4.638555
-1.094574 4.575154
-0.886573 4.582536
0.599483 2.281183
-0.861051 4.567391
-1.073913 4.462598
-1.044966 4.549206
-1.022181 4.589938
-1.074475 4.629253
-0.855359 4.541044
-0.869980 4.543426
-1.022321 4.729694
-1.028746 4.743382
-0.861265 4.673532
0.274195 2.581913
-0.855205 4.680194
-1.080817 4.636909
-1.102504 4.626249
-1.106153 4.687273
-1.107564 4.686332
-1.064019 4.452971
-0.996660 4.540131
-0.969248 4.660376
-0.929705 4.693701
-0.846521 4.614788
-0.764215 4.512160
-0.853234 4.603933
-0.640037 4.188322
-0.658753 4.146383
-0.562983 4.345149
-0.589824 4.337000
-0.611314 4.441654
-0.664993 4.485419
-0.604047 4.182589
-0.645557 4.144237
-1.239856 3.794004
0.241263 2.670737
-1.291854 3.795430
-1.360730 3.816224
-1.383998 3.772651
-1.127628 3.735664
-1.192889 3.651730
-1.407630 3.722660
-1.424716 3.742958
-1.486212 3.513318
-1.438162 3.482285
-1.371593 3.368781
0.533603 1.973628
-1.337943 3.361766
-1.537619 3.458314
-1.499309 3.407196
-1.390717 3.424338
-1.370284 3.375830
-1.660586 3.650131
-1.622503 3.596681
-1.529460 3.488220
-1.551529 3.430831
-1.403675 3.513545
0.152124 2.561061
-1.480609 3.438370
-1.631443 3.356723
-1.601786 3.418357
-1.333086 3.789601
-1.364940 3.733811
-1.150204 3.675243
-1.256351 3.584510
-1.285632 3.633455
-1.283148 3.638378
-1.452590 3.307979
0.031611 1.148056
-1.393032 3.285498
-1.371399 3.432812
-1.348751 3.387424
-1.432009 3.328245
-1.406290 3.319226
-1.476816 3.406050
-1.401315 3.345978
-1.642485 3.606271
-1.559741 3.524360
-1.503833 3.391982
-1.090141 4.691387
0.124785 1.010142
-1.470166 3.428896
-1.360706 3.468295
-1.446028 3.428879
-1.391404 3.417549
-1.463529 3.413734
-1.259488 3.751567
-1.299859 3.728084
0.516925 2.060979
0.524809 2.063596
0.574544 2.260917
0.152872 0.944211
0.553569 2.290178
0.596578 2.094126
0.547309 2.037728
0.567982 2.334639
0.533533 2.388043
0.503866 2.067671
0.510044 2.110592
0.656495 2.295409
0.709726 2.252508
0.533410 2.309098
0.024182 0.975565
0.557165 2.297552
0.706922 2.168552
0.691648 2.143593
0.552494 2.221764
0.599093 2.199946
0.608737 2.043224
0.592504 2.026592
0.647173 2.094798
0.645125 2.047800
0.557790 2.034283
0.101620 0.942377
0.562440 2.108483
0.614200 2.225063
0.663871 2.250614
0.604939 2.305802
0.635977 2.339183
0.182127 2.767737
0.212975 2.721255
0.177410 2.554825
0.181744 2.580575
0.333661 2.591992
0.346135 1.473088
0.363642 2.551711
0.178638 2.781843
0.201809 2.733225
0.363504 2.574756
0.347649 2.570358
0.193616 2.666607
0.175665 2.634669
0.315864 1.311828
0.315722 1.366709
0.320789 1.369118
0.258488 1.163881
0.296526 1.280331
0.154198 1.214650
0.153279 1.208601
0.323047 1.156584
0.319902 1.149819
0.291896 1.059372
0.253542 1.078722
0.110181 1.000356
0.070498 1.075470
0.174977 1.003222
2.760073 1.769659
0.219941 0.997787
0.164659 0.935356
0.179365 0.957884
0.111543 1.253307
0.091575 1.204979
0.281149 0.964743
0.243415 0.956076
0.111022 1.021549
0.135555 0.930353
0.213026 0.919044
2.500812 1.690584
0.226812 0.917098
0.171825 1.407913
0.095029 1.283459
-0.023072 1.305085
-0.031626 1.290805
0.068687 1.202615
0.084797 1.274342
-0.034474 0.986701
-0.081848 0.975313
0.053410 1.085696
2.449144 1.679560
0.014350 1.054648
0.104176 0.981886
-0.025154 0.992480
-0.062736 1.067605
-0.055782 0.987517
-0.068088 1.144380
-0.041298 1.179169
0.012506 1.063613
-0.022474 1.055792
0.111498 1.088546
2.695270 1.709478
0.116219 1.010567
-0.034404 0.955508
-0.026445 0.951577
0.228103 1.297469
0.159158 1.336206
2.724340 1.853461
2.689556 1.829619
2.598988 1.706466
2.655344 1.686992
2.693174 1.772874
-0.995676 4.766529
2.628402 1.606893
2.687630 1.860723
2.478705 1.687539
2.443197 1.707170
2.630224 1.943026
2.616786 1.817533
2.657327 1.729409
2.641490 1.723736
2.479686 1.712691
2.455794 1.736975
2.669069 1.634423
2.577590 1.733550
2.689876 1.639402
2.464152 1.698759
2.447302 1.665592
2.488068 1.726420
2.552187 1.804616
2.668272 1.804993
2.595170 1.736248
2.566626 1.812974
2.588978 1.725431
2.551111 1.660117
2.520699 1.626359
2.560641 1.637796
2.526908 1.586187
2.470796 1.632804
1.819653 2.054806
1.879746 2.043523
2.031810 2.169035
2.027719 2.174344
1.959224 1.959016
2.034525 1.942646
1.852943 2.064440
1.993358 2.066238
1.905997 2.042356
2.047482 1.949234
2.116613 1.920369
1.997096 2.099970
2.035232 2.138048
2.661655 2.612210
2.648689 2.487024
2.674155 2.389420
2.641716 2.555597
2.323281 2.519172
0.530032 2.404536
2.368873 2.577294
2.558537 2.719538
2.577431 2.687229
2.620425 2.810577
2.587642 2.780374
2.479745 2.855218
2.389617 2.822559
2.532236 2.979732
2.599602 2.922705
2.471162 2.943288
1.918536 2.037600
2.468220 2.917006
2.620932 3.049527
2.569237 3.041829
2.407730 2.924072
2.420681 2.955283
2.559970 2.899818
2.403578 3.041419
2.555308 3.038787
2.588333 3.051902
2.706551 2.529481
2.654166 1.928149
2.726567 2.625604
2.393742 2.551841
2.459116 2.613501
2.644585 2.645599
2.669992 2.667844
2.567903 2.922119
2.621945 2.990500
2.684354 2.793983
2.705038 2.815808
2.611595 2.806484
2.099179 2.233445
2.546142 2.840481
2.672671 3.008630
2.607780 2.853325
2.699170 3.013608
2.681844 3.006270
2.639382 3.031784
2.578523 3.049499
2.633586 2.878526
2.618015 2.906862
2.564760 2.936276
2.430026 2.736659
2.614488 3.014532
2.721429 2.576571
2.703807 2.542476
1.565643 -2.588830
1.547088 -2.577663
1.646725 -2.537463
1.636435 -2.583599
1.573688 -2.643760
1.483105 -2.609355
1.698213 -2.440034
2.626573 2.851180
1.746338 -2.412944
1.418896 -2.496428
1.505997 -2.501815
1.678780 -2.640651
1.647675 -2.690287
1.660272 -2.430384
1.719547 -2.407427
1.719505 -2.639162
1.682955 -2.680373
1.678481 -2.442708
-0.965427 4.549517
2.534410 2.956666
1.680991 -2.468265
1.581038 -2.612296
1.578459 -2.638930
1.565665 -2.727201
1.533312 -2.709899
1.425995 -2.516519
1.487190 -2.510338
1.663308 -2.552843
1.687919 -2.595317
1.719453 -2.481335
2.668036 3.101434
1.723054 -2.460040
1.589152 -1.877306
1.567286 -1.921870
1.408478 -2.029578
1.412152 -2.026425
1.626503 -2.099722
1.599312 -2.079303
1.599079 -1.881924
1.603201 -1.878900
1.629066 -2.017909
2.503591 3.002432
1.677561 -2.094133
1.478138 -1.936615
1.432403 -1.987983
0.726651 -2.460077
0.791281 -2.482843
0.721042 -2.562776
0.721302 -2.546849
0.743428 -2.348977
0.647009 -2.387316
0.659141 -2.539918
2.677768 2.409420
0.627724 -2.515959
0.530970 -2.620575
0.522827 -2.593533
0.410585 -2.535197
0.415942 -2.455019
0.425782 -2.500638
0.428604 -2.541464
0.369234 -2.489954
0.407163 -2.496225
0.359020 -2.610762
2.720280 2.640952
0.408039 -2.521072
0.340741 -2.543972
0.337398 -2.583240
0.351552 -2.370309
0.347230 -2.383003
0.376137 -2.513536
0.416511 -2.527944
0.859966 -2.543895
0.786551 -2.500516
0.871635 -2.196591
1.593865 -2.632067
0.716019 -2.245576
0.669595 -2.367820
0.675397 -2.377363
0.340611 -2.380131
0.355184 -2.335014
0.600473 -2.429366
0.554125 -2.437390
0.505620 -2.289872
0.565607 -2.237320
0.402467 -2.321494
1.726673 -2.565224
0.405848 -2.353766
0.499028 -2.404318
0.468901 -2.421711
0.422886 -2.380234
0.435084 -2.334278
0.488552 -2.323449
0.390479 -2.321430
0.332724 -2.357669
0.404008 -2.407902
0.785834 -2.366503
1.640295 -2.528506
0.882856 -2.392404
3.339419 -1.681785
3.312474 -1.659003
3.282744 -1.770472
3.331650 -1.802304
3.295559 -1.678599
3.285250 -1.691584
3.165995 -1.807075
3.136517 -1.829959
3.195312 -1.566095
1.631148 -2.708401
3.207159 -1.677091
3.372452 -1.715977
3.339999 -1.738050
3.187784 -1.793653
3.195992 -1.822024
3.280757 -1.792517
3.283122 -1.727455
3.100148 -1.771009
3.015933 -1.778179
3.207385 -1.642631
1.749956 -2.631345
3.215962 -1.585766
3.265488 -1.605502
3.266307 -1.551110
3.146222 -1.478281
3.162953 -1.594469
3.207621 -1.783495
3.230024 -1.799520
3.062784 -1.816039
3.062188 -1.815190
2.480146 -2.014640
-0.895211 4.629662
1.526207 -2.479225
2.571187 -1.959284
2.606289 -1.834729
2.585762 -1.844893
2.746728 -1.909078
2.749923 -1.883280
2.411507 -2.054169
2.510131 -2.000427
2.691820 -1.953720
2.719107 -1.959345
2.552498 -1.862868
1.672380 -2.533551
2.512352 -1.852691
3.058339 -0.937623
3.038748 -0.920254
3.054363 -0.829837
3.031386 -0.757231
2.813956 -0.881151
2.831996 -0.814861
3.016942 -0.674373
3.019814 -0.702887
2.939868 -0.442979
1.508122 -2.038836
2.896424 -0.465785
2.709755 -0.496929
2.690052 -0.546839
2.853704 -0.507202
2.877535 -0.512240
2.716516 -0.473403
2.787632 -0.459325
2.998455 -0.552543
2.974643 -0.560697
3.006614 -0.670052
2.331486 1.744766
2.970802 -0.642868
2.751112 -0.524224
2.697646 -0.465908
2.841085 -0.503202
2.840267 -0.454524
2.929807 -0.922150
2.857565 -0.832692
2.691365 -0.922392
2.698928 -0.866605
2.854078 -0.865661
1.590361 -1.925695
2.860631 -0.856704
2.632273 -0.533794
2.594915 -0.581747
2.824762 -0.642811
2.864004 -0.635373
2.706352 -0.552212
2.707165 -0.650784
2.736455 -0.521566
2.671907 -0.511002
2.779136 -0.569303
1.486173 -2.652196
2.714386 -0.611536
2.797838 -0.596392
2.765809 -0.624852
2.812820 -0.737320
2.803096 -0.686312
2.643009 -0.559996
2.617979 -0.553014
2.902534 -0.941750
2.960658 -0.971135
-1.975095 -1.231164
1.272357 -2.060609
-1.989130 -1.193597
-1.931730 -1.372867
-1.963354 -1.292701
-2.091566 -1.251564
-2.017041 -1.237706
-1.943300 -1.394870
-1.932497 -1.419186
-1.965715 -1.151983
-2.035462 -1.272903
-2.061562 -1.386397
0.591930 -2.290633
-2.130643 -1.374573
-1.974152 -1.413457
-2.020858 -1.482927
-2.178681 -1.263218
-2.187159 -1.267979
-1.999523 -1.465424
-2.060160 -1.413334
-2.130073 -1.196148
-2.064030 -1.136933
-2.115732 -1.199090
0.492379 -2.566771
-2.108463 -1.161688
-2.025536 -1.126324
-2.054377 -1.158697
-2.091396 -1.263279
-2.199391 -1.245294
-2.038893 -1.369724
-2.031268 -1.431692
-1.431465 -1.566926
-1.446995 -1.559903
-1.446796 -1.424461
0.424116 -2.396834
-1.438076 -1.383587
-1.524031 -1.532523
-1.577516 -1.509021
-1.397066 -1.559649
-1.439308 -1.543947
-1.749955 -1.553267
-1.705478 -1.544145
-1.439827 -1.452175
-1.418100 -1.413590
-1.713858 -0.623031
-0.612109 4.290544
0.383423 -2.522391
-1.752183 -0.670560
-1.704626 -0.464521
-1.629005 -0.356485
-1.459742 -0.584399
-1.456225 -0.413249
-1.661793 -0.389045
-1.685835 -0.406374
-1.532043 -0.104472
-1.552014 -0.087166
-1.458850 -0.092839
0.318481 -2.450923
-1.399555 -0.186077
-1.568704 -0.274962
-1.594201 -0.250574
-1.486881 -0.144035
-1.483968 -0.125382
-1.328708 -0.359193
-1.334122 -0.336774
-1.515091 -0.276823
-1.552228 -0.207930
-1.488636 -0.271519
1.014279 -2.453822
-1.483698 -0.171164
-1.596660 -0.193185
-1.533989 -0.236458
-1.646394 -0.536891
-1.661229 -0.456288
-1.380635 -0.560586
-1.376821 -0.452482
-1.531707 -0.370841
-1.506679 -0.397730
-1.473252 -0.153153
0.654182 -2.359453
-1.379196 -0.219087
-1.596490 -0.182122
-1.565555 -0.188943
-1.511520 -0.147253
-1.528604 -0.226082
-1.351798 -0.281575
-1.417168 -0.178183
-1.273670 -0.309738
-1.260370 -0.347706
-1.404950 -0.294944
3.384783 -1.795040
-1.409506 -0.308121
-1.525339 -0.370021
-1.472640 -0.309918
-1.397178 -0.092369
-1.337251 -0.115991
-1.619202 -0.539496
-1.713470 -0.641127
-3.267500 -2.878433
-3.265827 -2.921576
-3.346674 -2.659640
3.382352 -1.758206
-3.422998 -2.663619
-3.292026 -2.879646
-3.273037 -2.873938
-3.273443 -2.573910
-3.246656 -2.547915
-3.202768 -2.827034
-3.314834 -2.802648
-3.316638 -2.730046
-3.354635 -2.778988
-3.248742 -2.647831
3.070617 -1.733772
-3.223965 -2.607619
-3.445558 -2.815445
-3.430792 -2.816363
-3.254437 -2.557137
-3.294634 -2.587540
-3.334480 -2.832605
-3.337072 -2.873052
-3.321211 -2.898798
-3.283609 -2.918636
-3.190414 -2.819438
3.365449 -1.694249
-3.367049 -2.785186
-3.426872 -2.732309
-3.428959 -2.740599
-3.307289 -2.530601
-3.291777 -2.589517
-2.658436 -2.116684
-2.723819 -2.168122
-2.838845 -2.393503
-2.773666 -2.376644
-2.996095 -2.333521
3.270511 -1.825900
-3.022396 -2.362903
-2.737645 -2.228065
-2.780287 -2.263087
-2.941965 -2.334716
-2.984046 -2.354511
-2.721513 -2.400931
-2.690841 -2.458364
-2.592123 -3.253021
-2.646969 -3.192381
-2.709481 -3.319932
3.180707 -1.678235
-2.684815 -3.363559
-2.336156 -3.178818
-2.312876 -3.239520
-2.517042 -3.423966
-2.603105 -3.409061
-2.429362 -3.621400
-2.416755 -3.559344
-2.340762 -3.415070
-2.280359 -3.301895
-2.370544 -3.550657
-1.149473 4.543898
3.219632 -1.799445
-2.413163 -3.530967
-2.445259 -3.447462
-2.304979 -3.401447
-2.436910 -3.670517
-2.393557 -3.666530
-2.212792 -3.616124
-2.249451 -3.613366
-2.380498 -3.253892
-2.313245 -3.413900
-2.287088 -3.541308
2.691058 -1.875194
-2.385855 -3.481413
-2.816433 -3.265237
-2.644517 -3.332237
-2.418901 -3.054506
-2.386944 -3.172142
-2.566737 -3.311339
-2.617363 -3.320098
-2.386794 -3.357228
-2.389512 -3.300181
-2.559054 -3.442935
1.784860 -2.302203
-2.528100 -3.396992
-2.449190 -3.445389
-2.345639 -3.316871
-2.322121 -3.424197
-2.350989 -3.397168
-2.437531 -3.572191
-2.474493 -3.552062
-2.295702 -3.589238
-2.271810 -3.532450
-2.348678 -3.431963
2.567527 -1.983949
-2.352979 -3.462773
-2.367283 -3.410559
-2.415833 -3.352064
-2.605040 -3.172343
-2.639608 -3.207255
-4.542374 0.816604
-4.519665 0.771111
-4.603971 0.577002
-4.622441 0.612608
-4.524272 0.769752
3.243109 -1.525755
-4.476583 0.769179
-4.338799 0.710266
-4.482646 0.665053
-4.638582 0.691952
-4.630200 0.690355
-4.652571 0.579860
-4.644363 0.583655
-4.442855 0.605826
-4.452837 0.603219
-4.529845 0.656434
2.569626 -1.676276
-4.522078 0.565786
-4.341559 0.620800
-4.507090 0.575696
-4.576809 0.538889
-4.626461 0.538218
-4.243498 -0.118571
-4.278073 -0.022375
-4.215209 0.117921
-4.205012 0.090275
-4.194069 -0.222233
2.695045 -0.686835
-4.229835 -0.123388
-4.172558 0.006940
-4.125510 0.046155
-3.641455 1.044919
-3.714015 1.014025
-3.862186 1.096315
-3.791533 1.174555
-3.621135 0.956043
-3.591680 1.037310
-3.772922 1.236376
2.768974 -0.495001
-3.720619 1.270324
-3.502773 1.296886
-3.462056 1.230600
-3.414724 1.152884
-3.383412 1.099260
-3.433861 1.246803
-3.389335 1.245889
-3.289583 1.144201
-3.400725 1.166606
-3.540591 1.341939
2.787282 -0.485426
-3.521544 1.278926
-3.515444 1.407951
-3.459661 1.329650
-3.441156 1.117617
-3.392509 1.189859
-3.398508 1.285162
-3.431827 1.270996
-3.823710 1.031200
-3.753047 1.049953
-3.763240 0.828666
2.657235 -0.480873
-3.716208 0.953776
-3.721573 1.046259
-3.778705 1.078572
-3.410740 0.965624
-3.409905 1.021912
-3.584655 1.106431
-3.552959 1.088735
-3.405920 1.077819
-3.417592 1.059747
-3.503442 1.090174
-0.725075 4.079077
2.872074 -0.579088
-3.404522 1.042948
-3.628326 1.199457
-3.595698 1.192021
-3.606776 1.147868
-3.624436 1.109700
-3.480807 1.066033
-3.449682 1.147310
-3.444669 1.163574
-3.446466 1.151073
-3.747119 0.949354
3.074189 -1.159229
-3.795387 0.921101
-1.339880 3.626944
-1.462164 3.671448
-1.417588 3.603052
-1.472112 3.609282
-1.600970 3.553482
-1.606923 3.584638
-1.568119 3.518589
-1.533520 3.550013
0.191730 1.174594
2.968474 -0.904233
0.275397 1.171145
-0.044350 1.110002
-0.038489 1.129681
0.091784 1.020056
0.183187 0.965504
-0.029917 1.123328
-0.080332 1.141043
2.503364 2.707902
2.488420 2.716615
2.548103 2.741222
-1.978597 -1.217167
2.588138 2.775716
2.526916 2.809076
2.469673 2.770714
2.628580 2.915248
2.525020 2.769170
0.627752 -2.320030
0.561347 -2.399480
0.631524 -2.243867
0.567766 -2.262985
0.375769 -2.379262
-2.075052 -1.464097
0.379413 -2.432868
0.567574 -2.270272
0.593338 -2.287693
2.937991 -0.736671
3.014044 -0.669072
2.787523 -0.856364
2.778930 -0.802003
2.923423 -0.729957
3.013740 -0.748598
2.766497 -0.724072
-2.156432 -1.298816
2.733259 -0.698743
-1.486975 -0.438341
-1.558241 -0.466578
-1.354264 -0.460892
-1.399330 -0.467776
-1.377409 -0.510774
-1.417717 -0.489180
-1.328516 -0.456835
-1.333377 -0.489375
-2.226033 -3.454923
-2.148028 -1.280722
-2.237698 -3.554623
-2.216000 -3.432031
-2.194936 -3.495574
-2.257455 -3.595111
-2.191039 -3.596388
-2.288874 -3.611094
-2.290237 -3.546689
-3.655409 1.280909
-3.542454 1.317123
-3.654558 1.121409
-2.204430 -1.257858
-3.634305 1.207961
-3.570887 1.386554
-3.548150 1.421679
-3.614097 1.158080
-3.612277 1.244797
-4.500623 0.420609
-4.492490 0.408852
-4.583931 0.518606
-4.583622 0.561681
-4.503343 0.537970
-2.014725 -1.285956
-4.535589 0.548039
-4.563561 0.449658
-4.536725 0.427062
-4.369205 0.083616
-4.383372 0.166885
-4.313970 0.022875
-4.307743 -0.012155
-1.581509 3.750876
-1.593023 3.748832
-1.523177 3.778732
-1.964718 -1.336309
-1.559704 3.733703
-1.606094 3.796720
-1.565278 3.748177
-1.585389 3.686818
-1.619600 3.771104
0.303998 1.150196
0.300840 1.171938
0.020148 1.316921
0.042286 1.361447
0.037191 1.332651
