1220 2
3.912806 2.175843
3.930972 2.382362
3.144658 1.303805
-1.063414 -3.052036
1.064392 2.728567
1.146221 2.651642
1.166920 2.670719
-0.168962 1.469403
-0.068174 1.429781
-0.212155 1.526044
-0.187365 1.468757
-0.167454 1.386651
-0.128609 1.432636
-0.067747 1.353683
-2.700236 -1.796938
-0.083835 1.315048
-3.252577 1.737819
-3.223532 1.719110
-3.303113 1.665859
-3.305868 1.682652
-3.302026 1.852432
-3.281474 1.791726
-3.326411 1.821660
-3.266214 1.825841
-2.066753 -0.891953
-1.321307 -2.859863
-2.047839 -0.861707
-2.039169 -1.099349
-2.070810 -1.024675
-1.985805 -1.072841
-2.006517 -1.097741
-2.033178 -0.979344
-2.081466 -0.995867
-0.154914 -4.200173
-0.105830 -4.212255
-0.128239 -4.112106
-0.649734 -3.473229
-0.103494 -4.145555
0.073868 -4.088045
0.018809 -4.143401
-0.038126 -4.261898
-0.066438 -4.288768
1.177898 -0.989663
1.224672 -1.030988
1.114256 -1.068148
1.104853 -1.004021
1.026615 -1.032161
-1.021322 -3.180713
1.016726 -1.054132
1.053776 -1.025217
1.100110 -1.043029
4.132891 -2.091671
4.185802 -2.055410
4.130904 -2.093697
4.121724 -2.039007
4.177226 -1.932365
4.088310 -1.936631
4.242166 -1.964772
-0.037008 -3.878417
4.203085 -1.983872
2.831604 1.225691
2.756611 1.212252
2.869237 1.082931
2.783155 1.047311
1.220154 2.345300
1.193265 2.335504
1.217775 2.248828
1.227844 2.295585
0.105102 0.893580
-0.013732 -4.046219
0.205430 0.798761
0.028457 1.101439
0.015676 1.112933
-2.907452 1.832405
-2.715457 1.809992
-2.788861 1.738573
-2.733142 1.695582
-1.555711 -0.966832
-1.547896 -1.023820
-1.596079 -0.866471
0.105157 -3.994156
-1.526183 -0.817897
0.099194 -3.775529
0.112973 -3.642861
0.096328 -3.786203
0.059083 -3.764042
0.947128 -0.388863
0.946624 -0.419184
1.026340 -0.529710
1.043453 -0.573835
3.744505 -1.830893
0.145790 -4.127191
3.731412 -1.820293
3.787059 -1.937338
3.748032 -1.939763
3.357347 2.630785
3.362607 2.601663
3.366282 2.524607
3.362287 2.561661
3.898686 2.250766
3.718521 2.174423
3.361516 2.535409
0.263552 -4.063266
3.344897 2.478160
3.112423 1.203112
3.168425 1.366543
0.649883 3.863750
0.791786 3.749923
1.438859 3.717680
1.467281 3.757076
1.290143 2.765841
1.205604 2.784996
-0.987044 2.313572
3.237877 1.134841
-0.355845 -3.536740
-0.998599 2.314759
-0.337907 2.770360
-0.424628 2.754122
-0.209918 1.330502
-0.306850 1.350304
-3.589133 0.778960
-3.633063 0.670490
-2.993241 0.719143
-2.933642 0.785371
-2.996939 1.778035
-0.079547 -3.771671
-3.148355 1.779802
-2.801719 -2.006714
-2.686407 -1.949388
-2.929148 -1.224377
-2.896660 -1.254165
-1.924839 -0.989184
-1.911254 -1.171118
-0.690796 -3.225851
-0.710236 -3.331472
-1.180312 -2.977005
1.542212 -2.015898
-1.278559 -2.945968
-0.074693 -4.072006
-0.004422 -3.888185
1.507562 -2.029021
1.388149 -2.010455
0.800763 -2.258253
0.789906 -2.278574
1.132016 -0.844685
1.064535 -0.834959
3.667474 -2.974297
1.503487 -2.102304
3.684245 -3.113562
3.159524 -2.645689
3.088531 -2.718788
4.015607 -1.981233
3.910815 -1.958836
2.978899 1.405238
1.464921 2.908728
-0.178395 1.185424
-2.937065 1.620469
-1.945378 -1.323280
1.293160 -2.030562
-0.186856 -4.126766
0.848545 -0.823707
3.964881 -1.997190
3.415095 -2.962076
3.138338 0.937642
1.063044 2.715405
-0.075205 1.445639
-3.292878 1.737303
-2.057296 -0.958703
-0.084135 -4.228446
1.568132 -2.004441
1.123680 -1.086679
4.227865 -2.021915
0.635800 0.540448
3.354200 2.592721
3.963993 2.224485
3.644877 2.067892
3.276756 2.595312
3.331533 2.548660
3.116020 1.171916
3.175576 1.339594
1.507078 -2.008902
0.657028 3.859220
0.857436 3.750219
1.444589 3.717962
1.477709 3.771072
1.369479 2.706713
1.184320 2.652586
-0.996949 2.270946
-1.058181 2.321925
-0.310430 2.801717
-0.438064 2.762346
1.417669 -1.999443
-0.211722 1.327401
-0.260136 1.342743
-3.589616 0.720721
-3.680854 0.697426
-3.007689 0.718153
-2.924720 0.748520
-2.901197 1.675395
-3.181377 1.848050
-2.822287 -2.043475
-2.618531 -1.973685
1.445607 -2.082417
-2.960212 -1.196061
-2.906595 -1.216300
-1.982082 -0.996832
-1.935248 -1.166838
-0.658942 -3.199097
-0.798178 -3.327233
-1.173756 -2.997908
-1.291430 -2.921160
-0.080481 -4.055553
0.056430 -3.912878
0.940887 -2.229204
1.518539 -2.032490
1.420563 -1.992366
0.853778 -2.290114
0.719457 -2.289306
1.086266 -0.885379
1.048872 -0.863562
3.696882 -2.995754
3.691361 -3.158599
3.156272 -2.630597
3.031461 -2.714821
3.245747 1.174040
-0.718350 -3.060715
4.029181 -2.062693
3.905554 -1.914595
2.928966 1.405221
1.544721 2.928495
-0.210704 1.139270
-2.881885 1.547514
-1.891126 -1.334280
-0.227134 -4.224900
0.775959 -0.791194
4.049976 -1.946880
0.720006 -2.319212
3.436927 -3.006907
3.114276 0.886931
0.997698 2.631181
-0.068339 1.448972
-3.286718 1.798756
-2.124144 -0.908122
-0.085098 -4.282127
1.123976 -1.087391
4.262093 -2.025037
0.682170 0.283514
1.444700 -1.837033
0.802325 -2.068392
1.048115 -0.858340
1.242753 -0.805433
1.208446 -0.775624
0.950700 -0.908042
1.027288 -0.637618
1.367278 -1.277060
3.198001 1.032617
1.266176 -0.919565
3.768075 -3.031359
3.784878 -3.020737
3.677840 -3.206455
1.350810 -2.176506
3.842458 -2.930532
3.329258 -2.434738
3.779859 -1.938584
4.003707 -2.003409
3.871113 -1.821023
3.070115 1.178893
4.059090 -1.833584
3.988173 -1.757926
3.835883 -2.339248
3.806502 -2.098617
3.066711 1.297330
3.135650 1.521764
2.978882 1.158654
3.034444 1.270368
1.381620 2.989402
1.352835 2.967250
3.508532 1.698630
1.502782 2.780967
1.326334 2.742343
-0.162414 1.502354
-0.201103 1.510973
-0.041614 1.069391
-0.265434 1.134910
-2.955380 1.526556
-3.033409 1.539016
-3.030462 1.728204
-3.068494 1.986498
3.360890 1.418692
-2.053941 -0.987066
-2.132062 -1.183824
-1.824871 -1.189941
-1.862197 -1.175151
-0.279394 -4.147954
-0.223421 -3.869257
0.156290 -4.241563
-0.010584 -4.175457
0.911748 -0.929469
0.874914 -0.975967
0.618437 3.748698
0.884104 -0.751087
0.969278 -0.801991
4.105006 -2.194393
3.775879 -2.096468
4.166763 -1.944918
4.110781 -1.826517
3.685280 -3.114121
3.683002 -3.052175
3.613760 -3.047226
3.572267 -3.124566
0.592011 3.904616
3.177810 -2.665400
3.048790 -2.688329
3.070391 0.907296
3.319359 1.422537
2.953854 1.014997
3.113441 0.973312
1.076580 2.704834
1.110007 2.935913
1.214520 2.720779
1.102306 2.594460
0.815481 3.742954
-0.015506 1.432490
-0.311874 1.584115
-0.135957 1.278669
-0.128622 1.289942
-3.128553 1.682649
-3.275285 1.505176
-3.214485 1.939669
-3.290066 1.900975
-2.039396 -0.791485
-2.137499 -1.086017
3.669977 2.213182
0.643984 3.831924
-2.110535 -1.017751
-1.953264 -1.066210
-0.139035 -4.192282
-0.258597 -4.015560
-0.003546 -4.283037
0.083207 -4.193697
1.306119 -0.978474
1.163381 -1.058866
1.111279 -1.069062
0.975523 -0.997259
0.774458 3.868113
4.181079 -2.074334
4.079028 -2.201752
4.214285 -1.967104
4.202049 -1.876519
2.997358 1.184750
1.280242 2.511795
-0.309955 1.199135
-2.924956 1.863145
-1.736873 -0.994986
0.128656 -3.911425
0.731913 3.890670
1.155159 -0.603099
3.882536 -1.847418
3.402819 2.567259
3.877427 2.125118
3.904306 2.098650
3.821053 2.245280
3.926256 2.246296
3.873055 2.086235
3.903342 2.088162
3.787645 2.359793
0.749669 3.873971
3.773355 2.364612
3.791372 2.059325
3.847982 2.167541
4.006242 2.282275
3.971934 2.231272
3.756832 2.337479
3.780153 2.413514
3.858847 2.197083
3.854463 2.165038
3.708043 2.259732
1.314257 3.725007
3.650255 2.288281
3.741817 2.086604
3.727407 2.034559
3.804617 2.095448
3.792149 2.073101
3.687849 2.046031
3.747738 2.144706
3.756262 2.231929
3.771848 2.258644
3.723382 2.317358
3.644402 2.397722
3.692297 2.297555
3.261309 2.420968
3.280939 2.381075
3.450905 2.517805
3.462661 2.506318
3.483060 2.497282
3.529271 2.495656
3.323304 2.400035
3.287009 2.320396
3.382555 1.492257
1.517980 3.729733
3.339869 1.476641
3.327858 1.375535
3.346774 1.342692
3.171874 1.737335
3.129712 1.463481
3.167334 1.300405
3.235391 1.320135
3.121089 1.055954
3.134312 1.054936
3.012739 1.076745
0.745156 3.579766
3.058177 1.077758
3.183887 1.134720
3.225005 1.145911
3.116925 1.218483
3.060268 1.218061
2.972772 1.107122
2.983748 1.179037
3.040782 1.130301
3.054646 1.157297
2.968258 1.165500
1.439041 3.595412
3.032122 1.184786
3.191984 1.141815
3.222485 1.087588
3.368292 1.517943
3.284403 1.469103
3.192329 1.659011
3.185884 1.503469
3.207189 1.447394
3.255695 1.413556
3.135302 1.270104
1.357402 2.782618
3.093558 1.249346
3.288884 1.331171
3.256986 1.242234
3.248553 1.189560
3.242939 1.236424
3.004758 1.299654
3.115122 1.288603
3.080869 1.256425
3.058808 1.281973
3.099596 1.289454
3.924835 2.184329
1.292377 2.599140
3.127767 1.267431
3.307844 1.322981
3.236704 1.269550
3.054049 1.225506
3.066231 1.177337
3.336339 1.478228
3.384042 1.540819
0.644721 3.735266
0.656422 3.701171
0.676070 3.915349
1.222422 2.578523
0.673325 3.886314
0.645785 3.743815
0.670000 3.679302
0.819419 3.827516
0.777417 3.845440
0.711005 3.865847
0.674090 3.881626
0.580894 3.920219
0.592232 3.921326
0.712981 3.881311
1.131498 2.510115
0.731752 3.859537
0.719213 3.809349
0.687092 3.793545
0.787956 3.888021
0.877454 3.820388
0.808370 3.679530
0.772816 3.708818
0.703885 3.673346
0.732138 3.637320
0.800776 3.710911
1.346328 2.673017
0.812966 3.809733
0.770607 3.845944
0.798266 3.870339
0.852741 3.794421
0.840758 3.752527
1.544118 3.695417
1.514289 3.710353
1.438561 3.658681
1.432785 3.673676
1.328706 3.758047
0.973073 3.134123
1.284234 3.734557
1.580688 3.725161
1.571033 3.753239
1.184085 3.788529
1.089893 3.807815
1.500229 3.718261
1.464282 3.670690
1.145725 2.899567
1.142865 2.928144
0.974382 3.217556
1.092427 2.839338
1.098770 2.988275
1.388052 3.040906
1.391531 3.008460
1.176026 2.924146
1.125747 2.939602
1.230179 2.609075
1.289566 2.654988
1.355015 2.560634
1.349171 2.643668
1.343498 2.650064
-1.090828 2.267163
1.322785 2.611665
1.329803 2.599645
1.398281 2.638542
1.294505 2.739309
1.305812 2.745477
1.445091 2.726859
1.390162 2.708929
1.249870 2.676052
1.326505 2.643228
1.231500 2.593840
-0.898756 2.437659
1.209032 2.607539
1.034109 2.995698
1.127648 2.883831
1.345429 3.016504
1.269899 2.985336
1.238006 3.022035
1.187112 2.968142
1.220327 2.574212
1.145030 2.549702
1.153984 2.750742
-0.956967 2.427284
1.180084 2.712805
1.217572 2.733748
1.217103 2.735693
1.270380 2.618980
1.269765 2.591053
1.182702 2.702068
1.174702 2.759686
1.324050 2.713472
1.348052 2.695957
1.092687 2.699869
-1.114732 2.323604
1.252915 2.658804
1.250913 2.608515
1.193962 2.547713
1.018963 2.966508
1.003123 2.988155
-1.003451 2.244367
-0.972850 2.229120
-0.950634 2.306910
-1.060218 2.322054
-1.037114 2.285204
3.891637 2.321168
-1.110605 2.438397
-1.043364 2.231616
-0.926020 2.425642
-0.921284 2.404846
-0.872553 2.167433
-0.920540 2.235425
-1.031806 2.344409
-1.072038 2.320913
-0.897133 2.395897
-0.893321 2.433591
-1.103536 2.412591
-0.895502 2.247810
-1.093917 2.393711
-0.910565 2.391101
-0.929279 2.422276
-0.981973 2.278950
-0.980015 2.256853
-1.035142 2.232552
-1.007606 2.267250
-0.919917 2.222626
-0.918844 2.240772
-0.931645 2.343722
-1.005891 2.436892
-1.049183 2.412335
-0.961091 2.439798
-0.970642 2.417366
-0.239563 2.906795
-0.278196 2.864628
-0.350506 2.660803
-0.349793 2.662523
-0.551538 2.688051
-0.502868 2.693231
-0.307013 2.889656
-0.419737 2.682256
-0.382643 2.813257
-0.547752 2.694378
-0.602209 2.659268
-0.388054 2.659845
-0.384471 2.661065
-0.455445 1.503696
-0.409061 1.483902
-0.420397 1.652537
-0.330872 1.554933
-0.187748 1.589706
0.903868 3.811057
-0.197661 1.501738
-0.226988 1.580611
-0.251159 1.466578
-0.163565 1.426082
-0.114096 1.360152
-0.257905 1.286079
-0.283423 1.307803
-0.388323 1.286124
-0.366374 1.365648
-0.270585 1.204365
-0.386790 2.820952
-0.263983 1.228940
-0.196810 1.169547
-0.206867 1.148820
-0.191080 1.261642
-0.234685 1.304724
-0.278999 1.301909
-0.317997 1.198966
-0.373968 1.305198
-0.321084 1.342134
-0.477466 1.688080
-0.947902 2.179890
-0.388730 1.598880
-0.267773 1.650546
-0.210301 1.584268
-0.301937 1.532289
-0.306738 1.529028
-0.339150 1.238775
-0.354845 1.215426
-0.345026 1.518148
-0.344625 1.490555
-0.414064 1.390393
-0.333191 2.517494
-0.369598 1.407507
-0.273848 1.191221
-0.263326 1.286108
-0.266866 1.185282
-0.246196 1.134455
-0.374129 1.167405
-0.416388 1.215405
-0.453783 1.404739
-0.408527 1.341037
-0.343917 1.282380
-0.307891 1.400931
-0.290392 1.301874
-0.530017 1.536386
-0.526387 1.562955
-3.667750 0.853742
-3.634175 0.830570
-3.561410 0.715242
-3.611699 0.724869
-3.630273 0.816609
-3.619773 0.838913
-3.505586 0.613891
-0.292009 1.430328
-3.461653 0.609965
-3.532066 0.877181
-3.538497 0.812992
-3.606045 0.635298
-3.698626 0.656963
-3.446575 0.663922
-3.469898 0.642295
-3.755872 0.630671
-3.746443 0.633465
-3.480046 0.662742
3.777633 2.205417
-0.443812 1.322583
-3.490593 0.627397
-3.619802 0.719413
-3.626117 0.781947
-3.658081 0.795857
-3.672913 0.752378
-3.505400 0.904746
-3.533009 0.826370
-3.620005 0.656924
-3.687079 0.630664
-3.477625 0.606298
-0.198898 1.288327
-3.484225 0.606667
-2.916188 0.745427
-2.960469 0.709969
-2.988922 0.840354
-2.941563 0.861108
-3.190623 0.625516
-3.135465 0.658150
-2.837215 0.810430
-2.899871 0.755084
-3.044069 0.692321
-0.374742 1.198701
-3.101539 0.667998
-2.939758 0.856163
-2.928679 0.877820
-3.187452 1.535277
-3.250618 1.443234
-3.323539 1.384133
-3.223772 1.526669
-2.978255 1.440053
-3.010876 1.543056
-3.062556 1.525030
-0.592403 1.669259
-3.175812 1.540233
-3.075984 1.717415
-3.041034 1.719991
-2.898235 1.823933
-2.949535 1.790893
-2.980764 1.934414
-2.969513 1.891136
-2.998694 1.846901
-2.942961 1.842397
-3.114489 2.002131
-0.516969 1.440780
-3.091363 2.029695
-3.065229 1.816686
-3.050830 1.892733
-3.006750 1.810216
-3.050025 1.885625
-3.016170 1.943138
-3.003528 1.947876
-3.349442 1.430837
-3.293218 1.527932
-3.046859 1.523258
-3.696582 0.807309
-3.040122 1.544183
-3.186862 1.551445
-3.211650 1.533185
-3.014456 1.955529
-2.972287 1.928852
-3.251082 1.735658
-3.207932 1.839103
-3.086426 1.823902
-3.099116 1.814447
-3.033350 1.958968
-3.535369 0.620250
-2.977221 1.913650
-3.197396 1.903627
-3.106816 1.993499
-3.141862 1.953716
-3.146173 1.932126
-3.156162 1.859899
-3.149580 1.915810
-3.097811 1.929755
-3.001897 1.906320
-3.239648 1.733993
-3.571301 0.607978
-3.301349 1.634157
-2.890646 -2.109212
-2.876192 -2.067996
-2.805666 -2.086655
-2.835316 -2.077442
-2.854623 -1.983354
-2.826149 -1.973191
-2.695812 -1.886746
-2.679204 -1.869310
-2.507255 -1.797624
-3.725991 0.697777
-2.653093 -1.907539
-2.921527 -2.134417
-2.902684 -2.108782
-2.795408 -1.879243
-2.829794 -1.923811
-2.817028 -2.039082
-2.814608 -2.037349
-2.652271 -1.889367
-2.688203 -1.889762
-2.810725 -1.908800
-3.790416 0.598882
-2.760037 -1.954420
-2.735660 -2.016064
-2.717096 -1.974370
-2.534022 -1.852911
-2.560286 -1.879850
-2.679730 -1.969385
-2.722733 -2.002183
-2.718579 -1.924791
-2.758288 -1.904329
-2.995569 -1.077440
3.804186 2.324928
-3.545206 0.772915
-2.954590 -1.189758
-2.846039 -1.195296
-2.878153 -1.202828
-2.886059 -1.340313
-2.893167 -1.324924
-2.927317 -1.177325
-2.963597 -1.172264
-2.856471 -1.442235
-2.797622 -1.564065
-2.863476 -1.202155
-3.598403 0.631430
-2.847336 -1.182765
-2.090709 -1.358843
-2.099383 -1.368538
-2.187810 -1.133558
-2.148730 -1.097056
-2.239936 -1.124400
-2.158558 -1.105793
-2.060317 -0.980031
-2.098804 -0.985773
-2.009700 -0.802243
-3.040325 0.747176
-1.989011 -0.862149
-1.846583 -0.911995
-1.855299 -0.901077
-1.811666 -0.998861
-1.896282 -0.976229
-1.756513 -0.976142
-1.759430 -0.928637
-1.933573 -1.007995
-1.895319 -1.086470
-1.813866 -1.122336
-0.830220 2.488705
-1.856843 -1.103525
-1.787161 -1.016476
-1.795133 -0.976836
-1.759264 -1.072236
-1.755572 -1.092274
-2.180012 -1.330551
-2.110319 -1.186407
-2.193923 -1.186108
-2.130105 -1.189232
-2.086430 -1.161366
-2.942438 0.727852
-2.081144 -1.121122
-1.777547 -1.166164
-1.749144 -1.229320
-1.956413 -1.018702
-1.869310 -0.988794
-1.855353 -1.017380
-1.782174 -1.078726
-1.750688 -1.038944
-1.769637 -1.012749
-1.883477 -1.204805
-3.609972 0.928690
-1.876908 -1.222489
-1.817269 -1.166637
-1.824223 -1.183216
-1.848348 -1.212476
-1.801933 -1.159682
-1.784702 -1.084063
-1.734796 -1.047890
-2.053025 -1.380484
-2.096338 -1.419506
-0.646610 -3.355269
-2.955315 0.950159
-0.644227 -3.378466
-0.679781 -3.186435
-0.698292 -3.212845
-0.689968 -3.397374
-0.669175 -3.373756
-0.736470 -3.080774
-0.715926 -3.102560
-0.528131 -3.357399
-0.616456 -3.270021
-0.739314 -3.286012
-3.004236 1.728973
-0.729702 -3.331642
-0.696180 -3.150766
-0.724529 -3.167970
-0.804647 -3.380124
-0.765803 -3.357358
-0.727317 -3.181375
-0.787525 -3.143665
-0.739006 -3.355021
-0.699040 -3.418379
-0.761045 -3.457234
-3.086069 1.809059
-0.749725 -3.440121
-0.517524 -3.386136
-0.590165 -3.349592
-0.630429 -3.336831
-0.808155 -3.325936
-0.783694 -3.162273
-0.761787 -3.231035
-1.328098 -2.876999
-1.264374 -2.903545
-1.086324 -3.071042
-3.023085 1.929079
-1.152005 -3.044974
-1.041034 -2.984632
-1.067434 -2.999229
-1.478414 -2.747859
-1.356905 -2.846004
-1.192963 -2.904302
-1.169310 -2.928498
-1.237805 -2.976801
-1.148980 -3.092056
-0.174628 -3.776203
3.426166 2.509419
-3.180216 1.945336
-0.188607 -3.693980
-0.231961 -4.038931
-0.229956 -4.049244
-0.259722 -3.865741
-0.166762 -3.941426
-0.225349 -4.070546
-0.252399 -4.030710
-0.161653 -4.108304
-0.062486 -4.086611
0.062492 -3.954200
-3.108067 1.948793
0.029703 -3.943230
0.073055 -4.167641
-0.001960 -4.099244
0.127155 -4.037924
0.053330 -4.058196
0.009336 -4.237671
-0.071796 -4.144232
0.198562 -4.193295
0.166569 -4.152989
0.002424 -3.872218
-3.391279 1.182794
0.126300 -4.020658
0.110027 -4.052509
0.089036 -4.064135
-0.330226 -3.739629
-0.227648 -3.892494
-0.272728 -3.785578
-0.245993 -3.805800
-0.188308 -3.926256
-0.167377 -3.920943
0.138627 -3.917398
-3.161453 1.735204
0.148959 -3.915629
-0.081947 -3.947165
0.049767 -3.869756
0.041021 -3.942479
0.062887 -3.902020
0.095602 -3.975865
0.088219 -3.974099
0.023420 -4.159442
0.049405 -4.110387
0.156353 -4.081512
-2.889641 -2.129239
0.128854 -4.073613
0.010043 -3.847917
0.119257 -3.939422
0.109671 -3.925809
0.143093 -3.951209
-0.161542 -3.716350
-0.178773 -3.714604
1.510167 -1.937504
1.501483 -1.862545
1.494803 -2.054090
-2.908708 -2.121945
1.524374 -2.047141
1.484463 -1.894436
1.491934 -1.844498
1.408011 -2.160281
1.396560 -2.158539
1.457376 -1.882886
1.480560 -1.900569
1.595099 -2.079257
1.616101 -2.077453
1.401720 -2.105381
-2.726338 -1.894957
1.431466 -2.152014
1.531719 -1.985632
1.480738 -1.961110
1.357976 -2.047447
1.295608 -2.088164
1.397214 -1.878429
1.390018 -1.870621
1.435156 -1.917751
1.434669 -1.898136
1.436317 -1.803421
-2.863670 -2.068746
1.445493 -1.922854
1.429107 -1.983498
1.467759 -2.044764
1.343326 -2.107066
1.338717 -2.107150
0.530636 -2.414741
0.655180 -2.351512
0.836515 -2.176222
0.805498 -2.195918
0.910948 -2.267461
-2.832707 -2.062438
0.953299 -2.250331
0.628043 -2.358341
0.670850 -2.336163
0.950330 -2.274147
1.030542 -2.251209
0.746678 -2.195524
0.770868 -2.185141
1.280671 -1.032250
1.273399 -1.062568
1.162040 -1.081443
-2.649556 -1.920268
1.159188 -1.036675
0.985307 -1.057172
1.014686 -1.026314
1.023866 -1.008496
1.164550 -1.012771
1.270987 -0.872821
1.297974 -0.883335
1.207497 -0.767453
1.137016 -0.767958
1.176831 -0.859082
3.774584 2.012188
-2.723420 -2.008117
1.237019 -0.875303
1.202380 -0.697750
1.227044 -0.690139
1.070444 -0.960511
1.041258 -0.918267
0.965091 -0.718775
0.992617 -0.689778
1.243873 -0.682832
1.096668 -0.631204
1.111746 -0.696488
-2.888103 -1.227925
1.101188 -0.760008
1.200312 -1.181604
1.147958 -1.073783
0.903029 -1.079700
0.883313 -0.929316
0.997429 -1.064778
1.056376 -0.985570
1.152419 -0.637835
1.181379 -0.600395
1.211806 -0.888211
-3.345910 0.584515
1.201459 -0.839840
1.269274 -0.790447
1.237525 -0.809685
1.091286 -0.683879
1.109817 -0.685696
0.959014 -0.819179
0.954521 -0.759285
0.997716 -0.681384
1.022068 -0.662626
1.133501 -0.807612
-2.911918 -1.255324
1.111190 -0.741418
1.081615 -0.630644
1.046931 -0.676417
1.251729 -1.007244
1.264849 -1.065221
3.808050 -2.957891
3.805447 -2.944284
3.590524 -3.132513
3.650005 -3.150492
3.822006 -2.957226
-2.753561 -1.935508
3.828799 -2.914582
3.660360 -2.942010
3.663968 -2.992068
3.754072 -2.994529
3.811594 -3.001939
3.745228 -3.113015
3.733952 -3.082405
3.772878 -3.035169
3.810904 -3.032541
3.764900 -3.054475
-2.804106 -1.160517
3.758641 -3.063213
3.707124 -3.000365
3.633790 -3.084302
3.578075 -3.147480
3.607366 -3.199793
3.048420 -2.646111
3.047805 -2.640189
3.211471 -2.559682
3.207095 -2.552483
2.840072 -2.652489
-1.943411 -1.008253
2.994666 -2.704585
3.154705 -2.595746
3.138718 -2.610896
3.893707 -2.283129
3.926574 -2.242142
4.012308 -2.254855
4.043365 -2.206094
3.714076 -2.195426
3.786048 -2.126454
4.128592 -2.184294
-1.897473 -0.908789
4.117195 -2.198544
4.104833 -2.047433
4.098835 -1.991812
3.963474 -1.913303
3.956849 -1.934414
3.974066 -1.826851
3.952911 -1.889562
3.926468 -1.903665
3.945590 -1.918200
4.131893 -1.956872
-1.768134 -1.050319
4.099870 -1.967120
4.065843 -1.908785
4.036535 -1.884194
3.846735 -1.907269
3.942999 -1.836017
3.954752 -1.815010
3.992322 -1.832238
4.006833 -2.265269
4.008945 -2.180248
3.640461 -2.166167
-1.708507 -1.116887
3.708236 -2.084861
3.935907 -2.107235
4.000110 -2.158990
3.814265 -1.827964
3.774622 -1.866271
3.968398 -1.964636
3.940409 -1.998489
3.847574 -1.874243
3.793756 -1.869911
3.978666 -1.806967
3.238966 2.173072
-1.756652 -1.142256
3.977179 -1.818560
4.132008 -1.802399
3.978818 -1.890137
4.052761 -1.752725
4.012195 -1.712325
3.775508 -1.859693
3.881276 -1.776457
3.939225 -1.744552
3.946688 -1.799740
3.832757 -2.170579
-2.253370 -1.562545
3.836678 -2.232157
2.992879 1.393709
3.007299 1.325205
3.084792 1.492039
3.066427 1.435785
2.960916 1.267874
2.959727 1.277206
2.980576 1.415510
2.992640 1.402793
1.430406 2.926623
-2.016969 -1.340516
1.440626 2.909722
1.365738 2.921322
1.360375 2.866712
1.427015 2.828500
1.468512 2.807648
1.355656 2.859811
1.342746 2.911592
-0.173857 1.305231
-0.113752 1.262238
-0.213441 1.321056
-0.725157 -3.208764
-0.202397 1.212444
-0.215963 1.172086
-0.158639 1.144693
-0.260512 1.142658
-0.250312 1.133022
-2.954314 1.603332
-2.938607 1.613951
-3.076911 1.584180
-3.093094 1.586827
-2.914639 1.694465
-0.748316 -3.179295
-2.950655 1.700130
-3.019363 1.814020
-2.995315 1.745565
-2.021042 -1.193230
-2.010152 -1.127025
-2.012356 -1.286771
-1.949779 -1.320294
-1.920059 -1.260657
-1.900593 -1.246782
-1.914786 -1.283730
-0.773069 -3.264649
-1.904349 -1.332535
-0.280167 -4.105658
-0.250233 -4.141204
-0.125736 -3.925816
-0.087365 -3.924647
-0.071222 -4.137624
-0.035670 -4.174274
-0.104224 -4.182976
-0.134836 -4.144184
0.853869 -0.917323
-0.765633 -3.374295
0.870200 -0.872927
0.882065 -0.868445
0.932304 -0.830064
0.909089 -0.831325
0.903648 -0.817535
0.841438 -0.832415
0.829094 -0.789096
3.943523 -2.115261
4.048968 -2.095979
3.826671 -1.998565
-0.826543 -3.315909
3.869261 -1.936773
4.088415 -1.959081
4.070633 -1.885310
3.998416 -1.942780
3.979425 -1.958626
3.587429 -3.079765
3.559923 -3.086445
3.488200 -2.997733
3.471043 -2.991024
3.564360 -2.998591
-0.615912 -3.285852
3.587950 -3.019845
3.511552 -3.062490
3.516770 -3.050708
3.254481 -2.794668
3.209779 -2.725240
3.203130 -2.836904
3.257581 -2.873553
3.137876 1.027424
3.112665 0.989446
3.206354 1.107889
-0.778798 -3.106683
3.172764 1.002361
3.179655 0.969791
3.182195 0.996209
3.088088 0.958848
3.032835 0.950351
1.116884 2.753704
1.124053 2.723805
1.106916 2.812159
1.118454 2.801366
1.082979 2.665189
