1220 2
-4.314976 -0.260244
-4.369595 -0.252989
-3.570570 -1.202308
2.504800 0.243655
-2.584578 1.736986
-2.578673 1.833852
-2.519572 1.889733
0.425864 3.328240
0.464629 3.317200
0.289982 3.443587
0.342176 3.451844
0.396570 3.412107
0.398905 3.449837
0.458223 3.465701
0.937130 -0.296679
0.500178 3.411787
-1.119529 -1.432672
-1.084561 -1.567942
-1.162743 -1.292479
-1.132262 -1.316149
-1.142570 -1.376214
-1.080535 -1.367923
-1.064058 -1.539254
-1.094926 -1.505134
0.899572 0.835634
2.432514 0.166828
0.882537 0.884153
0.863763 0.760813
0.911467 0.799014
0.806862 0.871662
0.814627 0.829021
0.820845 0.934309
0.842000 0.936451
3.079700 1.403247
3.138090 1.470384
3.114869 1.259536
3.159940 0.429916
3.118042 1.267774
3.170568 1.454807
3.071811 1.309052
3.145346 1.517237
3.183418 1.524735
0.015774 -4.001163
-0.051850 -4.062980
-0.101612 -3.824249
-0.135043 -3.808408
-0.203342 -3.885839
2.550300 0.413538
-0.167665 -3.903443
-0.183914 -3.947174
-0.205354 -4.002923
2.841516 -2.211546
2.851160 -2.204167
2.726612 -2.304327
2.741615 -2.253445
2.722921 -2.140824
2.690433 -2.172728
2.903753 -2.062028
3.038029 1.218367
2.923134 -2.046877
-3.600743 -1.156345
-3.559132 -1.054007
-3.392324 -1.339970
-3.430520 -1.337268
-2.256819 1.688403
-2.292003 1.708863
-2.192679 1.771969
-2.253960 1.799618
0.200978 2.866575
3.172368 1.378724
0.169997 2.961977
0.323475 2.922473
0.303612 2.924531
-0.625523 -0.773839
-0.603346 -0.725381
-0.789468 -1.097960
-0.842484 -1.155255
0.134334 0.322066
0.050501 0.216592
0.383908 0.543818
3.225804 1.429453
0.476647 0.627042
2.956584 1.232108
2.920948 1.186432
2.857925 1.341831
2.694964 1.361784
-0.168300 -3.361825
-0.163936 -3.322883
-0.084964 -3.489513
-0.035028 -3.474608
2.501171 -2.078701
3.274946 1.518965
2.481246 -2.074845
2.529906 -1.975993
2.559119 -1.994793
-3.758968 0.010486
-3.743204 0.026635
-3.725843 -0.055158
-3.736921 -0.072794
-4.277072 -0.207966
-4.300017 -0.144279
-3.854076 -0.000371
3.040748 1.601371
-3.805953 -0.058548
-3.618398 -1.344954
-3.759469 -1.156498
-3.518903 2.413709
-3.532647 2.338193
-3.629539 1.645355
-3.640209 1.688786
-2.514285 2.006042
-2.524213 1.843100
-0.755819 2.799924
-3.585032 -1.280874
3.159238 1.058269
-0.711084 2.959382
-1.323124 3.046926
-1.196169 3.094838
0.276734 3.203673
0.261495 3.226084
-1.213063 -0.262073
-1.206772 -0.300037
-1.047833 0.282028
-1.007923 0.276971
-1.014830 -1.296056
3.193163 1.236237
-1.007225 -1.162744
1.086553 -0.181058
1.051469 -0.288835
0.466502 -0.208741
0.362443 -0.229469
0.720584 0.792625
0.708537 0.662516
3.059063 0.156329
3.101763 0.242655
2.443038 0.205714
1.096382 -3.968934
2.473147 0.195043
3.052165 1.448370
2.999809 1.303193
1.136721 -3.965407
1.044618 -4.064046
1.124128 -3.381207
1.017576 -3.380988
-0.069397 -3.821572
-0.042973 -3.714093
3.012541 -3.355813
1.184016 -4.105197
3.070607 -3.296781
2.313190 -3.379309
2.360762 -3.390748
2.801903 -2.169974
2.680644 -2.226463
-3.835863 -1.439383
-2.626448 2.094188
0.204756 3.467729
-1.195806 -1.224837
0.859592 0.748338
1.014953 -3.963096
2.784203 1.427930
0.055814 -3.662983
2.982968 -2.206674
2.760631 -3.443609
-3.544891 -1.177507
-2.617333 1.800793
0.411861 3.435326
-1.181768 -1.463676
0.908273 0.892259
3.138971 1.378598
1.085770 -4.180594
-0.160815 -3.982525
2.824090 -2.179518
-0.272721 -0.283775
-3.721981 -0.021650
-4.306711 -0.245361
-4.256831 -0.111222
-3.816237 -0.001249
-3.723918 -0.112530
-3.699902 -1.387413
-3.754406 -1.212641
1.148080 -4.177091
-3.577624 2.466990
-3.564669 2.391883
-3.636223 1.630150
-3.623113 1.690283
-2.458729 1.982482
-2.506942 1.793759
-0.836055 2.734504
-0.689031 2.939134
-1.348644 3.074017
-1.210412 3.113592
1.032083 -4.008229
0.302798 3.211778
0.267172 3.252403
-1.214707 -0.278798
-1.215604 -0.346371
-1.063479 0.290875
-1.008654 0.275842
-1.011861 -1.365096
-1.090442 -1.137868
1.092530 -0.151151
1.093188 -0.352459
1.163186 -3.983188
0.452367 -0.225531
0.307863 -0.206786
0.691057 0.800027
0.748233 0.633216
2.996706 0.142491
3.197439 0.322048
2.450277 0.218163
2.441700 0.187879
3.012016 1.508927
3.064129 1.197093
1.097392 -3.475174
1.159133 -4.010427
1.104686 -4.056756
1.118030 -3.349934
1.014138 -3.335054
0.004975 -3.834092
-0.053015 -3.728382
3.034180 -3.345381
3.104368 -3.346538
2.303473 -3.362340
2.346577 -3.395416
-3.637480 -1.479516
2.838840 0.104376
2.874356 -2.249846
2.652773 -2.208796
-3.907638 -1.497317
-2.634172 2.142117
0.237491 3.547632
-1.318594 -1.242411
0.839505 0.761333
2.766070 1.453338
-0.003904 -3.651977
2.975689 -2.184169
1.129479 -3.377759
2.784955 -3.426792
-3.503014 -1.183115
-2.632853 1.701946
0.471438 3.513796
-1.253765 -1.479713
0.965332 0.906300
3.161921 1.437011
-0.164543 -4.027296
2.725153 -2.216486
-0.119996 -0.035113
0.964783 -4.045284
0.848017 -3.439029
0.056749 -3.623608
-0.117408 -3.844893
-0.203594 -3.673841
-0.326709 -3.687590
-0.301640 -3.683090
0.350472 -3.860423
-3.501282 -1.334326
0.029661 -3.742117
3.028498 -3.365748
3.136740 -3.278863
3.149138 -3.465039
1.225847 -3.741970
3.068425 -3.153051
2.423015 -3.167452
2.711954 -2.337980
2.722526 -2.172040
2.650255 -1.972939
-3.702720 -1.478738
2.750566 -2.012840
2.790931 -1.970565
2.854458 -2.752896
2.732600 -2.411022
-3.770731 -1.448410
-3.781555 -1.123845
-3.742552 -1.539584
-3.798773 -1.402518
-2.656983 2.037414
-2.735490 1.821562
-3.989838 -0.992701
-2.481084 2.205096
-2.421003 2.027947
0.168052 3.431687
0.075639 3.317984
0.300569 3.404417
0.380760 3.301715
-1.269035 -1.223033
-1.096307 -1.078683
-1.139957 -1.421434
-1.101313 -1.367300
-3.866218 -1.147374
0.936743 0.722148
0.678097 0.600641
0.615401 0.934992
0.738086 0.977141
2.799913 1.442472
2.873064 1.213880
3.004524 1.629837
2.967931 1.546017
0.094853 -3.643065
0.227745 -3.622369
-3.601448 2.467651
-0.183858 -3.843596
-0.200950 -3.822345
2.952152 -2.312185
2.763841 -2.438236
2.926601 -2.015191
2.822546 -2.043261
3.020048 -3.312666
3.028048 -3.450431
2.928739 -3.314044
2.987685 -3.462128
-3.618618 2.373735
2.431935 -3.312511
2.296040 -3.434890
-3.396624 -1.256530
-3.730233 -1.130422
-3.568236 -1.381580
-3.611542 -1.274094
-2.593074 1.749671
-2.791866 1.953521
-2.439462 1.885892
-2.489473 1.814246
-3.454269 2.297287
0.512754 3.249075
0.133387 3.270494
0.549060 3.346168
0.447124 3.445202
-0.941163 -1.562941
-1.175670 -1.115158
-1.099557 -1.538112
-1.052805 -1.541881
0.926139 0.971623
0.930176 0.605741
-4.182055 -0.140118
-3.558399 2.455007
0.797528 1.009189
0.712094 0.997186
3.198044 1.584812
3.045700 1.162544
3.165224 1.664886
3.189346 1.550364
-0.059464 -4.054815
0.128067 -3.935833
-0.220105 -3.974633
-0.279585 -3.911525
-3.654323 2.399001
2.850222 -2.315122
2.842511 -2.344614
3.038999 -2.023947
2.778514 -2.045612
-3.537567 -1.353394
-2.289447 1.852010
0.344207 2.980954
-0.814800 -1.181125
0.466948 0.702322
3.141039 1.385283
-3.537300 2.341613
-0.115406 -3.617972
2.548111 -2.111249
-3.767970 -0.027367
-4.285108 -0.312809
-4.287090 -0.330399
-4.356368 -0.209525
-4.349914 -0.177258
-4.318580 -0.321342
-4.251449 -0.315007
-4.221431 -0.049343
-3.636705 2.332888
-4.163008 0.008370
-4.252716 -0.371062
-4.260472 -0.277385
-4.377333 -0.272305
-4.385975 -0.281295
-4.244795 -0.115737
-4.219390 -0.097563
-4.390627 -0.190055
-4.399103 -0.186580
-4.203598 -0.054470
-3.590729 1.672995
-4.203442 -0.045194
-4.198281 -0.207925
-4.266042 -0.256205
-4.283377 -0.265783
-4.221080 -0.194091
-4.347125 -0.261933
-4.366971 -0.219887
-4.323644 -0.079076
-4.339648 -0.082064
-4.238580 0.004477
-4.080666 0.050415
-4.176150 0.036046
-3.790497 -0.189370
-3.791727 -0.217681
-3.937558 0.049916
-3.932367 0.061057
-3.865717 -0.000349
-3.934327 0.041153
-3.727727 -0.203571
-3.761651 -0.205083
-3.922164 -1.109657
-3.667643 1.623668
-3.957578 -1.054962
-3.845211 -1.027701
-3.717853 -1.109735
-3.776242 -1.056796
-3.801780 -1.110877
-3.752396 -1.153870
-3.695775 -1.248706
-3.511964 -1.322549
-3.485324 -1.338245
-3.547720 -1.310315
-3.363261 2.404670
-3.497406 -1.236247
-3.642933 -1.488881
-3.600926 -1.375739
-3.524704 -1.419945
-3.521065 -1.438551
-3.778800 -1.452903
-3.760540 -1.442267
-3.717544 -1.508765
-3.673087 -1.498706
-3.609495 -1.394058
-3.431216 1.726135
-3.600719 -1.473014
-3.618083 -1.493397
-3.577466 -1.446232
-3.845557 -1.057714
-3.769079 -1.094941
-3.777333 -0.970840
-3.822574 -1.009559
-3.773986 -1.134639
-3.741241 -1.149987
-3.690204 -1.360854
-2.554176 1.704720
-3.680390 -1.327328
-3.647364 -1.221248
-3.652109 -1.178156
-3.629343 -1.373620
-3.659747 -1.294415
-3.685664 -1.299227
-3.594702 -1.348635
-3.802145 -1.307642
-3.798566 -1.295706
-3.807902 -1.411136
-4.375611 -0.264871
-2.404895 1.833870
-3.772972 -1.373599
-3.694879 -1.221460
-3.712810 -1.408064
-3.650045 -1.346931
-3.458977 -1.296140
-3.910731 -1.077695
-3.941668 -1.028611
-3.438165 2.461321
-3.439742 2.449888
-3.577672 2.396510
-2.329732 1.846640
-3.613319 2.458240
-3.417100 2.474226
-3.429347 2.488636
-3.606068 2.237866
-3.587523 2.259603
-3.308390 2.285508
-3.464482 2.385382
-3.566764 2.471193
-3.584906 2.490167
-3.531782 2.301262
-2.355947 1.929566
-3.594134 2.267522
-3.612617 2.451345
-3.555685 2.384012
-3.540617 2.276558
-3.514012 2.256684
-3.443922 2.332784
-3.476203 2.348876
-3.495865 2.375972
-3.410142 2.403170
-3.373978 2.307932
-2.348840 2.112552
-3.503372 2.331224
-3.612532 2.348875
-3.641424 2.362298
-3.602934 2.222840
-3.610816 2.236479
-3.678270 1.532232
-3.680030 1.565474
-3.563478 1.680398
-3.571298 1.688306
-3.631839 1.816768
-2.876138 2.188328
-3.593030 1.764691
-3.698674 1.534364
-3.694196 1.581039
-3.618445 1.830437
-3.602524 1.897324
-3.638046 1.641061
-3.570728 1.682699
-2.670110 2.132209
-2.741227 2.193984
-2.819773 2.052912
-2.637362 2.146375
-2.836015 2.013592
-2.795442 1.869085
-2.634082 1.914937
-2.662466 1.973799
-2.615563 1.967302
-2.499364 1.880806
-2.455170 1.832492
-2.343095 1.887006
-2.339563 1.854760
-2.369292 1.972328
-0.716711 2.732209
-2.370697 1.887152
-2.360689 1.833111
-2.369747 1.842312
-2.417808 1.973054
-2.433157 1.986439
-2.419030 2.173814
-2.398203 2.112283
-2.451011 2.056331
-2.363467 2.021374
-2.293531 2.047320
-0.867001 2.890227
-2.383172 1.996213
-2.885140 2.037821
-2.764532 1.945640
-2.803566 1.779727
-2.685400 1.833451
-2.621531 1.797051
-2.631562 1.873495
-2.321191 1.818617
-2.403078 1.799392
-2.559090 1.786652
-0.658763 2.879789
-2.494012 1.741952
-2.429400 1.789268
-2.493385 1.749145
-2.299514 1.816314
-2.346291 1.833327
-2.442393 1.881754
-2.460741 1.903414
-2.442255 1.993583
-2.491029 1.990720
-2.468829 1.948226
-0.737424 2.920118
-2.369518 1.970770
-2.295029 1.873120
-2.324919 1.887334
-2.671570 2.080900
-2.709936 2.050289
-0.660555 2.752319
-0.670895 2.776185
-0.733242 2.823533
-0.783546 2.796547
-0.686323 2.829597
-4.385118 -0.122456
-0.796761 2.993716
-0.700278 2.832189
-0.951310 2.802009
-0.926118 2.803652
-0.561591 2.895725
-0.683857 2.833504
-0.783973 2.888748
-0.788176 2.906576
-0.878518 2.834431
-0.945334 2.831924
-0.769140 2.968454
-0.659061 2.880730
-0.784094 2.947758
-0.808585 2.860085
-0.789522 2.860915
-0.621757 2.898654
-0.654971 2.915473
-0.651045 2.922840
-0.580632 2.885163
-0.574140 2.927349
-0.632952 2.941431
-0.747244 2.908355
-0.812305 2.850075
-0.829708 2.967691
-0.891897 2.892592
-0.881565 2.875952
-1.391310 3.039900
-1.370014 3.052878
-1.243280 3.106619
-1.226491 3.169243
-1.239875 2.958902
-1.202226 2.948378
-1.258838 3.126611
-1.256380 3.048462
-1.278849 3.087895
-1.146853 2.977496
-1.133143 2.956707
-1.178646 3.142289
-1.158588 3.160187
0.025466 3.051378
0.009589 3.073902
0.069408 3.164130
0.145577 3.186651
0.023276 3.285456
-3.592022 2.058915
0.084505 3.264621
0.083767 3.318577
0.136538 3.275625
0.440923 3.195589
0.451125 3.215456
0.346903 3.086581
0.254317 3.126054
0.353901 3.160797
0.372788 3.127908
0.310252 3.041882
-1.294975 3.069483
0.311651 3.048900
0.472998 3.269038
0.416038 3.268726
0.375949 3.301529
0.446836 3.206805
0.194454 3.033279
0.290671 3.036128
0.360419 3.068933
0.376409 3.088917
0.078753 3.224317
-0.592521 2.860520
0.124304 3.261808
0.015461 3.317890
0.066447 3.325466
0.136937 3.255390
0.158120 3.253122
0.288529 3.019729
0.337889 2.976504
0.324982 3.215626
0.338415 3.225523
0.375678 3.192144
-1.113477 3.178442
0.235677 3.177194
0.437378 3.141742
0.460913 3.078144
0.348012 3.322083
0.286439 3.304136
0.435062 3.286381
0.426983 3.320439
0.215941 3.117032
0.320777 3.135211
0.438707 3.024037
0.137674 3.258289
0.425913 3.012660
0.004741 3.040699
0.035695 3.070243
-1.295444 -0.399961
-1.284211 -0.408899
-1.174204 -0.209383
-1.219495 -0.237998
-1.305657 -0.443609
-1.285632 -0.400801
-1.100046 -0.148534
0.426266 3.195357
-1.100322 -0.166167
-1.152498 -0.396637
-1.155169 -0.354887
-1.309635 -0.105244
-1.298716 -0.209558
-1.062357 -0.178220
-1.120058 -0.130720
-1.283403 -0.285645
-1.220748 -0.233960
-1.172552 -0.277689
-4.330195 -0.220342
0.333346 3.084769
-1.147734 -0.215952
-1.297915 -0.375578
-1.284293 -0.399460
-1.290922 -0.402447
-1.276404 -0.454532
-1.137148 -0.453645
-1.149910 -0.371964
-1.171048 -0.258993
-1.221731 -0.241844
-1.121825 -0.161952
0.446682 3.053300
-1.101410 -0.149135
-1.058610 0.409816
-1.043473 0.341636
-1.028518 0.182727
-1.029152 0.159315
-1.035973 0.210164
-1.042707 0.168802
-1.007702 0.414937
-1.000840 0.381014
-1.011809 0.193194
0.467024 3.195630
-1.006988 0.076691
-1.006970 0.191182
-1.001725 0.160770
-1.084305 -0.918197
-1.067068 -0.905375
-1.177551 -1.021423
-1.160342 -1.076314
-0.975153 -0.976225
-1.023943 -1.098608
-1.194933 -1.204977
-0.161990 3.003598
-1.203735 -1.206522
-0.811214 -1.420848
-0.825160 -1.371727
-0.804850 -1.245000
-0.813678 -1.215961
-0.923753 -1.365272
-0.932084 -1.338799
-0.803746 -1.254387
-0.815282 -1.241634
-1.079679 -1.430793
0.060735 3.031236
-1.056466 -1.371383
-1.025992 -1.387199
-1.003902 -1.414533
-0.898576 -1.209988
-0.956496 -1.176163
-0.888871 -1.337397
-0.860300 -1.389524
-1.179566 -1.054489
-1.243720 -1.018390
-1.098481 -0.939574
-1.301275 -0.272489
-1.123129 -1.003916
-1.113365 -1.085229
-1.122579 -1.109059
-0.844026 -1.214841
-0.881897 -1.183996
-0.954876 -1.148425
-0.913708 -1.131053
-0.845325 -1.249745
-0.925772 -1.196357
-0.857324 -1.082271
-1.287882 -0.067401
-0.889747 -1.129943
-1.096173 -1.408729
-1.176683 -1.308180
-1.018849 -1.239271
-0.984069 -1.202178
-0.921930 -1.258247
-0.857212 -1.372710
-0.872290 -1.222669
-0.885094 -1.247280
-0.990513 -1.048784
-1.258553 -0.263353
-1.048250 -0.897931
1.139928 -0.050895
1.122792 -0.079353
1.054858 -0.136084
1.097252 -0.132342
1.139324 -0.096977
1.126825 -0.037705
1.012532 -0.257540
1.011719 -0.231118
0.976974 -0.029339
-1.282978 -0.257668
1.027027 -0.067760
1.131819 -0.284373
1.156019 -0.283652
0.970521 -0.255144
1.000807 -0.306431
1.143892 -0.342931
1.177731 -0.306933
1.002499 -0.281209
0.976603 -0.330148
1.122347 -0.265281
-1.288620 -0.259737
1.159722 -0.216548
1.171905 -0.197156
1.164483 -0.172911
0.957978 -0.068500
0.983818 -0.167135
1.082871 -0.306515
1.129196 -0.331233
0.999329 -0.334933
1.001522 -0.357596
0.287646 -0.236898
-4.329637 -0.088869
-1.107157 -0.286215
0.334744 -0.250866
0.492350 -0.148960
0.461990 -0.138490
0.480607 -0.257152
0.566548 -0.245805
0.133342 -0.229124
0.251869 -0.250824
0.501551 -0.269744
0.538954 -0.264947
0.389322 -0.177261
-1.182136 -0.204882
0.388800 -0.181171
0.797136 0.372714
0.777247 0.432650
1.022652 0.371478
0.940339 0.542035
0.620607 0.540172
0.628160 0.572392
0.905382 0.718015
0.916913 0.726582
0.815869 0.929284
-1.041713 0.191282
0.706906 0.864824
0.574472 0.713329
0.544078 0.710729
0.705844 0.828894
0.652836 0.764851
0.498151 0.832927
0.549718 0.746589
0.744520 1.033924
0.687051 0.934390
0.567874 0.940574
-0.999005 2.839797
0.536876 0.964857
0.530569 0.685756
0.562726 0.763079
0.584388 0.877909
0.584532 0.862772
1.004723 0.461399
0.956314 0.549672
0.640296 0.501719
0.705798 0.519889
0.803809 0.578960
-1.020909 0.339309
0.838149 0.559060
0.567932 0.582023
0.547211 0.636177
0.800024 0.762238
0.731711 0.856659
0.658768 0.734651
0.654016 0.669146
0.525839 0.741849
0.572690 0.697434
0.756446 0.917185
-1.288796 -0.460585
0.763273 0.916606
0.658023 0.809637
0.694257 0.792321
0.632183 0.608317
0.584340 0.682742
0.543026 0.838603
0.562532 0.782108
0.746449 0.421439
0.762455 0.456298
3.114194 0.262851
-0.991321 0.045321
3.084802 0.233213
3.018606 0.150577
3.051925 0.142196
3.206371 0.262635
3.184021 0.289811
2.914093 0.082626
2.907250 0.099439
3.058354 0.269220
3.013044 0.195856
3.127232 0.116570
-0.891989 -1.158831
3.154585 0.140117
2.970774 0.126378
2.969181 0.099792
3.235662 0.206332
3.193832 0.216932
2.960930 0.160998
2.959304 0.155983
3.176569 0.343339
3.150126 0.378307
3.178706 0.331632
-0.833009 -1.240130
3.156720 0.362104
3.082874 0.266995
3.092855 0.277287
2.999048 0.263384
3.206300 0.245890
2.955229 0.134836
2.918851 0.129400
2.245208 0.105262
2.329496 0.131097
2.470950 0.293438
-0.859939 -1.311157
2.501077 0.338169
2.587646 0.137513
2.555649 0.168746
2.362091 0.118348
2.427359 0.129740
2.620491 0.136430
2.632983 0.134748
2.482085 0.258175
2.480469 0.266041
3.172181 1.232894
-3.858238 -0.038364
-0.916108 -1.337594
3.189157 1.201536
3.067364 0.986952
3.035387 1.157918
2.863041 1.218642
2.878114 1.287311
2.927310 1.324561
2.948490 1.303431
3.104979 1.413069
3.160296 1.434437
3.178373 1.451658
-0.903736 -1.355197
3.143127 1.355590
3.113416 1.583614
3.180419 1.504640
3.171711 1.431358
3.183467 1.384242
3.063808 1.578104
3.005530 1.595443
3.040380 1.652289
3.077170 1.602440
3.119655 1.436436
-1.082528 -0.788697
3.071813 1.514368
3.158642 1.535529
3.322723 1.574893
3.056698 1.009988
3.030895 1.114693
2.846634 1.151125
2.905939 1.213620
2.975253 1.177086
2.980556 1.146003
3.144210 1.339607
-0.957802 -1.066863
3.063327 1.293364
3.105299 1.256044
3.130248 1.236246
3.153889 1.347914
3.168387 1.355960
3.028161 1.420788
3.165149 1.393937
3.046490 1.497795
2.970307 1.534628
2.966258 1.595233
1.183693 -0.066910
2.966339 1.571459
3.192758 1.382645
3.150122 1.454532
3.120335 1.404477
3.191781 1.378985
3.157450 1.136758
3.145728 1.133772
1.038568 -4.015781
1.015972 -4.046431
1.150004 -3.946933
1.075932 -0.291615
1.146186 -3.941551
1.043421 -4.080577
1.081432 -4.052910
1.208831 -3.892264
1.174710 -3.913379
0.944058 -3.954513
0.995268 -4.027328
1.132373 -4.178457
1.130807 -4.145975
1.189114 -3.907521
1.060964 -0.255648
1.185385 -3.916079
1.060498 -4.137870
1.041829 -4.150566
1.153898 -3.876223
1.089862 -3.972235
0.974760 -3.967213
0.982998 -4.012408
1.019799 -4.115407
1.020033 -4.135310
0.987504 -4.020854
1.178401 -0.262926
1.048158 -4.024355
1.152240 -4.090199
1.129905 -4.082609
1.191132 -3.892636
1.142609 -3.891686
1.187846 -3.309834
1.169916 -3.342021
1.064553 -3.429525
0.948575 -3.403387
1.194811 -3.502593
1.145163 -0.371954
1.169851 -3.545144
1.051496 -3.293890
1.073565 -3.345703
1.147548 -3.533038
1.151386 -3.604268
0.945058 -3.390527
0.933609 -3.409382
0.081611 -3.842689
0.182698 -3.864235
0.080411 -3.917172
0.991083 -0.156596
0.114683 -3.926092
0.310166 -3.600077
0.249182 -3.585046
0.111688 -3.844750
0.087826 -3.884974
-0.016446 -3.849965
-0.024476 -3.867774
0.016881 -3.711626
0.028610 -3.664211
-0.219618 -3.849576
-4.219930 -0.371035
1.078140 -0.296300
-0.184014 -3.853984
-0.080094 -3.655059
-0.087325 -3.671861
-0.212658 -3.884171
-0.194317 -3.865792
-0.296396 -3.811574
-0.320028 -3.801272
-0.044884 -3.690174
-0.160757 -3.694526
-0.265698 -3.711750
0.525519 -0.200505
-0.234716 -3.709140
0.149029 -3.881277
0.124370 -3.889758
0.283608 -3.588115
0.244144 -3.584972
0.142809 -3.792293
0.107725 -3.862188
-0.143206 -3.618142
-0.138910 -3.630910
0.024952 -3.857380
-1.016097 -0.087286
0.019939 -3.928881
-0.104435 -3.717426
-0.060585 -3.665160
-0.098185 -3.647849
-0.079093 -3.746968
-0.261445 -3.873484
-0.158026 -3.763455
-0.291941 -3.744725
-0.380635 -3.742807
-0.127339 -3.677262
0.346763 -0.244180
-0.204728 -3.634995
-0.196811 -3.635818
-0.192514 -3.654591
0.197187 -3.787510
0.251143 -3.814963
3.069381 -3.256085
3.057469 -3.220668
3.003781 -3.442724
3.016645 -3.416095
3.084784 -3.213771
1.152144 -0.050988
3.076403 -3.199847
2.940122 -3.223434
2.946119 -3.288374
3.095676 -3.404773
3.093799 -3.344220
3.140665 -3.351518
3.151778 -3.270876
3.085249 -3.227010
3.111184 -3.217543
3.123548 -3.244584
0.473478 -0.064481
3.116822 -3.229940
2.974229 -3.156976
2.977456 -3.193755
3.051016 -3.397077
3.076150 -3.415468
2.220342 -3.444278
2.271993 -3.431272
2.386643 -3.287976
2.372852 -3.256089
2.186655 -3.460904
0.629921 0.623328
2.260439 -3.438674
2.356472 -3.323286
2.378213 -3.293082
2.823042 -2.515537
2.838860 -2.527643
2.914331 -2.500535
2.856588 -2.344980
2.746127 -2.430599
2.767007 -2.339769
2.908486 -2.294688
0.693933 0.813798
2.834108 -2.255020
2.811970 -2.285440
2.832697 -2.211343
2.718258 -2.174835
2.664669 -2.196663
2.702928 -1.982736
2.684016 -2.081991
2.559745 -2.014786
2.613980 -2.037847
2.894359 -2.052531
0.618199 0.758469
2.860287 -2.041130
2.852680 -1.960776
2.855606 -2.012067
2.624724 -2.162080
2.675827 -2.055846
2.740080 -1.989259
2.704138 -2.022528
2.874084 -2.477234
2.746581 -2.342955
2.670453 -2.388547
0.601340 0.928799
2.736303 -2.404011
2.740876 -2.379897
2.727933 -2.317243
2.601333 -2.136640
2.586231 -2.147270
2.668065 -2.169002
2.664891 -2.175963
2.676064 -2.129095
2.671682 -2.006524
2.627282 -2.099066
-3.765354 -0.312773
0.545652 0.906176
2.573683 -2.155025
2.750335 -2.127185
2.729457 -2.139754
2.796855 -1.979277
2.724377 -1.986085
2.693189 -2.075765
2.704530 -1.951714
2.561759 -2.063120
2.602210 -2.075707
2.793288 -2.600363
0.830610 0.278702
2.790563 -2.634811
-3.803496 -1.418872
-3.831157 -1.494416
-3.863620 -1.290690
-3.878921 -1.260098
-3.761399 -1.434890
-3.724226 -1.432652
-3.913195 -1.352157
-3.889250 -1.384481
-2.621436 2.071340
0.654498 0.541934
-2.654615 2.105580
-2.671488 1.975827
-2.605444 1.963906
-2.534683 2.108718
-2.550397 2.123072
-2.537523 2.088526
-2.551252 2.028662
0.206910 3.386331
0.173673 3.413933
0.145843 3.367338
3.133235 0.210742
0.230610 3.411606
0.289023 3.367826
0.252676 3.377937
0.302253 3.368168
0.274259 3.381941
-1.158062 -1.170647
-1.183270 -1.228146
-1.157595 -1.146050
-1.169866 -1.146618
-1.124836 -1.327173
3.061191 0.050239
-1.160430 -1.385425
-1.153772 -1.230340
-1.242252 -1.272740
0.850646 0.741896
0.891232 0.751658
0.770625 0.612866
0.829319 0.700521
0.749001 0.872137
0.683094 0.872558
0.831756 0.834342
3.135849 0.248558
0.784214 0.723407
2.849826 1.354815
2.829691 1.458453
2.855952 1.232919
2.861501 1.341714
2.894986 1.513388
2.972315 1.569085
2.910318 1.463935
2.806933 1.351660
0.146351 -3.697598
3.199999 0.193313
0.121980 -3.596575
0.144079 -3.628427
0.101004 -3.593521
-0.010923 -3.840958
-0.086114 -3.823705
-0.053559 -3.681235
-0.017340 -3.621422
2.917761 -2.350870
2.978460 -2.306509
2.887696 -2.295669
3.263324 0.222671
2.882544 -2.277174
2.925977 -2.086723
2.937130 -2.102083
2.819438 -2.100208
2.780550 -2.120953
2.921351 -3.342263
2.996590 -3.367761
2.900381 -3.458104
2.872578 -3.429314
2.902384 -3.381716
3.003096 0.205085
2.928677 -3.412718
2.919063 -3.453683
2.885758 -3.429319
2.486077 -3.443791
2.628337 -3.462495
2.422431 -3.424095
2.475310 -3.413308
-3.539405 -1.227002
-3.473041 -1.258903
-3.671237 -1.085548
2.949494 0.095319
-3.642794 -1.113823
-3.638055 -1.183754
-3.661041 -1.131436
-3.574899 -1.258793
-3.506094 -1.350174
-2.740059 1.891819
-2.662400 1.833664
-2.680444 1.840853
-2.636972 1.773300
-2.535013 1.779475
