1220 2
2.121086 0.177741
2.161869 0.285838
0.997556 -0.294140
-3.495932 -2.174002
2.543437 2.499620
2.683426 2.447433
2.736497 2.404249
-0.794786 0.515432
-0.809003 0.501042
-0.821179 0.539787
-0.789115 0.518418
-0.832116 0.442563
-0.795049 0.475087
-0.846413 0.446191
-4.396716 0.702992
-0.766758 0.411058
-1.701206 3.949735
-1.640124 3.959178
-1.628943 3.881532
-1.550291 3.837714
-1.476789 3.964390
-1.508114 3.928327
-1.522635 3.986972
-1.544219 3.973781
-3.437274 0.240832
-3.556860 -2.116633
-3.319762 0.186741
-3.525111 0.341317
-3.449000 0.359885
-3.410936 0.178630
-3.395760 0.256004
-3.408413 0.209435
-3.321091 0.162228
-2.491225 -1.950809
-2.503031 -1.861704
-2.612019 -1.827620
-3.055271 -2.721794
-2.640590 -1.828543
-2.447622 -1.786396
-2.469675 -1.825594
-2.432407 -1.748041
-2.442281 -1.721390
-0.253044 -2.923892
-0.270310 -2.883334
-0.259975 -2.817419
-0.292341 -2.761164
-0.322710 -2.690586
-3.291884 -2.037217
-0.399174 -2.780543
-0.345494 -2.733994
-0.391402 -2.765871
2.926600 -2.357364
2.956440 -2.239223
2.871162 -2.331919
2.906243 -2.295603
3.023503 -2.222556
2.943851 -2.254357
3.085712 -2.245775
-2.475207 -1.973816
3.101311 -2.240411
0.644746 -0.464242
0.520809 -0.451560
0.514458 -0.582637
0.457889 -0.577973
2.273046 2.540296
2.264266 2.534317
2.529269 2.376838
2.548598 2.350911
-0.732392 0.032259
-2.240447 -2.012110
-0.660856 0.026236
-0.707163 -0.151965
-0.703679 -0.144539
-1.371580 3.481023
-1.317841 3.367991
-1.418849 3.438665
-1.427360 3.455256
-2.720157 0.299573
-2.358604 0.198783
-2.985961 0.320715
-2.273420 -2.012023
-2.956466 0.312820
-2.184354 -1.772288
-2.157207 -1.709931
-1.985794 -1.749101
-1.977634 -1.743416
-0.257677 -2.471437
-0.281243 -2.511648
-0.261076 -1.985425
-0.247948 -2.079477
2.940843 -2.206451
-2.251871 -1.857147
2.893631 -2.221785
2.931311 -2.175404
2.933649 -2.226375
1.666455 0.734284
1.666236 0.735401
1.680156 0.710116
1.667000 0.676981
2.067012 0.214698
1.934361 0.281512
1.638455 0.658865
-2.302586 -1.983093
1.681432 0.652698
1.116597 -0.593456
0.951448 -0.410235
1.403760 2.476060
1.320287 2.462414
1.661824 1.842520
1.637748 1.802858
2.627247 2.527237
2.401396 2.574138
-1.090379 1.636737
0.966376 -0.499330
-2.797253 -2.414639
-0.991684 1.624417
-0.473146 1.676455
-0.439932 1.765948
-0.813998 0.332412
-0.771518 0.360843
-2.463078 3.145132
-2.357091 3.203161
-1.968700 2.710516
-1.883025 2.666002
-1.547595 3.767820
-2.427376 -2.239455
-1.497750 3.737565
-4.584704 0.507621
-4.485772 0.454887
-4.057562 1.045325
-4.173698 0.999433
-3.331961 0.280232
-3.397851 0.367595
-3.232712 -2.757538
-3.110309 -2.819319
-3.542853 -2.132195
-0.289245 -4.183427
-3.532173 -2.097057
-2.376995 -2.004248
-2.470550 -1.940774
-0.296754 -4.102852
-0.292419 -3.967425
-0.865963 -3.727941
-0.875976 -3.691755
-0.270332 -2.813597
-0.209372 -2.752364
2.887664 -3.568000
-0.407314 -4.107866
2.850570 -3.446300
2.256394 -3.368109
2.209060 -3.464196
3.134012 -2.380433
3.133857 -2.417633
1.075814 -0.391601
2.716914 2.528855
-0.582859 0.267154
-1.304823 3.880052
-3.470865 0.115827
-0.298107 -3.867719
-2.589978 -1.912255
-0.465428 -2.877643
3.247042 -2.593937
2.569788 -3.519881
1.242375 -0.565840
2.635456 2.469771
-0.805869 0.516527
-1.594225 3.969453
-3.443236 0.208529
-2.494005 -1.782722
-0.197256 -4.034117
-0.354766 -2.786654
2.962839 -2.221888
-0.545350 -0.430729
1.691110 0.753078
2.057953 0.221234
1.918180 0.303548
1.610547 0.684191
1.715098 0.664338
1.126907 -0.674209
1.005589 -0.420284
-0.248704 -4.079616
1.398314 2.507294
1.320195 2.498205
1.621333 1.840603
1.607553 1.843099
2.607123 2.481837
2.451714 2.646450
-1.093841 1.700011
-1.013264 1.573668
-0.436841 1.665199
-0.450420 1.791562
-0.312755 -4.019094
-0.874489 0.336369
-0.789711 0.370153
-2.488807 3.211700
-2.381962 3.182254
-2.009715 2.687819
-1.864262 2.656687
-1.515604 3.788034
-1.499560 3.813833
-4.639631 0.424270
-4.396376 0.415965
-0.329778 -4.088360
-4.065123 1.104135
-4.162505 1.066551
-3.289834 0.248339
-3.451553 0.440594
-3.282983 -2.767740
-3.096483 -2.922609
-3.518660 -2.183243
-3.583843 -2.154232
-2.337901 -2.058923
-2.505867 -1.887826
-0.794243 -3.751883
-0.279493 -4.181740
-0.279492 -3.953153
-0.933931 -3.776155
-0.925774 -3.698632
-0.284175 -2.873083
-0.287521 -2.752471
2.915410 -3.578722
2.833973 -3.435292
2.232250 -3.400786
2.126648 -3.514301
0.886959 -0.625337
-3.336656 -2.577729
3.122840 -2.407329
3.096672 -2.434658
1.208673 -0.415344
2.848971 2.544073
-0.538261 0.230668
-1.277126 3.911034
-3.475127 0.047444
-2.627579 -1.830902
-0.467473 -2.880437
3.311506 -2.636897
-0.932124 -3.723960
2.600955 -3.539555
1.234274 -0.573590
2.769750 2.419115
-0.770228 0.523981
-1.612852 4.013638
-3.475802 0.320195
-2.443247 -1.686491
-0.341637 -2.864089
2.964689 -2.177881
-0.552574 -0.440485
-0.177429 -3.848641
-0.781098 -3.516239
-0.180848 -2.788439
-0.067247 -2.757439
-0.081167 -2.704021
-0.269545 -2.521945
-0.176741 -2.662328
-0.163273 -3.234300
0.998840 -0.790642
-0.075311 -3.013986
2.859834 -3.689493
2.918344 -3.513579
2.883512 -3.567603
-0.473918 -3.948253
2.976988 -3.383484
2.453160 -3.129746
3.125016 -2.455156
3.070521 -2.258764
3.255238 -2.193581
0.919059 -0.660142
3.193660 -2.154194
3.315834 -2.368953
3.081835 -2.842155
3.060231 -2.535176
1.338423 -0.534176
1.152703 -0.234551
1.086749 -0.731179
0.941352 -0.548867
2.768487 2.626126
2.403430 2.402640
1.391972 -0.272139
2.805965 2.445735
2.796473 2.552568
-0.529803 0.298750
-0.571290 0.454657
-0.671861 0.263555
-0.712640 0.181798
-1.464461 3.978339
-1.623656 3.603816
-1.226235 3.826635
-1.374595 3.874614
1.160545 -0.484308
-3.539677 0.005784
-3.568851 0.416221
-3.226083 0.071519
-3.220011 0.174686
-2.551091 -2.189726
-2.634061 -1.985446
-2.513964 -1.953722
-2.409368 -1.808858
-0.305924 -3.027029
-0.409008 -3.031414
1.334550 2.493885
-0.418331 -2.640766
-0.383412 -2.682585
3.135760 -2.607741
2.960407 -2.642617
3.417813 -2.446137
3.314502 -2.411514
2.803996 -3.436673
2.875170 -3.590585
2.871445 -3.453901
2.833738 -3.589900
1.478575 2.417521
2.338125 -3.339019
2.155525 -3.468716
1.221166 -0.731841
1.264902 -0.424821
1.177171 -0.736300
1.069973 -0.738370
2.666977 2.682254
2.530855 2.721813
2.798000 2.392443
2.677300 2.509589
1.323470 2.460291
-0.895873 0.415573
-0.764328 0.555552
-0.705196 0.203629
-0.869392 0.385724
-1.675047 3.931455
-1.725650 3.792175
-1.446446 4.084016
-1.403754 3.971737
-3.236459 0.247000
-3.610180 0.346638
1.899932 0.273395
1.337778 2.602239
-3.163725 0.160045
-3.394313 0.199581
-2.283742 -1.987719
-2.566807 -2.116292
-2.406581 -1.719862
-2.398192 -1.755698
-0.009643 -2.900225
-0.174912 -2.999601
-0.426455 -2.753776
-0.338695 -2.612379
1.220075 2.418248
2.940015 -2.164390
2.973696 -2.515310
3.164687 -2.240333
3.098401 -2.193528
0.864735 -0.546804
2.466501 2.582899
-0.863020 0.121251
-1.429937 3.566849
-3.140125 0.381531
-2.165436 -1.885052
1.394968 2.449805
-0.185648 -2.587867
3.160000 -2.268529
1.683781 0.704562
2.078806 0.134520
2.080534 0.138867
2.071614 0.231745
2.093123 0.232775
2.029946 0.152796
2.023148 0.111966
1.964166 0.397770
1.291085 2.350704
1.987028 0.358703
1.914472 0.130841
1.950922 0.170031
2.160889 0.235592
2.154095 0.230023
2.027784 0.319467
2.104818 0.352973
2.035480 0.262972
2.054484 0.267787
1.902048 0.361244
1.637178 1.980176
1.874668 0.364082
1.905154 0.199313
1.913447 0.166970
1.981319 0.212156
1.972969 0.137546
1.873374 0.211596
1.862864 0.214986
1.937013 0.286236
1.947445 0.312346
1.939219 0.368337
1.912029 0.493251
1.924090 0.356837
1.578344 0.589707
1.576422 0.594736
1.737996 0.634410
1.683121 0.623501
1.743544 0.658510
1.755560 0.646299
1.590104 0.585464
1.564872 0.550570
1.306256 -0.405486
1.672912 1.708301
1.337425 -0.419071
1.364763 -0.362377
1.283046 -0.455477
1.213074 -0.196152
1.208436 -0.244900
1.299081 -0.533684
1.232564 -0.521254
1.183270 -0.698314
1.105663 -0.685486
0.996593 -0.553703
1.414034 2.629495
1.023011 -0.530254
0.920809 -0.614068
0.915568 -0.652084
0.894963 -0.625186
0.943702 -0.637062
1.081541 -0.680023
1.058901 -0.659518
1.014463 -0.706337
0.995926 -0.610439
1.006487 -0.576800
1.976813 2.035564
0.933957 -0.614855
0.987791 -0.696775
1.002459 -0.718760
1.304650 -0.323836
1.204328 -0.341901
1.192322 -0.106088
1.120293 -0.215592
1.160981 -0.318308
1.190443 -0.395930
0.870423 -0.554081
2.433792 2.604926
0.854737 -0.497734
1.077316 -0.382253
0.978952 -0.350672
0.932930 -0.471644
0.941719 -0.346445
0.897111 -0.433862
0.880440 -0.484308
0.967671 -0.512774
0.934777 -0.530543
0.868941 -0.539107
2.071627 0.214745
2.591139 2.790562
0.878922 -0.546055
1.003121 -0.500876
0.917579 -0.571002
0.850435 -0.537969
0.838205 -0.536830
1.229222 -0.388950
1.265085 -0.335670
1.413890 2.559131
1.412670 2.565437
1.325639 2.412361
2.580726 2.691421
1.304777 2.420166
1.372318 2.634260
1.361099 2.630248
1.329402 2.309667
1.389775 2.315850
1.513041 2.500623
1.455096 2.491418
1.460520 2.477432
1.433641 2.485454
1.420810 2.347049
2.612887 2.401070
1.433096 2.388736
1.275680 2.543126
1.247023 2.609978
1.364522 2.356504
1.329395 2.386899
1.313103 2.573091
1.305132 2.545248
1.337115 2.603831
1.330398 2.642058
1.494766 2.495459
2.581805 2.443699
1.415480 2.474139
1.256300 2.357693
1.242572 2.366244
1.296257 2.354450
1.292430 2.376942
1.671933 1.588610
1.650450 1.668077
1.823762 1.971328
1.863492 1.983951
1.545197 1.911739
2.069216 2.562828
1.525619 2.028361
1.688445 1.580253
1.677266 1.634148
1.571513 1.857362
1.570942 1.888174
1.751513 1.818969
1.875943 1.915395
2.188983 2.567157
2.209076 2.549194
2.540529 2.754265
2.235889 2.582042
2.582564 2.739052
2.331368 2.257800
2.437217 2.319770
2.675386 2.704196
2.588405 2.797900
2.648200 2.732541
2.660997 2.721043
2.542327 2.693473
2.450088 2.684823
2.710730 2.633764
-1.153471 1.597965
2.651284 2.662620
2.497330 2.611416
2.493632 2.580918
2.733096 2.461659
2.752319 2.496108
2.759622 2.393011
2.711034 2.395040
2.508440 2.477739
2.543623 2.513999
2.627470 2.492185
-1.144539 1.747171
2.639171 2.485439
2.312969 2.659270
2.379514 2.669794
2.272189 2.310359
2.303803 2.370647
2.451463 2.668613
2.468445 2.724365
2.467839 2.685360
2.459022 2.682651
2.479817 2.765724
-0.920771 1.718740
2.468519 2.792889
2.555543 2.720374
2.496691 2.685029
2.461818 2.661154
2.466117 2.754679
2.735672 2.539377
2.767044 2.495356
2.545549 2.521744
2.532151 2.514525
2.414913 2.678530
-1.123837 1.653466
2.489006 2.573368
2.464367 2.538242
2.411300 2.545137
2.164304 2.593352
2.235999 2.594624
-1.128879 1.585101
-1.136829 1.630547
-1.051956 1.619635
-1.115032 1.615209
-1.121876 1.573963
1.993716 0.300267
-1.038885 1.663776
-1.128095 1.533820
-1.009030 1.720765
-1.011987 1.740803
-1.075155 1.403508
-1.053967 1.457113
-1.142456 1.697181
-1.151268 1.683564
-1.001010 1.721860
-1.010581 1.750730
-1.041970 1.659925
-1.025835 1.512792
-1.011228 1.654470
-0.958139 1.648650
-0.917175 1.758162
-1.025438 1.543184
-1.051737 1.539916
-1.066836 1.510237
-1.067801 1.521160
-0.982966 1.455198
-0.952256 1.478755
-1.002387 1.604687
-1.013400 1.659947
-1.000331 1.676539
-0.937789 1.694045
-0.937186 1.681629
-0.349137 1.768260
-0.390319 1.770122
-0.476157 1.536395
-0.443324 1.561136
-0.571692 1.738279
-0.594010 1.710850
-0.335014 1.810120
-0.611703 1.641701
-0.408499 1.778246
-0.573718 1.813568
-0.665107 1.817953
-0.414158 1.686634
-0.410068 1.685856
-0.970345 0.617766
-0.916702 0.613817
-0.808149 0.605484
-0.850465 0.553784
-0.572401 0.596195
1.385987 2.200905
-0.586475 0.530739
-0.708995 0.454980
-0.747978 0.466230
-0.918972 0.334245
-0.881544 0.323437
-0.873634 0.208450
-0.817162 0.183377
-0.941074 0.305925
-0.992943 0.325491
-0.915592 0.225781
-0.423682 1.775810
-0.951973 0.124625
-0.709716 0.150113
-0.668096 0.187098
-0.742422 0.304945
-0.775676 0.303275
-0.961988 0.214001
-0.899023 0.184239
-0.918737 0.313408
-0.951817 0.261277
-0.779831 0.642336
-1.098033 1.490364
-0.730070 0.553071
-0.627427 0.533599
-0.635017 0.456249
-0.683212 0.487243
-0.736488 0.526051
-0.865590 0.208045
-0.800990 0.225412
-0.849925 0.400820
-0.852675 0.317309
-0.973198 0.297180
-0.449457 1.483194
-0.955248 0.291221
-0.873339 0.139691
-0.893929 0.152622
-0.805318 0.279715
-0.728436 0.250080
-0.748360 0.238643
-0.758981 0.256223
-1.001246 0.395220
-0.920811 0.293591
-0.865054 0.220029
-0.704174 0.255388
-0.871910 0.255033
-1.001503 0.624838
-0.929873 0.621985
-2.502743 3.289327
-2.447656 3.321696
-2.469245 3.136224
-2.521902 3.174779
-2.371278 3.280953
-2.409006 3.275259
-2.447809 3.054218
-0.944217 0.318474
-2.445121 3.078597
-2.289089 3.194538
-2.330437 3.165803
-2.544057 3.113531
-2.558639 3.167182
-2.392881 3.026926
-2.426447 2.989412
-2.549752 3.197250
-2.518242 3.207965
-2.339150 3.051967
1.934080 0.216994
-0.979078 0.274294
-2.364286 3.006457
-2.361806 3.197884
-2.337331 3.302904
-2.391096 3.261075
-2.358420 3.313645
-2.189774 3.283614
-2.286564 3.208083
-2.364419 3.133072
-2.430336 3.143913
-2.380090 2.998126
-0.909893 0.293398
-2.361974 3.027304
-1.839065 2.502127
-1.918810 2.605185
-1.938316 2.756147
-1.925863 2.764334
-2.063265 2.700514
-2.081252 2.740474
-1.846396 2.583688
-1.850294 2.617029
-2.016215 2.676357
-0.824417 0.271617
-2.098787 2.733575
-1.860730 2.731108
-1.858054 2.738437
-1.799382 3.509210
-1.777625 3.570387
-1.896664 3.685212
-1.746777 3.808097
-1.641567 3.570449
-1.637267 3.639314
-1.524507 3.943165
-0.980830 0.782008
-1.664060 3.870187
-1.619064 3.876350
-1.588074 3.839905
-1.463531 3.666194
-1.498425 3.605386
-1.428892 3.765028
-1.515246 3.745751
-1.461347 3.658460
-1.481154 3.601715
-1.469194 4.005312
-1.031017 0.554440
-1.489779 4.002111
-1.274705 3.779536
-1.373118 3.771324
-1.528053 3.555754
-1.442271 3.617453
-1.365493 3.725348
-1.344918 3.693272
-1.847674 3.694818
-1.637559 3.779966
-1.643945 3.531989
-2.537256 3.285602
-1.625382 3.559002
-1.700662 3.714779
-1.682705 3.742467
-1.344300 3.583065
-1.356649 3.639168
-1.614600 3.783425
-1.569724 3.800064
-1.515248 3.718780
-1.440403 3.646557
-1.395241 3.716215
-2.509052 3.021338
-1.509702 3.662766
-1.386457 3.940344
-1.353902 3.841582
-1.365833 3.784940
-1.256316 3.695886
-1.446127 3.598587
-1.347794 3.669662
-1.383566 3.643281
-1.310677 3.627772
-1.768420 3.544565
-2.374966 3.060598
-1.738502 3.578360
-4.540996 0.382500
-4.519232 0.387384
-4.583009 0.536685
-4.608086 0.475507
-4.549690 0.360654
-4.583170 0.365811
-4.543091 0.599041
-4.520978 0.606662
-4.363668 0.497208
-2.534247 3.206949
-4.474942 0.506736
-4.636540 0.434978
-4.627481 0.426611
-4.532534 0.617506
-4.585177 0.539618
-4.616138 0.386238
-4.587515 0.385254
-4.454319 0.593523
-4.438578 0.596385
-4.408851 0.373380
-2.546366 3.164218
-4.433920 0.385629
-4.450546 0.407180
-4.430544 0.436936
-4.332404 0.485478
-4.410799 0.526244
-4.531002 0.505216
-4.586440 0.500876
-4.461007 0.645410
-4.453192 0.649203
-4.002690 1.160493
1.980305 0.345519
-2.327415 3.153141
-4.018665 1.124635
-4.050468 0.988461
-3.998358 0.975349
-4.246053 0.891797
-4.204109 0.900986
-4.094044 1.112187
-4.126530 1.085354
-4.302306 0.901907
-4.342223 0.839808
-4.047050 1.025338
-2.440754 3.093605
-4.055056 0.975092
-3.508052 0.353607
-3.582116 0.384433
-3.807049 0.296569
-3.527059 0.303054
-3.642452 0.594733
-3.494833 0.430710
-3.543771 0.270045
-3.625600 0.304123
-3.236419 0.324711
-1.995488 2.748341
-3.310287 0.286314
-3.174767 0.405317
-3.207596 0.432311
-3.227627 0.311814
-3.258825 0.365632
-3.122493 0.435830
-3.143672 0.434570
-3.150198 0.183650
-3.082783 0.151128
-3.209614 0.152933
-0.839873 1.775590
-3.254632 0.193224
-3.290827 0.357781
-3.154747 0.346149
-3.162230 0.389342
-3.147017 0.405076
-3.733356 0.361438
-3.582239 0.336650
-3.622223 0.525334
-3.591245 0.478448
-3.533895 0.371567
-1.913008 2.606776
-3.527847 0.376980
-3.229769 0.375272
-3.226219 0.349932
-3.446350 0.401661
-3.403353 0.387944
-3.248973 0.442427
-3.242182 0.479220
-3.203688 0.315164
-3.268889 0.338616
-3.349084 0.213730
-2.275369 3.409336
-3.274665 0.215889
-3.214716 0.256661
-3.269131 0.281553
-3.310601 0.459595
-3.209697 0.464980
-3.205304 0.371166
-3.263674 0.338957
-3.656335 0.392971
-3.650044 0.385446
-3.146542 -2.723878
-1.828843 2.901509
-3.092688 -2.727359
-3.363898 -2.769875
-3.343453 -2.779742
-3.156038 -2.791584
-3.102328 -2.727786
-3.305956 -2.712185
-3.294790 -2.711101
-3.085710 -2.644342
-3.173336 -2.692500
-3.271607 -2.864943
-1.541370 3.605027
-3.240988 -2.924011
-3.275719 -2.689219
-3.331650 -2.726141
-3.152054 -2.961540
-3.149377 -2.904059
-3.160419 -2.743066
-3.164768 -2.790131
-3.051783 -2.828350
-3.068013 -2.776771
-3.086230 -2.826058
-1.572520 3.763218
-3.061882 -2.808088
-2.910348 -2.525687
-3.100380 -2.737794
-3.151317 -2.771807
-3.139944 -2.953020
-3.306509 -2.757389
-3.292984 -2.725473
-3.600111 -2.066652
-3.595584 -2.095903
-3.458629 -2.098824
-1.395160 3.640328
-3.396553 -2.054688
-3.495494 -2.253267
-3.503347 -2.245496
-3.585817 -2.013255
-3.564362 -2.077494
-3.470466 -2.322153
-3.472263 -2.295159
-3.499006 -2.084074
-3.481167 -2.074608
-2.507913 -2.264873
1.623699 0.609718
-1.291469 3.857721
-2.472097 -2.163355
-2.702063 -2.330796
-2.584083 -2.229944
-2.725246 -2.015823
-2.649067 -2.014704
-2.537287 -2.120061
-2.454945 -2.066025
-2.229744 -1.984348
-2.227873 -2.022291
-2.216087 -1.957569
-1.324927 3.731465
-2.262030 -1.956073
-2.303221 -1.920048
-2.242427 -1.937572
-2.206578 -1.922021
-2.200974 -1.914651
-2.396860 -1.738106
-2.367677 -1.703679
-2.354394 -2.030465
-2.295579 -2.003970
-2.298078 -2.098646
-1.896507 3.468735
-2.262638 -2.001607
-2.252759 -2.110349
-2.249942 -1.985590
-2.655177 -2.177758
-2.614499 -2.124192
-2.711994 -1.943170
-2.618771 -1.982226
-2.546257 -2.005846
-2.546426 -2.010658
-2.221762 -1.873288
-1.693268 3.526263
-2.171129 -1.851197
-2.428789 -2.035770
-2.278291 -2.030750
-2.406953 -1.941251
-2.401319 -1.989137
-2.359984 -1.902225
-2.181295 -1.903208
-2.422680 -1.794306
-2.365263 -1.848959
-2.420927 -1.906947
-4.604689 0.412530
-2.407731 -1.914475
-2.419571 -2.052639
-2.364246 -2.095846
-2.238284 -1.959189
-2.224413 -1.909558
-2.590308 -2.213643
-2.673757 -2.251319
-0.230533 -4.167947
-0.234929 -4.077987
-0.318089 -4.096670
-4.626822 0.478636
-0.280569 -4.152226
-0.147021 -3.979904
-0.165247 -3.981114
-0.380257 -4.068591
-0.365692 -4.072065
-0.272412 -3.982823
-0.269412 -4.038965
-0.273777 -4.111095
-0.269125 -4.087615
-0.434002 -4.015707
-4.425189 0.448728
-0.433984 -4.061430
-0.220624 -4.003156
-0.211817 -3.974385
-0.321911 -3.988420
-0.363600 -3.920289
-0.233008 -3.866872
-0.220739 -3.885586
-0.190309 -3.927624
-0.193759 -3.909708
-0.247922 -3.827006
-4.631025 0.367266
-0.302178 -3.969979
-0.313256 -4.049225
-0.292334 -4.058736
-0.385793 -3.967425
-0.418893 -3.937857
-0.964745 -3.729707
-0.938317 -3.744015
-0.792535 -3.681384
-0.799210 -3.610626
-0.794432 -3.800685
-4.674590 0.454987
-0.766084 -3.821181
-1.036332 -3.658575
-0.980943 -3.689297
-0.805256 -3.777080
-0.719631 -3.827580
-0.862840 -3.594226
-0.851936 -3.579356
-0.121703 -3.076117
-0.161069 -3.066623
-0.172803 -3.246141
-4.489531 0.549437
-0.168632 -3.079263
-0.505673 -3.157213
-0.446082 -3.087270
-0.235630 -2.986901
-0.192431 -2.979611
-0.073485 -2.816346
0.020379 -2.897029
-0.161801 -2.669034
-0.165168 -2.698634
-0.146828 -2.730091
1.945047 0.080173
-4.566709 0.582975
-0.079694 -2.741019
-0.144250 -2.631522
-0.134921 -2.640661
-0.443123 -2.775004
-0.398569 -2.738968
-0.228671 -2.703635
-0.221450 -2.691571
-0.108305 -2.892365
-0.111366 -2.763864
-0.159895 -2.768315
-4.107618 0.942959
-0.170441 -2.610893
-0.189000 -3.111013
-0.243430 -2.856270
-0.477184 -3.104328
-0.413002 -3.068643
-0.251011 -3.041018
-0.200662 -3.029072
-0.143069 -2.622923
-0.183386 -2.527896
-0.043038 -2.893388
-2.290812 2.878271
-0.011779 -2.820314
-0.073552 -2.725556
-0.104781 -2.726069
-0.212148 -2.662293
-0.183771 -2.640163
-0.354620 -2.624228
-0.360099 -2.624340
-0.281513 -2.643963
-0.169767 -2.647549
-0.101029 -2.779063
-4.072807 1.091065
-0.083727 -2.758624
-0.283192 -2.584524
-0.243796 -2.542496
-0.137542 -3.047100
-0.157579 -3.080533
2.886588 -3.562050
2.941823 -3.540742
2.881557 -3.569248
2.859246 -3.644539
2.960553 -3.483313
-4.405843 0.366151
2.959734 -3.459890
2.992589 -3.265204
2.934306 -3.453979
2.900085 -3.575436
2.936614 -3.572377
2.929986 -3.514956
2.915918 -3.538240
2.819753 -3.408596
2.865090 -3.378834
2.946604 -3.402674
-3.889417 0.846474
2.929826 -3.397540
2.899879 -3.332281
2.870355 -3.398733
2.833805 -3.542222
2.859674 -3.540986
2.127568 -3.439915
2.170649 -3.430094
2.314534 -3.299140
2.354651 -3.235029
2.124143 -3.484996
-3.366145 0.485946
2.123696 -3.485003
2.281042 -3.355369
2.258051 -3.374171
3.131131 -2.676625
3.121660 -2.632488
3.087800 -2.552118
3.063377 -2.499427
2.881304 -2.654929
2.954928 -2.584311
3.054261 -2.479886
-3.301223 0.351205
3.006530 -2.528360
2.971735 -2.154580
3.008341 -2.154790
3.112564 -2.404088
3.161606 -2.393733
3.278220 -2.266815
3.212019 -2.198355
3.218376 -2.232799
3.230918 -2.232484
3.299011 -2.321238
-3.160500 0.478317
3.301790 -2.356863
3.384598 -2.406391
3.383087 -2.420596
3.031871 -2.385895
3.109983 -2.311249
3.289892 -2.185456
3.199518 -2.226772
3.033329 -2.576733
3.000454 -2.575043
2.867722 -2.708793
-3.251115 0.321866
2.955417 -2.624408
2.941130 -2.540224
2.943064 -2.475636
3.108174 -2.348375
3.168485 -2.307684
3.000247 -2.371129
3.029488 -2.315591
3.198883 -2.185272
3.245528 -2.255194
3.114395 -2.381504
1.499635 0.468408
-3.175638 0.266900
3.103645 -2.278836
3.258924 -2.327689
3.264348 -2.428635
3.272648 -2.431000
3.267610 -2.421750
3.170864 -2.324643
3.210680 -2.377843
3.261971 -2.337803
3.221665 -2.220227
3.083197 -2.730379
-3.856357 0.425777
3.093926 -2.743050
1.120449 -0.392064
1.190791 -0.449185
0.998241 -0.361413
0.973409 -0.309134
1.055803 -0.497952
1.122093 -0.526385
1.006553 -0.371349
0.994862 -0.311220
2.644591 2.485602
-3.546377 0.394717
2.742387 2.549521
2.480135 2.473958
2.537948 2.523853
2.776023 2.490881
2.753394 2.469281
2.644240 2.538628
2.629076 2.558157
-0.591915 0.308684
-0.600523 0.292694
-0.521913 0.422361
-3.288681 -2.748640
-0.591091 0.297059
-0.659467 0.274195
-0.655643 0.255362
-0.674896 0.261153
-0.617693 0.313826
-1.416293 3.895228
-1.429042 3.925273
-1.335147 3.786255
-1.356295 3.803340
-1.329524 3.855672
-3.387542 -2.862743
-1.307329 3.883394
-1.305601 3.847603
-1.300705 3.816924
-3.505557 0.206241
-3.491040 0.050632
-3.522640 0.287795
-3.507743 0.256885
-3.314301 0.066010
-3.358189 0.076217
-3.348543 0.209026
-3.075312 -2.848293
-3.425220 0.162691
-2.545706 -2.046479
-2.516371 -2.083739
-2.600639 -1.940629
-2.545413 -1.892211
-2.559809 -1.921711
-2.531063 -1.927246
-2.573541 -1.876781
-2.636600 -1.864910
-0.386327 -2.927105
-3.172496 -2.913424
-0.349241 -2.941486
-0.422044 -2.881016
-0.432535 -2.870586
-0.470060 -2.732727
-0.485058 -2.737712
-0.439130 -2.799484
-0.457263 -2.801652
3.127722 -2.572236
3.232087 -2.560066
3.141649 -2.603147
-3.140507 -2.990306
3.214407 -2.555288
3.270298 -2.508686
3.306454 -2.514109
3.260087 -2.493531
3.284806 -2.560135
2.741956 -3.461086
2.794942 -3.472662
2.734797 -3.591988
2.790605 -3.607240
2.829342 -3.533523
-3.168082 -2.695940
2.804822 -3.609787
2.667911 -3.532200
2.687587 -3.493680
2.298840 -3.442937
2.338302 -3.426621
2.315262 -3.511158
2.356152 -3.533318
1.272916 -0.551530
1.226604 -0.649795
1.240963 -0.431227
-3.391397 -2.788674
1.226756 -0.489390
1.146738 -0.499161
1.158646 -0.524981
1.199653 -0.676748
1.219885 -0.672259
2.691553 2.537280
2.708640 2.500005
2.472410 2.650605
2.481049 2.583730
2.577207 2.494568
