1220 2
-4.606918 -0.180998
-4.694302 -0.239301
-4.073621 0.674476
-1.107641 3.386903
-1.950438 -0.360191
-1.994537 -0.404690
-2.067638 -0.394893
-1.086569 -2.552099
-1.133951 -2.589298
-0.941689 -2.605732
-0.926989 -2.552647
-0.869840 -2.495571
-0.875140 -2.521059
-1.097726 -2.450923
1.953567 -0.723839
-1.075346 -2.447935
1.686781 -2.648156
1.715151 -2.621897
1.742797 -2.651798
1.740776 -2.659092
1.703430 -2.523019
1.699919 -2.574807
1.599923 -2.545515
1.515504 -2.575735
1.007312 -0.029194
-0.970991 3.390800
0.931694 -0.017885
1.026610 -0.072924
0.976690 -0.105395
0.879421 -0.057614
0.952067 -0.102229
0.858500 -0.024931
0.871611 -0.055624
-2.162455 3.072382
-2.216174 3.036222
-2.151339 3.024856
-1.477913 3.872361
-2.204888 2.972834
-2.120315 2.934848
-2.104619 2.910123
-2.224892 2.981653
-2.287563 2.996504
0.301651 1.937879
0.347157 1.895473
0.083000 1.964672
0.067788 1.927177
0.231153 1.806800
-1.352611 3.195235
0.293282 1.827522
0.338574 1.777752
0.335229 1.821156
2.746409 1.968208
2.716460 1.926220
2.801875 2.069931
2.779497 2.000899
2.777203 1.904426
2.764148 1.904793
2.810193 1.865164
-1.911068 2.894803
2.747647 1.834192
-3.771457 0.746507
-3.883358 0.692202
-3.759178 0.891712
-3.759735 0.888158
-1.568532 -0.438003
-1.627606 -0.445016
-1.762908 -0.559397
-1.755535 -0.522404
-0.769678 -2.179857
-2.088276 2.879117
-0.726646 -1.996413
-0.896306 -1.994507
-0.889260 -1.776289
1.516728 -2.512715
1.526607 -2.504209
1.473976 -2.598939
1.462206 -2.563533
0.610965 -0.091390
0.658253 -0.114314
0.564800 -0.064927
-2.068736 2.795824
0.419508 0.005863
-1.749415 2.504420
-1.673051 2.476849
-1.911803 2.522905
-1.905073 2.532927
-0.115121 1.326282
-0.183803 1.172850
0.011691 1.475801
0.145929 1.585071
2.795733 1.711671
-2.143431 2.778957
2.706387 1.728486
2.849257 1.722468
2.794400 1.764708
-4.104774 -0.373089
-4.078247 -0.402120
-4.156534 -0.353002
-4.145399 -0.358074
-4.657266 -0.217599
-4.679559 -0.142878
-4.160337 -0.343478
-1.991514 2.847244
-4.195556 -0.335859
-3.952810 0.864487
-4.072588 0.734001
-2.812073 -1.502330
-2.846925 -1.520194
-3.401082 -1.156365
-3.487077 -1.170260
-1.997175 -0.593097
-1.885247 -0.603863
-0.784718 -3.765253
-4.048723 0.945182
-1.685530 3.467356
-0.794987 -3.721473
-1.292670 -3.422248
-1.346346 -3.419321
-1.053056 -2.476466
-0.865652 -2.618663
1.574622 -3.913551
1.573266 -3.835018
0.940299 -3.647220
0.948254 -3.614702
1.638269 -2.728732
-1.882952 3.140272
1.690111 -2.743922
2.081458 -0.418672
2.138771 -0.474872
1.775783 -0.925349
1.805137 -0.911800
0.795186 -0.200750
0.935632 -0.253652
-1.291773 3.917323
-1.348108 3.941826
-1.060051 3.394765
0.758646 3.207316
-0.984144 3.444781
-2.066175 2.998166
-1.886596 2.883449
0.795720 3.225533
0.798315 3.195531
0.063548 3.423020
0.120826 3.380641
0.260060 1.960864
0.028558 1.930008
3.083007 3.166677
0.920380 3.346548
2.986600 3.096252
2.373710 2.993241
2.309771 3.072291
2.987154 1.953071
2.917761 1.967692
-4.148882 0.825747
-2.113121 -0.543587
-1.050541 -2.573972
1.818392 -2.695673
0.859370 -0.473758
0.705217 3.155777
-1.793148 3.002246
0.025404 2.026748
3.133227 2.051682
2.756506 3.155407
-3.802767 0.829574
-2.059205 -0.430376
-1.014654 -2.545733
1.685729 -2.545289
0.946979 -0.016595
-2.262022 3.017896
0.826242 3.332863
0.303254 1.839442
2.719564 1.934861
-0.420994 0.218210
-4.130558 -0.359407
-4.639831 -0.238754
-4.729946 -0.142725
-4.150934 -0.415091
-4.197929 -0.320315
-3.993428 0.983823
-4.124193 0.647762
0.852883 3.259275
-2.835331 -1.557701
-2.869109 -1.593995
-3.424161 -1.125683
-3.512977 -1.188204
-2.038009 -0.524742
-1.992498 -0.643812
-0.782329 -3.878155
-0.854337 -3.597165
-1.319001 -3.405996
-1.401741 -3.398025
0.828421 3.064656
-1.079167 -2.525808
-0.781506 -2.535711
1.564762 -3.928628
1.470589 -3.797960
0.930487 -3.623802
0.911704 -3.662527
1.552796 -2.564821
1.766476 -2.735416
2.147493 -0.425291
2.131301 -0.449618
0.900743 3.260012
1.787365 -0.928637
1.818707 -0.946745
0.845036 -0.192709
0.953850 -0.238222
-1.366759 3.953701
-1.422742 3.930510
-1.048582 3.389502
-0.953225 3.422968
-2.076158 3.047234
-1.842002 2.804144
0.241792 3.399376
0.875563 3.194833
0.862313 3.262837
0.064300 3.409038
0.071494 3.387709
0.296438 1.949839
-0.026270 1.896475
3.132035 3.232301
3.094723 3.095162
2.344999 3.002224
2.304541 3.081808
-4.199496 0.918987
-1.041423 3.715545
2.881996 1.884779
2.927396 1.972738
-4.157951 0.974110
-2.152760 -0.569900
-1.118475 -2.539009
1.814945 -2.716172
0.870188 -0.509759
-1.754501 3.001579
-0.004234 2.029291
3.214073 2.098502
0.030470 3.454075
2.773517 3.192872
-3.786806 0.835838
-2.103316 -0.358511
-1.128847 -2.504896
1.715189 -2.456830
0.917636 0.017638
-2.296210 3.027798
0.378818 1.789837
2.700891 1.907112
-0.494825 0.092023
0.645382 3.096681
0.039453 3.210423
0.119691 2.089734
0.162539 1.869184
0.113532 1.779139
0.197726 1.680977
0.169880 1.835392
0.451683 2.370800
-4.017838 0.997862
0.288807 2.057712
3.039210 3.138365
3.145444 3.124278
3.079904 3.173180
0.734217 3.309908
3.055973 3.024211
2.449900 2.799248
2.969428 1.725225
2.850422 1.866215
3.072654 1.785459
-4.177857 0.980416
2.905047 1.781924
3.164521 1.870131
3.095206 2.452880
3.118129 2.150726
-3.943885 0.708872
-4.074468 0.623123
-4.102551 1.025332
-4.114096 0.967040
-2.233330 -0.554224
-2.158746 -0.715996
-4.383434 0.547695
-1.941769 -0.526967
-1.970075 -0.452042
-1.144887 -2.698771
-0.979461 -2.754230
-1.196275 -2.407097
-1.013089 -2.364875
1.884743 -2.895491
1.577566 -2.936618
1.749773 -2.547605
1.665112 -2.636717
-4.286345 0.694300
1.015385 -0.291297
1.003574 -0.473111
0.601324 -0.324329
0.822987 -0.287508
-1.951253 3.151637
-1.751018 3.021289
-2.016536 2.946299
-1.996667 2.877270
0.284067 2.130165
0.068341 2.136488
-2.791627 -1.618653
0.128813 1.850654
0.062089 1.880019
3.035104 2.104376
2.915745 2.154240
3.236420 1.930028
3.084271 1.821001
2.926321 3.054089
3.086022 3.278882
3.013381 3.093442
2.964850 3.181973
-2.877769 -1.573872
2.442925 2.926391
2.251003 3.084059
-3.847357 0.921691
-4.015405 0.604392
-3.901848 1.088119
-3.943880 0.877719
-1.928845 -0.455853
-2.183882 -0.721726
-2.100845 -0.343637
-1.885005 -0.374419
-2.847806 -1.466435
-1.121806 -2.585784
-0.869044 -2.749476
-1.137334 -2.341413
-0.850244 -2.353007
1.832487 -2.464720
1.783034 -2.841596
1.444334 -2.573037
1.649997 -2.498028
0.937858 0.028393
1.065912 -0.158306
-4.587055 -0.166766
-2.714873 -1.596114
0.891078 -0.054400
0.831903 -0.038245
-2.255135 2.978845
-2.040673 3.142639
-2.275517 3.029310
-2.157351 2.864403
0.384933 1.853012
0.138183 2.195352
0.338429 1.805934
0.289893 1.698613
-2.760811 -1.678766
2.687676 1.839651
2.812720 2.142946
2.790323 1.732436
2.846180 1.779932
-3.946110 0.855030
-1.768918 -0.590174
-0.869049 -2.275666
1.524724 -2.666721
0.669971 -0.139407
-1.942687 2.676552
-2.791289 -1.429187
0.033432 1.686666
2.941780 1.739187
-4.146768 -0.374406
-4.609876 -0.112233
-4.634503 -0.073364
-4.683307 -0.286987
-4.655407 -0.257421
-4.664690 -0.046454
-4.634718 -0.114517
-4.633147 -0.306017
-2.910254 -1.647320
-4.548141 -0.311405
-4.633758 -0.079301
-4.721335 -0.172688
-4.741004 -0.199603
-4.773902 -0.172972
-4.563925 -0.249354
-4.645852 -0.249535
-4.787811 -0.128764
-4.778331 -0.087228
-4.587084 -0.245768
-3.283208 -1.218451
-4.569530 -0.257202
-4.570065 -0.044474
-4.654597 -0.043111
-4.694154 -0.037818
-4.665805 -0.034266
-4.581775 -0.001648
-4.656108 -0.075181
-4.724164 -0.237619
-4.768923 -0.224917
-4.563698 -0.304945
-4.334652 -0.402991
-4.529284 -0.263057
-4.162249 -0.248218
-4.143151 -0.271173
-4.226982 -0.384997
-4.268115 -0.356750
-4.326964 -0.369246
-4.341042 -0.369388
-4.147243 -0.279419
-4.151640 -0.245210
-4.297389 0.683151
-3.511034 -1.166847
-4.299685 0.666086
-4.117942 0.549845
-4.009360 0.621615
-4.086056 0.631163
-4.068377 0.763524
-3.971357 0.642950
-3.965248 0.703649
-3.918019 0.967190
-3.968030 1.015052
-3.966634 0.932492
-2.649198 -1.458406
-3.948028 0.814959
-4.141644 0.975728
-4.155486 0.971424
-3.945367 0.951470
-3.946117 0.946221
-4.003398 1.036738
-4.114152 0.991584
-4.114258 1.029034
-4.162664 1.019788
-4.007234 0.894706
-3.234818 -1.064686
-3.981719 0.922920
-4.126681 1.000521
-4.099024 1.056607
-4.179385 0.502998
-4.129299 0.560572
-4.111723 0.530516
-4.054828 0.595848
-4.074173 0.578114
-4.084902 0.598175
-3.993713 0.745174
-1.931905 -0.695018
-3.959032 0.754609
-3.961339 0.649426
-3.970245 0.710484
-4.180733 0.866831
-4.211338 0.820628
-4.024105 0.919653
-4.032306 0.888230
-4.147382 0.830886
-4.153118 0.808283
-4.146729 0.895563
-4.764509 -0.098994
-1.875856 -0.700077
-4.148915 0.839061
-4.229672 0.791767
-4.225342 0.910236
-4.025118 0.899156
-3.994910 0.877458
-4.286566 0.639268
-4.318564 0.576798
-2.715215 -1.521982
-2.692170 -1.506552
-2.828740 -1.599982
-1.793490 -0.673151
-2.832371 -1.593494
-2.683992 -1.496549
-2.719804 -1.495540
-2.998525 -1.541968
-2.976536 -1.526146
-2.613293 -1.316124
-2.686797 -1.364607
-2.795228 -1.599204
-2.759580 -1.623346
-2.935442 -1.493867
-1.717494 -0.476954
-3.004316 -1.486277
-2.744872 -1.658438
-2.766792 -1.605376
-2.984186 -1.490536
-2.956285 -1.480681
-2.724630 -1.463706
-2.749105 -1.463553
-2.693161 -1.535071
-2.702046 -1.522430
-2.728727 -1.412946
-1.722721 -0.623495
-2.773477 -1.437474
-2.839626 -1.580280
-2.924153 -1.657465
-3.000450 -1.535602
-3.044399 -1.518921
-3.576898 -1.072540
-3.517160 -1.115270
-3.322097 -1.141222
-3.304779 -1.103033
-3.387299 -1.225117
-2.286510 -1.061127
-3.253760 -1.321269
-3.591734 -1.114854
-3.570832 -1.132870
-3.422155 -1.243941
-3.438975 -1.251735
-3.414625 -1.119536
-3.426302 -1.106022
-2.112716 -0.914009
-2.164599 -0.964288
-2.187923 -0.734502
-1.989549 -0.895142
-2.164580 -0.701551
-2.242930 -0.761519
-2.104936 -0.677571
-2.177583 -0.568281
-2.188178 -0.604960
-1.912696 -0.617791
-1.947562 -0.669614
-1.857272 -0.654660
-1.851263 -0.669770
-1.874332 -0.472053
-0.781356 -3.769249
-1.904482 -0.605881
-1.777396 -0.647725
-1.773462 -0.583041
-2.079177 -0.422954
-2.048521 -0.482705
-1.890792 -0.534932
-1.825534 -0.550116
-1.820490 -0.655620
-1.738938 -0.608871
-1.769100 -0.654696
-0.784024 -3.866599
-1.755538 -0.611883
-2.246311 -0.826553
-2.111073 -0.759517
-2.243776 -0.784609
-2.084531 -0.706545
-2.129819 -0.727112
-2.078319 -0.707205
-1.745600 -0.586231
-1.817375 -0.621722
-1.938667 -0.699417
-0.837107 -3.612789
-1.930844 -0.686100
-1.868607 -0.706945
-1.902918 -0.725761
-1.921636 -0.444239
-1.821828 -0.596801
-1.912748 -0.459061
-1.930521 -0.473467
-1.882239 -0.565592
-1.781477 -0.578117
-1.868780 -0.770039
-0.707736 -3.853536
-1.818781 -0.700878
-1.756334 -0.493784
-1.789523 -0.506069
-2.152678 -0.936446
-2.145473 -0.885033
-0.725859 -3.740256
-0.710791 -3.737250
-0.857129 -3.763088
-0.793022 -3.813022
-0.663939 -3.779495
-4.832585 -0.155338
-0.795272 -3.837970
-0.678048 -3.742068
-0.832175 -3.776587
-0.811749 -3.747348
-0.865837 -3.577385
-0.883610 -3.684269
-0.749680 -3.878702
-0.703551 -3.884736
-0.891465 -3.736711
-0.876724 -3.744493
-0.758604 -3.857098
-0.882495 -3.695298
-0.700135 -3.858594
-0.862314 -3.686244
-0.868575 -3.649419
-0.780282 -3.647661
-0.777324 -3.657686
-0.694282 -3.767476
-0.771342 -3.690072
-0.888232 -3.547298
-0.882157 -3.640515
-0.862115 -3.731686
-0.851948 -3.788662
-0.822675 -3.772613
-0.856284 -3.716676
-0.864402 -3.667562
-1.361791 -3.431681
-1.349117 -3.449155
-1.265541 -3.318243
-1.291692 -3.308779
-1.177225 -3.522902
-1.141293 -3.508169
-1.399227 -3.400171
-1.188242 -3.411484
-1.366952 -3.423094
-1.279522 -3.475070
-1.259497 -3.473783
-1.326227 -3.367901
-1.317378 -3.333784
-0.950214 -2.681470
-0.958131 -2.846807
-0.941630 -2.755836
-0.919996 -2.775465
-1.110273 -2.809212
-3.087549 -1.459827
-1.127883 -2.754905
-1.045752 -2.645822
-1.052429 -2.666827
-1.003054 -2.552182
-0.989103 -2.499351
-0.862687 -2.395233
-0.883047 -2.414390
-0.977728 -2.335542
-0.929379 -2.315776
-0.893061 -2.322121
-1.335399 -3.439615
-0.990907 -2.272122
-1.090302 -2.342020
-1.089219 -2.373080
-1.164389 -2.380264
-1.100762 -2.380677
-0.943381 -2.427889
-0.954002 -2.295105
-0.922004 -2.308361
-0.939492 -2.322598
-0.793736 -2.838529
-0.722512 -3.627453
-0.808978 -2.749112
-1.028880 -2.862774
-1.005343 -2.801740
-0.838232 -2.722611
-0.831214 -2.720049
-0.739612 -2.371294
-0.726514 -2.335250
-0.813102 -2.644823
-0.824726 -2.567711
-0.758820 -2.468578
-1.225787 -3.191381
-0.772200 -2.480806
-0.871417 -2.414911
-0.831728 -2.484806
-0.888289 -2.367163
-0.876062 -2.358144
-0.966957 -2.382612
-0.931348 -2.425638
-0.796410 -2.485068
-0.749603 -2.375089
-0.831563 -2.313131
-0.855700 -2.615639
-0.798614 -2.314677
-0.839806 -2.824188
-0.840004 -2.922367
1.688678 -3.853338
1.649849 -3.855926
1.520751 -3.986543
1.549652 -4.003992
1.631297 -3.887508
1.649229 -3.853967
1.398470 -3.905347
-0.871531 -2.495182
1.375748 -3.879970
1.598430 -3.712069
1.566805 -3.822815
1.542342 -3.994305
1.555604 -3.979630
1.447242 -3.866874
1.412460 -3.883141
1.617564 -3.938150
1.589550 -3.943149
1.419970 -3.805644
-4.624023 -0.191414
-0.796028 -2.357841
1.480649 -3.811898
1.627064 -3.737671
1.675356 -3.736675
1.664353 -3.838894
1.685791 -3.771239
1.568583 -3.781521
1.545791 -3.824266
1.576203 -3.899146
1.581252 -3.951582
1.429359 -3.844098
-0.851433 -2.251252
1.374764 -3.832226
0.729146 -3.650225
0.873266 -3.650846
0.984230 -3.578246
0.959923 -3.582916
0.999122 -3.683258
1.068497 -3.708157
0.742678 -3.637674
0.841892 -3.637542
0.984686 -3.681215
-0.952879 -2.301410
1.062994 -3.694687
0.963423 -3.519800
1.007193 -3.495401
1.637428 -3.007328
1.634376 -3.035875
1.755483 -3.122914
1.729539 -2.926625
1.470460 -2.989443
1.534665 -2.914649
1.822160 -2.859351
-0.890633 -3.005550
1.830312 -2.874602
1.807175 -2.527288
1.768636 -2.562494
1.667419 -2.620463
1.577695 -2.761197
1.721663 -2.752832
1.745139 -2.795774
1.535944 -2.732335
1.467516 -2.768320
1.502624 -2.599003
-0.823964 -2.563264
1.556099 -2.636307
1.696998 -2.514755
1.680157 -2.554323
1.509372 -2.800719
1.515046 -2.784125
1.603305 -2.675477
1.581993 -2.730557
1.754539 -2.955407
1.767256 -2.853184
1.460313 -3.013770
1.641439 -3.937020
1.512394 -2.978471
1.704438 -2.899197
1.757552 -2.914680
1.542262 -2.767794
1.618925 -2.744607
1.896040 -2.723418
1.867389 -2.725783
1.776558 -2.723069
1.664439 -2.771442
1.681104 -2.713635
1.471389 -3.963030
1.657238 -2.622603
1.632349 -2.611418
1.673064 -2.661307
1.655810 -2.636218
1.703797 -2.673345
1.682383 -2.866103
1.681042 -2.758114
1.507484 -2.648334
1.481592 -2.646655
1.670716 -3.012234
1.542762 -3.745902
1.700377 -3.032761
2.107100 -0.350085
2.085827 -0.356859
2.133360 -0.433684
2.163864 -0.438019
2.145114 -0.331414
2.116425 -0.293422
2.085266 -0.579838
2.069662 -0.594848
1.988401 -0.380475
1.605201 -3.954131
2.003496 -0.378878
2.237018 -0.386154
2.194155 -0.384754
2.042643 -0.542098
2.111285 -0.519738
2.303521 -0.435429
2.278032 -0.410533
2.052432 -0.574350
2.061616 -0.564702
2.048039 -0.350991
1.629531 -3.978408
2.065389 -0.356815
2.181915 -0.348121
2.121831 -0.378194
1.811423 -0.359411
1.985569 -0.407030
2.115685 -0.479684
2.241885 -0.579469
2.091600 -0.582407
2.083315 -0.571714
1.767245 -1.059457
-4.664436 -0.281365
1.542809 -3.850860
1.783862 -1.004543
1.686353 -0.867440
1.645695 -0.853529
1.855962 -0.866341
1.829153 -0.853983
1.792864 -1.089728
1.802000 -1.010125
1.861552 -0.883833
1.895520 -0.828387
1.692793 -0.908553
1.488427 -4.010540
1.605661 -0.870519
1.065668 -0.175496
1.099404 -0.176041
0.989491 -0.246292
1.036639 -0.200943
1.025059 -0.467358
0.973983 -0.467043
1.018870 -0.182737
1.029182 -0.105559
0.845623 -0.055220
1.002751 -3.624079
0.838984 -0.092771
0.705129 -0.163718
0.746101 -0.222742
0.753463 -0.315374
0.758692 -0.235159
0.726203 -0.135909
0.736529 -0.092542
0.831299 -0.117735
0.824680 -0.218589
0.625481 -0.311368
-0.913388 -3.657346
0.711492 -0.231718
0.742725 -0.153905
0.701074 -0.204020
0.676610 -0.253339
0.764457 -0.277070
1.272343 -0.248599
1.082867 -0.226911
1.151442 -0.554253
1.041562 -0.464435
1.060998 -0.358989
0.881229 -3.631243
1.006377 -0.312262
0.755196 -0.176776
0.781013 -0.114768
0.979166 -0.154577
0.934704 -0.169319
0.865124 -0.377530
0.860000 -0.347839
0.745074 -0.262242
0.742227 -0.145864
0.851091 -0.169947
1.692939 -3.748127
0.819832 -0.228840
0.707407 -0.302348
0.713263 -0.293730
0.793367 -0.352281
0.737887 -0.313314
0.676071 -0.158411
0.646827 -0.109821
1.193632 -0.201429
1.250486 -0.227794
-1.360544 3.963026
1.076221 -3.394151
-1.376447 3.949479
-1.217598 3.945916
-1.225888 3.958574
-1.464276 3.944922
-1.395266 3.901143
-1.128630 3.866272
-1.122233 3.852468
-1.414521 3.813999
-1.317481 3.891474
-1.274572 3.974376
1.566417 -2.841774
-1.331865 3.992685
-1.174109 3.842019
-1.145684 3.829827
-1.430126 4.025993
-1.423896 4.046199
-1.236560 3.876693
-1.237836 3.842712
-1.395123 3.926959
-1.414981 3.929411
-1.447010 3.992296
1.804317 -2.604969
-1.452860 3.957024
-1.471787 3.774926
-1.325448 3.876277
-1.246388 3.974385
-1.378967 4.045164
-1.127127 3.843748
-1.193734 3.867717
-0.927477 3.346852
-0.966362 3.377320
-1.147546 3.323389
1.621179 -2.762387
-1.213443 3.275301
-1.030348 3.497802
-1.060686 3.439778
-0.962519 3.403867
-0.960288 3.425241
-0.981373 3.550631
-0.997263 3.606159
-1.056971 3.341231
-1.051286 3.355513
-1.903065 3.192418
-4.200023 -0.284582
1.468016 -2.619485
-1.802676 3.342105
-2.048008 3.236051
-2.104814 3.136389
-1.651747 3.094478
-1.824233 3.121242
-2.046714 3.139068
-2.074272 3.149033
-2.178189 2.919341
-2.083440 2.891488
-2.025923 2.791270
1.622069 -2.655238
-1.952764 2.842263
-2.143414 2.862139
-2.152624 2.932766
-2.106271 2.758677
-2.093070 2.721117
-2.139589 2.985339
-2.102097 2.993542
-1.991542 2.976013
-1.998756 2.994300
-1.987280 3.034102
1.652917 -3.155054
-1.991255 2.948842
-2.118653 2.850213
-2.130219 2.807072
-1.915884 3.145995
-1.947450 3.097325
-1.613394 3.047264
-1.746440 2.980737
-1.964329 3.090240
-1.983454 3.123024
-1.994116 2.768005
1.632228 -2.928684
-1.965681 2.760109
-2.040551 2.988113
-2.019663 2.850373
-1.996558 2.791896
-1.957243 2.840332
-1.916629 2.759715
-1.938609 2.735605
-2.032197 2.848915
-1.970165 2.889978
-1.937105 2.871157
2.204915 -0.422377
-1.903947 2.886165
-1.991846 2.922457
-2.003668 2.830509
-1.936444 2.770736
-1.962454 2.767819
-1.790640 3.274424
-1.774346 3.317206
0.695197 3.118801
0.660559 3.077835
0.872700 3.252609
2.211579 -0.466424
0.866623 3.246460
0.737697 3.229720
0.693367 3.164888
0.865934 3.283306
0.814194 3.302092
0.744389 2.941320
0.847573 3.039119
0.890099 3.337075
0.878754 3.355070
0.841863 3.221395
2.010039 -0.396632
0.855800 3.284730
0.831370 3.288639
0.826743 3.329301
0.790352 3.183303
0.758498 3.173185
0.674756 3.110430
0.670008 3.118100
0.727110 3.174500
0.719819 3.144192
0.798074 3.042674
2.253716 -0.358579
0.844304 3.074670
0.833867 3.166958
0.855554 3.239744
0.775946 3.261004
0.750421 3.258665
-0.027894 3.472594
0.005073 3.472465
0.118023 3.360698
0.079841 3.309958
0.195529 3.414277
2.298669 -0.489144
0.376206 3.394669
-0.043693 3.468149
0.010218 3.435994
0.284935 3.376370
0.316063 3.358003
0.045025 3.315176
0.037455 3.306710
0.420688 2.213591
0.436827 2.223626
0.242411 2.285744
2.034448 -0.431877
0.172556 2.168349
0.161092 2.217055
0.163333 2.113835
0.282245 2.185429
0.200051 2.208401
0.311238 1.856064
0.296979 1.849038
0.205843 1.901806
0.186574 2.028892
0.163375 1.822176
-4.578842 0.059602
2.152897 -0.543412
0.161481 1.816379
0.104895 1.770085
0.100104 1.744221
0.237336 1.844478
0.258447 1.937574
0.232250 1.888142
0.264827 1.914663
0.168904 1.888835
0.187997 1.823576
0.177301 1.786146
1.767246 -0.867124
0.184685 1.751776
0.080667 2.168767
0.036680 2.093313
-0.005611 2.084108
0.031979 2.105453
0.014676 2.229313
0.071349 2.197009
0.028215 1.827153
-0.020218 1.814688
0.073354 1.980518
1.321379 -3.789593
-0.014700 1.914228
0.133346 1.841875
0.103799 1.891662
-0.081981 1.782130
-0.020132 1.828099
0.108420 1.870175
0.048013 1.884890
0.001090 1.855554
-0.000217 1.874436
0.099425 1.852610
1.808442 -0.970797
0.100820 1.809780
0.050480 1.791123
-0.007140 1.705245
0.318993 2.159884
0.327381 2.239321
3.039635 3.076834
3.054284 3.069092
3.067744 3.188381
3.012758 3.190109
3.123340 3.139671
2.023596 -0.309288
3.095116 3.139206
3.088728 2.968465
3.050133 3.055907
3.160154 3.243334
3.160278 3.205539
3.130019 3.155261
3.119320 3.135713
2.994097 3.037266
3.004691 3.019724
3.079578 3.014416
1.525899 -0.795370
3.047323 2.995159
3.044480 2.940145
3.026829 3.055829
2.996446 3.146608
3.043685 3.160502
2.082240 3.103299
2.230102 3.066973
2.411921 2.885002
2.402781 2.870894
2.169140 3.111492
0.877637 -0.373926
2.216580 3.112801
2.351849 2.958849
2.358097 2.951673
3.052574 2.113539
3.074130 2.247707
2.854484 2.321563
2.805057 2.209642
2.778661 2.207454
2.888235 2.073517
2.949111 2.109161
0.820260 -0.155890
2.890222 2.097034
2.784868 1.847707
2.829330 1.837560
2.913954 1.704431
2.881395 1.645803
3.085282 1.763648
3.071080 1.811444
2.993675 1.779419
2.980916 1.804543
2.911495 1.736511
0.762511 -0.309738
2.971745 1.794129
3.148947 1.883430
3.028159 1.927432
3.003631 1.886059
3.003858 1.834039
3.145290 1.775514
3.093221 1.775951
2.892563 2.189903
2.830868 2.114955
2.738958 2.364905
0.677402 -0.158371
2.867422 2.182422
2.822270 2.157128
2.833477 2.140535
2.956155 1.877071
2.914824 1.875590
2.793900 1.975558
2.858439 1.913945
2.993210 1.799856
2.989214 1.722317
2.982605 1.827078
-4.133087 -0.106254
0.655383 -0.287537
2.906914 1.836920
2.980246 1.856657
3.039380 1.882357
3.147633 1.924812
3.113792 1.864209
3.081147 1.850304
3.078993 1.888830
2.954803 1.780183
2.924427 1.730004
3.097417 2.265707
1.444580 -0.262785
3.076240 2.314969
-4.062670 0.795601
-4.022529 0.854139
-4.119120 0.705743
-4.112714 0.724639
-4.164355 0.949937
-4.107337 0.955029
-4.101413 0.807289
-4.136507 0.791415
-2.157449 -0.610204
1.103340 -0.176044
-2.177914 -0.569905
-2.087768 -0.657819
-2.134586 -0.610055
-2.023401 -0.477776
-2.053523 -0.553902
-2.128235 -0.491713
-2.138585 -0.553711
-1.093649 -2.608149
-1.120944 -2.608359
-0.944103 -2.679413
-1.246611 3.977454
-0.968445 -2.592808
-1.120729 -2.475235
-1.159946 -2.454415
-0.910224 -2.569871
-0.968881 -2.577850
1.745922 -2.804943
1.779496 -2.764716
1.726511 -2.849412
1.773292 -2.760601
1.700031 -2.672484
-1.226085 3.987513
1.697206 -2.655717
1.809821 -2.723447
1.851209 -2.720898
0.911171 -0.437897
0.899945 -0.395414
0.924241 -0.500255
0.885546 -0.454962
0.752876 -0.400072
0.725830 -0.340218
0.905636 -0.395111
-1.296260 3.913947
0.907910 -0.415881
-1.833774 3.074630
-1.863347 3.092179
-1.809593 2.925111
-1.786455 2.905678
-1.996237 3.000813
-2.008671 2.960476
-1.828394 2.933662
-1.794018 2.921957
0.143081 2.072321
-1.434610 4.032483
0.167207 2.047299
0.037651 2.040395
-0.015390 2.023677
0.064315 1.941404
0.120885 1.952421
-0.001065 1.948514
-0.033129 1.964416
2.988195 2.109592
3.042731 2.070102
2.994536 2.122448
-1.429302 4.089674
3.036294 2.048169
3.171675 2.002513
3.186128 2.010984
3.085884 1.943476
3.093428 1.993093
2.901014 3.086940
2.900842 3.092277
2.942662 3.186460
2.912920 3.175580
2.952974 3.216207
-1.268723 3.894968
2.961315 3.254796
2.921928 3.175658
2.833759 3.136433
2.456501 3.056159
2.487172 3.032973
2.444912 3.142178
2.497447 3.151751
-3.879007 0.826532
-3.815886 0.845139
-3.821182 0.768947
-1.178547 3.929972
-3.872895 0.762197
-3.862904 0.826546
-3.784861 0.767626
-3.863965 0.894656
-3.908857 0.921886
-2.094137 -0.547989
-2.002406 -0.491436
-2.087105 -0.517913
-2.115390 -0.551208
-1.941013 -0.387321
