1220 2
0.931832 3.984668
0.730779 4.012327
1.545062 2.982295
1.860506 -0.730132
-1.431451 2.851933
-1.419049 2.671136
-1.448706 2.703213
-3.870789 0.759760
-3.887528 0.711302
-3.924725 0.805955
-3.996044 0.803862
-3.892452 0.797777
-3.883354 0.804865
-3.904079 0.680092
-1.553534 -1.393468
-3.964539 0.609921
-0.222440 0.533958
-0.157326 0.556106
-0.248660 0.508910
-0.211722 0.462872
-0.136506 0.455790
-0.090540 0.444807
-0.100554 0.430030
-0.134604 0.480705
-2.743112 -1.984921
1.807769 -0.840014
-2.815246 -1.990924
-2.726196 -1.830840
-2.785617 -1.800319
-2.822372 -1.826753
-2.769235 -1.797749
-2.898601 -1.857092
-2.832556 -1.919816
2.346366 0.422268
2.323291 0.455777
2.335733 0.282627
2.466070 -0.622545
2.297113 0.384097
2.365561 0.568917
2.419906 0.575266
2.328199 0.559964
2.354825 0.644198
2.132549 -2.623961
2.208978 -2.586974
2.026695 -2.485700
2.038326 -2.396312
2.010502 -2.294390
1.922250 -0.401889
2.017153 -2.321817
2.050016 -2.311422
2.098409 -2.402861
-0.885008 -4.015781
-0.985071 -3.982234
-0.986875 -3.994269
-0.992515 -3.949851
-1.096349 -3.831395
-1.102579 -3.892106
-1.006990 -3.861842
2.086699 0.288761
-1.031155 -3.859588
1.463462 2.775416
1.464262 2.914909
1.621930 2.751093
1.630719 2.790441
-1.155861 2.458286
-1.153817 2.516272
-1.210326 2.497595
-1.238707 2.460919
-3.466626 0.775457
2.123063 0.406275
-3.423105 0.797419
-3.466152 0.646727
-3.415455 0.619354
-0.024395 0.179093
0.036611 0.210451
-0.104728 0.168479
-0.021221 0.154351
-2.528683 -1.693943
-2.448965 -1.628251
-2.727085 -1.853966
2.110233 0.457058
-2.570355 -1.823030
1.893103 0.341401
1.946326 0.292604
1.283814 0.264059
1.207071 0.242894
2.117629 -2.229721
2.055900 -2.205739
2.241486 -2.284628
2.109883 -2.142210
-0.767479 -3.527207
2.158538 0.554335
-0.774704 -3.513836
-0.650422 -3.654202
-0.620385 -3.641332
0.528071 3.408294
0.512736 3.401458
0.502744 3.419957
0.522998 3.429266
0.822322 3.937381
0.821152 3.962696
0.589404 3.408030
2.249119 0.601336
0.551965 3.439113
1.720992 3.128834
1.589061 3.105195
-2.087777 3.526992
-2.089228 3.654224
-1.293522 3.788107
-1.332490 3.789845
-1.327319 2.741953
-1.254916 2.869474
-3.562406 1.831567
1.802520 3.086712
2.310679 -0.247114
-3.486734 1.759829
-2.969613 2.035942
-2.967358 2.086762
-3.676055 0.680987
-3.683101 0.856781
-1.368814 0.236421
-1.402079 0.164299
-1.756971 0.712852
-1.629529 0.683849
-0.338338 0.359730
2.210129 0.145186
-0.221371 0.358469
-1.595502 -1.664495
-1.499461 -1.687815
-1.769583 -1.091996
-1.759695 -1.063275
-2.683681 -1.859356
-2.666405 -1.771569
2.348189 -0.700916
2.386411 -0.833771
1.793614 -0.747667
1.910485 -3.741998
1.833081 -0.721943
2.220035 0.370559
2.243994 0.358517
1.938554 -3.686047
1.847320 -3.730905
1.604461 -3.106156
1.492542 -3.038860
2.218074 -2.563256
2.135094 -2.472396
-0.198872 -4.791552
2.003236 -3.806982
-0.156864 -4.777959
0.448651 -4.363156
0.436703 -4.394830
-0.762441 -3.934371
-0.855320 -3.896644
1.810599 3.259860
-1.176271 3.015014
-3.583487 0.558212
-0.228516 0.542798
-2.724550 -1.601068
1.746230 -3.586993
2.450232 0.398311
2.074124 -2.481936
-0.584710 -3.812336
0.083078 -4.709143
1.505443 3.132138
-1.470500 2.765049
-3.980781 0.721621
-0.109027 0.571749
-2.841787 -1.857313
2.380074 0.490770
1.977565 -3.769090
1.990793 -2.356302
-1.098802 -3.942924
0.195699 0.086688
0.490943 3.386754
0.832076 3.963412
0.806202 4.024145
0.588655 3.442075
0.528184 3.428254
1.744445 3.189443
1.547257 3.150769
1.892083 -3.844931
-2.172562 3.526063
-2.117893 3.694580
-1.228162 3.819150
-1.372615 3.808149
-1.330385 2.804780
-1.258045 2.876925
-3.498634 1.805681
-3.462511 1.723295
-3.001854 2.024070
-2.957631 2.114238
1.815865 -3.645793
-3.579081 0.595829
-3.715693 0.871213
-1.355679 0.223784
-1.412704 0.157167
-1.767835 0.773021
-1.741048 0.712239
-0.206066 0.280513
-0.214546 0.296526
-1.586114 -1.697219
-1.454387 -1.676454
1.793463 -3.744804
-1.795623 -1.072987
-1.655792 -0.955100
-2.805295 -1.929630
-2.668250 -1.647009
2.412946 -0.645288
2.477486 -0.822180
1.749256 -0.746729
1.851992 -0.738852
2.270021 0.317839
2.352389 0.440673
1.572393 -3.161533
1.896063 -3.625694
1.835119 -3.680593
1.612216 -3.131483
1.464632 -2.999744
2.273905 -2.444872
2.103197 -2.481360
-0.158367 -4.850680
-0.224474 -4.846965
0.428221 -4.398018
0.470192 -4.404033
1.757787 2.980305
2.163407 -0.887806
-0.680545 -3.918411
-0.850078 -3.894545
1.857447 3.258702
-1.096412 3.083495
-3.591546 0.512832
-0.168350 0.560735
-2.764783 -1.595943
2.537366 0.387766
2.015832 -2.507351
-0.475684 -3.739496
1.502411 -3.012993
0.090374 -4.707687
1.456673 3.124374
-1.506548 2.764062
-4.038951 0.749472
-0.015509 0.666482
-2.907875 -1.914543
2.360185 0.697341
1.957593 -2.243116
-1.114173 -3.887615
0.194776 0.053355
2.019567 -3.652006
1.649387 -2.921719
2.230099 -2.571748
2.307598 -2.584386
2.322319 -2.466814
2.167877 -2.298912
2.403017 -2.434205
2.158099 -2.930110
1.636737 2.921130
2.293427 -2.693504
-0.283791 -4.784328
-0.207223 -4.921637
-0.144638 -4.989035
1.650481 -3.594171
-0.354136 -4.696555
0.268901 -4.261998
-0.761695 -3.968293
-0.767139 -3.917380
-0.936746 -3.786468
1.717937 3.045824
-1.050223 -3.726392
-0.911865 -3.786311
-0.461508 -4.347073
-0.661649 -4.108618
1.770028 3.405387
1.447311 3.225644
1.871349 3.172196
1.799383 3.000291
-1.391963 3.011159
-1.222260 3.070867
1.282055 3.501935
-1.130000 2.853731
-1.098222 2.790066
-3.593415 0.554861
-3.484190 0.956890
-3.595525 0.456152
-3.707918 0.528084
-0.320881 0.583057
-0.533650 0.546355
-0.337510 0.394847
-0.086125 0.354478
1.488057 3.173785
-2.701938 -1.774695
-2.558413 -1.542706
-2.907704 -1.678653
-2.841690 -1.931343
2.522898 0.229358
2.193994 0.170541
2.449534 0.522969
2.276825 0.545574
2.179147 -2.692272
1.929001 -2.633013
-2.153944 3.572457
2.234819 -2.498728
2.195561 -2.403374
-0.608756 -4.008641
-0.601106 -3.986342
-0.670941 -3.824202
-0.795286 -3.734499
-0.076966 -4.731700
-0.098665 -4.949260
-0.152774 -4.722687
-0.059546 -4.884007
-2.188384 3.630907
0.312875 -4.429979
0.500222 -4.371215
1.881389 3.161768
1.573819 3.385410
1.565188 2.963589
1.536752 2.925028
-1.443885 2.678825
-1.492909 2.942123
-1.415080 2.725115
-1.297103 2.683989
-2.018011 3.619658
-3.837677 0.636900
-3.835656 0.853092
-3.929158 0.549658
-3.874223 0.729553
-0.121405 0.602773
-0.417439 0.515464
-0.052338 0.495411
-0.066507 0.409821
-2.820548 -2.011018
-2.569036 -1.875238
0.792646 3.998841
-2.206634 3.579852
-2.863949 -2.100578
-2.910418 -1.844427
2.269786 0.468268
2.382574 0.191747
2.292049 0.659768
2.331675 0.625265
2.250795 -2.652547
2.075089 -2.710104
2.043276 -2.271271
2.059469 -2.260112
-2.194929 3.719499
-0.927478 -4.022689
-0.796853 -4.161767
-0.963959 -3.777747
-1.049083 -3.750106
1.638436 2.903765
-1.225884 2.586575
-3.549667 0.749804
-0.155335 0.191865
-2.669265 -1.813355
2.010659 0.394031
-1.999050 3.541010
2.347474 -2.351712
-0.763128 -3.701436
0.551238 3.452754
0.973788 3.943110
0.960184 3.966852
0.736125 3.930309
0.755879 3.980926
0.919296 3.993820
0.930646 3.978027
0.615541 3.874373
-2.069056 3.709202
0.638135 3.867730
0.888938 3.803472
0.818679 3.852137
0.788189 4.062826
0.793699 4.069612
0.660826 3.861749
0.681530 3.904347
0.797560 4.105187
0.829157 4.095972
0.707338 3.874925
-1.396377 3.763549
0.681152 3.902649
0.908287 4.000932
0.948743 3.996995
0.937357 4.021932
0.921835 3.983088
0.928746 3.799660
0.849706 3.877897
0.711911 3.948277
0.612839 3.986734
0.657203 3.944632
0.571844 3.827875
0.682166 3.924484
0.650157 3.391917
0.648473 3.387462
0.554260 3.567663
0.573904 3.544134
0.549347 3.578343
0.545936 3.568915
0.613501 3.399560
0.614726 3.379608
1.420490 3.384910
-1.255219 3.811008
1.449307 3.410975
1.546427 3.430317
1.630095 3.324591
1.289972 3.236844
1.444877 3.223947
1.724907 3.390751
1.689561 3.374052
1.902314 3.160879
1.891462 3.106177
1.653500 2.950229
-2.026096 3.398361
1.614638 2.921778
1.776091 3.047556
1.783124 3.023760
1.747623 2.987822
1.774388 2.965488
1.716449 2.966853
1.777269 3.000898
1.825036 3.123158
1.816334 3.084027
1.581899 3.005226
-1.248546 3.585823
1.646102 3.071597
1.784811 3.038628
1.779451 3.018447
1.411638 3.559496
1.523694 3.380151
1.323462 3.207747
1.358210 3.178605
1.533725 3.255905
1.516400 3.225286
1.661363 2.950651
-1.172283 2.901382
1.670795 2.899389
1.641266 3.268933
1.661010 3.232512
1.694238 3.035520
1.651841 3.011969
1.732350 2.972751
1.733475 2.972131
1.609981 2.954155
1.689911 3.007697
1.775052 3.017215
0.834006 4.096395
-1.317418 2.655408
1.694472 3.079539
1.572491 3.082571
1.644771 2.999522
1.598735 2.959927
1.611760 2.933445
1.430663 3.316191
1.442292 3.306804
-2.146764 3.496075
-2.151843 3.449870
-2.087561 3.592442
-1.172507 2.766532
-2.147771 3.591941
-2.171550 3.463061
-2.154366 3.474996
-1.999663 3.585573
-1.952782 3.594065
-1.949139 3.434067
-2.012898 3.506006
-2.243744 3.590997
-2.196699 3.572797
-2.016062 3.529351
-1.257741 2.666079
-2.005249 3.614017
-2.161056 3.664214
-2.134514 3.645084
-1.944485 3.674140
-1.979918 3.693552
-2.056354 3.542323
-2.120988 3.607620
-2.137190 3.542503
-2.140082 3.504846
-1.899636 3.441839
-1.081300 2.705241
-1.999228 3.588146
-2.055471 3.679728
-2.093491 3.709611
-1.983315 3.697338
-1.928702 3.738121
-1.041394 3.839463
-1.140309 3.846219
-1.287945 3.738733
-1.292519 3.731372
-1.587763 3.760475
-1.653742 3.153468
-1.523387 3.776695
-1.158307 3.824266
-1.230747 3.817429
-1.472253 3.768291
-1.586700 3.745661
-1.254048 3.730462
-1.258173 3.734239
-1.460647 2.951556
-1.553914 3.035569
-1.605557 3.040927
-1.384146 2.932642
-1.500739 2.944242
-1.244176 3.117522
-1.224750 3.075409
-1.451409 2.928324
-1.446883 2.921824
-1.375929 2.610077
-1.349638 2.634754
-1.276567 2.657921
-1.235006 2.669997
-1.092007 2.722499
-3.646513 1.782375
-1.163601 2.703933
-1.256479 2.659298
-1.283821 2.630921
-1.127072 2.744675
-1.174155 2.800175
-1.114175 2.721599
-1.113735 2.677598
-1.341119 2.724810
-1.233649 2.715469
-1.181645 2.713138
-3.520532 1.963007
-1.220032 2.701219
-1.556321 3.032329
-1.471935 2.979220
-1.237135 3.247038
-1.235535 3.104138
-1.328961 2.985502
-1.463635 2.955091
-1.231589 2.812140
-1.296639 2.841270
-1.413176 2.829154
-3.475180 1.704595
-1.328062 2.792801
-1.247928 2.771894
-1.208111 2.822614
-1.150434 2.728402
-1.252258 2.729401
-1.152270 2.752402
-1.124625 2.779887
-1.082574 2.755222
-1.090078 2.751367
-1.272145 2.898306
-3.609514 1.876186
-1.175219 2.797276
-1.155868 2.634451
-1.208801 2.680209
-1.469935 3.009738
-1.552365 3.077263
-3.658247 1.731773
-3.611906 1.746203
-3.502684 1.824093
-3.567553 1.874681
-3.656894 1.741233
0.661486 4.091222
-3.518332 1.853748
-3.579685 1.776562
-3.388541 1.883138
-3.334833 1.871641
-3.484859 1.650705
-3.447399 1.690042
-3.567016 1.925403
-3.577807 1.915540
-3.385099 1.829580
-3.391681 1.898482
-3.550404 1.854519
-3.397979 1.738163
-3.600084 1.878608
-3.375888 1.786148
-3.342343 1.771505
-3.535118 1.689003
-3.572758 1.680412
-3.601498 1.764488
-3.577483 1.660744
-3.468127 1.574439
-3.450299 1.705365
-3.463778 1.778676
-3.466842 1.851387
-3.494504 1.819536
-3.417404 1.806787
-3.315197 1.809592
-2.916102 2.127220
-2.949247 2.087144
-3.024373 1.978997
-2.961058 1.897146
-3.062160 1.998937
-3.072821 1.997568
-2.889738 2.247081
-3.072356 2.047401
-2.927951 2.169010
-3.058072 2.054471
-3.079473 2.041728
-3.008416 1.945731
-2.965681 1.932820
-3.574093 1.012470
-3.568047 1.010362
-3.714326 0.991251
-3.757504 0.832200
-3.409521 1.027990
-1.876035 3.657574
-3.478046 0.914644
-3.724671 0.706024
-3.729879 0.777210
-3.777977 0.634677
-3.743807 0.626085
-3.622435 0.659775
-3.506866 0.788404
-3.605980 0.628737
-3.638023 0.661569
-3.483152 0.656373
-2.975781 2.080047
-3.565008 0.690203
-3.793530 0.470602
-3.728209 0.499172
-3.677598 0.570642
-3.661286 0.597030
-3.557584 0.750435
-3.561818 0.728974
-3.623693 0.661107
-3.715633 0.696567
-3.790979 0.943072
-3.654264 1.651241
-3.806610 0.948435
-3.489337 1.080974
-3.526934 0.966872
-3.701067 0.947393
-3.765027 0.897925
-3.525367 0.731002
-3.552111 0.713844
-3.788474 0.828938
-3.789842 0.871232
-3.599460 0.777699
-3.032879 1.846944
-3.567044 0.821224
-3.611020 0.703698
-3.599986 0.732348
-3.846100 0.713461
-3.750754 0.635393
-3.786121 0.642718
-3.758436 0.682970
-3.555335 0.839234
-3.585035 0.778082
-3.738755 0.796223
-3.507623 0.870222
-3.742473 0.783833
-3.570807 1.084568
-3.603137 1.073756
-1.246829 0.268023
-1.229494 0.253109
-1.446424 0.246998
-1.401988 0.309030
-1.268352 0.206271
-1.231777 0.256797
-1.513942 0.254212
-3.743246 0.642178
-1.531591 0.251373
-1.152612 0.271293
-1.452191 0.237338
-1.375239 0.157184
-1.374479 0.124785
-1.528898 0.253079
-1.473975 0.234431
-1.389037 0.128400
-1.379734 0.105409
-1.541086 0.190232
0.749052 3.850781
-3.514279 0.748440
-1.553755 0.192550
-1.276314 0.146401
-1.261952 0.174461
-1.292859 0.137714
-1.258165 0.192405
-1.217589 0.217547
-1.317468 0.204857
-1.433659 0.197021
-1.505493 0.207253
-1.550274 0.217457
-3.764741 0.708127
-1.589321 0.241870
-1.849834 0.770203
-1.813824 0.751842
-1.575011 0.720702
-1.555581 0.724142
-1.718935 0.567683
-1.728771 0.629500
-1.782583 0.752305
-1.759636 0.731458
-1.685250 0.481072
-3.703363 0.667154
-1.692360 0.523349
-1.510962 0.697050
-1.493322 0.684184
-0.575620 0.264120
-0.606433 0.274557
-0.536667 0.422867
-0.488682 0.490476
-0.595647 0.522065
-0.511347 0.483605
-0.382217 0.565663
-3.555076 1.174191
-0.409564 0.520765
-0.145653 0.555926
-0.139923 0.503603
-0.235701 0.306368
-0.213544 0.278186
-0.207860 0.259646
-0.238060 0.267279
-0.247335 0.171835
-0.282224 0.225752
-0.085175 0.428388
-3.513852 0.875710
-0.145139 0.404789
-0.405436 0.292028
-0.402295 0.280291
-0.294955 0.212947
-0.289876 0.209074
-0.331781 0.220507
-0.250796 0.213102
-0.472620 0.449415
-0.403070 0.465053
-0.760177 0.582762
-1.290676 0.300791
-0.501460 0.511862
-0.361420 0.453004
-0.358456 0.426638
-0.197947 0.176352
-0.197126 0.157519
-0.369583 0.504547
-0.319573 0.469144
-0.238259 0.230170
-0.304718 0.287826
-0.124170 0.303441
-1.404580 0.157790
-0.177544 0.238274
-0.102493 0.383976
-0.062702 0.348669
-0.340009 0.247840
-0.344320 0.233927
-0.336298 0.188181
-0.330620 0.168553
-0.257823 0.235033
-0.242190 0.267860
-0.554053 0.287697
-1.556467 0.176636
-0.638694 0.283796
-1.666112 -1.728876
-1.664135 -1.754413
-1.582799 -1.689847
-1.546065 -1.705370
-1.651051 -1.815978
-1.644990 -1.776451
-1.570540 -1.525438
-1.553745 -1.508785
-1.783240 -1.717837
-1.341823 0.120905
-1.684835 -1.693289
-1.562535 -1.805720
-1.589433 -1.810566
-1.580259 -1.518030
-1.543923 -1.560347
-1.499487 -1.819477
-1.511656 -1.791390
-1.514783 -1.555970
-1.516466 -1.539451
-1.562409 -1.651438
-1.502282 0.170476
-1.614846 -1.742901
-1.600770 -1.816456
-1.559119 -1.699150
-1.605140 -1.726339
-1.591745 -1.714086
-1.537117 -1.688645
-1.507765 -1.727148
-1.490960 -1.634393
-1.488276 -1.557520
-1.737443 -0.894716
0.642107 3.953232
-1.451940 0.239487
-1.757016 -1.021420
-1.903017 -1.179647
-1.949093 -1.189510
-1.676037 -1.214743
-1.699631 -1.228894
-1.714933 -0.916108
-1.730365 -0.992749
-1.619053 -1.188103
-1.586507 -1.228858
-1.859448 -1.097449
-1.511391 0.265460
-1.854555 -1.092000
-2.459505 -1.910356
-2.369437 -1.894799
-2.410545 -1.863143
-2.526454 -1.868214
-2.461998 -1.567459
-2.545952 -1.654790
-2.692662 -1.953916
-2.658051 -1.910337
-2.795076 -2.046135
-1.668175 0.723631
-2.784629 -2.044363
-2.650498 -1.875895
-2.729341 -1.739316
-2.843241 -2.040890
-2.807886 -2.030670
-2.856414 -1.893416
-2.729166 -1.845033
-2.840038 -2.055518
-2.777390 -1.964234
-2.896592 -1.773983
-3.204005 1.875150
-2.935940 -1.779025
-2.669445 -1.818312
-2.806143 -1.803155
-2.995000 -1.829143
-2.969094 -1.867941
-2.423743 -1.829757
-2.564753 -1.803722
-2.405759 -1.435694
-2.532968 -1.481998
-2.609735 -1.713272
-1.778706 0.712301
-2.608860 -1.764440
-2.717384 -1.830326
-2.625423 -1.864409
-2.589798 -2.016357
-2.612091 -1.939590
-2.830286 -1.866452
-2.843795 -1.801899
-2.631291 -1.751285
-2.603417 -1.702634
-2.874951 -1.881116
-1.190485 0.234865
-2.813379 -1.899673
-2.837318 -1.825987
-2.878915 -1.731795
-2.887779 -1.917536
-2.935199 -1.862257
-2.842288 -1.721659
-2.875407 -1.812756
-2.477825 -1.820414
-2.437017 -1.802193
2.438242 -0.685218
-1.381735 0.685568
2.445217 -0.646160
2.285676 -0.800322
2.335492 -0.819870
2.493995 -0.692347
2.481728 -0.696854
2.246219 -0.871107
2.284973 -0.820633
2.340104 -0.526705
2.347287 -0.608565
2.503962 -0.807697
-0.332547 0.349868
2.502842 -0.776813
2.276274 -0.772628
2.332359 -0.775170
2.490015 -0.839278
2.481579 -0.817250
2.234112 -0.864985
2.245003 -0.881294
2.429783 -0.768060
2.464412 -0.735509
2.495463 -0.736503
-0.231015 0.329031
2.495269 -0.706076
2.334356 -0.568647
2.353348 -0.673375
2.359276 -0.745971
2.470466 -0.903161
2.294312 -0.903764
2.260867 -0.908233
1.644964 -0.859949
1.728034 -0.813688
1.812980 -0.655249
-0.263028 0.181912
1.821095 -0.627368
1.911712 -0.839552
1.957667 -0.821573
1.666951 -0.831241
1.785118 -0.815909
1.925727 -0.852405
1.962454 -0.862190
1.851433 -0.609598
1.860072 -0.600971
2.248573 0.055616
0.606797 3.468750
-0.102545 0.303545
2.257148 0.079231
2.274688 0.198433
2.319864 0.209916
2.107069 0.098620
2.167707 0.127048
2.451324 0.211077
2.402527 0.243577
2.214080 0.434212
2.148037 0.404558
2.102415 0.367528
-0.344392 0.192851
2.102689 0.326927
2.188031 0.502865
2.141147 0.436057
2.085840 0.389564
2.113352 0.351625
2.225942 0.556475
2.272530 0.539225
2.335120 0.549845
2.297746 0.583534
2.051393 0.372808
-0.732959 0.264152
2.135399 0.436468
2.224785 0.535849
2.201123 0.514541
2.395302 0.050978
2.367035 0.157445
2.123857 0.051669
2.163096 0.146233
2.329295 0.186882
2.351288 0.197788
2.054783 0.325044
-0.464340 0.218383
2.093066 0.301962
2.216796 0.380341
2.178917 0.437479
2.100226 0.400916
2.109288 0.381682
2.135753 0.456173
2.117539 0.421873
2.304247 0.557398
2.320004 0.565270
2.252631 0.480088
-1.515218 -1.718068
2.317809 0.498528
2.157193 0.292971
2.197994 0.348490
2.121601 0.478111
2.090906 0.512937
2.269427 0.021971
2.298734 0.112577
1.984550 -3.698034
2.008808 -3.659019
1.834316 -3.726209
-1.519181 -1.737878
1.852687 -3.764158
2.018676 -3.703618
2.017743 -3.662403
1.766254 -3.656118
1.794397 -3.678994
1.975645 -3.601550
1.967757 -3.634443
1.999526 -3.748214
2.016706 -3.759646
1.848797 -3.653751
-1.505281 -1.541684
1.865076 -3.616991
1.922064 -3.798581
1.929299 -3.800363
1.755842 -3.620200
1.710698 -3.592551
1.904183 -3.629405
1.911579 -3.640522
1.968569 -3.741932
1.968384 -3.727430
1.869688 -3.587533
-1.600946 -1.853740
1.841720 -3.674430
1.815782 -3.744568
1.843388 -3.823335
1.713835 -3.717260
1.744465 -3.679099
1.560635 -2.949437
1.556136 -3.027494
1.611693 -3.045192
1.630258 -2.997268
1.604957 -3.293869
-1.483517 -1.783534
1.602473 -3.272002
1.492053 -2.947106
1.489845 -3.021497
1.512802 -3.161608
1.561251 -3.264220
1.514162 -2.960788
1.538060 -2.971421
2.228506 -2.793235
2.222433 -2.833386
2.137742 -2.910807
-1.602027 -1.659238
2.151040 -2.794171
1.821525 -2.773761
1.921703 -2.669598
2.171098 -2.745613
2.235238 -2.728181
2.298788 -2.601482
2.318459 -2.603286
2.405369 -2.524011
2.315212 -2.544099
2.310015 -2.490658
1.053273 3.928862
-1.540202 -1.680755
2.322857 -2.555189
2.346282 -2.420601
2.327002 -2.497765
2.180793 -2.397326
2.171645 -2.374158
2.379129 -2.549475
2.392331 -2.516341
2.345130 -2.601864
2.405417 -2.469142
2.352970 -2.498221
-1.811514 -1.200381
2.247662 -2.407049
2.064444 -2.740678
2.068174 -2.703405
1.883815 -2.624729
1.906473 -2.575341
1.998265 -2.665183
2.004493 -2.658750
2.271039 -2.436120
2.235070 -2.407791
2.159919 -2.644144
-1.613073 0.299050
2.230328 -2.519782
2.158657 -2.412253
2.176528 -2.523568
2.247827 -2.380279
2.300175 -2.378328
2.101892 -2.298957
2.148947 -2.346694
2.247980 -2.437629
2.252635 -2.387130
2.273341 -2.476198
-1.723134 -1.004083
2.268720 -2.438566
2.380093 -2.354121
2.289867 -2.322994
2.157339 -2.840585
2.163936 -2.871388
-0.331253 -4.776528
-0.338808 -4.735656
-0.151567 -4.810721
-0.163179 -4.826351
-0.236148 -4.815588
-1.734567 -1.802760
-0.264657 -4.768920
-0.233685 -4.679376
-0.194546 -4.709973
-0.152687 -4.925939
-0.182765 -4.892234
-0.173899 -4.977852
-0.211184 -4.991021
-0.203162 -4.721669
-0.264159 -4.747163
-0.303746 -4.840436
-2.088383 -1.259624
-0.330412 -4.766722
-0.272850 -4.601564
-0.208988 -4.661497
-0.087206 -4.867589
-0.074793 -4.893787
0.609808 -4.279284
0.520537 -4.345382
0.331976 -4.317903
0.367126 -4.308184
0.598558 -4.312772
-2.729955 -1.654779
0.574568 -4.327067
0.358272 -4.308258
0.333694 -4.280498
-0.589616 -4.174325
-0.595925 -4.137072
-0.717763 -4.241688
-0.767113 -4.163805
-0.559311 -3.992225
-0.600003 -4.015293
-0.774076 -4.099522
-2.679462 -2.011408
-0.803976 -4.093923
-0.745032 -4.021764
-0.737774 -4.024818
-0.707914 -3.957972
-0.741036 -3.928759
-0.813762 -3.806936
-0.783179 -3.865576
-0.824377 -3.670682
-0.748967 -3.673971
-0.834320 -3.746867
-2.908717 -1.890350
-0.857452 -3.727654
-0.813042 -3.867952
-0.847719 -3.879377
-0.693339 -3.947149
-0.740572 -3.858963
-0.965729 -3.802158
-0.980921 -3.803972
-0.683116 -4.332881
-0.783692 -4.169588
-0.530424 -3.992671
-2.993069 -1.882760
-0.552224 -3.938046
-0.742679 -4.077327
-0.780333 -4.103229
-0.814979 -3.722413
-0.819402 -3.682089
-0.798763 -4.019043
-0.793638 -3.932483
-0.892479 -3.863446
-0.858699 -3.862785
-0.817351 -3.719635
0.792048 3.330147
-2.988599 -1.806772
-0.741058 -3.722667
-0.886313 -3.742246
-0.793280 -3.743304
-0.894649 -3.800250
-0.895939 -3.806778
-0.823295 -3.947699
-0.885224 -3.848412
-0.883543 -3.755900
-0.918620 -3.746316
-0.638974 -4.133474
-2.346895 -1.843542
-0.578633 -4.159275
1.635810 3.275794
1.771244 3.323147
1.655207 3.267926
1.707247 3.272078
1.841747 3.143767
1.893134 3.196800
1.775108 3.183160
1.807242 3.188341
-1.244862 3.055417
-2.574554 -1.913519
-1.290899 3.022635
-1.202987 3.015077
-1.175481 3.007911
-1.182425 2.895071
-1.161178 2.918515
-1.146414 2.918375
-1.168155 2.986932
-3.548188 0.579771
-3.577748 0.589102
-3.546117 0.901912
2.424090 -0.758093
-3.637285 0.816160
-3.619778 0.507594
-3.594727 0.507995
-3.705000 0.602275
-3.663798 0.647494
-0.347011 0.486904
-0.277923 0.502602
-0.261330 0.487844
-0.207613 0.492500
-0.141558 0.409973
2.428076 -0.798912
-0.260588 0.429513
-0.139408 0.436366
-0.187294 0.465832
-2.687908 -1.625351
-2.741104 -1.750638
-2.652294 -1.597529
-2.639945 -1.613820
-2.720180 -1.686379
-2.797961 -1.694892
-2.677469 -1.686902
2.322146 -0.864912
-2.660406 -1.687413
2.319352 0.290438
2.495913 0.302084
2.331320 0.317842
2.353589 0.359049
2.317382 0.479104
2.378709 0.456525
2.453491 0.477869
2.491791 0.425167
2.103790 -2.546938
2.513891 -0.795053
2.143388 -2.592098
2.045463 -2.564738
2.076780 -2.508434
2.142987 -2.534416
2.133140 -2.575431
2.101945 -2.422753
2.069469 -2.419014
-0.608984 -3.908942
-0.584605 -3.936666
-0.605028 -3.907182
2.469431 -0.900847
-0.656102 -3.833949
-0.659388 -3.739215
-0.581306 -3.827160
-0.655229 -3.750878
-0.646075 -3.750749
0.001073 -4.719893
-0.004464 -4.737605
-0.025904 -4.736938
0.008773 -4.722095
-0.071025 -4.760880
2.304461 -0.655625
-0.004274 -4.813549
-0.008577 -4.759466
-0.086062 -4.790049
0.385538 -4.458766
0.315910 -4.514657
0.390172 -4.475982
0.315549 -4.536939
1.627192 3.300600
1.678964 3.233269
1.557639 3.270973
2.308236 -0.892952
1.526826 3.231327
1.473590 3.057036
1.490119 3.099809
1.483811 3.008588
1.520484 3.013332
-1.483081 2.866424
-1.484134 2.761083
-1.464369 2.834042
-1.395915 2.834082
-1.460900 2.845537
