1220 2
-4.445094 0.583153
-4.448992 0.428280
-3.610784 1.146031
3.337263 -0.924452
-0.577109 -0.416926
-0.489173 -0.327891
-0.573350 -0.367970
-0.913782 2.097913
-0.845440 1.954346
-0.998220 2.196963
-0.982305 2.140200
-0.930504 2.060905
-0.957074 2.092687
-0.902205 1.975991
3.233070 1.174108
-0.908714 1.983119
1.509074 3.042056
1.460294 2.966030
1.516761 3.084024
1.474208 3.101641
1.348799 3.046316
1.334121 3.134545
1.383642 2.926588
1.448750 2.931082
2.260734 0.666652
3.469272 -0.852322
2.180302 0.634543
2.210816 0.692141
2.186111 0.653331
2.150748 0.672174
2.218332 0.662323
2.183113 0.712065
2.201413 0.757939
2.534275 -1.215252
2.459810 -1.195094
2.500572 -1.267153
3.339992 -1.611316
2.499469 -1.292076
2.483875 -1.311522
2.456865 -1.305992
2.488102 -1.181010
2.465567 -1.168420
0.788912 -2.859949
0.711203 -2.825194
0.924966 -2.764707
0.959230 -2.731957
0.928630 -2.666281
3.180851 -0.966806
0.946354 -2.696320
0.877069 -2.607644
0.849548 -2.690778
-2.241653 -2.819901
-2.209862 -2.749265
-2.243777 -2.878497
-2.263767 -2.788554
-2.241056 -2.763326
-2.269117 -2.801443
-2.240544 -2.679279
2.380113 -1.090812
-2.185558 -2.717916
-3.503482 1.119572
-3.552253 1.093531
-3.443088 1.280732
-3.602542 1.297520
-0.162620 -0.186463
-0.081605 -0.188814
-0.019103 -0.079308
0.258602 -0.072750
-0.773275 2.146755
2.304211 -1.222698
-0.739609 2.129736
-0.656168 1.949305
-0.611976 1.889714
1.178776 2.823947
1.146045 2.750541
1.228513 2.742771
1.252384 2.698910
1.753100 0.687243
1.640043 0.613325
1.765627 0.689418
2.201387 -1.314453
1.606613 0.602238
1.952486 -1.004370
1.758713 -0.904975
2.071923 -0.970813
2.019660 -0.907837
0.706679 -1.621973
0.703654 -1.527556
0.678880 -2.524817
0.697775 -2.467365
-1.904177 -2.455876
2.269492 -1.372090
-1.823001 -2.473000
-1.747762 -2.521689
-1.714471 -2.522064
-4.134980 0.052109
-4.118256 0.077102
-4.116099 0.006470
-4.119048 -0.000923
-4.428874 0.532750
-4.550206 0.443179
-4.066856 0.167409
2.147050 -1.242815
-4.066347 0.109348
-3.809866 1.326870
-3.754102 1.171098
-1.605083 0.128510
-1.617470 0.256122
-2.219613 0.061127
-2.239035 0.114725
-0.521910 -0.156331
-0.482530 -0.286087
-1.016926 3.371088
-3.768700 1.366062
2.743251 -1.449718
-1.179585 3.327410
-1.550565 2.843120
-1.554096 2.760405
-0.753912 2.116279
-0.880321 2.270853
2.287676 3.741366
2.238240 3.650480
1.617278 3.947190
1.616972 3.988094
1.364212 3.016669
2.318321 -1.355714
1.332278 3.175414
3.298693 0.927721
3.385853 1.108706
3.009804 1.529280
3.053384 1.570927
2.150247 0.833550
2.136025 0.814970
3.552712 -1.555786
3.391666 -1.656861
3.405816 -0.855690
0.972493 -4.143558
3.463089 -0.903741
2.393567 -1.100864
2.305308 -1.279217
0.920002 -4.051149
0.805572 -3.958382
1.468270 -3.534852
1.425582 -3.672284
0.710916 -2.829426
0.844743 -2.789260
-1.944266 -3.943116
0.947416 -4.106263
-1.908911 -3.985626
-1.294153 -3.737280
-1.250424 -3.711802
-1.966023 -2.768952
-2.057363 -2.773441
-3.814453 1.133941
-0.602148 -0.391099
-1.002767 2.098349
1.230818 3.318014
2.177689 1.084423
0.780405 -3.942259
2.297815 -0.961447
0.936124 -2.815974
-1.849223 -2.877800
-1.632891 -3.889610
-3.956085 1.415353
-0.665429 -0.372020
-0.996847 2.019675
1.498354 3.003174
2.221335 0.629970
2.515793 -1.309855
0.747109 -4.089199
0.910698 -2.698442
-2.310766 -2.786754
0.504835 -0.043822
-4.146080 -0.009893
-4.417230 0.492393
-4.662593 0.401328
-4.092693 0.140315
-4.063726 0.063197
-3.777207 1.360368
-3.787937 1.140758
0.738216 -4.061689
-1.548834 0.068170
-1.593313 0.281721
-2.226910 0.062634
-2.306287 0.107686
-0.554614 -0.105238
-0.500440 -0.343795
-1.040066 3.430046
-1.225335 3.391780
-1.585858 2.905328
-1.560573 2.758450
0.908135 -3.897373
-0.704232 2.113550
-0.915100 2.242906
2.327633 3.830466
2.231103 3.638118
1.575559 3.906476
1.650555 3.998668
1.345762 3.076473
1.277921 3.173711
3.310186 0.900129
3.387082 1.070762
0.937704 -4.076405
3.005105 1.530552
3.104336 1.649502
2.086072 0.889776
2.268712 0.697519
3.605355 -1.599022
3.355469 -1.690624
3.399291 -0.824401
3.498532 -0.963549
2.385038 -1.064838
2.266969 -1.316852
1.404708 -3.539140
0.939722 -4.078013
0.800474 -3.974697
1.491785 -3.548511
1.439486 -3.665516
0.666276 -2.869359
0.933302 -2.714104
-1.954201 -3.919279
-1.937681 -3.986714
-1.276195 -3.760372
-1.267177 -3.688322
-3.624929 1.420548
3.476310 -1.371106
-1.967919 -2.741787
-2.110214 -2.816778
-3.799875 1.194043
-0.539134 -0.427306
-1.018395 2.063490
1.196230 3.333885
2.193845 1.148326
2.279027 -0.931974
1.026650 -2.896889
-1.798910 -2.908254
1.457553 -3.631101
-1.663760 -3.918522
-3.956385 1.458283
-0.665704 -0.484404
-1.000644 1.922713
1.536880 2.963639
2.186088 0.576885
2.515568 -1.247292
0.939629 -2.549958
-2.327577 -2.781947
0.555399 -0.070218
0.805781 -3.990236
1.245548 -3.326118
0.740807 -2.886018
0.559621 -2.823608
0.578266 -2.658607
0.756745 -2.486945
0.598086 -2.598315
0.741163 -3.341913
-3.646175 1.419394
0.641537 -2.956936
-2.021805 -3.962108
-2.018507 -4.066525
-1.996413 -4.065948
1.070298 -3.895880
-2.036255 -3.833193
-1.477106 -3.451297
-1.913038 -2.768551
-2.094966 -2.606500
-1.989189 -2.573219
-3.627005 1.474454
-2.100352 -2.528123
-1.904892 -2.568835
-1.983086 -3.250291
-1.938917 -2.915592
-4.002587 1.292474
-3.766425 1.046791
-3.814708 1.508615
-3.766032 1.394313
-0.794691 -0.181017
-0.758137 -0.275064
-4.081848 0.851731
-0.527033 -0.139647
-0.444452 -0.368455
-0.967512 2.199942
-1.093713 2.320736
-0.685155 1.972300
-0.812916 2.128040
1.345803 3.266851
1.292989 3.365495
1.121991 3.147800
1.204193 3.118820
-3.874986 1.086335
2.295219 0.937749
2.344588 1.068477
2.066130 1.086721
2.016687 0.995830
2.498987 -0.944052
2.574801 -1.045558
2.107323 -1.086555
2.261854 -1.070352
0.906177 -2.944383
0.981705 -3.004023
-1.631935 0.070207
0.713267 -2.678806
0.792813 -2.669503
-1.930314 -3.020406
-1.879780 -2.955368
-1.779601 -2.778466
-1.921985 -2.645584
-1.852392 -3.918495
-1.910182 -4.064188
-1.929114 -3.837976
-1.849999 -4.023270
-1.695475 0.188448
-1.392691 -3.695898
-1.224545 -3.746221
-3.869532 1.428120
-4.010396 1.222673
-3.884754 1.505042
-3.766239 1.469770
-0.594112 -0.072629
-0.762537 -0.214670
-0.503772 -0.420520
-0.382243 -0.405393
-1.602632 0.325873
-0.836237 1.894890
-0.958789 2.299025
-0.926383 1.944010
-0.886783 1.986467
1.435498 2.856859
1.607135 3.175870
1.406197 2.942640
1.268555 2.967294
2.146563 0.564977
2.312527 0.727436
-4.595089 0.380486
-1.536769 0.228219
2.222806 0.894857
2.027808 0.745333
2.434767 -1.149425
2.552617 -1.207853
2.366996 -1.092502
2.408486 -1.319330
0.569815 -2.819864
0.813608 -2.979275
0.804428 -2.606027
0.934272 -2.585081
-1.636122 0.326163
-2.170530 -2.710183
-2.100574 -2.956592
-2.146509 -2.693262
-2.261899 -2.618167
-3.537412 1.266723
-0.315742 -0.121416
-0.661290 2.177849
1.181138 2.872923
1.889227 0.788153
2.106642 -1.114738
-1.650226 0.219756
0.642359 -2.657437
-1.909729 -2.576028
-4.130978 0.056201
-4.451696 0.687401
-4.430315 0.713319
-4.488999 0.455217
-4.469744 0.494223
-4.554008 0.632394
-4.500474 0.663008
-4.385383 0.361155
-1.749083 0.208434
-4.370074 0.377631
-4.325284 0.585777
-4.400122 0.501286
-4.546244 0.532529
-4.620053 0.555560
-4.353844 0.448548
-4.392278 0.423770
-4.674120 0.486413
-4.682373 0.523096
-4.478792 0.376728
-2.121983 0.040543
-4.508393 0.362286
-4.607061 0.494555
-4.525802 0.548939
-4.581866 0.623010
-4.572094 0.612875
-4.418066 0.540172
-4.499439 0.446131
-4.545176 0.434784
-4.601901 0.418887
-4.471328 0.361470
-4.345015 0.298656
-4.447596 0.341732
-3.979065 0.288389
-3.982275 0.281452
-4.156926 0.203930
-4.080029 0.222865
-4.183603 0.119011
-4.210007 0.149633
-4.027549 0.188573
-3.982579 0.205693
-3.979898 0.997749
-2.318246 0.097996
-3.974077 1.007977
-4.201123 1.072855
-4.077733 1.193086
-3.831251 1.025128
-3.803720 1.080050
-3.971898 1.311106
-3.954734 1.302129
-3.789147 1.397745
-3.776720 1.413070
-3.611259 1.320058
-1.452910 0.167703
-3.583437 1.293870
-3.744416 1.394144
-3.722265 1.418966
-3.612180 1.387843
-3.613568 1.367545
-3.784756 1.470439
-3.793807 1.484739
-3.727680 1.505456
-3.751934 1.452526
-3.651209 1.305584
-1.978570 -0.040795
-3.657617 1.348167
-3.619752 1.523542
-3.666785 1.463061
-3.985122 1.145338
-3.965464 1.157961
-3.824712 0.856877
-3.793410 1.012321
-3.924982 1.151913
-3.947124 1.185201
-3.592985 1.287186
-0.478701 -0.151436
-3.632399 1.225301
-3.813197 1.270239
-3.818553 1.215579
-3.682840 1.338392
-3.705964 1.353867
-3.577391 1.233206
-3.618070 1.238412
-3.745463 1.448349
-3.727590 1.417902
-3.647619 1.399684
-4.637728 0.575734
-0.454933 -0.024488
-3.584267 1.442276
-3.688335 1.226197
-3.683105 1.289017
-3.566513 1.329128
-3.546452 1.222315
-3.955468 0.965880
-3.921853 0.988523
-1.561087 0.091635
-1.526157 0.082308
-1.705554 0.165547
-0.393297 -0.177269
-1.683415 0.126238
-1.482942 0.174273
-1.482494 0.160616
-1.768456 0.149679
-1.789251 0.167756
-1.509945 0.124041
-1.623785 0.092334
-1.626593 0.177396
-1.541979 0.171840
-1.765581 0.190657
-0.295971 -0.270509
-1.737647 0.184955
-1.549524 0.303879
-1.571293 0.291960
-1.708114 0.268521
-1.676688 0.309409
-1.532873 0.273740
-1.513150 0.243401
-1.506559 0.227764
-1.508714 0.237167
-1.318847 0.129415
-0.309050 -0.197103
-1.453533 0.172895
-1.704664 0.256270
-1.681587 0.267348
-1.781404 0.304992
-1.766976 0.267769
-2.318274 0.084597
-2.309979 0.080414
-2.100777 -0.007230
-2.082589 -0.020691
-2.163876 0.123561
-0.927613 -0.011807
-2.123013 0.070385
-2.382493 0.110465
-2.376239 0.104524
-2.114021 0.174453
-2.107810 0.177341
-2.257442 0.063983
-2.187668 0.057826
-0.864763 -0.024816
-0.918441 0.001417
-0.802728 -0.129422
-0.651638 -0.063660
-0.751825 -0.141186
-0.956570 -0.198584
-0.834838 -0.204127
-0.757967 -0.140478
-0.838170 -0.219050
-0.531589 -0.051417
-0.520751 -0.043763
-0.406372 -0.037663
-0.467707 -0.087199
-0.402504 -0.258085
-1.043542 3.368945
-0.454427 -0.158162
-0.368509 -0.113866
-0.408423 -0.094886
-0.506058 -0.395921
-0.518473 -0.323087
-0.408672 -0.157603
-0.311053 -0.132635
-0.484550 -0.079916
-0.392781 -0.101381
-0.384175 -0.133246
-1.038465 3.382186
-0.370183 -0.159062
-0.883460 -0.187400
-0.766009 -0.202517
-0.783825 -0.297113
-0.650562 -0.317001
-0.718709 -0.270104
-0.667269 -0.284024
-0.381843 -0.196962
-0.405090 -0.193107
-0.558757 -0.084383
-1.219316 3.255918
-0.504535 -0.110814
-0.410020 -0.085854
-0.444406 -0.184009
-0.391578 -0.204751
-0.354330 -0.183130
-0.451316 -0.378813
-0.441161 -0.363059
-0.348983 -0.346976
-0.390881 -0.276701
-0.457816 -0.196112
-1.022317 3.380078
-0.394095 -0.237705
-0.264548 -0.201737
-0.282422 -0.238745
-0.695971 -0.070197
-0.781627 -0.081616
-1.004258 3.330217
-0.967501 3.299222
-1.111350 3.403764
-1.053753 3.407489
-1.012579 3.314571
-4.659641 0.434396
-1.142739 3.540858
-1.015392 3.298420
-1.175618 3.331795
-1.189897 3.274765
-1.070103 3.281234
-1.105360 3.305752
-1.022285 3.381140
-1.010468 3.383941
-1.151158 3.322941
-1.103112 3.324179
-1.137469 3.435996
-1.179544 3.345070
-1.105374 3.424690
-1.192381 3.333588
-1.252975 3.297138
-1.128706 3.278420
-1.109197 3.271220
-1.065194 3.312523
-1.083529 3.286635
-1.081606 3.117270
-1.171042 3.309465
-1.189407 3.375589
-1.212660 3.427008
-1.198220 3.442294
-1.261957 3.307649
-1.270333 3.282487
-1.614621 2.720381
-1.604916 2.773330
-1.540432 2.835164
-1.519747 2.792750
-1.499783 2.959102
-1.503254 2.955705
-1.603382 2.673608
-1.551280 2.907991
-1.607176 2.706328
-1.430515 2.991050
-1.395415 3.045451
-1.541084 2.726772
-1.525422 2.715574
-0.737426 2.422184
-0.773479 2.368577
-0.957509 2.459799
-0.932101 2.374943
-1.116013 2.350967
-1.888424 0.245489
-1.076402 2.286774
-0.937970 2.242665
-0.911888 2.251637
-0.719814 2.036756
-0.797453 2.070114
-0.680190 2.131983
-0.682397 2.164358
-0.724859 2.142637
-0.668225 2.125458
-0.664313 2.101640
-1.577239 2.760638
-0.612376 2.127201
-0.883829 2.003052
-0.795339 2.084788
-0.617118 2.025043
-0.597879 2.018754
-0.637147 2.171805
-0.627350 2.173482
-0.624129 2.139916
-0.604271 2.139952
-0.998134 2.357825
-1.026793 3.259960
-0.951565 2.341820
-1.157810 2.433449
-1.023505 2.341007
-0.998688 2.301062
-1.026509 2.303862
-0.680617 2.225535
-0.693839 2.257723
-0.868016 2.297357
-0.827742 2.240616
-0.685320 2.225277
-1.428908 2.658799
-0.805205 2.334143
-0.787163 2.216223
-0.788738 2.229817
-0.892689 2.025312
-0.859886 2.168157
-0.706950 2.138825
-0.664701 2.121634
-0.668822 2.316739
-0.615587 2.220187
-0.623409 2.157857
-0.898895 2.337407
-0.683714 2.101534
-0.812827 2.500624
-0.796617 2.514894
2.298754 3.680415
2.300136 3.638406
2.236017 3.766232
2.287373 3.751710
2.337072 3.664344
2.330797 3.671123
2.146487 3.816144
-0.739279 2.224789
2.151762 3.813442
2.110082 3.628359
2.173734 3.680169
2.369637 3.765235
2.390024 3.761104
2.180483 3.803047
2.232509 3.847002
2.391596 3.679992
2.395522 3.676648
2.075199 3.727026
-4.432040 0.519687
-0.627272 2.232034
2.047927 3.708990
2.246712 3.527566
2.248636 3.516725
2.281515 3.598256
2.249021 3.560228
2.094234 3.584955
2.166842 3.627881
2.218300 3.726281
2.222247 3.761663
2.116410 3.802801
-0.695380 2.052169
2.061256 3.797035
1.480171 3.978275
1.560704 3.993464
1.581344 3.892683
1.559560 3.881918
1.697562 3.950781
1.723735 3.926161
1.531780 4.015977
1.569221 4.020004
1.822246 3.940344
-0.581179 2.104596
1.857677 3.939072
1.604148 3.961782
1.595066 3.942210
1.549764 3.160801
1.557016 3.111950
1.758750 3.252402
1.632745 3.179778
1.374085 3.462393
1.320157 3.321409
1.492303 3.143216
-0.862976 2.643514
1.505949 3.103375
1.400263 2.910365
1.368215 2.969701
1.263674 2.934656
1.308561 3.000961
1.234191 3.102732
1.267737 3.035699
1.196104 2.942262
1.250248 2.936227
1.380234 3.013546
-0.664626 2.415479
1.324762 3.024151
1.112711 3.016555
1.169286 3.022760
1.270930 2.953307
1.233986 2.887390
1.113380 3.018932
1.171456 3.001069
1.746302 3.245621
1.569976 3.162835
1.364365 3.479799
2.309258 3.722764
1.314694 3.378733
1.503680 3.246768
1.557049 3.231321
1.171613 3.149618
1.155010 3.008166
1.382774 3.153214
1.349062 3.102898
1.156831 3.147934
1.163884 3.209038
1.249240 3.067742
2.266418 3.862539
1.282328 2.986042
1.228490 3.117741
1.201330 3.158002
1.177617 3.127072
1.202108 3.122213
1.299406 3.207090
1.198028 3.171405
1.204782 2.976517
1.159084 2.929492
1.507812 3.251891
2.257052 3.516536
1.531113 3.269824
3.353241 0.870870
3.298896 0.880660
3.315263 0.969872
3.412039 0.931958
3.349174 0.886157
3.315282 0.862086
3.256808 1.062489
3.250520 1.072685
3.180154 0.927418
2.398906 3.703933
3.221068 0.960025
3.393321 0.913377
3.411937 0.881456
3.278513 1.091166
3.283189 1.079211
3.490661 1.036362
3.477994 1.047902
3.304939 1.131601
3.349494 1.131681
3.407730 1.058203
2.337850 3.710975
3.376868 1.022671
3.411899 0.992404
3.375286 0.991730
3.175452 1.068674
3.216310 1.088233
3.380241 1.110311
3.463921 1.128237
3.359856 1.144372
3.368474 1.160842
2.995737 1.625536
-4.518576 0.398241
2.146997 3.711630
3.006666 1.576134
2.893358 1.471407
2.901986 1.476017
3.072906 1.462063
3.063379 1.428629
3.025265 1.624403
3.051899 1.615344
3.105773 1.450098
3.155284 1.375406
2.953396 1.532309
2.198984 3.810447
2.945858 1.517564
2.367780 0.916916
2.461684 0.933635
2.445042 0.759505
2.238833 0.785403
2.376541 1.069746
2.324939 1.016938
2.265356 0.800729
2.254354 0.793190
2.070503 0.695198
1.675907 3.913451
2.055521 0.716368
2.066530 0.842202
2.014482 0.855458
2.028554 0.868415
2.091573 0.773557
1.914045 0.809115
1.901402 0.791304
2.127886 0.989326
2.084192 0.992663
2.057195 1.017806
-1.303655 3.185660
1.988818 0.953273
2.061402 0.853333
2.012052 0.848103
1.965761 0.870567
1.933906 0.865189
2.444775 0.785132
2.386032 0.785711
2.431422 1.112234
2.366261 1.052521
2.317078 0.851654
1.576754 3.998495
2.314615 0.750086
1.905643 0.812004
1.895475 0.829270
2.114083 0.715849
2.131821 0.747439
2.127024 0.828380
2.153203 0.951607
2.005477 0.852803
2.020197 0.766653
2.022874 0.938229
2.208277 3.515858
2.067883 0.974818
1.998759 0.930123
2.026278 0.897670
2.104596 0.860341
1.996704 0.894569
1.866483 0.801775
1.863805 0.806910
2.396662 0.905728
2.409234 0.897176
3.545300 -1.547442
1.464936 3.702580
3.467963 -1.570409
3.557389 -1.547404
3.622493 -1.550328
3.475866 -1.621520
3.419548 -1.603982
3.562991 -1.509878
3.529372 -1.514020
3.354776 -1.517148
3.405052 -1.565390
3.558664 -1.589868
1.203901 3.226518
3.576858 -1.608862
3.512173 -1.508427
3.534905 -1.538349
3.460645 -1.730974
3.459633 -1.765944
3.435752 -1.556170
3.370940 -1.616796
3.299872 -1.634942
3.305941 -1.619346
3.355304 -1.678387
1.300036 2.996384
3.347319 -1.702983
3.251517 -1.570031
3.307095 -1.582964
3.430423 -1.573588
3.425618 -1.735245
3.484101 -1.533809
3.441473 -1.513844
3.472237 -0.664717
3.487916 -0.773398
3.305511 -0.905487
1.153973 3.084272
3.271469 -0.913065
3.454664 -0.926338
3.400676 -0.976464
3.478934 -0.727410
3.500392 -0.871678
3.481927 -0.981086
3.488464 -1.071634
3.397483 -0.923796
3.323766 -0.957088
2.643639 -1.383655
-4.050078 0.230613
1.171550 2.930666
2.718331 -1.403176
2.582254 -1.168589
2.542548 -1.152837
2.689218 -1.000602
2.621922 -1.008658
2.554497 -1.087440
2.491299 -1.110835
2.380904 -1.168402
2.370096 -1.127919
2.275309 -1.070613
1.112245 3.047820
2.249593 -1.047482
2.223634 -1.238376
2.206306 -1.295298
2.156107 -1.163593
2.182142 -1.069780
2.360277 -1.055958
2.366954 -1.052560
2.128804 -1.120428
2.207090 -1.146516
2.238665 -1.118654
1.721837 3.367227
2.196441 -1.134024
2.162493 -1.278522
2.242149 -1.320978
2.576973 -1.274672
2.496165 -1.254462
2.606473 -1.086574
2.578452 -1.101745
2.529858 -1.152874
2.486110 -1.199437
2.049810 -1.216337
1.419104 3.176006
2.084708 -1.167283
2.375711 -1.260280
2.376117 -1.316839
2.262543 -1.273291
2.314842 -1.247692
2.108013 -1.115948
2.135690 -1.158329
2.314759 -1.214228
2.251208 -1.202858
2.199745 -1.250072
3.426244 0.884478
2.193398 -1.249842
2.269927 -1.334401
2.258380 -1.309499
2.162413 -1.221763
2.173728 -1.272472
2.445144 -1.410124
2.552125 -1.419953
0.896873 -4.085381
0.874824 -4.084009
0.927783 -4.041780
3.340976 0.992023
0.960862 -4.119067
0.782235 -4.064204
0.809374 -4.052562
0.998917 -4.015603
1.039787 -3.980914
0.860786 -3.766067
0.906255 -3.907914
0.892393 -4.122379
0.850235 -4.140749
0.983124 -3.998992
3.433780 1.121137
0.996165 -4.020429
0.743967 -4.062473
0.751028 -4.050875
0.947230 -3.896810
1.003648 -3.836551
0.731847 -3.942944
0.746468 -3.952455
0.742436 -4.021742
0.734267 -3.958568
0.812454 -3.785321
3.461898 0.937310
0.832387 -3.861834
0.940390 -3.960302
0.786765 -4.050855
0.985248 -3.951221
0.937675 -3.935729
1.586249 -3.513940
1.517206 -3.566055
1.390923 -3.479086
1.382844 -3.453042
1.357562 -3.703139
3.526067 1.092140
1.372205 -3.662356
1.537386 -3.603672
1.506243 -3.653384
1.349129 -3.737199
1.317854 -3.758509
1.410151 -3.556212
1.408037 -3.573746
0.657729 -3.086946
0.691481 -3.054724
0.787614 -3.073467
3.248457 1.061931
0.779128 -3.027552
1.016908 -3.082011
0.872889 -2.956022
0.826865 -2.947470
0.773270 -2.941052
0.572247 -2.843309
0.487526 -2.817027
0.663685 -2.853730
0.682741 -2.852069
0.676077 -2.694257
-4.470457 0.726333
3.403237 1.056929
0.520882 -2.737607
0.585415 -2.604179
0.572641 -2.605696
0.780895 -2.635771
0.768101 -2.562717
0.597061 -2.677489
0.557298 -2.659987
0.625698 -2.793788
0.639004 -2.724967
0.588024 -2.626205
3.009698 1.430811
0.643816 -2.639560
0.839117 -3.039236
0.862252 -2.856853
1.067085 -3.058733
0.989199 -2.987705
0.929104 -2.984377
0.974160 -2.968379
0.664981 -2.715630
0.780855 -2.673630
0.741881 -2.912098
2.015367 3.788840
0.727821 -2.833383
0.645095 -2.772554
0.677845 -2.817444
0.728740 -2.686284
0.655466 -2.730216
0.940480 -2.691002
0.870938 -2.699147
0.693282 -2.625369
0.698461 -2.665200
0.660851 -2.694839
3.025139 1.572111
0.620394 -2.599580
0.720580 -2.548582
0.740840 -2.529860
0.718883 -3.040040
0.725694 -3.095426
-2.025773 -3.870466
-2.018861 -3.850259
-1.942370 -4.007763
-1.981529 -3.991860
-2.014237 -3.930176
3.309240 0.925345
-2.014021 -3.885940
-1.974359 -3.782910
-1.989167 -3.826945
-1.963193 -4.062827
-1.975522 -4.035983
-1.991840 -4.083151
-2.010887 -4.057823
-1.930782 -3.937125
-1.974994 -3.912210
-2.015278 -4.002912
2.792565 1.403025
-1.997924 -3.921269
-1.951724 -3.659777
-1.982888 -3.840046
-1.932912 -4.023091
-1.948639 -4.054764
-1.121953 -3.760383
-1.235165 -3.737727
-1.362356 -3.660122
-1.370611 -3.633017
-1.175368 -3.744115
2.235036 1.039998
-1.200337 -3.734327
-1.265247 -3.684919
-1.307001 -3.638466
-1.954756 -3.126644
-1.953948 -3.084261
-2.040194 -2.981545
-2.044927 -2.896864
-1.729060 -3.086494
-1.833541 -2.944789
-2.017744 -2.970153
2.069038 0.712616
-2.030780 -2.939772
-2.090069 -2.587452
-2.100854 -2.636412
-1.974477 -2.630235
-1.907550 -2.669806
-2.049119 -2.600710
-2.099527 -2.582604
-1.900343 -2.573526
-1.883593 -2.611037
-2.055299 -2.688923
1.938714 0.884712
-1.942855 -2.699637
-1.818731 -2.669973
-1.903503 -2.672802
-1.854126 -2.788439
-1.908196 -2.649955
-1.983877 -2.558492
-2.022758 -2.551454
-2.098560 -2.993865
-2.089774 -2.938648
-1.815811 -3.043215
1.910265 0.841460
-1.901487 -2.934072
-2.049520 -2.929348
-2.110277 -2.889032
-1.960603 -2.518583
-1.937083 -2.554975
-2.144713 -2.791908
-2.105826 -2.691958
-2.090353 -2.636494
-2.051303 -2.667549
-1.967566 -2.616104
-3.925344 0.418020
1.972539 0.926953
-1.993902 -2.632358
-2.187200 -2.633544
-2.114602 -2.661608
-1.937685 -2.599972
-1.968522 -2.584422
-2.044887 -2.781421
-1.981629 -2.673887
-1.905080 -2.567436
-2.019615 -2.585591
-1.999109 -3.051917
2.527570 0.939038
-2.000323 -3.191911
-3.842433 1.201496
-3.868059 1.271537
-3.755936 1.020497
-3.720493 1.049136
-3.842252 1.310166
-3.867868 1.289511
-3.681173 1.194231
-3.674726 1.109346
-0.670141 -0.262740
2.244950 0.871056
-0.715079 -0.260353
-0.628014 -0.381330
-0.571132 -0.402215
-0.561888 -0.275192
-0.558103 -0.147045
-0.480740 -0.381229
-0.510263 -0.360527
-1.012960 2.195415
-0.973530 2.145680
-1.061058 2.211020
3.662260 -1.519853
-1.008056 2.186289
-0.881512 2.067746
-0.865213 2.024956
-0.926855 2.160686
-0.939196 2.172964
1.295882 3.337615
1.309532 3.287524
1.245597 3.274133
1.259583 3.264551
1.180716 3.212395
3.557862 -1.523799
1.179408 3.190728
1.264430 3.258898
1.267846 3.258943
2.230304 1.019886
2.188597 0.989640
2.207228 1.030233
2.208476 1.073388
2.097081 1.064596
2.054716 1.059261
2.096816 1.012311
3.296476 -1.601789
2.165418 1.005890
2.497309 -0.973840
2.461477 -0.934993
2.362603 -1.101369
2.339328 -1.048894
2.304689 -1.010467
2.264321 -1.017815
2.241674 -1.036522
2.225185 -0.993044
0.898838 -2.906570
3.476223 -1.693662
0.918660 -2.938688
1.009762 -2.856614
0.988293 -2.809872
0.847688 -2.768727
0.830736 -2.783746
0.940975 -2.764244
0.958630 -2.777578
-1.832625 -2.983475
-1.862171 -2.976180
-1.930975 -2.880006
3.463887 -1.767037
-1.945677 -2.868574
-1.875047 -2.739594
-1.811019 -2.802666
-2.001171 -2.741331
-1.979258 -2.839255
-1.766540 -3.916205
-1.755694 -3.909839
-1.787069 -3.967954
-1.779767 -3.940922
-1.830255 -3.884663
3.387085 -1.560462
-1.779522 -3.904462
-1.782202 -3.980494
-1.766956 -3.976675
-1.402954 -3.802925
-1.442789 -3.800427
-1.439175 -3.811408
-1.396375 -3.778972
-3.966012 1.366599
-3.968533 1.400727
-3.963519 1.287032
3.592103 -1.538009
-3.930000 1.278559
-3.845635 1.352152
-3.901132 1.318399
-3.889242 1.442624
-3.951293 1.446825
-0.748047 -0.255849
-0.630122 -0.204800
-0.680672 -0.375852
-0.606613 -0.356783
-0.518498 -0.374459
