1220 2
-3.685618 -1.463712
-3.702813 -1.497699
-2.390178 -1.684782
3.629873 0.431234
-3.258652 0.559636
-3.246731 0.674809
-3.272282 0.714777
-1.337279 3.795739
-1.331828 3.781777
-1.367685 3.775848
-1.276928 3.752622
-1.269224 3.797295
-1.255728 3.760506
-1.266507 3.807158
2.399883 2.280715
-1.326624 3.823719
0.048583 0.357957
0.092000 0.350901
-0.031875 0.349426
-0.017908 0.339005
0.036723 0.208379
0.038411 0.223790
0.117187 0.239943
0.112851 0.305784
1.646212 3.361312
3.687853 0.484523
1.573991 3.421030
1.688419 3.336681
1.664766 3.345750
1.627314 3.327180
1.715239 3.391995
1.520201 3.301851
1.473602 3.310845
2.546381 0.039390
2.517117 0.004091
2.621906 0.070680
3.518877 -0.132622
2.555271 0.108333
2.443747 0.129368
2.479620 0.119834
2.393106 0.141722
2.331376 0.211412
1.677665 -1.823204
1.586097 -1.821974
1.805273 -1.886700
1.739926 -1.884485
1.577040 -1.940481
3.445292 0.437707
1.604614 -1.956743
1.543269 -1.812123
1.582776 -1.755248
0.148984 -2.845931
0.121994 -2.759818
0.047081 -3.055975
0.060678 -2.962126
0.043106 -2.944118
0.064382 -2.922076
0.048928 -2.832217
2.831033 0.328725
0.033475 -2.761901
-2.157824 -1.616408
-2.183399 -1.705076
-2.287984 -1.645224
-2.269944 -1.670173
-2.854663 0.533334
-2.761288 0.452470
-2.776044 0.733176
-2.751243 0.782421
-1.206532 3.219504
2.646270 0.232942
-1.220881 3.244177
-1.105673 3.346148
-1.141611 3.418420
0.037025 -0.106064
0.024014 -0.045650
0.167653 -0.171628
0.228455 -0.175775
1.557574 2.798297
1.555743 2.835180
1.488331 2.839767
2.580070 0.373548
1.455647 2.837728
2.359913 0.217807
2.179478 0.129299
2.261820 0.099368
2.085345 -0.018075
1.359637 -1.544794
1.224635 -1.414741
1.135991 -1.200066
1.004090 -1.101262
0.096839 -2.533396
2.472456 0.340918
0.134066 -2.303108
0.123894 -2.187345
0.126717 -2.169727
-3.635201 -2.049764
-3.645198 -2.099580
-3.627828 -2.064795
-3.631516 -2.050772
-3.703363 -1.550787
-3.608383 -1.464986
-3.619897 -2.039523
2.484377 0.394193
-3.577302 -2.028235
-2.453299 -1.741390
-2.352612 -1.792738
-4.214018 1.070988
-4.174990 1.062687
-4.107819 0.320376
-4.174546 0.306215
-3.155061 0.735084
-3.149246 0.596025
-2.410198 3.261796
-2.412610 -1.615952
3.030904 0.105082
-2.316669 3.282190
-2.297644 2.691923
-2.254247 2.674045
-1.358740 3.619146
-1.344727 3.439526
-0.141421 1.488362
0.079860 1.520681
-0.705660 1.640255
-0.731578 1.666426
-0.154365 0.263195
2.803877 0.294575
-0.162721 0.273160
2.500186 2.616070
2.567434 2.587463
2.001780 2.227693
1.915956 2.179383
1.549041 3.118344
1.654277 3.182683
3.694681 -0.116322
3.685306 -0.287333
3.646748 0.475824
2.681000 -2.509448
3.715601 0.419358
2.515491 0.152494
2.659587 0.280499
2.675819 -2.483454
2.548278 -2.656258
2.857439 -1.942781
2.918036 -1.882770
1.677062 -1.616501
1.753328 -1.820678
0.635618 -3.848147
2.720179 -2.609916
0.662413 -4.008779
1.075933 -3.488682
1.117689 -3.470588
0.043824 -2.752042
0.018779 -3.031089
-2.409137 -1.963695
-3.129663 0.398844
-1.520022 3.447768
-0.373555 0.376568
1.459988 3.298072
2.531461 -2.698649
2.587139 0.182756
1.898471 -1.690967
-0.032700 -2.839292
0.856596 -3.777328
-2.339689 -1.974584
-3.334554 0.638381
-1.301692 3.827322
0.098883 0.311590
1.618950 3.416124
2.450584 0.065149
2.634009 -2.680489
1.621369 -1.925081
0.094990 -2.862878
0.499590 -0.693831
-3.646770 -2.062589
-3.706574 -1.528899
-3.599667 -1.438149
-3.574017 -2.091411
-3.581968 -2.033543
-2.499803 -1.722500
-2.311414 -1.733718
2.649290 -2.776118
-4.242800 1.126383
-4.240389 0.981722
-4.097534 0.245755
-4.230203 0.268890
-3.169606 0.746641
-3.106105 0.564376
-2.415244 3.264808
-2.325352 3.341490
-2.269321 2.687421
-2.285760 2.641007
2.601827 -2.537223
-1.316996 3.684874
-1.370812 3.397529
-0.166560 1.439924
0.126801 1.462189
-0.727928 1.695289
-0.721761 1.637008
-0.072016 0.269841
-0.202506 0.260104
2.540853 2.539203
2.536692 2.670799
2.739430 -2.599319
1.997189 2.221557
1.921140 2.172158
1.538132 3.086934
1.659701 3.173502
3.750409 -0.167591
3.694516 -0.287788
3.671944 0.486110
3.757070 0.408368
2.615679 0.180734
2.630018 0.204361
2.809669 -1.957237
2.644305 -2.505781
2.591327 -2.709801
2.874933 -1.945303
2.911262 -1.864746
1.628316 -1.694876
1.818049 -1.862458
0.681885 -3.797293
0.722064 -4.008430
1.103650 -3.449056
1.136974 -3.494608
-2.273976 -1.639632
3.709650 0.009460
0.053338 -2.707401
0.075745 -3.062077
-2.438758 -2.075958
-3.126030 0.333889
-1.556819 3.416243
-0.380808 0.374872
1.379284 3.308539
2.541636 0.215771
1.935950 -1.586620
-0.185634 -2.779058
2.954645 -1.876687
0.904193 -3.799189
-2.309022 -1.949647
-3.325331 0.576156
-1.254829 3.883913
0.174430 0.343221
1.645511 3.474657
2.444539 0.026360
1.582244 -1.960527
0.141905 -2.935702
0.450642 -0.554354
2.446382 -2.517924
2.708811 -1.847854
1.888793 -1.546065
1.516866 -1.633657
1.594559 -1.601781
1.519699 -1.714789
1.672940 -1.610148
2.020406 -2.130431
-2.212553 -1.791051
1.737012 -1.855966
0.519956 -3.881271
0.574245 -4.060915
0.652247 -4.085653
2.722433 -2.452197
0.425190 -3.816783
0.817653 -3.283445
0.069980 -2.971309
-0.013606 -2.886259
-0.122410 -2.957999
-2.257356 -1.599220
-0.179924 -2.896909
-0.160882 -2.904377
0.254040 -3.196333
0.064220 -3.016409
-2.652532 -1.867007
-2.544616 -1.906483
-2.316671 -1.740683
-2.210359 -1.846817
-3.273312 0.499302
-3.273577 0.424961
-2.881068 -1.609487
-2.976823 0.577602
-3.027565 0.553805
-1.515245 3.663153
-1.513201 3.383660
-1.461729 3.568381
-1.271263 3.575547
-0.249933 0.452197
-0.321140 0.449969
-0.373321 0.243444
-0.262752 0.205902
-2.616322 -1.587886
1.586580 3.313249
1.691967 3.085542
1.330884 3.125753
1.446401 3.179885
2.616534 0.099040
2.805416 0.282350
2.441125 0.191666
2.527948 0.425935
1.860331 -1.554394
1.952653 -1.671713
-4.187795 1.180462
1.848384 -1.474063
1.703194 -1.749105
0.225653 -2.766816
0.228498 -2.982930
-0.201862 -2.687328
-0.150995 -2.834439
0.705604 -3.931211
0.602534 -4.008641
0.696837 -3.858733
0.713681 -3.945008
-4.194950 1.026797
0.994778 -3.531151
1.185613 -3.449722
-2.520912 -1.710124
-2.603382 -1.839885
-2.203154 -1.921605
-2.204806 -1.834697
-3.228535 0.859713
-3.351400 0.659564
-3.337077 0.719176
-3.194653 0.651945
-4.126030 0.988778
-1.291790 3.802715
-1.590986 3.631579
-1.422607 3.747737
-1.220709 3.754748
0.039659 0.351188
-0.058074 0.436698
-0.071680 0.257042
0.063103 0.136496
1.544895 3.377576
1.809757 3.255723
-3.501811 -1.438188
-4.276236 1.208017
1.426857 3.357147
1.534499 3.285310
2.556176 -0.081733
2.710702 0.059177
2.344029 0.293809
2.418626 0.313930
1.463093 -1.735905
1.914674 -1.881595
1.559349 -1.710590
1.538970 -1.849259
-4.377403 1.193849
0.075367 -2.700038
0.185983 -3.006685
0.024193 -2.696910
-0.139220 -2.894307
-2.341070 -1.687559
-2.897687 0.669641
-1.195816 3.378053
-0.054506 0.064791
1.554795 2.944484
2.488140 0.301757
-4.153594 1.005824
1.529775 -1.638635
0.022430 -2.816027
-3.614828 -2.019939
-3.496252 -1.402277
-3.462859 -1.400050
-3.705027 -1.536492
-3.707267 -1.520464
-3.512834 -1.450495
-3.503269 -1.448142
-3.756902 -1.596365
-4.277579 1.024975
-3.738171 -1.599373
-3.556107 -1.589767
-3.629903 -1.526791
-3.644176 -1.434954
-3.664680 -1.454757
-3.725430 -1.619044
-3.745751 -1.563152
-3.619952 -1.325503
-3.638218 -1.381479
-3.682900 -1.620097
-4.079315 0.406719
-3.658360 -1.581481
-3.452423 -1.429518
-3.470940 -1.437159
-3.486074 -1.426372
-3.489177 -1.426353
-3.534289 -1.542086
-3.600490 -1.503053
-3.781036 -1.559506
-3.767698 -1.386383
-3.729118 -1.561964
-3.720959 -1.651163
-3.723361 -1.550893
-3.433594 -2.034430
-3.417766 -2.057789
-3.635894 -1.927303
-3.636938 -1.890128
-3.643764 -1.915130
-3.637947 -1.913997
-3.391228 -2.076982
-3.386508 -2.060143
-2.746358 -1.607514
-4.175350 0.264650
-2.792401 -1.630663
-2.768680 -1.718181
-2.645164 -1.750698
-2.631448 -1.914606
-2.546956 -1.923921
-2.585126 -1.828785
-2.588049 -1.812976
-2.502714 -1.666158
-2.487795 -1.605202
-2.452605 -1.662098
-4.074995 1.093184
-2.420270 -1.681428
-2.303589 -1.708670
-2.324405 -1.663997
-2.342371 -1.680956
-2.363417 -1.731380
-2.214971 -1.882158
-2.215955 -1.850743
-2.280344 -1.629916
-2.343271 -1.638808
-2.499753 -1.610154
-3.895916 0.343620
-2.391364 -1.610072
-2.362684 -1.660498
-2.260159 -1.653313
-2.705201 -1.824231
-2.608267 -1.888857
-2.735033 -1.992427
-2.607018 -2.030982
-2.580468 -1.859238
-2.588497 -1.841134
-2.314743 -1.797547
-3.140767 0.520075
-2.333603 -1.811347
-2.457067 -1.714937
-2.414165 -1.656106
-2.317641 -1.687802
-2.279956 -1.687362
-2.259083 -1.830330
-2.298553 -1.749425
-2.239021 -1.855404
-2.221640 -1.831540
-2.153723 -1.683341
-3.619448 -1.383037
-3.058466 0.783855
-2.229324 -1.691786
-2.368844 -1.625960
-2.324813 -1.617955
-2.250687 -1.681926
-2.246551 -1.732470
-2.665430 -1.660002
-2.720860 -1.674664
-4.134653 1.152783
-4.111287 1.177665
-4.233512 1.050279
-3.025783 0.751359
-4.250731 1.068219
-4.165867 1.131171
-4.152837 1.092118
-4.261201 0.911087
-4.294515 0.875785
-4.061324 1.017857
-4.160628 1.061160
-4.264594 1.131768
-4.268239 1.133986
-4.205450 0.917039
-3.030714 0.766213
-4.187089 0.892129
-4.313748 1.184044
-4.298616 1.205557
-4.193396 0.898790
-4.197419 0.897604
-4.129892 1.078748
-4.134035 1.086292
-4.128988 1.126095
-4.127329 1.125421
-3.994785 1.012989
-2.963792 0.729192
-4.138877 1.033193
-4.242502 1.039820
-4.295692 1.060115
-4.267246 0.965910
-4.264336 0.897535
-4.113062 0.097954
-4.133613 0.175849
-4.040377 0.341432
-4.000682 0.303854
-4.134758 0.485737
-3.611773 0.951272
-4.135548 0.505998
-4.172146 0.247119
-4.178917 0.229406
-4.207929 0.411539
-4.218208 0.460362
-4.043981 0.311605
-4.000251 0.332763
-3.249043 0.897154
-3.272340 0.895970
-3.532625 0.792236
-3.217110 0.925125
-3.423390 0.773596
-3.394674 0.463238
-3.344762 0.496935
-3.290577 0.602986
-3.294450 0.645225
-3.125203 0.877463
-3.134761 0.861090
-2.921732 0.696495
-3.005102 0.651721
-3.063741 0.772774
-2.465446 3.351666
-3.048321 0.777573
-2.966289 0.729679
-2.988203 0.768629
-3.239513 0.732156
-3.193468 0.784652
-2.996641 0.731158
-2.981979 0.807623
-3.062180 0.862777
-2.949916 0.796702
-3.031005 0.797440
-2.472900 3.237843
-3.025575 0.812563
-3.476380 0.754391
-3.346389 0.628714
-3.329058 0.414399
-3.286681 0.433568
-3.315795 0.569449
-3.324318 0.583140
-2.913567 0.610386
-2.927830 0.672151
-3.182636 0.656109
-2.272007 3.235980
-3.173210 0.680783
-3.095287 0.694472
-3.106477 0.637703
-3.005414 0.590424
-2.955811 0.647455
-3.069103 0.556098
-3.074135 0.499987
-3.001094 0.598251
-3.035647 0.626868
-3.044574 0.758508
-2.468409 3.340226
-3.042506 0.686548
-2.957510 0.672803
-2.977418 0.670587
-3.451603 0.915310
-3.450548 0.865568
-2.388534 3.397731
-2.331471 3.434340
-2.419544 3.226887
-2.467926 3.263091
-2.354693 3.419142
-3.742447 -1.251433
-2.458127 3.305081
-2.299774 3.436599
-2.377128 3.175626
-2.393053 3.112398
-2.239478 3.247001
-2.309108 3.257834
-2.495193 3.333216
-2.465317 3.334915
-2.348100 3.092740
-2.410820 3.134638
-2.405208 3.363636
-2.296128 3.226206
-2.367007 3.383150
-2.292277 3.119015
-2.279510 3.127696
-2.259525 3.343206
-2.276067 3.375646
-2.316830 3.432662
-2.271340 3.441556
-2.165140 3.305463
-2.274072 3.276259
-2.384338 3.231501
-2.438077 3.204312
-2.455215 3.212631
-2.386388 3.188477
-2.356982 3.111941
-2.399886 2.547614
-2.337409 2.604002
-2.132259 2.759194
-2.139120 2.758594
-2.324052 2.735663
-2.289464 2.809442
-2.356785 2.589650
-2.209905 2.798048
-2.334544 2.608771
-2.315576 2.743204
-2.298098 2.836601
-2.107964 2.751268
-2.119436 2.752908
-1.617100 3.480583
-1.545966 3.579132
-1.655628 3.612384
-1.598996 3.645231
-1.592709 3.312704
-4.177881 0.767871
-1.435465 3.500622
-1.545433 3.648046
-1.543653 3.667985
-1.254076 3.738255
-1.231532 3.721848
-1.200480 3.506056
-1.249418 3.480884
-1.176121 3.611161
-1.178775 3.608019
-1.169327 3.485569
-2.328204 2.638602
-1.227106 3.469721
-1.362147 3.714852
-1.272552 3.699503
-1.339244 3.612885
-1.343087 3.676039
-1.279558 3.517305
-1.207259 3.606683
-1.189750 3.649079
-1.147851 3.620005
-1.709329 3.548238
-2.220603 3.475072
-1.610089 3.560296
-1.522651 3.207011
-1.403715 3.306128
-1.552800 3.485545
-1.546248 3.524908
-1.215222 3.388391
-1.280788 3.346605
-1.314379 3.570665
-1.379518 3.551335
-1.199804 3.446012
-1.948032 2.867414
-1.238634 3.400753
-1.285815 3.397943
-1.249079 3.393731
-1.261176 3.545594
-1.216637 3.516649
-1.238243 3.568991
-1.223645 3.583133
-1.217479 3.501436
-1.214728 3.489897
-1.198465 3.535866
-1.308013 3.388699
-1.177232 3.487473
-1.578642 3.430793
-1.607122 3.437736
-0.105168 1.456904
-0.045401 1.401826
-0.106502 1.507223
-0.107733 1.525527
-0.070692 1.458084
-0.078065 1.442118
-0.131782 1.550119
-1.256860 3.565045
-0.186283 1.571772
-0.112041 1.411555
-0.119589 1.450190
-0.088191 1.500587
-0.094675 1.483111
-0.203296 1.590752
-0.210214 1.588666
0.124112 1.524786
0.084028 1.501457
-0.065225 1.536325
-3.686880 -1.574654
-1.136946 3.561790
0.009844 1.485900
0.084914 1.444070
0.085130 1.418259
0.057263 1.452177
0.062094 1.421661
0.003351 1.381541
0.054068 1.404467
-0.025978 1.596767
0.041503 1.614939
-0.059843 1.596128
-1.147335 3.629318
0.001070 1.540459
-0.793380 1.731293
-0.764735 1.720194
-0.690211 1.500932
-0.703507 1.481656
-0.595028 1.637509
-0.625691 1.626481
-0.866906 1.777445
-0.817711 1.725616
-0.554628 1.660527
-1.193673 3.601109
-0.421937 1.644635
-0.731236 1.591262
-0.708328 1.606044
-0.093313 0.517277
-0.094100 0.511056
-0.086992 0.471805
-0.118489 0.424557
-0.308510 0.489448
-0.289920 0.481001
-0.095259 0.453175
-1.733238 3.418298
-0.064305 0.429523
0.038295 0.379176
0.037997 0.282209
0.007451 0.112030
-0.081654 0.142819
-0.177656 0.198277
-0.144163 0.153380
-0.104790 0.079943
-0.123881 0.064295
-0.228777 0.210694
-1.436801 3.487633
-0.237298 0.212230
-0.319945 0.184393
-0.214043 0.139522
-0.058529 0.256119
-0.081525 0.096489
-0.137227 0.060586
-0.081914 0.065277
-0.056059 0.427957
-0.054402 0.389358
-0.353489 0.537464
-0.089837 1.498094
-0.295488 0.391502
-0.242459 0.433419
-0.222281 0.380352
-0.120006 0.068538
-0.072335 0.095071
-0.092592 0.329945
-0.103696 0.337116
-0.204289 0.126070
-0.221780 0.156867
-0.073676 0.102851
-0.163315 1.597818
-0.060774 0.148886
-0.138982 0.171680
-0.212034 0.166930
-0.251379 0.100931
-0.221126 0.108944
-0.126097 0.168886
-0.128432 0.101865
-0.132138 0.049133
-0.087613 0.048746
-0.099165 0.532480
0.075874 1.438722
-0.088299 0.521580
2.521894 2.682681
2.473931 2.751687
2.560925 2.534084
2.573621 2.544917
2.504822 2.797009
2.473356 2.781644
2.496048 2.390921
2.508297 2.387153
2.342724 2.611000
-0.021125 1.479274
2.416940 2.540292
2.638315 2.674087
2.620312 2.707294
2.464338 2.456290
2.475610 2.414176
2.667213 2.663472
2.661215 2.685284
2.541434 2.472573
2.536033 2.491777
2.489119 2.684565
0.086010 1.619275
2.538795 2.709639
2.528580 2.760724
2.522795 2.759321
2.490825 2.640986
2.518380 2.554367
2.636954 2.585172
2.666027 2.595752
2.569353 2.511346
2.558213 2.479945
1.914355 2.171095
-3.758115 -1.553822
-0.050662 1.462364
1.973666 2.189299
1.979185 2.327801
1.982699 2.312427
2.062649 2.227942
2.093944 2.259129
1.863579 2.148570
1.880189 2.115111
2.077868 2.186310
2.152771 2.198754
1.846090 2.295313
-0.078780 1.616219
1.863312 2.286039
1.697187 2.872012
1.598138 2.963100
1.976900 3.119258
1.781752 3.188743
1.692694 2.935337
1.630208 3.021490
1.699558 3.224608
1.692482 3.275522
1.578311 3.247690
-0.640254 1.575465
1.638571 3.150895
1.532619 2.973002
1.558736 2.975802
1.518371 3.121405
1.562487 3.077738
1.540524 2.983247
1.508379 2.905263
1.396511 3.227730
1.417866 3.156035
1.298377 3.061916
-2.291914 2.957134
1.457294 3.038546
1.563504 2.933592
1.478145 2.921746
1.411841 3.019747
1.466990 3.081747
1.964830 3.179721
1.849548 3.242661
1.778295 2.986686
1.748198 3.107362
1.819486 3.218600
-0.771356 1.698335
1.842703 3.239013
1.588197 3.044028
1.618722 3.028893
1.738961 3.255874
1.695995 3.242126
1.641811 3.076226
1.671798 3.081703
1.534050 3.087966
1.595445 3.056915
1.532256 3.239033
0.013409 1.365952
1.544172 3.282313
1.451301 3.157828
1.440599 3.131642
1.662895 2.958084
1.467078 3.064244
1.542808 3.008013
1.496226 2.968555
1.830897 2.922509
1.902706 2.968062
3.605309 -0.088298
-0.658384 1.365783
3.599170 -0.094940
3.690251 -0.070830
3.666570 -0.048571
3.646386 -0.135743
3.583622 -0.097922
3.716426 -0.011989
3.706975 -0.037019
3.545952 -0.139558
3.619758 -0.148400
3.825839 -0.208544
-0.330224 0.346627
3.829358 -0.272397
3.765372 -0.175070
3.741611 -0.112471
3.784372 -0.359433
3.777623 -0.326359
3.674973 -0.231813
3.678085 -0.243511
3.644523 -0.309242
3.618211 -0.322086
3.672094 -0.252860
-0.071467 0.212386
3.647743 -0.278900
3.541390 -0.211287
3.629596 -0.262378
3.698479 -0.283724
3.767202 -0.364747
3.707159 -0.075906
3.696830 -0.154805
3.658969 0.590339
3.671197 0.525455
3.615458 0.468464
-0.167604 0.093920
3.569524 0.469735
3.693069 0.308174
3.703409 0.290312
3.668904 0.540921
3.721901 0.494406
3.731375 0.315433
3.731127 0.284230
3.557619 0.451830
3.595353 0.467106
2.880799 0.165586
-3.560627 -1.926429
-0.016554 0.051066
2.857990 0.162560
2.728847 -0.010148
2.661530 0.052728
2.921987 0.304362
2.782836 0.285703
2.668257 0.072449
2.641282 0.065772
2.537050 0.039897
2.598884 0.142317
2.554209 0.231556
-0.226895 0.048515
2.533145 0.209300
2.552791 0.299022
2.620951 0.304189
2.551200 0.375913
2.528298 0.337689
2.360484 0.280001
2.377890 0.311387
2.434176 0.295030
2.462210 0.259715
2.599695 0.282377
-0.071091 0.658494
2.506843 0.328096
2.509860 0.371775
2.539873 0.347149
2.801612 0.077567
2.718212 0.147024
2.881939 0.334392
2.780658 0.258442
2.733527 0.223095
2.695538 0.106007
2.515791 0.361287
-0.088484 0.389396
2.514112 0.340439
2.724424 0.189396
2.725219 0.256281
2.635040 0.326500
2.716114 0.349319
2.585675 0.431870
2.612648 0.329070
2.537279 0.456024
2.557466 0.413257
2.514405 0.459664
2.555140 2.666197
2.522923 0.435062
2.744262 0.368928
2.677978 0.367386
2.500007 0.348125
2.482091 0.400666
2.852582 0.252551
2.765504 0.279790
2.553576 -2.501957
2.541081 -2.513605
2.760216 -2.524947
2.610255 2.557593
2.762552 -2.517651
2.647851 -2.540262
2.593107 -2.498646
2.761585 -2.542293
2.710841 -2.470853
2.610284 -2.457838
2.618961 -2.506332
2.681177 -2.606288
2.641298 -2.636490
2.680539 -2.511117
2.518438 2.549358
2.699461 -2.525992
2.617900 -2.765002
2.611131 -2.753819
2.599562 -2.602726
2.611726 -2.642143
2.461018 -2.680083
2.489807 -2.678813
2.532414 -2.629454
2.491543 -2.589542
2.438426 -2.526889
2.624583 2.716730
2.506774 -2.613907
2.641249 -2.648252
2.643758 -2.721436
2.685987 -2.607910
2.654807 -2.624251
2.991808 -1.821557
2.953297 -1.883067
2.780507 -1.907788
2.752604 -1.879434
2.869703 -2.012975
2.677926 2.629450
2.814293 -2.105332
3.060192 -1.685427
2.988597 -1.815782
2.906224 -2.048491
2.868780 -2.078767
2.890078 -1.837355
2.814284 -1.857360
1.863135 -1.970943
1.913378 -1.968544
1.978557 -1.919632
2.460028 2.530871
1.935372 -1.864933
1.953691 -1.638876
1.865040 -1.629323
1.835660 -1.580570
1.781529 -1.620856
1.478541 -1.661132
1.525732 -1.579134
1.552724 -1.532201
1.654197 -1.492486
1.668257 -1.630787
-3.421127 -1.454959
2.648837 2.574558
1.575392 -1.576676
1.620503 -1.573834
1.614219 -1.632488
1.674239 -1.676893
1.762773 -1.713038
1.739086 -1.490195
1.698417 -1.569021
1.624954 -1.699376
1.593542 -1.629719
1.611089 -1.551251
2.072470 2.287001
1.597917 -1.590176
1.927621 -1.954609
1.849186 -1.905256
1.981194 -1.742898
1.979006 -1.750315
1.915712 -1.819772
1.873300 -1.819270
1.536387 -1.748096
1.541035 -1.799834
1.725573 -1.735876
-0.251432 1.639311
1.644655 -1.694835
1.553703 -1.616452
1.584582 -1.609059
1.644074 -1.759962
1.607259 -1.721698
1.728490 -1.864972
1.707821 -1.875520
1.666827 -1.726356
1.668076 -1.747368
1.708246 -1.764744
1.918923 2.160690
1.656911 -1.704516
1.599243 -1.711775
1.564533 -1.715738
1.827900 -1.948623
1.879586 -2.029460
0.521407 -3.869418
0.534616 -3.824532
0.655057 -3.916418
0.619008 -3.900804
0.500901 -3.910694
2.458444 2.804469
0.463367 -3.930475
0.575129 -3.736657
0.631975 -3.835429
0.566392 -4.015333
0.569883 -3.980819
0.610921 -4.077464
0.595139 -4.076612
0.559810 -3.943131
0.535221 -3.934006
0.559006 -3.971574
1.825383 2.542515
0.542563 -3.966849
0.591518 -3.856497
0.665136 -4.012732
0.752560 -3.944095
0.674131 -4.020296
1.255399 -3.398062
1.164065 -3.431526
0.975362 -3.446846
1.008381 -3.428082
1.310591 -3.407053
1.620950 3.061162
1.243852 -3.467718
1.081756 -3.393384
1.029066 -3.378718
0.163749 -3.001683
0.202723 -2.985292
0.152628 -2.942883
0.188081 -2.947335
0.484451 -3.054981
0.355636 -2.982235
0.215938 -2.875523
1.621890 3.135955
0.233910 -2.878751
0.017988 -2.681498
-0.028315 -2.710316
0.087350 -2.794151
0.087776 -2.795644
-0.114023 -2.812937
-0.114009 -2.828625
-0.059435 -2.859719
0.070806 -2.765556
-0.050235 -2.685184
1.534706 3.041300
-0.086742 -2.713365
-0.131623 -2.781272
-0.066309 -2.805818
-0.007221 -2.926296
-0.073101 -2.768439
-0.149570 -2.826293
-0.166901 -2.821553
0.168535 -3.228345
0.142472 -3.204207
0.377277 -3.105016
1.473915 3.086276
0.259039 -3.070220
0.173791 -3.030785
0.177132 -3.056615
0.027455 -2.985236
0.000290 -2.950372
0.021701 -2.964381
0.016394 -3.027341
-0.022043 -3.048657
-0.059904 -3.093777
-0.085987 -2.950733
-3.237137 -2.043426
1.427798 3.033340
-0.051098 -2.912478
-0.170726 -2.939947
-0.197644 -2.984324
-0.105258 -3.020845
-0.152237 -3.024132
-0.021851 -3.004956
-0.092584 -2.997800
-0.067597 -2.948237
-0.122793 -2.938719
0.149568 -3.175015
1.909731 2.861352
0.202484 -3.212525
-2.512943 -1.932774
-2.529795 -1.913484
-2.385243 -1.975342
-2.408196 -1.955782
-2.319495 -1.883393
-2.336215 -1.803825
-2.326081 -1.929073
-2.321600 -1.917847
-3.184082 0.495838
1.689613 2.877226
-3.223509 0.482459
-3.188305 0.419611
-3.149147 0.442598
-3.041415 0.507055
-3.022830 0.518316
-3.095374 0.427110
-3.045794 0.416164
-1.507853 3.471322
-1.467130 3.605594
-1.471051 3.378982
3.663136 -0.074489
-1.460212 3.378990
-1.399334 3.540333
-1.447503 3.533198
-1.416744 3.398879
-1.422961 3.386431
-0.350074 0.418831
-0.320701 0.428063
-0.337883 0.341165
-0.322260 0.318789
-0.328686 0.353812
3.789189 -0.147243
-0.293649 0.329473
-0.295105 0.251284
-0.309828 0.291071
1.543714 3.232680
1.506171 3.318357
1.625713 3.246587
1.632084 3.302709
1.417424 3.209196
1.392153 3.170626
1.444623 3.266081
3.664437 -0.276394
1.500869 3.315067
2.635752 0.193950
2.593748 0.134670
2.737387 0.206363
2.750103 0.126134
2.449991 0.146461
2.449122 0.150511
2.571944 0.226251
2.623817 0.237931
1.840316 -1.624327
3.781343 -0.281545
1.864795 -1.547118
1.899341 -1.725696
1.957196 -1.690381
1.814470 -1.603662
1.839282 -1.573538
1.838971 -1.778061
1.873440 -1.787435
0.142871 -2.795011
0.165881 -2.724860
0.023290 -2.945170
3.785199 -0.383619
-0.007444 -2.970884
-0.106097 -2.746055
-0.204064 -2.670143
-0.036524 -2.945779
-0.026064 -2.959691
0.797615 -3.915691
0.782457 -3.920645
0.793792 -3.816000
0.767121 -3.816156
0.748603 -3.837579
3.654692 -0.219190
0.687111 -3.913307
0.776845 -3.935192
0.808250 -3.882280
1.063925 -3.544595
0.996820 -3.581630
1.056390 -3.581192
0.993881 -3.666232
-2.459742 -1.924925
-2.488402 -1.880592
-2.481938 -1.940094
3.714780 -0.008745
-2.356264 -1.978218
-2.268183 -1.957991
-2.298113 -1.992498
-2.323416 -1.887842
-2.252937 -1.919179
-3.280465 0.696604
-3.293953 0.736201
-3.335747 0.625917
-3.350436 0.575368
-3.259425 0.570301
