1220 2
0.289199 4.876817
0.220713 4.712379
-0.818129 4.339104
1.224712 -3.245976
0.745464 1.750892
0.709018 1.710927
0.740393 1.716214
-2.668599 2.218021
-2.750177 2.252691
-2.584279 2.037747
-2.557818 2.059923
-2.487469 2.203631
-2.532501 2.144485
-2.695834 2.249559
-1.895486 -2.872915
-2.742501 2.282917
-0.854414 -0.571743
-0.782587 -0.538669
-0.746869 -0.519074
-0.713102 -0.492452
-0.723009 -0.570210
-0.707797 -0.563396
-0.831240 -0.669045
-0.793584 -0.587168
-3.143641 -2.975439
1.192879 -3.257091
-3.170515 -2.982221
-3.301882 -2.958378
-3.325492 -2.962792
-3.342635 -2.853829
-3.345888 -2.854351
-3.271249 -2.803870
-3.350886 -2.902727
0.274555 -3.394047
0.169817 -3.324427
0.290454 -3.508653
1.517027 -3.601742
0.289913 -3.495038
0.196687 -3.452645
0.257547 -3.405539
0.130565 -3.468182
0.157379 -3.447875
1.751788 -1.163822
1.708098 -1.068645
1.938516 -1.106652
1.935473 -1.083329
1.902236 -1.065300
1.023058 -3.229696
1.950599 -1.004619
1.828576 -1.120799
1.793362 -1.131911
3.621203 1.375380
3.579659 1.410965
3.662232 1.275142
3.695794 1.314669
3.679191 1.395787
3.678144 1.379650
3.549338 1.459724
0.341768 -3.106235
3.502030 1.451081
-0.887463 4.039721
-0.873410 4.000486
-1.059290 4.296658
-1.032485 4.243014
0.476218 0.724205
0.480926 0.737134
0.459254 0.877041
0.404664 0.694547
-2.512032 1.960433
0.169495 -3.082811
-2.467752 1.902845
-2.606921 2.060919
-2.543202 2.065624
-0.337546 -0.121440
-0.145914 -0.040389
-0.446146 -0.131857
-0.470035 -0.140645
-3.116688 -2.513999
-3.157085 -2.529016
-2.933988 -2.639405
0.181098 -3.247700
-2.881250 -2.543267
0.263483 -2.895377
0.282349 -2.903911
0.244527 -3.041634
0.279158 -3.012946
1.685613 -0.674366
1.667653 -0.621650
1.286639 -0.526188
1.209378 -0.471915
3.141996 1.021220
0.046862 -3.358722
3.024220 0.982084
3.215489 1.179734
3.175870 1.208020
0.149873 4.064742
0.142281 4.074171
0.148098 4.121353
0.141955 4.124160
0.155792 4.689216
0.058780 4.664439
0.073728 4.080690
0.182016 -3.335578
0.108087 4.176843
-0.934310 4.443453
-0.886835 4.289074
-0.203715 2.235441
-0.293256 2.164369
0.097159 2.763596
0.026068 2.800133
0.524816 1.493784
0.694317 1.597046
-2.897678 1.027234
-0.898008 4.476855
0.740350 -3.409700
-2.767788 0.973171
-2.238928 1.228440
-2.143310 1.197951
-2.874017 2.106081
-2.688145 2.014371
-1.898713 -0.728381
-1.882629 -0.850026
-2.052480 -0.163567
-2.139570 -0.132290
-0.821864 -0.311855
0.446396 -3.348044
-0.824848 -0.369322
-2.043283 -3.098489
-2.061122 -3.212818
-1.984835 -2.362390
-2.042662 -2.451183
-3.000086 -2.792624
-3.170287 -2.785318
1.547319 -3.473987
1.685506 -3.595412
1.205530 -3.200695
3.012447 -1.501742
1.186942 -3.339585
0.248297 -3.255128
0.323185 -3.246226
2.995595 -1.506255
3.033562 -1.389870
2.643893 -2.001751
2.601522 -2.027242
1.804853 -0.970995
1.980626 -0.888375
4.418190 0.488241
3.070892 -1.460920
4.296017 0.442611
3.931999 -0.061340
3.955782 -0.114914
3.417828 1.232422
3.500079 1.118979
-0.972736 4.217480
0.551185 1.587076
-2.915627 1.884372
-0.769925 -0.309805
-3.268098 -2.840389
2.995821 -1.347648
0.352182 -3.060476
2.027166 -0.916340
3.523973 1.301136
4.248438 0.192580
-1.117127 4.320774
0.753640 1.764390
-2.601700 2.167172
-0.740909 -0.596024
-3.328577 -2.925876
0.202749 -3.528048
3.098850 -1.392823
1.789268 -1.168356
3.622691 1.443748
0.271269 0.299067
0.148515 4.077260
0.213829 4.730772
0.075775 4.636947
0.095166 4.084894
0.132794 4.200859
-1.073683 4.448907
-0.931671 4.237309
3.186920 -1.449258
-0.358728 2.328838
-0.347600 2.105803
0.100402 2.751794
0.010259 2.858394
0.453560 1.437270
0.643069 1.609714
-2.937179 0.988760
-2.751309 0.963001
-2.250291 1.274817
-2.136198 1.159199
3.016260 -1.437930
-2.952938 2.165524
-2.686707 1.952994
-1.872145 -0.686601
-1.913751 -0.903437
-2.036133 -0.180658
-2.113540 -0.136365
-0.865581 -0.354903
-0.812673 -0.344564
-2.005467 -3.072827
-2.029094 -3.223223
3.092526 -1.520264
-1.978278 -2.400849
-2.080214 -2.503143
-3.011857 -2.893963
-3.275153 -2.704350
1.651338 -3.531029
1.688419 -3.610719
1.134175 -3.195330
1.140742 -3.341823
0.202003 -3.201723
0.310017 -3.188983
2.709912 -1.855390
3.041071 -1.536241
3.017140 -1.341536
2.676571 -2.009957
2.612401 -2.076797
1.811382 -0.993996
2.070824 -0.881570
4.473734 0.493124
4.271691 0.411582
3.954370 -0.082516
3.938230 -0.130866
-1.020756 4.492334
1.506957 -3.303067
3.403920 1.297697
3.587667 1.133419
-0.967174 4.208702
0.509319 1.553668
-2.996833 1.857647
-0.740709 -0.348148
-3.358306 -2.832452
0.340320 -2.969588
2.066344 -0.979075
3.578784 1.255787
2.646630 -2.029089
4.235743 0.167329
-1.187838 4.275513
0.818626 1.792063
-2.717314 2.017834
-0.662457 -0.620235
-3.385538 -2.937403
0.210789 -3.594877
1.724115 -1.137153
3.626765 1.527147
0.342051 0.234090
2.907620 -1.285728
2.433688 -1.839529
1.834412 -1.029727
1.787718 -0.802144
1.831880 -0.831197
1.791016 -1.049935
1.858619 -0.783838
2.319808 -1.084158
-1.178407 4.401659
2.079094 -0.900251
4.433631 0.534959
4.411381 0.518288
4.337955 0.409818
3.001184 -1.600211
4.288894 0.641535
3.819784 0.183091
3.415503 0.989381
3.463258 1.083469
3.343498 1.092330
-1.114770 4.524508
3.292741 1.169128
3.376024 1.297773
3.872363 0.776940
3.633999 0.938602
-0.766347 4.323624
-0.733968 4.191868
-1.129498 4.615447
-1.164842 4.318690
0.373952 1.528295
0.561100 1.788746
-0.523547 4.608222
0.552812 1.336469
0.642287 1.563358
-3.010901 2.087856
-2.648557 1.844744
-3.028109 2.134948
-2.813580 2.138315
-1.000163 -0.464632
-1.001348 -0.260942
-0.769691 -0.108349
-0.790556 -0.348042
-0.844587 4.580575
-3.071143 -2.952351
-2.963166 -2.626951
-3.112703 -2.967227
-3.299781 -2.756137
0.389689 -3.256932
0.492728 -3.178512
0.185557 -3.187656
0.033530 -3.202042
1.921854 -1.104171
2.013770 -1.223217
-0.202132 2.339235
1.772620 -0.781250
1.975523 -0.879581
3.483426 1.397864
3.566133 0.928175
3.319131 1.413413
3.409092 1.295416
4.231095 0.395535
4.469903 0.375553
4.211511 0.468459
4.371989 0.358449
-0.284537 2.357207
3.977520 0.020021
3.914533 -0.188496
-1.030669 4.547501
-0.748662 4.404858
-1.251134 4.438183
-1.209740 4.306334
0.500893 1.498009
0.517288 1.721558
0.649631 1.637267
0.861583 1.642692
-0.187157 2.065109
-2.892162 2.365973
-2.775037 2.020108
-2.816595 2.263259
-2.614931 2.191757
-0.669573 -0.512121
-0.991642 -0.535408
-0.806340 -0.588920
-0.709570 -0.617876
-3.081347 -2.909753
-3.029719 -2.995893
0.052518 4.569648
-0.289918 2.168201
-3.372896 -2.858430
-3.358268 -2.721464
0.021199 -3.279064
0.417689 -3.383305
-0.009410 -3.372236
0.068207 -3.443258
1.654336 -0.951385
2.028221 -1.122519
1.775264 -1.072372
1.818237 -1.144529
-0.430006 2.172146
3.569046 1.410983
3.661292 1.240279
3.453224 1.496535
3.572255 1.431246
-0.990370 4.447944
0.621252 1.259736
-2.699986 2.132671
-0.578553 -0.196855
-3.103522 -2.594899
0.214891 -3.052774
-0.230048 2.189128
1.734565 -0.746325
3.289117 1.095229
0.129195 4.120937
0.137847 4.795781
0.073929 4.721140
0.190088 4.649410
0.257632 4.806209
0.073738 4.749904
0.026968 4.713065
0.208200 4.576045
-0.310710 2.301251
0.187636 4.517274
-0.057175 4.630962
0.074719 4.652652
0.186947 4.783327
0.171684 4.792299
0.196593 4.615448
0.218374 4.633440
0.113284 4.775110
0.114056 4.761405
0.107624 4.530214
0.081414 2.621092
0.094970 4.534132
0.034431 4.658237
0.034772 4.699376
0.048744 4.712520
0.064591 4.713290
-0.037151 4.598399
0.049016 4.605978
0.119394 4.641878
0.125437 4.688995
0.162745 4.558130
0.155090 4.371278
0.128457 4.547880
-0.041925 4.102607
-0.059832 4.091693
0.083683 4.154879
0.079927 4.134120
0.182960 4.272044
0.170976 4.258262
-0.003314 4.138554
-0.014862 4.141191
-0.813339 4.561272
0.053286 2.880481
-0.786366 4.572622
-0.687589 4.474057
-0.739318 4.421818
-0.688592 4.233411
-0.799434 4.302756
-0.755344 4.405249
-0.748381 4.465075
-0.961562 4.540887
-0.942119 4.512547
-0.930707 4.427872
-0.109374 2.046547
-0.889685 4.411228
-1.097270 4.495518
-1.030176 4.513911
-1.022810 4.427733
-1.014032 4.395710
-1.167335 4.403844
-1.127097 4.359603
-1.147475 4.643762
-1.082364 4.528922
-0.943954 4.557381
0.214106 2.675268
-1.022280 4.498102
-1.112496 4.504268
-1.151901 4.501223
-0.583187 4.419014
-0.687147 4.378695
-0.705174 4.189114
-0.773813 4.213467
-0.731521 4.260758
-0.779741 4.309996
-0.936461 4.404569
0.681520 1.508515
-0.937349 4.325888
-0.785017 4.383594
-0.837408 4.395174
-0.944920 4.503786
-0.893402 4.422636
-0.982976 4.364898
-0.926030 4.370066
-1.222255 4.259022
-1.090827 4.265243
-1.125526 4.401909
0.129778 4.782646
0.651297 1.422445
-1.051399 4.470672
-1.010461 4.501523
-1.051776 4.464174
-1.059874 4.423572
-1.072686 4.368854
-0.686118 4.546371
-0.609391 4.578574
-0.114448 2.251173
-0.096395 2.154694
-0.245862 2.272778
0.767055 1.425160
-0.240065 2.301071
-0.225410 2.152800
-0.175970 2.140738
-0.272085 2.401344
-0.266900 2.414793
-0.147086 2.159727
-0.209428 2.199248
-0.278586 2.219027
-0.292263 2.195455
-0.188737 2.327660
0.796795 1.490446
-0.236149 2.391129
-0.362885 2.178452
-0.295272 2.156836
-0.263444 2.230988
-0.188279 2.202521
-0.179169 2.021811
-0.181024 2.010941
-0.254764 2.115508
-0.168986 2.068992
-0.055537 1.997007
0.727567 1.448747
-0.234146 2.125439
-0.336410 2.227285
-0.391039 2.209488
-0.248853 2.355825
-0.233536 2.341752
0.099509 2.958482
0.094238 2.869667
0.127291 2.691459
0.152279 2.729354
-0.014255 2.722967
0.199509 1.827691
-0.023467 2.611261
0.089742 3.001922
0.075609 2.906725
-0.036087 2.746217
-0.052543 2.690711
0.099451 2.808275
0.134766 2.755527
0.337621 1.672655
0.361974 1.604310
0.395717 1.715539
0.463495 1.569635
0.427263 1.668106
0.510199 1.847517
0.544078 1.799766
0.382073 1.520360
0.458255 1.604779
0.528274 1.421648
0.545950 1.421178
0.624947 1.359741
0.606592 1.325079
0.699752 1.440494
-3.034578 0.908816
0.742894 1.465385
0.655606 1.286313
0.576969 1.256919
0.602917 1.566096
0.601342 1.566682
0.557405 1.381277
0.580282 1.418822
0.520401 1.425248
0.533536 1.409682
0.756158 1.425235
-2.917222 0.920677
0.689341 1.479712
0.446140 1.777278
0.491211 1.766687
0.626886 1.839932
0.635593 1.761715
0.542985 1.803847
0.600636 1.707872
0.735424 1.438945
0.719192 1.428338
0.630315 1.572194
-2.699661 1.033858
0.684142 1.478415
0.795903 1.426935
0.756158 1.446355
0.698099 1.430128
0.705412 1.430061
0.841512 1.623975
0.797066 1.638258
0.764905 1.590267
0.779120 1.584449
0.699181 1.488443
-2.892484 1.012153
0.773182 1.476023
0.713634 1.409796
0.805087 1.420017
0.471471 1.656953
0.428580 1.718172
-2.989060 1.042218
-2.932813 1.102037
-2.911922 0.922567
-2.914345 0.918356
-2.931978 1.095998
0.152173 4.737406
-2.789229 0.851914
-2.947866 1.099335
-2.705435 0.905669
-2.712326 0.955271
-2.919338 1.166130
-2.916523 1.048719
-2.940839 0.948668
-2.942660 0.985498
-2.809394 0.983961
-2.796218 0.982818
-2.797548 0.925773
-2.934364 1.029617
-2.840910 1.014809
-2.691523 0.969388
-2.661536 0.964270
-2.769942 1.111176
-2.800095 1.101292
-2.862145 1.052304
-2.837533 1.059310
-2.852367 1.168147
-2.865637 1.043774
-2.832664 0.882587
-2.789938 0.879324
-2.797314 0.885871
-2.724139 0.913639
-2.686150 0.935075
-2.122979 1.270512
-2.160808 1.260620
-2.301235 1.348814
-2.260022 1.326790
-2.293246 1.150398
-2.351718 1.102660
-1.972823 1.285109
-2.314135 1.247559
-2.063292 1.222025
-2.256846 1.069421
-2.251732 1.045550
-2.181617 1.272154
-2.208231 1.304717
-2.908634 1.828233
-2.934876 1.833510
-2.873552 1.945084
-2.882177 2.028534
-2.588507 1.755435
-0.217027 2.431898
-2.675830 1.838350
-2.918691 2.096788
-2.862994 2.061463
-2.945904 2.328815
-2.934251 2.301461
-2.814367 2.273151
-2.715034 2.210140
-2.841381 2.200803
-2.850623 2.281468
-2.851212 2.177764
-2.134766 1.207587
-2.851444 2.136169
-2.863013 2.215083
-2.886052 2.191862
-2.958018 2.149421
-2.898090 2.170878
-2.871314 2.002299
-2.834058 2.113560
-2.838654 2.158755
-2.781459 2.165377
-2.705719 1.904295
-2.886309 1.135480
-2.712610 1.940572
-2.565073 1.825631
-2.583191 1.892101
-2.674338 1.972013
-2.639792 2.009376
-2.682722 2.099785
-2.662101 2.100768
-2.800996 2.164731
-2.800471 2.213636
-2.724150 2.236373
-2.303332 1.401792
-2.685699 2.157518
-2.734502 2.103144
-2.652903 2.079724
-2.677471 2.158173
-2.759070 2.146803
-2.716766 2.021859
-2.693334 2.013433
-2.769637 2.017106
-2.712870 2.103310
-2.711321 2.058857
-2.675384 2.094075
-2.667422 2.090837
-2.814097 1.776181
-2.800091 1.721373
-1.816232 -0.696974
-1.788294 -0.677331
-1.941871 -0.733953
-1.950116 -0.699036
-1.750708 -0.774861
-1.740625 -0.727184
-1.954154 -0.714282
-2.881420 2.313490
-1.991978 -0.707642
-1.694866 -0.668792
-1.797425 -0.700781
-1.929962 -0.816232
-1.889727 -0.859482
-1.982360 -0.736635
-1.951580 -0.747741
-1.921585 -0.924613
-1.901904 -0.926430
-1.969240 -0.777135
0.110073 4.585273
-2.731967 2.164506
-1.963877 -0.802433
-1.797978 -0.825828
-1.742948 -0.807219
-1.786778 -0.829175
-1.776814 -0.832466
-1.777725 -0.844056
-1.837841 -0.860462
-1.901583 -0.847459
-1.898592 -0.855177
-2.006399 -0.777457
-2.681980 2.186563
-2.010695 -0.815266
-2.192319 0.099326
-2.099334 -0.123294
-1.952691 -0.184576
-1.920126 -0.168512
-2.078793 -0.285493
-2.042098 -0.292509
-2.173932 -0.046984
-2.148237 -0.109941
-2.127633 -0.226711
-2.843446 2.128868
-2.134512 -0.309819
-2.059031 -0.128535
-2.047600 -0.132912
-1.087325 -0.436586
-1.093102 -0.440427
-1.139009 -0.591535
-1.058087 -0.542777
-1.087303 -0.234139
-1.050900 -0.229041
-0.962187 -0.467185
-2.857874 1.605482
-0.952289 -0.485604
-0.652631 -0.408652
-0.640012 -0.342243
-0.637873 -0.253161
-0.739775 -0.218056
-0.686786 -0.362373
-0.705637 -0.387242
-0.641872 -0.258997
-0.620857 -0.275497
-0.878241 -0.462439
-2.861878 1.882131
-0.832572 -0.411031
-0.812643 -0.167175
-0.784997 -0.210553
-0.856367 -0.216620
-0.761024 -0.183138
-0.740169 -0.308346
-0.806621 -0.452583
-1.002606 -0.561766
-0.965247 -0.539686
-0.993183 -0.245472
-1.930259 -0.645725
-0.940799 -0.239900
-1.007182 -0.437646
-1.016775 -0.518642
-0.636973 -0.234257
-0.612593 -0.251798
-0.795333 -0.471085
-0.691963 -0.454614
-0.614279 -0.283727
-0.687730 -0.214489
-0.669826 -0.200696
-2.030886 -0.805133
-0.604306 -0.313256
-0.765645 -0.471394
-0.808410 -0.465798
-0.766477 -0.149404
-0.795245 -0.192236
-0.752878 -0.334141
-0.706485 -0.280587
-0.743546 -0.210518
-0.646267 -0.398796
-1.048850 -0.421250
-1.853963 -0.825850
-1.078840 -0.437626
-2.073240 -3.121057
-2.111318 -3.142403
-1.967319 -3.091780
-1.979019 -3.101761
-2.138404 -3.264345
-2.170993 -3.230208
-1.924108 -2.975882
-1.893212 -2.941746
-2.165823 -2.995890
-1.851158 -0.876484
-2.053891 -3.057366
-1.995782 -3.119961
-2.057236 -3.235896
-1.997575 -3.016335
-1.944404 -2.982034
-2.037562 -3.322560
-2.047459 -3.314237
-1.952913 -3.036476
-1.974344 -3.105302
-2.132313 -3.233053
-1.893344 -0.932520
-2.146828 -3.260890
-2.149565 -3.267302
-2.156417 -3.243302
-2.203122 -3.071990
-2.049428 -3.130101
-1.952013 -3.104574
-1.982395 -3.206632
-1.886366 -3.122288
-1.894079 -3.049890
-1.974410 -2.288933
0.175639 4.668871
-1.852021 -0.776228
-1.978260 -2.334115
-2.082521 -2.425243
-2.084543 -2.419256
-1.955015 -2.481779
-1.951195 -2.559836
-2.010817 -2.175069
-2.010407 -2.284795
-1.947183 -2.614123
-1.949482 -2.635201
-2.097420 -2.443921
-1.948594 -0.769769
-2.138250 -2.463048
-2.793154 -2.773223
-2.845036 -2.855018
-2.895107 -2.989694
-2.946327 -2.963696
-2.868807 -2.597440
-2.927091 -2.626622
-2.997219 -2.983011
-2.962826 -2.904886
-3.009860 -2.850162
-2.009452 -0.262647
-2.946848 -2.761339
-3.070610 -2.611983
-3.074420 -2.597813
-3.135514 -2.797819
-3.014812 -2.758934
-2.982541 -2.737180
-2.938263 -2.682947
-3.267828 -2.844725
-3.268271 -2.835588
-3.126915 -2.934075
-2.547440 0.942340
-3.074833 -2.873556
-3.011039 -2.621913
-3.100428 -2.624264
-3.036489 -2.826530
-3.016756 -2.761908
-2.967745 -2.996340
-3.028429 -2.967189
-2.786202 -2.535553
-2.945139 -2.568076
-3.099591 -2.933444
-2.111831 -0.143073
-3.096369 -2.924375
-3.125810 -2.677540
-3.141429 -2.664592
-3.011971 -2.924158
-3.073735 -2.827792
-2.981906 -2.758872
-3.075811 -2.726840
-3.209721 -2.642995
-3.127971 -2.656779
-3.317031 -2.766146
-1.664615 -0.742216
-3.301989 -2.785010
-3.225724 -2.767469
-3.171633 -2.835233
-2.978518 -2.739283
-3.095840 -2.744104
-3.184603 -2.627597
-3.211919 -2.647136
-2.982712 -2.750346
-2.824661 -2.807420
1.537746 -3.547783
-1.872850 -0.152816
1.561969 -3.533053
1.534534 -3.466887
1.556734 -3.447051
1.611149 -3.600116
1.595811 -3.605062
1.608766 -3.349454
1.579198 -3.380434
1.328198 -3.492066
1.435691 -3.496307
1.679237 -3.523976
-0.826200 -0.146952
1.692035 -3.544293
1.555566 -3.429605
1.631850 -3.386311
1.723823 -3.609777
1.726203 -3.612003
1.606129 -3.479588
1.631031 -3.504302
1.632678 -3.606818
1.658579 -3.655772
1.628288 -3.634907
-0.638662 -0.391694
1.590320 -3.618889
1.420472 -3.523602
1.468027 -3.530450
1.594380 -3.607877
1.731469 -3.713002
1.602022 -3.347031
1.656823 -3.387695
1.109361 -3.189724
1.186291 -3.210201
1.076348 -3.176709
-0.622050 -0.265508
1.101145 -3.179573
1.312525 -3.247566
1.316640 -3.218491
1.064116 -3.341600
1.134260 -3.312196
1.350836 -3.322871
1.349123 -3.323414
1.176128 -3.317617
1.110502 -3.287964
0.566508 -3.371836
-0.006918 4.078754
-0.697201 -0.543092
0.576146 -3.366058
0.562676 -3.387501
0.482404 -3.395334
0.466388 -3.246098
0.411642 -3.204989
0.428127 -3.371895
0.346095 -3.347950
0.092759 -3.172466
0.110321 -3.092211
0.197777 -3.018350
-0.736553 -0.182246
0.283097 -3.065992
0.097770 -3.211406
0.120206 -3.219083
0.202436 -3.142276
0.189203 -3.084921
0.036736 -3.311341
0.080872 -3.254119
0.249760 -3.328301
0.200386 -3.248349
0.268115 -3.186403
-1.236826 -0.516136
0.190110 -3.229044
0.166864 -3.317256
0.142642 -3.315650
0.479927 -3.372529
0.390911 -3.383164
0.580473 -3.203713
0.527225 -3.213271
0.421514 -3.323845
0.419740 -3.349812
0.265440 -3.085892
-1.007184 -0.368623
0.241663 -3.067069
0.295154 -3.165612
0.284124 -3.162589
0.224356 -3.109742
0.248342 -3.114610
0.159318 -3.078875
0.218558 -3.038040
0.050503 -3.347912
0.018929 -3.295473
0.131993 -3.263144
-1.994286 -3.101752
0.168098 -3.279971
0.326292 -3.346568
0.190379 -3.303238
0.149637 -3.212770
0.112628 -3.215888
0.575651 -3.333280
0.548432 -3.347729
2.940882 -1.410830
2.880040 -1.378245
3.058513 -1.505880
-1.956518 -3.017143
3.082802 -1.488137
3.073084 -1.429778
2.985670 -1.394059
3.025043 -1.627689
3.013566 -1.628252
2.921138 -1.439722
2.924971 -1.468536
3.055115 -1.438304
3.081832 -1.442104
3.004633 -1.593646
-2.069694 -3.188906
2.963822 -1.617417
3.146166 -1.394253
3.137991 -1.417283
3.048079 -1.485390
3.055272 -1.470904
2.988345 -1.331987
2.938083 -1.294220
3.041563 -1.280644
2.970121 -1.273608
2.972007 -1.343369
-2.066868 -3.289204
3.038208 -1.379547
3.110105 -1.464860
3.136603 -1.467956
2.986469 -1.577410
2.966873 -1.570378
2.545024 -2.144369
2.612957 -2.068350
2.553610 -1.896847
2.557600 -1.911548
2.715522 -1.947826
-2.013687 -3.308617
2.778778 -1.843127
2.573873 -2.145228
2.602134 -2.094932
2.672491 -2.006999
2.789960 -1.867101
2.547750 -1.983399
2.491053 -1.937649
2.088861 -1.000288
2.160952 -1.080590
2.014531 -1.126502
-2.046569 -3.071927
1.971684 -1.180956
1.964962 -1.232839
1.965238 -1.226167
1.966076 -1.095056
1.951686 -1.099863
1.699149 -0.910361
1.701824 -0.883801
1.726653 -0.830190
1.696179 -0.898363
1.800834 -0.905825
-0.037734 4.707559
-1.930903 -3.109836
1.799100 -0.890576
1.713826 -0.827609
1.700734 -0.789202
1.824211 -0.978865
1.856541 -0.978674
1.827029 -0.832961
1.809548 -0.811988
1.787225 -0.815547
1.747067 -0.815530
1.802768 -0.902351
-1.998284 -2.477951
1.821552 -0.938007
2.194496 -1.041477
2.161491 -1.002461
2.083137 -1.277834
2.058279 -1.257388
2.049284 -1.167174
2.040846 -1.112288
1.853871 -0.782453
1.908299 -0.766561
1.911091 -0.831461
-2.021450 -0.709111
1.879255 -0.801660
1.826841 -0.808073
1.873231 -0.877708
1.914542 -0.854921
1.770793 -0.765766
2.006639 -0.902593
1.984897 -0.862914
1.900614 -0.808806
1.988320 -0.816012
1.982459 -0.789531
-1.969706 -2.316860
1.948861 -0.770999
1.822335 -0.715605
1.858972 -0.825431
2.245101 -1.000624
2.240768 -1.021751
4.386390 0.543811
4.404394 0.554415
4.373270 0.436112
4.419908 0.473132
4.413822 0.549906
-2.242477 -3.194899
4.400175 0.606988
4.140898 0.597045
4.263618 0.513096
4.500609 0.447860
4.496728 0.519795
4.346450 0.439439
4.420641 0.530790
4.258999 0.524629
4.266326 0.565666
4.340144 0.549708
-2.172620 -2.442616
4.317169 0.535939
4.107076 0.519608
4.219592 0.479510
4.287325 0.428533
4.346381 0.424304
3.880542 -0.188095
3.870540 -0.114822
3.885996 0.042766
3.863821 0.068801
3.882418 -0.280512
-3.027274 -2.631347
3.930850 -0.240470
3.889407 -0.003692
3.883899 0.044866
3.695286 0.906547
3.707618 0.888050
3.684696 1.181523
3.581761 1.236075
3.622620 0.802481
3.527275 1.012670
3.565830 1.337560
-3.005169 -2.777171
3.560825 1.344875
3.472185 1.237183
3.481235 1.218722
3.374213 1.108047
3.391201 1.037206
3.343793 1.167769
3.375863 1.127368
3.218221 1.117172
3.250508 1.129794
3.401184 1.405810
-3.018667 -2.766531
3.398740 1.401903
3.317309 1.338381
3.324713 1.317134
3.422431 1.119823
3.391043 1.214123
3.306226 1.185915
3.283068 1.201358
3.755892 1.118850
3.687539 1.146857
3.595137 0.913292
-3.262587 -2.678835
3.583418 0.908458
3.651313 1.151544
3.705851 1.176423
3.357950 1.085939
3.346407 1.054214
3.529580 1.105439
3.514085 1.058849
3.392441 1.056910
3.410859 0.991642
3.377492 1.105319
-0.243046 4.149260
-3.133847 -2.782925
3.379927 1.011675
3.544103 1.357691
3.476438 1.265129
3.419400 1.261483
3.392334 1.287062
3.492856 1.094779
3.469516 1.150537
3.406775 1.132495
3.305698 1.098379
3.744852 0.877367
-2.513224 -2.933206
3.792296 0.862605
-0.804142 4.219553
-0.851328 4.299371
-0.891736 4.142240
-0.931688 4.173295
-1.130473 4.262088
-1.101000 4.458417
-1.009856 4.239733
-0.930139 4.227334
0.497098 1.572589
-2.922661 -2.676959
0.454271 1.532106
0.614045 1.645972
0.608978 1.665551
0.525272 1.546062
0.491860 1.480655
0.626316 1.594001
0.616075 1.612991
-2.872226 1.936297
-2.989410 2.002518
-2.769263 1.874262
1.548191 -3.502760
-2.802722 1.914312
-2.947253 2.098540
-3.017714 2.083382
-2.852641 1.950740
-2.896129 1.891733
-0.887813 -0.354841
-0.889167 -0.382042
-0.741200 -0.301517
-0.711666 -0.314024
-0.787849 -0.273464
1.671281 -3.491836
-0.772300 -0.243431
-0.761737 -0.347172
-0.760758 -0.361685
-3.072631 -2.730286
-3.152073 -2.840648
-3.201722 -2.753811
-3.332363 -2.842246
-3.161943 -2.925355
-3.150353 -2.923538
-3.330211 -2.804039
1.640278 -3.520061
-3.284035 -2.780286
0.389718 -3.161311
0.348227 -3.243753
0.467876 -3.161379
0.368946 -3.092362
0.267293 -3.148262
0.260495 -3.094842
0.161554 -3.130382
0.286105 -3.115109
1.970474 -1.076571
1.723825 -3.578519
1.911728 -1.055826
2.062310 -0.989646
2.073007 -0.954466
1.911264 -0.889104
1.822402 -0.825615
2.052136 -0.853527
2.062873 -0.892273
3.434630 1.243486
3.405260 1.319995
3.497137 1.025283
1.736879 -3.697154
3.562833 1.128263
3.430266 1.332916
3.471143 1.352948
3.483491 1.239876
3.562669 1.236815
4.206914 0.375838
4.221337 0.341431
4.389876 0.281803
4.401022 0.226648
4.310499 0.365571
1.487069 -3.481526
4.381197 0.347398
4.291412 0.293344
4.285658 0.264803
4.032720 -0.050071
4.039141 0.011922
3.990829 -0.105353
4.075149 -0.011010
-0.992401 4.465858
-1.023812 4.494497
-0.876462 4.303358
1.605277 -3.378058
-0.894988 4.378886
-1.180811 4.232819
-1.077304 4.225809
-1.165087 4.359291
-1.209911 4.409309
0.599974 1.704346
0.567697 1.626812
0.640766 1.777604
0.767325 1.797033
0.781843 1.703057
