1220 2
-2.631071 2.894054
-2.576921 3.130288
-2.273193 1.870688
-3.160325 -1.567746
-0.218339 -0.163327
-0.191613 -0.060544
-0.253490 0.070385
2.421444 -0.953463
2.440012 -0.910894
2.256443 -0.998857
2.272441 -1.065970
2.226767 -1.092928
2.184096 -1.067045
2.258467 -1.067122
1.099320 3.739544
2.430774 -1.044570
2.421121 2.051498
2.412421 1.988883
2.513412 2.041857
2.545947 2.039509
2.564006 1.943212
2.584739 1.964026
2.617442 1.840022
2.559858 1.845729
0.010759 3.284585
-3.046521 -1.635616
-0.082374 3.309345
0.119782 3.343424
0.084923 3.336067
0.085266 3.350595
-0.001254 3.376240
-0.101748 3.295874
-0.088706 3.238731
-3.618462 -0.494761
-3.574013 -0.456875
-3.620765 -0.632242
-3.670393 -1.747124
-3.655823 -0.614252
-3.532089 -0.595875
-3.592256 -0.553981
-3.529772 -0.467723
-3.567519 -0.457369
-1.190687 -2.264939
-1.085560 -2.176966
-1.084346 -2.325384
-1.120279 -2.315934
-1.075371 -2.266948
-3.137143 -1.359967
-1.108443 -2.270491
-1.124063 -2.197331
-1.047284 -2.151829
1.246488 -3.812889
1.278483 -3.746742
1.164169 -3.919716
1.257883 -3.869694
1.282510 -3.754034
1.209949 -3.767265
1.291886 -3.699322
-3.462206 -0.566875
1.255867 -3.668560
-2.156216 1.559488
-1.799568 1.059325
-2.309722 1.429343
-2.242800 1.377416
-0.730358 -0.051692
-0.747058 -0.006792
-0.739408 0.068874
-0.773602 0.040406
2.090909 -1.103700
-3.367336 -0.407121
2.161334 -1.109466
2.336938 -1.012391
2.348590 -0.998371
2.187716 1.843554
2.162584 1.803817
2.261989 1.769475
2.313961 1.738605
0.034611 2.711289
0.095046 2.712965
-0.055523 2.779335
-3.264248 -0.540330
-0.082567 2.700284
-2.269026 -0.315125
-2.166804 -0.297091
-3.039097 -0.390670
-3.026382 -0.393316
-1.193693 -1.708397
-1.194054 -1.544473
-1.254069 -1.854744
-1.303615 -1.721253
1.066217 -3.632498
-3.264039 -0.572326
0.977307 -3.624710
0.996791 -3.422676
0.993818 -3.416359
-2.072452 3.011022
-2.105689 2.968485
-2.087199 3.010242
-2.101240 3.008624
-2.644844 2.955381
-2.684475 2.983883
-2.157560 2.927505
-3.220287 -0.576360
-2.150120 2.951905
-2.489736 1.727677
-2.244702 1.783261
0.690686 0.414976
0.820777 0.460543
0.124183 0.958842
0.232263 0.897488
-0.327365 0.094301
-0.274675 -0.044073
3.127744 -0.165552
-2.426448 1.702831
-3.481318 -1.215150
3.103471 -0.200808
2.440591 0.014562
2.458704 0.073109
2.506746 -1.070248
2.313910 -1.117232
3.042061 2.860805
2.950893 2.916012
3.320537 2.247232
3.250621 2.371245
2.489094 1.823132
-3.291813 -0.776913
2.552788 1.918494
0.859854 3.777678
0.889210 3.923265
1.327667 3.446079
1.424879 3.478561
0.037913 3.046865
0.166830 3.170310
-3.593728 -1.909517
-3.537880 -1.817533
-3.078932 -1.589684
-1.585080 -3.518459
-3.030466 -1.631815
-3.423559 -0.480453
-3.395408 -0.661770
-1.676776 -3.463470
-1.455161 -3.482167
-2.090833 -2.994627
-2.073532 -2.967040
-1.333603 -2.117778
-1.283302 -2.352139
0.340218 -4.650090
-1.753392 -3.536689
0.424340 -4.599927
-0.097141 -4.097095
-0.168176 -4.273443
1.056793 -3.635997
0.987063 -3.816062
-2.368017 1.901120
-0.275790 0.019668
2.525118 -1.134091
2.635008 1.736874
0.258166 3.035859
-1.450841 -3.581518
-3.537644 -0.445855
-1.451809 -2.219311
0.841909 -3.629174
0.179288 -4.517229
-2.520453 1.717569
-0.166142 -0.087306
2.277212 -1.003500
2.560159 2.008001
-0.036444 3.350916
-3.633016 -0.545980
-1.541173 -3.531189
-1.059054 -2.239570
1.325931 -3.791519
-1.083908 0.067268
-2.066289 3.019152
-2.712497 2.981584
-2.710253 2.982023
-2.159680 2.991043
-2.157644 3.004875
-2.538850 1.713940
-2.227056 1.844376
-1.491440 -3.605164
0.631030 0.368495
0.930159 0.559321
0.095526 0.951191
0.237439 0.907841
-0.316119 0.150438
-0.336591 -0.174871
3.129987 -0.188879
3.132354 -0.218514
2.449267 -0.017093
2.433951 0.123904
-1.574813 -3.396433
2.516661 -0.963071
2.281676 -1.138467
3.145028 2.836723
2.992257 2.933938
3.333284 2.218501
3.262591 2.394817
2.561901 1.876069
2.463120 1.985551
0.827452 3.835133
0.870023 3.964267
-1.602735 -3.510186
1.343237 3.452036
1.461513 3.491409
0.075319 3.081551
0.279840 3.166167
-3.620768 -1.891652
-3.564167 -1.863921
-3.078025 -1.610995
-2.982372 -1.564607
-3.477417 -0.519158
-3.447113 -0.690966
-1.969364 -3.051165
-1.683776 -3.464286
-1.447856 -3.480368
-2.093163 -3.020910
-2.054382 -2.975962
-1.384542 -2.117936
-1.315048 -2.243758
0.335233 -4.683353
0.468279 -4.570908
-0.092395 -4.092736
-0.183218 -4.257207
-2.228456 1.594453
-3.301864 -1.905728
1.037420 -3.581646
0.984040 -3.855125
-2.410567 1.830765
-0.219758 -0.020455
2.548866 -1.197430
2.593682 1.715873
0.307213 2.982472
-3.554416 -0.380087
-1.473928 -2.172959
0.842307 -3.577165
-2.141804 -2.955091
0.157692 -4.517354
-2.566210 1.851179
-0.184992 -0.101277
2.281343 -0.994150
2.597036 2.061934
-0.077631 3.337847
-3.703614 -0.540079
-1.031985 -2.235066
1.382940 -3.775705
-1.009227 0.108871
-1.482042 -3.333697
-1.888018 -2.768943
-1.436164 -2.180361
-1.304986 -2.147557
-1.269750 -2.165216
-1.129655 -2.140419
-1.269329 -2.197916
-1.333747 -2.757245
-2.343762 1.609425
-1.261221 -2.560644
0.454828 -4.742070
0.464503 -4.732852
0.416221 -4.729673
-1.620829 -3.475671
0.547149 -4.579151
0.222198 -3.992374
0.859208 -3.580922
1.083194 -3.808811
1.107623 -3.633190
-2.255234 1.589337
1.301439 -3.743030
0.973820 -3.755523
0.683430 -4.211535
0.878393 -3.970941
-2.594485 1.918258
-2.295678 1.981407
-2.483870 1.753305
-2.292824 1.739602
-0.112686 0.139741
-0.238800 0.235433
-2.507755 2.324182
-0.384582 -0.058894
-0.391372 -0.154517
2.633603 -1.025354
2.352759 -0.918280
2.630775 -1.284035
2.391144 -1.271386
2.522488 1.822569
2.731395 1.935937
2.528942 1.642269
2.523649 1.724051
-2.361963 1.826449
0.177137 3.057654
0.343653 3.114794
-0.057864 2.998992
0.047314 3.115857
-3.614077 -0.450041
-3.453422 -0.840821
-3.433106 -0.447534
-3.462170 -0.532325
-1.557119 -2.212591
-1.525655 -2.355936
0.761581 0.426804
-1.486556 -2.023761
-1.268749 -2.226313
0.883811 -3.725770
0.745780 -3.790425
0.987179 -3.623504
1.048833 -3.584177
0.440851 -4.475005
0.256325 -4.745087
0.378123 -4.551332
0.283009 -4.656203
0.767203 0.486581
-0.000942 -4.156777
-0.190195 -4.188119
-2.667940 1.750225
-2.498749 1.940882
-2.606916 1.657101
-2.340025 1.792187
-0.259324 0.120097
-0.060434 0.018591
-0.323196 0.035690
-0.322842 -0.210308
0.735354 0.453661
2.510884 -0.915823
2.501305 -0.873131
2.521351 -1.189207
2.186198 -1.197649
2.257976 1.906034
2.451944 2.075490
2.508834 1.710997
2.622095 1.803471
-0.190165 3.208882
0.190275 3.328911
-2.605003 2.953819
0.830683 0.408068
-0.137041 3.243192
-0.052118 3.306886
-3.525894 -0.336422
-3.591280 -0.695303
-3.589344 -0.377360
-3.405113 -0.576816
-1.083033 -2.096206
-1.333591 -2.396107
-1.077195 -2.161102
-1.028937 -2.252520
0.861760 0.524660
1.258211 -3.801520
1.001522 -3.982625
1.203360 -3.551063
1.330131 -3.731876
-2.303571 1.572672
-0.563982 0.009108
2.310998 -1.195269
2.333943 1.854683
-0.027131 2.930218
-3.194454 -0.417375
0.681701 0.497196
-1.217712 -2.081676
1.119221 -3.589352
-2.126327 2.966900
-2.722137 2.883076
-2.724673 2.871255
-2.580509 2.914952
-2.643662 2.978853
-2.782121 2.954911
-2.775342 2.922154
-2.562313 2.998920
0.842697 0.581356
-2.556667 2.986385
-2.621542 2.802614
-2.577590 2.843717
-2.736492 3.049240
-2.750424 3.048356
-2.491495 2.972224
-2.514740 3.039707
-2.763311 3.067793
-2.765998 3.062145
-2.486666 2.969482
0.192187 0.843830
-2.480549 2.943515
-2.738322 2.970093
-2.761653 2.979892
-2.785533 2.991972
-2.780523 2.979625
-2.594162 2.746407
-2.636770 2.878458
-2.646209 2.975689
-2.672431 3.002351
-2.547099 2.985846
-2.418542 2.979792
-2.569184 2.996655
-2.169463 2.823967
-2.154672 2.780143
-2.247804 2.918394
-2.242304 2.932222
-2.239586 2.991320
-2.247650 3.021829
-2.119741 2.851102
-2.117819 2.822200
-2.477098 2.112648
0.205779 0.941306
-2.489497 2.127819
-2.592623 2.004694
-2.567880 1.938380
-2.356135 2.023337
-2.308815 1.953648
-2.562237 1.895406
-2.554687 1.834221
-2.608957 1.736386
-2.529905 1.734974
-2.444559 1.614968
0.620320 0.271797
-2.407245 1.658084
-2.262463 1.624989
-2.302252 1.628742
-2.357379 1.581195
-2.369344 1.569036
-2.544392 1.658310
-2.496472 1.623878
-2.477999 1.581062
-2.437848 1.603717
-2.406774 1.671362
0.045316 0.729692
-2.316914 1.604067
-2.273134 1.551559
-2.327676 1.564688
-2.466184 2.051824
-2.442023 1.964983
-2.198216 2.057314
-2.236169 1.985451
-2.361129 1.929795
-2.424062 1.950823
-2.240668 1.618487
-0.448584 0.189495
-2.230103 1.582659
-2.491001 1.763049
-2.432652 1.720199
-2.213077 1.647581
-2.205549 1.672998
-2.239652 1.735061
-2.292559 1.725698
-2.212334 1.856475
-2.241480 1.789507
-2.185591 1.699675
-2.815566 3.064503
-0.351957 0.060195
-2.172931 1.675152
-2.262365 1.720512
-2.211650 1.679095
-2.307271 1.608306
-2.334322 1.563982
-2.347490 1.909590
-2.369293 1.959822
0.650311 0.310858
0.645542 0.261424
0.692619 0.520093
-0.486622 0.056295
0.809759 0.488259
0.734594 0.318787
0.695688 0.320654
0.761145 0.588962
0.735489 0.561455
0.580225 0.400752
0.622121 0.440308
0.816641 0.445574
0.803165 0.399478
0.693190 0.522311
-0.365379 -0.137591
0.714246 0.525645
0.860319 0.482913
0.822001 0.442624
0.765712 0.549251
0.755677 0.532023
0.696756 0.371727
0.763999 0.398092
0.774502 0.342424
0.756789 0.369036
0.677980 0.450834
-0.472134 -0.043531
0.709495 0.454444
0.849985 0.557388
0.872239 0.535261
0.835171 0.574081
0.830449 0.573730
0.090286 1.023764
0.130007 0.980051
0.113263 0.828255
0.085529 0.829190
0.222410 0.922796
0.036965 0.226962
0.307461 0.855568
0.163157 0.985787
0.224278 0.925787
0.381382 0.842209
0.457283 0.811305
0.148552 0.843862
0.158129 0.842263
-0.107745 0.234316
-0.071674 0.225164
0.158292 0.179584
-0.172585 0.156863
-0.078934 0.112932
-0.147880 0.389214
-0.280030 0.245084
-0.101069 0.101506
-0.070497 0.071109
-0.345395 0.212447
-0.340530 0.214037
-0.470677 0.144859
-0.503190 0.135665
-0.458414 0.045808
3.156713 -0.215186
-0.394152 0.101864
-0.532134 0.108062
-0.461635 0.074022
-0.334423 -0.050458
-0.356352 0.021537
-0.407729 -0.004861
-0.406266 0.016772
-0.437741 0.098437
-0.494378 -0.012590
-0.462388 -0.002830
3.128729 -0.022260
-0.416230 -0.027912
0.144501 0.046329
-0.067001 -0.005094
-0.211803 0.149376
-0.182062 0.143451
-0.149412 0.016250
-0.160479 -0.023169
-0.498800 -0.010545
-0.498215 -0.035535
-0.231134 0.052461
3.081171 -0.301971
-0.288974 0.044387
-0.438812 0.086359
-0.460041 0.050636
-0.460466 -0.099693
-0.412276 -0.042908
-0.354449 -0.226533
-0.357081 -0.170856
-0.391388 -0.127468
-0.411234 -0.094494
-0.348454 0.081086
3.207661 -0.192346
-0.406449 0.067700
-0.450598 -0.068159
-0.435882 -0.099742
-0.086212 0.090525
-0.048316 0.110357
3.109364 -0.271168
3.096959 -0.275001
3.085938 -0.098264
3.119623 -0.118907
3.124176 -0.289704
-2.734389 3.040217
3.275578 -0.131830
3.056323 -0.344807
3.027499 -0.088133
3.018229 -0.065890
2.992575 -0.392646
3.052126 -0.316977
3.196104 -0.105440
3.195503 -0.149174
2.985215 -0.097194
3.047837 -0.026808
3.203148 -0.147790
3.039715 -0.196399
3.175729 -0.143504
3.021460 -0.158599
3.043682 -0.130211
3.079965 -0.314489
3.096923 -0.308373
3.175610 -0.256791
3.127394 -0.278003
3.023277 -0.310496
3.051612 -0.237742
3.132620 -0.174497
3.159840 -0.103584
3.175686 -0.177892
2.990826 -0.088319
3.015800 -0.106074
2.324153 0.088350
2.366861 0.071262
2.435673 -0.113804
2.420094 -0.094644
2.593598 0.013662
2.592595 -0.020514
2.345366 0.130517
2.526104 -0.075466
2.407182 0.105295
2.528042 0.086122
2.613479 0.072593
2.407597 -0.019150
2.388768 -0.068544
2.686179 -0.888831
2.639124 -0.907863
2.607485 -0.839545
2.563968 -0.893587
2.398171 -0.812604
0.658901 0.674816
2.386835 -0.932473
2.594848 -0.920880
2.540827 -0.971776
2.497884 -1.029138
2.461570 -1.076260
2.432821 -1.163448
2.350027 -1.005603
2.421296 -1.191012
2.390298 -1.165343
2.346753 -1.140687
2.414369 0.094264
2.369110 -1.124166
2.539900 -1.283802
2.518178 -1.281525
2.566121 -1.301767
2.554599 -1.290508
2.462157 -1.135271
2.474373 -1.208777
2.367276 -1.280253
2.346002 -1.281967
2.601993 -0.745581
3.040697 -0.375377
2.549703 -0.842442
2.324876 -0.823231
2.336961 -0.950481
2.376671 -0.976302
2.421464 -0.955514
2.342097 -1.225416
2.330734 -1.208267
2.419028 -1.076588
2.431701 -1.138234
2.314364 -1.230706
2.402187 -0.138656
2.258758 -1.172401
2.319450 -1.192584
2.291409 -1.173849
2.285553 -1.282259
2.320075 -1.259793
2.442608 -1.305092
2.427088 -1.265173
2.408808 -1.194682
2.372459 -1.278103
2.245721 -1.255367
2.286766 -0.938537
2.246427 -1.244282
2.659415 -0.933595
2.702533 -0.864025
3.013785 2.905142
2.977483 2.914110
3.046776 2.998648
3.056541 2.959649
2.999089 2.913800
2.941238 2.892872
3.082062 2.882612
2.418542 -1.132506
3.080771 2.782643
2.939614 2.749650
2.968829 2.772971
3.115384 2.967661
3.071097 2.980420
3.093583 2.758555
3.126344 2.731270
2.977411 3.046252
3.001214 3.068945
3.008289 2.795495
-2.575187 2.890398
2.337801 -1.254807
3.024306 2.756951
2.897325 2.904779
2.879521 2.901090
2.912564 2.955017
2.901285 2.913851
2.842426 2.662148
2.868075 2.762950
2.984908 2.934782
2.993883 2.998152
3.041225 2.847632
2.203129 -1.259353
3.000443 2.841392
3.371780 2.219289
3.355317 2.249226
3.256320 2.155960
3.253752 2.165792
3.298987 2.331309
3.284190 2.357078
3.299281 2.236176
3.306488 2.307029
3.232634 2.456966
2.464612 -1.356377
3.195597 2.537897
3.249690 2.253528
3.251117 2.290901
2.619193 2.225241
2.602171 2.158753
2.428137 2.045057
2.461335 2.060746
2.831794 1.958315
2.806283 1.950529
2.429714 2.012219
2.818211 -0.681963
2.438654 1.958054
2.271231 1.797187
2.290501 1.773483
2.361567 1.826301
2.447885 1.905486
2.471720 1.725256
2.373716 1.741573
2.435376 1.761228
2.403794 1.804175
2.485461 1.672942
2.614819 -1.029366
2.483897 1.678596
2.378414 1.702860
2.357055 1.705102
2.382430 1.933696
2.388300 1.859409
2.467430 1.722152
2.583292 1.662086
2.515624 2.161288
2.502238 2.110288
2.868315 2.018557
3.114471 2.944777
2.766677 1.982768
2.605824 2.090527
2.575039 2.068068
2.392209 1.851296
2.374752 1.882699
2.382600 1.976119
2.308422 1.880380
2.394698 1.856501
2.520653 1.866522
2.400767 1.876462
3.155289 2.940827
2.307877 1.816454
2.637337 1.759744
2.631121 1.786908
2.377761 1.831218
2.436237 1.831442
2.512034 1.891184
2.529270 1.891074
2.374577 1.828855
2.416130 1.810806
2.639249 2.250528
2.985410 2.816621
2.617020 2.191424
0.712529 3.775511
0.713426 3.837302
0.907647 3.901377
0.900324 3.899533
0.753143 3.825685
0.724736 3.810235
1.012171 3.826790
1.015822 3.801979
0.807680 3.687108
3.015527 3.057497
0.853218 3.757209
0.799318 3.823704
0.798271 3.849188
0.941861 3.759957
0.922964 3.766510
0.830812 3.958746
0.815695 3.977793
0.999029 3.878206
1.014338 3.866561
0.777552 3.884772
2.992023 3.048697
0.762125 3.878733
0.748035 3.918333
0.720155 3.870947
0.883527 3.823486
0.920918 3.850746
0.926762 3.957405
0.903366 3.971083
1.009753 3.866590
1.012022 3.858575
1.566843 3.407632
-2.610548 2.997300
2.948856 2.791243
1.527640 3.420668
1.189343 3.393132
1.227407 3.397653
1.287426 3.562233
1.226416 3.583012
1.600700 3.444483
1.549302 3.484958
1.408423 3.565912
1.312735 3.608704
1.313141 3.389164
3.034879 2.950928
1.322985 3.427121
0.241026 3.058767
0.266886 3.094238
0.241017 3.409421
0.158087 3.298527
0.468501 3.112009
0.336663 3.064310
0.159426 3.181721
0.119641 3.208076
-0.139173 3.114498
3.312655 2.261813
-0.118315 3.030791
-0.038166 2.938838
-0.011378 2.944671
0.050580 2.969321
0.021410 2.926796
0.037478 2.966737
-0.004919 3.054617
-0.092995 3.093227
-0.061790 3.049093
-0.032240 3.048018
2.916047 -0.032840
-0.021065 3.061530
0.047523 2.916327
0.016192 2.962554
-0.060263 3.055479
-0.075856 3.163433
0.277278 3.381379
0.211843 3.316247
0.381952 3.206535
0.359263 3.198995
0.322798 3.310851
3.319760 2.285301
0.251024 3.247977
0.087648 2.968257
0.088195 2.974019
0.128574 3.220545
0.159979 3.190467
0.154545 3.082829
0.177149 3.062771
-0.020304 3.064623
-0.025987 3.045594
0.057892 3.266411
2.912686 2.881647
0.108514 3.218552
0.026996 3.164127
-0.004439 3.138696
0.157931 3.051884
0.109245 3.063117
-0.056189 3.015285
-0.082798 3.127424
0.316108 3.114583
0.356415 3.203879
-3.693174 -1.901077
3.080471 2.082255
-3.677951 -1.845282
-3.549742 -1.885924
-3.615674 -1.907023
-3.741033 -1.909617
-3.685671 -1.874221
-3.414005 -1.925203
-3.435597 -1.927442
-3.554936 -1.646801
-3.557498 -1.766624
-3.699050 -1.988212
2.564075 1.906876
-3.743114 -2.003946
-3.485737 -1.870429
-3.502378 -1.977141
-3.654717 -1.881331
-3.643320 -1.890907
-3.410646 -1.860526
-3.416241 -1.870460
-3.557905 -1.807445
-3.585016 -1.814198
-3.685356 -1.828469
2.272732 1.806617
-3.707301 -1.784293
-3.521203 -1.602687
-3.501159 -1.764066
-3.508639 -1.804575
-3.619836 -1.865672
-3.425848 -1.897979
-3.400272 -1.898258
-3.027535 -1.595708
-3.047145 -1.602433
-3.139664 -1.497933
2.464200 1.757614
-3.154701 -1.469738
-3.107750 -1.651189
-3.131610 -1.635019
-2.959690 -1.592722
-2.992851 -1.625784
-3.123490 -1.762600
-3.181525 -1.804215
-3.054259 -1.487720
-3.075035 -1.466447
-3.384278 -0.736482
-2.204791 2.869321
2.581767 1.713826
-3.452297 -0.736435
-3.602549 -0.682700
-3.623623 -0.639104
-3.357723 -0.861368
-3.394517 -0.859023
-3.562689 -0.546705
-3.561783 -0.551678
-3.442836 -0.376805
-3.459087 -0.371452
-3.340987 -0.387181
2.363417 1.739831
-3.400442 -0.393186
-3.301795 -0.421560
-3.357448 -0.427884
-3.255492 -0.420649
-3.266237 -0.414562
-3.484728 -0.429072
-3.454709 -0.492913
-3.273524 -0.497927
-3.274374 -0.477838
-3.253969 -0.487595
2.714095 2.397360
-3.237933 -0.502509
-3.197754 -0.512299
-3.187522 -0.512777
-3.545386 -0.798077
-3.548446 -0.765859
-3.324707 -0.953144
-3.378407 -0.850774
-3.484787 -0.772335
-3.498952 -0.750686
-3.233083 -0.573518
2.569755 2.120802
-3.194155 -0.511727
-3.377228 -0.643960
-3.353396 -0.601759
-3.306203 -0.500612
-3.306668 -0.594996
-3.295771 -0.524261
-3.264505 -0.405745
-3.346988 -0.652237
-3.338119 -0.702657
-3.326106 -0.623532
0.759470 3.819806
-3.259303 -0.650722
-3.292380 -0.667247
-3.282707 -0.622605
-3.198176 -0.620756
-3.234665 -0.648569
-3.372721 -0.900992
-3.373879 -0.911597
-1.632159 -3.387203
-1.631102 -3.411809
-1.650326 -3.489276
0.880981 3.747225
-1.606912 -3.530474
-1.537873 -3.426306
-1.538841 -3.389779
-1.679966 -3.489425
-1.730165 -3.497982
-1.564959 -3.324415
-1.658017 -3.390499
-1.678281 -3.562459
-1.647586 -3.568555
-1.678833 -3.439060
0.871691 3.955516
-1.709520 -3.476988
-1.476267 -3.563665
-1.461408 -3.538294
-1.534579 -3.453591
-1.505777 -3.541449
-1.435321 -3.468950
-1.422195 -3.472030
-1.460675 -3.462985
-1.455116 -3.439733
-1.506535 -3.346693
0.768523 3.922124
-1.443195 -3.395599
-1.539982 -3.469577
-1.528183 -3.558748
-1.578537 -3.495579
-1.568925 -3.488661
-2.256243 -2.898220
-2.167165 -2.989211
-1.982040 -2.910553
-1.917966 -2.831924
-2.074540 -3.041492
0.852346 4.002396
-1.923234 -3.155761
-2.217374 -2.879822
-2.129637 -2.948674
-2.038805 -3.054786
-1.944536 -3.139971
-2.007679 -2.861930
-1.968528 -2.830042
-1.300927 -2.577663
-1.316743 -2.614932
-1.404962 -2.357316
0.896972 3.833538
-1.429481 -2.309862
-1.622012 -2.438128
-1.558414 -2.365705
-1.471494 -2.324782
-1.424299 -2.313476
-1.219412 -2.069340
-1.237394 -2.047611
-1.295166 -2.085049
-1.375097 -2.076012
-1.293532 -2.035955
-2.765715 2.851153
0.961086 3.933265
-1.308718 -2.066122
-1.239621 -2.008104
-1.275751 -2.033405
-1.168403 -2.211926
-1.096070 -2.218263
-1.391213 -2.091271
-1.459060 -1.998547
-1.347798 -2.148294
-1.328588 -2.113878
-1.335889 -2.140011
1.184255 3.458756
-1.211672 -2.076709
-1.339413 -2.552035
-1.312556 -2.452228
-1.607480 -2.490946
-1.426728 -2.352670
-1.389412 -2.455731
-1.359869 -2.440276
-1.177150 -2.239841
-1.148919 -2.198599
-1.285213 -2.303908
3.083637 2.719404
-1.253452 -2.257304
-1.345028 -2.176373
-1.368708 -2.181679
-1.238366 -2.253796
-1.243433 -2.122296
-1.101564 -2.323505
-1.164310 -2.300508
-1.205204 -2.294061
-1.228303 -2.306203
-1.268682 -2.459796
1.512234 3.467343
-1.250786 -2.312155
-1.198954 -2.141452
-1.147012 -2.122892
-1.286078 -2.610145
-1.300572 -2.640672
0.503865 -4.662206
0.448679 -4.655342
0.327297 -4.643894
0.364191 -4.725842
0.470675 -4.738437
0.668460 3.822878
0.468098 -4.675984
0.428225 -4.486419
0.364939 -4.541341
0.407912 -4.796468
0.415407 -4.756238
0.475010 -4.681358
0.524052 -4.648874
0.484254 -4.524400
0.501313 -4.515494
0.554378 -4.619987
1.099896 3.323703
0.561444 -4.584693
0.497283 -4.459758
0.463779 -4.507371
0.359285 -4.613212
0.351565 -4.655329
-0.274234 -4.103636
-0.194556 -4.118538
0.002663 -4.107878
-0.013095 -4.083001
-0.309363 -4.156680
0.181206 2.988817
-0.227789 -4.205006
-0.102035 -4.164809
-0.031048 -4.150199
0.799698 -4.047960
0.732945 -4.100208
0.993977 -4.023489
1.005550 -4.016311
0.730784 -3.752230
0.734196 -3.743348
0.991913 -3.857472
-0.043537 2.986381
0.981911 -3.830236
1.151887 -3.747376
1.116438 -3.711902
1.074738 -3.578483
1.039883 -3.536510
1.061107 -3.583000
1.043444 -3.643508
1.131854 -3.587336
1.161783 -3.579467
1.141596 -3.501090
0.052798 3.006061
1.044705 -3.499762
0.999676 -3.681037
0.976141 -3.704968
1.106251 -3.641882
1.116107 -3.629686
1.114965 -3.635303
1.204464 -3.575343
0.962986 -4.040092
0.979039 -4.008569
0.714164 -3.860786
-0.134204 3.266640
0.754913 -3.837320
0.915400 -3.889735
0.986843 -3.960960
1.127689 -3.713048
1.071764 -3.706134
1.102293 -3.851649
1.082216 -3.904503
1.028626 -3.766807
0.975018 -3.707471
1.135983 -3.579809
-2.163133 2.666097
-0.026535 3.051095
1.097044 -3.721825
1.187142 -3.727650
1.063988 -3.781996
0.958064 -3.816421
0.999061 -3.785544
1.045121 -3.790597
1.023038 -3.763514
1.093140 -3.807564
1.204503 -3.771925
0.813498 -4.063920
0.401349 3.216145
0.823769 -4.063624
-2.431501 1.897358
-2.498331 1.845946
-2.253434 1.929062
-2.224908 1.868941
-2.400725 1.838245
-2.434522 1.816463
-2.191314 1.817133
-2.196746 1.816089
-0.198803 0.193200
0.234627 3.033650
-0.178695 0.141292
-0.258983 0.062680
-0.217615 -0.053738
-0.294402 -0.046395
-0.312767 -0.001840
-0.321183 -0.147073
-0.262840 -0.107797
2.520812 -1.038020
2.609421 -1.103984
2.363053 -1.003263
-3.648794 -1.920868
2.310015 -1.118651
2.538942 -1.161278
2.579142 -1.159648
2.425897 -1.164179
2.413207 -1.138525
2.642784 1.820502
2.547393 1.803373
2.681032 1.825651
2.673184 1.791200
2.562830 1.705303
-3.613246 -2.001338
2.571550 1.657378
2.571529 1.830533
2.592865 1.815698
0.239753 3.037719
0.239564 3.021204
0.299450 3.131886
0.290332 3.166337
0.071697 3.038836
0.038218 3.021129
0.196747 3.067191
-3.471225 -1.855963
0.257012 3.085171
-3.564881 -0.435650
-3.566554 -0.429202
-3.525662 -0.680516
-3.503825 -0.655253
-3.518851 -0.425225
-3.507915 -0.419383
-3.481069 -0.470835
-3.501644 -0.514243
-1.477465 -2.170209
-3.729734 -1.938013
-1.558687 -2.167296
-1.436593 -2.277226
-1.444777 -2.245561
-1.414240 -2.142324
-1.467943 -2.114448
-1.295607 -2.292520
-1.392004 -2.320086
0.821015 -3.685344
0.857063 -3.646008
0.797320 -3.682252
-3.640487 -1.895745
0.803932 -3.661184
0.908079 -3.554391
0.950988 -3.586071
0.931763 -3.644879
0.901452 -3.664798
0.313071 -4.536240
0.369766 -4.547975
0.246279 -4.645703
0.249628 -4.643080
0.268537 -4.589273
-3.518416 -1.775360
0.248785 -4.637860
0.321182 -4.597584
0.314508 -4.565036
-0.059053 -4.242651
0.010768 -4.209660
-0.116373 -4.327707
-0.045704 -4.364546
-2.582477 1.758347
-2.621189 1.744566
-2.404875 1.826398
-3.475327 -1.930135
-2.394483 1.826677
-2.370235 1.776886
-2.401748 1.790453
-2.546865 1.697043
-2.594809 1.668455
-0.174541 0.029485
-0.185071 0.069268
-0.129476 -0.112327
-0.181529 -0.112681
-0.267265 -0.172564
