900 2
-0.706929 1.114004
-0.709606 0.933504
-0.605167 0.806917
3.138810 0.498311
3.179218 0.567923
2.992564 0.690619
2.894858 0.642870
2.986752 0.778402
3.082857 0.495213
2.923759 0.478147
3.049082 0.506219
3.075566 0.611408
3.117254 0.746180
-0.818979 0.860960
3.052424 0.483713
3.049796 0.588739
2.897085 0.556089
3.025919 0.570844
3.064447 0.393573
3.216202 0.645245
3.096368 0.631796
2.972340 0.707289
3.206416 0.614576
2.986859 0.560439
-0.653887 1.089429
2.900769 0.564525
3.043085 0.452615
3.181596 0.676394
3.135118 0.662038
3.150975 0.517473
3.100746 0.825077
3.026026 0.594293
3.023432 0.477042
2.834422 0.498963
2.828867 0.711781
-0.712611 1.099293
3.118640 0.555052
2.922463 0.632037
3.116508 0.600530
3.081551 0.739584
3.135464 0.540800
2.916879 0.491029
2.895754 0.677939
3.067367 0.619447
3.168463 0.518072
2.935215 0.702405
-0.689025 0.897992
3.070961 0.587795
2.912226 0.482065
3.031796 0.576884
2.905410 0.459174
3.142428 0.411228
3.132180 0.731918
3.099930 0.663803
3.023100 0.768466
3.089298 0.693753
3.111154 0.648686
-0.635795 0.792476
3.116889 0.722054
3.093370 0.413965
3.065124 0.739213
2.984036 0.712428
2.867498 0.604642
3.170148 0.714816
2.844546 0.859510
2.961855 0.629164
2.949069 0.612620
3.102814 0.593440
-0.852134 1.078810
3.131536 0.637555
2.963176 0.485386
3.139200 0.616492
3.033570 0.516163
3.164088 0.613078
3.124169 0.466146
3.007138 0.523036
2.996004 0.763072
2.960234 0.611816
3.214468 0.678107
-0.621508 0.994443
2.894814 0.699427
3.023500 0.701037
3.023048 0.593323
2.977522 0.679658
3.165933 0.569017
3.068391 0.655678
2.946409 0.708484
2.942340 0.556290
3.177633 0.505740
3.184081 0.489394
-0.847885 0.814688
2.932441 0.567477
3.043392 0.529205
3.088557 0.503855
2.862716 0.478743
2.921507 0.681730
3.080172 0.646966
2.863615 0.501048
3.006430 0.784882
3.155719 0.456701
3.138856 0.623722
-0.763429 0.874712
2.985302 0.670538
3.006517 0.642916
3.036765 0.538719
3.089935 0.441330
3.133288 0.694091
3.251743 0.583821
3.162316 0.625855
3.215865 0.697122
3.026571 0.508679
3.145971 0.532499
-0.700382 1.038345
-0.664975 0.967307
2.118593 1.991284
2.246933 2.096252
2.090722 2.064785
1.977425 2.078118
2.110593 2.038593
1.971586 1.936598
2.012759 2.140402
2.022016 2.053696
2.054604 2.099108
1.988889 1.991363
-0.812700 0.885806
1.980641 2.156592
2.170602 2.083071
2.146872 1.922430
2.090205 2.006692
2.052930 1.844860
1.997197 2.038164
2.254733 2.003314
2.012396 2.118561
1.923704 1.844398
1.958934 1.964272
-0.753343 0.875309
2.077389 1.836177
2.148560 2.190328
1.954313 2.046633
2.144218 1.931113
1.980496 2.022167
2.091687 2.137172
2.091419 1.999854
2.041058 1.882576
1.988151 2.115292
1.897246 1.952744
-0.639412 0.985244
1.893104 2.015109
2.068516 2.114077
1.965281 2.114556
2.089427 1.994258
2.078397 1.851275
2.085941 2.128466
2.062937 2.078625
2.119473 2.107367
2.016462 2.010651
2.134171 1.919934
-0.722532 0.998395
1.906672 1.981666
1.957637 1.933676
2.168129 2.072659
1.940219 2.038904
2.011115 1.982666
2.106399 1.913936
1.918534 1.994688
2.064091 2.040580
2.043099 2.124255
2.063945 2.200055
-0.828553 0.870082
1.874471 1.991731
2.078975 1.956463
1.935563 1.961214
2.018904 2.129754
1.872221 2.209131
2.006224 1.901213
2.186091 1.959961
2.151711 1.815670
2.103767 1.974316
2.146817 2.043049
-0.573695 0.981512
2.021317 2.045250
2.126785 2.168283
2.070836 2.112277
2.008114 2.191827
2.042269 2.087411
2.043805 2.022809
2.126645 2.106519
1.968648 2.134864
1.985084 1.990499
2.105369 2.162522
-0.562228 0.946371
2.043917 2.049971
2.206471 1.969320
2.008546 1.857542
1.891087 1.929348
2.045076 2.151887
2.113253 2.106305
2.081134 1.910425
2.202350 2.139130
1.916327 2.024958
2.049232 1.878208
-0.802484 0.888750
1.831041 1.920871
2.008874 2.085471
2.166168 2.086486
2.228302 1.853300
2.173513 1.881990
2.157519 2.231520
2.016462 1.908653
1.997919 1.960886
1.947471 2.004075
1.872670 1.968352
-0.624813 0.995748
2.158775 1.951723
1.845141 1.838831
1.962541 2.072857
2.055207 2.017584
2.048903 1.957867
2.004559 1.867027
1.956006 1.876605
2.080929 2.002372
2.009145 2.014671
2.204872 2.048888
-0.809125 0.886159
-0.857370 1.054088
0.651058 -2.699241
0.723505 -2.595325
0.699222 -2.640247
0.661424 -2.596502
0.872477 -2.648683
0.712872 -2.621894
0.814677 -2.597979
0.906326 -2.686769
0.833687 -2.586479
0.927838 -2.934183
-0.861349 0.757170
0.858153 -2.618019
0.778891 -2.652628
0.817680 -2.683156
0.767314 -2.739499
0.760164 -2.527200
0.634754 -2.737105
0.787307 -2.740235
0.885424 -2.773438
0.659022 -2.745934
0.666833 -2.776192
-0.627569 1.012300
0.860594 -2.657225
0.593753 -2.601197
0.813673 -2.648578
0.788771 -2.763257
0.592620 -2.737647
0.818758 -2.726691
0.624061 -2.770218
0.834922 -2.797568
0.721378 -2.711595
0.721298 -2.553535
-0.664623 0.786951
0.778721 -2.623008
0.911032 -2.631838
0.836833 -2.683332
0.663483 -2.765876
0.871168 -2.815903
0.686560 -2.613818
0.612933 -2.674282
0.596278 -2.814500
0.625294 -2.754584
0.674848 -2.785189
-0.715044 0.866574
0.819523 -2.616493
0.832707 -2.732192
0.602501 -2.760006
0.654099 -2.810103
0.713922 -2.750122
0.731606 -2.703746
0.640364 -2.792169
0.699485 -2.567726
0.843484 -2.748598
0.606259 -2.891481
-0.778928 0.906521
0.922072 -2.669068
0.592145 -2.696172
0.687729 -2.721800
0.746826 -2.780676
0.849666 -2.787297
0.728556 -2.692672
0.832936 -2.557881
0.700876 -2.687531
0.706948 -2.645895
0.736472 -2.735897
-0.786732 1.038488
0.639386 -2.615451
0.926101 -2.667513
0.718934 -2.766784
0.775706 -2.734131
0.898650 -2.725095
0.840589 -2.744544
0.619219 -2.617739
0.815235 -2.712271
0.819412 -2.562856
0.804284 -2.862628
-0.724095 0.725909
0.671413 -2.790862
0.722240 -2.811162
0.665693 -2.562910
0.564919 -2.708033
0.752102 -2.769324
0.668049 -2.724799
0.583397 -2.822886
0.855630 -2.495435
0.657451 -2.718269
0.797206 -2.585157
-0.855204 0.850684
0.773669 -2.667212
0.879684 -2.650603
0.631976 -2.675813
0.751784 -2.836458
0.712534 -2.940252
0.712999 -2.723619
0.802097 -2.684207
0.806713 -2.917477
0.687321 -2.803173
0.697061 -2.715251
-0.757717 0.841730
0.925805 -2.765065
0.680108 -2.817400
0.930474 -2.739677
0.701340 -2.671406
0.680635 -2.655847
0.722303 -2.796458
0.674541 -2.812014
0.745616 -2.861739
0.779235 -2.709999
0.941987 -2.575866
-0.807321 0.764978
-0.786796 0.964476
1.653601 -1.407817
1.811788 -1.341256
1.783332 -1.221179
1.909943 -1.294791
1.755644 -1.487262
1.634675 -1.379123
1.765080 -1.304699
1.891926 -1.424853
1.770342 -1.309555
1.839002 -1.398472
-0.796761 0.938092
1.727979 -1.227280
1.684157 -1.391592
1.829349 -1.508131
1.653597 -1.377435
1.720994 -1.429076
1.876551 -1.374290
1.831964 -1.356328
1.827520 -1.344082
1.861479 -1.430460
1.709051 -1.363559
-0.905829 0.897524
1.702232 -1.359742
1.816875 -1.429781
1.940560 -1.300224
1.769312 -1.591655
1.730753 -1.305135
1.776815 -1.248697
1.706026 -1.339301
1.712104 -1.461640
1.836641 -1.229918
1.743073 -1.432963
-0.830255 0.983774
1.642011 -1.392014
1.818678 -1.289993
1.920766 -1.402928
1.700945 -1.253204
1.888409 -1.391544
1.791669 -1.346449
1.774703 -1.240636
1.775589 -1.288127
1.600671 -1.391259
1.884977 -1.411105
-0.752927 0.903943
1.884823 -1.478639
1.871671 -1.212932
1.663167 -1.525097
1.647274 -1.397917
1.715340 -1.518058
1.857521 -1.251089
1.663004 -1.361421
1.838535 -1.305434
1.771610 -1.129140
1.860250 -1.255081
-0.687172 0.957003
1.801179 -1.203623
1.820368 -1.213821
1.716464 -1.215536
1.887111 -1.473644
1.957915 -1.329934
1.644183 -1.329015
1.948984 -1.219139
1.811842 -1.313955
1.742426 -1.393342
1.671192 -1.357346
-0.767653 0.724755
1.805875 -1.246070
1.762364 -1.404662
1.923112 -1.183907
1.799265 -1.493099
1.765993 -1.315309
1.654490 -1.260201
1.846044 -1.355182
1.828923 -1.166419
1.688790 -1.431873
1.732146 -1.303897
-0.653487 1.000246
1.747538 -1.270493
1.867028 -1.371628
1.795187 -1.332149
1.617876 -1.426471
1.929989 -1.371291
1.619551 -1.420322
1.780185 -1.088576
1.811323 -1.282744
1.979826 -1.240903
1.756830 -1.132786
-0.667402 0.831472
1.907342 -1.376599
1.719548 -1.502291
1.609041 -1.533463
1.767222 -1.221004
1.801792 -1.445034
1.742818 -1.367366
1.983511 -1.500890
1.795675 -1.270429
1.850058 -1.358558
1.651189 -1.355981
-0.708909 0.791970
1.874935 -1.320529
1.660036 -1.321406
1.781606 -1.463118
1.722813 -1.394306
1.753428 -1.542116
1.590292 -1.335353
1.688715 -1.350641
1.937889 -1.417331
1.553436 -1.445395
1.919241 -1.449582
-0.739433 0.957350
-0.749532 0.939288
1.217443 0.696064
1.066609 0.683823
1.434524 0.783597
1.269893 0.544913
1.345471 0.603233
1.209988 0.677849
1.211263 0.599001
1.364082 0.552924
1.221699 0.510492
1.278790 0.734214
-0.845151 0.823198
1.110137 0.555020
1.126242 0.662638
1.186226 0.476755
1.205773 0.519047
1.179572 0.398287
1.324348 0.531000
1.224539 0.712124
1.262221 0.716842
1.145684 0.591151
1.242953 0.599007
-0.894654 0.860712
1.264675 0.581912
1.049337 0.585195
1.180598 0.779540
1.232212 0.687063
1.223129 0.843395
1.167777 0.723445
1.303760 0.582739
1.355492 0.711554
1.140792 0.637447
1.205659 0.501827
-0.921450 0.723181
1.099314 0.644540
1.256388 0.510863
1.140476 0.723834
1.041871 0.568824
1.175038 0.686277
1.278032 0.735435
1.316751 0.594841
1.251274 0.642545
1.366553 0.630719
1.210889 0.525010
-0.878791 0.867590
1.211875 0.718767
1.184832 0.768884
1.137856 0.530111
1.246403 0.771102
1.215883 0.580822
1.186973 0.703230
1.149259 0.643034
1.232004 0.525028
1.332952 0.779587
1.347350 0.720657
-0.715114 0.992669
1.416212 0.633837
1.393757 0.730264
1.249026 0.641388
1.197350 0.656541
1.155361 0.803155
1.225067 0.583500
1.235274 0.647282
1.155560 0.595401
1.080466 0.653999
1.204547 0.342447
-0.669661 0.809253
1.350536 0.770989
1.136747 0.738706
1.202695 0.561257
1.365516 0.654456
1.175447 0.617247
1.011150 0.653357
1.042602 0.661440
1.184114 0.537905
1.228974 0.669679
1.094207 0.631155
-0.761959 0.768460
1.045002 0.648770
1.200149 0.633543
1.304755 0.798040
1.273621 0.708332
1.292161 0.767682
0.980825 0.641868
1.215811 0.686638
1.242881 0.626644
1.291697 0.664302
1.333389 0.661844
-0.609158 0.917412
1.280274 0.587718
1.162871 0.653112
1.369675 0.779992
1.160741 0.483139
1.121962 0.722389
1.166894 0.607140
1.023129 0.450214
1.108726 0.690337
1.232788 0.451948
1.175311 0.636272
-0.670010 0.981203
1.189217 0.568735
1.134164 0.445943
1.345266 0.653271
1.148355 0.587208
1.367537 0.680324
1.221334 0.607017
1.139768 0.738817
1.104715 0.705189
1.058486 0.602931
1.120339 0.573390
-0.678365 1.037618
-0.710837 0.803828
2.531461 -3.362751
2.324224 -3.474431
2.428146 -3.414831
2.469946 -3.396383
2.438908 -3.584521
2.652201 -3.352911
2.560675 -3.367483
2.587529 -3.288861
2.385808 -3.328459
2.520426 -3.364954
-0.671650 0.915933
2.288772 -3.312487
2.491882 -3.423757
2.546069 -3.501083
2.457113 -3.519314
2.589926 -3.442507
2.416858 -3.320934
2.516455 -3.482146
2.351240 -3.507133
2.288405 -3.451032
2.486944 -3.502335
-0.756260 1.010227
2.558733 -3.320168
2.461553 -3.458018
2.506040 -3.449939
2.437994 -3.279736
2.461750 -3.177638
2.394026 -3.353672
2.434264 -3.273977
2.684523 -3.425395
2.460219 -3.532807
2.632959 -3.301612
-0.734270 0.916834
2.332889 -3.348911
2.436103 -3.368083
2.421080 -3.515126
2.547183 -3.517792
2.598479 -3.238979
2.290228 -3.489568
2.488449 -3.380211
2.406974 -3.325808
2.573686 -3.493431
2.391197 -3.338365
-0.646733 1.001005
2.476860 -3.521170
2.393611 -3.338291
2.652524 -3.245399
2.585376 -3.317679
2.473673 -3.479057
2.375010 -3.353983
2.377885 -3.558318
2.437564 -3.383870
2.450487 -3.542997
2.516554 -3.518300
-0.744787 1.040406
2.552392 -3.300030
2.594924 -3.319444
2.582633 -3.369431
2.613080 -3.330045
2.445346 -3.276232
2.588236 -3.437646
2.441343 -3.442405
2.629642 -3.389858
2.400345 -3.560921
2.599655 -3.476225
-0.568180 0.675135
2.581580 -3.355965
2.581647 -3.388252
2.577281 -3.493769
2.584638 -3.404773
2.404586 -3.399086
2.523767 -3.397309
2.401531 -3.325369
2.573165 -3.293587
2.557580 -3.458595
2.388117 -3.473730
-0.742580 0.953177
2.458469 -3.528501
2.469858 -3.293807
2.364271 -3.498427
2.639766 -3.387506
2.576340 -3.411152
2.486471 -3.299236
2.446391 -3.506738
2.548235 -3.283080
2.510860 -3.305887
2.551383 -3.228747
-0.786190 0.887898
2.461020 -3.225097
2.536499 -3.528866
2.553096 -3.456321
2.650021 -3.436350
2.470243 -3.409463
2.460257 -3.421235
2.512389 -3.390920
2.450357 -3.547914
2.699104 -3.401421
2.367484 -3.287867
-0.702674 0.992803
2.473708 -3.325192
2.603322 -3.360303
2.431480 -3.277033
2.404264 -3.467936
2.489495 -3.244107
2.532890 -3.363810
2.587612 -3.160297
2.492348 -3.235748
2.626780 -3.471616
2.494982 -3.380575
-0.830939 0.774547
-0.630912 0.827119
3.312646 -2.170289
3.370719 -2.018793
3.118998 -2.225161
3.116385 -2.045312
3.234526 -2.123601
3.147255 -2.369941
3.349396 -2.103333
3.128191 -2.030852
3.116114 -2.128956
3.268734 -2.070991
-0.699187 0.908040
3.377302 -2.284161
3.176787 -2.147077
3.202778 -2.021432
3.137844 -2.070533
3.315055 -2.227560
3.186709 -2.154028
3.270463 -2.201131
3.126192 -2.048660
3.417782 -2.084453
3.089732 -2.093466
-0.800290 0.838998
3.311568 -2.061701
3.327576 -2.045070
3.333329 -2.080302
3.207929 -2.221938
3.045561 -2.057455
3.277648 -2.158405
3.140001 -1.973985
3.196554 -1.966364
3.207239 -2.119211
3.294857 -1.911860
-0.775163 0.807942
3.286962 -2.294598
3.246611 -1.997905
3.099665 -2.128866
3.346982 -2.193622
3.290868 -2.189821
3.251419 -2.199518
3.327588 -2.061236
3.223913 -1.992441
3.042085 -2.176757
3.107437 -2.048434
-0.863773 0.840814
3.368718 -2.171576
3.187895 -2.094867
3.307810 -1.944526
3.293551 -2.027102
3.321027 -2.100459
3.262506 -2.202287
3.323761 -2.181928
3.106655 -2.198020
3.297284 -2.236319
3.123279 -2.206379
-0.530362 0.811040
3.108046 -2.167784
3.183325 -2.269791
3.231987 -2.259331
3.410840 -2.236449
3.345232 -2.110731
3.181408 -2.039203
3.228428 -1.985651
3.296862 -2.111469
3.209954 -2.098645
3.200384 -2.201338
-0.762590 0.800628
3.220125 -2.282136
3.198147 -2.115861
3.280828 -2.135623
3.266498 -2.245703
3.159175 -2.060025
3.051154 -2.134730
3.197861 -2.208745
3.288188 -2.161167
3.152083 -2.067080
3.179962 -2.077692
-0.765889 0.925268
3.108586 -2.205198
3.287730 -2.018100
3.267327 -2.119097
3.191929 -2.001155
3.224803 -2.153595
3.247378 -2.110835
3.292306 -2.310992
3.275981 -2.212656
3.359339 -2.058391
3.202071 -2.004637
-0.573893 0.869136
3.190209 -1.950996
3.402174 -2.034144
3.260791 -2.300589
3.402972 -2.197902
3.385488 -2.120570
3.081362 -2.026999
3.351218 -2.309918
3.149792 -1.907524
3.259921 -2.136893
3.174176 -2.166830
-0.885219 0.839849
3.254616 -2.063957
3.331218 -2.205491
3.334764 -2.250106
3.109460 -2.082218
3.134902 -2.033983
3.265712 -2.003373
3.151213 -2.229629
3.313441 -1.945963
3.128232 -2.140376
3.292554 -2.102486
-0.817046 0.715326
-0.769090 1.090245
0.246470 -0.526051
0.238308 -0.652181
0.048175 -0.558545
0.277057 -0.537033
0.388476 -0.577852
0.174562 -0.738599
0.149911 -0.500146
0.154404 -0.523599
0.414802 -0.622071
0.236955 -0.446759
-0.646392 1.020828
0.297968 -0.713017
0.106582 -0.417490
0.317041 -0.633727
0.275074 -0.652872
0.118874 -0.800402
0.186154 -0.544277
0.386313 -0.691452
0.237158 -0.598473
0.286844 -0.872245
0.170632 -0.610158
-0.536360 0.937886
0.269885 -0.394795
0.124014 -0.634419
0.249240 -0.678234
0.173649 -0.725481
0.175052 -0.705454
0.143198 -0.763906
0.073006 -0.691802
0.474458 -0.644899
0.257129 -0.679111
0.144897 -0.795872
-0.881502 0.714081
0.285379 -0.625035
0.282364 -0.704429
0.066429 -0.809937
0.238194 -0.696040
-nan -nan
0.376037 -0.649770
0.271679 -0.525721
0.323261 -0.552325
-nan -nan
0.097850 -0.430871
-0.895264 0.853722
0.302253 -0.611498
0.066102 -0.748575
0.033921 -0.672465
0.230834 -0.729662
-nan -nan
0.158038 -0.670609
0.241589 -0.625043
0.317754 -0.726358
0.352511 -0.601615
0.358413 -0.523284
-0.786483 0.801839
0.113329 -0.491535
0.419253 -0.588443
0.136642 -0.565775
0.096891 -0.726656
0.228235 -0.700784
0.331756 -0.625648
0.235572 -0.611216
0.087896 -0.518309
0.333763 -0.569772
0.286836 -0.570487
-0.699188 0.954017
0.515846 -0.659660
0.087202 -0.582920
-nan -nan
0.181045 -0.682095
0.265478 -0.571337
0.414393 -0.711397
0.280232 -0.574120
0.284683 -0.404677
0.133530 -0.654270
0.395685 -0.776565
-0.726080 0.911335
0.266574 -0.654830
0.334754 -0.724497
0.316703 -0.670176
0.195647 -0.598979
-nan -nan
-nan -nan
0.162059 -0.732814
0.322612 -0.696710
0.308081 -0.726518
-nan -nan
-0.801596 0.852011
-nan -nan
0.132851 -0.625478
0.396368 -0.706149
0.105644 -0.567212
0.206165 -0.801599
-nan -nan
0.245656 -0.854320
0.145987 -0.746554
0.136735 -0.689834
0.283789 -0.680022
-0.719495 0.697770
-nan -nan
0.069724 -0.657744
0.120313 -0.649698
0.167332 -0.522781
0.268287 -0.482785
0.260969 -0.595654
-nan -nan
0.326309 -0.582819
0.205252 -0.580028
-nan -nan
-0.660533 0.999125
-0.726298 0.817831
-0.707942 0.761149
-0.855954 0.747261
-0.845839 0.881608
-0.742153 0.885567
-0.719772 0.951544
-0.656717 0.835731
-0.694816 0.929329
-0.857327 0.939877
-0.746198 0.749769
