900 2
3.418297 0.282345
3.578394 0.417924
3.485766 0.383873
3.715263 -0.943788
3.893960 -0.769828
3.806398 -0.915259
3.958760 -0.760163
4.056524 -0.792781
4.022606 -0.904156
3.796758 -0.995492
4.006457 -1.012542
4.003095 -0.735737
3.752534 -1.056386
3.602697 0.166921
3.928301 -0.904302
3.807975 -0.911850
3.955309 -0.868042
3.972862 -0.902713
3.900513 -1.015876
3.938316 -0.972693
3.834261 -0.877443
4.049619 -0.706235
3.742092 -0.878385
3.945100 -0.979804
3.547318 0.177945
3.953101 -1.003898
4.119365 -0.830076
3.904451 -0.878553
3.816355 -0.934591
3.924574 -1.011817
4.041965 -0.878956
3.939863 -0.945353
4.009172 -1.108825
3.919626 -0.995911
3.856883 -1.059355
3.640118 0.432233
4.057774 -1.000134
3.897447 -0.928495
3.930445 -0.877487
3.971664 -1.006333
3.814333 -0.970137
3.915229 -0.927689
3.956151 -1.050791
3.879415 -0.957187
3.895658 -1.113994
3.986218 -1.036148
3.589606 0.408741
3.913062 -1.049300
3.908183 -0.976485
3.827410 -1.042561
3.990899 -1.085236
3.863500 -0.986240
3.647543 -1.066524
3.948964 -0.917209
4.015200 -0.746161
3.976274 -0.929350
3.917798 -0.881770
3.599030 0.332187
3.993685 -1.067780
3.868424 -0.823914
4.005927 -0.961145
4.076823 -0.851037
3.996023 -0.857290
3.964644 -0.771091
4.135043 -0.768977
3.870176 -1.121256
3.944150 -0.847678
3.984045 -0.796036
3.404814 0.318081
3.990668 -0.751897
3.748854 -1.088967
3.783864 -1.017341
3.783736 -0.852548
3.857550 -1.137488
4.055059 -1.093602
3.881310 -1.030018
4.063920 -0.814945
3.955471 -0.844408
3.891571 -0.820133
3.520401 0.453566
3.914022 -0.981427
3.954289 -0.944585
3.888440 -0.904904
3.727518 -1.007978
3.733819 -0.913330
3.913505 -1.099491
3.754917 -1.006575
3.881635 -0.792067
3.896304 -1.099575
3.904452 -1.139035
3.455997 0.270519
3.873377 -0.869666
4.078053 -0.952266
3.865700 -0.869295
3.994094 -0.822445
3.866832 -1.064646
3.851929 -0.932124
3.861785 -0.974213
4.032418 -0.891379
3.971804 -1.141497
3.820763 -0.880166
3.467342 0.297399
3.814314 -0.953749
4.067054 -0.860389
3.905766 -0.831138
4.030393 -0.974269
3.830814 -0.732253
3.890809 -0.862833
3.985918 -0.959332
3.986575 -0.911696
3.945368 -0.945038
3.735036 -1.095508
3.653491 0.236515
3.522649 0.457229
5.499118 2.012941
5.504906 1.867632
5.612752 2.090058
5.486391 1.939238
5.525035 2.112517
5.484339 2.113382
5.540584 2.102961
5.557022 2.185503
5.616108 2.091648
5.642956 2.126407
3.348621 0.113835
5.510701 2.028934
5.600897 1.989177
5.398011 2.156755
5.454224 2.096964
5.567190 2.141777
5.623011 2.039305
5.348442 1.904603
5.550835 2.076842
5.410961 1.840992
5.420018 2.175467
3.270200 0.207312
5.540667 1.940011
5.502772 2.018434
5.404348 1.976171
5.247052 1.827593
5.308874 1.967710
5.394928 1.972832
5.560674 2.177888
5.517418 1.955947
5.481349 2.027900
5.429749 1.946700
3.421402 0.317906
5.178245 1.781698
5.644969 2.148624
5.442513 1.918937
5.470642 1.928796
5.533196 2.041996
5.566959 1.863930
5.596224 1.969813
5.314184 1.894968
5.486151 2.197830
5.429779 1.953694
3.371650 0.363168
5.471711 1.891510
5.236823 1.953499
5.446786 1.896618
5.543326 2.120979
5.577559 2.015363
5.394144 2.012648
5.622613 2.004403
5.586655 2.004143
5.478359 2.194978
5.414242 2.007042
3.536257 0.470255
5.451560 2.017950
5.676770 2.196286
5.641082 1.958407
5.393476 2.106794
5.382346 2.017941
5.511415 2.149690
5.669005 2.139438
5.398472 1.952736
5.606085 2.055940
5.387747 2.088839
3.678299 0.516778
5.422968 1.916012
5.586659 2.085365
5.451980 2.048681
5.516547 1.952268
5.379914 1.934633
5.317218 1.962573
5.372008 2.032480
5.532784 2.029990
5.627409 2.062708
5.459405 1.856541
3.648870 0.383931
5.593456 2.051040
5.672810 2.055867
5.581392 2.068098
5.419254 2.181032
5.332326 1.876356
5.636721 2.115593
5.538405 2.073044
5.312189 1.993582
5.573417 1.914121
5.471297 2.041801
3.575692 0.320842
5.606751 1.977130
5.393651 2.011081
5.438593 2.078745
5.587545 2.010476
5.286327 1.833333
5.502999 2.116037
5.276803 2.039819
5.145206 2.076736
5.581090 1.934247
5.411039 2.144605
3.570132 0.283515
5.225199 1.741667
5.346039 1.851237
5.610056 2.087282
5.344195 1.866212
5.528096 2.066077
5.655883 1.965916
5.318611 1.973013
5.532763 1.999204
5.520498 2.278404
5.404326 1.985074
3.450336 0.210904
3.405911 0.181622
6.582335 -0.072036
6.405683 -0.265868
7.825055 1.138733
6.506681 -0.177770
6.577338 -0.194992
6.681389 -0.160521
6.660750 -0.059952
7.375218 0.696171
6.411875 -0.414505
-16.767956 -22.022417
3.382337 0.223864
25.347176 19.178921
6.718157 -0.031555
6.699243 -0.110310
6.311419 -0.488441
7.139153 0.275760
9.172420 2.643791
6.627658 -0.317328
6.507982 -0.403242
6.586653 -0.067758
6.416246 -0.310433
3.649790 0.322946
5.973367 -0.824695
6.875870 0.047011
6.653909 -0.135787
-nan -nan
-36.542919 -43.084415
9.060850 2.445540
6.663032 -0.099037
-nan -nan
29.018595 22.019850
6.481477 -0.133860
3.353696 0.179208
14.262370 9.112818
-nan -nan
-nan -nan
6.775767 -0.027463
6.804302 0.093588
6.697429 -0.116557
-nan -nan
10.626791 4.182446
18.511265 11.934258
19.508614 12.969584
3.404010 0.279633
6.623336 -0.274288
8.225264 1.438755
6.617758 -0.275472
8.551126 1.900611
-nan -nan
-nan -nan
-7.493112 -14.237360
-nan -nan
7.049719 0.324887
-5.687443 -12.619883
3.620363 0.399712
6.455997 -0.390574
5.529578 -1.062248
-nan -nan
-nan -nan
-nan -nan
8.456870 1.815695
-nan -nan
-nan -nan
-nan -nan
-nan -nan
3.597815 0.273714
14.372669 8.609476
-nan -nan
-nan -nan
6.782665 -0.039907
6.364295 -0.389600
6.558136 -0.291085
6.593209 -0.109052
5.816868 -1.002421
-nan -nan
-nan -nan
3.325703 0.321577
-nan -nan
-nan -nan
14.349426 9.351789
23.963343 17.272802
6.742023 -0.215353
-nan -nan
8.670151 1.949009
4.718817 0.095353
-nan -nan
7.476402 0.782278
3.544220 0.205956
-nan -nan
-nan -nan
-nan -nan
-nan -nan
6.239708 -0.427308
-nan -nan
6.528197 -0.297261
-nan -nan
-nan -nan
-14.204909 -20.587929
3.516160 0.172817
6.651240 -0.182479
-nan -nan
7.203215 0.497380
6.204841 -0.486841
6.408867 -0.182579
-nan -nan
-nan -nan
6.101418 -0.649566
-nan -nan
6.544433 -0.267889
3.252468 0.263654
3.500842 0.424683
5.481061 -1.775319
5.545854 -1.826173
5.669951 -1.828131
5.604756 -1.848266
5.501629 -1.828946
5.554271 -1.881244
5.678513 -1.656783
5.641531 -1.784666
5.644092 -1.605946
5.553768 -1.648311
3.534970 0.212751
5.789736 -1.728761
5.536739 -1.939435
5.869921 -1.653529
5.629865 -1.686424
5.589540 -1.608812
5.481299 -1.856740
5.363487 -1.875686
5.661113 -1.727373
5.638382 -1.766834
5.588036 -1.919767
3.296651 0.249082
5.721398 -1.716293
5.565356 -1.751022
5.760335 -1.859135
5.502777 -1.622529
5.646683 -1.723615
5.524901 -1.953918
5.626984 -1.834324
5.542953 -1.848248
5.455802 -1.836072
5.509032 -1.812971
3.415497 0.177914
5.714895 -1.885059
5.468933 -1.792279
5.576963 -1.864334
5.552039 -1.925388
5.810256 -1.696674
5.409309 -1.879626
5.448278 -1.771675
5.600586 -1.633571
5.498003 -1.758738
5.674685 -1.652941
3.520331 0.234855
5.591607 -1.609436
5.388155 -1.793787
5.452544 -1.662837
5.526669 -1.787191
5.463069 -1.791739
5.656952 -1.943660
5.733526 -1.600756
5.366055 -1.878448
5.482369 -1.720304
5.513976 -1.802918
3.484461 0.223066
5.520306 -1.658522
5.630460 -1.534234
5.674983 -1.811417
5.727407 -1.622368
5.527774 -1.720688
5.688653 -1.820447
5.492755 -1.665684
5.472614 -1.820493
5.524539 -1.772667
5.833850 -1.602570
3.365217 0.232303
5.763294 -1.709023
5.644529 -1.868574
5.541592 -1.857044
5.616180 -1.753262
5.664047 -1.723356
5.742813 -1.805040
5.449098 -1.761414
5.579739 -1.758343
5.554771 -1.692163
5.660122 -1.850435
3.474741 0.395557
5.659222 -1.765180
5.612758 -1.643426
5.610853 -1.765335
5.729675 -1.691633
5.691671 -1.788727
5.569366 -1.709913
5.694110 -1.821527
5.468143 -1.633458
5.465522 -1.779964
5.574843 -1.882837
3.468757 0.294082
5.608896 -1.794785
5.566072 -1.658500
5.587384 -1.813252
5.695985 -1.755185
5.540699 -1.729810
5.796665 -1.578346
5.568714 -1.915343
5.576528 -1.677132
5.706160 -1.680362
5.743001 -1.710809
3.569958 0.218416
5.402881 -1.730615
5.686849 -1.833142
5.568793 -1.669492
5.421016 -1.827109
5.514670 -1.605976
5.695815 -1.741641
5.556796 -1.726905
5.658113 -1.623713
5.693019 -1.652767
5.480937 -1.902804
3.702318 0.355119
3.473324 0.019712
5.595777 0.544963
5.683730 0.447665
5.744390 0.472337
5.784946 0.418874
5.683230 0.583907
5.756239 0.523312
5.601595 0.552690
5.526265 0.410986
5.798524 0.509138
5.722573 0.675698
3.406769 0.399779
5.678745 0.447102
5.706120 0.498990
5.737282 0.483622
5.743669 0.560564
5.719240 0.217828
5.895613 0.535176
5.626440 0.272875
5.675529 0.635977
5.801508 0.423564
5.581495 0.392631
3.521501 0.274727
5.755039 0.495418
5.581121 0.403769
5.700810 0.579243
5.516897 0.352021
5.555591 0.688311
5.650334 0.644241
5.582465 0.341731
5.706179 0.597370
5.474615 0.498764
5.519991 0.442418
3.711464 0.193379
5.683969 0.519890
5.557283 0.233605
5.744222 0.609245
5.661389 0.627639
5.730026 0.386441
5.803417 0.535412
5.516242 0.452566
5.636877 0.543308
5.640889 0.561364
5.685861 0.651382
3.284761 0.156975
5.627832 0.559562
5.801053 0.701331
5.658129 0.378688
5.778503 0.584659
5.649035 0.470997
5.750898 0.519561
5.630399 0.352901
5.782732 0.585067
5.645496 0.425643
5.756670 0.468054
3.358912 0.182418
5.724720 0.558196
5.548156 0.377135
5.834469 0.413624
5.580590 0.602660
5.869231 0.609548
5.720773 0.381271
5.651602 0.381436
5.685491 0.310275
5.625992 0.493314
5.507958 0.346151
3.413086 0.221877
5.533647 0.477780
5.812264 0.514403
5.718190 0.330547
5.847655 0.476732
5.845101 0.450968
5.776870 0.595767
5.599972 0.484367
5.522847 0.414720
5.722027 0.406250
5.684008 0.347039
3.308945 0.376839
5.730974 0.388927
5.761919 0.325265
5.591453 0.446377
5.767981 0.403773
5.569581 0.622229
5.790915 0.511958
5.840302 0.389567
5.712325 0.297905
5.632318 0.535201
5.748294 0.376479
3.498611 0.362571
5.798841 0.601833
5.611625 0.405196
5.666806 0.649218
5.636199 0.469317
5.751980 0.528457
5.669271 0.355275
5.593746 0.279626
5.652358 0.554293
5.700687 0.503953
5.734724 0.543427
3.659196 0.276795
5.666324 0.547518
5.735421 0.362393
5.783394 0.522625
5.884245 0.674647
5.648230 0.360887
5.721916 0.512447
5.607608 0.449264
5.797025 0.590264
5.792166 0.540962
5.696509 0.406384
3.351572 0.162435
3.423218 0.314847
7.526202 2.436416
7.600556 2.563848
7.743961 2.759535
7.840819 2.648508
7.736768 2.767960
7.660358 2.676502
7.767488 2.586948
-nan -nan
7.600623 2.700984
6.111910 -0.127304
3.533643 0.208014
2.024983 -2.391591
7.882953 2.725874
7.917774 2.812118
7.629664 2.568472
7.942973 2.875705
7.607944 2.580553
-nan -nan
17.710972 12.367284
7.706182 2.481222
-nan -nan
3.560147 0.450915
-nan -nan
7.500561 2.427302
-nan -nan
7.619685 2.579695
7.719086 2.700066
-nan -nan
7.668401 2.660320
7.455472 2.568789
7.801407 2.669690
7.564065 2.634761
3.300447 0.281843
7.685555 2.507279
7.714075 2.429569
7.776010 2.613574
7.649405 2.555843
7.636789 2.565358
-nan -nan
7.756801 2.635006
-nan -nan
-nan -nan
-nan -nan
3.337859 0.282417
7.761244 2.933038
7.797832 2.658581
7.825161 2.486149
7.826991 2.708911
-nan -nan
7.671253 2.422157
7.804046 2.646983
7.762301 2.755350
7.603306 2.673073
7.869610 2.809329
3.541007 0.428864
8.022192 3.020554
7.614622 2.784716
7.725504 2.567875
7.502958 2.380685
7.625941 2.438865
-nan -nan
7.760236 2.821508
7.950967 2.939411
7.720933 2.499041
35.750896 30.099686
3.464168 0.406301
-nan -nan
-nan -nan
7.748172 2.620886
7.680420 2.551008
7.668610 2.554193
-nan -nan
7.925051 2.892525
7.707810 2.667211
-nan -nan
7.662158 2.686353
3.578863 0.190990
-nan -nan
7.780697 2.667078
-nan -nan
7.591461 2.608483
-nan -nan
7.487382 2.609182
-nan -nan
7.660181 2.545249
-nan -nan
7.695043 2.545957
3.638547 0.410933
7.687438 2.606454
7.351947 2.384973
-1.338830 -6.263919
7.515656 2.624893
7.515721 2.559805
-nan -nan
-nan -nan
7.920472 2.687927
7.583079 2.413449
-nan -nan
3.492514 0.334596
7.612020 2.460981
7.610378 2.437363
7.725149 2.738897
7.744372 2.470491
7.913720 2.788629
7.752024 2.723462
-nan -nan
-nan -nan
-nan -nan
7.560150 2.447086
3.554163 0.353003
3.546474 0.368424
2.799785 1.819462
2.878878 1.766171
2.798305 1.687476
2.788250 1.723766
2.866324 1.827968
2.903800 1.835718
2.939585 1.849283
2.840985 1.729567
2.858683 1.672117
2.820007 1.748349
3.633543 0.233824
2.916035 1.883880
2.891576 1.657509
2.988924 1.911210
3.014568 1.963857
2.892343 1.871972
2.669708 1.796744
2.894006 1.920523
3.059196 1.868158
2.615415 1.607840
2.717841 1.640380
3.403429 0.326782
2.824248 1.714782
2.901343 1.800251
2.605864 1.829676
2.946069 1.841058
2.835720 1.647214
2.711015 1.743618
2.928458 1.818597
2.926859 1.710181
2.867945 1.678711
2.633679 1.818482
3.387479 0.423305
2.808568 1.990192
3.020540 1.902213
3.042028 1.816564
2.897424 1.996557
2.911605 1.717512
2.916631 1.688329
2.821348 1.871267
2.992181 1.826866
2.996233 1.945258
2.718918 1.810757
3.359851 0.291119
2.808749 1.893456
2.895061 1.792642
2.724561 1.793290
2.913367 1.781239
2.767498 1.864731
2.733684 1.867099
2.746497 1.666008
2.802258 1.753311
2.691273 1.780242
2.910147 1.944106
3.499482 0.330707
2.792747 1.721367
2.772699 1.784925
2.887302 1.881327
2.708109 1.774020
2.792345 1.925052
2.872828 1.999348
3.112523 1.835317
2.629339 1.795514
2.800635 1.668771
2.922207 1.719054
3.522342 0.199310
2.876507 1.718274
2.734145 1.830363
2.829818 1.880409
2.679091 1.756966
2.759859 1.832197
2.844836 1.657637
2.843811 1.586655
2.837887 1.777898
3.020491 1.778992
2.702173 1.830351
3.569212 0.385046
2.931964 1.902187
2.911406 1.787804
2.832268 1.877947
2.849598 1.958685
2.852967 1.744063
2.756461 1.916910
2.855859 1.814887
2.849798 1.662447
2.876168 1.710105
2.831639 1.977293
3.508472 0.442218
2.835416 1.922619
2.683162 1.716340
2.889735 1.720227
2.824055 1.896485
2.820362 1.865982
2.883286 1.762140
2.680687 1.808071
2.865499 1.850425
2.755836 1.688724
2.864780 1.840521
3.558499 0.185620
2.696353 1.885521
2.788245 1.927397
2.785322 1.993888
2.791182 1.740105
2.988593 1.620778
2.886454 1.711683
2.958114 1.859036
2.800932 1.805528
2.930097 1.725229
2.927862 1.769751
3.423929 0.453482
3.373939 0.328368
2.055113 2.630078
2.017405 2.569717
2.065052 2.979136
2.138306 2.654241
2.104614 2.971661
1.989441 2.821590
1.926071 2.818975
2.008269 2.880266
2.037584 3.015972
2.212804 2.742981
3.554352 0.177958
2.189827 2.752313
1.976652 2.744824
2.140663 2.849884
1.942895 2.647786
1.832511 2.625183
1.873755 2.955658
1.965129 2.892986
2.126726 2.848689
1.804813 2.681986
2.101560 2.997244
3.642797 0.334047
2.171845 2.802837
2.131052 2.873411
1.969060 2.785877
2.174204 2.889385
2.175483 2.932811
2.078251 3.020036
1.977801 2.882613
2.187027 2.897590
2.060098 2.918478
2.101290 2.823739
3.478263 0.387694
2.139135 2.888842
2.000031 2.820581
2.039377 2.773731
1.854401 2.662837
2.192249 2.944594
2.110719 2.764251
1.949107 2.600858
1.941604 2.584723
1.971174 2.853121
2.202765 2.874226
3.637946 0.257269
1.871156 2.603668
2.007939 2.881677
2.002969 2.891156
2.093019 2.830462
2.068424 2.910531
2.075764 2.749457
1.907047 2.647546
2.100065 2.924449
2.005964 2.733517
1.896976 2.693964
3.477045 0.171302
1.939628 2.676594
2.223544 2.960813
2.192268 2.932253
1.929540 2.769458
2.090617 2.779552
2.203953 2.961350
1.985969 2.710538
2.013404 2.811856
2.060036 2.909514
1.970590 3.035704
3.379133 0.363299
2.097142 2.834979
1.976812 2.809107
2.142306 2.752319
2.039674 2.914724
2.042879 2.955514
1.963699 2.841965
2.042068 3.008999
1.885379 2.889063
2.003923 2.813609
2.188248 2.702879
3.510426 0.361350
2.092742 2.850948
1.869034 2.560193
2.216658 2.854537
2.036378 2.762158
2.025571 2.773610
1.994900 2.755019
2.163683 2.797921
1.855531 2.811113
1.892005 2.685433
2.048964 2.947639
3.394941 0.184118
1.914655 2.954844
1.859135 2.772225
1.980961 2.683043
1.921543 2.825180
2.014291 2.646994
2.131346 2.774047
1.995200 2.838164
2.002513 2.809894
1.875057 2.807561
1.946029 2.789515
3.451760 0.445533
2.152372 2.763515
2.065184 2.772804
2.103185 2.974158
2.134732 2.880075
2.137772 2.896316
2.151325 2.885816
1.971516 2.680465
1.960845 2.667861
2.040906 2.944628
1.993955 2.724254
3.458666 0.215894
3.638959 0.367917
3.440710 0.421872
3.632651 0.288763
3.333691 0.271437
3.475470 0.345940
3.527819 0.432310
3.461808 0.324468
3.425934 0.268980
3.555910 0.157349
3.461768 0.332020
