900 2
2.088242 1.191949
2.058732 1.144430
1.882804 1.225926
0.637137 2.484683
0.554354 2.546136
0.722562 2.523854
0.823610 2.445629
0.737582 2.498931
0.543463 2.639849
0.646664 2.413987
0.642124 2.625669
0.771208 2.469198
0.785918 2.431600
2.105703 1.111248
0.501420 2.504230
0.788217 2.493164
0.788109 2.565094
0.674843 2.665033
0.555937 2.559859
0.705305 2.698085
0.811936 2.519096
0.586305 2.443470
0.770896 2.608440
0.439470 2.647217
1.921834 1.162558
0.664832 2.756170
0.698090 2.541692
0.731938 2.591316
0.568257 2.498427
0.625169 2.709401
0.476007 2.463530
0.528015 2.626851
0.508897 2.627425
0.739294 2.523093
0.542971 2.518389
1.939857 1.237147
0.484752 2.584934
0.712826 2.503608
0.611272 2.695565
0.772434 2.432971
0.549937 2.460748
0.597020 2.560745
0.431211 2.452562
0.643876 2.549114
0.726930 2.726521
0.677734 2.721113
2.024631 1.178278
0.744947 2.656303
0.758293 2.625969
0.615968 2.571948
0.748245 2.566773
0.655235 2.766683
0.761493 2.574114
0.644905 2.584278
0.677861 2.674972
0.670209 2.497691
0.586777 2.655087
1.763719 1.032888
0.691737 2.625211
0.613142 2.568314
0.733301 2.557914
0.823340 2.700840
0.715417 2.453303
0.691733 2.584168
0.574650 2.353942
0.711118 2.521802
0.673084 2.657264
0.489158 2.560348
1.903046 1.173655
0.674416 2.458425
0.637083 2.545687
0.748087 2.484891
0.721975 2.629904
0.646922 2.465567
0.493690 2.636135
0.500180 2.621684
0.615376 2.409650
0.508034 2.623290
0.665017 2.557484
2.081131 1.163442
0.627560 2.495908
0.529702 2.540000
0.777179 2.624190
0.731753 2.374741
0.575307 2.493659
0.628480 2.445428
0.544192 2.502716
0.858403 2.653275
0.762354 2.587707
0.626141 2.543518
1.836230 1.078991
0.535263 2.624343
0.692816 2.749464
0.494097 2.607060
0.709180 2.637395
0.576677 2.490752
0.543989 2.450972
0.664651 2.691364
0.724667 2.484127
0.604491 2.617011
0.497838 2.545246
1.784635 1.140160
0.728303 2.560490
0.754333 2.461346
0.627849 2.565721
0.593877 2.692033
0.696034 2.534795
0.547342 2.411181
0.749011 2.494845
0.567228 2.661541
0.608793 2.629822
0.867216 2.556920
1.850547 1.051603
1.829172 1.297453
-0.763693 1.964489
-0.963015 2.015130
-0.700460 1.917574
-0.615505 2.131562
-0.780202 2.148974
-0.724952 2.120443
-0.701781 2.042413
-0.728685 1.876438
-0.856802 2.044882
-0.623145 2.098565
1.892535 1.237082
-0.855004 2.060161
-0.513633 2.032641
-0.837465 1.982411
-0.810780 1.839595
-0.653215 1.965431
-0.724897 1.918699
-0.781222 1.924141
-0.873235 1.937409
-0.851840 2.097002
-0.824236 1.933954
1.823539 1.170440
-0.611900 2.027253
-0.662039 2.061538
-0.669774 1.916684
-0.907179 2.058466
-0.936785 1.967975
-0.830932 2.186524
-0.676782 2.073352
-0.809067 2.092221
-0.870350 1.899166
-0.846390 2.037949
1.780716 1.158633
-1.008347 2.091551
-0.890785 1.974350
-0.791654 2.049896
-0.715740 1.871983
-0.925808 2.020435
-0.872609 2.090404
-0.687407 1.886334
-0.981313 1.980070
-0.637412 2.076025
-0.742811 1.936803
1.855394 1.212273
-0.722962 2.077264
-0.687829 1.876686
-0.789003 2.055045
-0.607351 2.224669
-0.892459 2.038189
-0.896039 1.928705
-0.671051 2.054978
-0.742092 2.055799
-0.763195 1.976811
-0.802740 2.137234
1.736789 1.255222
-0.783519 2.166903
-0.957432 2.046303
-0.643854 2.174184
-0.762599 1.961091
-0.760451 1.898061
-0.646844 2.145546
-0.685675 2.009924
-0.700982 2.058169
-0.797505 1.991205
-0.906871 2.129770
1.927643 1.151915
-0.804696 2.019992
-0.792871 2.038560
-0.734754 2.076034
-0.799168 2.072078
-0.708969 1.947528
-0.765931 2.017947
-0.732177 2.037976
-0.710723 1.967171
-0.752293 2.101052
-0.705420 2.133602
1.763130 1.121613
-0.562098 1.958071
-0.816965 1.920918
-0.759258 1.992586
-0.702577 2.087512
-0.745437 2.130974
-0.663161 2.186548
-0.854981 2.003623
-0.847449 1.950245
-0.685995 2.019943
-0.699267 1.827179
1.772841 1.156209
-0.755237 2.099621
-0.802993 2.112633
-0.873324 1.869881
-0.693982 1.919717
-0.918157 1.992796
-0.778961 1.882675
-0.776343 1.930362
-0.682279 2.026735
-0.751595 2.161585
-0.804308 1.859533
1.848558 0.987635
-0.725336 2.190797
-0.662959 1.961314
-0.736021 2.139719
-0.960324 2.064428
-0.926424 1.900683
-0.750808 2.201862
-0.948963 2.034434
-0.773319 2.095132
-0.804976 1.935980
-0.826155 2.027231
1.925200 1.046094
2.070651 1.089624
1.633535 -0.310534
1.724225 -0.402085
1.526072 -0.401404
1.606805 -0.393398
1.783111 -0.413349
1.652319 -0.474716
1.606354 -0.520519
1.811888 -0.443634
1.639445 -0.572351
1.659681 -0.567003
2.032806 1.232151
1.641942 -0.231264
1.556525 -0.414583
1.552123 -0.346741
1.772890 -0.567105
1.683498 -0.539410
1.707922 -0.489616
1.698461 -0.345198
1.741794 -0.513576
1.691250 -0.526377
1.596046 -0.447103
1.952640 1.149772
1.440183 -0.600661
1.717415 -0.470990
1.647915 -0.417939
1.787859 -0.518143
1.505400 -0.510546
1.557728 -0.371723
1.684596 -0.450566
1.573348 -0.490465
1.828837 -0.445051
1.737095 -0.440892
2.005696 1.247977
1.630946 -0.433009
1.702294 -0.450748
1.673226 -0.389546
1.787373 -0.359351
1.624671 -0.486350
1.557542 -0.459167
1.601014 -0.471084
1.592556 -0.312059
1.674360 -0.402648
1.628275 -0.352847
1.981030 1.111573
1.630462 -0.631427
1.666354 -0.326468
1.674649 -0.436236
1.707654 -0.350413
1.700032 -0.363237
1.555175 -0.514208
1.459926 -0.516210
1.791993 -0.491700
1.852866 -0.533352
1.513078 -0.468934
2.033740 1.227677
1.584650 -0.556363
1.532678 -0.459865
1.634474 -0.608242
1.521492 -0.577088
1.619812 -0.507070
1.679076 -0.306230
1.550470 -0.528531
1.561357 -0.436410
1.748843 -0.453695
1.552886 -0.344196
1.885148 1.265855
1.697728 -0.396523
1.642586 -0.467606
1.783736 -0.581556
1.819321 -0.446053
1.892108 -0.395257
1.673351 -0.557517
1.754541 -0.468468
1.503100 -0.521114
1.569992 -0.588118
1.803004 -0.602623
1.846132 1.085428
1.871297 -0.502082
1.716133 -0.615073
1.556269 -0.403377
1.643677 -0.306577
1.650616 -0.292058
1.572517 -0.421958
1.522287 -0.475088
1.763958 -0.297609
1.581101 -0.367593
1.563641 -0.429742
2.000178 1.277137
1.769281 -0.488186
1.772531 -0.528939
1.476578 -0.495018
1.580862 -0.441471
1.723874 -0.489076
1.602976 -0.598168
1.695771 -0.328775
1.649946 -0.648583
1.681388 -0.669905
1.586433 -0.369457
2.098798 1.197349
1.826655 -0.390684
1.580470 -0.544828
1.847607 -0.499312
1.628829 -0.647715
1.711765 -0.565729
1.711974 -0.430831
1.594814 -0.549140
1.639532 -0.556104
1.631249 -0.488327
1.761345 -0.384314
1.821946 1.192207
1.876287 1.202252
-0.944032 0.279903
-0.964524 0.183003
-0.887543 -0.132579
-0.963617 0.169437
-0.838922 0.118973
-1.028933 -0.165603
-0.893992 -0.045249
-0.925362 -0.002853
-0.811558 -0.080288
-0.930185 0.171745
1.896215 1.151594
-0.717316 0.041346
-1.054022 -0.084662
-0.756009 -0.034828
-0.897825 -0.058895
-0.794764 0.102703
-0.830403 0.136671
-0.932587 -0.032550
-0.830075 -0.094740
-0.836946 -0.057457
-0.955745 0.135022
1.756066 1.145386
-0.901569 -0.158482
-0.819250 0.035146
-0.886712 -0.118627
-1.029299 0.083222
-0.888906 -0.072388
-0.904202 0.129847
-0.780136 0.181918
-0.679177 0.080734
-1.025513 0.018594
-0.879373 -0.101273
1.993525 1.065070
-0.767781 0.127164
-0.944547 0.113515
-1.024771 0.011860
-1.039040 0.000235
-0.756982 0.098152
-0.971369 0.008027
-1.009153 0.040939
-0.867150 0.038697
-0.987929 -0.031596
-0.829432 -0.073613
1.939617 0.919227
-0.805992 -0.040019
-0.976166 -0.093230
-0.693645 -0.117540
-0.956296 0.107440
-0.793901 -0.165770
-0.847692 0.087221
-0.894448 0.017919
-0.991112 0.024207
-0.944079 0.073158
-0.996398 -0.050498
2.056298 1.146196
-1.024160 -0.117331
-1.063710 0.060861
-1.045109 0.048379
-0.839767 -0.018853
-0.823371 -0.143357
-0.976157 0.097889
-0.963118 0.081839
-1.106464 0.145204
-0.992593 0.120543
-0.751218 0.081220
2.002078 1.124919
-0.909478 0.070200
-0.929222 -0.120686
-1.039208 0.126839
-0.890213 -0.177455
-1.011986 -0.028721
-0.856798 0.123378
-0.863073 0.166624
-1.033147 0.097996
-0.952474 0.070137
-0.806993 0.049677
1.953196 1.259809
-0.918067 0.032762
-0.992391 0.086649
-0.956586 -0.024300
-0.846365 0.075000
-0.908528 0.040838
-1.008269 -0.132723
-1.047980 0.169014
-0.843921 0.238507
-0.994886 -0.022527
-0.902473 0.112411
2.031408 1.119378
-0.924129 -0.090215
-0.905301 0.077100
-0.827705 0.110712
-0.831560 0.144050
-0.798155 -0.103525
-0.712489 0.028207
-0.719270 -0.070758
-0.834406 0.059454
-0.851714 -0.089866
-0.689619 0.145574
1.905367 1.314757
-0.902329 0.141997
-0.933787 -0.095658
-0.776609 -0.111009
-0.968408 -0.077743
-0.760207 0.049576
-0.858272 0.099436
-0.895796 -0.015868
-0.775851 0.025927
-0.860981 0.171614
-0.906219 0.008409
1.919241 0.970568
1.846052 1.111268
-2.601264 -0.177609
-2.597786 -0.127454
-2.548156 -0.085605
-2.723913 -0.305727
-2.537598 -0.247973
-2.591084 -0.264689
-2.435878 -0.196570
-2.607758 -0.228301
-2.606007 -0.228590
-2.559958 -0.347509
2.019584 1.016385
-2.597800 -0.448673
-2.798638 -0.090933
-2.666714 -0.055468
-2.595393 -0.231055
-2.510548 -0.177351
-2.543749 -0.121503
-2.641065 -0.123633
-2.663208 -0.201446
-2.515279 -0.273542
-2.665099 -0.156314
1.966991 1.224592
-2.443213 -0.332092
-2.763770 -0.328474
-2.645373 -0.293066
-2.675791 -0.262265
-2.570175 -0.129752
-2.627227 -0.103103
-2.501586 -0.081730
-2.559714 -0.030972
-2.561833 -0.439469
-2.746443 -0.186386
1.897052 0.979101
-2.573114 -0.136188
-2.550024 -0.058588
-2.573657 -0.070040
-2.536392 -0.022910
-2.748900 -0.313966
-2.614769 -0.159591
-2.585236 -0.196946
-2.510531 -0.241398
-2.581678 -0.073788
-2.431048 -0.319755
1.866691 1.143643
-2.628005 -0.179567
-2.605550 -0.093470
-2.750817 -0.322395
-2.632370 -0.380230
-2.545575 -0.142070
-2.592559 -0.253180
-2.486407 -0.214599
-2.527632 -0.411987
-2.743511 -0.049214
-2.572526 -0.065859
1.897483 1.203966
-2.557178 -0.293697
-2.527911 -0.209288
-2.565212 -0.418114
-2.688100 -0.321331
-2.651852 -0.062631
-2.668939 -0.131771
-2.709428 -0.139669
-2.714593 -0.262597
-2.657943 -0.102450
-2.634327 -0.453445
1.927229 0.985656
-2.467012 -0.144930
-2.635478 -0.429395
-2.520457 -0.225786
-2.572131 -0.297381
-2.777234 -0.239270
-2.658566 -0.374122
-2.625201 -0.111936
-2.730065 -0.324585
-2.758183 -0.064722
-2.647701 -0.314143
1.944537 1.212190
-2.433796 -0.087460
-2.513500 -0.208777
-2.614253 -0.144786
-2.670511 -0.050547
-2.397309 -0.170827
-2.672538 -0.124201
-2.444690 -0.247894
-2.482378 -0.245691
-2.627236 -0.311876
-2.433030 -0.285923
1.859215 1.291034
-2.701002 -0.363205
-2.609559 -0.233238
-2.646626 -0.098871
-2.612624 -0.088538
-2.718985 -0.181147
-2.705210 -0.176787
-2.606444 0.005647
-2.684634 -0.320771
-2.532714 -0.224602
-2.495848 -0.324300
1.926917 1.176446
-2.783139 -0.206872
-2.566212 -0.421464
-2.479290 -0.073239
-2.616134 -0.307761
-2.577976 -0.013465
-2.535082 -0.334221
-2.619732 -0.285140
-2.706065 -0.154718
-2.655609 -0.278529
-2.515071 -0.083071
1.814666 1.180164
1.744200 1.138314
1.005699 -1.997155
0.977347 -1.939501
0.920409 -2.023549
0.919159 -2.089976
0.853988 -2.050556
0.757506 -2.094070
0.995401 -2.078299
1.007707 -1.982381
0.737383 -1.978211
0.965481 -2.016694
1.860012 1.019142
1.066150 -1.888332
1.072374 -1.965558
1.002661 -2.184644
0.953561 -2.051408
0.977293 -2.058656
0.939875 -2.087605
0.858979 -2.012764
1.031222 -2.058712
1.113663 -2.001986
0.927588 -1.907319
1.920785 1.263736
0.888466 -2.018549
1.019825 -1.970985
1.116247 -2.065499
0.954467 -2.076614
0.922637 -2.191380
0.923746 -1.859136
0.971510 -1.954952
0.719899 -2.026154
0.968780 -2.064201
0.923571 -2.106699
1.890617 1.340183
1.085137 -2.052767
0.976976 -2.209805
0.892015 -1.904557
0.985092 -2.165004
0.913645 -1.987638
1.016605 -1.898832
1.026641 -2.046964
1.119053 -2.027802
0.904456 -2.206013
1.029498 -2.032468
2.075873 1.126276
0.897649 -1.901139
0.960550 -2.053680
0.849436 -1.921567
0.796712 -1.941665
0.975923 -1.979376
0.946245 -1.859535
1.057732 -1.924600
0.918513 -2.053397
0.863476 -1.945116
1.027283 -2.050937
1.943426 1.279813
0.912714 -2.186614
0.884918 -2.158784
0.822661 -2.015515
1.058128 -1.971161
0.899780 -1.901042
0.935050 -2.104650
0.952776 -2.245188
1.113792 -2.007838
0.930847 -2.035825
0.985425 -1.938703
1.955634 1.489975
0.879371 -1.981630
1.034140 -1.889480
0.954080 -2.041945
1.056182 -2.009320
0.956968 -2.153575
0.889112 -2.069627
0.971602 -2.137210
0.826265 -2.153229
0.866018 -2.122754
0.963980 -2.173668
1.808809 1.173473
1.082639 -2.098605
0.972772 -2.095258
1.028911 -2.035266
0.769896 -2.083725
0.902689 -1.891033
0.930191 -1.902610
1.060830 -2.080120
1.008391 -1.927788
0.971331 -1.933705
0.940151 -2.088512
1.920369 1.257301
0.839386 -1.837726
1.015741 -2.077640
0.880139 -2.178194
0.979546 -2.230536
0.888910 -1.989869
1.047964 -1.983128
1.025527 -2.162265
0.880917 -2.019108
0.880854 -2.007330
0.873421 -2.051121
1.785422 1.131289
1.062813 -1.882321
0.836452 -2.148867
1.095522 -2.088791
1.058870 -2.123556
1.112889 -2.110682
0.952498 -2.019604
0.954374 -2.102157
0.870192 -2.089292
0.907726 -2.119799
1.050636 -2.000130
1.950764 1.197412
1.985931 1.107486
-0.587091 -1.924213
-0.691025 -1.709263
-0.348828 -1.897946
-0.624827 -1.946633
-0.660629 -1.651005
-0.384905 -1.744128
-0.459312 -1.883434
-0.602609 -1.827820
-0.521728 -1.784065
-0.512573 -1.862110
1.863600 0.962060
-0.485427 -1.626781
-0.641159 -1.754223
-0.548339 -1.780823
-0.624415 -1.717700
-0.644071 -1.637259
-0.517250 -1.719183
-0.622925 -1.702203
-0.679078 -1.623513
-0.475102 -1.685278
-0.614789 -1.592761
1.880342 1.173369
-0.588089 -1.756815
-0.457627 -1.860882
-0.708874 -1.811362
-0.537964 -1.884305
-0.522363 -1.816402
-0.502046 -1.770213
-0.670449 -1.614780
-0.586979 -1.863827
-0.732792 -1.761734
-0.710730 -1.634750
1.820395 1.203859
-0.491412 -1.898705
-0.644282 -1.675894
-0.522533 -1.609027
-0.552810 -1.860620
-0.444864 -1.676584
-0.644227 -1.569928
-0.651807 -1.980627
-0.515930 -1.677408
-0.688032 -1.777506
-0.805890 -1.792925
1.933838 1.242803
-0.494832 -1.738585
-0.667177 -1.692665
-0.735939 -1.695115
-0.442078 -1.703082
-0.533648 -1.624870
-0.497746 -1.648246
-0.603650 -1.777320
-0.554086 -1.629595
-0.601856 -1.871027
-0.614773 -1.741258
1.879036 1.321962
-0.669841 -1.727444
-0.646998 -1.654742
-0.539390 -1.767260
-0.647623 -1.753862
-0.553406 -1.849617
-0.560024 -1.774091
-0.566909 -1.813691
-0.747203 -1.719133
-0.562882 -1.653568
-0.757598 -1.689941
1.998435 1.171794
-0.621235 -1.798013
-0.771621 -1.764588
-0.651417 -1.646806
-0.570083 -1.913910
-0.455112 -1.717048
-0.669436 -1.577242
-0.606139 -1.762455
-0.495359 -1.684968
-0.684451 -1.893530
-0.696456 -1.849379
1.800966 1.188814
-0.706110 -1.700878
-0.701230 -1.776984
-0.526211 -1.799220
-0.581395 -1.689968
-0.726044 -1.819923
-0.748208 -1.741702
-0.698414 -1.646226
-0.674887 -1.655141
-0.709148 -1.671188
-0.479039 -1.936333
1.880667 1.059544
-0.690650 -1.770116
-0.441262 -1.754962
-0.666096 -1.859394
-0.556084 -1.892822
-0.763806 -1.796771
-0.701709 -1.643421
-0.582753 -1.817435
-0.606542 -1.613114
-0.730222 -1.730362
-0.630493 -1.829456
1.870872 1.071257
-0.640459 -1.833935
-0.506102 -1.907981
-0.652791 -1.775630
-0.521874 -1.812294
-0.579983 -1.702461
-0.545776 -1.798585
-0.635880 -1.577288
-0.771874 -1.760994
-0.552705 -1.671786
-0.739407 -1.715957
1.950680 0.975138
2.005818 1.223649
-2.485919 -1.872727
-2.350569 -1.979198
-2.345196 -2.030928
-2.446221 -1.760105
-2.512246 -1.735495
-2.381905 -1.716686
-2.493743 -1.995710
-2.268976 -1.761847
-2.290496 -1.902075
-2.460482 -1.779020
1.945524 1.004579
-2.475677 -1.864898
-2.204286 -1.940373
-2.429044 -1.844044
-2.413093 -1.972278
-2.473034 -2.019103
-2.314864 -2.017697
-2.420688 -1.777875
-2.257479 -1.931594
-2.249331 -1.805619
-2.368472 -1.981424
1.989026 1.053727
-2.423146 -1.983742
-2.419738 -1.742308
-2.295049 -1.997066
-2.340955 -2.036519
-2.519545 -1.959713
-2.264565 -1.758770
-2.409272 -1.895058
-2.209837 -1.867094
-2.399266 -2.125342
-2.433573 -1.959869
1.770911 1.025960
-2.253731 -1.878091
-2.411950 -1.944726
-2.327713 -1.836341
-2.375404 -1.975070
-2.251797 -1.877596
-2.452624 -1.899601
-2.381047 -1.767962
-2.508712 -1.919487
-2.344852 -1.984521
-2.253228 -1.943732
2.018022 1.009282
-2.215509 -1.899361
-2.508389 -1.988172
-2.299966 -1.720821
-2.495986 -1.729361
-2.460585 -1.991841
-2.423318 -2.039218
-2.202513 -2.008676
-2.531278 -1.886863
-2.425338 -1.684524
-2.483386 -1.917654
2.080918 1.086532
-2.454355 -1.992183
-2.449152 -1.773315
-2.467060 -1.715609
-2.357171 -2.076955
-2.366654 -2.039885
-2.341951 -2.063430
-2.271204 -1.803184
-2.406143 -1.943581
-2.241454 -1.965280
-2.448965 -1.877404
2.008452 1.127143
-2.356399 -1.853558
-2.426415 -1.852489
-2.388481 -1.914575
-2.426070 -1.970960
-2.200798 -1.937315
-2.337576 -1.812655
-2.273704 -1.916195
-2.351826 -2.083510
-2.265662 -1.902217
-2.346604 -1.759531
2.007987 1.192620
-2.513737 -1.924561
-2.341483 -1.827098
-2.427486 -1.728192
-2.284453 -1.812668
-2.456117 -1.879454
-2.326762 -1.996192
-2.540135 -1.817608
-2.329520 -1.860922
-2.245130 -1.876081
-2.287555 -1.872607
1.947543 1.101210
-2.293251 -1.943108
-2.536494 -1.906186
-2.479982 -1.809049
-2.338484 -1.948499
-2.412674 -1.822580
-2.381061 -1.988875
-2.321477 -1.882980
-2.339245 -1.948937
-2.515077 -2.069463
-2.475265 -1.978150
1.988701 1.183357
-2.341035 -1.995715
-2.441910 -1.746629
-2.428208 -1.849177
-2.465196 -1.870503
-2.480093 -1.888646
-2.403979 -1.811034
-2.347860 -1.908432
-2.296077 -1.830552
-2.320876 -1.806958
-2.334307 -1.883097
2.024477 1.116922
1.991521 1.170939
1.882393 1.158873
1.824933 1.107448
2.037955 1.185837
1.842675 1.114446
1.990653 1.208344
1.803769 1.103830
2.092229 1.093467
1.986597 1.013874
1.852444 1.244466
