900 2
2.304034 -1.486150
2.305312 -1.602358
2.109042 -1.604861
3.779917 -0.417658
3.675301 -0.441459
3.867265 -0.403759
3.733053 -0.200127
3.819985 -0.385648
3.788605 -0.448888
3.617283 -0.463484
3.822796 -0.524683
3.773111 -0.321709
3.902550 -0.534010
2.391013 -1.624380
3.798517 -0.540892
3.663345 -0.370897
3.784096 -0.288915
3.554010 -0.462860
3.913231 -0.382004
3.928076 -0.457221
3.937586 -0.449123
3.675814 -0.497962
3.831308 -0.542777
3.848734 -0.243427
2.382761 -1.442113
3.648102 -0.457919
3.715707 -0.335261
3.665840 -0.573957
3.680376 -0.443861
3.779662 -0.261001
3.737201 -0.382025
3.725788 -0.461703
3.620126 -0.396330
3.729437 -0.520314
3.818290 -0.270752
2.444432 -1.404009
3.838952 -0.332193
3.860844 -0.462625
3.678502 -0.439452
3.863097 -0.341021
3.963060 -0.445292
3.963015 -0.407886
3.853331 -0.172276
3.828975 -0.505438
3.861868 -0.460470
3.877593 -0.515101
2.309858 -1.559835
3.926961 -0.371781
3.797611 -0.462040
3.827662 -0.497613
3.672494 -0.377683
3.825845 -0.533083
3.850994 -0.422968
3.863511 -0.219054
3.766529 -0.324304
3.650727 -0.344477
3.719484 -0.418088
2.055814 -1.628063
3.762766 -0.478683
3.938630 -0.494630
3.790356 -0.483250
3.699738 -0.415681
3.925535 -0.331333
3.726297 -0.261153
3.683037 -0.426386
3.770099 -0.333238
3.897533 -0.268052
3.680958 -0.279526
2.118743 -1.487043
3.764761 -0.309782
3.628542 -0.521209
3.833149 -0.288243
3.655380 -0.147943
3.954634 -0.424261
3.828851 -0.451110
3.816712 -0.426757
3.686812 -0.404012
3.869259 -0.499281
3.878370 -0.442070
2.272808 -1.456513
3.630167 -0.410736
3.644327 -0.405661
3.911770 -0.509579
3.904957 -0.374528
3.621004 -0.363300
3.703023 -0.421739
3.892254 -0.287863
3.820423 -0.398913
3.808273 -0.267749
3.799744 -0.512200
2.229347 -1.499359
3.770218 -0.283681
3.596269 -0.399026
3.703452 -0.468839
3.670756 -0.576344
3.719019 -0.424591
3.769718 -0.262928
3.926308 -0.374499
3.646304 -0.527843
3.642016 -0.341315
3.810768 -0.456519
2.398510 -1.378563
3.911068 -0.433620
3.611443 -0.476575
3.673262 -0.301010
3.894247 -0.393497
3.724363 -0.288482
3.793560 -0.506863
3.767951 -0.528729
3.699008 -0.556115
3.744628 -0.429203
3.811617 -0.533126
2.228107 -1.715288
2.318732 -1.427830
4.541336 3.337149
4.504450 3.171173
4.640049 3.404757
4.476420 3.206083
4.629483 3.228677
4.723808 3.148188
4.580041 3.360564
4.513974 3.362381
4.758290 3.199857
4.680213 3.169491
2.226354 -1.793639
4.693032 3.366236
4.723663 3.249846
4.581019 3.080309
4.468508 3.213710
4.674169 3.193697
4.717939 3.410586
4.741232 3.224058
4.506774 3.232298
4.811167 3.108945
4.687528 3.211732
2.154674 -1.681410
4.533692 3.278545
4.537905 3.319070
4.563017 3.278290
4.524874 3.181018
4.640977 3.235341
4.644410 3.184489
4.465063 3.383351
4.407699 3.085610
4.415936 3.249489
4.637041 3.359111
2.266690 -1.613667
4.655014 3.189497
4.605541 3.237581
4.436562 3.258358
4.487253 3.053172
4.453984 3.393931
4.470477 3.245760
4.480372 3.063142
4.380797 3.273965
4.590887 3.196424
4.589672 3.358998
2.345758 -1.401603
4.554948 3.138376
4.445504 3.235007
4.493384 3.103097
4.664542 3.287075
4.651920 3.275905
4.566132 3.142691
4.417427 3.245050
4.589898 3.312481
4.641885 3.479596
4.725747 3.298286
2.334548 -1.563764
4.380429 3.337138
4.590527 3.366118
4.639593 3.283509
4.635198 3.358234
4.475362 3.124925
4.823504 3.091644
4.613503 3.168753
4.657327 3.211437
4.551563 3.444768
4.546211 3.313201
2.406667 -1.486655
4.524478 3.242934
4.616888 3.411131
4.625114 3.452934
4.509477 3.235214
4.649014 3.150418
4.662142 3.404405
4.561301 3.194854
4.778907 3.423385
4.531081 3.270344
4.532935 3.328387
2.253649 -1.476392
4.489501 3.245636
4.620429 3.398494
4.623479 3.137709
4.567890 3.100454
4.470924 3.444352
4.775122 3.366042
4.403334 3.333862
4.466124 3.311609
4.579740 3.119751
4.621206 3.340691
2.275023 -1.615714
4.807953 3.291684
4.732424 3.206574
4.518754 3.292099
4.568924 3.191236
4.676505 3.198317
4.582208 3.315826
4.414012 3.268790
4.699978 3.099389
4.784024 3.397647
4.757716 3.307960
2.442200 -1.631196
4.485885 3.281842
4.670158 3.032221
4.660074 3.195179
4.551466 3.352437
4.674939 3.364868
4.603437 3.185404
4.634571 3.098085
4.626585 3.319880
4.557118 3.155701
4.726336 3.428002
2.257224 -1.712981
2.398638 -1.479260
0.427597 -0.164498
0.249875 -0.191211
0.629326 -0.156979
0.413165 -0.004343
0.402386 -0.081030
0.460930 -0.068934
0.407501 -0.136853
0.399986 -0.179439
0.487771 -0.008002
0.300989 -0.070177
2.287155 -1.632068
0.374546 -0.170338
0.345094 -0.118542
0.390034 -0.144783
0.452050 -0.022543
0.550409 -0.103907
0.280198 -0.073251
0.318390 -0.186562
0.550028 -0.162490
0.312950 -0.151390
0.408236 -0.051635
2.305802 -1.632137
0.364954 0.089502
0.409441 -0.153250
0.370951 -0.125809
0.389101 0.112792
0.287765 -0.070648
0.365284 -0.035714
0.321491 -0.021455
0.386221 -0.025452
0.528583 -0.062066
0.387453 -0.217231
2.211605 -1.664554
0.574986 -0.167079
0.521795 -0.054870
0.412763 -0.139193
0.390719 0.014156
0.452712 -0.115751
0.291512 -0.151560
0.225922 -0.180748
0.528771 -0.205770
0.499700 -0.046570
0.347559 -0.099988
2.145092 -1.713798
0.445069 -0.014324
0.427218 -0.031353
0.416432 -0.029541
0.473765 0.061032
0.486358 0.067762
0.316092 -0.209335
0.318031 -0.137303
0.462354 -0.199472
0.318943 0.047815
0.284387 -0.205498
2.227553 -1.506197
0.369607 -0.121783
0.310093 -0.189186
0.313760 -0.014236
0.374923 -0.156925
0.406284 -0.145902
0.413708 -0.114706
0.432797 0.042457
0.238919 -0.171269
0.551938 -0.025080
0.409535 0.015230
2.305987 -1.642924
0.304801 -0.069848
0.415722 -0.088471
0.419517 -0.200781
0.504035 -0.124987
0.455807 -0.219172
0.340263 0.075470
0.509314 -0.164601
0.426979 -0.011023
0.304471 -0.067574
0.459860 0.060694
2.354831 -1.514908
0.510424 0.039232
0.384457 -0.096766
0.416963 -0.013631
0.389349 -0.170687
0.494458 -0.067329
0.451979 -0.249667
0.519843 -0.135076
0.482040 -0.222119
0.418000 -0.214060
0.302904 0.041006
2.433741 -1.583319
0.501798 -0.100540
0.341789 0.001859
0.331870 -0.016729
0.270077 -0.193174
0.545110 -0.172732
0.494559 0.070446
0.585878 0.177059
0.267776 -0.190847
0.313902 -0.075086
0.495041 -0.156649
2.092017 -1.592710
0.204857 -0.044767
0.224565 -0.028437
0.525396 -0.007274
0.268014 0.061814
0.361744 -0.232684
0.544420 0.003400
0.390720 0.002385
0.332604 -0.064196
0.333256 -0.194395
0.528191 -0.144701
2.390157 -1.490154
2.171368 -1.476369
1.951775 1.102662
1.925772 1.078206
1.831080 0.987321
1.955568 0.899499
1.906229 0.846277
1.803468 0.872261
2.007616 0.974970
1.807669 0.960745
1.986703 1.098229
2.054231 0.791820
2.302538 -1.615099
1.969671 1.062618
1.782660 0.765833
1.934236 1.047995
1.802212 0.976711
1.858074 1.081472
2.058664 0.930106
2.040779 0.744690
1.885177 0.840027
1.970652 0.708568
1.903815 0.893890
2.370681 -1.536164
1.834442 0.898548
2.118227 1.056615
1.963461 1.023143
1.929260 1.094069
1.993656 1.059774
2.054818 1.050753
1.935300 0.932772
1.875924 1.141405
1.985880 0.771630
1.959808 0.775361
2.200953 -1.714902
1.863838 0.786938
1.886519 0.793653
1.963674 0.905094
1.897384 0.835973
1.877220 1.031889
1.995235 0.780485
1.969157 0.818641
2.105133 1.078079
1.836463 0.962274
1.918044 0.991960
2.352407 -1.671835
1.886378 1.010356
1.951186 0.785916
2.032289 0.842189
2.061448 0.873619
1.765778 0.974456
2.001779 0.954670
1.975544 0.816721
1.856203 0.930794
2.063035 1.107930
2.143623 0.906465
2.202214 -1.605537
2.097475 1.055430
2.018533 0.972300
1.993224 1.052026
1.899519 1.034907
2.022800 0.853744
1.947072 0.914932
2.025383 0.899843
1.828462 0.967392
1.966946 0.893336
1.834078 1.044915
2.397094 -1.572167
2.042892 1.001380
1.875137 0.824610
1.839399 0.897799
1.946057 0.978682
2.114574 0.860490
1.967606 1.012168
1.925623 1.026551
1.930328 0.933863
1.866830 0.963532
2.053323 1.043213
2.350155 -1.383398
1.919035 0.847691
2.055814 1.043044
1.967308 1.027158
1.851715 0.978949
1.855834 1.000769
1.960079 1.015190
1.777073 0.901768
1.863824 0.806095
2.129063 0.821990
1.794089 1.005370
2.343712 -1.475677
1.867079 0.910340
1.830724 1.028041
1.980054 0.919364
2.009722 1.025980
1.887269 1.062295
1.970556 0.882140
2.023052 0.913024
1.863557 0.950089
2.016978 1.101993
1.708632 0.749601
2.341342 -1.574292
1.957098 0.886720
1.962294 1.094311
1.905042 0.972624
2.050661 0.910290
1.998939 0.925484
2.035705 0.936552
1.828049 0.977639
1.911009 0.806490
1.981218 1.084615
1.783479 0.957598
2.357990 -1.590162
2.386032 -1.592812
4.907827 1.762631
4.818053 1.782488
5.011175 2.014241
4.762117 2.024390
4.871365 1.834167
4.938064 2.086875
4.913562 1.854436
5.061455 2.071329
4.895897 2.003356
4.723450 2.099743
2.424707 -1.492251
4.678391 1.983017
4.974496 1.793632
4.881555 1.938265
4.862076 1.716934
4.999359 1.940786
4.836875 1.745845
4.833599 1.825725
4.917691 1.857669
4.884510 1.892992
4.745113 1.948448
2.177577 -1.574633
5.004047 1.983791
4.844917 1.861404
4.710118 1.865692
4.932431 1.795415
4.999813 1.916086
4.787197 1.892416
4.840066 1.850959
4.692722 2.040700
4.695900 1.858341
4.835713 2.004575
2.320288 -1.591782
4.915218 1.823292
4.768146 1.748268
5.005557 1.723388
5.004842 1.843497
4.853862 2.076557
4.989922 2.040823
4.976496 1.870165
5.028372 1.832722
5.019774 1.942675
4.912362 1.823316
2.349534 -1.487965
4.873166 1.858213
4.879223 1.993351
4.807645 2.002205
4.650870 1.874298
4.892174 1.943182
4.772108 1.967760
4.890529 1.882269
4.658772 1.947018
4.875011 1.690794
4.832396 1.881586
2.415268 -1.582569
5.018191 2.064268
4.979626 2.038187
4.790242 1.952322
4.999989 1.811305
4.973334 1.832723
4.720500 1.991985
4.914876 1.738181
4.943175 2.005271
4.960947 1.848447
4.743563 2.009397
2.277081 -1.662955
4.831626 2.006928
4.740292 2.022582
4.697669 1.902685
4.966948 1.983649
4.618203 1.831085
4.738828 1.886634
4.856924 1.786757
4.829683 2.063822
4.913793 1.752592
4.681377 1.962101
2.402453 -1.532825
4.898591 1.733375
4.810892 1.954509
4.817925 1.896655
4.757730 2.023335
4.765384 1.884324
4.777523 1.814919
4.886405 1.803089
4.876267 1.936488
4.926468 1.922737
4.838760 1.745331
2.161729 -1.520772
4.741017 1.837847
4.851178 1.926015
4.820436 1.976218
4.765396 1.971667
4.913187 1.941098
4.892858 1.924991
4.898539 2.025767
4.895303 1.737962
4.984608 1.940463
5.023041 1.946113
2.186563 -1.495186
4.931074 1.966293
4.732944 1.983534
4.831047 1.750165
4.721506 1.830969
4.838460 1.687764
4.896277 2.158989
4.894225 2.053555
4.881812 1.840188
4.706974 1.933916
4.941897 1.943137
2.194665 -1.551863
2.241547 -1.654261
-0.189712 1.696659
-0.024841 1.820216
-0.117538 1.835156
-0.200126 1.701631
-0.214577 1.768440
-0.054256 1.734343
0.040788 1.828662
-0.200280 1.659720
-0.069968 1.595459
-0.123953 1.751280
2.227376 -1.431331
-0.056004 1.651675
-0.095813 1.820816
-0.194046 1.866006
-0.076238 1.856831
-0.188672 1.929854
-0.202796 1.674091
-0.033217 1.641747
-0.100417 1.696800
-0.229252 1.615599
-0.079599 1.629747
2.295152 -1.352603
-0.222245 1.806986
-0.131976 1.697575
-0.277805 1.643152
-0.080690 1.683608
-0.195695 1.682597
-0.021845 1.781242
-0.003425 1.569523
0.120694 1.677191
-0.077858 1.818322
0.147361 1.748358
2.243504 -1.718563
-0.281317 1.905559
-0.212458 1.875068
-0.104327 1.886422
0.073727 1.716952
-0.198446 1.653236
-0.034628 1.763002
0.009235 1.716886
-0.265984 1.654235
-0.242160 1.707702
-0.247621 1.709977
2.380787 -1.454423
-0.182650 1.673466
-0.050564 1.495631
-0.309088 1.608860
-0.040214 1.699866
-0.018933 1.629485
-0.110882 1.686211
-0.044455 1.751118
-0.146905 1.567857
0.051846 1.706095
-0.232255 1.814830
2.136869 -1.560196
-0.209051 1.841290
0.068174 1.897213
-0.180823 1.718486
-0.052603 1.830095
-0.143318 1.622789
-0.181542 1.625223
-0.003400 1.766183
0.004336 1.763087
-0.136620 1.894935
-0.048377 1.814270
2.255285 -1.259811
-0.159711 1.576789
-0.094304 1.823532
-0.270093 1.776893
0.024007 1.686117
0.122942 1.767562
-0.180082 1.768246
-0.063468 1.845514
-0.191894 1.613120
-0.036361 1.720851
-0.178153 1.923619
2.246542 -1.664793
0.009855 1.930668
-0.177854 1.599244
-0.151933 1.865051
0.021222 1.710741
0.055267 1.631177
-0.263711 1.664857
-0.323268 1.822757
-0.098139 1.725591
-0.046941 1.654747
-0.121005 1.759708
2.214543 -1.663876
-0.243253 1.721150
-0.112444 1.869307
0.128525 1.755466
0.020097 1.858178
-0.127247 1.712684
-0.150877 1.700673
-0.165717 1.825992
-0.142640 1.704545
-0.163053 1.806673
-0.160588 1.603341
2.155844 -1.478362
-0.091362 1.856179
-0.073108 1.741498
-0.171432 1.743250
-0.005591 1.759109
-0.130256 1.672109
-0.035992 1.673145
-0.138096 1.605716
-0.028437 1.599632
-0.110103 1.655486
-0.199501 1.780175
2.239085 -1.414579
2.096007 -1.504686
1.362702 2.464858
1.250506 2.605136
1.402374 2.677401
1.383538 2.449404
1.410563 2.650527
1.233738 2.570197
1.472091 2.735465
1.457263 2.589308
1.465137 2.495087
1.346826 2.370514
2.392081 -1.484145
1.425691 2.758410
1.564294 2.531633
1.516873 2.634386
1.517486 2.503922
1.482790 2.536146
1.372019 2.473606
1.491361 2.566213
1.351478 2.451625
1.584134 2.504933
1.470076 2.487476
2.209839 -1.544260
1.488134 2.589104
1.417175 2.707278
1.303504 2.515691
1.450420 2.408602
1.540933 2.474036
1.444379 2.612711
1.473153 2.429041
1.299442 2.586956
1.530899 2.495033
1.478944 2.417348
2.236686 -1.501678
1.548174 2.661263
1.395308 2.425441
1.401131 2.463393
1.471508 2.454945
1.442842 2.669923
1.571820 2.405576
1.461429 2.656255
1.365913 2.595416
1.298928 2.643896
1.369575 2.558950
2.401124 -1.570815
1.389274 2.651232
1.340336 2.581322
1.469878 2.609189
1.451393 2.584629
1.235233 2.612882
1.431478 2.622453
1.351194 2.601924
1.364185 2.546131
1.326442 2.581759
1.495441 2.599387
2.148302 -1.414898
1.526526 2.720948
1.321160 2.466964
1.414144 2.467286
1.522385 2.533377
1.322462 2.488489
1.522952 2.529939
1.253529 2.535560
1.304593 2.426504
1.278866 2.490431
1.345579 2.326939
2.366107 -1.497041
1.343246 2.660145
1.541734 2.577476
1.406933 2.721101
1.346244 2.650156
1.428132 2.587379
1.500099 2.526499
1.360948 2.521830
1.445346 2.694308
1.297705 2.425330
1.388911 2.533041
-nan -nan
1.301400 2.585278
1.411993 2.477409
1.501111 2.693269
1.242439 2.612337
1.452879 2.525728
1.432911 2.539818
1.295727 2.683077
1.329251 2.709512
1.299773 2.533631
1.509357 2.443465
2.425616 -1.599161
1.623687 2.542564
1.505797 2.743522
1.427969 2.546515
1.476911 2.589151
1.329506 2.617188
1.216344 2.606061
1.449529 2.473119
1.547804 2.592466
1.345255 2.688908
1.282271 2.428166
2.308663 -1.495482
1.416442 2.507759
1.334739 2.480830
1.517303 2.525621
1.238992 2.440466
1.315147 2.472469
1.518435 2.508482
1.282122 2.569508
1.599590 2.464470
1.464688 2.462691
1.540084 2.715903
2.115554 -1.532220
2.325586 -1.436236
3.468196 1.682467
3.641325 1.717413
3.561747 1.728504
3.663970 1.680819
3.500129 1.919670
-nan -nan
3.423279 1.797499
3.493337 1.715654
3.526707 1.725668
3.475150 1.764505
2.241203 -1.601712
3.597929 1.831694
3.548865 1.676584
3.505848 1.788718
3.496779 1.781075
3.364949 1.747276
3.472022 1.928975
3.612676 1.939018
3.494506 1.641804
3.661017 1.768489
3.453840 1.822191
2.254648 -1.439932
3.362077 1.848391
3.536051 2.091524
3.627316 2.019694
3.641036 1.817886
3.269470 1.779354
3.599317 1.762012
3.694247 1.770467
3.466252 1.927897
3.467562 1.872628
3.457963 1.833868
2.277098 -1.506663
3.401768 1.814001
3.553396 2.233963
3.256493 1.677028
3.507594 1.898734
3.505301 1.784689
3.524301 1.657758
3.541319 1.718106
3.504183 1.728954
3.500878 1.650797
3.726559 1.933718
2.286894 -1.629097
3.436400 1.794872
-nan -nan
-nan -nan
3.562933 1.848184
-nan -nan
3.334698 1.732859
3.494954 1.938891
3.611610 1.677920
3.642346 1.885702
-nan -nan
2.336815 -1.544672
3.432865 1.891670
-nan -nan
-nan -nan
3.294971 1.736459
3.517179 1.814139
3.486303 1.619354
3.450083 1.525481
-nan -nan
3.448266 1.763380
3.880486 1.945110
2.277189 -1.716542
3.482586 1.593119
3.628441 1.815517
3.450846 1.792319
3.269224 1.742500
3.472080 1.528780
3.664794 1.832680
3.554701 1.739916
3.333705 1.821619
3.543642 1.755988
3.468174 1.762970
2.237173 -1.572525
3.558059 1.807491
-nan -nan
3.409477 1.626381
3.488007 1.828372
3.576577 1.895698
3.622825 1.833591
-nan -nan
3.426512 1.690943
3.636422 1.898648
-nan -nan
2.379214 -1.528445
3.493981 1.739132
-nan -nan
3.478996 1.718410
-nan -nan
3.361127 1.851434
3.548729 1.771383
3.685161 1.807317
-nan -nan
-nan -nan
3.509382 1.850591
2.321086 -1.454811
-nan -nan
3.541975 1.816663
3.567523 1.747842
-nan -nan
3.502286 1.869194
3.385339 1.761244
3.336297 1.672429
3.493077 1.745732
3.435838 1.754411
-nan -nan
2.380359 -1.573941
2.225074 -1.686717
2.140259 -1.536760
2.214908 -1.568996
2.184172 -1.527049
2.371692 -1.552762
2.271086 -1.539080
2.356565 -1.676522
2.312645 -1.657633
2.419869 -1.467243
2.340710 -1.606567
