900 2
1.178543 -1.240756
0.999068 -1.266970
1.085363 -1.330130
2.179560 -0.189699
2.186189 -0.059790
2.256000 -0.028870
2.102787 -0.118614
2.381396 -0.153248
2.315351 -0.207715
2.296143 -0.172792
2.224250 -0.047807
2.186126 -0.122944
2.088879 -0.058601
1.259290 -1.312403
2.125582 -0.177783
2.221160 -0.213986
2.410332 -0.050692
2.162010 -0.097290
2.057864 -0.039139
2.201266 0.043150
2.269504 -0.056504
2.167558 0.003960
2.250797 -0.076352
2.182481 0.030659
0.898559 -1.281897
2.443892 -0.121793
2.338241 -0.076031
2.167855 -0.172488
2.282591 0.053467
2.129102 -0.032715
2.091200 0.132795
2.383322 -0.159584
2.326617 -0.159779
2.322948 -0.109770
2.213064 0.141074
1.027351 -1.319897
2.265732 -0.050380
2.367448 -0.174791
2.122958 -0.213955
2.194715 -0.018980
2.251370 0.061086
2.255164 -0.075832
2.326567 -0.193043
2.386122 -0.144518
2.209188 0.025257
2.476342 -0.158758
1.052156 -1.388399
2.166639 -0.017946
2.303751 -0.173464
2.360115 -0.155889
2.383112 -0.055959
2.354951 -0.118012
2.408949 -0.244211
2.357003 -0.114652
2.210192 -0.163983
2.442283 -0.025330
2.217170 -0.211197
0.918908 -1.416733
2.338767 -0.005621
2.232561 0.001531
2.174838 -0.078141
2.222381 -0.047139
2.312524 0.003578
2.160581 -0.208233
2.180815 0.066708
2.315888 0.074239
2.297358 0.048479
2.264695 0.035858
1.082467 -1.267165
2.253006 0.085813
2.311504 -0.170556
2.095434 -0.094767
2.266242 -0.107299
2.301942 0.043609
2.372391 -0.037156
2.318861 0.049694
2.348122 -0.073734
2.278664 -0.200374
2.292465 -0.000608
1.043447 -1.333933
2.154591 0.129989
2.170328 -0.201968
2.270869 -0.088703
2.111706 0.035866
2.200880 -0.131609
2.296263 -0.158889
2.323113 -0.291737
2.196075 -0.138354
2.205224 -0.021142
2.388011 0.008053
0.949385 -1.192121
2.184582 0.051502
2.177905 -0.194002
2.249904 -0.105096
2.431143 -0.167007
2.418671 0.014964
2.173796 -0.039212
2.255845 -0.184432
2.376534 -0.171098
2.289363 -0.087933
2.291660 -0.032641
1.069103 -1.271739
2.298373 0.019129
2.454026 -0.148421
2.223911 -0.112999
2.285436 -0.031164
2.292901 -0.041139
2.280348 -0.191172
2.398029 -0.215093
2.300894 -0.088301
2.328570 -0.139677
2.291930 -0.085804
0.889640 -1.360913
1.124122 -1.179598
1.710034 1.555304
1.624888 1.408814
1.572760 1.441678
1.765002 1.425027
1.742279 1.549874
1.617194 1.553726
1.820317 1.416770
1.837539 1.425147
1.608232 1.532683
1.636597 1.584181
1.123372 -1.127143
1.705628 1.602528
1.669131 1.293136
1.769471 1.460134
1.821527 1.487164
1.818239 1.271774
1.582868 1.571344
1.613903 1.562647
1.568878 1.474959
1.792239 1.426046
1.787269 1.456031
0.998671 -1.188224
1.678151 1.513094
1.801930 1.469075
1.808258 1.444658
1.646352 1.586848
1.631041 1.332987
1.772158 1.630769
1.793320 1.525642
1.719440 1.371530
1.569083 1.327555
1.779280 1.321092
1.161236 -1.172982
1.712099 1.555321
1.725260 1.509322
1.831483 1.457803
1.817878 1.282072
1.590222 1.384939
1.672403 1.648622
1.812425 1.434201
1.759254 1.538582
1.786735 1.537285
1.726934 1.455092
1.116437 -1.251101
1.666925 1.423358
1.696395 1.434702
1.844895 1.480281
1.850852 1.434610
1.685911 1.368773
1.631624 1.326904
1.605336 1.436058
1.652007 1.541867
1.718999 1.555271
1.799515 1.459851
1.072014 -1.168969
1.635306 1.336867
1.556692 1.439419
1.803474 1.522619
1.769225 1.505144
1.776850 1.378698
1.819995 1.380820
1.656679 1.477845
1.698284 1.452090
1.673265 1.612203
1.776278 1.648695
1.055630 -1.159911
1.592089 1.526635
1.757596 1.504788
1.720247 1.594060
1.792534 1.444139
1.792561 1.403667
1.703404 1.463020
1.748919 1.519959
1.609857 1.587490
1.741114 1.350689
1.797054 1.577269
0.956649 -1.362663
1.603772 1.412936
1.691097 1.516316
1.763459 1.380673
1.747071 1.565645
1.653878 1.365140
1.568007 1.462674
1.689839 1.395583
1.703800 1.451432
1.760182 1.534281
1.695666 1.298219
0.996972 -1.235525
1.713952 1.592958
1.525404 1.495544
1.676441 1.325873
1.571230 1.456997
1.740455 1.557177
1.645751 1.597380
1.729811 1.307064
1.649993 1.441301
1.740343 1.434123
1.601752 1.383042
1.123778 -1.284709
1.587507 1.521916
1.527283 1.436892
1.798116 1.640668
1.613612 1.594647
1.557292 1.450622
1.708630 1.372487
1.609524 1.492354
1.739506 1.322077
1.639406 1.443458
1.750168 1.385379
1.007831 -1.131597
1.155447 -1.341689
-0.439553 -1.685209
-0.524065 -1.679135
-0.354239 -1.976129
-0.309405 -1.857437
-0.358953 -1.738013
-0.502676 -1.816099
-0.404712 -1.722932
-0.414627 -1.903548
-0.556694 -1.747723
-0.457098 -1.709554
1.040969 -1.151484
-0.544113 -1.728463
-0.680764 -1.742791
-0.442990 -2.027907
-0.627849 -1.655455
-0.509926 -1.727471
-0.494878 -1.716563
-0.344956 -1.721553
-0.581242 -1.768651
-0.626339 -1.627494
-0.488572 -1.817183
0.973446 -1.157747
-0.691550 -1.813141
-0.422321 -1.691180
-0.519217 -1.844094
-0.544899 -1.880285
-0.425667 -1.688137
-0.512652 -1.765867
-0.550969 -1.646033
-0.474817 -1.735666
-0.444735 -1.843082
-0.618371 -1.721415
1.172492 -1.159242
-0.652797 -1.822427
-0.682098 -1.731625
-0.399579 -1.714800
-0.569474 -1.743236
-0.442238 -1.946346
-0.362832 -1.727025
-0.540352 -1.742333
-0.371545 -1.922628
-0.627833 -1.587757
-0.563198 -1.660693
0.910467 -1.299671
-0.450956 -1.865613
-0.408380 -1.796808
-0.494860 -1.708573
-0.606133 -1.860920
-0.461299 -1.878729
-0.527954 -1.787417
-0.584984 -1.848688
-0.571368 -1.923576
-0.579485 -1.891747
-0.462348 -1.789452
1.186511 -1.242258
-0.327380 -1.787130
-0.532763 -1.577047
-0.644276 -1.802711
-0.455471 -1.588212
-0.475762 -1.764518
-0.437637 -1.618471
-0.513243 -1.908177
-0.525966 -1.671948
-0.353306 -1.868993
-0.374845 -1.818597
1.039516 -1.130111
-0.471317 -1.699437
-0.621173 -1.817735
-0.509367 -1.681289
-0.662116 -1.736807
-0.384437 -1.688519
-0.654126 -1.851577
-0.401497 -1.756866
-0.493474 -1.603600
-0.430511 -1.795995
-0.416393 -1.741578
1.167148 -1.286116
-0.421248 -1.778360
-0.588581 -1.801830
-0.662015 -1.881276
-0.285443 -1.791491
-0.505123 -1.880919
-0.549460 -1.825401
-0.426315 -1.851269
-0.573006 -1.547653
-0.376654 -1.888728
-0.567176 -1.967988
0.950460 -1.233078
-0.695514 -1.820784
-0.539106 -1.925708
-0.574431 -1.833211
-0.582498 -1.819772
-0.510944 -1.665571
-0.530174 -1.835416
-0.663485 -1.532600
-0.451547 -1.576772
-0.406774 -1.680852
-0.544971 -1.946879
1.031188 -1.126298
-0.536451 -1.599737
-0.495230 -1.806492
-0.476870 -1.868090
-0.569349 -1.584684
-0.412923 -1.596668
-0.494895 -1.842603
-0.584368 -1.737406
-0.407853 -1.855313
-0.330483 -1.678691
-0.496388 -1.605124
1.185005 -1.254856
1.017101 -1.332518
-0.682910 -0.076376
-0.803077 0.083609
-0.650885 0.097251
-0.708663 0.125115
-0.890980 0.077678
-0.759857 -0.025494
-0.797445 0.036913
-0.813213 0.269072
-0.832754 -0.042923
-0.834566 0.133065
1.101336 -1.119299
-0.880931 0.020571
-0.706055 0.006721
-0.827387 0.015234
-0.919315 0.009467
-0.803530 0.074908
-0.609832 0.049902
-0.618176 -0.061396
-0.606485 -0.047244
-0.727859 0.079077
-0.730435 0.206906
1.113948 -1.061624
-0.780755 -0.030130
-0.782404 0.000253
-0.775041 -0.174879
-0.855139 0.029633
-0.835053 0.080813
-0.808799 0.151568
-0.764273 -0.020390
-0.882345 0.043565
-0.618135 0.144521
-0.774211 0.147655
1.046988 -1.161965
-0.840330 0.043379
-0.829519 0.221485
-0.857463 0.137471
-0.709893 0.009471
-0.660694 0.042425
-0.620886 0.152083
-0.710803 0.136253
-0.667058 -0.052692
-0.803622 0.155389
-0.687725 -0.081010
0.966778 -1.275346
-0.927474 0.059475
-0.591718 0.064149
-0.730662 -0.019045
-0.686633 0.170472
-0.750326 -0.116327
-0.678156 0.004349
-0.885418 0.278698
-0.550652 0.090636
-0.535301 0.121425
-0.762123 0.238432
1.084263 -1.355327
-0.748169 0.110927
-0.550081 0.069953
-0.616186 0.026549
-0.690549 0.257414
-0.581505 0.016481
-0.821130 0.164238
-0.721239 0.036030
-0.589596 0.190395
-0.685536 0.192701
-0.608976 -0.017531
1.118572 -1.339314
-0.826312 0.185220
-0.748619 0.086938
-0.705772 0.210856
-0.881019 0.021359
-0.650060 0.127294
-0.823590 -0.021427
-0.643774 0.054403
-0.715715 0.170298
-0.703256 0.050588
-0.885736 0.093618
1.017881 -1.256259
-0.707427 0.008280
-0.744666 0.121061
-0.890256 0.131335
-0.734564 0.149495
-0.756139 -0.006854
-0.884016 0.144195
-0.619543 0.245755
-0.791669 0.044424
-0.748960 0.156534
-0.634126 0.124092
0.944091 -1.254320
-0.782167 0.128292
-0.816805 0.008481
-0.665560 0.145643
-0.748795 -0.003725
-0.719232 0.029754
-0.705951 0.050101
-0.776728 0.195753
-0.721231 0.106415
-0.655272 0.068996
-0.762379 0.166698
0.879568 -1.188138
-0.856204 0.121061
-0.829658 0.221376
-0.697707 0.228587
-0.679514 0.221025
-0.721397 -0.112218
-0.798656 0.035845
-0.682129 0.098654
-0.921051 0.082351
-0.878549 0.102297
-0.771709 -0.020903
0.950612 -1.235385
1.081421 -1.104989
-0.034122 1.935677
-0.081661 1.660123
-0.036018 1.805851
-0.195081 1.857359
-0.206342 1.987732
-0.222861 1.876861
-0.178010 1.611944
-0.126328 1.853342
-0.195023 1.870819
-0.177703 1.806446
1.113074 -1.425680
-0.271597 2.001087
-0.180271 1.724969
-0.288317 1.878122
-0.126743 1.867471
-0.300808 1.737003
-0.112282 1.718684
-0.174390 2.037237
-0.358009 1.887014
-0.349820 1.897552
-0.162302 1.876035
0.921607 -1.318300
-0.399438 1.795143
-0.274560 1.761725
-0.349901 1.926693
-0.289651 1.809196
-0.111625 1.807720
-0.136281 1.858616
-0.108139 1.718741
-0.091749 1.650666
-0.377315 1.738829
-0.227569 1.924933
0.925358 -1.326770
-0.216219 1.728422
-0.371372 1.955534
-0.147595 1.879284
-0.077998 1.691019
-0.136058 1.793756
-0.095834 1.794395
-0.149477 1.826935
-0.337005 1.760681
-0.087413 1.682492
-0.258223 1.850418
1.126908 -1.169489
-0.234140 1.825081
-0.198292 1.778831
-0.155731 1.977989
-0.204711 1.943243
-0.215127 1.936032
-0.115528 1.905874
-0.112105 1.700403
-0.290807 1.711799
-0.213446 2.061177
-0.328789 1.844926
1.074281 -1.170222
-0.187576 1.975245
-0.179400 1.754960
-0.291713 1.883231
-0.162919 1.987517
-0.205331 1.901075
-0.259964 1.875379
-0.143700 1.995070
-0.339795 1.954464
-0.068080 1.823245
-0.435212 1.705261
0.915983 -1.174957
-0.103003 1.824254
-0.350753 1.812554
-0.342426 1.889225
-0.242617 1.960847
-0.290363 1.927129
-0.291772 1.904112
-0.220131 1.917939
-0.124653 2.010238
-0.303458 1.880405
-0.088936 1.774859
1.145849 -1.299121
-0.099702 1.717930
-0.239624 1.808628
-0.140626 1.721725
-0.320733 1.855603
-0.173333 1.768153
-0.006991 1.893875
-0.446309 1.917321
-0.181773 1.861965
-0.172486 1.906989
-0.402549 1.787445
1.153627 -1.261391
-0.296382 1.989403
-0.235872 1.730404
-0.305699 1.764540
-0.200132 1.719707
-0.217734 1.658192
-0.214623 2.012621
-0.399410 1.767354
-0.316274 1.857868
-0.282367 1.832431
-0.415920 1.828846
0.922356 -1.176153
-0.186713 1.812141
-0.318077 1.892115
-0.200010 1.810410
-0.090781 1.840990
-0.052428 1.814023
-0.237571 1.814722
-0.213887 1.738610
-0.168572 1.937958
-0.224569 1.910140
-0.303402 1.843586
1.145509 -1.186974
1.156341 -1.115817
-2.261805 -1.954195
-2.120162 -1.661440
-2.109217 -1.855254
-2.221255 -1.835071
-2.299648 -1.755703
-2.184174 -1.628215
-2.164090 -1.913380
-2.140583 -1.961565
-2.158829 -1.721031
-2.399188 -1.811016
0.958200 -1.262497
-2.038958 -1.726117
-2.248775 -1.950508
-2.155484 -2.010397
-2.349824 -1.832660
-2.043866 -1.788722
-2.276467 -1.839205
-2.240488 -1.792490
-2.263353 -1.723987
-2.225925 -1.796618
-2.380262 -1.907419
1.040581 -1.350516
-2.130700 -1.909837
-2.065395 -1.817885
-2.355081 -1.814138
-2.133294 -1.828796
-2.392128 -1.830981
-2.293713 -1.821535
-2.226170 -1.793015
-2.143439 -1.635386
-2.189338 -1.964372
-2.027217 -1.856266
1.070006 -1.279651
-2.276599 -1.882665
-2.319599 -2.012258
-2.170762 -1.735486
-2.138409 -1.937409
-2.190727 -1.808541
-2.108132 -1.913888
-2.248708 -1.774035
-2.229254 -1.750549
-2.283516 -1.729017
-2.192016 -1.839099
1.058337 -1.326941
-2.171590 -1.754686
-2.162794 -1.680714
-2.101471 -1.721271
-2.037969 -1.845693
-2.227882 -1.894844
-2.088940 -1.810745
-2.140619 -1.854304
-2.372382 -1.719399
-2.171428 -1.900740
-2.209434 -1.901266
1.086306 -1.300472
-2.210938 -1.665705
-2.103841 -1.689282
-2.254877 -1.891624
-2.195905 -1.891765
-2.082180 -1.937592
-2.283335 -1.897176
-2.364134 -1.908361
-2.114014 -1.892025
-2.308549 -1.790859
-2.313541 -1.843015
1.078830 -1.413531
-2.184438 -1.934435
-2.281525 -1.979723
-2.171858 -1.872259
-2.193278 -1.819928
-2.248765 -1.887985
-2.104956 -1.821279
-2.367424 -1.753298
-2.023639 -1.782303
-2.137314 -1.690672
-2.059654 -1.633953
1.148265 -1.160357
-2.358015 -1.933750
-2.168253 -1.803125
-2.253597 -1.851415
-2.327385 -1.726351
-2.206995 -1.666819
-2.167530 -1.783594
-2.128739 -1.819678
-2.100816 -1.678586
-2.106387 -1.760312
-2.299745 -1.933374
1.080837 -1.298042
-2.087811 -1.786506
-2.082636 -1.723055
-2.171149 -1.979338
-2.209993 -1.781582
-2.101866 -1.803930
-2.351304 -1.832509
-2.256434 -1.722762
-2.257653 -1.882390
-2.058331 -1.814667
-2.450189 -1.804873
1.060446 -1.351287
-2.178071 -1.722668
-2.300903 -1.859553
-2.207093 -1.748703
-2.252262 -1.924396
-2.235173 -1.903077
-2.098285 -1.892023
-2.212577 -1.996795
-2.190485 -1.852565
-2.404370 -1.883669
-2.243210 -1.757193
1.168281 -1.161496
0.990850 -1.432675
-2.449689 -0.112749
-2.441782 -0.081018
-2.431275 -0.414157
-2.506411 -0.049431
-2.590342 -0.038803
-2.577429 -0.293098
-2.480561 -0.088634
-2.583728 -0.008040
-2.611644 -0.188523
-2.414332 -0.179854
1.049687 -1.244192
-2.460271 -0.346325
-2.602369 -0.079098
-2.520738 -0.249602
-2.626085 -0.206888
-2.651154 -0.213649
-2.687706 -0.159856
-2.572993 0.022447
-2.669419 -0.137463
-2.594093 -0.362609
-2.670035 -0.011031
0.920106 -1.292399
-2.472973 -0.135952
-2.420147 -0.199706
-2.646022 -0.253213
-2.588247 -0.237937
-2.444009 -0.174298
-2.542834 0.004706
-2.606817 -0.054974
-2.529967 -0.192478
-2.610235 -0.021816
-2.665170 -0.057870
1.038603 -1.203951
-2.466082 -0.279419
-2.662686 -0.034265
-2.438879 -0.142139
-2.487583 0.035981
-2.401058 -0.140918
-2.560492 -0.285475
-2.601201 -0.309344
-2.494766 -0.229889
-2.698106 -0.155388
-2.643228 -0.173177
1.206141 -1.189308
-2.461363 -0.059922
-2.626738 -0.090092
-2.665504 -0.305705
-2.448912 -0.267671
-2.556926 -0.224329
-2.506983 -0.253750
-2.366015 -0.182532
-2.668731 -0.041883
-2.586262 -0.123261
-2.570119 -0.029008
0.975605 -1.391984
-2.551178 -0.044334
-2.642638 -0.181732
-2.507142 -0.264266
-2.388088 -0.188226
-2.537674 -0.232442
-2.556579 -0.241167
-2.694677 -0.167469
-2.397335 -0.107193
-2.569906 -0.127077
-2.592175 -0.035994
1.137584 -1.322179
-2.440054 -0.309619
-2.694712 -0.055523
-2.452329 -0.235462
-2.543124 -0.224720
-2.489174 -0.109403
-2.664738 -0.040602
-2.593928 -0.058935
-2.529939 -0.197000
-2.490661 -0.001438
-2.707396 -0.150146
1.166176 -1.290743
-2.577936 -0.140687
-2.533432 -0.125720
-2.478307 -0.165638
-2.694940 -0.261174
-2.585330 -0.147494
-2.556840 -0.185500
-2.488585 -0.168243
-2.517458 -0.069472
-2.520641 -0.199525
-2.396182 -0.016825
0.957700 -1.358796
-2.551269 -0.137627
-2.526249 -0.343388
-2.689644 -0.062268
-2.442010 -0.220769
-2.643085 -0.183861
-2.602446 -0.040742
-2.663897 -0.206892
-2.522856 -0.163901
-2.310251 -0.222979
-2.424127 -0.103184
0.919322 -1.068525
-2.581600 -0.050847
-2.542272 -0.157872
-2.499512 -0.021097
-2.452903 -0.035130
-2.605696 -0.309005
-2.620926 -0.194764
-2.436348 -0.309015
-2.637840 -0.277892
-2.525958 -0.135935
-2.608818 -0.220328
0.864474 -1.199901
1.202232 -1.318232
-1.988342 1.661540
-1.931876 1.767033
-2.008536 1.755725
-1.851313 2.008846
-2.118452 1.931967
-1.921907 2.052878
-1.808817 1.839111
-2.070556 1.824991
-1.960993 1.800103
-1.841120 1.850095
1.040858 -1.175350
-1.903951 1.704324
-1.951358 1.815355
-1.918348 1.909042
-1.877342 1.927090
-1.863341 1.773767
-1.879955 1.843955
-1.986122 1.859015
-1.914851 1.750184
-1.929682 1.970318
-1.928919 1.813460
1.009282 -1.197474
-2.128695 1.791503
-2.055027 1.913189
-2.004097 1.871534
-1.940401 1.797950
-2.104900 1.923487
-1.864075 1.944065
-2.031506 1.886613
-2.045501 1.818465
-1.944996 1.764525
-2.085039 1.956333
0.940511 -1.270219
-1.807047 1.814986
-2.090980 2.021075
-1.868982 1.715249
-2.006573 2.021596
-1.814155 1.872781
-2.059204 1.965906
-1.883017 1.943422
-1.808471 1.854899
-1.860860 1.968141
-1.888260 1.749984
1.215480 -1.261903
-2.107069 1.816926
-2.117376 1.863121
-2.118988 1.786266
-1.949517 1.853893
-2.046675 1.774709
-1.872290 1.858774
-1.799900 1.736071
-1.843709 2.023307
-1.975153 1.945308
-2.011634 1.768853
1.018057 -1.325461
-1.915685 1.808471
-1.916650 1.749960
-1.880977 1.917825
-1.848130 1.878082
-1.905725 1.793103
-1.805583 2.046107
-2.031643 1.886924
-1.831388 1.814175
-1.964952 1.879712
-1.844541 2.012303
1.121846 -1.438234
-1.950903 1.726136
-1.853192 1.958353
-2.065287 1.718843
-1.981275 1.796202
-1.826470 1.818636
-1.827487 1.707912
-1.944893 1.912466
-1.999197 1.874423
-2.023553 1.933713
-2.011323 1.689820
1.064620 -1.231310
-1.871796 1.950505
-1.928368 1.850002
-1.993664 1.986102
-1.846158 1.867264
-1.921123 1.817599
-1.907768 1.789324
-2.033111 1.723744
-1.987588 2.051908
-1.982127 1.877194
-1.955259 1.641514
1.002885 -1.250052
-1.944048 1.935009
-2.110268 1.888146
-2.032027 1.986033
-2.067901 1.815689
-2.019890 1.890382
-1.921162 1.793214
-1.952851 1.989380
-2.084519 1.841152
-2.040435 1.845974
-1.978545 1.983726
1.016238 -1.350315
-1.857718 1.733252
-1.997012 1.993748
-1.969910 1.951168
-2.047925 2.016783
-2.046435 1.911727
-2.000323 1.638028
-1.932664 1.822810
-2.088097 2.063811
-2.085490 1.834635
-1.978092 1.828143
1.144278 -1.253517
1.030011 -1.192578
0.892258 -1.301635
1.016149 -1.284109
1.067757 -1.375636
1.099656 -1.276324
1.070000 -1.435515
1.270179 -1.249479
1.154139 -1.130546
0.922168 -1.301266
1.153368 -1.301311
