900 2
2.063803 -0.925112
2.216610 -0.794931
1.976845 -1.028026
0.536409 -0.864697
0.348573 -0.705084
0.236749 -0.872960
0.506062 -0.810558
0.492770 -0.874524
0.399632 -0.788755
0.419160 -0.745163
0.302129 -0.825485
0.498351 -1.014521
0.420001 -0.920360
1.966067 -0.925213
0.321163 -0.940845
0.534645 -0.917650
0.471970 -0.741095
0.390228 -0.947762
0.413304 -1.018187
0.290349 -0.822740
0.308089 -0.794801
0.398130 -0.942543
0.478864 -0.915680
0.361830 -1.030089
2.176302 -0.890457
0.229674 -0.746062
0.409497 -0.915691
0.414701 -0.832673
0.240099 -0.741056
0.342064 -0.815542
0.328430 -1.075872
0.308882 -0.925223
0.324863 -0.964388
0.249378 -0.667428
0.250245 -1.079212
2.091610 -0.845039
0.443221 -0.928514
0.548731 -0.872586
0.334905 -0.805857
0.359684 -1.035945
0.493127 -0.789551
0.382307 -0.837806
0.178671 -0.847679
0.399412 -0.792030
0.375664 -0.894775
0.259760 -0.782299
2.012802 -0.807516
0.276910 -0.937788
0.471575 -0.834774
0.363481 -0.738917
0.276799 -0.821574
0.316276 -0.871544
0.523649 -0.902903
0.361907 -0.969157
0.306151 -0.936670
0.384069 -0.761258
0.316590 -0.940673
2.131851 -1.116748
0.391272 -0.771532
0.312584 -1.004093
0.441854 -0.910370
0.463917 -0.855871
0.302670 -0.822427
0.297992 -0.869153
0.311541 -1.066116
0.310198 -0.937019
0.258543 -0.974271
0.342535 -0.827981
1.918728 -0.922370
0.494550 -0.919676
0.342818 -0.686511
0.359943 -0.812783
0.395738 -0.811807
0.418417 -0.983742
0.422081 -0.991482
0.271757 -0.836962
0.528979 -0.998003
0.256392 -0.815860
0.506972 -0.873982
2.193896 -0.781990
0.310276 -0.983002
0.265007 -0.818302
0.463823 -0.813313
0.374460 -0.848839
0.400568 -0.982348
0.396245 -0.771960
0.190664 -0.810303
0.422322 -0.799353
0.455127 -0.742942
0.463424 -1.018913
2.151160 -1.046202
0.194333 -0.999361
0.356026 -0.849885
0.423856 -0.891039
0.317967 -0.923155
0.270329 -0.947938
0.372934 -0.937673
0.171584 -0.863499
0.335069 -0.958002
0.133587 -0.883392
0.391861 -0.973345
2.092523 -0.981617
0.449583 -0.837505
0.500709 -0.758159
0.348922 -0.902735
0.337689 -0.976597
0.438927 -0.758997
0.321636 -0.876969
0.533675 -0.757206
0.237098 -0.829233
0.307058 -0.903688
0.477386 -0.916815
1.965039 -0.892286
1.993342 -0.788975
-0.422179 -2.118238
-0.400659 -2.218863
-0.276711 -2.138990
-0.401762 -2.272395
-0.341427 -2.076774
-0.238956 -2.271729
-0.370565 -2.228504
-0.313550 -2.387347
-0.349066 -2.257746
-0.279416 -2.191875
2.145899 -1.041718
-0.343296 -2.333886
-0.096232 -2.214495
-0.361164 -2.178010
-0.506281 -2.188300
-0.223379 -2.309716
-0.373342 -2.121708
-0.487324 -2.090449
-0.445902 -2.055835
-0.259939 -2.266651
-0.400676 -2.126724
2.191744 -1.050801
-0.423319 -2.076941
-0.378974 -2.200778
-0.405217 -2.350755
-0.458783 -2.313888
-0.261132 -2.081737
-0.422936 -2.370200
-0.531228 -2.174121
-0.419036 -2.114010
-0.256673 -2.109206
-0.300866 -2.183448
2.204977 -0.927098
-0.417826 -2.092063
-0.449086 -2.123949
-0.513921 -2.184657
-0.206559 -2.191922
-0.334720 -2.122160
-0.500148 -2.146530
-0.445322 -2.185246
-0.573895 -2.091931
-0.376372 -2.322659
-0.446645 -2.247021
2.096070 -0.932331
-0.313567 -2.156736
-0.286489 -2.186231
-0.308230 -2.084063
-0.466489 -2.398931
-0.289215 -2.147026
-0.320952 -2.343037
-0.369266 -2.051667
-0.295281 -2.248944
-0.478175 -2.252332
-0.410431 -2.323408
2.143510 -0.906280
-0.551244 -2.168536
-0.212867 -2.146203
-0.287670 -2.231636
-0.357426 -2.364172
-0.428839 -2.095874
-0.378422 -2.341343
-0.398002 -2.166442
-0.479196 -2.265297
-0.297217 -2.210636
-0.458466 -2.244972
2.010098 -0.814329
-0.391991 -2.075171
-0.387437 -2.092794
-0.372953 -2.257153
-0.516672 -2.177149
-0.316416 -2.243940
-0.498414 -2.138152
-0.511624 -2.284813
-0.348285 -2.185588
-0.172685 -2.204509
-0.414968 -2.100987
2.190238 -0.879420
-0.264291 -2.190287
-0.357196 -2.066525
-0.330303 -2.143026
-0.268275 -2.341555
-0.477524 -2.120079
-0.353582 -2.230671
-0.240065 -2.115549
-0.388937 -2.082064
-0.540827 -2.186446
-0.228185 -2.310096
1.972899 -0.864993
-0.403124 -2.356295
-0.434179 -2.281991
-0.405815 -2.209596
-0.251250 -1.991839
-0.408465 -2.146198
-0.397348 -2.113561
-0.347857 -2.270851
-0.277437 -2.296931
-0.257397 -2.234811
-0.412949 -2.332212
2.093492 -0.854123
-0.255597 -2.003870
-0.533545 -2.132661
-0.348378 -2.262552
-0.376722 -2.263409
-0.349229 -2.188276
-0.279616 -2.173283
-0.374946 -2.072908
-0.233894 -2.329696
-0.386048 -2.438644
-0.460378 -2.270790
1.956265 -1.065773
2.107202 -0.958141
1.895063 -2.302611
1.845306 -2.263165
1.957104 -2.337250
1.835429 -2.197396
1.883359 -2.210076
1.730496 -2.552847
1.902256 -2.434246
1.806536 -2.462536
1.868279 -2.233778
1.998679 -2.370848
2.179772 -0.885434
1.729982 -2.435286
1.890240 -2.451972
1.932974 -2.447798
1.796016 -2.439462
1.813082 -2.427919
1.971688 -2.523199
1.857826 -2.419202
1.813716 -2.345990
1.954983 -2.183698
2.087538 -2.328640
2.014093 -0.787203
1.742102 -2.355706
1.982378 -2.372929
1.930450 -2.466737
1.872353 -2.271704
2.005030 -2.492900
1.784887 -2.418065
1.827298 -2.393474
2.000421 -2.425053
1.842435 -2.541362
1.780819 -2.434191
2.140974 -0.937729
1.901068 -2.543186
1.718145 -2.272548
2.059448 -2.448465
1.884067 -2.467563
1.896574 -2.381510
1.932062 -2.262371
1.981229 -2.373703
1.731709 -2.223182
1.670257 -2.432306
1.707698 -2.395993
2.047098 -0.820517
1.733530 -2.460978
1.868085 -2.374018
1.734492 -2.421035
1.807089 -2.496087
1.942833 -2.390111
1.919687 -2.449299
1.982575 -2.296151
1.907050 -2.486784
1.791356 -2.508417
1.974384 -2.399860
2.090146 -0.941254
1.767031 -2.334122
2.021320 -2.512168
1.746899 -2.279076
1.956708 -2.302171
1.819470 -2.508157
1.860574 -2.465216
1.726351 -2.374275
1.988877 -2.359473
1.917200 -2.460653
1.799413 -2.273657
2.108588 -1.002013
1.776328 -2.463656
1.801235 -2.434078
1.712822 -2.509865
1.676362 -2.465573
1.733507 -2.289523
1.841257 -2.255736
1.922496 -2.345659
1.793130 -2.259232
1.908448 -2.226879
1.742855 -2.294984
2.013614 -0.832541
1.788239 -2.440403
1.786668 -2.391303
1.742027 -2.320596
1.844845 -2.410155
1.913595 -2.342297
1.931033 -2.444841
1.779023 -2.278050
1.792012 -2.358284
1.900030 -2.253305
1.890478 -2.498013
2.266328 -0.967117
1.702437 -2.453623
1.753691 -2.305535
1.827685 -2.474643
1.869609 -2.305742
1.953557 -2.311086
1.801342 -2.451856
1.641773 -2.328698
2.040862 -2.363564
1.765619 -2.492940
1.986512 -2.365708
2.247084 -0.815354
1.701959 -2.385057
2.009111 -2.426315
1.816643 -2.423430
1.886418 -2.361149
1.962861 -2.335171
1.872964 -2.469813
1.870841 -2.294417
1.959463 -2.404175
1.814479 -2.499895
1.747859 -2.381269
1.987298 -0.966390
1.961169 -0.763680
-1.364907 -0.326382
-1.295103 -0.573015
-1.306031 -0.411929
-1.253950 -0.511739
-1.428779 -0.505221
-1.219620 -0.278887
-1.508396 -0.478464
-1.135620 -0.588768
-1.249079 -0.510889
-1.344569 -0.713131
1.995670 -1.038314
-1.161958 -0.560093
-1.396145 -0.755316
-1.514371 -0.609109
-1.328790 -0.566251
-1.363795 -0.448057
-1.345234 -0.593975
-1.311073 -0.389426
-1.305021 -0.408966
-1.374481 -0.774026
-1.306491 -0.651902
2.020309 -0.834272
-1.335562 -0.424667
-1.404949 -0.419667
-1.269212 -0.565276
-1.308903 -0.737545
-1.351800 -0.639579
-1.308982 -0.538252
-1.486058 -0.447366
-1.456698 -0.470878
-1.205249 -0.548504
-1.182849 -0.657486
2.211831 -0.808296
-1.491946 -0.466198
-1.243199 -0.379222
-1.227133 -0.584227
-1.218558 -0.448096
-1.398249 -0.686311
-1.303421 -0.750245
-1.357064 -0.545004
-1.455822 -0.504254
-1.286409 -0.596273
-1.166288 -0.640879
2.071242 -0.882475
-1.502285 -0.513106
-1.262087 -0.536238
-1.310150 -0.636042
-1.319503 -0.642039
-1.131752 -0.646655
-1.185987 -0.446639
-1.320270 -0.594166
-1.319146 -0.668867
-1.334812 -0.396788
-1.183339 -0.483546
2.127467 -0.809147
-1.147736 -0.592881
-1.359186 -0.420367
-1.439777 -0.588123
-1.383563 -0.526476
-1.346471 -0.663716
-1.336200 -0.525459
-1.283708 -0.422004
-1.239973 -0.681600
-1.274883 -0.478969
-1.323207 -0.580371
1.936375 -0.885689
-1.356570 -0.566441
-1.439596 -0.712116
-1.195446 -0.562224
-1.365985 -0.646861
-1.390724 -0.685842
-1.191796 -0.463222
-1.264352 -0.628636
-1.399003 -0.623976
-1.423721 -0.547729
-1.281954 -0.536566
1.992615 -1.054714
-1.212254 -0.424768
-1.310315 -0.634737
-1.290267 -0.505773
-1.261444 -0.672002
-1.222591 -0.680963
-1.277066 -0.522369
-1.273190 -0.511863
-1.300991 -0.355305
-1.201367 -0.431187
-1.434005 -0.469024
2.036662 -0.895335
-1.282043 -0.642182
-1.411881 -0.565392
-1.494175 -0.574539
-1.311301 -0.365568
-1.448855 -0.507546
-1.295990 -0.555715
-1.489103 -0.665701
-1.338506 -0.473351
-1.349522 -0.509120
-1.194262 -0.514670
2.191427 -0.940167
-1.440435 -0.563088
-1.416381 -0.447485
-1.439744 -0.481447
-1.171984 -0.587051
-1.241842 -0.612366
-1.418661 -0.553002
-1.315739 -0.399322
-1.388454 -0.456404
-1.282050 -0.612947
-1.416780 -0.523746
1.969303 -0.807865
2.085053 -0.988081
-0.831622 0.980931
-0.690120 1.013903
-0.856106 1.015100
-0.721240 0.992303
-0.710995 0.879017
-0.717928 0.929991
-0.691791 0.805179
-0.804897 0.849184
-0.785518 0.892580
-0.679978 0.904560
2.146030 -0.983184
-0.578856 0.981991
-0.864428 0.772270
-0.778531 0.885026
-0.908819 0.972137
-0.920436 0.958612
-0.860767 1.006664
-0.777297 1.076259
-0.772602 0.844233
-0.696218 1.093168
-0.677788 0.928888
1.986996 -0.834931
-0.612415 0.814642
-0.827764 0.932038
-0.703125 1.049280
-0.564449 1.073343
-0.746986 0.843397
-0.780602 0.820190
-0.879291 0.854696
-0.746875 0.907550
-0.685760 0.903974
-0.898080 0.926814
2.014499 -0.978401
-0.619660 1.006720
-0.782266 1.054163
-0.818264 1.048345
-0.764679 1.097777
-0.813000 1.005494
-0.676712 0.982305
-0.738053 0.810960
-0.586084 1.071551
-0.724525 0.890458
-0.688793 0.736727
1.995335 -1.043808
-0.659952 0.865162
-0.761390 0.851771
-0.896541 0.993061
-0.559996 0.937198
-0.893590 0.927710
-0.733334 0.924917
-0.949167 0.911782
-0.660376 0.868827
-0.790226 0.995285
-0.755710 1.056620
2.094666 -0.937471
-0.799668 0.865840
-0.799228 0.820544
-0.593440 0.836446
-0.691072 0.993103
-0.640161 1.085176
-0.771183 1.165332
-0.861953 0.954028
-0.670256 1.021969
-0.786387 0.989423
-0.748549 1.113958
1.960616 -0.912426
-0.733206 0.849737
-0.625675 0.930148
-0.660521 1.139825
-0.865160 0.831041
-0.498237 1.014591
-0.836564 1.022753
-0.735603 1.049241
-0.899713 0.886796
-0.706838 0.938015
-0.787499 1.149098
2.051921 -1.019154
-0.753689 1.073308
-0.690642 1.049025
-0.753590 0.822098
-0.897366 0.993930
-0.702841 0.940461
-0.830878 0.966033
-0.794231 0.978439
-0.841070 1.130536
-0.685585 0.988201
-0.756077 0.758949
2.124549 -0.903308
-0.592729 1.001482
-0.729484 0.843101
-0.842630 0.930425
-0.751125 0.735178
-0.717569 0.917217
-0.858220 1.009657
-0.932131 1.042476
-0.591463 0.906147
-0.663351 0.856872
-0.663569 0.903343
1.991430 -0.902981
-0.645693 0.922283
-0.938630 0.882853
-0.880540 0.822311
-0.713480 0.937754
-0.914204 0.955731
-0.806866 0.901356
-0.766742 1.059029
-0.696648 0.996345
-0.856014 1.085032
-0.847598 0.944354
1.825318 -0.914807
2.241286 -0.946051
-3.646508 0.457922
-3.702603 0.182283
-3.757399 0.291012
-3.620352 0.414284
-3.585927 0.285786
-3.707107 0.237580
-3.813271 0.377273
-3.664241 0.357978
-3.769731 0.291957
-3.560826 0.348810
1.909629 -0.945548
-3.608486 0.219179
-3.767498 0.313165
-3.789882 0.429063
-3.741236 0.324085
-3.710580 0.219826
-3.662063 0.359330
-3.628248 0.376697
-3.675575 0.410532
-3.630746 0.467049
-3.765157 0.391600
2.109659 -1.038957
-3.599294 0.227725
-3.690052 0.487407
-3.591181 0.312060
-3.723288 0.200618
-3.663704 0.170780
-3.712848 0.306640
-3.702551 0.229819
-3.578316 0.109369
-3.763364 0.121443
-3.584374 0.108507
2.104720 -0.886563
-3.745261 0.373708
-3.731982 0.337537
-3.608382 0.443385
-3.679799 0.311751
-3.648619 0.431980
-3.760790 0.291795
-3.753262 0.389543
-3.674583 0.162956
-3.701159 0.212117
-3.806640 0.294508
2.232643 -0.933451
-3.835219 0.268185
-3.614795 0.425558
-3.540308 0.155497
-3.835525 0.313866
-3.798080 0.295470
-3.550090 0.333983
-3.559124 0.379240
-3.672780 0.225282
-3.808556 0.159588
-3.740906 0.388184
2.094209 -0.834514
-3.752770 0.279924
-3.632440 0.262965
-3.663949 0.382796
-3.634699 0.242806
-3.566065 0.250744
-3.654312 0.214240
-3.595368 0.144401
-3.818112 0.247274
-3.541020 0.217394
-3.775238 0.237896
1.939996 -1.009964
-3.683591 0.359643
-3.808506 0.204458
-3.721174 0.298521
-3.814832 0.388303
-3.826043 0.176822
-3.625779 0.238632
-3.823751 0.236932
-3.605531 0.269543
-3.538176 0.250891
-3.727375 0.437959
2.127035 -1.047281
-3.695167 0.172513
-3.832787 0.321952
-3.647216 0.376101
-3.614562 0.280751
-3.623329 0.449860
-3.613512 0.176375
-3.572184 0.293333
-3.583018 0.241781
-3.542956 0.435752
-3.801197 0.159474
2.005302 -1.049069
-3.645867 0.179607
-3.737262 0.296997
-3.831216 0.120630
-3.743104 0.236281
-3.781886 0.402162
-3.856818 0.443157
-3.741574 0.439013
-3.603472 0.423061
-3.670973 0.206225
-3.836529 0.164719
2.169279 -0.897421
-3.674888 0.295588
-3.703583 0.225507
-3.799914 0.252154
-3.673109 0.251580
-3.822794 0.412271
-3.586900 0.174018
-3.718055 0.148055
-3.779749 0.292227
-3.642322 0.386669
-3.709840 0.308186
2.103614 -0.980462
2.035645 -0.987783
-3.171671 -0.984568
-3.278616 -0.965766
-3.163789 -0.891816
-3.199084 -0.879295
-3.221785 -1.039128
-3.033019 -0.824468
-3.226676 -0.939832
-3.037411 -1.081022
-3.261490 -1.100904
-3.147553 -0.878786
2.106808 -0.769998
-3.093155 -1.025230
-3.275354 -1.046816
-3.183038 -0.988274
-3.225683 -1.126116
-3.127644 -0.953446
-3.037979 -0.922004
-3.256446 -1.081555
-3.158389 -1.064160
-2.980139 -0.812423
-3.173800 -1.132123
2.094856 -0.860736
-3.127984 -0.867463
-3.203344 -0.897916
-3.267517 -1.019269
-3.255312 -1.104105
-3.010457 -0.998439
-3.202239 -0.871628
-3.103537 -0.957184
-3.279115 -0.946190
-3.230748 -1.092041
-3.157975 -1.016301
2.082242 -0.806148
-3.263022 -0.780010
-3.121164 -0.932397
-3.121833 -1.016189
-3.151952 -0.897033
-3.204942 -0.890804
-3.000394 -1.037491
-3.164224 -1.017376
-3.088779 -0.997765
-3.242788 -1.085513
-3.194457 -0.971635
2.108685 -0.789409
-3.120430 -1.069000
-3.177532 -1.039144
-3.092154 -1.026684
-3.219894 -0.911148
-3.098915 -0.887530
-3.217591 -1.032741
-3.365858 -0.823046
-3.187081 -1.144864
-3.075700 -0.972738
-3.151729 -0.904981
2.180343 -0.952793
-3.224394 -1.001207
-3.039323 -0.890181
-3.059335 -1.037654
-3.039052 -1.030540
-3.089932 -0.891797
-3.159123 -1.111856
-3.083198 -1.012947
-3.212589 -0.818019
-3.207230 -1.021818
-3.021738 -0.949491
2.226525 -0.989544
-3.232084 -0.811925
-3.163931 -0.915148
-3.198004 -1.062487
-3.297568 -0.914893
-3.039127 -1.015651
-3.230792 -1.068628
-3.076871 -1.109723
-3.268368 -0.955085
-3.195305 -1.077089
-3.125864 -1.129478
2.006697 -0.870318
-3.038189 -1.001446
-3.336466 -0.993256
-3.286075 -0.891418
-3.136007 -1.092762
-3.084242 -0.938734
-3.185108 -0.876418
-2.999026 -0.846772
-3.123879 -1.182733
-3.322741 -1.038312
-3.168214 -1.001853
2.065392 -0.856088
-3.291494 -0.786116
-3.184779 -0.789410
-3.151810 -0.830452
-3.254786 -0.949246
-3.237394 -0.973525
-3.142025 -0.958295
-3.302404 -0.865330
-3.041010 -1.035871
-3.234907 -0.785533
-3.271950 -0.873221
2.209466 -1.011688
-3.060339 -1.147248
-3.289740 -0.943188
-2.971868 -0.922714
-3.219902 -1.013294
-3.054676 -0.900366
-3.077870 -1.102467
-3.120662 -1.144765
-3.291550 -1.010814
-3.060853 -0.914824
-3.219199 -1.165277
2.033051 -0.972914
2.012581 -0.983059
-1.714851 1.949077
-1.948352 1.992725
-1.824593 1.839922
-1.786053 2.036072
-1.921834 1.950244
-2.050086 2.000995
-1.817444 2.104674
-1.811331 2.077274
-1.907943 2.019708
-1.745441 1.911603
2.197327 -0.886168
-1.886086 1.788525
-1.883360 1.951368
-1.835985 1.888420
-1.702080 2.076830
-1.921793 2.084464
-1.782928 1.912061
-1.774977 1.831574
-1.898047 2.076859
-1.697773 1.877570
-1.932385 2.133135
1.998379 -1.026269
-1.823454 2.021936
-2.016210 1.983061
-1.840858 1.859316
-1.843929 1.931838
-1.883977 1.968990
-1.964775 2.005201
-1.888819 2.060084
-1.903847 1.924435
-1.873725 1.843301
-1.964511 1.907789
1.957515 -0.981065
-1.716354 2.073741
-2.060530 1.970316
-1.775148 1.955189
-1.898590 1.929754
-1.796185 2.042569
-1.849781 1.963314
-1.729303 2.102062
-1.655318 1.855997
-1.761395 1.938817
-1.845858 1.801684
1.970725 -0.960892
-1.719049 2.034712
-1.975703 2.115117
-1.850686 1.955742
-1.920575 2.002726
-1.878412 1.970576
-1.994928 1.847708
-1.963908 1.991068
-1.779695 1.980840
-1.738147 1.882901
-1.751116 2.182621
2.013110 -0.822115
-1.969086 2.024983
-1.759238 2.118504
-1.924689 1.984347
-1.911974 2.025219
-2.011411 1.877228
-1.950892 1.757750
-1.902472 1.832260
-1.678501 1.957768
-1.940474 1.993492
-1.901935 1.881435
1.895451 -0.910944
-1.921087 1.913346
-2.037546 2.002743
-1.731224 2.024457
-1.878361 1.996235
-1.833817 1.825858
-1.879199 1.798181
-1.865144 1.860409
-1.792196 1.925841
-1.947299 1.898612
-1.855081 1.843646
2.054510 -0.887340
-1.836910 2.097979
-1.882895 1.888361
-1.900597 1.877962
-1.833880 1.909120
-1.715743 2.092488
-2.013188 1.951913
-1.880129 1.966129
-1.887696 1.682078
-1.806022 1.931502
-2.061293 1.931769
2.213298 -0.827665
-1.711060 1.983090
-1.868256 2.134556
-1.843954 2.078049
-1.860378 2.027145
-1.914802 1.886486
-1.881382 1.832096
-1.740194 1.920330
-1.913322 2.094702
-1.912444 1.963106
-2.024971 2.068770
1.890005 -0.915965
-1.770050 2.070196
-1.998063 1.959953
-1.770085 2.067111
-1.895350 1.869703
-1.836166 1.875271
-1.733808 1.983069
-1.800889 1.936686
-1.789834 1.942395
-1.942463 1.949756
-1.799221 1.912333
2.061839 -0.814890
2.234411 -0.933888
2.005342 -0.994155
2.082404 -0.835479
2.035097 -0.876466
1.977572 -0.853053
2.044856 -0.737025
1.980703 -0.968772
2.112622 -1.017391
2.125700 -0.801873
2.031723 -0.929970
