900 2
3.716354 -1.395367
3.866816 -1.063974
4.060608 -0.976525
4.767448 0.695359
4.790958 0.569571
4.609718 0.784325
4.646649 0.533991
4.672977 0.589894
4.779325 0.675139
4.853697 0.666103
4.637596 0.676660
4.698466 0.579510
4.724338 0.903577
-5.098826 -9.067802
4.707607 0.516621
4.814193 0.643945
4.579329 0.739058
4.623932 0.785735
4.577203 0.697462
4.567285 0.755779
4.636734 0.590778
4.809658 0.604037
4.622395 0.707598
4.661427 0.659909
3.953973 -1.054409
4.724732 0.459462
4.647959 0.635437
4.808539 0.543757
4.776499 0.556074
4.548216 0.793964
4.668330 0.844902
4.873928 0.617781
4.700331 0.786683
4.784780 0.788544
4.637478 1.014068
3.746760 -1.245774
4.745317 0.897853
4.832489 0.624840
4.592052 0.565488
4.579760 0.687367
4.821661 0.653572
4.803456 0.810749
4.724768 0.755278
4.909925 0.576055
4.655964 0.729346
4.777483 0.621524
3.898912 -1.087850
4.667700 0.738505
4.841800 0.803645
4.789987 0.724310
4.765429 0.779930
4.702032 0.699116
4.500341 0.628032
4.740282 0.725522
4.745317 0.786216
4.752088 0.524318
4.611642 0.763613
3.868483 -0.752870
4.781089 0.663284
4.672914 0.575882
4.716674 0.692361
4.766735 0.732103
4.643674 0.836124
4.787982 0.689522
4.656708 0.741267
4.735154 0.851906
4.716363 0.777611
4.676762 0.565905
5.260855 -0.367522
4.816335 0.701889
4.801889 0.509094
4.702407 0.866100
4.572016 0.669485
4.689352 0.734997
4.637102 0.582640
4.641919 0.688288
4.702648 0.471007
4.793139 0.450650
4.692257 0.606201
3.805401 -1.320807
4.698618 0.905119
4.893668 0.693398
4.637198 0.808580
4.736893 0.524120
4.673815 0.566564
4.706925 0.604453
4.678321 0.649800
4.736666 0.626229
4.641657 0.698000
4.833342 0.649307
3.986595 -0.946860
4.651110 0.840519
4.581541 0.656607
4.666306 0.575922
4.692698 0.651831
4.787581 0.675611
4.729558 0.682245
4.786606 0.573281
4.577460 0.647457
4.525698 0.765590
4.528924 0.593962
3.996537 -0.847741
4.822415 0.656429
4.658924 0.478245
4.850552 0.789082
4.644396 0.679804
4.711777 0.633312
4.783377 0.581042
4.675263 0.526179
4.898643 0.824717
4.685249 0.808053
4.789238 0.599942
3.931510 -1.071541
22.105175 15.309291
4.059735 2.149911
3.916939 2.081269
4.068172 2.044702
3.946876 2.123967
3.809734 2.106520
4.145825 1.976400
4.082410 2.006198
4.111612 2.025157
4.051624 2.244399
4.118127 2.121162
4.143533 -0.763807
4.185982 2.030544
4.132651 2.023635
4.136404 2.068516
3.954976 2.029388
3.978956 1.944158
4.034276 2.137778
4.044827 1.899953
4.051018 2.013554
3.883611 2.169160
4.064913 2.198831
3.925710 -1.033362
3.942931 2.091089
4.004786 2.168238
4.124129 2.097119
4.103487 2.166437
4.319290 2.057093
4.222545 2.159488
4.101879 2.131695
4.060666 2.109471
4.214527 2.060103
4.148373 2.277840
-nan -nan
4.038941 2.205245
4.073519 2.135126
4.116745 2.124492
4.090747 2.026065
4.186809 2.052350
4.221993 2.162122
3.945268 2.112671
4.289000 2.175670
4.161110 2.080629
4.064791 2.106108
-nan -nan
4.048596 2.212696
4.179740 2.200190
4.033303 1.940042
4.097223 2.049977
3.927485 2.228751
4.111267 2.011070
4.044435 2.068369
4.062862 1.996066
3.960611 2.031933
3.968961 1.994621
-nan -nan
4.257648 2.111932
4.128685 2.110063
4.070183 2.186411
4.086712 2.143998
4.323411 2.086370
4.203468 2.007745
4.119845 2.214830
4.145094 2.227582
4.005024 2.112897
4.212224 2.054835
-nan -nan
3.847918 2.115956
4.072227 2.000275
4.187826 2.134119
4.114474 2.013974
4.097946 2.152499
4.082194 2.053313
4.044797 1.946721
4.107481 2.063629
4.248798 1.925652
3.953427 1.942905
-nan -nan
3.956701 2.092273
3.943324 2.151653
4.118655 2.307950
4.197828 2.105132
4.201490 2.030542
4.194997 2.039891
4.215952 2.165375
4.224403 2.133767
4.019057 1.925683
4.248611 1.978269
3.778647 -1.241852
4.127058 2.312572
4.001509 2.232596
4.204582 2.053614
4.022463 2.263685
4.074767 2.166330
3.991903 2.091473
3.983771 1.935400
4.185885 1.951619
3.961206 1.946188
4.191322 2.267816
3.802074 -0.872224
4.102161 2.031359
3.985978 2.010381
4.210645 2.083914
4.146526 2.233178
4.139743 2.186487
4.101758 1.913810
4.042466 2.267610
4.178113 2.205376
4.036125 2.163044
4.077617 2.154686
-nan -nan
4.003721 -1.062340
2.760509 -0.936232
2.484024 -1.044698
2.765514 -0.915318
2.717899 -0.980168
2.550076 -1.135186
2.502209 -1.086075
2.568159 -0.993768
2.813109 -0.935823
2.420350 -1.048833
2.493310 -0.974698
3.784821 -1.104226
2.600144 -1.061831
2.520805 -0.891293
2.623800 -1.007736
2.428802 -0.953210
2.468448 -1.087783
2.756601 -0.818336
2.578795 -0.960317
2.542511 -0.919570
2.804971 -0.920153
2.674875 -0.818108
-nan -nan
2.463152 -1.090979
2.661433 -0.900842
2.644963 -0.931079
2.785130 -0.950197
2.722733 -0.940169
2.518578 -0.948105
2.475036 -1.003056
2.498378 -0.847832
2.515914 -1.072501
2.712723 -1.025828
4.195770 -0.932424
2.678341 -0.835433
2.436867 -0.996097
2.522792 -1.033827
2.595451 -1.002829
2.637356 -0.913686
2.691118 -0.998339
2.523190 -0.752522
2.485090 -1.087163
2.654642 -1.023992
2.664678 -1.005995
-nan -nan
2.483141 -1.140559
2.599064 -0.857212
2.586851 -1.045136
2.775634 -1.019718
2.652505 -1.003986
2.531021 -0.926628
2.488425 -0.942420
2.657190 -0.828193
2.707853 -1.059519
2.636164 -1.026595
3.955084 -0.994564
2.553821 -0.983970
2.565338 -0.715571
2.432363 -1.071288
2.487504 -0.818484
2.502346 -0.925849
2.577432 -0.881821
2.533697 -0.778962
2.408026 -0.971671
2.648457 -0.885425
2.769586 -0.879791
4.170047 -0.968435
2.688078 -0.887806
2.708445 -0.911304
2.617231 -1.024274
2.576907 -1.096722
2.499057 -1.011065
2.699091 -0.976699
2.656636 -0.939451
2.442486 -0.909212
2.768669 -1.035731
2.735005 -0.887033
3.956809 -0.891011
2.535417 -0.848828
2.675867 -0.802070
2.578274 -0.983734
2.728640 -0.973301
2.478006 -0.947020
2.825968 -0.907251
2.609925 -1.097070
2.588804 -1.042744
2.670566 -0.882023
2.766655 -0.924743
3.965833 -0.980068
2.582297 -1.007750
2.461115 -1.025630
2.527044 -0.902395
2.705184 -1.011299
2.697546 -0.879910
2.597375 -0.819461
2.452011 -0.936588
2.381384 -1.003264
2.577233 -0.802622
2.773579 -0.866952
-nan -nan
2.467826 -1.037310
2.622414 -0.929143
2.849839 -0.921996
2.590278 -0.810069
2.432426 -0.887932
2.430507 -0.881589
2.615294 -0.909180
2.557226 -0.981588
2.520247 -1.052782
2.562834 -0.968435
-nan -nan
-nan -nan
1.324938 0.039753
1.467850 0.005971
1.255815 -0.089156
1.569844 -0.015454
1.286259 -0.096755
1.246370 -0.255161
1.301430 -0.107051
1.344690 -0.049943
1.493098 -0.169266
1.615603 -0.170567
-nan -nan
1.375423 -0.151828
1.395900 -0.159440
1.473936 -0.245944
1.312303 -0.161155
1.268245 -0.143156
1.222860 -0.166965
1.381755 -0.286625
1.561853 -0.204241
1.410301 -0.300503
1.465657 -0.010762
4.144686 -1.073533
1.351409 -0.006171
1.483774 -0.086804
1.447881 -0.112527
1.478844 -0.135634
1.276923 -0.127044
1.397165 -0.020014
1.432880 -0.103186
1.337517 -0.082808
1.390698 -0.186379
1.278552 -0.232400
3.945276 -1.080374
1.486375 -0.108671
1.328530 -0.138861
1.456029 -0.002086
1.455232 -0.225750
1.297930 -0.126100
1.310078 -0.114378
1.387096 -0.034807
1.451528 0.001267
1.321604 0.069642
1.410361 -0.142012
3.899522 -0.835030
1.513039 -0.214054
1.526927 -0.114674
1.479938 -0.114520
1.455339 -0.205681
1.528038 -0.367709
1.489195 -0.237493
1.271276 -0.279896
1.485175 -0.329467
1.387864 -0.284537
1.296881 -0.039777
4.096556 -0.800263
1.505968 -0.024991
1.527409 -0.003888
1.412880 -0.318467
1.325931 -0.211053
1.552345 -0.268952
1.415444 -0.014915
1.525970 -0.000917
1.325869 -0.055908
1.380185 -0.079755
1.358269 -0.130992
3.821643 -1.041720
1.393084 -0.162317
1.391604 -0.223505
1.419680 -0.119463
1.287336 -0.139595
1.252034 -0.285259
1.313649 -0.169134
1.425116 -0.128448
1.510124 -0.042327
1.340712 -0.191533
1.427673 -0.219413
4.001293 -1.156631
1.400016 -0.007175
1.365213 -0.031787
1.519125 -0.141620
1.394537 -0.296975
1.250090 -0.231212
1.461542 -0.066058
1.517023 -0.175696
1.471318 -0.226387
1.227586 -0.171532
1.426404 -0.295526
3.765449 -0.975306
1.367133 -0.100203
1.465316 -0.195266
1.539576 -0.252243
1.452658 -0.273812
1.490005 -0.191942
1.591347 -0.007228
1.304896 -0.063844
1.366240 -0.159260
1.343322 -0.164478
1.414705 -0.275133
4.027893 -0.930854
1.526181 -0.064004
1.359859 -0.276248
1.450226 -0.333154
1.263380 -0.118771
1.461228 -0.336770
1.534290 -0.074858
1.391501 0.068648
1.445917 -0.198800
1.288245 -0.081810
1.403704 -0.220546
3.759293 -1.229328
3.451072 -1.610887
2.313022 1.805342
2.417198 1.953299
2.313637 1.966802
2.179709 1.893809
2.310325 1.968396
2.343720 1.987094
2.382776 2.066329
2.226460 1.880818
2.105818 1.929396
2.358130 1.955766
3.941237 -1.014345
2.259471 1.864418
2.211416 2.104835
2.246561 2.054706
2.319499 2.109533
2.238002 1.827153
2.311762 2.077327
2.082106 2.040678
2.049300 2.023444
2.217660 1.912858
2.213885 1.777845
4.031714 -0.899247
2.163535 1.929559
2.276180 2.092805
2.052963 1.954548
2.212515 1.819486
2.270632 1.921531
2.317968 1.970013
2.116966 1.814111
2.317081 1.848217
2.238686 1.981482
2.079665 1.975323
3.829499 -0.990447
2.228159 1.764877
2.217913 1.951927
2.182306 1.741742
2.334676 1.831409
2.394469 2.041270
2.191145 1.978999
2.326838 2.038182
2.326434 1.885496
2.369609 1.858042
2.313104 2.038136
4.126204 -0.930486
2.350902 1.931914
2.260961 2.140455
2.169895 1.881092
2.207595 1.905947
2.104072 1.884164
2.297664 1.918132
2.350052 2.073699
2.219006 2.062018
2.174076 1.865448
2.210903 1.832962
4.239191 -0.847941
2.330492 2.097483
2.244444 1.924330
2.321651 2.135482
2.244485 1.890228
2.297671 1.834768
2.217921 1.949430
2.119552 2.067929
2.175385 1.998881
2.337581 2.027909
1.931571 1.971007
-nan -nan
2.160535 2.024194
2.201044 1.951837
2.136988 1.997646
2.188280 1.813878
2.156025 2.029508
2.118512 2.003043
2.069859 1.898900
2.157775 1.893506
2.348900 1.963782
2.293783 1.992125
3.843589 -0.976723
2.289188 1.898242
2.217463 1.823253
2.223682 1.863194
2.161827 1.995767
2.094869 1.950067
2.372766 2.013783
2.161815 2.016980
2.220639 1.904359
2.235204 1.831070
2.172954 1.757188
-nan -nan
2.135835 1.986612
2.365772 1.849324
2.088903 2.021496
2.138616 1.968102
2.171275 2.072306
2.207437 1.969319
2.085224 1.930207
2.311093 1.991635
2.264266 2.034180
2.262857 2.014992
4.006249 -0.885560
2.340881 2.095832
2.102717 2.005031
2.353365 2.042382
2.231021 1.797120
2.331834 1.872909
2.152859 1.821916
2.173772 2.019964
2.210473 1.916451
2.128598 2.063557
2.121550 2.075341
4.200534 -0.768010
-nan -nan
3.009844 -2.983794
3.077862 -3.020842
2.895819 -2.972561
3.076127 -2.982482
2.953671 -3.183063
2.990942 -3.017872
3.024231 -2.986896
2.901027 -3.011535
2.942831 -2.833473
2.870473 -3.071752
-nan -nan
2.982873 -3.100876
3.221741 -2.993923
3.069752 -3.110903
3.054782 -3.080581
2.923517 -3.072886
3.014328 -3.159554
2.940717 -2.989034
3.069073 -2.853160
3.117045 -2.851327
2.932328 -3.179539
3.837629 -1.109348
3.124985 -2.784497
2.915917 -2.990365
3.004993 -3.010018
3.055941 -2.997551
2.918106 -3.059413
3.139595 -2.927455
2.981452 -2.966672
2.870203 -2.915389
3.066002 -3.131985
2.905543 -3.056704
-nan -nan
3.024153 -2.899023
3.100761 -2.984459
3.002838 -3.132357
2.994514 -3.014009
3.090029 -2.984111
3.031642 -2.893438
3.242241 -2.901449
3.048378 -2.865128
3.032244 -2.835437
3.055910 -2.988525
3.901119 -0.949245
3.033718 -3.203454
3.008878 -3.047368
2.991179 -3.109298
2.995219 -2.897199
2.985549 -2.953609
2.980705 -2.916189
2.907573 -3.158807
3.157533 -2.834997
2.940562 -3.052844
3.022462 -3.060093
4.087948 -0.895222
3.124221 -3.183950
2.916900 -3.055472
3.036823 -3.066127
3.167275 -3.037737
3.042967 -3.100300
2.933441 -3.073982
3.182386 -2.938089
2.933279 -3.193524
3.190667 -3.069171
3.110509 -3.116043
-nan -nan
3.111619 -3.046298
3.174329 -3.120102
3.190320 -3.125628
3.198736 -2.906003
3.062197 -2.877394
3.031720 -3.102845
3.007219 -3.049179
2.978647 -3.171880
3.095494 -3.034302
2.975423 -3.149763
3.956651 -0.905541
3.312793 -3.053083
2.950132 -3.073220
3.142385 -2.988044
3.088742 -3.005150
2.819273 -2.976980
2.958893 -3.161497
2.895063 -3.018749
3.049356 -3.098690
2.932980 -2.993544
3.017322 -3.007644
3.884598 -0.938814
3.019238 -2.966357
3.074223 -3.110582
2.960726 -2.848877
2.974594 -3.185327
3.044553 -3.038058
3.155684 -3.033038
3.106226 -3.137588
3.022290 -2.926479
2.963366 -2.946724
3.106209 -2.903625
-nan -nan
3.155424 -3.065879
3.130917 -3.057262
3.031960 -3.169673
3.207652 -2.926981
3.163958 -2.977862
3.006328 -2.996456
3.125060 -2.885904
2.991778 -2.922804
3.123759 -3.049883
2.990686 -2.929092
3.987965 -0.923377
3.869819 -1.003806
1.672724 -2.694722
1.524967 -2.651614
1.707873 -2.855218
1.453540 -2.757432
1.519390 -2.769057
1.605842 -2.691117
1.588373 -2.593029
1.587647 -2.498798
1.397820 -2.650411
1.508940 -2.825671
3.849382 -0.896874
1.505353 -2.813316
1.636457 -2.574123
1.467425 -2.699945
1.512240 -2.561409
1.675423 -2.774323
1.501661 -2.584002
1.625465 -2.805779
1.458529 -2.766272
1.747130 -2.561548
1.628415 -2.680912
4.103639 -0.940695
1.707862 -2.758834
1.519358 -2.810835
1.705080 -2.689319
1.695596 -2.671459
1.716475 -2.640245
1.607046 -3.021245
1.517935 -2.605199
1.634570 -2.560153
1.585244 -2.650596
1.590415 -2.714145
-nan -nan
1.757588 -2.680091
1.573351 -2.530787
1.627705 -2.563106
1.763689 -2.800064
1.682821 -2.785903
1.551267 -2.632527
1.667697 -2.677966
1.549332 -2.756245
1.594004 -2.623324
1.395960 -2.680630
3.995481 -1.083378
1.606907 -2.681403
1.680356 -2.609236
1.564015 -2.692210
1.587332 -2.791446
1.542479 -2.684280
1.446737 -2.852089
1.597355 -2.723181
1.423474 -2.723521
1.638355 -2.684948
1.458580 -2.787188
3.821631 -1.054531
1.538764 -2.559032
1.655377 -2.673412
1.487414 -2.692034
1.559612 -2.827727
1.636620 -2.700568
1.647479 -2.685142
1.537835 -2.825643
1.684844 -2.490426
1.597906 -2.722975
1.592136 -2.770335
3.929429 -1.053125
1.764365 -2.789245
1.443445 -2.763905
1.445106 -2.710098
1.582672 -2.871347
1.683394 -2.544396
1.579062 -2.684304
1.490787 -2.824466
1.674148 -2.655468
1.544705 -2.610645
1.575031 -2.796594
-nan -nan
1.694957 -2.599135
1.443041 -2.695731
1.718943 -2.853542
1.574817 -2.618935
1.699984 -2.815572
1.562668 -2.614428
1.688741 -2.786804
1.487116 -2.704349
1.523431 -2.537828
1.641633 -2.738797
4.062248 -0.864455
1.746200 -2.621487
1.623803 -2.624425
1.583238 -2.812811
1.684589 -2.792092
1.633396 -2.802323
1.616079 -2.571114
1.578255 -2.796722
1.734755 -2.561163
1.589832 -2.582714
1.549232 -2.852150
3.963148 -1.087318
1.478933 -2.833181
1.547776 -2.899175
1.536788 -2.776153
1.482934 -2.799092
1.548975 -2.698996
1.446135 -2.696403
1.498736 -2.616911
1.478663 -2.702581
1.688449 -2.671409
1.520090 -2.669871
3.714235 -1.068972
-nan -nan
0.612300 2.321720
0.561381 2.318816
0.585456 2.287907
0.597385 2.069029
0.719238 2.197647
0.643045 2.186402
0.546290 2.070125
0.492408 2.113226
0.538333 2.188901
0.762037 2.093946
-nan -nan
0.692192 2.104818
0.521973 2.358215
0.773284 2.209200
0.835277 2.278439
0.575168 2.393934
0.579542 2.268072
0.745264 2.331683
0.526446 2.276194
0.723962 2.171558
0.646530 2.264590
3.964418 -1.032919
0.557836 2.121888
0.788257 2.282135
0.789169 2.175271
0.750927 2.234345
0.797055 2.129012
0.623428 2.034028
0.660755 2.258100
0.751127 2.053837
0.715295 2.302055
0.677326 2.290522
3.827944 -1.105404
0.604474 2.115482
0.637317 2.130129
0.629566 2.281623
0.649627 2.167877
0.745649 2.151674
0.741580 2.111176
0.783113 2.231776
0.793154 2.052561
0.726181 2.183039
0.817999 2.191260
-nan -nan
0.726717 2.031376
0.744387 2.178704
0.563991 2.252038
0.538771 2.195314
0.493952 2.242417
0.517559 2.146515
0.535933 2.131923
0.777472 2.232161
0.704959 2.141054
0.706606 2.292990
3.940459 -1.127904
0.406992 2.175347
0.734308 2.215985
0.502582 2.088587
0.488743 1.997252
0.761068 2.294628
0.878074 2.272530
0.648966 2.183375
0.487875 2.058519
0.558379 2.074159
0.633180 2.145379
3.972526 -1.069544
0.482844 2.191152
0.480711 2.159658
0.713810 2.077031
0.602042 2.181754
0.585602 2.186590
0.661258 2.200559
0.793993 2.375614
0.609708 2.119368
0.699524 2.154579
0.730706 2.288823
3.905812 -1.040684
0.623155 2.232307
0.767759 2.341113
0.739901 2.179081
0.607966 2.191606
0.774266 2.314516
0.649930 2.360550
0.580782 2.198262
0.874493 2.252936
0.671469 2.059937
0.732224 2.188338
4.008920 -0.863350
0.647557 2.279964
0.549600 2.150128
0.715769 2.204139
0.493558 2.137531
0.766217 2.235780
0.743236 2.263789
0.519740 2.181674
0.605031 2.236965
0.690896 2.350613
0.519059 2.146699
3.759070 -1.201723
0.562235 2.342439
0.682029 2.361737
0.809031 2.291850
0.569978 2.031351
0.590436 2.076682
0.615234 2.047480
0.661090 2.328923
0.671990 2.294814
0.739151 2.235702
0.760006 2.279083
4.162151 -0.917692
3.775662 -0.975784
4.047897 -1.069831
-nan -nan
4.067183 -1.004791
3.873445 -1.139470
3.961661 -1.022362
-nan -nan
-10.809619 -14.559787
3.957807 -0.802115
-nan -nan
