900 2
0.494980 3.199244
0.604820 3.164480
0.703613 3.193267
-1.120149 1.990773
-1.132396 2.209261
-1.214219 2.257199
-1.025509 2.142004
-0.933988 2.096864
-0.889270 2.093680
-1.156952 2.156387
-1.093625 2.151533
-0.871275 2.163192
-1.048260 2.313768
0.527152 3.230506
-1.109978 2.179484
-0.899651 1.966366
-0.972901 2.200438
-1.046783 1.891210
-1.180462 1.979658
-1.128335 2.244120
-0.974127 2.214639
-1.019184 2.092838
-0.947152 1.897757
-0.973548 2.117320
0.671613 3.064769
-1.034595 2.114916
-1.125112 2.133641
-1.004315 1.980057
-0.940207 2.070642
-1.209720 2.041031
-1.268075 2.003464
-1.119128 2.020171
-0.962287 2.090123
-1.056276 2.145129
-1.290358 2.081380
0.610593 3.032204
-1.032348 1.971761
-1.023536 2.152225
-1.092423 1.964875
-1.003528 2.215538
-1.037709 1.959167
-1.088815 2.133080
-1.246643 2.158749
-1.095000 2.022292
-1.126897 2.069252
-1.099670 2.036968
0.548429 3.137741
-1.093135 2.194268
-1.069401 2.087221
-0.998918 2.119609
-1.038840 2.228464
-1.047739 2.016141
-1.206781 1.983737
-1.130572 2.212739
-1.156050 1.977323
-1.049773 2.051614
-1.096704 1.948626
0.852377 3.160354
-1.063832 2.050215
-0.976686 1.905399
-1.028639 1.957736
-0.917604 2.183247
-1.066696 2.216966
-1.122958 1.951482
-1.235499 2.083097
-1.105534 2.129975
-1.009756 2.180500
-0.981539 1.885130
0.640019 3.248667
-0.935051 1.880286
-1.139510 2.134961
-1.204661 2.005581
-0.997135 2.074591
-1.102037 2.040990
-1.163174 2.018414
-1.024272 1.956184
-1.032364 2.208848
-1.024992 2.006811
-1.029226 2.008621
0.542656 3.066266
-0.958201 1.956065
-0.990088 1.886709
-1.071854 2.063430
-0.992728 2.103092
-0.971333 2.144034
-1.067634 2.080567
-1.138811 2.114807
-0.965900 2.249137
-1.112844 2.228706
-0.941664 1.966486
0.645959 3.044485
-1.140300 1.996036
-1.066974 2.034010
-1.072275 2.066552
-0.961735 1.930755
-1.142662 1.998818
-0.924223 2.139374
-1.051931 1.999734
-1.196209 2.102997
-1.210694 2.119395
-1.050935 2.241051
0.622212 3.182320
-0.972129 2.206976
-1.053417 2.196946
-1.146973 2.006398
-1.198488 2.037982
-1.064473 1.979357
-1.081021 2.140907
-1.067314 2.184257
-1.230913 2.080641
-1.005872 2.074157
-0.871717 1.990958
0.564562 3.016931
0.678115 3.141637
-3.705869 0.700560
-3.563985 0.674149
-3.826852 0.684756
-3.638928 0.567422
-3.626605 0.654054
-3.744321 0.538365
-3.808773 0.683977
-3.759812 0.706815
-3.776114 0.548349
-3.767274 0.549712
0.442976 2.974684
-3.792000 0.629701
-3.674592 0.728005
-3.810640 0.591120
-3.703069 0.790657
-3.764642 0.780735
-3.889226 0.515045
-3.710133 0.455789
-3.573926 0.543102
-3.536090 0.555151
-3.872267 0.542166
0.459813 3.180195
-3.619411 0.740824
-3.802122 0.476702
-3.854478 0.581241
-3.827777 0.622053
-3.787835 0.576300
-3.795670 0.496314
-3.618317 0.746899
-3.591804 0.416629
-3.496968 0.476401
-3.778701 0.695421
0.526257 3.218712
-3.873981 0.538683
-3.833035 0.675957
-3.745615 0.407582
-3.644235 0.524384
-3.689956 0.493939
-3.600052 0.456122
-3.656472 0.527014
-3.668661 0.704295
-3.676996 0.759948
-3.697447 0.624093
0.704804 3.273735
-3.700087 0.479974
-3.831634 0.503765
-3.853676 0.542731
-3.812217 0.529189
-3.752054 0.635311
-3.734063 0.707374
-3.500406 0.621512
-3.628353 0.538536
-3.839354 0.665184
-3.878034 0.686082
0.767353 3.262821
-3.686594 0.597835
-3.751004 0.726374
-3.686760 0.442506
-3.745831 0.468595
-3.722069 0.525338
-3.822654 0.779104
-3.841574 0.716808
-3.794816 0.645065
-3.677108 0.706635
-3.701452 0.442693
0.561993 3.126366
-3.537521 0.557100
-3.851812 0.750595
-3.680264 0.516958
-3.705845 0.713190
-3.732482 0.623353
-3.863034 0.644400
-3.807905 0.813529
-3.889895 0.654287
-3.603848 0.510111
-3.819062 0.526381
0.735051 3.072551
-3.643382 0.738495
-3.584285 0.693016
-3.752144 0.604350
-3.822807 0.605974
-3.666146 0.508757
-3.776151 0.559524
-3.688414 0.441905
-3.703759 0.696143
-3.694971 0.499745
-3.785644 0.810418
0.516696 3.144787
-3.736961 0.639556
-3.711573 0.599801
-3.768953 0.729932
-3.584148 0.491075
-3.709062 0.702217
-3.726071 0.769003
-3.710201 0.623378
-3.724043 0.670762
-3.624086 0.655666
-3.669052 0.510272
0.672817 3.087244
-3.571001 0.518241
-3.628527 0.466062
-3.775605 0.491731
-3.780807 0.587435
-3.764356 0.461421
-3.531330 0.696530
-3.540113 0.604535
-3.731600 0.564997
-3.756627 0.806774
-3.831253 0.616150
0.595923 3.004248
0.530285 3.160989
1.297323 1.859967
1.226521 1.989331
1.270688 1.931271
1.268262 2.020601
1.317114 1.791813
1.286789 1.939867
1.359135 1.882146
1.225350 2.002160
1.256120 2.011520
1.288902 1.792390
0.617880 3.016119
1.111097 1.845608
1.232439 1.909689
1.077807 1.821224
1.188480 1.832695
1.234820 2.031262
1.353076 1.854611
1.317266 1.676093
1.389462 1.762969
1.185210 1.805268
1.313751 1.785297
0.537054 3.257860
1.184404 1.826345
1.241930 1.829143
1.331165 1.778362
1.316168 1.749870
1.169961 1.980511
1.116529 1.817914
1.225592 1.836279
1.420889 1.829426
1.265376 1.962376
1.216314 1.802854
0.613209 3.079434
1.271810 1.761790
1.097100 2.068793
1.281199 1.824780
1.330841 1.960640
1.365113 1.824031
1.210057 1.833263
1.098081 1.840401
1.203352 2.071048
1.232251 1.905069
1.166677 1.793076
0.766853 3.200500
1.345035 2.024412
1.225684 1.903341
1.173529 1.811561
1.435674 1.854245
1.454442 1.879191
1.393932 1.911090
1.199452 1.796784
1.244283 1.880325
1.318875 1.842029
1.347232 1.957069
0.545554 3.255312
1.267858 1.971770
1.054860 1.886357
1.266755 2.001489
1.231939 1.812136
1.200345 1.926041
1.286762 1.830101
1.322422 1.821953
1.244888 1.789515
1.249326 1.948164
1.334581 2.016731
0.492767 3.193949
1.152693 1.924826
1.243944 1.891126
1.289950 1.851849
1.160752 1.693148
1.151453 1.921479
1.214358 1.726305
1.343220 1.961553
1.216899 1.653224
1.333833 1.941722
1.406191 1.744962
0.631164 3.025181
1.193206 1.954374
1.350267 1.796374
1.356164 1.939144
1.148944 1.964046
1.263045 2.010192
1.346115 1.874967
1.330099 1.960059
1.257152 1.974772
1.196985 2.029057
1.229484 1.823439
0.677862 3.246289
1.283366 1.735460
1.163752 1.835732
1.432527 1.855060
1.364315 1.866677
1.385801 1.857176
1.399654 1.900937
1.104653 1.911955
1.293831 1.692613
1.230371 1.613659
1.366122 1.820138
0.552746 3.169621
1.159218 1.641539
1.408576 1.928269
1.195494 1.935270
1.190366 1.789277
1.106202 1.937935
1.403271 1.882339
1.292645 1.850344
1.410996 1.761423
1.251417 1.990951
1.154229 2.012439
0.605607 3.066153
0.751493 3.228908
-2.219486 2.640606
-2.112090 2.757277
-2.037818 2.729099
-2.177058 2.827259
-2.212267 2.745117
-2.045910 2.821728
-2.225681 2.948806
-2.113152 2.880598
-2.106737 2.969766
-1.992557 2.880457
0.568105 3.128697
-2.203249 2.925539
-2.333315 3.043172
-2.288805 2.868163
-2.131345 2.887411
-2.186278 2.713596
-2.021660 2.778842
-2.359166 2.818832
-2.278335 2.880971
-2.061660 2.789397
-2.246026 2.694271
0.491153 3.276753
-2.338073 2.853285
-2.073394 2.831107
-2.158822 2.812588
-2.225869 2.884552
-2.095475 2.864213
-2.155443 2.990122
-2.185436 2.808530
-2.172862 2.872313
-2.272998 2.825098
-2.304127 2.897193
0.425483 3.187863
-2.125680 2.793507
-2.106379 2.776143
-2.170175 2.744788
-2.250313 2.803906
-2.305384 2.768552
-2.187696 2.876900
-2.320539 2.895050
-2.200871 2.693942
-2.057922 2.985611
-2.212481 2.811863
0.731218 3.180321
-2.325855 2.899411
-2.243209 2.861192
-2.136904 2.724693
-2.186183 2.926879
-1.994260 2.939024
-2.155433 2.774339
-2.137330 2.994561
-2.310293 2.761106
-2.114745 2.847737
-2.269220 3.118336
0.654764 3.129174
-2.242027 3.039960
-2.305680 2.904597
-2.308877 2.785986
-2.246794 2.886435
-2.286289 2.989646
-2.183053 2.834090
-2.055279 2.903162
-2.168534 2.963161
-2.067324 2.842878
-2.160096 2.830048
0.706213 2.943678
-2.140018 2.880598
-2.007263 2.825895
-2.293758 3.062543
-2.207201 3.002802
-2.304567 2.865716
-2.093926 2.924650
-2.223369 2.677224
-2.210346 2.759573
-2.228025 2.665523
-2.235243 2.822044
0.595544 3.170311
-2.056625 2.874129
-2.167840 2.908349
-2.216333 2.807197
-2.082837 2.719786
-2.254885 2.735394
-2.220283 3.022102
-2.129482 2.622941
-2.025328 2.691929
-2.244875 2.859395
-2.209762 2.785031
0.692641 3.258856
-2.129369 2.960986
-2.099670 2.981491
-2.197543 2.713585
-2.073523 2.836241
-2.094884 2.930540
-2.312128 2.943602
-2.233036 2.852054
-2.055880 2.680622
-2.285453 2.854868
-2.077063 2.914033
0.704947 2.980441
-2.290521 2.861931
-2.072737 2.711855
-2.058525 2.923071
-2.240350 2.870468
-2.072767 2.876598
-2.325486 2.990048
-2.136065 2.953501
-2.348928 2.841072
-1.991246 2.772667
-2.157958 2.900775
0.621783 3.048695
0.681838 3.147318
-2.391261 0.149427
-2.374903 0.051377
-2.595075 0.270730
-2.333261 0.140880
-2.379313 0.170253
-2.411615 0.250041
-2.389853 0.325926
-2.162956 0.305654
-2.262044 0.241867
-2.424123 0.349744
0.642031 3.221177
-2.377184 0.104459
-2.249007 0.119357
-2.271009 0.109948
-2.496273 0.054113
-2.246537 0.381398
-2.305634 0.188028
-2.251754 0.160660
-2.242917 0.186159
-2.384523 0.165692
-2.337551 0.159299
0.594521 2.995050
-2.299337 0.133042
-2.263394 0.055098
-2.465150 0.073242
-2.362791 0.240902
-2.464900 0.310588
-2.270825 0.200786
-2.402169 0.368369
-2.577664 0.175729
-2.154970 0.037837
-2.492990 0.241441
0.651205 2.946549
-2.504077 0.279415
-2.231959 0.202619
-2.459286 0.177026
-2.430637 0.216800
-2.253797 0.185001
-2.460491 0.195322
-2.353674 0.065276
-2.304669 0.209623
-2.306308 0.223137
-2.313930 0.237213
0.543395 3.108422
-2.358729 0.177508
-2.371846 0.241295
-2.229575 0.163693
-2.502587 0.104372
-2.449337 0.106424
-2.497326 0.155148
-2.348542 0.031706
-2.494297 0.286985
-2.505988 0.069617
-2.451933 0.114248
0.592090 3.181227
-2.273089 0.364704
-2.393055 0.244233
-2.375381 0.144513
-2.324763 0.153178
-2.459775 0.160183
-2.253598 0.264000
-2.330755 0.160641
-2.367383 0.204763
-2.259753 0.209467
-2.230622 0.059438
0.531018 3.033271
-2.508330 0.254426
-2.418237 0.142001
-2.318970 0.176117
-2.458350 0.312106
-2.443927 0.119877
-2.218506 0.049080
-2.257371 0.056424
-2.495405 0.296579
-2.489564 0.163322
-2.553940 0.271339
0.668534 3.095454
-2.366701 0.267424
-2.410197 0.220848
-2.525003 0.157530
-2.518325 0.208853
-2.568321 0.306379
-2.504623 0.183813
-2.348299 0.022858
-2.298720 0.239007
-2.473648 0.252147
-2.423291 0.309088
0.504176 3.057258
-2.309241 0.067049
-2.422397 0.305723
-2.478640 0.039840
-2.400328 0.274301
-2.358273 0.037927
-2.395722 0.299821
-2.308501 0.355823
-2.521137 0.201375
-2.382102 0.282878
-2.265589 0.224177
0.729526 2.937945
-2.266868 0.267646
-2.257707 0.022399
-2.267647 0.194852
-2.315881 0.139034
-2.550785 0.190505
-2.483795 0.285497
-2.342172 0.060500
-2.487844 0.094963
-2.327048 0.062702
-2.494528 0.160965
0.489212 3.139876
0.561065 3.121306
0.502187 0.396420
0.368844 0.366835
0.304049 0.524903
0.332540 0.326573
0.477169 0.511490
0.288663 0.484488
0.326513 0.315824
0.419785 0.458956
0.356790 0.576890
0.313319 0.514876
0.473186 3.022096
0.485881 0.583992
0.600437 0.481133
0.446292 0.279819
0.253059 0.474267
0.242051 0.507242
0.509142 0.590064
0.271719 0.448160
0.539867 0.594297
0.447221 0.417220
0.436860 0.488384
0.582987 3.250819
0.365045 0.465742
0.360432 0.587995
0.373406 0.316761
0.534030 0.630874
0.525141 0.357525
0.482689 0.441467
0.511192 0.555903
0.331740 0.617721
0.461408 0.356098
0.223528 0.533734
0.438967 3.106595
0.512136 0.498566
0.457901 0.352628
0.262750 0.373851
0.536932 0.397737
0.424737 0.468819
0.322242 0.522746
0.561047 0.472278
0.406239 0.573438
0.456264 0.330067
0.445719 0.420801
0.602603 3.231015
0.475909 0.662087
0.554800 0.336591
0.522336 0.598906
0.318367 0.510390
0.345288 0.496738
0.465170 0.595968
0.315048 0.444490
0.535165 0.385946
0.403831 0.535176
0.587285 0.420661
0.690754 3.304487
0.398650 0.526034
0.407951 0.564124
0.345600 0.335184
0.453007 0.570347
0.552204 0.449740
0.277798 0.409098
0.544670 0.511490
0.351737 0.384859
0.414129 0.380647
0.514955 0.559315
0.568342 2.969997
0.433745 0.487444
0.574036 0.559893
0.358193 0.537797
0.388880 0.558061
0.403663 0.335770
0.419198 0.445153
0.586492 0.411997
0.472025 0.494029
0.541149 0.404009
0.389803 0.567789
0.780711 3.225563
0.550810 0.583270
0.277096 0.440749
0.512379 0.470094
0.481822 0.586439
0.289282 0.620374
0.519396 0.448700
0.422525 0.372479
0.553674 0.577130
0.429440 0.560290
0.412954 0.614374
0.585073 2.869841
0.643863 0.542678
0.437316 0.533489
0.472129 0.672534
0.467098 0.459119
0.520337 0.437309
0.391748 0.490602
0.436388 0.381102
0.435223 0.495516
0.280576 0.387889
0.401594 0.316042
0.733239 3.095299
0.604453 0.545394
0.533838 0.498910
0.498298 0.388683
0.626765 0.376102
0.504065 0.360485
0.603495 0.559911
0.462908 0.372759
0.528075 0.384676
0.419434 0.449592
0.450684 0.515468
0.685717 3.223489
0.654784 3.174340
-3.704915 2.853661
-3.627820 2.766711
-3.795552 2.904855
-3.669652 2.750340
-3.642121 2.814812
-3.751079 2.806973
-3.579009 2.703102
-3.512275 2.659331
-3.687192 2.587213
-3.653438 2.877782
0.668825 3.096159
-3.667026 2.810756
-3.696631 2.820411
-3.663679 2.771074
-3.693479 2.732674
-3.803913 2.805232
-3.566339 2.650525
-3.648262 2.925720
-3.641694 2.663347
-3.756281 2.969917
-3.781303 2.700215
0.492736 3.172846
-3.813486 2.870319
-3.730521 2.701595
-3.712412 2.967589
-3.748446 2.779033
-3.525966 2.908886
-3.856361 2.733097
-3.538946 2.761901
-3.588355 2.751125
-3.581930 2.821445
-3.656498 2.848850
0.740610 3.269897
-3.705369 2.901587
-3.667223 2.671693
-3.645399 2.886273
-3.588813 2.931739
-3.832023 2.768108
-3.473251 2.727338
-3.617612 2.864913
-3.557323 2.703524
-3.780904 2.773735
-3.685857 2.794681
0.530876 3.086929
-3.822018 2.876501
-3.594071 2.654655
-3.578332 2.647631
-3.636029 2.635362
-3.621367 2.729758
-3.626532 2.952560
-3.760898 2.693175
-3.808556 2.816893
-3.668847 2.962518
-3.777574 2.755561
0.749005 3.016792
-3.689593 2.673751
-3.540992 2.686126
-3.640491 2.682967
-3.633792 2.691917
-3.733688 2.892155
-3.657399 2.720456
-3.539454 2.735165
-3.511015 2.605837
-3.687918 2.761537
-3.712400 2.651833
0.569684 3.180968
-3.587328 2.730801
-3.642671 2.574048
-3.623215 2.847903
-3.735262 2.918957
-3.704742 2.691288
-3.728716 2.684458
-3.575670 2.614953
-3.808236 2.855853
-3.674034 2.859143
-3.649278 2.795137
0.725058 3.171192
-3.725369 2.696901
-3.734277 2.823627
-3.656986 2.779370
-3.697334 2.658280
-3.832890 2.802786
-3.706141 2.750768
-3.589834 2.805764
-3.589882 2.741192
-3.660304 2.847164
-3.577932 2.833350
0.685827 3.066629
-3.590894 2.822788
-3.770503 2.796905
-3.785819 2.716437
-3.756258 2.957647
-3.702399 2.920412
-3.521076 2.784165
-3.815372 2.643961
-3.507811 2.742700
-3.740813 2.758183
-3.786557 2.709371
0.633476 3.047516
-3.530433 2.780417
-3.805107 2.805675
-3.646567 2.641616
-3.582234 2.709961
-3.601052 2.732130
-3.482069 2.754134
-3.747190 2.682575
-3.696418 2.952494
-3.712841 2.877555
-3.748804 2.820466
0.614939 2.870266
0.613217 3.200919
-1.936453 -1.032128
-1.808572 -1.081836
-1.908930 -1.290155
-2.091099 -1.110211
-2.002601 -1.125928
-1.790800 -1.271432
-1.855636 -1.125130
-1.915155 -1.122799
-1.749044 -1.050653
-1.935156 -1.022760
0.626051 3.125173
-1.846157 -1.039091
-2.101424 -1.265549
-2.018368 -1.196959
-2.015989 -1.201657
-1.950547 -1.305492
-1.929829 -1.119073
-2.055747 -1.120949
-1.847734 -1.250767
-1.980376 -1.248207
-1.949510 -1.096061
0.671266 3.088266
-1.809741 -1.114963
-1.870532 -1.134142
-1.844621 -1.165533
-1.975659 -1.226500
-1.797204 -1.072461
-1.970098 -1.114051
-1.891302 -1.120285
-2.064291 -1.188969
-1.918926 -1.266810
-1.891470 -1.220088
0.710578 2.971781
-2.157325 -1.229275
-2.016270 -1.316644
-1.788916 -1.262971
-1.934454 -1.278580
-1.864098 -1.178756
-1.932635 -1.157752
-1.996687 -0.973238
-1.969334 -1.097167
-2.042387 -1.093454
-1.859991 -1.076624
0.709762 3.191326
-1.910000 -1.314880
-1.914348 -1.106254
-1.842429 -1.098651
-1.829119 -1.223316
-1.986318 -1.134024
-1.822054 -1.236289
-2.104759 -1.311795
-1.920687 -1.307686
-1.914307 -1.066107
-2.025459 -1.233518
0.502103 3.180481
-1.924807 -1.198212
-1.980232 -0.949760
-2.065277 -1.025120
-1.812423 -1.203983
-1.787553 -1.128865
-1.936619 -1.172188
-1.923535 -1.199472
-1.847551 -1.134500
-1.939187 -1.272233
-1.987108 -1.003186
0.586762 3.177862
-2.020749 -1.006644
-1.828196 -1.140183
-2.032483 -1.031348
-1.801012 -1.185940
-1.867260 -1.256453
-2.064106 -1.106406
-1.922423 -1.240710
-1.814930 -1.099070
-1.903211 -1.005617
-2.022634 -1.000828
0.614275 3.088224
-2.037230 -1.104503
-1.843296 -1.132512
-1.981445 -1.099006
-1.968125 -1.073954
-2.083772 -1.262699
-1.982706 -1.310703
-2.021556 -1.172853
-1.912572 -1.112129
-1.918149 -1.135095
-1.929593 -1.113414
0.785291 3.130178
-2.059586 -1.280750
-1.820333 -1.106670
-1.828556 -1.211410
-1.833902 -1.079239
-2.018807 -1.144538
-1.990026 -1.215353
-1.882572 -1.305597
-1.760319 -1.091226
-1.961640 -1.211396
-2.013938 -1.182843
0.612510 3.060769
-1.976011 -1.302617
-1.824957 -1.065242
-1.943288 -1.263345
-1.808440 -1.127226
-1.956678 -1.234855
-2.036863 -1.026515
-1.815374 -1.238994
-1.909343 -1.063962
-1.893772 -1.216813
-1.859307 -1.129566
0.641460 3.142576
0.614244 2.993362
0.741458 3.224024
0.500279 3.119156
0.644119 3.211698
0.599936 3.288223
0.600410 3.002871
0.731755 3.109387
0.600604 3.068609
0.608749 3.228830
0.540821 3.157452
