900 2
-1.821794 -1.937690
-1.964227 -2.072521
-1.882131 -1.928218
-2.340830 -0.110912
-2.559516 -0.259551
-2.522956 -0.143629
-2.209192 -0.144045
-2.439276 -0.006233
-2.361474 -0.209863
-2.284988 -0.214671
-2.539056 -0.037196
-2.292212 -0.307001
-2.550598 -0.251176
-2.026493 -2.044546
-2.354818 -0.237527
-2.320153 -0.303068
-2.434961 -0.116036
-2.364089 -0.201522
-2.398431 -0.239160
-2.273446 -0.106730
-2.396222 -0.216190
-2.451553 -0.174081
-2.516276 -0.146383
-2.446169 -0.068906
-1.822750 -1.883274
-2.387295 -0.206599
-2.343633 -0.091412
-2.560280 -0.237820
-2.557159 -0.202869
-2.352802 -0.066751
-2.411490 0.045041
-2.445910 0.037466
-2.390896 -0.095448
-2.380583 -0.153898
-2.304800 0.087808
-1.711374 -2.030152
-2.527119 -0.212809
-2.394514 -0.006375
-2.411423 -0.350107
-2.378628 -0.055264
-2.461326 -0.117742
-2.285933 -0.230997
-2.341160 0.003185
-2.399662 -0.038728
-2.389019 -0.257147
-2.295468 -0.076115
-1.801824 -1.991556
-2.393878 -0.027076
-2.302977 -0.252883
-2.329853 -0.077839
-2.407701 -0.053904
-2.224602 -0.175936
-2.409912 0.055667
-2.369935 -0.245289
-2.466609 -0.348641
-2.535729 -0.238547
-2.230585 -0.179500
-1.746963 -2.063518
-2.305569 -0.222530
-2.422943 -0.310716
-2.336760 -0.097857
-2.225293 -0.166115
-2.518875 -0.126640
-2.530246 -0.230417
-2.484005 -0.176715
-2.371552 -0.034084
-2.328030 -0.124492
-2.508175 -0.238688
-1.947120 -2.121941
-2.334454 0.027355
-2.239649 -0.206313
-2.295113 -0.137526
-2.377980 -0.222398
-2.541945 -0.180411
-2.497195 -0.208499
-2.481505 -0.135689
-2.393327 0.021762
-2.457479 -0.219557
-2.490476 -0.124302
-1.820405 -1.888361
-2.432980 -0.094493
-2.399312 -0.233850
-2.286913 -0.248417
-2.477266 -0.203014
-2.344340 -0.128688
-2.290123 -0.123474
-2.491716 -0.092171
-2.380550 -0.296400
-2.359231 -0.132269
-2.462037 -0.112399
-1.783635 -2.137909
-2.291277 -0.034068
-2.279654 -0.058414
-2.373273 -0.198720
-2.291966 -0.298755
-2.290484 -0.122777
-2.312545 -0.188488
-2.288974 -0.079315
-2.398921 -0.150917
-2.403581 -0.040445
-2.622725 -0.151345
-1.797211 -2.074881
-2.336797 -0.152930
-2.460099 -0.058816
-2.323470 -0.160881
-2.499164 -0.220465
-2.249209 -0.253256
-2.454731 -0.045359
-2.380292 -0.091285
-2.251202 -0.097883
-2.356200 -0.286151
-2.389300 -0.330461
-1.879959 -2.012244
-1.878089 -1.912471
-2.534929 1.572882
-2.282157 1.437518
-2.383428 1.480615
-2.401939 1.612855
-2.340850 1.492767
-2.549616 1.427370
-2.380445 1.625591
-2.447773 1.367442
-2.366869 1.532207
-2.405441 1.269633
-2.007916 -2.107268
-2.466792 1.344436
-2.459338 1.282353
-2.504481 1.377057
-2.347908 1.623798
-2.611027 1.548990
-2.352411 1.424757
-2.567049 1.546661
-2.233551 1.447124
-2.491214 1.416931
-2.489389 1.414571
-2.012221 -2.226665
-2.270078 1.404960
-2.503770 1.490452
-2.493864 1.369896
-2.553103 1.598497
-2.527521 1.603008
-2.566024 1.476120
-2.402474 1.514150
-2.592964 1.477202
-2.250876 1.542309
-2.382740 1.396493
-1.766651 -2.090967
-2.333578 1.680343
-2.469062 1.567222
-2.371568 1.510417
-2.622596 1.442502
-2.318125 1.598492
-2.436301 1.675828
-2.438774 1.535744
-2.329559 1.697634
-2.469090 1.352878
-2.311009 1.414250
-1.871599 -1.904180
-2.289968 1.608443
-2.351684 1.506957
-2.557615 1.259125
-2.409933 1.482776
-2.646134 1.555381
-2.473282 1.570964
-2.187111 1.482259
-2.419089 1.506716
-2.369344 1.545127
-2.474600 1.579417
-1.868660 -1.878924
-2.385369 1.679698
-2.438038 1.425882
-2.306132 1.548974
-2.538650 1.457078
-2.420208 1.683679
-2.415698 1.323830
-2.337396 1.409553
-2.374990 1.561559
-2.250399 1.370486
-2.504692 1.450559
-1.793253 -1.956807
-2.315133 1.605933
-2.545768 1.486178
-2.361927 1.488568
-2.480807 1.494243
-2.455300 1.347367
-2.511644 1.565282
-2.550281 1.427273
-2.533093 1.453144
-2.275399 1.451117
-2.499366 1.554365
-1.713429 -1.873528
-2.404590 1.344220
-2.432071 1.432163
-2.315034 1.455509
-2.321332 1.289084
-2.459577 1.624819
-2.323910 1.516554
-2.237731 1.553947
-2.440398 1.684886
-2.520710 1.538684
-2.489886 1.378865
-1.791388 -2.045944
-2.460903 1.513854
-2.451797 1.610037
-2.392896 1.528537
-2.289155 1.542434
-2.567492 1.401554
-2.311015 1.423523
-2.436230 1.599741
-2.426216 1.309062
-2.369005 1.332749
-2.393638 1.330703
-1.771966 -2.047998
-2.404011 1.614392
-2.492828 1.433927
-2.453814 1.362151
-2.327352 1.454920
-2.566329 1.447978
-2.377008 1.292042
-2.265822 1.531470
-2.344926 1.401799
-2.327821 1.335969
-2.305165 1.503155
-1.778455 -2.116533
-1.960801 -1.954405
-0.198424 -2.178351
-0.326951 -2.056452
-0.305544 -2.017350
-0.305202 -2.188020
-0.112669 -1.969843
-0.182524 -1.970420
-0.242657 -2.034166
-0.106781 -2.098171
-0.177016 -1.891948
-0.192428 -2.074250
-1.735055 -2.049744
-0.183265 -1.837047
-0.377649 -2.008135
-0.138387 -2.150249
-0.188715 -1.937901
-0.134759 -1.982653
-0.224010 -2.202897
-0.076867 -2.078453
-0.172545 -1.979839
-0.250817 -2.158948
-0.224274 -2.159442
-1.768254 -2.003370
-0.092866 -1.910175
-0.340904 -2.010602
-0.124229 -2.038027
-0.200354 -2.167042
-0.260207 -2.000932
-0.050655 -2.138318
-0.207200 -2.181599
-0.204355 -2.116790
-0.177816 -2.029322
-0.262909 -2.066519
-1.792767 -1.954079
-0.167429 -2.216549
-0.251639 -2.048078
-0.246348 -1.951343
-0.107387 -1.945886
-0.262060 -2.135044
-0.340192 -2.116057
-0.351176 -1.966216
-0.366813 -1.890040
-0.330938 -1.890077
-0.280480 -1.872410
-1.954636 -2.039933
-0.044182 -2.000651
-0.335418 -1.980190
-0.073035 -1.853666
-0.227722 -2.132269
-0.181026 -2.210916
-0.210737 -2.075169
-0.386697 -2.072475
-0.263640 -1.947250
-0.164674 -2.158277
-0.326235 -2.013403
-1.899521 -2.012647
-0.294405 -1.972852
-0.364463 -2.107839
-0.229813 -2.085039
-0.274778 -1.956614
-0.326201 -2.051279
-0.241410 -2.127355
-0.156659 -2.162095
-0.327381 -2.109832
-0.265967 -1.916941
-0.397315 -2.155373
-1.952299 -1.940364
-0.135263 -2.053348
-0.314094 -2.130984
-0.013364 -1.973518
0.005013 -2.099071
-0.132268 -2.016465
-0.331330 -2.082997
-0.268437 -1.962934
-0.171766 -1.824755
-0.316542 -2.050498
-0.108143 -2.062318
-1.869139 -2.048565
-0.155778 -1.921608
-0.162916 -1.938856
-0.334702 -2.003385
-0.278098 -1.975073
-0.046911 -1.979672
-0.390014 -2.073789
-0.351118 -2.031010
-0.303582 -1.917008
-0.369236 -2.002487
-0.207561 -2.053957
-1.835669 -1.938269
-0.206089 -2.160764
-0.209807 -1.895792
-0.227713 -1.874266
-0.302101 -2.039605
-0.266627 -1.855139
-0.124893 -1.973661
-0.227222 -1.970577
-0.158364 -1.984888
-0.058985 -1.868365
-0.308511 -2.093938
-1.771878 -1.919101
-0.043121 -1.925097
-0.227561 -2.157326
-0.092325 -2.166831
-0.334440 -2.026437
-0.275169 -1.974573
-0.367530 -1.938907
-0.334413 -2.051458
-0.143783 -2.161834
-0.244395 -1.886756
-0.241012 -1.864490
-2.056029 -1.984346
-1.958790 -2.018726
-0.141513 0.069002
-0.131139 0.067957
-0.199539 -0.061564
-0.029696 0.115464
-0.204606 0.082081
-0.082184 -0.165253
-0.223062 -0.180107
-0.035987 -0.132447
0.002422 0.112274
-0.069042 0.011496
-2.041199 -2.019753
0.090196 0.035076
-0.246401 -0.159128
-0.053522 -0.111840
0.025067 0.088152
-0.116401 0.156386
-0.123476 0.184304
-0.232227 -0.017000
-0.024082 -0.006414
-0.140543 -0.197576
-0.188168 -0.079761
-1.919755 -1.969168
-0.079785 0.026289
-0.296169 -0.008895
-0.007162 -0.030773
-0.164983 -0.203844
0.033108 -0.044615
-0.168252 0.095060
-0.111808 -0.174714
-0.243037 0.051017
-0.140967 0.101869
-0.182639 -0.074395
-2.016544 -2.074513
-0.162581 -0.138091
-0.072347 0.155593
-0.118410 0.034553
-0.176938 -0.112438
0.050428 0.018517
-0.181477 -0.060877
-0.285205 0.011568
-0.159560 0.135497
-0.181157 -0.125674
-0.161328 0.096336
-1.963274 -2.043932
-0.019026 -0.002226
-0.218735 -0.137194
-0.150381 -0.119467
-0.134592 0.050206
-0.131287 -0.251563
-0.144236 0.064373
-0.088453 0.053659
-0.167407 -0.101102
-0.061455 0.047581
-0.081305 0.124881
-2.033947 -2.108905
-0.257477 -0.034411
-0.035576 0.067407
-0.155544 0.162310
-0.003746 0.050723
-0.163889 -0.069311
-0.207086 -0.043122
0.075077 -0.060519
-0.179988 -0.088401
-0.086255 -0.010775
0.046920 -0.032482
-1.845605 -2.146993
-0.190543 0.100747
-0.161943 -0.227753
-0.055846 0.048450
-0.150432 -0.019331
-0.037429 -0.092766
0.014286 0.022886
-0.276870 -0.038075
-0.153561 0.030495
-0.187815 0.011016
-0.098230 0.083606
-1.839276 -1.837259
-0.124170 -0.090798
-0.087913 -0.100525
0.064935 0.034233
-0.056539 0.021049
-0.089814 -0.035302
-0.185144 -0.078055
-0.116393 0.107787
-0.207703 0.060124
-0.148262 0.181948
-0.166775 -0.075809
-1.799587 -2.072169
-0.082723 -0.059880
-0.044564 -0.169931
-0.105684 -0.141502
-0.102788 0.067314
-0.180254 -0.063847
-0.038425 -0.040869
-0.055665 0.100791
0.022025 0.093210
-0.016873 -0.060223
-0.080525 -0.009884
-1.722933 -1.938439
-0.183983 -0.054993
-0.071769 -0.037007
-0.077750 -0.189848
-0.090072 -0.016917
0.018214 -0.111584
-0.150491 -0.141146
0.104713 -0.013918
-0.158495 0.134519
0.055940 0.067506
-0.082697 -0.068371
-1.787975 -2.156200
-1.942317 -1.932227
-0.625265 1.648263
-0.705661 1.753612
-0.902059 1.776743
-0.560739 1.814856
-0.826390 1.747246
-0.633465 1.727282
-0.654016 1.770617
-0.510974 1.749085
-0.674445 1.851688
-0.741958 1.859654
-1.974280 -2.077368
-0.694438 1.925468
-0.893287 1.847498
-0.761551 1.776176
-0.662170 1.931400
-0.552080 1.731851
-0.792292 1.632398
-0.707947 1.710341
-0.702028 1.922748
-0.473921 1.867127
-0.583908 1.695557
-1.816553 -1.830275
-0.617605 1.729179
-0.462567 1.958343
-0.797231 1.886875
-0.752470 1.972385
-0.737644 1.940637
-0.769699 1.866208
-0.664364 1.867056
-0.721016 1.816224
-0.621946 1.807196
-0.596943 1.779592
-1.700852 -1.838773
-0.642544 1.855885
-0.785703 1.886688
-0.718162 1.867300
-0.727687 2.007788
-0.631050 1.783021
-0.801599 1.789459
-0.637946 1.838968
-0.558385 1.990491
-0.592646 1.729206
-0.694993 1.778344
-1.933872 -1.972265
-0.724996 1.794353
-0.641241 1.646983
-0.615480 1.730685
-0.749331 1.787628
-0.665477 1.898474
-0.613809 1.701308
-0.793526 1.821989
-0.628983 1.927936
-0.736836 1.746553
-0.703336 1.647158
-1.946493 -1.984216
-0.516130 1.860964
-0.594053 1.754960
-0.611937 1.667423
-0.815453 1.911011
-0.555213 1.781069
-0.710150 1.926352
-0.609177 1.840186
-0.693136 1.934466
-0.622004 1.897330
-0.583142 1.785388
-1.690431 -2.139882
-0.758763 1.723834
-0.690974 1.678939
-0.742680 1.693096
-0.522972 1.853381
-0.775539 1.929017
-0.482640 1.818715
-0.551011 1.926487
-0.605065 1.891945
-0.705828 1.926050
-0.610883 2.012696
-1.774414 -1.991215
-0.603690 1.584260
-0.745506 1.678831
-0.801775 1.778348
-0.691073 1.660316
-0.823589 1.756440
-0.756897 1.939061
-0.587584 1.960615
-0.519968 1.732551
-0.909550 1.843417
-0.474279 1.873218
-1.847631 -1.964767
-0.808782 1.857853
-0.603009 1.832192
-0.747375 1.776110
-0.659927 1.774955
-0.631432 1.765622
-0.819566 1.864283
-0.590727 1.876719
-0.617314 1.957341
-0.644727 1.997548
-0.586947 1.882877
-1.737771 -1.945457
-0.629957 1.825175
-0.757905 1.692955
-0.740847 1.658027
-0.680799 1.905766
-0.849238 1.742789
-0.693833 1.836686
-0.829687 1.735357
-0.847500 1.879909
-0.758788 1.901987
-0.715883 1.894673
-1.963555 -2.005907
-1.797821 -2.166504
1.470933 -1.579603
1.568256 -1.391257
1.476245 -1.445042
1.657356 -1.381018
1.629775 -1.513939
1.536330 -1.233814
1.663498 -1.323637
1.577803 -1.532968
1.421528 -1.460699
1.688629 -1.323337
-1.974100 -2.151607
1.522300 -1.280478
1.651054 -1.521683
1.659846 -1.576564
1.719926 -1.436632
1.594200 -1.398688
1.366223 -1.369324
1.574875 -1.443691
1.364940 -1.370784
1.514144 -1.529823
1.540585 -1.569031
-1.764861 -1.950354
1.700928 -1.451436
1.590032 -1.390620
1.693907 -1.412202
1.495947 -1.352101
1.501841 -1.110470
1.641261 -1.462319
1.535786 -1.389244
1.538163 -1.303301
1.495594 -1.505073
1.545730 -1.214169
-1.976520 -2.052232
1.470311 -1.492793
1.602251 -1.539750
1.451621 -1.366548
1.376705 -1.238640
1.639126 -1.361485
1.662736 -1.478472
1.440710 -1.405787
1.539046 -1.283166
1.669872 -1.348275
1.476977 -1.288791
-1.809007 -1.964691
1.508062 -1.496882
1.521324 -1.328955
1.692566 -1.320062
1.495179 -1.513093
1.585418 -1.320915
1.565302 -1.401020
1.488341 -1.361432
1.465477 -1.407609
1.414957 -1.321867
1.523507 -1.479289
-1.880451 -1.919689
1.473052 -1.301983
1.418013 -1.485511
1.606646 -1.430566
1.726748 -1.440329
1.715572 -1.368924
1.720606 -1.448844
1.462987 -1.551119
1.569142 -1.371862
1.565821 -1.331344
1.526848 -1.450195
-2.084042 -2.033433
1.435753 -1.474237
1.504859 -1.528938
1.614046 -1.493156
1.633281 -1.370515
1.422164 -1.494780
1.674928 -1.529024
1.451773 -1.399123
1.505408 -1.287245
1.509434 -1.306287
1.490704 -1.513124
-1.886404 -1.999761
1.580081 -1.326790
1.586589 -1.338080
1.524920 -1.437741
1.566486 -1.443881
1.432927 -1.241361
1.611110 -1.396691
1.510373 -1.505991
1.636613 -1.331757
1.352149 -1.536857
1.485741 -1.414244
-1.812886 -2.007589
1.380961 -1.355840
1.593364 -1.372681
1.390851 -1.512191
1.533072 -1.345531
1.473467 -1.360575
1.678312 -1.470255
1.606433 -1.387841
1.595783 -1.400691
1.589715 -1.413303
1.424380 -1.309016
-1.883459 -2.110000
1.541380 -1.446662
1.442745 -1.444923
1.468727 -1.365554
1.556824 -1.308088
1.524159 -1.418465
1.450289 -1.269369
1.504529 -1.257764
1.383148 -1.293371
1.647467 -1.500425
1.528600 -1.307456
-1.975869 -1.908006
-1.879076 -2.063958
1.842333 0.427868
1.813158 0.454679
1.700247 0.404971
1.495288 0.487921
1.781593 0.427876
1.753077 0.294561
1.621304 0.438221
1.770484 0.478186
1.850492 0.607987
1.799482 0.358143
-1.852397 -2.169695
1.729385 0.368068
1.750917 0.241986
1.705626 0.282468
1.829506 0.444624
1.759331 0.226731
1.809512 0.314864
1.719473 0.423446
1.832198 0.392578
1.589805 0.436115
1.799765 0.537965
-1.918327 -1.967145
1.879632 0.474055
1.664028 0.379542
1.607964 0.333768
1.702426 0.257271
1.706807 0.280420
1.848053 0.374355
1.754982 0.244040
1.871197 0.349674
1.686480 0.259905
1.582673 0.497404
-1.908287 -2.230333
1.767920 0.677853
1.823164 0.477320
1.789390 0.346628
1.593092 0.350220
1.819066 0.306514
1.706175 0.306681
1.717611 0.453486
1.741265 0.342817
1.826628 0.327493
1.525455 0.509242
-1.826456 -2.081802
1.832445 0.508079
1.624404 0.347152
1.595150 0.486131
1.611225 0.413745
1.687945 0.499601
1.707418 0.458025
1.815307 0.385642
1.621867 0.329477
1.700556 0.364701
1.809405 0.576361
-1.780653 -2.096565
1.770324 0.440941
1.683951 0.408407
1.716441 0.324256
1.552471 0.384293
1.749916 0.538649
1.723889 0.322710
1.762508 0.225310
1.646822 0.462076
1.831898 0.263391
1.932874 0.486639
-1.890810 -2.167572
1.787530 0.379317
1.658432 0.364936
1.761797 0.328453
1.586785 0.281439
1.729506 0.435226
1.830604 0.477653
1.902733 0.359471
1.766590 0.301726
1.825807 0.361970
1.675381 0.454585
-1.788915 -1.973187
1.790369 0.425172
1.850291 0.406246
1.898110 0.529312
1.754924 0.458156
1.843668 0.499674
1.842180 0.330721
1.770196 0.382370
1.712933 0.589961
1.712333 0.367226
1.580952 0.404853
-1.874713 -2.162836
1.729506 0.474887
1.687556 0.314305
-nan -nan
-nan -nan
1.592418 0.367307
1.789851 0.321412
1.815769 0.531203
1.770920 0.337047
1.855205 0.354475
1.881221 0.463586
-1.871828 -1.955274
1.653492 0.354212
1.602358 0.440958
-nan -nan
1.853051 0.417094
1.765613 0.358461
-nan -nan
1.871897 0.429879
1.698486 0.508841
1.827728 0.390063
-nan -nan
-1.673733 -2.013528
-1.896639 -2.143332
0.852010 2.340603
0.981694 2.358328
1.032995 2.211201
0.950708 2.261980
1.011216 2.426930
1.154582 2.339426
1.080280 2.312343
1.134037 2.410243
0.968980 2.412569
0.915366 2.312907
-1.927862 -2.116851
0.975936 2.130364
0.873042 2.392210
0.948317 2.304358
0.936877 2.276696
0.958868 2.258184
0.872542 2.392451
0.964071 2.458848
0.977075 2.431527
1.050798 2.335281
0.958659 2.371602
-1.724476 -1.892141
1.056985 2.350200
1.079466 2.261359
1.013303 2.237191
1.044027 2.268848
1.020502 2.213618
1.182110 2.266409
1.107333 2.336359
0.919399 2.183620
1.001652 2.156904
0.910842 2.220348
-1.877840 -2.215927
0.978052 2.376182
1.028694 2.264077
0.951524 2.336056
0.910655 2.380887
0.929135 2.374656
1.148102 2.191839
1.065900 2.333743
1.091010 2.267440
0.834630 2.268540
0.979787 2.202975
-1.874596 -1.945976
1.085070 2.150417
0.911696 2.165645
1.067992 2.387816
1.056358 2.421573
1.044286 2.393530
1.012456 2.110030
0.864762 2.322428
1.018250 2.223476
0.993533 2.167214
0.923888 2.443978
-1.989008 -2.089226
0.997487 2.279084
0.970433 2.155913
1.051668 2.477439
1.002305 2.268507
0.847791 2.197205
1.074458 2.286222
0.781613 2.313699
0.965606 2.453722
1.084758 2.222779
1.074573 2.108383
-1.978458 -2.188009
0.854349 2.409204
0.943213 2.356588
0.832734 2.353581
0.819200 2.209664
0.937419 2.165524
0.806932 2.354769
1.137262 2.271816
0.948165 2.298549
0.976155 2.160065
0.778186 2.226175
-1.909937 -2.044557
0.990786 2.464193
1.004839 2.285092
0.880234 2.272659
0.987989 2.259941
0.962757 2.153551
0.875499 2.281501
0.899872 2.293442
0.842082 2.362719
0.879657 2.453109
0.984218 2.119202
-1.921954 -2.047259
0.960545 2.214165
1.020764 2.181801
1.016208 2.332294
1.152327 2.381041
0.820060 2.294181
0.831199 2.207992
1.034833 2.247660
0.906780 2.420527
1.053569 2.330832
1.063128 2.392897
-1.999907 -2.117104
1.007625 2.385051
0.890304 2.245825
1.030529 2.263498
0.878633 2.309903
1.046188 2.333492
0.893143 2.410741
0.952965 2.145642
0.899246 2.291873
0.940497 2.366813
0.999991 2.132454
-1.999845 -1.884704
-1.813411 -1.971363
-1.895337 -2.172275
-1.889771 -1.991028
-2.005664 -1.972193
-1.929740 -2.036139
-1.790983 -1.963208
-1.867949 -1.987620
-2.013935 -2.064638
-1.971281 -2.047624
-1.777075 -1.949826
