900 2
4.133548 -0.747805
4.276695 -0.580520
4.373810 -0.695003
2.948393 1.044642
2.941919 0.863766
2.822374 1.152486
2.776858 0.900665
2.931897 1.126974
3.118524 1.088938
3.059589 0.976746
2.948812 1.103756
2.863205 0.871929
3.005683 1.145341
4.247935 -0.495303
2.894681 1.058844
2.994374 0.900859
2.899721 1.205444
3.165550 1.073654
3.124100 0.937320
2.898082 1.008804
2.907360 1.195872
3.055063 0.996902
2.953793 1.006090
3.012895 1.058434
4.286438 -0.724442
2.945872 1.118749
3.011897 1.232127
3.056998 1.017562
2.988376 0.993812
2.902666 0.932884
3.114916 1.180618
2.785435 1.126696
3.148065 1.155788
2.976859 1.106511
3.031677 1.060748
4.227153 -0.661638
3.010060 0.973134
2.800350 1.005939
2.995158 1.006515
2.886684 1.172881
3.056637 1.184563
3.132083 1.030344
2.869153 0.977907
2.949731 1.096342
2.891082 0.956107
2.880646 1.100323
4.222404 -0.654846
2.825730 1.040965
3.070927 1.019637
2.953279 1.129071
2.858705 1.237515
2.943573 0.996691
3.124069 1.106183
3.087246 1.135190
3.084061 0.859667
2.934205 0.936261
3.068027 0.928939
4.428962 -0.731739
2.816437 0.993475
3.065089 1.024346
2.948964 1.045298
2.851205 0.952611
2.713476 1.172113
3.046149 0.858589
3.080070 1.112836
2.938171 1.241450
2.940197 0.910388
3.000425 0.968064
4.228788 -0.661530
2.865144 0.968208
2.909823 1.000334
2.911798 0.960774
3.050475 0.982058
2.923046 1.077117
2.829660 1.130323
3.076201 0.924863
2.872816 0.948735
3.118094 0.897338
2.904702 1.063013
4.123420 -0.669080
3.099486 0.967970
3.057801 0.845443
2.992620 1.012875
3.006750 1.131038
2.929952 1.039612
3.006046 1.088810
2.954823 1.042088
2.917809 0.824442
2.810667 0.959459
3.054823 1.182558
4.292093 -0.568896
2.963420 0.994571
3.038360 0.979185
3.031433 0.996959
3.068559 1.219696
3.006025 1.159527
2.803199 0.985450
2.897527 1.186511
2.894431 1.153325
2.942489 1.176146
2.869968 1.041421
4.316810 -0.808912
2.848316 1.107686
2.850565 1.085164
3.008113 0.944615
2.905350 1.026488
2.782325 0.889071
2.983940 1.159829
2.862910 1.008864
3.151518 1.092062
2.996482 1.102608
2.905731 1.042498
4.343374 -0.648626
4.284446 -0.546431
4.106159 1.647329
4.060964 1.592874
4.206764 1.589808
4.282139 1.688932
4.030211 1.622677
4.218585 1.776735
4.181438 1.626811
4.152606 1.587483
4.236915 1.798468
4.123217 1.638309
4.195735 -0.496739
4.223806 1.724492
3.937368 1.559400
4.178973 1.872885
4.087251 1.780442
4.069301 1.587559
4.203848 1.695377
4.337465 1.645875
4.255579 1.675069
3.899957 1.641158
4.018360 1.676124
4.294396 -0.819502
4.034124 1.603637
4.099749 1.782575
4.014119 1.805483
4.238201 1.734672
4.067127 1.695884
4.289266 1.797215
4.082305 1.745546
4.058795 1.826276
4.316324 1.637288
4.093188 1.614220
4.290385 -0.531709
4.226393 1.655393
4.155377 1.746621
4.159434 1.879369
4.222917 1.619614
4.272964 1.721099
4.267938 1.739504
4.224164 1.676515
4.166322 1.856813
3.987020 1.653177
4.187253 1.711595
4.310761 -0.604605
4.241777 1.670568
4.135102 1.807793
4.087832 1.833582
4.241820 1.768050
4.046312 1.606318
4.136375 1.637534
4.083579 1.784366
4.261865 1.796157
4.180836 1.518785
4.024773 1.609540
4.261880 -0.645210
4.163476 1.720322
4.198602 1.731507
4.286994 1.764573
4.120059 1.702985
4.227865 1.685187
4.145041 1.751795
4.060151 1.574631
4.186588 1.643302
4.027425 1.685284
4.263663 1.835475
4.245085 -0.554061
4.123251 1.810568
4.043341 1.515324
4.094210 1.779096
4.112470 1.576571
4.174306 1.615976
4.091211 1.809363
3.971577 1.713362
4.159124 1.536801
4.134578 1.583780
4.226327 1.569346
4.171602 -0.747692
4.026103 1.721921
3.984700 1.558223
4.160685 1.628381
4.125294 1.753452
4.164411 1.653698
4.157125 1.780481
4.212883 1.607045
4.219809 1.752340
4.260717 1.739847
4.190159 1.708291
4.249178 -0.594580
3.946373 1.778018
4.110337 1.749544
4.185978 1.572157
4.145719 1.688312
4.206644 1.656408
3.946901 1.734043
4.200467 1.833549
4.001515 1.715606
3.942355 1.637105
3.902717 1.660495
4.382664 -0.568188
4.220592 1.590316
4.098682 1.831794
4.185311 1.623653
4.246163 1.646556
4.122008 1.556061
3.974527 1.573943
4.011595 1.831844
4.158090 1.728936
4.078189 1.551234
4.141187 1.578334
4.191244 -0.638908
4.444551 -0.595405
3.737007 -2.263015
3.886760 -2.027946
3.674397 -2.057775
3.758516 -2.279329
3.871950 -2.066128
3.682539 -2.127456
3.698757 -2.199412
3.665993 -2.298731
3.826797 -2.337721
3.669582 -2.172302
4.171084 -0.782148
3.917299 -2.187407
3.884170 -2.195772
3.718664 -2.177734
3.728916 -2.319483
3.628057 -2.366853
3.806979 -2.205443
3.993018 -2.122476
3.750155 -2.328008
3.836481 -2.070808
3.880330 -2.186931
4.232961 -0.546663
3.722923 -2.384667
3.666986 -2.182608
3.737092 -2.130970
3.854035 -2.038275
3.804001 -2.254234
3.814129 -2.203265
3.732944 -2.078399
3.916565 -2.183832
3.894254 -2.136807
3.817938 -2.212647
4.391063 -0.581752
3.710326 -2.104011
3.690063 -2.059606
3.872329 -2.291188
3.743306 -2.045088
3.754267 -2.266123
3.694526 -2.127112
3.796781 -2.279306
3.599076 -2.204452
3.798081 -1.951108
3.783115 -2.074003
4.226862 -0.788062
3.841112 -2.246853
3.910085 -2.163377
3.797384 -2.225377
3.596909 -2.245891
3.687571 -2.294266
3.813780 -2.268786
3.851096 -2.219571
3.771861 -2.090410
3.653786 -2.218381
3.783102 -2.079866
4.495750 -0.797535
3.760665 -2.194719
3.945429 -2.111785
3.815811 -2.133120
3.635258 -2.200382
3.682438 -2.111950
3.732149 -2.146768
3.775385 -2.216206
3.953454 -2.180181
3.888412 -2.011587
3.976909 -2.103478
4.337312 -0.548657
3.823934 -2.224692
3.610931 -2.132050
3.794905 -2.279488
4.015455 -2.138745
3.908079 -2.314744
3.620732 -2.245819
3.662166 -2.072831
3.772275 -2.039551
3.709745 -2.132739
3.809972 -2.220666
4.489095 -0.602097
3.741980 -2.238086
3.941408 -2.187064
3.727086 -2.219393
3.836294 -2.281968
3.916972 -2.295899
3.845045 -2.006356
3.775668 -1.993602
3.847353 -1.989279
3.815220 -2.062126
3.636505 -2.182594
4.335758 -0.703925
3.821357 -2.184078
3.849298 -2.250018
3.773999 -2.120312
3.765795 -2.336520
3.840930 -2.342750
3.637133 -2.261976
3.540466 -2.061442
3.771508 -2.212178
3.915296 -2.293557
3.859133 -2.118492
4.246768 -0.678258
3.888751 -2.314576
3.794854 -2.256323
3.768857 -2.182869
3.766610 -2.102497
3.884463 -2.087956
3.630916 -2.110001
3.720825 -2.276745
3.769245 -2.292025
3.773075 -2.069749
3.911927 -2.185427
4.314059 -0.564993
4.271102 -0.659420
2.022703 -0.528583
2.238264 -0.752228
2.084779 -0.674345
1.969816 -0.746480
2.054571 -0.647046
2.161872 -0.676561
2.072740 -0.531051
2.011688 -0.834034
1.918733 -0.805903
2.223150 -0.832171
4.283831 -0.709111
1.985236 -0.648307
2.021731 -0.685642
2.139167 -0.571560
2.001904 -0.759111
2.128901 -0.729013
2.194617 -0.764282
2.108134 -0.681420
1.938588 -0.752678
2.098872 -0.921828
2.141566 -0.793035
4.202004 -0.537722
2.115125 -0.682612
2.101670 -0.519637
2.004242 -0.768837
2.208964 -0.825845
1.962294 -0.856545
2.232289 -0.586528
2.020889 -0.635002
2.113330 -0.611804
2.164187 -0.762051
2.085021 -0.732697
4.253005 -0.632576
2.030493 -0.714659
2.140448 -0.578207
2.099473 -0.786224
2.098539 -0.775294
2.045503 -0.862089
2.217144 -0.644157
2.088295 -0.699319
2.058547 -0.965385
2.148678 -0.805781
2.116809 -0.853974
4.335502 -0.839769
2.076289 -0.565059
2.027684 -0.591739
2.078500 -0.742803
2.126629 -0.828822
2.388243 -0.749672
2.065100 -0.691775
2.105376 -0.881115
2.073523 -0.575783
2.067889 -0.792805
2.051363 -0.624625
4.380627 -0.683150
2.061335 -0.619117
1.895692 -0.692801
2.159493 -0.727934
1.984071 -0.722525
2.106213 -0.875919
1.987312 -0.837905
2.222317 -0.648694
1.984028 -0.847043
2.232898 -0.726061
2.068568 -0.843804
4.364877 -0.704659
1.857065 -0.678410
2.241173 -0.797167
2.073704 -0.712676
1.918559 -0.761224
2.042464 -0.761860
2.171387 -0.725244
2.151488 -0.767211
2.113593 -0.890468
2.165666 -0.716111
2.020165 -0.738980
4.288540 -0.683071
2.111853 -0.527100
2.143287 -0.826138
1.966982 -0.659801
1.994433 -0.889454
2.084259 -0.835482
1.957824 -0.687171
2.169264 -0.687379
2.146746 -0.931076
1.928808 -0.614367
2.055569 -1.002999
4.281559 -0.800797
1.923770 -0.789367
2.160037 -0.713494
2.139336 -0.860014
2.101628 -0.776390
2.103239 -0.720434
2.008809 -0.726750
2.049506 -0.727703
2.032579 -0.620966
2.144446 -0.680572
2.126757 -0.932790
4.365476 -0.770206
1.979187 -0.688871
2.054740 -0.643603
2.205718 -0.854133
2.210888 -0.732791
2.123281 -0.897922
2.006879 -0.615519
2.169927 -0.723691
2.064467 -0.662994
1.988732 -0.890950
2.062349 -0.711757
4.190983 -0.565688
4.243621 -0.557160
1.112428 0.168066
1.104274 0.171871
0.947658 0.191680
1.089917 0.418570
1.112200 0.233507
1.072850 0.328150
1.111665 0.304514
1.053572 0.143222
0.957900 0.192003
1.020843 0.053139
4.365434 -0.691288
1.165488 0.455499
1.111235 0.269423
1.086480 0.305115
1.090076 0.128944
1.212507 0.274232
1.154085 0.295163
1.010542 0.131761
0.920508 0.154141
1.140270 0.305164
1.235665 0.357968
4.242414 -0.626881
0.861943 0.293664
1.177041 0.343135
1.106342 0.365399
0.991367 0.348877
1.076267 0.123835
1.213028 0.145253
1.180581 0.055116
1.168104 0.105535
1.190111 0.437464
1.024905 0.354053
4.420101 -0.615855
1.181714 0.254622
0.973362 0.114721
1.003318 0.289230
1.098034 0.132421
1.198843 0.318899
0.927760 0.276577
1.040984 0.170535
1.027929 0.376818
1.139974 0.340606
1.252298 0.183502
4.397051 -0.716718
0.981467 0.231441
1.231739 0.227165
1.132106 0.372435
1.216558 0.235060
1.083053 0.126758
1.226110 0.282798
1.068051 0.306177
1.201842 0.310067
0.983925 0.161968
1.089299 0.167537
4.438828 -0.688333
0.866578 0.021237
0.908147 0.095751
1.350450 0.096601
1.076918 0.195171
1.052117 0.230935
0.971103 0.220631
1.024143 0.049674
0.999884 0.291021
1.084216 0.233399
1.137650 0.341407
4.411473 -0.537257
1.028808 0.060733
0.999208 0.202334
0.970493 0.442860
0.883632 0.101009
0.929868 0.185800
1.032848 0.361188
1.167515 0.298807
0.991835 0.119772
0.929049 0.107443
1.160475 0.332893
4.418778 -0.625734
1.121702 0.278178
1.112180 0.212664
1.126604 0.052993
1.026229 0.322081
1.206115 0.131450
0.970075 0.151282
0.990778 0.243744
1.005023 0.200247
1.028427 0.202779
1.019506 0.084738
4.190688 -0.515076
1.048959 0.209690
1.151346 0.363096
0.938289 0.053918
1.228330 0.113276
1.074779 0.344948
0.885987 0.115454
1.203004 0.384219
1.032590 0.231109
1.001266 0.087211
0.942406 0.228725
4.307039 -0.744356
1.128100 0.284797
1.054350 0.157629
1.117175 0.145876
1.110175 0.196918
0.852085 0.069933
0.998833 0.103684
0.916363 0.252358
1.094163 0.146489
1.036387 0.266726
1.133834 0.224941
4.217245 -0.697392
4.338261 -0.503295
2.089656 -2.804375
2.286952 -2.818993
2.019631 -2.842473
2.213467 -2.868001
2.244465 -2.804403
2.121186 -2.846828
2.341724 -2.805110
2.199167 -2.705232
2.141211 -2.706670
2.098016 -2.922177
4.358213 -0.667232
2.333361 -2.828131
2.166586 -2.703698
2.252723 -2.924177
2.311985 -2.649656
2.151907 -2.778406
2.173052 -2.704127
2.218564 -2.771392
2.088846 -2.880891
2.248353 -2.756972
2.215736 -2.887735
4.187772 -0.728840
2.034931 -2.676743
2.358875 -2.681579
2.204337 -2.910076
2.109036 -2.775159
2.113699 -2.864235
2.255207 -2.921646
2.131195 -2.717602
2.047651 -2.593279
2.157847 -2.705279
2.126519 -2.555581
4.437351 -0.688833
2.246007 -2.926140
2.150213 -2.889970
2.212676 -2.901648
2.159936 -2.747272
2.247219 -2.919391
2.265771 -2.793780
2.139726 -2.892213
2.158454 -2.791209
2.076294 -2.881773
2.097693 -2.916175
4.239107 -0.802352
2.335140 -2.734268
2.348442 -2.620424
2.350963 -2.710513
2.303064 -2.632281
2.143759 -2.702476
2.377475 -2.718220
2.225510 -2.904188
2.110388 -2.877323
2.234973 -2.728691
2.259073 -2.924690
4.302083 -0.691388
2.146846 -2.709268
1.993517 -2.748068
2.242083 -2.820088
2.229663 -2.609943
2.293003 -2.852055
2.097004 -2.861692
2.056527 -2.952514
2.150074 -2.698524
2.143328 -2.685530
2.376915 -2.740615
4.149284 -0.578680
2.338907 -2.711728
2.375077 -2.890558
2.091936 -2.804697
2.303637 -2.860517
2.106555 -2.749110
2.322540 -2.753160
2.287608 -2.847023
2.163070 -2.900856
2.165787 -2.846495
2.058717 -2.940822
4.280289 -0.527574
2.139751 -2.895696
2.280647 -2.713361
2.212673 -2.771837
2.293880 -2.769085
2.263845 -2.697567
2.273036 -2.811882
1.940783 -2.706805
2.277004 -2.870310
2.151710 -2.686574
2.081794 -2.727438
4.338562 -0.700712
2.134984 -2.732965
2.087985 -2.735552
2.390845 -2.640190
2.185719 -2.818189
2.088969 -3.011553
2.160538 -2.898428
2.285677 -2.862689
2.233036 -2.758909
2.222303 -2.639116
2.281362 -2.751987
4.415976 -0.605781
2.273261 -2.845109
2.076901 -2.730870
2.042274 -2.901933
2.081300 -2.911148
2.152464 -2.884834
2.183465 -2.649359
2.269309 -2.720520
2.151067 -2.700336
2.184994 -2.906858
2.193351 -2.630025
4.314165 -0.693182
4.452393 -0.847591
-0.037941 1.880434
-0.061659 1.936100
-0.191390 1.941310
-0.229663 1.841032
-0.095130 1.870020
-0.079396 1.883895
0.034751 1.857677
-0.035924 1.731330
-0.005812 1.779843
-0.032185 1.960259
4.368304 -0.550393
-0.207693 1.921127
-0.109629 1.786491
-0.164574 1.882756
0.009942 1.876958
-0.081538 1.814677
-0.195640 1.953323
-0.170545 1.704162
-0.077922 1.928581
0.065581 1.827798
-0.064933 1.921140
4.416395 -0.691906
-0.054731 1.937825
-0.178706 1.836445
-0.028776 1.846194
-0.133705 1.967015
-0.167879 1.816990
-0.126806 1.741994
-0.167867 1.743459
-0.210929 1.916519
-0.283171 1.715873
-0.140703 1.728043
4.178405 -0.823519
-0.241105 1.677475
-0.003603 1.831749
0.015583 1.906858
-0.211527 1.771169
-0.018098 1.877891
-0.099528 2.003386
-0.015256 1.841090
-0.200901 1.832534
-0.182520 1.829770
-0.142300 1.867530
4.181582 -0.631454
-0.121764 1.712946
-0.165025 1.887107
0.111639 1.817386
-0.156652 1.898627
-0.121906 1.756568
-0.019535 1.975405
-0.192674 1.693380
-0.013818 1.703704
-0.286310 1.793952
0.041071 1.891185
4.209436 -0.773522
0.008035 1.949383
-0.003878 1.911255
-0.041288 1.981238
-0.201344 1.829090
-0.185830 1.713126
-0.060012 1.850071
-0.102331 1.813073
0.078776 1.808613
-0.251475 1.758152
-0.140342 1.827342
4.249022 -0.592599
-0.087204 1.881983
0.043367 1.737546
-0.182725 1.902164
-0.207400 1.724660
-0.083429 1.743300
-0.027776 1.932612
-0.230583 1.785209
-0.155455 1.769394
-0.030240 2.005343
-0.053433 1.710832
4.359881 -0.543678
-0.051294 1.771858
-0.179587 1.795643
-0.170527 1.965111
-0.177186 1.929794
-0.087065 1.828158
0.053333 1.783725
-0.176048 1.782159
-0.245128 1.769213
-0.207072 1.835192
-0.135714 1.903504
4.313344 -0.776459
0.059546 1.941118
-0.084582 1.891777
-0.165977 1.695786
-0.312790 1.708012
-0.091618 1.832503
0.056999 1.901681
-0.006631 1.757129
-0.062000 1.836246
-0.179417 1.623814
-0.140256 1.936929
4.345376 -0.752741
-0.225172 1.787359
-0.175345 1.741197
-0.113090 1.699563
-0.060332 1.920812
-0.378972 1.868984
-0.159784 1.870270
-0.229477 1.786302
-0.068988 1.846375
-0.028293 1.783063
-0.203507 1.655479
4.300386 -0.610941
4.249824 -0.743427
1.276329 1.820061
1.060165 1.710929
1.464523 1.872710
0.984209 1.633228
1.218555 1.790263
-nan -nan
1.171520 1.795508
1.255106 1.624270
1.249239 1.720754
1.276191 1.796387
4.362317 -0.509473
1.171429 1.796319
0.938617 1.603404
-nan -nan
1.318940 1.613939
1.103293 1.789570
1.115138 1.783785
1.078478 1.843417
1.170475 1.811817
1.410707 1.736511
1.081472 1.742622
4.207146 -0.628298
0.973677 1.769304
1.122309 1.731282
1.229647 1.879953
1.188947 1.700994
1.071956 1.647828
1.166838 1.808579
1.097295 1.970685
1.173105 1.685165
1.031236 1.794755
1.055699 1.554521
4.218498 -0.836019
1.251808 1.613608
-18.023573 -20.460119
1.172279 1.888726
-nan -nan
1.108566 1.810846
1.283425 1.734905
1.285041 1.632179
1.311328 1.612671
1.429753 1.759651
1.092861 1.570667
4.409576 -0.642310
1.167111 1.646894
-nan -nan
-nan -nan
1.308785 1.867986
-nan -nan
1.056633 1.715341
1.329346 1.611796
-nan -nan
1.212945 1.552396
-nan -nan
4.259143 -0.585066
1.186539 1.658996
-nan -nan
-nan -nan
1.124513 1.650356
1.343443 1.751075
1.164639 1.821956
1.328834 1.689862
-nan -nan
1.187118 1.903146
1.048134 1.588816
4.395341 -0.800554
1.197111 1.836912
1.094193 1.701165
1.131981 1.868458
-nan -nan
1.258632 1.770163
1.363024 1.808952
1.223902 1.651545
1.066738 1.753867
1.201665 1.895069
1.064564 1.790661
4.301769 -0.710355
-nan -nan
1.113282 1.692093
1.139596 1.850281
-nan -nan
1.331763 1.872676
1.112685 1.844954
1.144951 1.946894
-nan -nan
-nan -nan
1.244595 1.858070
4.410296 -0.788937
1.225141 1.760766
-nan -nan
1.239462 1.860363
-nan -nan
1.241671 1.777793
1.289486 1.946360
1.125152 1.693632
-nan -nan
1.102686 1.783121
-nan -nan
4.112676 -0.609700
-nan -nan
1.231719 1.733243
1.201574 1.824265
-nan -nan
-nan -nan
1.206900 1.740458
1.079458 1.873891
1.236673 1.580496
1.268727 1.789372
1.239439 1.831437
4.365480 -0.730753
4.230998 -0.736924
4.258584 -0.851936
4.281900 -0.487499
4.388822 -0.530939
4.306003 -0.596798
4.236064 -0.663286
4.406404 -0.529410
4.435434 -0.647669
4.243091 -0.771917
4.421828 -0.544768
