900 2
0.726305 0.134558
0.814682 0.353873
0.963636 0.196942
1.119516 2.154023
1.121205 2.240042
1.190753 2.295425
1.051434 2.045675
1.251118 2.091862
1.066845 2.149847
1.197664 2.102321
1.080649 2.278858
1.077320 2.284195
1.333760 2.157802
0.921005 0.432160
1.164914 2.208852
1.132924 2.246211
1.030871 2.069329
1.094839 2.177660
1.082176 2.050345
1.159016 2.350462
1.173049 2.195264
1.073327 2.054271
1.048585 2.110924
1.068772 2.126367
0.732635 0.438136
1.066535 2.302489
1.114833 2.300600
0.985326 2.220643
1.166407 2.129759
1.091724 2.272138
1.303784 2.281053
1.167009 2.202063
1.083411 2.182079
0.949324 2.266438
1.317636 2.293906
0.758935 0.219574
1.146742 2.131965
1.181224 2.284502
1.188928 2.166791
1.065506 2.208222
1.204950 2.091318
1.117715 2.372637
1.351547 2.201805
1.248828 2.046213
1.148884 2.172086
1.048664 2.152406
0.869147 0.302149
1.154339 2.328907
1.135034 2.385844
1.149221 2.074398
1.223613 2.251450
1.033839 2.022399
1.132169 2.211860
1.237023 2.340793
1.139136 2.173472
1.124269 2.268560
1.153574 2.218550
0.944630 -0.081123
1.113376 2.107547
0.861458 2.135569
1.036162 2.055397
1.269448 2.184529
1.203469 2.316345
1.084349 2.107137
1.372489 2.361904
1.248987 2.285372
1.117405 2.368276
1.110820 2.173804
0.675984 0.247158
1.422139 2.200077
1.023872 2.138783
1.219594 2.167866
1.159406 2.268842
1.137784 2.203912
1.076648 2.190007
1.059198 2.092653
1.195617 2.253157
1.300422 2.206084
1.087519 2.125462
0.914429 0.348063
1.075701 2.266759
1.015399 2.149899
1.305446 2.245888
0.992411 2.111169
1.154623 2.201478
1.077753 1.990399
1.245241 2.201597
1.061922 2.135597
1.208473 2.136546
1.038947 2.132492
0.905936 0.175709
1.208172 2.391595
1.179823 2.079168
1.148724 2.145349
1.041987 2.320706
1.154506 2.298939
1.140534 2.229645
1.174924 2.375951
1.216967 2.194644
1.275840 2.355835
1.257947 2.162073
0.808584 0.216805
1.144312 2.278887
1.331249 2.244046
0.972185 2.117826
1.090174 2.259670
1.266760 2.371650
1.188161 2.101588
1.137003 2.328660
1.316103 2.247617
1.157608 2.180139
1.011209 2.245344
0.716856 0.340305
0.677258 0.279418
2.554672 2.688183
2.535325 2.602710
2.567271 2.403824
2.518924 2.442186
2.592505 2.464415
2.580478 2.500781
2.479136 2.630845
2.536436 2.681298
2.623684 2.649071
2.482900 2.652894
0.823974 0.202136
2.438924 2.542178
2.828292 2.541867
2.670678 2.595320
2.702360 2.609670
2.653120 2.769490
2.630401 2.614057
2.644393 2.528761
2.596739 2.491984
2.707714 2.438940
2.526967 2.603749
-nan -nan
2.741582 2.597861
2.684451 2.626066
2.493870 2.628347
2.521855 2.566943
2.580318 2.691324
2.522283 2.537976
2.620971 2.610894
2.653572 2.415010
2.722507 2.338036
2.510477 2.661636
0.718057 0.409349
2.517570 2.608700
2.537503 2.572952
2.382838 2.459141
2.683412 2.695004
2.703360 2.604870
2.653920 2.488004
2.509435 2.574754
2.379403 2.533977
2.607171 2.780243
2.604055 2.674701
0.595216 0.172742
2.715495 2.530965
2.423030 2.528029
2.591820 2.627457
2.421690 2.418653
2.470607 2.551770
2.392803 2.386868
2.583951 2.636609
2.764543 2.547800
2.557698 2.560850
2.424058 2.604302
0.631374 0.341672
2.452879 2.625583
2.591022 2.400828
2.624893 2.510149
2.471878 2.537322
2.652297 2.481341
2.643745 2.716492
2.525809 2.582842
2.561444 2.725028
2.665573 2.558192
2.722734 2.615128
0.715444 0.098999
2.622640 2.469334
2.466826 2.647180
2.534541 2.554527
2.593078 2.612093
2.466136 2.752465
2.499639 2.703954
2.458451 2.598018
2.601263 2.576735
2.493637 2.470864
2.489875 2.499315
0.728820 0.181882
2.722532 2.559919
2.620815 2.758832
2.570739 2.721226
2.456353 2.507031
2.532299 2.737833
2.479305 2.475319
2.630740 2.462885
2.522265 2.558544
2.727733 2.589366
2.607679 2.467961
0.747309 0.270984
2.517455 2.433713
2.537456 2.597996
2.621609 2.600256
2.721613 2.578314
2.484993 2.456822
2.744051 2.607615
2.540127 2.492567
2.525244 2.646214
2.571532 2.477990
2.459225 2.511711
0.895933 0.243758
2.618321 2.771992
2.470464 2.723044
2.466717 2.702153
2.658939 2.505305
2.511587 2.428461
2.593244 2.749642
2.557688 2.380916
2.728688 2.710564
2.610773 2.560840
2.599674 2.600697
1.005429 0.269083
0.781119 0.382478
1.845538 -1.002604
1.815333 -0.771119
1.886809 -0.777350
1.748799 -0.797692
1.942858 -1.083663
2.007527 -0.881055
1.899601 -0.964302
1.945717 -0.841703
1.854670 -1.106846
1.938814 -0.975126
0.974098 0.338313
1.892375 -0.937612
1.735323 -0.952844
1.936528 -0.993725
1.903451 -0.893962
1.938553 -0.966261
1.837760 -1.116769
2.059452 -0.870592
1.995191 -0.863561
1.771617 -0.891434
1.926589 -0.940981
0.917263 0.349443
1.879921 -1.076336
1.707410 -1.022261
1.989458 -0.894591
2.026623 -0.982683
1.939052 -1.080858
1.897425 -1.159066
1.672105 -1.184413
1.938454 -0.821598
1.934807 -0.888112
1.814312 -0.897775
0.745728 0.240140
2.024740 -0.959672
1.779960 -0.870594
1.919752 -0.914778
1.989050 -0.713714
1.915714 -0.951185
1.764305 -0.836423
1.723712 -1.043591
1.641070 -0.826580
1.843719 -0.872408
1.850390 -0.957450
0.843497 0.361108
2.024005 -1.008497
1.800164 -0.908929
1.913905 -0.960589
1.876662 -1.122248
1.913149 -1.030951
1.866132 -1.019254
1.776455 -0.853590
1.816367 -1.106415
2.099216 -0.954407
1.649196 -0.979200
0.830856 0.255910
1.818233 -1.055577
1.633269 -1.031460
1.922583 -0.955539
1.784618 -0.872304
1.760359 -1.015129
1.899433 -1.023400
1.970196 -0.987882
1.616486 -1.040502
1.942669 -0.826996
1.993541 -0.869358
0.727965 0.248773
1.905813 -1.057292
1.820130 -0.961794
1.842616 -1.196772
2.002294 -0.874912
1.974516 -0.952883
1.976843 -1.008235
1.838764 -1.118083
1.745515 -1.180468
1.801688 -0.905753
2.042883 -0.975723
0.649376 0.078577
2.065318 -1.032998
1.984838 -0.957626
1.839321 -1.116469
1.751428 -0.971151
1.854638 -0.808704
1.721070 -0.925996
1.555431 -0.857196
1.731303 -0.913265
1.706372 -0.884026
1.842964 -0.855352
0.660195 0.231429
2.009082 -0.951555
1.841619 -1.036500
1.868595 -1.126239
1.857397 -0.982453
1.973087 -0.865753
1.859608 -1.064684
1.946759 -0.736450
1.853820 -0.898553
1.897791 -0.917069
1.836604 -0.971201
0.662485 0.220278
1.829384 -0.932041
1.752634 -1.008824
2.068064 -0.876539
1.815474 -0.915584
1.600924 -0.962373
1.971108 -1.031597
1.879946 -0.989535
1.751192 -1.059033
1.994458 -0.847320
1.887669 -0.914843
0.581452 0.227506
0.816747 0.449958
5.657847 0.789382
5.874120 0.614152
5.799594 0.723088
5.668773 0.547610
5.559391 0.589144
5.526824 0.695793
5.706422 0.715740
5.698889 0.798614
5.636076 0.324839
5.708203 0.521692
0.723201 0.188091
5.661739 0.468360
5.766652 0.656193
5.689528 0.410235
5.753283 0.593999
5.598891 0.700082
5.647323 0.640814
5.712059 0.630134
5.634847 0.753252
5.861585 0.693657
5.795611 0.611974
0.645330 0.228458
5.602057 0.670908
5.559547 0.568612
5.719902 0.601304
5.606238 0.615367
5.599439 0.399355
5.885578 0.561780
5.635385 0.578058
5.690471 0.721978
5.645389 0.521914
5.704556 0.608460
0.819145 0.317684
5.669218 0.620840
5.486350 0.650240
5.731035 0.722290
5.725250 0.703869
5.740317 0.719600
5.715273 0.481921
5.694941 0.632652
5.590809 0.597504
5.733401 0.635549
5.643976 0.736876
0.915918 0.134161
5.589480 0.681626
5.783141 0.668467
5.766724 0.548253
5.769672 0.555321
5.505367 0.570846
5.761018 0.608963
5.792461 0.675440
5.609360 0.526303
5.799343 0.629463
5.787464 0.648336
0.671238 0.359743
5.620114 0.609948
5.626453 0.710178
5.626571 0.708461
5.763764 0.716027
5.714325 0.392666
5.703822 0.442566
5.526685 0.514228
5.874039 0.479164
5.816343 0.555519
5.687309 0.614072
0.717988 0.143511
5.699419 0.422021
5.782789 0.476760
5.828691 0.656258
5.660595 0.345427
5.898481 0.566313
5.833670 0.508127
5.596082 0.654687
5.754381 0.490104
5.632797 0.560004
5.775625 0.465880
0.788910 0.246949
5.756494 0.558998
5.780369 0.494847
5.490930 0.625371
5.644534 0.539777
5.726350 0.395561
5.819895 0.491246
5.831238 0.609341
5.561944 0.607233
5.474165 0.652574
5.837589 0.611773
0.608282 0.176166
5.712282 0.566884
5.561218 0.608093
5.807120 0.640846
5.652817 0.686405
5.640836 0.604090
5.647105 0.480232
5.634787 0.578048
5.629287 0.759153
5.834164 0.546197
5.750650 0.623995
0.739177 0.234217
5.817210 0.648959
5.648610 0.632637
5.657825 0.464067
5.867321 0.627182
5.621462 0.484458
5.805751 0.456775
5.740376 0.598034
5.562944 0.750364
5.769887 0.518427
5.654803 0.436817
0.813945 0.292815
0.714264 0.188847
3.633030 1.488519
3.597016 1.490577
3.549676 1.622650
3.512148 1.505202
3.491298 1.522216
3.464869 1.580399
3.654658 1.387322
3.563988 1.231386
3.563839 1.522940
3.822728 1.444651
0.731784 0.031000
3.511477 1.519551
3.663741 1.415466
3.611264 1.602955
3.865442 1.547137
3.671195 1.501534
3.487482 1.443480
3.749172 1.443568
3.651087 1.477856
3.695965 1.540328
3.591690 1.392649
0.827371 0.284993
3.926204 1.506486
3.573617 1.372515
3.430444 1.372068
3.640677 1.450368
3.601589 1.449270
3.594691 1.518094
3.582711 1.449132
3.576454 1.533850
3.521781 1.366625
3.618674 1.615452
0.868563 0.177495
3.668744 1.456004
3.596292 1.617405
3.706125 1.559927
3.663574 1.527413
3.482244 1.489505
3.609998 1.562459
3.464274 1.408488
3.578015 1.566226
3.439615 1.511872
3.659402 1.399732
0.672733 0.211646
3.537882 1.596384
3.541568 1.532597
3.494753 1.241092
3.653262 1.338774
3.466184 1.509732
3.624388 1.410575
3.500278 1.465085
3.683624 1.318681
3.537603 1.592315
3.755276 1.537319
0.601565 0.200514
3.791828 1.489147
3.815294 1.610188
3.555743 1.332817
3.506885 1.465809
3.514671 1.367494
3.637821 1.359740
3.545055 1.436529
3.626826 1.337530
3.464929 1.346519
3.674161 1.624051
0.688328 0.220117
3.735441 1.304662
3.667371 1.515560
3.739025 1.351407
3.743728 1.595538
3.720498 1.343034
3.446975 1.364449
3.464252 1.466177
3.600564 1.417382
3.596559 1.499473
3.487444 1.256276
0.693656 0.150870
3.685719 1.481744
3.445303 1.357248
3.712143 1.520113
3.616272 1.595846
3.710631 1.360366
3.353444 1.425186
3.711670 1.497233
3.763366 1.435997
3.475002 1.365575
3.871132 1.469218
0.824666 0.210068
3.599213 1.326652
3.738865 1.476456
3.674966 1.493734
3.568291 1.538048
3.442072 1.505916
3.629033 1.295060
3.755938 1.311461
3.637647 1.378273
3.720226 1.451881
3.809692 1.416165
0.903261 -0.036211
3.456232 1.458867
3.650082 1.154711
3.695603 1.449851
3.702662 1.531554
3.548877 1.335537
3.623792 1.661837
3.464896 1.525617
3.548119 1.584414
3.606782 1.470175
3.452589 1.546516
0.719256 0.234664
0.842295 0.428912
3.527298 -1.920979
3.585704 -1.930705
3.436471 -2.093140
3.510292 -1.922940
3.333907 -2.254080
3.432263 -2.190577
3.655674 -1.867219
-nan -nan
3.393275 -1.950433
2.949002 -2.375747
0.713702 0.194826
3.378584 -2.034560
3.518900 -1.950504
3.528255 -1.915302
3.319303 -2.078961
3.570426 -1.991983
3.557032 -2.065156
3.383339 -2.051666
3.478867 -1.781647
3.417454 -1.947201
-nan -nan
0.825212 0.225039
-nan -nan
3.497883 -1.789472
-nan -nan
3.478954 -2.013355
3.751146 -1.880602
-nan -nan
3.512927 -1.916446
3.649138 -1.748185
3.420312 -2.044611
3.806934 -1.827559
-nan -nan
3.483158 -1.936389
3.580029 -1.964982
3.389400 -2.025980
3.631186 -1.927616
3.458805 -1.804180
3.387322 -1.753046
3.358284 -1.947574
-nan -nan
-nan -nan
3.476268 -2.027445
-nan -nan
3.247194 -1.967556
3.369972 -1.934108
3.397596 -2.184807
3.466079 -1.981508
3.379924 -1.977763
3.315677 -1.916082
3.381631 -2.034632
3.554831 -1.829188
3.339348 -2.002354
3.577420 -1.922277
0.715200 0.166438
-nan -nan
3.408145 -1.959177
3.427982 -2.016685
-nan -nan
3.494034 -2.118212
-nan -nan
3.627022 -1.850220
3.691464 -1.969033
3.345456 -2.237651
3.394921 -1.889590
0.849816 0.030691
3.474325 -2.194206
3.512079 -1.824062
3.353092 -2.056388
3.321592 -2.058903
-nan -nan
3.397157 -1.825959
3.653842 -1.667432
3.516057 -2.068535
3.446840 -1.907282
3.635683 -1.873159
0.775985 0.366332
-nan -nan
3.349838 -2.002941
-nan -nan
3.525204 -1.907968
3.467982 -2.102734
3.479728 -2.086749
-nan -nan
3.421252 -2.121809
3.357260 -1.965622
3.412781 -1.917560
0.994274 0.149311
3.477667 -2.033755
3.460758 -1.823138
-nan -nan
3.580660 -1.834188
-nan -nan
-nan -nan
-nan -nan
3.435660 -2.006402
3.474465 -2.021819
3.618748 -1.838675
0.743843 0.267423
3.243448 -2.093998
3.531315 -1.821490
3.552191 -2.059009
3.499589 -2.032031
3.565032 -1.989626
3.655393 -1.984089
3.643688 -1.941851
-nan -nan
-nan -nan
-nan -nan
0.850441 0.268326
0.951682 0.260352
5.193258 -1.355096
5.098056 -1.285723
4.927992 -1.365544
5.211591 -1.345950
4.953274 -1.096584
5.140141 -1.329689
4.964233 -1.333409
4.932998 -1.225815
5.169323 -1.017805
5.059632 -1.301047
0.929473 0.301223
5.127585 -1.362743
4.880221 -1.261599
5.086934 -1.402312
5.214387 -1.126438
5.087689 -1.162267
4.992922 -1.175772
5.085318 -1.134740
5.123927 -1.185864
4.976958 -1.465804
5.123885 -1.091938
0.657060 0.112609
5.053547 -1.259740
5.110536 -1.377173
5.249757 -1.353718
5.115978 -1.086261
5.003089 -1.101208
4.951657 -1.105440
5.017834 -1.325081
5.231556 -1.082538
5.114235 -1.164446
5.170167 -1.036877
0.729250 0.415698
5.239991 -1.171605
5.046430 -1.276940
5.192258 -1.300085
4.976624 -1.172253
5.170531 -1.239772
4.980305 -1.256418
5.146232 -1.095283
5.210711 -1.313704
4.968927 -1.201698
5.192054 -1.259283
0.748421 0.202091
5.025561 -1.268093
5.008929 -1.128041
5.052545 -1.226353
5.183134 -1.266769
5.120651 -1.294807
5.089840 -1.335182
5.041424 -1.267528
4.975846 -1.370373
5.194618 -1.243725
5.189669 -1.208522
1.029468 0.215310
5.102834 -1.126588
5.093675 -1.260905
4.965437 -1.271605
5.128205 -1.271887
5.021791 -1.287851
5.188957 -1.208546
5.116716 -1.408828
5.027769 -1.345904
5.266385 -1.199039
5.175837 -1.233650
0.794904 0.177826
5.217316 -1.175898
5.158946 -1.345585
5.074127 -1.353519
5.097817 -1.400679
5.117246 -1.184013
5.144732 -1.085808
5.088894 -1.194031
5.125258 -1.167141
4.915215 -1.251415
5.097979 -1.322878
-nan -nan
5.113658 -1.150151
5.065180 -1.222333
5.170988 -1.085394
5.095035 -1.128933
5.128995 -1.145866
5.009125 -1.297672
5.189360 -1.231179
5.044470 -1.085079
5.265356 -1.194940
5.144787 -1.221004
0.806413 0.297415
5.194170 -1.290504
5.229017 -1.262279
5.242414 -1.182589
5.278742 -1.160832
5.018230 -1.218805
5.137686 -1.073319
5.110315 -1.322833
5.182582 -1.447740
5.225523 -1.327917
5.140435 -1.260492
0.727811 0.089558
5.125990 -1.329075
5.076932 -1.265184
5.133392 -1.251678
5.137467 -1.320860
5.007191 -1.350834
5.076460 -1.359991
5.070554 -1.387360
5.159508 -1.260687
5.151453 -1.215872
5.104968 -1.156567
0.941294 0.165035
-nan -nan
4.163829 0.199889
3.862438 0.182473
3.989744 0.189933
4.144840 0.114010
4.055438 0.036748
3.992428 0.131297
4.211916 0.305776
4.147530 0.334150
4.113199 0.208067
4.102035 0.234716
1.003607 0.184324
4.177044 0.075670
3.939358 0.085966
4.012364 0.156181
3.974007 0.310144
4.044326 0.012813
3.862859 0.206264
4.077780 0.035064
4.090304 0.229811
4.086469 0.297547
4.051790 0.094742
0.717201 0.184227
4.119217 0.166932
4.120368 0.105716
3.984794 -0.042265
4.033898 0.255424
4.019599 0.205071
4.185403 0.111052
3.976053 0.140389
4.187137 0.038796
4.054569 0.043023
4.215280 0.204113
0.879760 0.307248
3.956845 -0.029501
4.058621 -0.018566
4.146045 0.176338
4.193134 0.025600
3.959594 0.125867
4.017725 0.198848
3.918359 0.166915
3.979716 0.337198
3.921138 0.129793
3.917048 0.194197
-nan -nan
4.068293 0.379377
3.907906 0.217268
4.223650 0.220417
4.211108 0.125341
4.092458 0.257038
3.941548 0.128573
4.115202 0.056246
4.108624 0.236971
4.024262 0.225953
4.000617 0.065789
0.985626 0.430140
4.021820 -0.055198
4.098564 0.137528
3.977556 0.235342
4.012208 0.225320
4.073099 0.040694
4.007832 0.328557
3.941092 0.114346
3.953620 0.196109
4.029806 0.015302
4.262637 0.130697
-nan -nan
4.236172 0.089667
4.126118 0.165832
4.017377 0.149840
3.988857 0.012880
4.017441 0.255387
4.183918 0.220532
4.158130 0.219767
4.125472 0.076008
4.100742 0.276189
4.199625 0.059421
0.853926 0.302368
4.053595 0.076964
3.996828 0.226876
4.134004 0.036434
4.015306 0.041751
3.995158 0.081262
3.957608 0.165083
4.118617 0.110024
3.880479 0.251340
4.219108 0.158596
4.187661 0.206818
-nan -nan
4.031652 0.095412
4.185857 0.073241
4.161125 0.076232
4.015861 0.287104
4.062674 0.047963
3.998612 0.184388
4.137359 0.172496
3.990028 0.278347
4.205170 0.226769
3.978676 0.132499
0.929638 0.346845
4.069229 0.253874
4.082975 0.277403
4.084801 0.217765
3.977096 0.083870
4.218187 0.081008
3.862285 0.063969
4.185464 0.211960
4.104083 0.319231
3.932314 0.214198
4.059404 0.270296
-nan -nan
0.993288 0.263179
0.802882 0.503331
0.788641 0.253334
0.710207 0.062294
0.856317 0.297857
0.920659 0.213752
-nan -nan
0.641195 0.299504
0.995154 0.179982
0.748138 0.231690
