77 2
-1.284855 -0.968840
-1.253798 -0.990802
-0.209883 -0.551271
-0.149785 -0.722836
0.470563 -0.629796
-0.241876 -0.607649
-0.145741 -0.697808
-0.350334 -0.579121
0.527888 -0.515983
-0.221825 0.204770
-0.134391 0.122302
0.176884 0.094628
-0.932489 -0.813440
-0.078556 -0.130251
-0.452369 -0.520386
-0.109444 -1.002060
0.235184 -0.482608
-0.156279 -0.652208
-0.144315 -0.449587
-0.192057 -1.077741
-0.139143 -1.108289
-0.259366 -1.036728
-0.207344 -1.056987
-0.991580 -0.837169
-0.273261 -1.094748
0.020898 -0.373238
-0.450286 -0.553313
-0.125545 1.067764
0.274234 0.410957
0.398623 0.341239
-0.038883 0.656217
-0.357389 1.311609
-0.312140 1.360659
-0.411005 0.141467
-1.322468 -1.072364
-0.459552 0.135864
-0.536990 0.270250
-0.398632 0.060671
0.180204 -0.107895
1.058269 -0.584119
0.899255 -0.524592
0.905352 -0.659219
1.052822 -0.506203
1.011809 -0.670168
1.026969 -0.541546
-1.379357 -1.066210
0.917851 -0.648982
0.363988 -0.504957
-0.366270 0.364996
-0.235742 0.324915
0.246960 0.234792
0.427409 0.543116
-0.090978 0.282613
-0.456056 0.279554
0.316506 0.375494
-0.659234 -0.416428
-1.359482 -1.011925
0.479580 0.515961
-0.496056 1.086826
-0.446382 1.227642
0.258922 1.538425
0.344591 1.668135
-0.362341 1.046997
-0.219546 1.297683
-0.509930 1.297390
-0.202979 1.179571
-0.365047 1.120879
-1.427135 -0.920423
-0.231326 1.357458
0.162137 1.091960
0.196790 1.080230
-0.128636 1.353864
0.227212 0.616716
0.615080 0.447809
-0.686103 1.310915
-1.342303 -1.041221
-1.330355 -1.077653
