77 2
0.464222 -1.632008
0.422196 -1.586888
-0.017567 -0.607607
-0.016019 -0.720273
-0.890766 -0.385185
0.010775 -0.568724
-0.095291 -0.649981
-0.049311 -0.775869
-0.854061 -0.486087
0.011838 -0.053935
-0.070504 0.047660
-0.409537 -0.102661
0.300209 -1.332611
-0.131084 -0.283285
0.180879 -0.657939
-0.392820 -0.941930
-0.677079 -0.592147
0.011107 -0.641311
-0.095903 -0.632305
-0.202566 -1.015079
-0.234420 -1.076823
-0.181610 -1.154109
-0.282140 -1.157876
0.313377 -1.322480
-0.243384 -1.099914
0.043426 -0.282906
0.225803 -0.725251
0.342594 0.788341
-0.485379 0.114215
-0.543676 0.349545
-0.070519 0.658015
0.285148 0.980153
0.194285 1.036758
0.303479 -0.031655
0.447796 -1.732270
0.214907 -0.184063
0.203626 0.027908
0.434494 0.054200
-0.256381 -0.320203
-1.275931 -0.334072
-1.338852 -0.386573
-1.474186 -0.442423
-1.306056 -0.480012
-1.246664 -0.576792
-1.376601 -0.559273
0.476057 -1.683132
-1.417393 -0.386714
-0.802569 -0.584118
0.150258 0.274841
0.048138 0.097449
-0.366715 0.101365
-0.398835 0.326492
-0.038620 0.071829
0.381108 0.165422
-0.507741 0.201479
0.276268 -0.771715
0.498220 -1.615637
-0.493831 0.414094
0.233290 0.963626
0.021478 1.273510
0.964688 0.744394
0.957136 0.729895
0.051539 1.050820
0.364415 1.140376
0.227368 0.889829
-0.069609 1.120866
0.105386 0.959657
0.412452 -1.630909
0.205221 1.213503
0.689764 0.823421
0.664168 0.809885
0.072355 1.260946
-0.389279 0.536600
-0.636302 0.345497
0.433408 1.265234
0.508608 -1.664573
0.388496 -1.582918
