77 2
-1.250726 -1.017781
-1.117720 -0.909603
-0.367593 -0.252006
-0.401047 -0.455392
-0.397187 0.316459
-0.339963 -0.403234
-0.404962 -0.431559
-0.404358 -0.328735
-0.220862 0.638688
0.232042 -0.461878
0.366041 -0.312407
0.104045 -0.073576
-0.922724 -0.716751
0.114095 -0.408120
-0.527481 -0.745703
-0.698693 -0.109011
-0.280233 0.384636
-0.411179 -0.377732
-0.167590 -0.561863
-0.846532 -0.062799
-0.892855 -0.131424
-0.857273 -0.164856
-0.941826 -0.113568
-0.991702 -0.788264
-0.901168 -0.131051
-0.122743 -0.189206
-0.541192 -0.689918
1.028067 -0.693013
0.299936 0.124679
0.261994 0.211724
0.810835 -0.091024
1.111529 -0.434656
1.360840 -0.358550
0.239712 -0.701556
-1.183964 -0.971610
0.254795 -0.581951
0.303727 -0.658842
0.281793 -0.584084
-0.091758 -0.179218
-0.301040 0.996693
-0.172530 1.085605
-0.326987 1.097284
-0.198158 1.072923
-0.222381 1.081978
-0.292702 1.054044
-1.190529 -0.956366
-0.230651 0.968638
-0.334201 0.514120
0.604307 -0.486671
0.484339 -0.396865
0.334132 0.120278
0.571917 -0.137927
0.414019 -0.242653
0.459306 -0.703588
0.284858 0.139089
-0.494047 -0.846122
-1.386740 -1.021250
0.604636 0.196228
1.220002 -0.310932
1.340524 -0.172971
1.604625 -0.839871
1.720875 -0.874091
1.358264 -0.372765
1.323680 -0.498959
1.418944 -0.431722
1.219720 -0.253441
1.463270 -0.349545
-1.208889 -0.995473
1.576670 -0.477216
1.120988 -0.877503
1.200128 -0.887586
1.635704 -0.269837
0.451585 0.304242
0.198235 0.285611
1.584885 -0.129105
-1.145270 -1.035744
-1.098812 -0.869735
