77 2
1.195246 0.585914
1.060443 0.545418
0.091142 0.406854
0.196882 0.289097
-0.031795 1.006334
0.135002 0.373919
-0.029659 0.266544
0.184983 0.266832
0.113713 1.166042
0.176837 -0.189335
0.245758 -0.258337
-0.246771 -0.202135
0.866628 0.502330
0.112937 -0.037180
-0.173758 0.222658
-0.188528 0.707699
0.255016 0.773370
0.200538 0.452967
0.068178 0.102171
-0.308435 0.630070
-0.257054 0.707774
-0.298991 0.635028
-0.254777 0.578130
0.852351 0.495773
-0.304835 0.634836
-0.116712 0.074245
-0.101847 0.396428
0.570506 -1.028621
-0.341716 -0.424964
-0.246664 -0.576151
0.113062 -0.775588
0.300552 -1.317330
0.369094 -1.084879
0.425642 -0.177669
1.190550 0.553910
0.334038 -0.303738
0.561366 -0.221284
0.504910 -0.246241
-0.103120 -0.007539
0.088648 1.601730
0.166461 1.393112
0.105382 1.622285
0.118034 1.628934
0.005278 1.556192
0.179156 1.492316
1.188923 0.604901
0.054131 1.472392
0.272040 0.951517
0.421799 -0.445894
0.254319 -0.372597
-0.467958 -0.481593
0.070940 -0.567418
0.340607 -0.283123
0.520370 -0.403753
-0.351869 -0.308305
-0.467749 0.171070
1.223235 0.552184
-0.214782 -0.599357
0.275317 -1.349551
0.444685 -1.342865
-0.216708 -1.426645
-0.315610 -1.500034
0.472272 -1.356530
0.427531 -1.465940
0.596136 -1.349252
0.373526 -1.416911
0.649476 -1.409484
1.149747 0.555745
0.509383 -1.535452
0.855478 -0.978927
0.833338 -0.972912
0.554736 -1.593296
-0.377559 -0.617169
-0.578122 -0.432062
0.028538 -1.297405
1.292824 0.522359
1.218755 0.546333
