77 2
-1.144626 0.081064
-1.111086 0.073021
0.268937 -0.025450
0.449257 -0.079010
0.038535 -0.480512
0.143555 -0.138618
-0.048276 -0.039950
0.183827 -0.107033
-0.065060 -0.815138
0.199977 0.441294
0.130713 0.401116
0.582564 0.057490
-0.868693 0.015271
0.146592 0.212572
-0.121097 -0.063326
0.426064 -0.713147
-0.076314 -0.404100
0.098309 -0.145365
0.178617 -0.161283
0.517258 -0.685157
0.565111 -0.664090
0.500327 -0.752387
0.505506 -0.716903
-0.892878 0.008082
0.559372 -0.534157
0.418359 -0.165025
-0.179309 -0.153646
0.524964 1.251988
0.865364 0.129113
1.041703 0.183186
0.845567 0.708732
0.796469 1.033852
0.916688 1.126902
0.003819 0.522386
-1.133120 0.065415
0.229061 0.581763
0.159150 0.554004
0.099817 0.743773
0.467033 0.089458
-0.162818 -1.251947
-0.044472 -0.971045
-0.223145 -1.173946
-0.099952 -1.159824
-0.222553 -1.186946
-0.277105 -1.111293
-1.058239 -0.009237
-0.212762 -1.079578
-0.175762 -0.671538
0.123472 0.808091
-0.078775 0.674152
0.827659 0.224764
0.829990 0.422763
0.153417 0.538841
0.187339 0.752114
0.955954 0.194437
-0.320018 -0.129070
-1.140458 0.037282
1.021551 0.234366
0.725809 1.071746
0.939846 1.258210
1.229461 1.566263
1.418375 1.643702
1.067922 1.170848
1.004816 1.343634
0.954777 1.315094
0.815546 1.274088
0.788076 1.229203
-1.167670 0.098841
0.928513 1.443656
0.291011 1.429698
0.304643 1.413430
0.741859 1.501553
1.016624 0.403472
1.148926 0.106225
0.771173 1.588870
-1.093025 0.039504
-1.113061 0.063696
