77 2
0.420832 -1.280010
0.372845 -1.110792
0.125639 -0.028546
0.314096 0.202263
0.429009 0.367414
0.176267 -0.120628
0.271282 -0.350192
0.103536 -0.118184
0.613973 0.802490
-0.158832 0.520516
-0.421962 0.477774
-0.162525 -0.187432
0.321090 -0.867143
-0.034803 0.378008
0.232404 0.135345
0.754729 0.027553
0.385842 0.601259
0.239261 -0.066753
0.281009 -0.062503
0.911765 -0.137937
0.888818 -0.104724
0.770497 -0.134550
0.790372 -0.006826
0.317542 -0.820085
0.843222 -0.214972
0.037383 0.048585
0.170328 0.055358
-1.172612 0.509081
-0.361803 -0.371743
-0.475734 -0.300697
-0.833045 -0.021485
-1.514790 0.334030
-1.364528 0.364969
-0.468011 0.342094
0.370895 -1.146010
-0.429259 0.590542
-0.164539 0.455552
-0.382457 0.367418
0.050574 -0.249080
0.881496 1.096158
0.726637 0.951178
0.856375 1.047379
0.830115 1.090976
0.905058 0.988265
0.933398 0.998354
0.390596 -1.323692
0.779299 1.060258
0.493967 0.720529
-0.668810 0.447890
-0.262203 0.600604
-0.256755 -0.283278
-0.752893 -0.116442
-0.403578 0.415291
-0.590935 0.459772
-0.436707 -0.371433
0.208856 0.131641
0.383477 -1.275336
-0.663692 -0.180626
-1.264161 0.139666
-1.569752 0.191106
-1.489756 1.074342
-1.568709 1.128660
-1.380631 0.209664
-1.525279 0.421866
-1.223293 0.113540
-1.521650 0.106333
-1.439253 0.413217
0.445859 -1.219404
-1.720039 0.316177
-1.309689 0.884885
-1.315767 0.952495
-1.711574 0.377485
-0.646181 -0.424757
-0.485775 -0.422558
-1.539512 -0.104534
0.449228 -1.374586
0.390558 -1.352529
