77 2
-0.679367 1.312729
-0.649569 1.358674
0.094257 0.368905
-0.072474 0.380573
-0.329499 0.134399
-0.010370 0.394883
0.089246 0.417596
0.031765 0.258588
-0.451948 0.047098
0.394227 -0.064339
0.559945 -0.178210
0.157065 -0.204341
-0.563424 1.180735
0.529245 0.163324
0.297040 0.671390
-0.209394 0.657289
-0.247291 0.119103
0.105995 0.445191
0.247209 0.349460
-0.117897 0.689667
-0.282000 0.763023
-0.170743 0.705376
-0.108010 0.660261
-0.461782 1.083060
-0.292494 0.826823
0.142187 0.053027
0.237448 0.668659
1.207617 -0.346380
0.201859 -0.605335
0.140341 -0.703106
0.721669 -0.677247
1.076877 -0.675322
1.354041 -0.801720
0.889945 0.048439
-0.694355 1.432139
0.966470 0.173586
0.927841 0.244997
0.856995 0.040114
0.214964 0.027374
-0.885741 -0.144726
-0.746314 -0.179972
-0.939433 -0.354230
-0.823806 -0.150106
-0.987623 -0.178827
-0.937560 -0.119882
-0.725947 1.429638
-0.974118 -0.194978
-0.420895 -0.021878
0.767880 -0.171704
0.585827 0.025703
0.231157 -0.405871
0.483328 -0.811027
0.473738 0.011833
1.001810 0.019294
0.225526 -0.638018
0.341459 0.745345
-0.627336 1.304890
0.309848 -0.931974
1.044854 -0.923978
1.251166 -1.005240
1.744111 -0.284864
1.853528 -0.253218
1.208909 -0.945552
1.266420 -0.659415
0.993301 -0.869365
1.065213 -0.763158
1.324965 -0.674885
-0.690347 1.384337
1.305214 -0.946631
1.463581 -0.299032
1.369779 -0.373375
1.498210 -0.832363
0.421346 -0.685263
0.097880 -0.752423
1.360703 -1.150703
-0.664137 1.399458
-0.638397 1.374556
