77 2
-0.940408 0.601873
-0.931898 0.570217
0.300890 0.134652
0.238276 -0.006902
0.367866 0.879651
0.164133 0.049636
0.157124 -0.009251
0.087475 -0.036501
0.455598 0.955588
0.870541 0.043867
0.762037 -0.037400
0.955045 0.339604
-0.677263 0.434957
0.523993 0.310693
0.071211 0.411587
-0.301213 0.241874
0.388010 0.703595
0.122536 0.085391
0.408591 0.167093
-0.339377 0.015711
-0.358664 -0.026985
-0.265830 0.056279
-0.325425 0.051798
-0.682837 0.456567
-0.248664 0.103535
0.499686 0.270585
0.065286 0.334783
1.120635 -0.758873
1.305645 0.212153
1.237077 0.391304
1.346105 -0.122988
1.520921 -0.508337
1.538652 -0.842121
0.639619 -0.280202
-0.956118 0.600168
0.604530 -0.404991
0.605168 -0.209585
0.675859 -0.429914
0.760082 0.387945
0.606295 1.381215
0.620088 1.236364
0.578754 1.439443
0.484544 1.295266
0.612959 1.250671
0.738800 1.382277
-0.964306 0.585767
0.516585 1.360369
0.389935 0.904660
0.931351 -0.307708
0.900063 -0.095808
1.146228 0.150979
1.173967 0.182880
0.814299 -0.235228
0.670715 -0.554509
1.244212 0.318018
-0.002426 0.509612
-0.969995 0.615405
1.284751 0.398739
1.327134 -0.529633
1.490021 -0.783013
1.172525 -1.140940
1.213789 -1.304001
1.715377 -0.640020
1.713689 -0.904006
1.542061 -0.613937
1.749988 -0.807806
1.625212 -0.837745
-0.999066 0.626560
1.698906 -0.756568
0.989835 -1.021056
0.993804 -1.018834
1.540918 -0.968907
1.454753 0.264876
1.297532 0.464759
2.069135 -0.522002
-0.909541 0.572069
-0.850246 0.635898
