77 2
-0.334680 -1.341962
-0.309775 -1.269800
-0.127187 -0.197067
-0.135751 -0.053265
0.560312 0.171535
-0.155867 -0.349261
-0.161780 -0.219787
-0.044266 -0.093132
0.679418 0.231188
-0.448458 0.323361
-0.592049 0.491115
-0.091280 0.475274
-0.270421 -1.000721
-0.329460 0.158092
-0.434936 -0.411579
0.347356 -0.314996
0.301957 0.068808
-0.194378 -0.291240
-0.198087 -0.058340
0.264381 -0.469193
0.247090 -0.498063
0.275842 -0.649949
0.272413 -0.423667
-0.278063 -0.994013
0.208050 -0.578980
-0.338449 0.001727
-0.384791 -0.407183
-1.232715 0.678947
-0.120164 0.644861
-0.155379 0.977920
-0.585569 0.954703
-1.063278 0.841721
-1.480008 0.884567
-0.715375 0.310256
-0.260912 -1.310103
-0.588186 0.217817
-0.715576 0.137841
-0.800882 0.190353
-0.139582 0.122395
1.066551 0.373413
0.798935 0.479138
0.907785 0.385578
1.000573 0.297113
0.968890 0.272642
0.856073 0.355924
-0.301317 -1.263515
1.079709 0.409416
0.603802 0.073910
-0.768327 0.438761
-0.678494 0.532816
-0.175179 0.543014
-0.399903 0.925244
-0.563506 0.547464
-0.801799 0.275167
-0.072419 0.876826
-0.508304 -0.615408
-0.351047 -1.378502
-0.204752 1.026480
-1.040097 1.185932
-1.066589 0.911960
-1.803361 0.455057
-1.837292 0.466787
-1.481842 1.136046
-1.439024 0.972584
-1.345917 0.904857
-1.394883 1.064735
-1.224398 1.022703
-0.297213 -1.304659
-1.341016 1.102238
-0.983679 1.355192
-1.002707 1.341569
-1.197886 1.087686
-0.350681 0.879535
-0.025086 1.011561
-1.154391 1.485713
-0.354047 -1.286739
-0.239318 -1.445487
