77 2
1.510720 0.271505
1.486162 0.206184
0.547780 -0.168791
0.746043 -0.243136
0.360543 -0.637389
0.804316 -0.161139
0.592459 -0.201495
0.808081 -0.082475
0.155745 -0.922422
0.059877 -0.002022
-0.037825 0.204886
-0.205221 -0.306953
1.096745 -0.002769
0.223486 -0.229156
0.435212 -0.248585
0.685673 -0.610385
0.159277 -0.740615
0.605994 -0.130725
0.440998 -0.065449
0.870512 -0.630276
0.862670 -0.562936
0.840676 -0.401343
0.829822 -0.535173
1.190977 0.048239
0.779485 -0.517070
0.123510 -0.244289
0.574399 -0.258986
-0.545515 0.656233
-0.415979 -0.341858
-0.433479 -0.354465
-0.673697 0.133823
-0.699977 0.419377
-0.951659 0.726802
0.125949 0.266596
1.544487 0.252205
0.211387 0.356862
0.210475 0.426608
0.137846 0.482926
0.174062 -0.295492
0.025494 -1.402254
-0.070861 -1.227155
0.108733 -1.346638
-0.017961 -1.375798
-0.058401 -1.334322
-0.033434 -1.452737
1.533836 0.193251
-0.010093 -1.431397
0.181450 -0.919994
-0.069842 0.399028
-0.100106 0.314863
-0.235013 -0.188248
-0.338225 0.019330
-0.138754 0.121488
0.034881 0.537675
-0.614647 -0.219734
0.400472 -0.385607
1.599354 0.218164
-0.462773 -0.083526
-0.739922 0.673261
-0.942170 0.406905
-0.514337 1.216806
-0.522565 1.271263
-0.831445 0.564307
-0.991385 0.629222
-1.080604 0.729457
-1.123981 0.570075
-0.961446 0.459306
1.517366 0.254469
-1.193211 0.515919
-0.694325 1.068263
-0.670869 1.102008
-1.004820 0.561490
-0.568140 -0.206813
-0.566893 -0.531884
-0.588958 0.940741
1.486401 0.307351
1.470125 0.247040
