77 2
-0.286886 0.797841
-0.296125 0.832360
0.304316 -0.131742
0.152118 -0.138065
-0.064103 -0.859673
0.268552 -0.088193
0.357221 -0.075511
0.160172 -0.105218
0.013516 -1.078666
0.655772 -0.490102
0.921752 -0.451260
0.648277 -0.005960
-0.188356 0.696874
0.446345 -0.393620
0.160325 -0.053749
-0.255409 -0.264793
0.123369 -0.613763
0.072708 0.035434
0.340080 -0.313638
-0.509652 -0.259025
-0.372779 -0.202454
-0.451236 -0.140508
-0.388218 -0.100548
-0.151972 0.625754
-0.386545 -0.175076
0.481676 -0.174056
0.140156 0.059484
1.579132 -0.291854
0.835242 0.225231
0.660190 0.212427
1.278654 -0.062481
1.653383 -0.390389
1.828358 -0.070831
0.761963 -0.570895
-0.310472 0.846055
0.893370 -0.548904
0.862257 -0.594119
0.768244 -0.682227
0.383727 -0.165923
-0.099625 -1.398766
-0.045912 -1.386977
-0.215554 -1.302135
-0.133232 -1.432275
-0.154069 -1.374709
-0.250148 -1.508391
-0.312173 0.864008
-0.194972 -1.387875
0.039373 -0.856905
1.138993 -0.544990
0.881700 -0.534841
0.773085 0.137178
1.066516 -0.046069
1.078659 -0.608256
0.946602 -0.783053
0.810785 0.151325
0.096649 -0.174688
-0.315433 0.877659
0.696140 0.412234
2.085843 -0.307211
1.861975 -0.223346
2.098866 0.413601
2.246480 0.525347
1.738127 -0.074706
2.061637 -0.073148
1.936154 -0.388135
1.951139 -0.150578
1.883868 -0.263508
-0.163708 0.748413
1.835919 -0.054077
2.216804 -0.545652
2.255738 -0.571691
1.947754 -0.091576
1.024259 0.265446
0.663271 0.425249
2.173369 0.076004
-0.308267 0.852037
-0.316986 0.893759
