77 2
1.400442 -0.036047
1.318843 0.029477
0.214495 0.127196
0.372080 0.073303
-0.142874 0.829102
0.013413 0.305423
0.418937 0.049952
0.292610 0.169595
-0.320956 0.891855
-0.404409 -0.126866
-0.369269 -0.289697
-0.110885 -0.341261
1.179926 0.053277
-0.223542 -0.043743
0.484577 -0.062077
0.308735 0.701780
-0.218821 0.649670
0.191692 0.252497
0.143164 0.160245
0.439520 0.561632
0.439898 0.669081
0.474098 0.669273
0.490974 0.656322
1.161548 0.013704
0.358660 0.542992
-0.030478 -0.061792
0.519107 -0.009167
-0.726131 -1.065835
0.103016 -0.475744
0.113331 -0.783899
-0.419067 -0.809580
-0.824475 -0.814898
-0.965353 -1.197706
-0.606250 -0.206608
1.525470 -0.037070
-0.494531 0.046864
-0.502921 -0.060102
-0.708026 -0.069887
-0.049351 0.061264
-0.391831 1.114758
-0.548306 1.190456
-0.439580 1.136797
-0.573410 1.324813
-0.503807 1.247507
-0.437334 1.189233
1.488067 0.137451
-0.487405 1.223772
-0.268052 0.733613
-0.765516 -0.380621
-0.419835 -0.086296
-0.126472 -0.272641
-0.230026 -0.724745
-0.495897 -0.352484
-0.749877 -0.184799
0.022006 -0.595889
0.545891 -0.084183
1.395038 0.123919
0.112592 -0.831977
-0.932730 -0.898929
-1.156294 -0.908252
-0.425454 -1.606582
-0.385867 -1.661460
-0.836307 -1.129253
-1.153478 -1.069126
-0.901973 -1.260175
-1.085069 -0.960032
-1.073097 -1.147834
1.386579 -0.024624
-1.044852 -1.235024
-0.574168 -1.192495
-0.525920 -1.238818
-1.189224 -1.245629
-0.163119 -0.750703
0.179250 -0.808105
-1.488188 -0.742756
1.415555 -0.023660
1.357841 0.116834
