77 2
-0.722678 -1.548377
-0.720966 -1.378230
-0.250391 -0.371611
-0.269654 -0.465578
0.421450 -0.534301
-0.038414 -0.440660
-0.078103 -0.276121
-0.159817 -0.496624
0.615795 -0.350689
0.242067 0.084162
0.024499 0.324279
-0.314876 -0.026082
-0.639516 -1.180742
0.117476 -0.079556
-0.495506 -0.408765
0.035408 -0.818093
0.304474 -0.279323
-0.292144 -0.290444
-0.251269 -0.157121
-0.072643 -0.903606
-0.114461 -0.951978
-0.127884 -0.956469
-0.059362 -0.910033
-0.650124 -1.188679
-0.052310 -0.978513
-0.265579 -0.170655
-0.444596 -0.423701
-0.382812 0.905374
-0.647329 0.123117
-0.580562 0.330589
-0.332990 0.670675
-0.379587 1.325035
-0.274266 1.188779
0.298026 0.468207
-0.766437 -1.508959
0.201243 0.366335
0.264206 0.329725
0.124889 0.458672
-0.340794 -0.127162
1.082450 -0.490768
1.146136 -0.345421
1.172076 -0.606629
1.091162 -0.589550
1.267217 -0.599239
1.149631 -0.591230
-0.759391 -1.490146
1.158243 -0.530235
0.551529 -0.436929
0.148237 0.584368
0.428136 0.283718
0.177876 -0.046550
-0.311888 0.453665
0.076278 0.310153
0.240723 0.596183
-0.607225 0.202055
-0.657065 -0.448444
-0.819071 -1.585960
-0.481254 0.336728
-0.396761 1.506464
-0.162688 1.164723
-0.920888 0.963205
-0.997783 0.950477
-0.543099 1.187560
-0.298093 1.087421
-0.451127 1.316112
-0.148706 1.390558
-0.319614 1.427776
-0.773679 -1.494049
-0.297600 1.521582
-0.767980 1.156794
-0.726118 1.110711
-0.287133 1.345706
-0.737512 0.307183
-0.735979 0.158999
-0.681368 1.504313
-0.748404 -1.509450
-0.775467 -1.506515
