289 2
2.553064 0.579241
2.720021 0.444348
3.763556 -0.806668
-0.665272 -0.415860
-0.911351 -0.210650
-1.179147 0.075843
-1.327452 0.193228
-1.610607 0.433850
-1.898932 0.672067
-2.026211 0.744238
-2.190402 0.933030
-2.428163 1.023643
1.089232 -1.384746
3.574899 -0.933336
0.797505 -1.310766
0.483574 -1.104209
0.291009 -0.930322
0.076965 -0.745176
-0.180106 -0.590404
-0.478091 -0.373761
-0.766248 -0.157492
-0.941650 0.087202
-1.173130 0.291453
-1.339351 0.452413
3.393678 -0.970672
-1.467054 0.740294
-1.846879 0.859363
-1.995470 0.989441
-2.140230 1.041992
1.280174 -1.302495
1.107329 -1.300486
0.815869 -1.061079
0.592107 -0.878870
0.333127 -0.688798
0.189925 -0.539846
3.142430 -1.018041
-0.056548 -0.304386
-0.294418 -0.131323
-0.586172 0.172032
-0.927972 0.330423
-1.064652 0.535322
-1.252787 0.700550
-1.463873 0.910272
-1.695614 1.072262
-1.854257 1.139033
1.588183 -1.281768
2.759505 -1.093362
1.368739 -1.148350
1.012681 -1.007138
0.879894 -0.860516
0.603995 -0.665805
0.444925 -0.419012
0.203534 -0.196206
-0.075578 0.002368
-0.272789 0.231617
-0.481246 0.430265
-0.754000 0.678973
2.629101 -1.145644
-0.951291 0.799381
-1.218335 0.933216
-1.437404 1.098476
-1.656523 1.201131
1.990077 -1.164456
1.720375 -1.065511
1.540583 -0.920473
1.184089 -0.710612
1.063265 -0.566609
0.741556 -0.352286
2.379503 -1.195024
0.507046 -0.116278
0.262027 0.071134
0.012967 0.258002
-0.193039 0.514256
-0.415202 0.663339
-0.736299 0.874341
-0.910925 1.054122
-1.028247 1.236953
-1.291487 1.287293
2.218384 -1.162192
2.166603 -1.218637
2.015919 -1.024017
1.770372 -0.855798
1.613278 -0.683310
1.392044 -0.477367
1.016203 -0.342592
0.787481 -0.108901
0.605714 0.122109
0.336613 0.347794
0.174585 0.506088
-0.158851 0.763187
1.680869 -1.312751
-0.307346 0.914684
-0.554577 1.154538
-0.825699 1.317423
-1.005277 1.384018
2.525325 -1.112740
2.256222 -0.961887
2.069455 -0.756015
1.904462 -0.605822
1.664694 -0.394983
1.491910 -0.300488
1.509406 -1.354137
1.142157 -0.078830
0.835714 0.273998
0.714405 0.414514
0.385336 0.633562
0.173599 0.846218
-0.046297 0.978421
-0.225739 1.225606
-0.576770 1.361189
-0.676228 1.490605
2.718340 -1.056612
3.007705 0.157198
1.198039 -1.448587
2.605410 -0.922270
2.382176 -0.754927
2.216748 -0.533705
1.889544 -0.346030
1.669711 -0.196099
1.506641 -0.024699
1.307714 0.357044
1.132854 0.548808
0.734047 0.656229
0.488708 0.890677
0.763116 -1.515394
0.242167 1.065636
-0.008412 1.272937
-0.179200 1.421990
-0.390301 1.542401
3.074443 -0.981808
2.802645 -0.855549
2.649537 -0.783297
2.424408 -0.505338
2.231696 -0.291200
2.013821 -0.097486
0.472177 -1.553158
1.813012 0.099164
1.546939 0.385035
1.337020 0.587356
1.106485 0.725389
0.742160 0.938101
0.558137 1.088826
0.384666 1.318696
0.057268 1.520456
-0.038583 1.578664
3.277914 -0.946132
0.312780 -1.570960
3.208300 -0.821326
2.940485 -0.647894
2.746334 -0.307140
2.505508 -0.219465
2.255215 0.022203
2.096464 0.199187
1.900337 0.487491
1.555484 0.584121
1.343161 0.771127
1.139643 0.968064
0.108306 -1.549293
0.888423 1.123747
0.531583 1.384995
0.459511 1.508279
0.204991 1.627224
3.494083 -0.875561
3.408385 -0.774169
3.235105 -0.570921
2.964409 -0.370929
2.774592 -0.187038
2.610116 -0.021073
-0.015781 -1.473324
2.330381 0.286859
2.097050 0.495719
1.957401 0.622570
1.529279 0.821543
1.441852 1.019865
1.214446 1.253116
0.946664 1.388687
0.664480 1.605967
0.495014 1.684218
3.653607 -0.792858
-0.188915 -1.346352
3.595309 -0.722218
3.434315 -0.505406
3.286272 -0.295856
3.058382 -0.195482
2.802647 0.093059
2.604602 0.273578
2.392710 0.496797
2.132334 0.695917
1.985741 0.957570
1.647495 1.122560
-0.411108 -1.176938
1.493368 1.311116
1.296245 1.425668
0.999116 1.650294
0.743471 1.745111
3.824298 -0.742936
3.692271 -0.689073
3.561605 -0.501440
3.379917 -0.230451
3.238964 -0.189220
3.072834 0.087296
-0.677805 -0.959653
2.829333 0.248968
2.617566 0.466619
2.411415 0.683828
2.189716 0.892745
1.970124 1.076935
1.712436 1.289158
1.460233 1.477935
1.278422 1.679255
1.089312 1.824556
-0.856902 -0.791619
3.243826 -0.022653
-1.121917 -0.550046
-1.324560 -0.373649
-1.516896 -0.205333
-1.732165 -0.007498
-1.959509 0.203867
-2.175602 0.397179
-2.426002 0.591638
-2.622889 0.768178
-2.741755 0.874980
-2.828533 0.939384
3.392080 -0.181679
-2.834143 0.966790
-2.724380 1.007365
-2.562866 1.048264
-2.354530 1.094713
-2.107589 1.179232
-1.778547 1.238824
-1.475021 1.306663
-1.260738 1.391013
-0.859082 1.459699
-0.535278 1.543563
3.499333 -0.311238
-0.244751 1.619568
0.123110 1.701882
0.305007 1.730050
0.688940 1.815489
0.867944 1.856721
1.013047 1.932091
1.094884 1.934108
1.136758 1.895094
1.255500 1.801352
1.459025 1.564051
3.668666 -0.507292
1.665431 1.380209
1.897858 1.216330
2.104296 1.034939
2.286254 0.865717
0.130101 -1.492386
-0.075411 -1.365095
-0.209547 -1.225724
-0.525974 -1.010003
-0.760077 -0.851107
-0.910566 -0.678098
3.767524 -0.620455
-1.230834 -0.403561
-1.390082 -0.249510
-1.606305 -0.076104
-1.835023 0.133292
-2.019966 0.339078
-2.270921 0.530407
-2.461886 0.709987
-2.639045 0.836847
-2.791563 0.952395
0.347923 -1.506869
3.922213 -0.768270
0.089879 -1.348856
-0.074673 -1.225069
-0.204061 -1.019626
-0.470942 -0.779290
-0.724381 -0.587864
-0.945761 -0.476530
-1.250433 -0.196658
-1.383075 0.014273
-1.643306 0.153991
-1.854877 0.426932
3.911135 -0.797563
-2.040697 0.610753
-2.254854 0.719675
-2.445597 0.844941
-2.635622 0.984201
0.678965 -1.464589
0.456995 -1.300588
0.295957 -1.167435
-0.009241 -0.972301
-0.256891 -0.749323
-0.449841 -0.624081
