289 2
-0.747391 1.464364
-1.199111 1.473430
-2.909479 1.367153
0.294273 -1.601076
0.698405 -1.702640
0.979094 -1.851632
1.255958 -1.845459
1.432289 -1.971000
1.816955 -2.085320
2.001982 -2.087757
2.315524 -2.272027
2.437537 -2.329580
-1.348060 -0.999836
-2.790657 1.220991
-1.214298 -0.994758
-0.916888 -1.148298
-0.636980 -1.221541
-0.412405 -1.283298
0.062501 -1.360313
0.244628 -1.463836
0.494414 -1.484930
0.831101 -1.597752
1.122417 -1.641002
1.397762 -1.701997
-2.718754 1.036519
1.700630 -1.769255
1.949063 -1.815932
2.118246 -1.893054
2.419440 -2.024772
-1.482089 -0.834894
-1.309865 -0.851517
-1.028195 -0.907444
-0.824799 -0.933563
-0.453508 -0.963581
-0.145419 -1.029999
-2.578951 0.796672
0.143925 -1.121523
0.444039 -1.124213
0.726310 -1.297957
0.991120 -1.358025
1.233912 -1.433191
1.701519 -1.478402
1.894894 -1.613797
2.057115 -1.644674
2.298845 -1.765059
-1.647952 -0.460215
-2.389770 0.581026
-1.414171 -0.535240
-1.221655 -0.648195
-0.849102 -0.784291
-0.662826 -0.735596
-0.314374 -0.796848
-0.058390 -0.833368
0.278818 -0.845787
0.589676 -0.953715
0.925180 -1.063024
1.176232 -1.185943
-2.253765 0.410254
1.583218 -1.202784
1.807986 -1.330454
2.023878 -1.460270
2.151685 -1.496616
-1.781830 -0.279960
-1.561981 -0.295018
-1.300022 -0.412219
-1.089314 -0.355925
-0.798835 -0.397605
-0.464283 -0.545227
-2.067365 0.122684
-0.130349 -0.567505
0.221265 -0.541378
0.484715 -0.644743
0.788210 -0.731887
1.087602 -0.790571
1.384728 -0.837951
1.676772 -1.075788
1.894704 -1.064527
2.046932 -1.173396
-1.937451 -0.012899
-1.890959 -0.181512
-1.761449 -0.032363
-1.500863 -0.073293
-1.202885 -0.185439
-0.904384 -0.178689
-0.589213 -0.138987
-0.351383 -0.164831
0.004583 -0.206549
0.323153 -0.283526
0.674857 -0.404341
0.945349 -0.448954
-1.785800 -0.347492
1.259414 -0.631430
1.456281 -0.620421
1.856006 -0.749859
1.957366 -0.849439
-2.115106 0.247814
-1.890238 0.184130
-1.673544 0.157908
-1.353950 0.216408
-1.069351 0.138232
-0.744529 0.094855
-1.653407 -0.646447
-0.457882 -0.021005
-0.160066 0.009561
0.200216 -0.087886
0.506012 -0.137239
0.827416 -0.244184
1.031145 -0.251820
1.431513 -0.257253
1.643910 -0.400111
1.861645 -0.530859
-2.318548 0.545815
-1.525517 1.503432
-1.463446 -0.991322
-2.056728 0.526874
-1.784191 0.468014
-1.498527 0.484327
-1.251335 0.441722
-0.975001 0.379925
-0.579930 0.395962
-0.305714 0.394294
0.043226 0.217001
0.301604 0.222883
0.614433 0.102123
-1.334385 -1.216168
0.939601 0.023273
1.324822 -0.015911
1.510293 -0.154672
1.713169 -0.242518
-2.426566 0.698255
-2.243316 0.709223
-1.916571 0.696027
-1.711975 0.712611
-1.381519 0.653910
-1.057780 0.694411
-1.225278 -1.440123
-0.808299 0.659468
-0.452612 0.568242
-0.118446 0.522266
0.228288 0.397175
0.462624 0.341514
0.823299 0.252460
1.225580 0.290224
1.417632 0.129527
1.564830 0.136195
-2.606499 0.954774
-1.150096 -1.613631
-2.432578 0.887693
-2.069934 0.887851
-1.854159 0.874773
-1.491531 0.840231
-1.243860 0.829251
-0.877968 0.850692
-0.544401 0.847210
-0.268818 0.723238
0.051363 0.647211
0.349992 0.634473
-1.092600 -1.721963
0.697002 0.624036
1.026924 0.554010
1.260659 0.542050
1.449761 0.288034
-2.699026 1.106421
-2.490781 1.114573
-2.326970 1.167084
-2.017315 1.110617
-1.716669 1.146958
-1.410039 1.193203
-0.930710 -1.803265
-0.984219 1.037290
-0.704667 1.005378
-0.436476 1.012762
-0.006424 0.907947
0.210029 0.886910
0.579697 0.859662
0.829060 0.851440
1.177892 0.709265
1.276199 0.644905
-2.806131 1.320448
-0.624878 -1.912466
-2.637275 1.375528
-2.400690 1.280425
-2.205749 1.266829
-1.793631 1.260687
-1.519050 1.308477
-1.210670 1.310236
-0.756889 1.261465
-0.514198 1.214147
-0.294547 1.206811
0.174214 1.116283
-0.485080 -1.959747
0.435525 1.076807
0.696946 0.994571
0.946608 1.012122
1.175100 0.850597
-2.908523 1.450398
-2.757757 1.453122
-2.546467 1.479352
-2.244627 1.421545
-2.057368 1.440455
-1.705645 1.424734
-0.237639 -2.019011
-1.383281 1.447761
-1.030757 1.380696
-0.686963 1.369815
-0.404683 1.327574
0.041091 1.294646
0.336838 1.278455
0.573699 1.243569
0.794698 1.196824
1.018732 1.178419
0.203380 -2.072163
-1.948317 1.523136
0.378792 -2.087668
0.793431 -2.168050
0.985364 -2.254100
1.368409 -2.375804
1.610166 -2.455643
1.929984 -2.572847
2.079294 -2.594135
2.263930 -2.664693
2.391144 -2.714879
2.592343 -2.717091
-2.110543 1.498313
2.618093 -2.678204
2.612663 -2.579382
2.538337 -2.427907
2.482585 -2.154894
2.430046 -1.947268
2.324119 -1.675551
2.108052 -1.225479
2.061718 -1.079442
1.937732 -0.654247
1.865142 -0.452506
-2.423449 1.536543
1.669733 -0.029232
1.535166 0.270748
1.447535 0.529907
1.260885 0.807597
1.223645 0.968155
1.172715 1.146691
1.122461 1.192339
1.091709 1.206764
0.877093 1.258018
0.665178 1.286933
-2.640869 1.507764
0.430580 1.305009
0.115733 1.347075
-0.170835 1.387391
-0.549280 1.443385
-1.029621 -1.708166
-0.857071 -1.733417
-0.572308 -1.832677
-0.346466 -1.907672
0.038265 -1.938955
0.251248 -1.978154
-2.848959 1.512957
0.630506 -2.052295
0.884345 -2.171862
1.201896 -2.250011
1.530396 -2.331432
1.702224 -2.383743
1.959929 -2.456751
2.237918 -2.587923
2.349825 -2.613056
2.578147 -2.644439
-1.130462 -1.474482
-2.980226 1.548944
-0.890070 -1.587687
-0.744389 -1.633397
-0.438195 -1.715918
-0.129142 -1.773529
0.165395 -1.832598
0.354359 -1.876613
0.763552 -1.956673
1.094259 -2.030700
1.352621 -2.109989
1.627367 -2.222550
-2.952154 1.470522
1.887910 -2.292535
2.049441 -2.326130
2.343124 -2.511512
2.545240 -2.531145
-1.203525 -1.350164
-1.093887 -1.371116
-0.788505 -1.474863
-0.572141 -1.431502
-0.172454 -1.520549
0.132886 -1.580103
