289 2
-1.367844 -0.522258
-1.590495 -0.230909
-2.458399 1.192930
1.874375 0.112267
2.098248 -0.207346
2.277637 -0.373782
2.458027 -0.589107
2.689823 -0.750882
2.937371 -0.985238
3.055853 -1.173129
3.291393 -1.408293
3.499415 -1.466742
0.410879 1.229833
-2.352998 1.194043
0.510115 1.080080
0.695883 0.985639
0.875790 0.693174
1.147531 0.440130
1.259788 0.324214
1.719915 0.028877
1.889032 -0.195622
2.055028 -0.391027
2.258715 -0.676681
2.437824 -0.846858
-2.197066 1.221082
2.614516 -1.059787
2.832905 -1.273742
3.035243 -1.370337
3.198315 -1.538565
0.063287 1.246789
0.327686 1.036494
0.463621 0.877552
0.705444 0.721132
0.896499 0.525141
1.036471 0.281003
-1.846956 1.232659
1.379869 0.030688
1.545408 -0.239183
1.732201 -0.458792
1.951169 -0.718372
2.203792 -0.955691
2.388717 -1.117126
2.568347 -1.283222
2.718743 -1.525995
2.903136 -1.630338
-0.165371 1.269120
-1.576329 1.251198
-0.039772 1.064570
0.245484 0.922374
0.412751 0.673648
0.577053 0.481399
0.792189 0.142840
0.910077 0.004270
1.147903 -0.302125
1.450952 -0.524818
1.680976 -0.660779
1.803062 -0.972539
-1.300161 1.252193
2.176870 -1.110075
2.304779 -1.421833
2.435455 -1.547785
2.659600 -1.652091
-0.498090 1.180463
-0.343261 1.096099
-0.170567 0.885719
0.050255 0.632000
0.293210 0.389105
0.513526 0.148791
-0.975150 1.283665
0.718614 -0.028833
0.836080 -0.332103
1.044673 -0.535910
1.338445 -0.746420
1.592230 -1.056048
1.714894 -1.244971
1.950640 -1.445081
2.102291 -1.632146
2.323010 -1.699859
-0.814803 1.204574
-0.556425 1.304789
-0.620722 1.078188
-0.472545 0.861102
-0.267181 0.649987
0.035592 0.464984
0.203903 0.162380
0.330801 -0.053941
0.596551 -0.372124
0.712887 -0.478019
0.909411 -0.763833
1.274803 -1.002552
-0.221784 1.301135
1.340106 -1.278027
1.600857 -1.459814
1.818340 -1.598580
2.005343 -1.747082
-1.189257 1.184307
-0.906772 1.046549
-0.743475 0.840810
-0.581671 0.617509
-0.440913 0.388375
-0.252260 0.089477
-0.030765 1.291935
0.005256 -0.177073
0.154051 -0.373261
0.380589 -0.643187
0.612770 -0.864404
0.785009 -1.039649
1.065570 -1.319680
1.266708 -1.501616
1.466751 -1.699527
1.549120 -1.809188
-1.393229 1.193588
-1.830813 0.024369
0.287221 1.327964
-1.264881 1.028619
-1.039674 0.850514
-0.849190 0.625305
-0.714425 0.366474
-0.527872 0.193868
-0.297195 -0.115979
-0.111728 -0.379397
0.089225 -0.668155
0.236563 -0.840613
0.580041 -1.123088
0.574891 1.310486
0.762093 -1.336606
1.000817 -1.588835
1.145915 -1.714364
1.279722 -1.866975
-1.683493 1.182419
-1.468743 0.999795
-1.277785 0.867241
-1.092384 0.654152
-1.017748 0.428788
-0.783715 0.228000
0.750111 1.327535
-0.473707 -0.167252
-0.364708 -0.420342
-0.128849 -0.668209
0.044597 -0.887881
0.161370 -1.126280
0.474039 -1.410270
0.610892 -1.570162
0.827848 -1.802335
1.051434 -1.913229
-1.915038 1.155711
0.980403 1.374465
-1.812982 1.018539
-1.630368 0.832442
-1.481284 0.616426
-1.312859 0.387889
-1.120147 0.141775
-1.049145 -0.037288
-0.677375 -0.472780
-0.559101 -0.611992
-0.272317 -0.923245
-0.042997 -1.155069
1.111766 1.317051
0.122898 -1.364691
0.353496 -1.621334
0.494428 -1.872384
0.728518 -1.962854
-2.186739 1.167427
-2.042431 1.002293
-1.895571 0.795272
-1.758346 0.603638
-1.546520 0.225858
-1.457960 0.137509
1.226744 1.220659
-1.213697 -0.077015
-0.902258 -0.445655
-0.764791 -0.635709
-0.528701 -0.972136
-0.299548 -1.210012
-0.161786 -1.386427
0.065419 -1.679957
0.213352 -1.850165
0.432244 -2.023505
-2.365151 1.151912
1.483121 1.053583
-2.254744 0.894228
-2.154920 0.755264
-1.991520 0.604157
-1.831359 0.358081
-1.617943 0.143613
-1.477485 -0.066122
-1.193951 -0.352138
-0.962255 -0.578872
-0.796747 -0.928940
-0.586161 -1.171696
1.684060 0.843530
-0.462776 -1.364107
-0.132198 -1.701647
-0.014278 -1.851235
0.164789 -2.019291
-2.535509 1.104574
-2.479639 0.999104
-2.363640 0.828190
-2.153725 0.568450
-2.062839 0.385334
-1.874647 0.186064
1.893004 0.618301
-1.596321 -0.127797
-1.441265 -0.304953
-1.249287 -0.622359
-1.100650 -0.781197
-0.806356 -1.071658
-0.614219 -1.355054
-0.462917 -1.668375
-0.273483 -1.841124
-0.093663 -2.031258
2.073237 0.446422
-1.999351 0.241832
2.309887 0.237765
2.499757 -0.007308
2.729697 -0.220739
2.853354 -0.356847
3.127062 -0.655219
3.337788 -0.878363
3.467773 -1.045363
3.637277 -1.222677
3.798813 -1.343948
3.882660 -1.412628
-2.117562 0.413727
3.875249 -1.436175
3.768439 -1.453001
3.640424 -1.520007
3.264376 -1.588346
3.031815 -1.653721
2.841522 -1.690197
2.512140 -1.744938
2.190472 -1.786945
2.025319 -1.824892
1.413725 -1.908354
-2.337955 0.703615
1.200786 -1.936502
0.843222 -2.017260
0.563211 -2.056474
0.384374 -2.068465
0.111706 -2.108829
0.012209 -2.149115
-0.111197 -2.119210
-0.178996 -2.071539
-0.284160 -1.930704
-0.420812 -1.784416
-2.495665 0.868342
-0.565235 -1.571139
-0.760278 -1.276416
-1.023510 -0.979057
-1.236950 -0.687221
1.075060 1.272143
1.311081 1.104122
1.507776 0.900607
1.782800 0.670984
1.978069 0.469780
2.151485 0.316974
-2.574201 1.049402
2.358645 0.096805
2.499547 -0.117897
2.766502 -0.324275
2.980895 -0.582469
3.161989 -0.736620
3.348111 -0.959289
3.519671 -1.198986
3.684590 -1.293855
3.817449 -1.431751
0.888334 1.235326
-2.616395 1.139647
1.003090 1.153172
1.255137 0.944606
1.475135 0.711347
1.802651 0.463458
1.924649 0.348040
2.151923 0.069965
2.312683 -0.144393
2.492423 -0.349741
2.714287 -0.564417
2.955632 -0.717145
-2.601703 1.202341
3.129871 -1.009515
3.353982 -1.213572
3.502235 -1.362007
3.689466 -1.461205
0.613053 1.251005
0.766831 1.139361
0.992454 0.989982
1.185864 0.665032
1.326927 0.552038
1.774996 0.254606
