289 2
-2.037732 0.918827
-2.165394 0.777838
-3.086330 -0.631711
1.339064 0.326589
1.554952 0.673865
1.672407 0.849471
1.974154 1.150615
2.097116 1.310409
2.330838 1.511179
2.471599 1.756013
2.659981 1.946756
2.804677 2.018546
-0.184945 -0.798189
-2.903336 -0.635333
0.000212 -0.704700
0.313841 -0.462372
0.434493 -0.276159
0.645655 -0.141159
0.899236 0.104373
0.959771 0.384774
1.254977 0.657088
1.493935 0.839522
1.645685 1.051827
1.810637 1.327839
-2.693458 -0.626508
2.021825 1.606118
2.260842 1.747504
2.448567 1.977352
2.628375 2.113285
-0.534591 -0.802870
-0.244691 -0.679466
-0.065175 -0.495330
0.145475 -0.266903
0.284428 -0.059819
0.490554 0.223081
-2.404573 -0.656932
0.708749 0.446846
1.013619 0.637156
1.169934 0.836165
1.333363 1.125723
1.636254 1.394639
1.745315 1.611038
1.914176 1.791821
2.178936 2.015738
2.409983 2.114683
-0.767619 -0.783425
-2.170924 -0.695652
-0.496687 -0.668502
-0.430388 -0.487695
-0.194576 -0.171151
-0.019460 -0.005214
0.174943 0.190632
0.374323 0.431577
0.672819 0.643051
0.914973 1.010105
1.022402 1.148447
1.305414 1.442141
-1.863456 -0.746368
1.575388 1.673373
1.661431 1.822488
1.740042 1.985563
2.068599 2.168874
-0.999229 -0.749234
-0.917666 -0.610940
-0.728202 -0.369110
-0.526317 -0.235685
-0.332635 0.005011
-0.112343 0.253332
-1.597144 -0.771872
0.099547 0.472935
0.250637 0.592856
0.566875 1.038795
0.790815 1.193646
0.875906 1.485967
1.120566 1.765895
1.355422 1.861337
1.528128 2.089738
1.675747 2.194969
-1.397823 -0.732577
-1.240647 -0.790860
-1.221005 -0.624286
-0.980271 -0.371180
-0.789100 -0.186904
-0.597853 0.026126
-0.410152 0.217777
-0.191696 0.519222
-0.028844 0.758039
0.241059 1.088464
0.399425 1.301963
0.637842 1.525966
-0.808937 -0.835378
0.860306 1.680344
1.047179 1.871481
1.178206 2.082672
1.436873 2.216822
-1.628880 -0.675959
-1.499753 -0.568370
-1.320290 -0.372256
-1.202296 -0.126616
-0.897678 0.063323
-0.757028 0.281183
-0.622246 -0.872771
-0.549909 0.570018
-0.291007 0.793754
-0.096576 1.028821
0.157466 1.339320
0.284949 1.500455
0.482145 1.733766
0.737929 1.930352
0.948681 2.108096
1.104931 2.242167
-1.953200 -0.689354
-2.412814 0.423718
-0.307100 -0.884185
-1.748644 -0.532948
-1.691596 -0.399508
-1.503650 -0.144611
-1.283735 0.019650
-1.029204 0.319216
-0.831149 0.499567
-0.563120 0.794243
-0.415623 1.032828
-0.176659 1.274239
0.079227 1.534656
-0.068482 -0.909239
0.222572 1.698455
0.424986 1.953362
0.693000 2.110821
0.862134 2.237582
-2.318651 -0.617344
-2.044592 -0.465651
-1.939023 -0.332079
-1.724533 -0.128209
-1.608174 0.076346
-1.412186 0.284168
0.140179 -0.907588
-1.157094 0.545364
-0.972706 0.876909
-0.717511 1.053818
-0.528387 1.299513
-0.316920 1.517163
-0.002365 1.738741
0.193963 1.988818
0.292799 2.201949
0.435284 2.289546
-2.533214 -0.586542
0.606105 -0.895829
-2.396644 -0.463685
-2.172020 -0.309146
-2.119180 -0.129850
-1.825959 0.171675
-1.725646 0.295258
-1.417644 0.610787
-1.195382 0.833828
-1.013231 1.200018
-0.904847 1.261494
-0.619420 1.609181
0.671435 -0.909041
-0.459019 1.782022
-0.175574 2.058092
0.024105 2.210838
0.189752 2.328655
-2.820465 -0.541336
-2.597768 -0.436348
-2.390888 -0.282377
-2.307869 -0.052824
-2.117241 0.161255
-1.986418 0.349878
0.786055 -0.810134
-1.748678 0.638668
-1.605832 0.883155
-1.422821 1.121967
-1.117897 1.360128
-1.009713 1.610511
-0.765156 1.820939
-0.497457 2.048810
-0.222902 2.219798
-0.033238 2.345587
-2.998391 -0.538301
0.968027 -0.674592
-2.899532 -0.387316
-2.724782 -0.266512
-2.610738 -0.004368
-2.447802 0.201904
-2.167226 0.452108
-2.064006 0.651066
-1.802900 0.840965
-1.555138 1.106994
-1.479399 1.292833
-1.187814 1.646464
1.118085 -0.491399
-1.026872 1.807545
-0.760637 2.052817
-0.579610 2.239633
-0.351658 2.397835
-3.169065 -0.502757
-3.060679 -0.426219
-2.886753 -0.285582
-2.747939 0.015066
-2.588493 0.142625
-2.420165 0.344303
1.389892 -0.182448
-2.272931 0.548443
-2.000586 0.833929
-1.805135 1.082894
-1.612726 1.320546
-1.467803 1.537368
-1.260033 1.760131
-1.002348 2.059649
-0.751468 2.234178
-0.611311 2.441675
1.532071 -0.043735
-2.544350 0.273606
1.797325 0.245391
1.982958 0.458547
2.191637 0.722094
2.397533 0.938251
2.512107 1.064040
2.754635 1.391547
2.896322 1.557441
3.060324 1.748407
3.235674 1.917421
3.259438 1.975617
-2.699968 0.095155
3.257180 2.004888
3.095936 2.041180
2.993559 2.050086
2.745444 2.143080
2.506853 2.159835
2.217315 2.218086
1.925884 2.229727
1.574099 2.238744
1.312072 2.279269
1.036004 2.293052
-2.904619 -0.129575
0.857720 2.307950
0.231909 2.386405
0.080750 2.408291
-0.167608 2.445871
-0.501478 2.496290
-0.557531 2.493781
-0.653682 2.487804
-0.758726 2.423302
-0.772399 2.353747
-0.931225 2.241629
-3.040417 -0.313673
-1.166530 1.977980
-1.504736 1.645178
-1.599391 1.445870
-1.774652 1.204045
0.662545 -0.846605
0.820327 -0.727893
1.024768 -0.512189
1.187441 -0.299247
1.387212 -0.081086
1.560476 0.113849
-3.180308 -0.453607
1.879909 0.408212
2.110400 0.689214
2.214631 0.832149
2.333983 1.011367
2.616248 1.308595
2.753067 1.521473
2.911672 1.693903
3.119877 1.894414
3.183115 1.986410
0.390158 -0.854514
-3.245858 -0.519557
0.613976 -0.670233
0.768768 -0.504726
1.025807 -0.340631
1.212887 -0.105783
1.348299 0.105577
1.560919 0.350106
1.745448 0.602923
2.019486 0.895218
2.182305 1.069902
2.439714 1.337679
-3.201349 -0.581011
2.480679 1.455216
2.759848 1.736315
2.902782 1.896479
3.040309 2.021193
0.120278 -0.875892
0.309243 -0.709453
0.555984 -0.527165
0.687985 -0.337546
0.848533 -0.144191
1.151901 0.117968
