289 2
1.251310 -2.013878
0.896249 -2.355572
-0.533025 -3.190900
0.376503 1.245859
0.671951 1.523841
0.871358 1.692830
1.045678 1.938676
1.276659 2.208150
1.477842 2.387264
1.617222 2.537766
1.784792 2.763950
1.858332 2.924052
-0.688013 -0.184355
-0.482972 -3.028008
-0.560574 0.035078
-0.372630 0.179847
-0.232248 0.273813
0.054802 0.618876
0.199481 0.779156
0.431931 0.946963
0.657727 1.241635
0.888183 1.471886
1.060098 1.706190
1.292936 1.929481
-0.505941 -2.703011
1.521574 2.227921
1.702244 2.379543
1.868141 2.525559
1.931240 2.643460
-0.650196 -0.526560
-0.555355 -0.474110
-0.407766 -0.037380
-0.188892 0.101720
0.042714 0.294599
0.203681 0.553886
-0.494333 -2.575905
0.399986 0.726551
0.665117 0.932518
0.942954 1.110349
1.115143 1.347181
1.355932 1.573762
1.605769 1.825876
1.789951 2.089282
1.878800 2.245482
2.025140 2.453762
-0.603711 -0.863074
-0.530416 -2.266878
-0.501953 -0.727349
-0.361461 -0.560026
-0.046619 -0.291406
0.183984 -0.078760
0.313615 0.091474
0.589270 0.342960
0.794612 0.540611
1.065090 0.816365
1.249808 1.043653
1.477507 1.314366
-0.542334 -1.927586
1.677994 1.460678
1.851028 1.660731
1.945607 2.059698
2.044211 2.046299
-0.583754 -1.210710
-0.502640 -0.944878
-0.299852 -0.761072
-0.073694 -0.633291
0.162091 -0.366779
0.349063 -0.165891
-0.593057 -1.708967
0.535528 -0.009199
0.862785 0.272835
1.048201 0.431593
1.344595 0.815104
1.456805 0.937301
1.666762 1.241637
1.915483 1.518242
2.022439 1.631422
2.115712 1.890332
-0.520122 -1.519677
-0.604898 -1.346967
-0.428082 -1.436297
-0.212870 -1.081276
-0.022333 -0.880774
0.192103 -0.713590
0.438533 -0.572743
0.593786 -0.276921
0.998662 0.008712
1.172065 0.204181
1.392785 0.418934
1.574653 0.550526
-0.653562 -0.918083
1.802043 0.776178
1.985278 1.039833
2.105677 1.361215
2.153376 1.607051
-0.474894 -1.775808
-0.361135 -1.666661
-0.250898 -1.468757
0.019580 -1.257210
0.270852 -1.139710
0.527233 -0.870786
-0.677819 -0.754642
0.662791 -0.667609
1.027408 -0.396248
1.275149 -0.118475
1.467666 0.034900
1.637585 0.369369
1.866412 0.528690
2.061427 0.756334
2.153898 1.041305
2.233958 1.342802
-0.494927 -2.022145
0.724263 -2.481229
-0.716343 -0.458877
-0.328499 -1.886550
-0.151600 -1.866179
0.033504 -1.546167
0.268157 -1.319616
0.437461 -1.193309
0.749246 -0.918366
1.034005 -0.679977
1.272543 -0.482683
1.441284 -0.309295
1.652377 -0.053853
-0.735804 -0.169672
1.931170 0.185316
2.070217 0.461626
2.239743 0.543664
2.340847 0.782311
-0.431833 -2.404346
-0.287347 -2.327884
-0.064117 -2.058631
0.059196 -1.948915
0.243676 -1.721393
0.484091 -1.470155
-0.757159 0.195354
0.717429 -1.271456
0.973940 -1.065537
1.306602 -0.877444
1.517370 -0.647625
1.705743 -0.462507
1.981741 -0.044199
2.125682 0.054978
2.240791 0.336514
2.401392 0.479362
-0.389632 -2.635804
-0.759157 0.457745
-0.328810 -2.544494
-0.123985 -2.245752
0.052532 -2.154529
0.274591 -1.992810
0.502194 -1.681452
0.708877 -1.522329
0.919715 -1.412160
1.287789 -1.139420
1.466899 -0.922185
1.670051 -0.729483
-0.725286 0.616012
1.933814 -0.471220
2.102779 -0.260599
2.269612 -0.088858
2.443884 0.095629
-0.378371 -2.880853
-0.306162 -2.726666
0.022600 -2.559840
0.169395 -2.423947
0.275271 -2.289193
0.607017 -2.050630
-0.644208 0.700367
0.801919 -1.772180
0.985083 -1.590849
1.301797 -1.334091
1.480756 -1.192400
1.745442 -0.950827
1.923002 -0.823343
2.160234 -0.587178
2.295379 -0.338654
2.434825 -0.193159
-0.423736 -3.084061
-0.559199 0.826064
-0.298161 -2.949155
-0.128291 -2.819714
0.099206 -2.671164
0.391192 -2.474359
0.551727 -2.380296
0.822122 -2.144784
1.135571 -1.870788
1.307274 -1.669223
1.466135 -1.426853
1.751305 -1.249382
-0.314819 1.082376
1.969834 -1.024084
2.165520 -0.838139
2.324456 -0.661131
2.513553 -0.464925
-0.495242 -3.289352
-0.327976 -3.183696
-0.212833 -3.101479
-0.028600 -2.921647
0.341322 -2.683884
0.618143 -2.478936
-0.112551 1.325369
0.761430 -2.398136
0.957913 -2.209785
1.243237 -1.902910
1.487551 -1.682889
1.684461 -1.462808
1.961203 -1.202200
2.170264 -1.009333
2.350748 -0.887285
2.571423 -0.698875
0.013034 1.486525
0.498373 -2.680803
0.204907 1.700551
0.438380 1.895486
0.720666 2.209803
0.889444 2.365633
1.143831 2.583122
1.249426 2.732843
1.420415 3.010190
1.578355 3.217565
1.689907 3.304217
1.748916 3.371874
0.286917 -2.870357
1.823431 3.423415
1.860840 3.288458
1.879506 3.122459
2.009391 2.854311
2.083306 2.532746
2.092863 2.394889
2.160505 1.974609
2.179023 1.808528
2.258591 1.434152
2.353889 0.937459
-0.150873 -3.141503
2.396430 0.667341
2.510470 0.375937
2.512218 0.053885
2.602251 -0.317532
2.609050 -0.469772
2.641931 -0.673270
2.635465 -0.711044
2.607033 -0.759649
2.491363 -0.874773
2.329730 -0.988170
-0.240019 -3.196195
2.058368 -1.256650
1.929427 -1.396955
1.659082 -1.633687
1.416287 -1.864773
-0.693729 0.577609
-0.553124 0.734030
-0.429976 0.866936
-0.184240 1.176376
-0.037923 1.314369
0.204751 1.605535
-0.425696 -3.294141
0.431592 1.799094
0.639132 2.018687
0.814540 2.193615
0.989539 2.355294
1.229779 2.621583
1.337882 2.783941
1.490556 3.057287
1.679529 3.203110
1.768177 3.336101
-0.688381 0.329158
-0.504474 -3.309223
-0.550106 0.549486
-0.403003 0.712223
-0.188128 0.859693
-0.042887 1.111196
0.147411 1.240511
0.446130 1.638707
0.580678 1.766009
0.844900 1.969082
1.034338 2.194371
1.151043 2.381868
-0.544906 -3.275103
1.432276 2.623777
1.635776 2.813098
1.738291 2.993565
1.806687 3.186048
-0.699674 0.051960
-0.534912 0.262192
-0.344098 0.459060
-0.181985 0.650537
0.042057 0.874802
0.194129 1.026192
