289 2
-1.736161 -2.122468
-1.880589 -2.245766
-3.611213 -2.706676
-1.444447 1.312440
-1.163684 1.410650
-0.766344 1.550100
-0.564965 1.711092
-0.233094 1.794071
-0.062238 1.918929
0.180106 2.120482
0.378741 2.204028
0.566256 2.348137
-2.997999 0.099991
-3.576361 -2.538983
-2.879277 0.176569
-2.621402 0.484529
-2.309940 0.570436
-2.161769 0.695271
-1.707462 0.843454
-1.499760 0.951826
-1.190386 1.063072
-0.859268 1.222620
-0.638436 1.367676
-0.293607 1.519372
-3.520305 -2.264104
-0.034358 1.623203
0.214380 1.769659
0.363958 2.008383
0.521533 2.170815
-3.041358 -0.227488
-2.877374 -0.032974
-2.706157 0.051191
-2.357358 0.238675
-2.058712 0.313591
-1.840152 0.416445
-3.481048 -2.087103
-1.538345 0.623471
-1.129659 0.746493
-0.852820 0.951776
-0.597386 1.126080
-0.358747 1.263694
-0.079736 1.447920
0.107050 1.498375
0.379482 1.698475
0.537547 1.893781
-3.055935 -0.376244
-3.377483 -1.808970
-2.905982 -0.318613
-2.810802 -0.162427
-2.413557 -0.096062
-2.138348 0.094825
-1.874983 0.184318
-1.569294 0.421622
-1.350508 0.460815
-0.879374 0.660744
-0.642297 0.866830
-0.418958 0.951537
-3.342890 -1.448154
-0.174598 1.089813
0.137303 1.294517
0.350132 1.326096
0.481978 1.526494
-3.124236 -0.837135
-2.961113 -0.594652
-2.751987 -0.440487
-2.481795 -0.394243
-2.290398 -0.247745
-1.941831 -0.089741
-3.300077 -1.321833
-1.580726 -0.019934
-1.214401 0.171557
-1.008617 0.291491
-0.724518 0.488909
-0.494112 0.655290
-0.171646 0.868558
0.004868 0.996714
0.281548 1.161687
0.410604 1.216030
-3.155002 -1.130300
-3.215295 -0.903630
-3.038750 -0.969852
-2.784165 -0.893254
-2.529362 -0.717072
-2.301236 -0.546395
-1.996213 -0.343780
-1.736165 -0.298971
-1.315687 -0.057520
-1.094151 0.074711
-0.779882 0.143458
-0.545569 0.352729
-3.162751 -0.593795
-0.113356 0.542537
0.029074 0.625149
0.201608 0.742772
0.373501 0.960855
-3.242808 -1.417542
-3.109651 -1.269524
-2.845712 -1.161252
-2.604647 -1.034728
-2.316511 -0.907223
-2.084857 -0.746381
-3.127906 -0.371781
-1.683791 -0.655403
-1.442814 -0.541878
-1.115769 -0.307509
-0.895518 -0.163514
-0.564176 0.003765
-0.305205 0.090845
0.008659 0.420311
0.138245 0.464983
0.315930 0.560917
-3.302427 -1.715928
-2.330057 -2.398955
-3.112240 -0.062671
-3.155405 -1.588590
-2.915789 -1.470146
-2.657113 -1.318700
-2.355780 -1.295883
-2.077248 -1.142041
-1.716127 -0.902455
-1.503648 -0.761249
-1.198962 -0.584945
-0.894328 -0.443298
-0.612232 -0.358567
-3.030906 0.282051
-0.253505 -0.170270
-0.115378 0.006052
0.150247 0.159125
0.291714 0.264219
-3.351781 -1.951278
-3.203100 -1.857956
-2.949935 -1.713912
-2.655132 -1.636368
-2.455245 -1.507046
-2.117393 -1.445818
-2.957624 0.641327
-1.874251 -1.238816
-1.572709 -1.026073
-1.276003 -0.872769
-0.992552 -0.756778
-0.668887 -0.583034
-0.423300 -0.497168
-0.073132 -0.329204
0.099663 -0.235492
0.245878 -0.149212
-3.462219 -2.210853
-2.936656 0.813411
-3.266271 -2.129323
-3.040388 -2.078470
-2.748261 -1.855459
-2.505348 -1.768726
-2.275756 -1.734115
-1.953560 -1.506930
-1.657079 -1.386917
-1.293318 -1.253553
-1.091240 -1.127570
-0.725463 -0.903096
-2.802221 0.953429
-0.481893 -0.794187
-0.297465 -0.742019
0.059506 -0.516083
0.214847 -0.394855
-3.507933 -2.509380
-3.285042 -2.376859
-3.102180 -2.294318
-2.824122 -2.140910
-2.547474 -2.018292
-2.296848 -1.921611
-2.724276 1.024856
-2.049913 -1.884174
-1.764343 -1.595715
-1.405048 -1.520230
-1.114192 -1.396875
-0.859038 -1.294929
-0.598293 -1.077169
-0.333761 -0.878243
-0.005287 -0.742282
0.193231 -0.621606
-3.558290 -2.653551
-2.443534 1.185872
-3.373401 -2.604924
-3.179025 -2.493045
-2.873472 -2.323257
-2.653932 -2.232970
-2.343746 -2.200369
-2.073400 -1.997576
-1.827535 -1.930179
-1.438403 -1.735819
-1.174424 -1.661005
-0.889964 -1.503375
-2.249130 1.313488
-0.576881 -1.329138
-0.301279 -1.236648
-0.030936 -1.065477
0.117670 -0.907491
-3.526121 -2.796593
-3.379079 -2.764473
-3.197577 -2.662820
-2.994458 -2.569764
-2.676169 -2.451169
-2.411072 -2.373188
-2.050949 1.423245
-2.199219 -2.232754
-1.826745 -2.105145
-1.590545 -2.006600
-1.197545 -1.817151
-0.910397 -1.660382
-0.700001 -1.546952
-0.345870 -1.387900
-0.157832 -1.273136
0.074337 -1.225192
-1.668178 1.559571
-2.480663 -2.443893
-1.408586 1.678125
-1.182933 1.827975
-0.866298 1.976785
-0.586291 2.120880
-0.340698 2.268358
-0.093765 2.423627
0.086829 2.514276
0.275250 2.643507
0.489147 2.735766
0.644266 2.770956
-2.823591 -2.593414
0.642200 2.736278
0.623553 2.647520
0.621024 2.491238
0.595145 2.269561
0.582807 1.965608
0.568376 1.794788
0.501556 1.388705
0.456921 1.146372
0.439917 0.848526
0.350619 0.396039
-3.057348 -2.679412
0.307434 0.086864
0.290347 -0.306936
0.241185 -0.550079
0.201831 -0.815921
0.192209 -0.972449
0.171617 -1.187847
0.127748 -1.297295
0.059521 -1.325288
-0.028432 -1.345070
-0.229423 -1.425277
-3.262228 -2.763170
-0.474628 -1.552677
-0.789377 -1.671145
-1.020777 -1.800104
-1.323086 -1.921236
-2.776737 0.901213
-2.549995 1.050805
-2.373652 1.186396
-2.084082 1.363037
-1.810113 1.445253
-1.540111 1.565132
-3.459879 -2.819319
-1.302057 1.700991
-0.950621 1.893892
-0.662287 2.057346
-0.431939 2.168605
-0.202698 2.295227
0.015724 2.430444
0.182019 2.533793
0.480470 2.654321
0.612984 2.725114
-2.867038 0.737572
-3.578042 -2.831537
-2.615438 0.814475
-2.493997 0.901439
-2.124172 1.057935
-1.936998 1.228136
-1.590477 1.402934
-1.389507 1.460310
-1.023771 1.668252
-0.676927 1.874550
-0.500395 1.905549
-0.250274 2.102626
-3.592736 -2.808501
-0.011244 2.185109
0.180308 2.366275
0.455121 2.416650
0.587224 2.547375
-2.948087 0.490188
-2.746393 0.693176
-2.519466 0.771760
-2.224384 0.840914
-2.000423 1.002819
-1.679752 1.158103
