289 2
1.584419 0.865770
1.781484 0.695273
2.941966 -0.414893
-1.577771 -0.500325
-1.832995 -0.176366
-1.967051 -0.003206
-2.225327 0.132854
-2.521431 0.396353
-2.693779 0.535144
-2.902629 0.656779
-3.100832 0.816020
-3.230300 0.865884
0.187667 -1.319766
2.842332 -0.463835
0.004568 -1.134760
-0.207132 -1.006816
-0.463727 -0.849773
-0.678109 -0.764113
-0.977114 -0.584131
-1.192736 -0.411579
-1.422762 -0.204670
-1.721598 -0.018771
-1.973192 0.212743
-2.172785 0.352641
2.623833 -0.603781
-2.487421 0.517390
-2.681207 0.721148
-2.821566 0.871569
-2.964138 0.938303
0.552798 -1.235520
0.213725 -1.019426
0.038870 -0.953408
-0.161391 -0.768602
-0.450581 -0.680204
-0.718454 -0.500495
2.484041 -0.675695
-0.952193 -0.373882
-1.202854 -0.133767
-1.419561 0.031140
-1.586017 0.290019
-2.014655 0.517311
-2.134941 0.595127
-2.387038 0.782365
-2.659141 0.879637
-2.805093 1.004921
0.826386 -1.130602
2.162185 -0.757608
0.607292 -1.083855
0.345634 -0.855164
0.107560 -0.669058
-0.208850 -0.544219
-0.359501 -0.351598
-0.693070 -0.127386
-0.917837 -0.002104
-1.131533 0.153283
-1.388597 0.360798
-1.609707 0.606944
1.795928 -0.855065
-1.935912 0.674173
-2.129048 0.850366
-2.364651 1.011195
-2.486831 1.094074
1.085484 -1.020211
0.884071 -0.952030
0.550253 -0.749676
0.430212 -0.649495
0.182925 -0.456644
-0.098301 -0.239635
1.456149 -0.989509
-0.265507 -0.067404
-0.669737 0.129683
-0.839618 0.304962
-1.005463 0.522178
-1.310478 0.688057
-1.543923 0.801193
-1.773588 1.034884
-2.130368 1.073922
-2.249219 1.166466
1.305706 -0.950745
1.284412 -1.037858
1.166363 -0.832320
0.996996 -0.671463
0.677626 -0.554348
0.405387 -0.336414
0.261977 -0.160601
-0.025371 0.038412
-0.346465 0.241392
-0.596226 0.367149
-0.816367 0.608362
-0.961411 0.783269
0.871383 -1.167563
-1.283035 1.018670
-1.499478 1.113310
-1.709883 1.253692
-1.910250 1.318959
1.723554 -0.846982
1.347221 -0.778273
1.258303 -0.611825
1.059721 -0.436532
0.790118 -0.321347
0.533359 -0.139223
0.659739 -1.233263
0.221187 0.124640
0.071960 0.314772
-0.256076 0.547956
-0.512931 0.710485
-0.810201 0.916234
-0.959683 1.070416
-1.244314 1.263545
-1.470124 1.281719
-1.717149 1.359330
2.023356 -0.738815
1.962763 0.547090
0.302529 -1.339759
1.774944 -0.668468
1.442229 -0.527346
1.257457 -0.405862
1.070603 -0.153492
0.771602 0.030056
0.517515 0.233639
0.209379 0.445538
0.030910 0.625018
-0.156410 0.824591
-0.396550 1.000125
0.145145 -1.384299
-0.728993 1.195436
-0.962697 1.330464
-1.219456 1.423659
-1.375439 1.492364
2.287705 -0.654766
1.981554 -0.602012
1.820847 -0.480117
1.532073 -0.345567
1.295269 0.045183
1.113604 0.088231
-0.156683 -1.489731
0.876461 0.323631
0.633491 0.437904
0.277380 0.684961
0.036593 0.917038
-0.145852 1.074604
-0.350062 1.312647
-0.592402 1.559294
-0.824670 1.575515
-1.158006 1.592532
2.504967 -0.543383
-0.439274 -1.513565
2.348275 -0.468698
2.067590 -0.355333
1.912114 -0.222359
1.677353 0.038786
1.357999 0.191165
1.138498 0.438434
0.940954 0.626789
0.641239 0.804423
0.343644 0.907004
0.108185 1.224968
-0.542749 -1.532102
-0.159031 1.430043
-0.403993 1.581757
-0.572813 1.678993
-0.802929 1.750660
2.658534 -0.438984
2.544962 -0.369927
2.362047 -0.240602
2.144995 -0.042191
1.901813 0.137262
1.626384 0.238804
-0.707807 -1.454882
1.379956 0.452006
1.149032 0.676022
0.988650 0.832185
0.658535 1.127805
0.410369 1.325507
0.225580 1.435582
-0.074099 1.606781
-0.399375 1.752143
-0.539906 1.870228
2.847327 -0.420803
-0.859047 -1.363133
2.696030 -0.279818
2.512496 -0.139205
2.333615 0.006428
2.099522 0.219702
1.906975 0.366726
1.675371 0.547972
1.334140 0.697684
1.141895 0.831149
0.876446 1.147310
0.656135 1.301621
-1.197637 -1.205204
0.372222 1.444081
0.196956 1.696522
-0.041474 1.862693
-0.306629 1.922765
2.974177 -0.332547
2.870850 -0.245719
2.713716 -0.167819
2.516960 0.021789
2.301338 0.167787
2.061395 0.387794
-1.334236 -1.063529
1.847089 0.554041
1.620100 0.724054
1.462536 0.843970
1.096399 1.167902
0.890713 1.321924
0.654602 1.470342
0.350638 1.735676
0.183136 1.823637
-0.060113 2.012982
-1.684548 -0.829336
2.161398 0.372113
-1.902256 -0.709917
-2.198870 -0.492589
-2.401631 -0.314394
-2.568207 -0.156438
-2.916161 0.122948
-3.043738 0.226939
-3.237634 0.398949
-3.429547 0.576502
-3.599507 0.674754
-3.692218 0.742855
2.494055 0.101534
-3.680554 0.772143
-3.567391 0.820600
-3.434426 0.894876
-3.143244 0.965739
-2.966945 1.027219
-2.583149 1.133653
-2.348977 1.201048
-2.147977 1.298346
-1.858693 1.405024
-1.691619 1.468985
2.588117 0.030991
-1.226219 1.657491
-0.917187 1.788204
-0.709612 1.862251
-0.449164 1.984078
-0.184236 2.059136
-0.054399 2.090936
-0.002911 2.098166
0.078433 2.074882
0.187045 1.968203
0.309399 1.842510
2.837712 -0.150865
0.580927 1.666918
0.908151 1.452064
1.001839 1.321020
1.235320 1.158434
-0.580332 -1.436482
-0.787532 -1.320876
-0.937708 -1.179755
-1.212937 -1.015159
-1.478807 -0.878590
-1.743292 -0.738200
2.971511 -0.270314
-1.959814 -0.601542
-2.201003 -0.373522
-2.501569 -0.134817
-2.648157 0.009985
-2.896872 0.178424
-3.102876 0.401442
-3.277349 0.515745
-3.447782 0.648515
-3.659312 0.776413
-0.406864 -1.433542
3.047300 -0.320602
-0.523536 -1.303946
-0.820576 -1.150277
-0.959222 -1.045527
-1.287258 -0.879667
-1.521929 -0.686586
-1.778404 -0.571680
-2.034859 -0.348748
-2.293826 -0.167130
-2.544355 0.018180
-2.692957 0.314493
3.031957 -0.377036
-2.911672 0.441154
-3.120169 0.548399
-3.326227 0.693922
-3.501449 0.803263
-0.062925 -1.353488
-0.314342 -1.262800
-0.454144 -1.090198
-0.759882 -0.914897
-0.972862 -0.872607
-1.234728 -0.636085
