1000 2
-1.444608 0.445482
0.411623 -1.819635
-0.809178 1.406537
-1.062972 0.023947
-1.783658 -0.919504
0.015655 0.193282
1.781521 1.570263
0.019679 -1.246818
-2.139848 0.647938
-0.357844 1.279919
1.716410 -0.392738
0.282846 0.730654
0.687548 -1.508677
-0.023742 -1.315610
-0.086667 -1.299186
-1.475276 -0.931654
-0.188942 -1.642176
-2.558928 0.819709
1.785648 0.740038
-1.115484 1.918006
2.901499 0.321083
-1.675455 0.250386
0.421989 0.690051
-2.251283 -0.936214
0.352571 -1.602689
0.021548 0.239500
-0.784402 -0.113187
-2.105521 -0.633977
-0.724265 -1.371529
0.659754 -0.322492
0.861606 0.073197
0.640606 -0.378718
1.136756 0.723107
-2.323418 -0.269264
0.705648 1.017742
-0.796329 -2.233795
1.719613 -0.650365
-0.150302 -1.055921
-0.811257 -1.383526
1.516009 0.265057
-0.885726 -1.057986
-0.271508 -2.032753
0.888533 0.052562
2.745944 0.333419
-0.143124 -1.325894
2.849503 0.792695
-0.247318 -1.714075
0.168591 -1.840509
1.686349 -0.645410
1.128549 0.711001
0.880623 -0.077946
-2.006049 0.576029
2.124243 1.774451
-1.239727 1.248567
-1.027267 1.450232
1.659611 0.773944
-1.331076 0.445233
-0.791620 -2.191280
-0.798136 -2.385463
0.004879 0.341574
0.683625 1.162080
-1.293703 -0.356382
-2.680315 0.205029
1.599741 0.199479
-2.166455 -0.577695
2.344869 0.360663
-0.067213 -1.463315
-0.813703 -0.069593
-1.667655 -0.827222
-2.363137 -0.670912
1.729432 -0.705098
-1.642157 0.261721
-1.445255 0.681024
-0.829486 -1.399377
0.338583 -1.920948
-0.448301 -1.220623
1.369260 0.560571
1.906991 -0.319300
0.897116 0.225821
-1.165937 0.128859
2.088094 1.943120
-0.146833 -1.166865
2.315601 1.700138
-1.708486 1.477192
-2.220119 -1.110666
0.332516 -1.504805
-1.275707 1.485466
-1.471760 0.458813
2.309496 1.739070
-0.741918 1.461977
1.725627 0.044458
2.929343 0.236445
-0.650189 -2.343816
0.610543 0.800184
-0.614120 -2.119187
2.588878 0.398644
-0.979967 1.753281
1.697123 -0.193158
-0.827123 -2.592700
-0.935765 -2.445842
0.822476 0.411130
1.567157 -0.106098
-0.144843 -1.006892
-1.885919 0.647261
-0.381398 -1.455998
-2.490451 -0.126298
1.930850 0.135364
-0.568042 -1.915387
1.672358 0.154829
0.438254 -2.028088
1.037191 0.710705
0.124183 0.724894
-0.213124 -1.345206
-2.085077 -0.460025
1.281132 1.283296
-0.796717 -2.137041
2.145492 0.089347
-2.341989 -0.731303
0.742437 1.096526
1.834777 0.797976
1.955373 -0.411404
-0.777496 1.461891
0.623909 -0.382340
-1.529646 -0.452354
0.010736 -1.185865
-1.555496 -0.562174
2.031372 0.322094
-1.759114 -0.697954
2.976540 0.187452
-0.782712 -2.193619
0.650944 0.655217
-1.631765 0.329780
-1.769775 -0.801005
-2.312394 -1.227919
0.037507 0.262721
0.099967 -1.558658
1.052293 0.849854
-0.189959 -2.187311
0.795954 0.973020
-0.797030 1.483123
-1.288139 2.153603
-1.425869 2.297690
-0.092343 -0.899806
-1.386495 2.349843
-1.861590 -1.060690
-2.257799 0.973786
0.781634 0.291759
1.181099 1.221516
-2.035382 -1.223090
-1.852343 -0.708852
0.595840 -1.797472
-2.330819 -0.879344
-0.534748 -1.343224
0.493481 -1.878848
2.872490 0.423361
0.807625 0.939850
-1.420161 1.013107
0.503055 -1.861442
-0.100312 0.671818
0.453610 -1.462507
-1.372047 0.554702
-2.693385 0.305589
-0.955064 -1.320488
2.926809 0.280536
-1.426467 0.771910
-1.241911 1.308331
-0.679833 1.742171
-0.596405 -2.363108
-0.881557 -2.496065
-1.991088 0.616920
0.758665 0.646408
-1.749173 0.491990
-1.643713 1.291251
-1.020869 1.217586
2.758819 0.447371
-0.409095 -2.260136
0.022805 1.387006
-0.221904 -1.174385
-1.344543 1.537095
-0.911166 -1.240373
0.861773 0.751609
-1.783417 1.616929
-1.343018 -0.979512
1.720644 0.041639
-2.396101 -0.656427
1.421528 0.799551
-1.089975 1.061318
0.416962 0.677522
1.563917 0.212934
-0.831088 1.509411
0.826532 0.399639
0.058152 0.721683
-0.169972 -2.258985
-0.577742 1.931431
0.733108 0.386227
-0.086514 -0.981119
0.324178 -1.977298
-1.679239 -1.072972
0.677885 1.105882
0.048209 -1.661157
0.815117 0.100450
2.433649 0.388411
-0.800706 -1.284579
0.192091 -1.884390
1.448411 0.002284
0.439981 -2.053257
1.023548 0.535119
-2.619418 0.873413
-0.839481 -2.239842
1.113388 0.741449
-0.099372 -1.342764
-0.625156 -1.321501
-0.629220 -1.304265
-1.808830 -0.085334
0.872968 0.844735
1.745753 -0.313939
-0.868563 -1.286600
-1.004052 1.899422
-2.443805 0.931037
-0.190652 -2.222635
2.143555 1.742887
1.759016 -0.758779
2.377543 1.732014
-0.689548 -2.110041
-0.214225 -1.803106
0.103956 1.368802
-1.293505 0.431032
0.427754 0.748163
-0.460320 1.271875
-1.830841 1.672404
2.095788 2.093770
-0.808839 0.567662
0.371482 -1.563437
0.137011 0.362614
2.227399 1.736416
-0.320580 -1.492475
-1.685324 -0.417712
1.261370 0.154838
-2.951573 0.969372
1.171944 0.270486
1.182600 1.160180
-1.744815 -0.820022
2.040776 1.860256
-0.816447 -2.503899
-0.933330 1.287619
3.041900 0.573067
-1.321361 1.622497
-1.590728 -0.677652
1.599021 -0.083072
2.053311 1.940386
-1.002233 1.949962
2.113672 0.201316
-0.616928 -1.368330
-2.047106 -0.554934
2.097453 0.133230
1.773071 -0.785260
0.485152 -1.386263
2.109843 0.131990
0.901622 1.051703
-1.335855 0.485538
-1.545582 1.626469
0.039046 1.346414
-1.416543 2.321800
1.584278 -0.130200
0.262974 0.682156
1.481736 1.285371
-0.475735 -0.454549
-0.179138 -1.773152
-1.337971 -0.191372
2.772216 0.427096
1.775867 0.740132
0.840293 -0.091000
0.856731 0.878448
-0.865017 -2.599561
2.286038 0.386132
-1.757384 0.143121
-0.170384 -1.291300
1.240258 1.313098
-2.959510 1.001781
-1.667025 1.566805
-1.310542 0.086344
-0.934841 -2.633337
0.669987 1.169865
1.693033 -0.699443
-0.747286 -2.189483
-1.289995 0.735944
2.151938 0.366686
0.623101 -1.538623
-2.868419 1.021311
-1.405120 2.245464
-1.076569 0.013385
-2.211213 -0.552013
-0.163855 -1.549519
-0.837099 -1.392121
-0.207627 0.650638
1.651042 1.475050
0.506454 -1.874295
-1.591323 0.361186
-0.907024 1.334808
0.969569 1.229687
-0.933286 -0.171453
-0.966367 1.517324
1.301113 0.761647
-1.253988 -0.826535
-1.498675 -0.070573
-1.120074 1.538029
0.073753 0.300737
-0.851854 -2.449589
-1.733404 -1.149499
-0.721798 1.400719
-2.284180 0.674795
-1.548062 -0.216092
-1.200628 -1.028208
1.093289 0.975097
-0.737927 -0.134856
-0.918666 -0.142525
1.620199 0.180322
-2.781963 0.940826
-1.741200 0.669323
2.902438 0.394477
0.675263 1.222416
-0.274018 -2.050598
2.039803 1.819398
0.569286 0.629144
-0.779690 -2.197330
-1.538139 0.470822
-1.455849 -0.766769
-2.129472 0.633001
-0.969793 -2.499911
-1.394271 0.278214
2.081058 1.715201
-1.408322 2.397663
0.920652 0.555024
-0.155629 -2.248693
-0.271159 -1.974566
-2.254294 -1.018751
0.865840 0.751036
0.500624 -0.518016
0.756770 0.607329
-0.155826 -2.310888
-2.148089 0.638446
-0.335052 -1.474624
2.165908 0.076779
-0.853292 -2.393782
-2.458249 -0.201294
-0.445765 -2.258844
-0.746934 1.627075
-2.149045 -0.602582
-1.771662 0.635998
0.640794 0.768719
-0.184565 -1.738417
-0.268004 -1.430811
-0.021434 -0.179681
0.942244 0.809245
2.072712 2.070379
-1.440770 2.317143
0.573331 -1.833443
0.025417 0.692184
-0.932325 -2.515280
0.524094 -1.399699
1.260014 0.630865
2.859036 0.661871
-1.424382 2.207924
-0.654356 -0.179357
0.415401 -1.945461
-1.993353 -0.194351
0.833626 0.693427
-1.569522 0.472773
1.010163 0.508037
-1.870792 1.689914
-1.395277 2.002875
-2.304530 -0.610865
-0.218044 -1.579678
-0.204766 -1.640184
-0.982307 1.704636
-2.403743 -0.675446
1.093144 0.978420
-2.271646 -0.978891
0.900642 -0.042550
-1.793044 -0.501800
-1.581445 -0.728943
1.703752 -0.699584
0.376458 0.769161
-0.552063 1.980725
0.040341 1.402294
-1.708934 -0.783858
-1.221727 1.797098
-2.090425 0.620862
3.077548 0.546435
1.290992 0.569015
-1.112706 -1.129997
0.766423 0.941905
2.141958 0.107576
-1.333715 1.527178
-2.416941 -0.668919
1.718674 -0.682345
0.893233 0.753932
1.977422 -0.419597
-0.210519 -1.805798
-2.170309 0.623452
-2.346442 0.944405
-0.150301 1.169703
1.976101 1.685449
-1.993877 1.040811
0.067146 -1.425479
2.722533 0.365372
-1.810795 1.682166
-0.691780 1.405429
-0.839899 1.505221
1.957651 0.544897
0.412829 -1.677527
-0.820737 -0.044354
2.014376 0.099081
-1.207349 0.756843
1.327480 1.102566
-0.950857 -0.044930
-1.013263 0.650671
2.101491 2.132560
-0.948136 -0.095178
1.231353 0.749016
0.896256 0.509181
0.660034 -1.829077
-0.200694 -1.847867
-0.982233 1.516019
-2.539554 0.995342
-2.052341 0.553433
3.070786 0.572377
0.643348 0.504133
0.394486 0.442391
-1.173922 1.575079
-0.958717 1.195291
-0.674365 0.494950
0.707747 0.127575
0.659151 0.698697
0.533968 -1.663950
2.508576 1.353361
-0.685459 -0.171515
-0.231668 -1.161596
1.779894 -0.800152
-0.270144 -1.907454
-1.975102 -0.640393
-2.769683 0.534681
0.019026 0.344113
-1.951760 0.621860
-1.983268 -1.169138
-0.584391 -2.096223
-0.231353 -2.218911
0.691230 1.071747
-0.419914 -1.336628
2.405754 1.735471
3.030311 0.526987
-2.747796 0.652693
0.718528 1.132155
-1.439244 2.317672
-2.401723 -0.641740
1.147450 0.710915
-1.365894 1.451084
-0.485782 0.602541
-1.459048 0.471637
2.036156 1.757907
0.343503 0.457424
-1.204230 1.215336
-1.575167 -0.802552
-0.068007 -1.284801
0.345354 0.468134
-2.310539 -1.173287
-0.527739 2.018400
-0.935252 -1.326859
0.164457 1.219533
0.643591 0.466077
-1.654700 -0.806208
0.341142 0.431669
-2.309928 -1.168911
-0.652560 -1.260075
-1.069811 1.976122
2.104713 0.367609
0.896287 -0.041800
-2.796939 0.873549
0.202155 -1.921662
-1.513153 0.417710
-2.153571 -0.640628
-0.116223 -2.264059
-2.291680 -1.151985
-2.771523 0.596666
1.418754 0.807605
-1.294899 2.295915
1.007005 1.382240
-1.436351 2.270259
-0.896327 1.455738
-2.739120 0.609475
0.068662 0.369893
-2.635341 0.098373
-1.312749 2.244715
2.912331 0.305984
1.388437 0.343991
-0.547726 1.993182
-2.753289 0.276339
0.123852 -1.632794
1.033395 1.424905
-0.592191 -1.936286
-1.534975 -0.376628
-1.366237 -0.731117
-0.768122 1.497532
1.960446 -0.424094
-0.743207 -2.123745
-3.079235 1.027206
-1.609724 1.610277
-0.132140 -1.321278
-1.965526 0.609002
-2.725054 0.273436
2.519242 0.390125
-0.865145 -1.366952
2.672912 0.403396
-0.509923 2.031212
-2.791259 1.041649
-1.767434 -0.980689
0.863363 1.035028
0.344111 -1.801117
-2.609472 0.959497
-0.947250 -1.262220
-1.687725 0.264158
-0.942110 0.635805
0.182442 -1.900071
-2.234495 0.923021
2.093403 2.126111
0.897050 0.314032
-0.234823 -1.511229
-0.556917 1.985276
-1.742263 -0.861122
-1.273503 0.765415
-0.776248 1.496622
-1.592854 0.348844
-0.602716 -0.222202
0.739629 0.597832
-0.900311 -0.038017
1.064681 0.806112
1.978481 1.704759
-2.759921 0.248165
-1.743871 0.193399
-2.351626 -1.235380
-1.230742 1.607859
-2.535844 0.759284
0.659097 1.205632
2.074163 1.778115
-1.422747 0.626862
0.256461 0.389320
0.649376 1.067953
0.792988 0.699980
0.441190 -1.397744
-0.252539 -1.374979
-0.160505 -1.647780
1.858574 -0.339668
0.544561 -1.932521
0.389353 1.037200
1.698394 -0.709563
-0.845158 -1.371269
-0.957432 -0.057289
-0.285868 -1.434664
0.820124 -0.117747
0.919847 0.688775
-2.129501 -0.565528
-2.699104 0.213365
-2.052515 -0.972480
1.272226 1.281100
-2.156267 -0.488675
-1.833221 1.688519
0.922623 0.064344
-1.159539 2.035106
1.720903 0.013898
-0.637347 -1.181466
-2.173512 -1.157461
-2.688142 0.864367
-0.411971 -1.179591
-2.932939 0.962658
1.937250 -0.415354
-0.317286 -2.277972
-1.631723 0.151191
2.067501 0.093085
2.128604 0.161638
2.159754 0.051991
-0.261829 -2.049396
-0.092169 -1.399042
2.000161 1.826708
-1.165509 0.184436
1.614612 0.170047
-2.061139 -1.287175
-0.645144 -2.009658
-0.604861 -2.005349
-1.088469 1.883686
0.425921 -1.687946
0.681773 0.800211
-1.169965 2.027171
-1.102057 0.936218
-3.104456 1.032589
-2.461506 -0.678731
0.497532 -1.878943
-1.357991 0.781188
-2.223393 -1.105883
-1.651344 -0.599843
-1.836768 0.505370
0.412515 -1.760793
0.865885 0.958667
-0.840064 -0.101166
-0.509207 2.051090
1.885567 0.866948
0.262629 -1.734265
1.840488 0.758384
-2.076819 -1.232817
-0.618136 1.821621
2.005054 0.510160
-0.930003 1.238365
-0.235711 -1.185936
1.811404 -0.289024
0.805392 0.726768
-0.178268 -1.282457
0.847894 0.762160
-1.430934 2.448784
0.948959 0.550221
0.283062 0.482960
-2.075063 0.617968
-2.711903 0.706279
1.049016 0.675515
-2.049323 -0.305334
2.871441 0.478131
-2.344837 -0.272729
-1.714239 -0.827130
-2.604362 0.846949
-2.434489 -0.193698
1.772138 0.706664
0.765781 0.486738
-2.219254 -0.477266
-1.503009 -0.791653
-0.169444 -2.285198
-2.658056 0.767583
-0.853029 -1.351952
-0.635025 1.812908
0.876323 0.736944
-1.885825 0.743125
1.159784 0.605523
-2.269084 0.627104
-1.662810 1.571657
0.596501 -1.945394
-0.518807 2.014235
-2.150634 -1.193660
-0.834056 -0.003436
0.376000 -2.022876
0.015236 -1.069006
-1.662230 0.340611
-2.560699 0.795748
2.122193 0.128775
-1.536919 -0.393706
1.758539 -0.661412
-0.696950 -2.088917
-1.544905 -0.502756
-1.289232 -0.988064
2.383540 1.699044
0.057526 0.295398
-0.885904 -2.560995
0.594838 -0.398302
-1.331579 0.331826
-1.395159 0.678656
0.470550 -1.893917
0.570507 0.563396
0.566725 0.700895
3.003005 0.149676
-2.388790 0.770097
0.598618 0.474671
0.214542 -1.863413
-1.003867 -1.045151
-0.775241 1.501077
0.906466 0.404989
-1.838032 -0.698121
-2.797461 0.395703
-1.921945 -0.122788
-1.752772 -0.791910
-0.169452 -2.248845
-1.689891 -0.840917
0.746750 0.668235
-0.154096 -2.259785
-1.123944 1.462393
-1.506949 1.631319
-2.068429 -1.233945
-1.381302 1.876484
-3.165625 1.057374
-1.540984 -0.387409
-1.143325 1.899925
-2.589930 0.799065
-1.269740 0.783560
-0.220474 -1.510007
-0.141600 -1.314335
0.570278 0.467036
1.764944 0.756757
-2.262386 -0.627557
-1.615697 -0.463089
-2.210303 -0.523546
0.651712 -0.331284
-0.721448 1.684490
1.895126 0.867816
0.915691 0.358729
2.274776 1.732611
2.306522 1.712425
-2.624114 0.851284
-2.762855 0.640438
-1.719184 -1.162375
1.311147 1.325611
0.799386 0.445331
-0.600719 -2.368394
1.408005 0.036035
0.346083 -1.807683
0.692660 0.706057
-2.398989 0.914416
-0.485725 1.371212
-0.179176 -1.106960
1.702202 1.530807
0.479444 -1.993481
-2.742170 0.759723
-2.637045 0.235270
0.491468 -1.382393
0.892496 0.363339
-1.919440 -0.910674
2.013114 0.313671
-2.476254 -0.721748
1.704990 -0.679886
2.130920 0.107929
0.302212 -1.437691
1.278749 1.341387
0.843915 0.911716
-2.261451 0.617936
-2.436450 1.024062
-2.297435 -1.101862
2.085109 0.111094
2.101240 1.760240
-1.884565 1.712790
-2.806108 0.693996
1.979678 0.282671
0.469910 0.963220
-2.235588 -1.254678
-2.320589 0.616920
-1.541593 0.419418
0.557604 1.460135
-0.170037 -1.270490
0.530888 -1.919242
-1.272144 0.238050
-1.245283 -1.017693
-0.903507 -1.345402
-1.766072 -0.852453
-2.517295 0.865417
-2.268211 0.959001
0.775128 0.741897
-1.694037 -1.146416
-0.905399 1.458965
-0.751703 -1.147877
-0.791113 -2.105371
-2.751714 0.782377
-1.108558 1.923129
-0.331385 -1.241391
-1.253131 0.245334
0.703782 0.885223
0.737435 1.024641
-1.681695 1.543323
-1.177519 0.908324
-1.625223 0.587995
2.996733 0.141993
-3.194111 1.071169
0.681522 0.477983
-1.269012 0.255989
-2.686316 0.225204
-0.485651 -1.777733
-1.916029 -0.633377
0.849991 -0.034833
0.726852 0.723576
0.197792 0.324218
-1.723082 -1.125700
2.056482 1.835780
-1.421042 1.273547
2.268351 1.755605
-0.930249 -2.500471
-1.452966 0.638003
0.895621 0.683347
0.627376 -0.314498
1.833199 -0.311716
2.111046 1.941731
0.901594 0.459338
1.139067 0.555730
-1.260735 1.237515
0.952338 0.550280
0.915628 0.854936
0.869228 0.253296
-2.729059 0.815662
-1.474503 0.621701
2.018287 1.781039
1.371084 0.583862
-0.161852 -2.320486
-0.222118 -2.192133
-1.795176 -0.552974
0.930712 0.321643
1.628121 0.805420
-1.372201 0.366611
0.895022 -0.032924
-2.803485 0.357001
2.714575 0.329225
2.789997 0.662539
1.046157 0.682010
-1.550774 -0.483437
-0.378920 -1.249780
0.865980 0.552779
1.943113 -0.374830
1.023351 0.559746
-1.421336 -0.716534
-1.445732 2.299416
0.180527 -1.382156
-1.406480 2.431812
-1.534415 -0.297097
-1.421132 1.013958
0.204868 -1.966925
-0.894644 -2.391309
-2.653262 0.907578
-1.388972 1.417033
-1.650896 -1.007893
2.134666 1.823050
1.907287 0.892771
2.736009 0.563975
-1.669363 -1.054014
2.869059 0.621734
-2.363601 0.912819
-1.289554 2.250859
-1.448781 2.278302
-2.363380 -1.258634
-1.352681 0.427154
-2.011527 0.612239
0.025512 1.423213
-0.665103 -0.155057
0.820190 0.738191
-1.402790 1.499862
-1.223534 1.290699
0.860223 0.710972
1.531482 0.248121
-1.427867 0.384035
-2.560669 -0.695041
-0.584970 -0.233778
2.877234 0.679272
0.982426 0.618550
-0.634044 -2.123795
-1.708563 -0.866899
-2.079512 -1.292034
-2.402576 0.975104
1.393326 0.599471
1.139780 0.603266
-2.475309 -0.732211
-0.427902 -2.072448
-1.779449 -0.767927
1.022315 0.730669
-1.480090 0.610408
2.975627 0.192114
-0.949308 -2.512403
-2.714098 0.795274
0.762490 0.781924
1.026153 1.453337
-1.526097 0.615318
-0.539167 1.999596
-0.094582 -1.209337
-1.574306 0.316086
-1.430095 0.412120
-0.725956 -2.089042
1.017622 0.552389
-2.949526 0.999832
-1.553821 -0.896822
0.961893 1.091194
-1.744815 -0.935785
-1.446465 2.313891
1.000354 1.359149
0.743586 -0.169486
1.990041 -0.395959
-2.829567 0.661911
-2.709560 0.222474
-0.738136 1.505031
-1.217053 1.246088
2.911128 0.588575
-1.953684 -0.272466
1.038692 1.478394
2.126321 1.843092
-1.770710 0.690506
1.979300 -0.398207
-2.282215 0.963204
2.117057 1.845836
1.766432 0.007139
-2.053792 0.596873
-1.493299 0.134755
-0.844010 -0.031608
2.126820 0.388033
-1.275645 0.773933
0.881303 0.396791
-0.934647 -0.061372
-1.668874 0.353635
-2.230124 0.620309
-1.789303 -0.991952
1.783602 0.814043
-0.854029 -2.610163
0.657966 1.215450
-1.445207 1.135067
-0.427633 -2.283973
-0.340765 -1.476826
-1.409382 2.405646
-2.633561 0.952075
-0.738274 -0.152500
0.195993 0.315214
0.588291 0.891981
-0.925153 -1.281442
-0.358127 -1.344984
0.841486 -0.040919
1.951574 0.286069
-0.133939 -1.317889
-1.489931 1.599674
-0.594368 -2.350748
-2.583567 0.880728
-1.690650 -0.508041
0.484564 -1.608812
1.702806 0.121410
-1.794868 0.125124
-2.517638 0.893471
2.666790 0.429231
2.828299 0.766944
-1.553941 0.567490
-0.306333 -1.491051
-1.577828 -0.818019
-2.053812 0.574674
-1.959530 -0.183421
-0.854667 -2.457884
-0.886422 -2.350136
-2.390567 -0.652251
3.047233 0.538197
-0.975280 -2.503174
-2.189957 -0.488423
0.032025 -1.200118
-0.769975 1.596684
-2.497199 0.927617
1.003634 0.513209
2.963362 0.236924
-1.498953 0.145937
-0.864901 -1.297381
1.031404 0.853623
-3.074215 1.016433
-0.793269 -2.549513
1.987752 -0.457779
0.236716 0.378212
-1.234665 0.462605
0.536957 -1.908781
-0.645489 1.754457
-3.021298 1.004663
0.768838 0.795798
-2.163160 -0.655025
-2.120917 -0.613862
-0.920517 -1.365065
-1.402487 0.369871
0.865401 -0.033855
-1.369950 0.540401
0.364468 -1.430571
-2.913808 1.025560
-1.537786 1.646526
-0.912366 -2.587905
-1.316225 -0.918464
1.833955 1.638592
3.061244 0.527283
-1.218264 0.169130
0.669310 1.224200
-0.840859 -0.080828
-0.765552 1.405632
-2.111602 -1.220426
2.871366 0.813078
-2.087675 0.653984
1.723113 1.503829
-1.485973 -0.790817
-1.057171 0.063134
-1.458638 0.594194
-1.900483 0.788518
2.117515 2.055821
-0.954533 0.547247
0.153555 0.698845
-1.809558 0.072348
-1.528629 -0.783564
2.923267 0.476169
0.047888 0.716673
-1.103829 0.356316
-0.859642 -0.020766
1.092424 0.802394
2.969112 0.504122
-0.812505 -2.107883
0.678885 1.209925
1.215856 1.229507
0.826742 -0.049284
-1.448160 1.043375
-0.251880 -1.359753
0.428781 -2.039544
-1.518189 0.402913
1.877397 0.866630
-0.598330 -0.226849
-0.089360 0.676348
0.611722 -0.373896
2.064639 2.005011
-0.256970 -2.259733
