500 2
0.169598 0.794616
-0.860867 0.063641
0.733465 -0.057117
-2.067187 0.540137
2.183063 0.135680
-0.120613 -1.541341
-1.127578 0.953269
2.220838 -0.410895
-1.377200 -1.249451
-1.826453 -0.160981
1.765522 -0.034764
2.453043 -0.232703
-1.225678 0.188466
0.539944 -0.261933
0.585151 0.111210
2.219666 -0.196901
0.844518 -1.107431
-0.978214 0.913152
-0.302465 -1.198571
-1.570383 -0.894302
-0.985419 0.439297
-0.124069 0.648713
0.778779 -1.103733
-0.270563 -0.932011
-1.825908 0.474688
2.227481 0.136403
1.506833 0.097941
1.560134 -0.246055
2.406775 -0.095664
-1.707749 -0.560219
-1.350689 -0.745028
0.793516 -1.153151
-1.248298 0.546583
-1.321249 0.027355
-1.097913 -0.156776
-1.803448 0.392364
1.310315 0.124614
-1.621777 0.736055
1.735621 -0.195383
-1.737635 0.829277
0.006414 -0.435820
0.253291 0.854234
0.603108 -0.064483
-1.459334 0.053272
2.224595 -0.504668
-1.566080 -1.037333
-0.592694 0.200747
-0.195759 0.669977
-1.264394 0.060343
-0.347163 -1.134240
2.180503 0.096764
-0.697408 -0.182001
-1.147176 -1.163171
-0.339780 0.188373
1.515802 -0.403284
-1.752739 -0.507173
1.817356 -0.037109
0.133112 -0.413526
2.321235 -0.174955
0.825527 -1.134802
-1.346102 0.105653
0.856015 -0.080629
1.622916 -0.128740
-0.265492 -1.544088
-1.423506 -0.836860
-1.402495 -0.857673
2.365097 -0.425806
-1.921340 0.317620
-1.380244 -0.814452
-1.220743 1.020891
1.537938 -0.206363
0.934880 -0.477694
0.729404 0.050209
2.073005 -0.374380
0.738621 0.058965
-1.416389 0.017526
0.631507 0.153066
0.007959 -1.002299
2.017823 -0.327161
0.637768 -0.030015
-1.514881 -0.913160
0.739789 -1.008484
-0.957906 0.579685
0.561961 -0.235581
2.092423 -0.425242
-1.998955 -0.666571
0.168597 -0.791158
1.752209 -0.038971
-2.089153 -0.696121
-1.070203 -0.936059
-0.557153 -0.080044
-0.111611 -1.897049
-0.115364 -1.919128
0.117279 -0.992352
-1.012303 0.337588
0.547278 0.136338
-1.849794 -0.313020
-1.477627 0.037060
-1.915077 0.420626
0.545124 -0.120811
-0.864095 0.786038
1.348855 0.009044
-0.630114 -0.882321
-0.045296 -1.203685
0.011842 0.257992
-0.721604 0.099149
-1.869907 -0.334363
-1.168458 -0.842418
-0.771821 0.417298
-0.038890 -0.803550
1.008147 -0.594576
-0.065137 -1.976874
-1.107424 0.968132
0.138105 0.615185
1.149789 0.156646
-0.199243 -1.272493
-0.238793 -0.711435
-1.353399 -0.178451
0.215594 0.500715
1.981607 0.156198
-1.514980 -1.036754
-0.671436 -0.083181
0.273202 -0.642905
-1.651248 0.899222
-1.766327 0.233902
-0.607642 0.589237
-1.126587 0.179270
-2.089233 -0.748478
-0.607316 -0.680217
1.123733 -0.534720
-1.715307 1.022250
-0.970660 -0.666635
-1.163346 0.153458
2.390349 -0.474050
-0.311032 -1.457322
-1.952398 0.428742
0.258226 0.913783
1.045695 0.229711
-1.787341 -0.610032
1.769946 -0.287660
0.265089 0.391557
2.283134 0.173323
0.497310 -0.865623
-0.166875 -1.594541
-0.653943 0.524071
1.460201 -0.133274
-0.096592 0.097736
0.815141 -1.183488
-1.137378 -1.129767
-1.284135 0.971592
-1.495399 0.166405
2.413163 -0.387840
0.803710 -1.139388
-1.242725 1.074451
2.166958 -0.064139
-1.351175 -0.249047
1.491788 -0.406911
-0.939457 0.894158
0.589461 0.077398
2.429302 -0.022254
-1.009135 0.421112
-0.296737 -1.331089
-0.293178 0.284711
1.141447 -0.587634
0.774966 -0.031841
-1.332565 -0.449050
-0.895082 -0.496220
-0.451978 -0.556674
1.808036 -0.303356
2.483098 -0.509527
-1.006789 0.216901
-1.773171 0.498972
-1.225853 -1.276545
1.794558 -0.437438
-0.680219 0.188694
-0.595366 0.608895
-0.675850 0.034418
-0.678172 0.080086
0.221604 0.416683
1.983936 0.066967
-0.523255 -1.336643
-0.348390 -0.754285
-1.318327 -1.337261
0.300950 0.659858
-1.888262 -0.600107
-1.260541 -0.699697
-1.164186 -0.770200
-1.306367 -0.920877
-2.057489 -0.759191
-1.971399 -0.577393
-1.716300 0.633870
0.903949 -1.147504
-0.814905 0.230829
1.178044 0.279785
-1.602381 -0.754765
0.197088 -0.720284
-1.025506 0.627886
-1.902896 0.403549
-0.720902 0.427735
-2.071324 -0.740003
0.121194 0.775293
0.165336 0.756750
-1.336693 0.079784
2.356737 -0.324804
1.786751 -0.230261
2.480656 0.038296
1.210930 0.089894
-0.188071 -1.562012
-1.689357 -0.377806
2.128857 0.214026
-1.346173 -1.359628
-1.903588 -0.443988
-0.900869 0.502501
-0.222986 -1.618095
2.365856 -0.243465
-1.145420 0.199336
-1.158543 -1.218097
-0.794580 -0.092848
1.192597 -0.149260
-0.046895 -1.968036
-0.957336 0.572917
0.966748 0.113829
0.688448 -0.932502
-0.054723 0.268741
0.155836 0.860587
-0.999789 0.230496
1.071275 -0.572811
0.140665 -0.743953
0.562879 0.119039
-0.666860 -0.291597
-1.493860 -0.628263
-0.682464 -0.373056
0.995441 0.136314
1.837328 -0.336359
0.111710 0.814591
-0.493606 -0.055912
-1.246264 0.035138
0.759962 -0.160724
-1.460739 0.494488
-1.376021 0.062158
0.276801 0.465936
0.265749 0.863572
-0.574079 0.629921
2.375384 -0.067376
-1.816917 0.549217
2.016176 0.141591
-1.778338 -0.460623
-0.197870 -1.910565
-1.746789 1.020256
-0.977540 0.394761
-1.055761 -0.025908
-1.671985 -0.841793
-0.465825 -0.714459
-1.924742 -0.232693
-0.033423 -0.944973
-1.320604 -0.787711
0.943767 -0.147998
-0.309514 0.152627
-1.330929 -0.926812
-0.252534 -1.838591
-1.670117 0.627587
0.162738 0.930925
0.138288 0.723338
2.439448 -0.484258
-1.992847 0.555265
-0.975459 -0.073545
-0.308016 -1.388819
2.274797 -0.287701
2.063104 0.057283
-1.947548 -0.180436
-0.937902 0.906622
-1.222886 0.208526
-0.227343 -1.395655
1.813549 -0.406711
0.345705 0.078141
-0.063495 -1.516634
2.505990 -0.493411
-1.605736 0.863038
2.397106 -0.077009
0.299474 -0.264472
-1.831503 -0.714668
-0.730366 -0.776177
-0.195574 -1.009900
-1.605249 -0.227554
-1.524547 -0.760677
0.940344 -1.086097
2.356981 -0.205965
1.289630 0.245104
-1.175028 -0.781753
-0.189649 -1.042599
-0.634454 0.513369
-0.837887 -0.531667
-0.777500 0.050207
-1.316159 -1.268575
-0.937525 0.061468
-0.301034 -1.914784
-1.273459 -0.412245
-0.267750 -0.704034
-0.379890 -0.647276
-0.282020 -1.448099
-1.707672 -0.737392
-0.687646 0.405452
-1.089635 0.344559
-1.885784 0.614361
-1.804350 0.350064
-1.296453 0.173451
-0.071207 0.391024
-1.081513 -1.089800
-2.110320 -0.751915
-2.044076 0.529400
-0.693622 0.089773
1.929384 -0.303613
-0.120685 -1.378350
-0.830246 -0.548732
2.530154 -0.520596
-0.374944 -1.515949
1.205358 0.281712
-1.239231 -0.638802
0.911309 -1.147570
-2.002707 0.360766
-1.224701 -0.201385
-0.555144 -1.272576
1.122702 0.211417
-1.802764 0.355003
-1.715159 0.185034
-0.803199 -0.583765
2.066510 0.169491
-0.207461 -1.869011
-0.045047 -1.596184
-0.886389 -0.480243
-0.719842 0.103984
2.502729 -0.542573
1.174710 0.102975
2.123437 0.219358
-1.367587 0.648172
-0.273478 -1.464805
2.474739 -0.241900
-1.578513 -0.463901
-1.783349 -0.628082
-1.217064 1.130055
0.085302 0.606977
-0.213035 -1.408752
0.590300 -0.096338
-1.743191 0.026035
2.197900 0.087685
-1.604671 -0.515311
-1.017340 -0.890437
-0.909733 -0.500761
-0.139719 -0.750624
-0.036300 -1.376441
-1.745708 1.008908
1.249921 0.337758
0.059933 0.315035
-1.669748 -0.306409
-1.099076 -0.885171
2.293917 -0.001969
-0.342061 0.181967
0.482524 0.028015
-1.683787 0.947691
0.740862 -0.237858
-1.982371 0.500459
-1.366273 -0.765188
-0.239015 -1.628892
0.174689 0.920411
-1.200757 0.439874
-1.317568 -0.161188
0.025694 -2.002464
-0.218513 -0.744021
-1.048661 -0.214213
1.140751 -0.527758
1.839972 -0.383073
0.924118 -0.712215
-1.096700 -0.100983
-0.276587 -1.027301
0.882073 -0.749872
-2.016672 -0.577201
0.519500 -0.564284
-0.411379 -0.736251
0.239717 0.531416
0.252903 0.821042
-1.375250 -1.357768
-0.708661 -0.253403
-1.675554 0.531296
0.609888 -0.555576
-0.719767 -0.386295
-1.369617 -1.199782
-0.347082 -1.475166
-1.267393 0.489544
-1.642492 -0.664057
-1.248283 -0.990207
-0.255572 0.142803
-1.021665 0.366230
1.577848 -0.470942
-1.299989 0.546026
-0.779698 -0.132696
0.024036 -2.024803
-1.403845 -0.919202
1.928061 0.061809
0.351576 0.146593
-1.266894 -0.682803
-0.362332 0.169919
-0.229302 -1.356067
2.428168 -0.511680
2.212880 0.025142
-1.766323 0.365297
-1.400932 -1.028512
-2.102560 0.562985
2.427190 -0.018123
-2.039685 -0.618044
-0.038368 -0.952234
1.471295 -0.493429
-1.763110 0.870663
-1.803807 0.705152
0.284905 0.901423
-0.112967 0.310807
-1.599620 0.882970
0.581115 0.158023
-0.017665 -1.983244
-1.862521 -0.612815
1.504336 -0.505569
-1.214810 1.162937
-0.794497 -0.606128
0.082613 0.233900
2.271466 -0.046169
-0.621703 -0.138160
1.886380 0.062958
-0.322606 -1.455191
2.307767 0.157266
-0.370876 -1.477923
-1.121945 -0.980838
-1.829208 -0.677015
-1.200356 0.424878
-1.304684 -1.023911
-1.268443 -0.387537
2.151550 0.171961
2.544996 -0.411409
-1.902978 0.669010
-0.080368 -1.981475
0.328091 0.469046
-0.959664 0.317347
2.280674 -0.121751
0.298398 -0.316916
1.209670 0.198483
-1.980571 -0.517435
-1.845365 0.315282
-0.410407 0.351172
-0.947274 0.500523
-0.933603 0.824333
-0.331749 -0.684906
-0.434798 0.029416
0.419467 0.162890
0.796527 -0.712298
-0.152078 -1.532027
2.320079 -0.197116
-0.650422 0.434841
0.474907 -0.261560
-0.429273 0.158755
-0.416070 -0.016513
-0.488287 0.001602
-1.086600 -0.876391
-0.573970 0.255350
-0.419776 -0.704298
-0.226956 0.590830
2.367939 -0.340781
-1.957602 0.411546
-0.161944 -1.763364
-1.939650 -0.586511
-1.081900 -0.411172
-1.206833 -1.084011
-0.809708 0.084155
0.493069 0.107661
-0.173848 0.172332
-1.895167 0.444460
-1.100723 -0.070615
0.577470 -1.067670
-0.244470 -1.558407
-1.338021 0.227436
-1.582014 -0.194864
-1.877681 0.490351
-1.733507 0.868295
1.343737 -0.522243
-1.953029 -0.707732
-0.995910 0.437540
2.241130 -0.324767
-0.641872 0.231370
-1.182945 -0.132102
-0.096798 -1.822582
-1.083235 0.264789
0.145724 0.713877
-0.168270 -0.786831
-0.695732 -0.649039
0.804573 -0.787617
0.550926 -0.039636
-1.329067 -0.879909
-0.473267 -0.600592
-1.544172 -0.154712
-1.046077 -0.116277
-1.188398 0.389567
-1.083378 -0.131002
-0.096784 -1.936170
