500 2
0.705705 -0.222063
0.175901 -1.423776
0.057167 0.566167
-0.884972 -2.075946
0.056376 2.003707
-1.061849 -0.894023
0.001575 -2.412532
-0.462304 1.907810
1.311132 -1.744964
0.474314 -2.440452
-0.080096 1.538609
-0.199213 1.924508
0.159085 -1.593811
-0.069037 0.324013
0.235498 0.378826
-0.240897 1.983594
-0.907068 0.370683
0.107296 -2.366268
-1.002217 -0.615156
0.955640 -1.941720
0.364384 -1.700289
0.541191 -0.441848
-0.813272 0.401605
-0.488851 -0.642804
-0.733268 -2.043626
0.090510 1.979530
0.132934 1.236912
-0.284862 1.217545
-0.195717 2.118809
0.828813 -2.067633
0.801767 -1.805635
-0.908051 0.421372
-0.302287 -1.858239
0.385638 -1.918026
-0.319370 -1.341816
-0.699899 -1.938297
0.235432 1.117463
-0.580622 -2.278634
-0.202535 1.481617
-0.500616 -2.358209
-0.079487 -0.347808
0.796391 -0.130358
0.130100 0.401777
-0.145305 -1.636556
-0.475799 1.803930
1.058509 -1.871225
-0.447422 -1.542117
0.493196 -0.523418
0.295485 -1.513404
-0.646102 -0.621244
0.105960 1.886398
0.749470 -1.233666
1.216511 -1.461564
0.223780 -0.778562
-0.387128 1.135325
0.573179 -2.236484
-0.093317 1.569311
-0.165819 0.080914
-0.221782 1.828625
-0.883052 0.441909
0.066911 -1.539472
0.041351 0.730586
-0.213486 1.435496
-1.157508 -0.985545
0.809324 -1.751279
0.835275 -1.840023
-0.401126 1.993365
-0.694065 -1.955947
0.937511 -1.804351
-0.037246 -2.509937
-0.136668 1.200065
-0.320222 0.553849
0.143285 0.194723
-0.495274 1.883620
0.202921 0.514822
0.111983 -1.725950
0.313174 0.416221
-0.681759 -0.482598
-0.362677 1.643842
0.135748 0.349093
0.977272 -1.931395
-0.820650 0.303895
0.307795 -1.849763
-0.260699 0.292988
-0.488429 1.725606
1.029595 -2.420561
-0.465317 -0.189481
-0.091551 1.509209
1.023473 -2.485413
1.069162 -1.582696
0.182416 -0.997351
-1.546413 -0.761916
-1.455155 -0.842373
-0.603025 -0.282073
0.057067 -1.844402
0.224703 0.377902
0.606669 -2.461887
0.016491 -1.660965
-0.769087 -1.954322
0.077978 0.373239
0.017689 -2.172790
-0.014701 1.069593
0.079030 -0.935353
-0.897497 -0.617209
0.269194 -0.466062
0.552551 -1.148476
0.698335 -2.495042
0.782630 -1.442870
0.489019 -1.026471
-0.321214 -0.517905
-0.392829 0.467409
-1.637694 -0.850239
-0.011720 -2.368480
0.681436 -0.207724
0.309892 0.899737
-0.949903 -0.862089
-0.251073 -0.690852
-0.081941 -1.481124
0.498604 -0.076550
0.081485 1.803647
1.105124 -1.806109
0.949629 -1.241258
-0.351004 -0.171788
-0.383291 -2.386655
-0.646619 -1.771765
0.813868 -0.867107
0.147942 -1.545382
0.933126 -2.368361
0.415206 -1.097052
-0.351900 0.683210
-0.377407 -2.497853
1.060443 -1.328652
0.389210 -1.742672
-0.435480 1.968413
-1.050094 -0.706619
-0.807941 -2.157756
0.797202 -0.155959
0.309566 0.732439
0.824117 -2.476062
-0.259420 1.426204
0.488455 0.137773
0.079304 2.039125
-0.558725 -0.101487
-1.171454 -0.711390
0.624046 -0.970090
-0.096809 1.177262
0.175304 -1.183218
-0.950306 0.404759
1.246870 -1.445468
-0.026223 -2.466183
-0.763512 -2.105675
-0.334726 1.995972
-0.875270 0.327456
-0.028915 -2.527861
-0.154937 1.833931
0.322127 -1.344050
-0.439107 1.038605
0.073278 -2.286747
0.162123 0.337131
-0.148616 2.183564
0.374769 -1.645407
-1.154961 -0.705931
0.332397 -0.573905
-0.521165 0.871250
0.040011 0.376017
0.627763 -1.955787
-0.354054 -1.225448
-0.161293 -0.888928
-0.314548 1.392141
-0.593954 2.030697
0.435992 -1.652691
-0.669667 -2.077569
1.337017 -1.608629
-0.381112 1.499003
0.128925 -1.207805
0.825390 -0.875116
0.398712 -1.189167
0.485419 -1.202301
0.236635 -0.044528
0.077852 1.701450
-1.049807 -1.044310
-0.266343 -0.642022
1.362129 -1.689151
0.726638 -0.057112
0.851591 -2.503450
0.704011 -1.754899
0.664114 -1.485562
0.910826 -1.678946
1.011102 -2.433477
0.996320 -2.531276
-0.484392 -2.055649
-0.973316 0.440535
0.021629 -1.365353
0.386769 0.988995
0.936934 -2.124120
-0.354634 -0.197549
0.213106 -1.866788
-0.752718 -1.951791
0.512490 -0.961578
1.010570 -2.466388
0.580678 -0.250939
0.764483 -0.034360
-0.016732 -1.581853
-0.570539 1.887745
-0.185914 1.704127
-0.159778 2.216816
0.062075 0.908415
-1.276206 -0.791224
0.665564 -2.113093
0.133786 1.909318
1.396921 -1.733525
0.788252 -2.429142
0.290698 -1.762962
-1.310942 -0.936850
-0.334923 2.063196
0.068425 -1.576409
1.309400 -1.481990
-0.055917 -1.243462
-0.056008 0.935913
-1.647300 -0.879687
0.369662 -1.764312
0.204118 0.649669
-0.655207 0.238749
0.254955 -0.437208
0.823979 -0.122953
0.109139 -1.433682
-0.451359 0.875904
-0.399780 -0.241633
0.227253 0.357829
0.793956 -1.166158
0.785088 -2.053001
0.876764 -1.270510
0.196833 0.756992
-0.308502 1.422543
0.527631 -0.289806
0.115318 -1.084567
-0.044924 -1.538805
-0.070615 0.593425
-0.292057 -1.888143
-0.047500 -1.628163
0.539403 0.110166
0.797249 -0.125584
0.821444 -0.869295
-0.163025 2.212801
-0.582625 -1.957784
0.140882 1.806996
0.771293 -2.252411
-1.509321 -0.694884
-0.424861 -2.475543
0.114182 -1.797927
0.487691 -1.570333
0.872186 -2.047490
0.040064 -0.687524
0.592465 -2.513285
-0.411175 -0.344551
0.946733 -1.731019
-0.043860 0.758243
0.251829 -0.827552
1.072756 -1.730180
-1.452078 -0.652834
-0.494422 -1.994497
0.863562 -0.073024
0.782445 -0.097790
-0.629841 2.087932
-0.882608 -2.035165
-0.087553 -1.360968
-1.018872 -0.657037
-0.308957 1.985059
-0.048270 1.809088
0.571310 -2.505963
0.115302 -2.348006
0.406116 -1.816139
-1.069292 -0.582483
-0.339722 1.442362
0.130886 0.406332
-1.148945 -0.797066
-0.646393 2.092148
-0.423795 -2.359532
-0.167537 2.223297
-0.093674 0.201084
0.936456 -2.270741
0.552636 -1.129560
-0.513884 -0.467697
0.366079 -2.118110
0.956784 -1.991833
-0.883415 0.403475
-0.218348 2.049721
0.392902 0.994018
0.903964 -1.653312
-0.524115 -0.603390
0.527930 -0.993609
-0.010806 -1.148411
0.413960 -1.240789
1.324351 -1.691719
0.048307 -1.303491
-1.486449 -0.661774
0.750189 -1.718895
-0.285400 -0.763915
-0.249174 -0.650500
-1.087190 -0.763960
0.967887 -2.188044
0.617594 -1.041567
0.024528 -1.927423
-0.588877 -2.045179
-0.629436 -1.795902
-0.129313 -1.598755
0.275860 -0.559427
1.089853 -1.336036
1.020796 -2.416704
-0.949014 -2.047694
0.518067 -1.177660
-0.326486 1.588623
-0.940005 -0.834120
-0.071607 -1.131528
-0.657024 2.021575
-1.055284 -0.842367
0.414283 0.975335
0.700161 -1.721127
-0.956564 0.421153
-0.863773 -2.135593
0.500684 -1.577344
-0.949064 -1.074679
0.311492 1.018345
-0.719650 -1.888935
-0.576804 -1.826135
-0.073671 -1.051028
0.153629 1.791841
-1.443953 -0.640608
-1.115575 -0.752595
-0.125751 -1.216290
0.229239 -1.021355
-0.702152 1.940729
0.241544 0.913351
0.047149 1.970603
-0.029853 -2.169013
-1.058995 -0.797353
-0.286005 2.071910
0.653454 -2.047205
0.833346 -2.380049
-0.033731 -2.598947
0.634544 -0.225381
-0.847372 -1.005149
0.052379 0.347448
0.471883 -2.440838
0.070788 1.932598
0.719283 -2.135684
0.906862 -1.326336
-0.461552 -1.284464
-0.235507 -0.555958
-1.082314 -0.759543
-0.432016 -2.529868
0.422951 1.003055
0.302610 -0.403004
0.393467 -2.169484
0.932070 -1.503079
-0.025672 2.047676
0.289649 -0.896722
0.074024 -0.271901
-0.511936 -2.377819
-0.131853 0.610493
-0.907738 -1.991860
0.758294 -1.747682
-1.132122 -0.702761
0.776443 -0.133431
-0.019760 -2.029490
-0.194379 -1.442289
-1.650329 -0.864865
-0.279686 -0.617950
-0.212674 -1.730277
-0.372070 0.697942
-0.382689 1.594176
-0.643513 0.466492
-0.324612 -1.351215
-0.585759 -0.580979
-0.635553 0.483253
0.904771 -2.359497
-0.384718 0.264589
-0.061588 -0.617648
0.476813 -0.023563
0.803481 -0.090242
1.400163 -1.738574
0.574707 -1.258648
-0.593728 -2.065536
-0.465696 0.687659
0.326988 -1.204407
1.138621 -1.968714
-1.021192 -0.675749
-0.057382 -2.098452
0.899419 -2.136453
0.961670 -1.605423
0.269359 -0.676535
0.347355 -1.629344
-0.410923 1.317258
-0.236972 -1.875480
0.614324 -1.276650
-1.692851 -0.883512
0.916267 -1.730828
0.064604 1.704307
0.212336 0.211135
0.675503 -1.726044
0.164532 -0.848242
-0.972540 -0.773719
-0.490236 2.027883
0.031699 1.979367
-0.664958 -1.766824
1.091842 -1.742287
-0.962260 -2.087560
-0.106691 2.195878
1.003582 -2.038524
-0.556844 -0.339517
-0.410056 1.212849
-0.607641 -2.357020
-0.615204 -2.247359
0.835961 -0.088529
0.270714 -0.576652
-0.380761 -2.442471
0.377317 0.472409
-1.669633 -0.890563
0.837920 -2.440701
-0.444014 1.137393
-0.030842 -2.582490
-0.110872 -1.095169
0.248626 -0.253796
-0.069602 1.990850
0.929036 -1.218345
0.075641 1.653410
-1.056009 -0.751551
0.072701 2.124750
-1.127938 -0.980662
1.042218 -1.533133
0.828912 -2.502789
-0.017029 -1.972701
1.225924 -1.638185
0.652391 -1.817971
0.088642 1.953308
-0.466705 2.083698
-0.658351 -2.142279
-1.604762 -0.775444
0.504887 0.158351
0.060037 -1.810872
-0.224291 2.033571
-0.128989 0.187372
0.359681 1.025131
0.840446 -2.396966
-0.759342 -1.897310
0.257166 -1.286973
0.263716 -1.721788
0.113372 -2.265141
-0.320978 -0.641423
0.128062 -0.983525
0.358547 0.225905
-0.691747 0.389452
-1.160413 -0.872609
-0.309013 1.988071
0.703569 -0.860761
0.035837 0.305026
0.200628 -0.943268
0.208795 -1.250272
0.160230 -1.057827
0.908353 -1.442083
0.238514 -0.691206
0.026941 -0.645362
0.513617 -0.510724
-0.466460 1.935285
-0.808515 -2.112361
-1.298638 -0.733520
0.987118 -2.466789
-0.606402 -1.481078
1.098217 -1.597986
0.063158 -1.307617
0.265278 0.267221
0.306490 -0.439733
-0.822304 -2.137000
-0.221023 -1.324401
-0.739818 0.235849
-1.037704 -0.892567
-0.144595 -1.584440
0.484762 -2.073798
-0.707265 -1.948355
-0.472226 -2.350238
-0.409196 1.050208
0.996479 -2.386434
0.043572 -1.854075
-0.406079 1.914837
0.152859 -1.056974
-0.282812 -1.372064
-1.585782 -0.873728
0.025668 -1.558172
0.853598 -0.022090
-0.251920 -0.536354
-0.074451 -1.032977
-0.556533 0.380391
0.118880 0.385926
0.902048 -1.789189
-0.089350 -0.687213
0.248362 -2.044958
-0.247073 -1.329276
-0.007352 -1.974096
-0.323760 -1.329137
-1.498213 -0.789385
