500 2
0.044646 -1.144419
-0.969590 -0.214145
0.861634 -0.444986
-2.196048 -0.312815
2.220053 -0.822331
0.069480 1.316959
-1.506067 -1.079202
2.295705 -0.183126
-0.958035 1.061519
-1.775955 0.309674
1.760450 -0.537400
2.228585 -0.482889
-1.270084 -0.275819
0.618815 -0.159665
0.650086 -0.638407
2.231373 -0.436425
0.981019 0.612963
-1.311052 -0.993040
0.134549 1.106763
-1.289165 0.728820
-1.150711 -0.508243
-0.174151 -0.829401
0.922768 0.622761
-0.028869 0.580863
-1.998880 -0.391395
2.160570 -0.857429
1.300362 -0.627367
1.489234 -0.310130
2.358987 -0.551903
-1.468733 0.635428
-1.241271 0.682007
0.934335 0.715783
-1.572578 -0.464582
-1.345601 -0.212318
-0.567453 -0.159490
-1.881630 -0.291869
1.237508 -0.784588
-1.995813 -0.711760
1.907792 -0.341212
-1.945969 -0.668973
0.061451 -0.134569
0.106156 -1.227284
0.634591 -0.528476
-1.406887 -0.107436
2.207918 -0.217808
-1.137158 0.809657
-0.825534 -0.476118
-0.259685 -0.734181
-1.176284 -0.044985
-0.005279 0.708702
2.123247 -0.766811
-0.637714 0.142969
-0.755626 0.886787
-0.396115 -0.410124
1.563123 -0.246948
-1.606317 0.333999
1.788374 -0.582189
0.286407 -0.036338
2.091509 -0.436899
1.016483 0.627439
-1.225095 -0.105446
0.853401 -0.406115
1.689072 -0.428516
-0.057036 1.287898
-1.217711 0.685241
-1.112198 0.702394
2.362869 -0.313493
-2.007281 -0.260082
-1.160871 0.666903
-1.582570 -1.081319
1.460759 -0.410330
1.187220 0.013066
0.804269 -0.449317
2.175668 -0.172480
0.724321 -0.540660
-1.347968 -0.059427
0.604585 -0.486076
0.207342 0.897506
1.952375 -0.286744
0.568672 -0.458074
-1.187747 0.699162
0.875745 0.565736
-1.155597 -0.626056
0.664310 -0.031942
2.112757 -0.193921
-1.743487 0.670059
0.317835 0.381922
1.746701 -0.531813
-1.795807 0.727600
-0.845101 0.799931
-0.490498 -0.078220
0.156780 1.698824
0.080514 1.623824
0.222240 0.871773
-1.045027 -0.684592
0.487201 -0.620801
-1.761474 0.369904
-1.313336 -0.097970
-1.944957 -0.334873
0.674161 -0.514405
-0.904417 -0.844263
1.210221 -0.542812
-0.522726 0.701759
0.081538 1.040807
-0.069477 -0.470571
-0.689210 -0.488663
-1.794020 0.276115
-0.786693 0.561022
-0.762759 -0.824326
0.188641 0.241478
1.231768 0.081208
0.104785 1.804265
-1.525530 -1.097306
0.078662 -0.989860
1.090603 -0.721817
-0.143759 1.031915
-0.036788 0.335972
-0.902840 -0.036708
0.120409 -0.797420
1.964983 -0.754122
-1.024235 0.851427
-0.551413 0.131767
0.356497 0.309943
-1.792686 -0.727809
-1.780736 -0.130556
-0.686456 -0.866409
-1.166638 -0.212361
-1.796831 0.735143
-0.207496 0.492127
1.308269 0.009797
-1.816470 -0.731980
-0.759111 0.596123
-1.138395 -0.326652
2.372729 -0.283454
0.089129 1.250386
-2.012930 -0.344710
0.048906 -1.266763
0.856537 -0.728910
-1.745637 0.585525
1.821871 -0.326386
0.175376 -0.806793
2.229830 -0.751294
0.704147 0.477307
0.227726 1.270691
-0.776545 -0.836094
1.419465 -0.453444
-0.546372 -0.594192
0.991593 0.737852
-0.738576 0.872105
-1.576867 -1.067053
-1.838844 -0.583274
2.327471 -0.458390
0.970880 0.640900
-1.604942 -1.097103
1.999077 -0.547034
-0.907117 -0.053028
1.465491 -0.208261
-1.213430 -0.953350
0.618211 -0.623601
2.390596 -0.647013
-1.100765 -0.505525
0.046861 1.266603
-0.254005 -0.532553
1.216659 0.110574
0.724341 -0.471780
-1.207050 0.284020
-0.953172 0.099216
-0.294555 0.277076
1.756664 -0.294711
2.445242 -0.118155
-1.211013 -0.444268
-1.837097 -0.454195
-0.903516 1.127280
1.899173 -0.223608
-0.741892 -0.243506
-0.658449 -0.858099
-0.738249 -0.428297
-0.747991 -0.437095
0.124713 -0.696763
1.931056 -0.717432
-0.193491 1.160130
-0.010312 0.389095
-0.922347 1.137933
0.054606 -1.100313
-1.847080 0.635616
-1.083792 0.633345
-0.896964 0.428913
-1.000377 0.758505
-1.740239 0.814547
-1.798401 0.690188
-1.811404 -0.491436
1.042882 0.686293
-0.845704 -0.305440
1.193274 -0.859646
-1.387673 0.627315
0.411062 0.325057
-1.295974 -0.612883
-1.989573 -0.261959
-0.773408 -0.729995
-1.749598 0.755591
-0.002141 -1.003016
0.103423 -1.011893
-1.184412 -0.136896
2.293800 -0.250649
1.823671 -0.412496
2.423558 -0.674873
1.016738 -0.606292
0.013570 1.297023
-1.545354 0.429806
2.041533 -0.863382
-0.968255 1.202485
-1.802646 0.541916
-1.095094 -0.614228
0.003639 1.393085
2.335279 -0.461144
-1.140481 -0.370388
-0.798714 0.994756
-0.714476 -0.166862
1.178090 -0.405947
0.124062 1.853446
-1.223353 -0.632880
0.820398 -0.650876
0.808639 0.484394
-0.037749 -0.548063
0.100646 -1.045714
-0.859410 -0.250831
1.110699 -0.019962
0.216335 0.407154
0.587207 -0.637305
-0.603520 0.260665
-1.427582 0.493340
-0.609622 0.448346
1.050071 -0.673152
1.781629 -0.296936
0.016905 -1.158956
-0.526033 -0.072296
-1.073716 -0.127083
0.775059 -0.288007
-1.524949 -0.455110
-1.143259 -0.090530
0.248910 -0.914909
0.062525 -1.290730
-0.668188 -0.915970
2.352178 -0.611599
-1.965105 -0.300996
2.016450 -0.761375
-1.554364 0.521833
0.225401 1.635443
-1.850269 -0.775723
-1.036791 -0.531718
-1.173234 0.089384
-1.362355 0.700577
-0.420344 0.531114
-1.809488 0.377720
0.327685 0.709076
-1.082679 0.829632
0.907295 -0.315917
-0.434930 -0.419024
-0.953111 0.921629
0.210931 1.543290
-1.767456 -0.432535
0.003876 -1.161860
0.100203 -1.087108
2.403020 -0.096817
-2.234470 -0.305736
-0.592074 -0.229563
0.094954 1.075175
2.212868 -0.379309
2.018839 -0.665501
-1.813084 0.345610
-1.265062 -0.972492
-1.303047 -0.363305
0.217548 1.166840
1.747993 -0.190798
0.675100 -0.560502
0.195171 1.354043
2.462406 -0.110127
-1.905705 -0.698312
2.419105 -0.511020
0.391518 -0.197188
-1.540061 0.659664
-0.196451 0.524118
0.090163 0.697339
-1.533189 0.211540
-1.137052 0.718099
1.024960 0.545039
2.299836 -0.533750
1.210790 -0.826877
-0.903813 0.672712
0.075921 0.844114
-0.767169 -0.813464
-0.793564 0.354166
-0.798625 -0.445928
-0.890046 1.100291
-0.810644 -0.208997
0.237085 1.593322
-1.130733 0.420498
-0.058852 0.273495
-0.179990 0.489813
0.009137 1.283239
-1.508213 0.652170
-0.691002 -0.666794
-1.154080 -0.770194
-2.030158 -0.363954
-1.809683 -0.179539
-1.248727 -0.206474
-0.131126 -0.539906
-0.710991 0.690872
-1.829932 0.772713
-2.239193 -0.287432
-0.675389 -0.481383
1.886912 -0.263524
0.100727 1.118628
-0.727448 0.327469
2.430738 -0.176425
0.043964 1.246783
1.188340 -0.877036
-1.243797 0.615091
1.045224 0.653414
-2.166139 -0.466097
-1.121213 0.070206
-0.213685 1.115861
1.157776 -0.719338
-1.949815 -0.298754
-1.780184 -0.213419
-0.653241 0.349295
2.009834 -0.825790
0.235503 1.596552
0.211002 1.296929
-0.891921 0.155320
-0.585586 -0.480570
2.393734 -0.166088
1.155502 -0.678687
2.102918 -0.895880
-1.596882 -0.581494
0.019529 1.259439
2.347255 -0.477020
-1.462316 0.425555
-1.825437 0.657213
-1.595023 -1.169483
0.027064 -1.177893
-0.230246 1.035388
0.572140 -0.401597
-1.766919 0.153676
2.227411 -0.786119
-1.470938 0.438872
-0.695012 0.669334
-0.964906 0.131869
0.003116 0.334960
0.246033 1.173484
-1.963368 -0.771813
1.210830 -0.930500
-0.074630 -0.506400
-1.620467 0.320810
-0.701990 0.834341
2.223672 -0.692735
-0.515693 -0.328744
0.529526 -0.465795
-2.038866 -0.765938
0.823940 -0.229952
-2.043535 -0.227186
-1.217555 0.611627
0.053076 1.499781
0.021806 -1.172808
-1.312495 -0.787651
-0.976319 -0.030986
0.151010 1.815622
-0.020666 0.325273
-1.083690 -0.050359
1.451223 -0.069335
2.010200 -0.272467
1.031521 0.302848
-0.413335 -0.273137
0.081751 0.806350
0.953707 0.373069
-1.703071 0.658659
0.631972 0.123379
-0.299962 0.506641
0.158122 -0.754213
0.083248 -1.213495
-0.979444 1.214082
-0.691968 0.148282
-1.747762 -0.494804
0.847756 0.006664
-0.684829 0.163813
-0.938688 1.025331
0.062311 1.198428
-1.307622 -0.816312
-1.392912 0.651871
-0.940339 0.740578
-0.387448 -0.413459
-1.099597 -0.431297
1.575201 -0.142315
-1.436449 -0.474338
-0.731369 0.057695
0.135060 1.821318
-1.044185 0.787879
1.791811 -0.685452
0.439617 -0.553521
-1.157501 0.649591
-0.438304 -0.473538
0.029788 0.946020
2.430761 -0.329078
2.220293 -0.738645
-1.916892 -0.253889
-1.026602 0.848084
-2.286482 -0.284029
2.369325 -0.666033
-1.624682 0.797488
0.158058 0.584180
1.520051 -0.103663
-2.089480 -0.629128
-2.055848 -0.534848
0.069297 -1.289407
-0.216962 -0.535153
-1.762573 -0.745166
0.616299 -0.701588
0.106798 1.910497
-1.837593 0.625833
1.436934 -0.109829
-1.645550 -1.176813
-0.682393 0.334119
0.004606 -0.582892
2.238672 -0.632937
-0.556401 0.208863
1.793595 -0.689650
0.143074 1.184051
2.265241 -0.778337
-0.074424 1.293043
-0.757063 0.806872
-1.896479 0.655818
-1.220012 -0.835256
-0.880710 0.976306
-1.132703 0.313630
2.019114 -0.809700
2.412629 -0.328322
-2.076401 -0.436879
0.111560 1.794958
0.254728 -0.887521
-0.984192 -0.392725
2.226101 -0.538185
0.363702 -0.083747
1.217190 -0.830476
-1.768569 0.618946
-1.849610 -0.087273
-0.926506 -0.499861
-1.100082 -0.537842
-1.165892 -0.902148
-0.104698 0.487625
-0.516088 -0.150705
0.466634 -0.504408
0.979465 0.358367
0.159827 1.343146
2.279617 -0.409196
-0.631463 -0.837536
0.476170 -0.241013
-0.557462 -0.291243
-0.687761 -0.341136
-0.373172 -0.362115
-0.667860 0.682081
-0.268284 -0.503429
-0.313455 0.370388
-0.280208 -0.705326
2.327833 -0.268458
-2.065001 -0.343244
0.218442 1.463696
-1.710114 0.680301
-1.059846 0.167026
-0.809861 0.869111
-0.719505 -0.104640
0.496157 -0.571489
-0.287222 -0.451995
-1.992387 -0.360714
-0.590442 -0.221964
0.770590 0.671946
0.049118 1.312205
-1.332186 -0.275508
-1.440028 -0.128831
-1.966851 -0.300333
-1.946904 -0.741460
1.297596 -0.040594
-1.620540 0.791246
-0.968617 -0.606689
2.217166 -0.267993
-0.535124 -0.363809
-0.646953 -0.133342
0.126139 1.740911
-1.020216 -0.283676
0.083855 -1.215129
0.007064 0.489902
-0.614142 0.297614
0.881185 0.329145
0.559118 -0.455074
-1.095167 0.940910
-0.254800 0.396575
-1.456758 0.100025
-0.567528 -0.225314
-1.236377 -0.796405
-0.560184 -0.163584
0.109322 1.617120
