300 2
-0.874931 1.525589
-1.140599 -0.441922
1.077906 -0.994665
1.007900 0.200969
-1.041526 -0.381978
-0.574120 1.600550
0.642079 1.110070
-0.612307 1.367283
-0.613490 -0.733278
0.892464 -0.883038
1.117269 -0.990398
-1.372818 0.735280
-0.223256 0.138882
-1.285177 0.761748
-0.574640 1.600636
0.008380 -0.087966
-1.062164 -0.602573
1.429989 -1.917333
-0.950782 -0.591428
-0.466768 1.437788
1.498533 -1.993890
1.424791 -1.817973
-0.548138 -0.766229
1.228755 -1.062447
-1.271725 -0.166985
-1.373856 -0.462837
-1.048547 0.857863
-1.432237 0.870030
-0.690161 0.520665
1.341105 -1.549697
-0.009325 -0.266618
1.208511 0.371844
0.429129 -0.462297
1.118038 -1.869415
-0.490716 2.597097
-0.676739 1.297941
-1.270701 -0.489516
0.946626 0.439777
-0.738632 1.133789
0.037140 -1.786123
1.399457 -1.803516
0.508685 1.048456
0.256753 -1.280700
1.291971 -1.567838
1.451544 -1.877535
1.050136 -1.773993
-0.989564 2.430938
0.944739 -1.522869
-1.969625 -0.519045
-1.293366 -0.439714
0.588209 -1.705934
-2.579560 -0.511485
-1.149369 0.961391
0.386154 0.537034
-0.898081 2.572172
-0.657065 1.657048
0.029116 0.015011
-0.607335 -0.430441
0.960405 -1.872160
-1.826482 2.433134
0.350836 -1.192081
-2.585443 -0.522981
-0.656440 1.515805
-2.625633 -0.546580
-1.138692 -0.466372
-0.590926 2.861191
-1.193396 -0.632937
-1.676032 -0.505897
-0.564288 2.572808
-2.625937 -0.643307
1.159135 -0.975095
0.347141 0.728482
0.317154 0.726760
-0.631802 2.600748
-0.733922 1.278917
0.102723 -1.933581
1.184291 -2.006380
0.265512 0.016648
0.166557 0.403526
-1.116375 1.298608
-1.202672 -0.615094
-1.012390 1.987152
1.028500 0.496498
-1.018557 1.984157
-0.510458 0.825319
-1.041781 1.421475
-0.063438 -0.045383
1.056482 0.531247
-0.591318 -0.062368
-0.698736 0.423343
0.381718 0.687766
-0.461339 -0.742395
-2.647789 -0.700547
-1.680199 -0.229585
-1.645008 2.427701
-1.671753 2.469022
-1.869768 2.570888
-0.590693 -0.815807
-0.476878 2.963299
-0.585629 2.281001
0.063897 -1.949311
0.752680 0.376176
-0.803229 1.749801
-0.528937 2.412903
0.809487 0.471673
-2.079180 -0.546688
-2.638089 -0.491386
-1.844562 -0.309275
-1.970699 -0.437007
1.108589 -1.003438
1.318914 -1.689916
-1.130284 -0.619708
-0.112786 0.004106
-1.209875 -0.196227
0.074047 -1.942729
0.890602 -0.818185
0.298857 -1.629320
0.969082 -1.916275
0.341400 -1.784744
-0.591273 -0.550997
1.206098 0.415138
-0.233118 0.013505
1.096842 0.217817
1.214566 0.341247
-0.819078 2.686757
-0.811463 -0.742582
-0.704396 2.817948
-1.336586 -0.456944
-0.470675 -0.817839
-0.593142 1.692448
1.482797 -1.966965
0.094182 -1.861164
-0.809128 1.405010
1.051396 0.490886
1.065753 0.506902
-1.294330 0.792228
-1.643755 -0.563862
1.239178 -1.996542
-0.542446 1.281608
-1.122674 2.321270
-2.135013 -0.528336
0.356772 0.632299
-0.540103 2.593235
-0.789151 1.243122
-1.907332 1.265246
0.334347 -1.399790
0.991961 -0.925155
-0.015506 -0.192483
-2.168707 -0.538374
-0.569568 2.870353
-0.895612 -0.292123
-0.694288 1.207154
-1.132017 -0.440191
-1.624927 -0.521316
0.024082 -0.364050
0.363567 0.044075
-0.654545 2.626465
1.220333 -1.751116
-0.403992 1.310313
-1.793936 2.572501
-0.388870 1.305455
1.227953 -1.889540
-2.401088 -0.574591
-2.605674 -0.642913
-0.895560 1.649543
-0.578312 2.930906
-1.893770 2.564805
-1.635453 2.479853
-1.725609 -0.305768
-1.722991 -0.558883
0.412632 1.198326
1.311105 -1.551350
1.064502 -0.834215
-1.730308 -0.231819
0.645221 1.104872
-0.386346 1.340340
0.447686 0.772978
-1.135769 0.285885
1.039250 0.241503
1.056928 0.269852
-0.475244 3.043336
1.216406 -2.063435
-1.561419 -0.385270
-2.619972 -0.514386
0.275672 0.960821
-0.375457 1.332173
0.354568 1.264112
0.106932 -1.563450
0.184348 -0.442322
-0.461843 3.048628
-0.709751 2.533916
-0.570715 0.788790
-1.215379 -0.663536
-0.174989 0.063561
-0.752266 -0.171251
-0.427671 -0.156445
-1.592521 2.526931
-1.070808 0.865742
0.770488 -0.774518
0.522626 0.878371
0.432134 -1.656345
0.859661 -1.756559
0.577406 -0.833347
-0.528847 1.533592
1.268052 -1.654531
-1.696014 -0.594680
1.265717 -1.952537
1.234084 0.177963
-2.586194 -0.637115
-1.454721 0.836097
0.301447 0.726608
1.330087 -1.258671
0.385797 -1.600325
-1.132818 0.053875
0.122437 -1.687193
1.130152 -0.994588
0.294619 -1.193726
-1.260289 0.764129
-2.628287 -0.485057
1.254539 -1.701753
-1.103064 2.409417
-1.861520 -0.298623
1.086526 -0.868216
0.300221 -1.250380
-0.674303 1.183283
-0.806631 1.576244
0.148620 -1.674816
1.014080 -1.904959
0.318086 -1.277156
0.483018 1.086734
0.550898 0.303547
-1.624232 -0.203965
0.298566 -1.733005
0.286953 0.059509
-0.627559 0.855374
-1.085039 2.217334
-0.811894 -0.061166
-0.931145 1.357187
-0.752297 1.324172
0.555954 -0.862171
-1.405741 0.830618
-0.822783 2.499694
0.098203 -1.925024
1.313418 -1.412278
-0.916481 2.563087
-0.833498 1.631453
-0.724813 -0.633440
-1.547909 2.450324
-0.902632 -0.177650
-0.923412 2.533719
-0.874811 -0.649698
-1.024906 -0.564228
-1.083180 2.383934
-0.567286 1.542647
0.148479 0.019567
-1.060008 2.314356
-0.020443 -0.321312
-1.751203 2.441039
-1.870829 -0.568794
-1.807544 2.572913
0.609116 0.529664
1.091571 0.437993
0.120182 -0.490277
0.002571 -0.273616
-1.019067 2.472251
1.274747 -1.169595
1.129161 0.186625
-1.237334 0.894161
0.989104 0.229477
-1.039892 0.530878
-2.080991 -0.487064
0.618349 1.060654
-0.594537 2.862166
0.186837 -1.330672
0.587526 -0.811529
0.433843 0.847185
-0.746463 2.673336
0.243317 0.523394
0.716130 -0.787924
-2.551377 -0.609991
-1.046740 -0.450602
-0.676940 2.073850
0.503297 1.026531
-0.075632 -0.336777
-0.465962 2.797560
-0.157011 -0.036881
-0.451548 2.651843
0.354537 -1.768538
-1.722040 2.428757
0.411890 0.477116
-1.808433 2.306466
-1.048550 1.102415
-0.631095 0.221009
1.160256 0.231024
-0.173360 0.048986
-0.936564 1.506582
1.421299 -1.898955
0.319998 1.265554
-0.916723 2.098157
-1.497490 -0.396430
