1000 2
-0.138660 -1.181092
2.545721 0.228751
-0.897311 -0.332174
0.145885 -1.801798
1.337124 -1.637835
0.214232 0.315607
-1.016346 1.933327
2.165593 -0.278908
-0.429717 -1.789485
-0.759527 -0.050399
-0.171811 2.840070
-0.186852 0.813540
2.233972 0.577872
2.070628 -0.274887
2.112079 -0.261057
1.428870 -1.315978
1.838294 -0.487590
-0.761909 -2.129055
0.602212 1.948753
-1.272359 -0.342068
1.394636 2.834404
0.281645 -1.213347
-0.117231 1.161576
1.255489 -2.078948
2.661602 0.014483
0.187399 0.351309
0.214523 -2.460297
0.992145 -1.940845
2.279559 -0.787206
0.741479 1.000912
0.399082 1.233356
0.799163 0.937226
0.092681 1.541697
0.621410 -1.957730
-0.184939 1.868354
1.528888 0.200954
-0.379025 2.950485
1.914029 -0.113573
2.383676 -0.970294
0.148531 2.378298
1.647535 -0.952651
1.580066 -0.397674
0.514848 1.265567
1.196494 2.680198
1.932233 -0.284473
1.295436 2.594297
1.629967 -0.243638
2.508284 -0.006406
-0.371572 2.925114
-0.033400 1.497826
0.609461 1.239941
-0.289319 -1.683604
-1.372030 2.210299
-0.451106 -0.449210
-0.788016 -0.366485
0.506430 1.771791
-0.071947 -0.949618
1.335312 0.119744
1.322610 0.246819
0.108092 0.314866
-0.239029 1.890080
-0.003068 -1.005536
-0.353941 -2.417881
0.185773 2.463423
0.982717 -1.943511
0.891307 2.393193
2.081446 -0.128661
0.195038 -2.401233
1.292603 -1.482762
1.145658 -2.237224
-0.401237 2.979390
0.263570 -1.357959
-0.261710 -1.053739
2.411386 -0.984065
2.527426 0.061574
1.747231 -0.770765
0.265566 1.742117
0.008566 3.132079
0.298439 1.317616
0.078455 -1.658630
-1.236363 2.229394
1.864781 -0.134538
-1.393574 2.329503
-0.676248 -1.096159
1.490593 -2.135080
2.740359 -0.064911
-0.682850 -0.529810
-0.091656 -1.356695
-1.459026 2.326447
-0.950108 -0.241416
0.197433 2.539105
1.344116 2.890552
1.192293 0.246522
-0.184222 1.158012
1.358223 -0.105899
1.051957 2.502333
-1.190131 -0.355209
-0.074302 2.707261
1.626281 0.468466
1.521552 0.478871
0.085435 1.329934
-0.095118 2.519117
1.869075 -0.050208
-0.459701 -1.663903
1.897277 -0.032598
0.368763 -2.154402
0.318504 2.616100
1.501337 -0.142209
0.162638 2.494900
2.490258 0.388584
0.073340 1.486926
-0.198041 0.687967
1.912318 -0.269348
0.983515 -1.939534
-0.727396 1.626070
1.226776 0.063300
0.538163 2.739787
1.088149 -2.117140
-0.227595 1.822074
0.703594 1.881380
-0.009746 3.171497
-0.939241 -0.252896
0.803795 0.917228
0.901819 -1.301177
2.144551 -0.252697
1.095451 -1.377490
0.908045 2.064812
1.202071 -1.436382
1.414465 2.943172
1.436671 0.169599
-0.106274 1.266234
0.187117 -1.140585
1.308630 -1.422609
1.545502 -2.259964
0.204347 0.354793
2.276719 0.038991
-0.259549 1.414560
1.318010 -0.320937
-0.150337 1.816731
-0.916892 -0.299011
-1.696480 -0.331011
-1.918720 -0.397185
1.880791 -0.022102
-1.835775 -0.298547
1.493835 -1.722508
-0.793308 -1.740057
0.231080 1.268273
-0.738652 1.633987
1.647454 -2.087930
1.139996 -1.675396
2.473978 0.357057
1.310055 -2.181180
2.131623 -0.545111
2.578189 0.207240
1.416570 2.720086
-0.146277 1.665313
-0.578643 -0.817605
2.737718 0.263787
-0.094594 0.186844
2.794410 -0.065533
-0.026448 -0.734088
-0.452262 -2.378948
2.305481 -1.052404
1.392309 2.892950
-0.279570 -1.076955
-0.476482 -0.428311
-1.185093 -0.638087
1.192361 0.232941
1.481318 0.420308
-0.312806 -1.513192
-0.099903 1.274734
-0.223556 -1.475754
-0.492229 -1.131427
-0.284385 -1.002150
1.378807 2.643838
1.109259 -0.169490
-0.750377 0.389678
1.899620 -0.157182
-0.566549 -0.519326
2.176511 -1.052798
-0.108300 1.612062
-0.861356 -1.131817
1.482693 -1.223974
0.108762 2.614649
1.141337 -2.330088
0.307693 1.607474
-0.503029 -0.710699
-0.110963 0.853713
0.126913 2.349852
-0.848448 -0.400046
0.107538 1.376781
-0.223996 0.610976
1.313352 -0.374939
-1.357194 -0.761517
0.135649 1.246309
1.977526 -0.074107
2.577166 0.001748
1.459409 -1.703875
-0.207505 1.944095
2.386961 -0.141731
0.416590 1.265292
0.903738 2.395983
2.232946 -0.912481
2.490206 -0.126608
-0.100251 2.320594
2.513772 0.343181
-0.104192 1.540014
-0.787234 -2.190822
1.471101 0.222856
-0.222465 1.429203
2.037251 -0.233941
2.216207 -0.656597
2.177100 -0.691107
0.129217 -1.386610
-0.265628 1.252802
-0.055523 2.871911
2.267957 -1.046021
-1.273866 -0.302122
-0.768396 -1.856185
1.355755 -0.374026
-1.273871 2.181458
-0.388269 3.024732
-1.468073 2.357241
1.308726 -0.008150
1.659440 -0.430476
-0.693154 0.475045
-0.063748 -0.958848
-0.178213 0.925798
-0.301622 0.932554
-0.929639 -1.119765
-1.152277 2.266562
0.004129 -0.386615
2.189894 0.197302
0.065620 0.472072
-1.402100 2.324166
1.851055 -0.093051
1.071612 -1.261383
-0.039140 2.109342
-1.111729 -2.370469
-0.085544 2.387493
-0.559182 1.543596
1.226022 -1.624135
-1.316445 2.141160
1.575354 0.381210
-0.763407 -0.431267
1.519902 2.616662
-0.773086 -0.642821
1.176005 -1.418497
0.041517 2.581842
-1.258677 2.139941
-1.330452 -0.285362
0.591605 2.565725
2.172182 -0.595203
1.062470 -1.791284
0.543495 2.743140
-0.400522 2.988480
2.840104 -0.115558
0.535440 2.708418
-0.509928 1.289190
-0.050210 -1.008839
-0.886161 -0.912829
-0.714075 0.406816
-1.971297 -0.362059
-0.066255 2.599022
-0.141364 0.635858
-0.729862 1.773417
0.983362 -0.262526
1.735920 -0.550448
0.138367 -1.465424
1.362610 2.613611
0.571307 1.878882
0.580519 1.147514
-0.292229 1.334645
1.572355 0.516742
1.092651 2.535225
0.349615 -1.349095
1.956945 -0.277883
-0.774301 1.642212
-1.025522 -2.327323
-0.832114 -1.031706
0.127581 -0.956901
1.594599 0.523053
-0.199050 1.786248
-0.417827 2.969203
1.424222 0.189126
-0.340381 -0.986779
0.793583 2.343272
2.267556 0.489087
-0.947713 -2.261957
-1.896595 -0.365828
0.127782 -1.818247
1.032237 -2.045538
1.882888 -0.426536
2.381952 -0.974588
-0.110859 0.307360
-0.893167 1.855123
2.760531 0.316747
0.114289 -1.126247
-0.805342 -0.437450
-0.566331 1.326944
0.304630 -1.855904
-0.864910 -0.506355
0.192834 1.526062
1.424219 -1.179481
0.191927 -1.191703
-0.882119 -0.497135
0.191526 0.366568
1.368331 0.365189
1.511853 -1.724591
-0.933169 -0.255502
-0.536927 -1.932811
0.850906 -1.356516
1.550236 -1.110737
-0.432445 1.474524
0.223108 -2.552179
0.250713 -1.904577
0.144244 2.545081
-0.924643 -2.254838
-0.363304 -1.408905
1.397244 2.765680
-0.299281 1.897094
1.507368 -0.373426
-1.220329 2.119439
-0.146650 1.257875
1.390185 0.142626
0.034988 -1.189138
1.441550 -1.384060
-0.359001 -1.802660
1.495306 0.521845
0.028437 -1.021868
-1.215181 2.123224
-1.894541 -0.305158
-0.165113 1.564958
1.236508 -0.320847
1.437145 -0.312892
1.395202 -2.150806
-0.051002 1.613395
0.956879 0.796144
-0.125482 1.250006
1.220559 -0.378477
-0.406845 -1.803851
1.891834 -0.012724
0.553314 2.743174
1.508702 0.317549
0.529229 -2.048451
1.132031 -0.081609
-1.153473 -0.674362
0.923674 -2.032856
-0.241613 -1.425010
-0.385120 0.760563
1.784086 -0.574006
1.953648 -0.173026
0.409291 0.250411
-0.258916 1.218898
-1.124570 2.257197
-2.042341 -0.404504
2.460259 0.381723
-0.163478 0.481945
1.484748 0.511644
2.858520 -0.065571
0.273023 1.717580
1.343015 2.579419
-1.940426 -0.370844
0.240072 -2.659164
2.524729 0.344380
0.780451 -1.786070
-0.115531 1.485389
-0.214024 -1.090565
-0.134660 1.656408
-0.933233 -1.113678
-1.718780 -0.493426
1.067745 -2.034380
1.911711 -0.455047
1.896918 -0.483305
-1.210987 -0.334864
1.164354 -2.348567
-0.308839 1.467578
1.271642 -2.108063
0.571943 1.274721
0.962150 -1.529854
1.223622 -1.447974
-0.419127 2.962472
-0.200094 0.849713
-1.370272 -0.763391
-0.742244 0.441097
1.273398 -1.462794
-1.223415 -0.390947
-0.410467 -1.717557
1.625303 2.663513
0.173508 1.638381
1.856273 -1.263843
-0.249353 1.762475
0.551927 2.735279
-0.730570 -0.613527
1.152940 -2.393388
-0.429033 2.996772
-0.301790 1.327655
-0.017945 3.184288
1.758926 -0.490722
-0.364104 -1.832613
-0.760339 -1.829105
-0.627432 0.200813
-1.388514 2.033982
-0.830694 -0.621050
2.186250 -0.111841
1.203383 2.670792
-0.918596 -1.077764
-0.938941 -0.236158
-1.023034 -0.544166
0.628562 2.073083
2.646916 0.090005
0.178031 -2.354543
0.438774 2.706652
-0.585203 -0.638501
-0.513939 1.653595
0.178123 -2.002614
-0.057134 -0.506545
-1.116345 2.306872
0.182381 -2.094530
0.230837 1.575218
0.254733 1.302189
2.462406 0.374269
1.703037 -0.505429
-0.893643 -0.364386
-0.898719 -2.040854
-0.313180 -1.790428
1.579256 2.642823
0.056253 1.051950
0.005232 0.821960
-0.892275 -0.458166
-0.649275 -0.538578
0.130645 -0.204766
0.316441 1.147478
-0.133682 1.165225
2.311279 0.362765
0.934279 2.598680
0.249078 -2.634056
1.850654 -0.128439
-0.420632 3.004875
1.523956 -0.304462
1.151311 -1.837214
-0.609617 -2.446084
0.127913 0.331668
-0.236135 -1.475786
1.553982 -1.911412
1.384308 -0.163874
1.215645 -0.264376
-0.218374 1.947593
2.061707 -0.450820
-1.499547 2.378924
1.666586 2.670091
-0.718687 -2.392207
-0.217236 1.855323
-2.048888 -0.399385
1.169460 -2.325461
0.224534 1.577133
-0.690196 -0.759375
-0.060626 0.070630
-0.004591 -1.145485
-1.499522 2.130147
0.028341 0.707890
-0.418740 -0.427850
1.516150 -1.456983
2.114721 -0.295501
0.037884 0.660709
1.472450 -2.186300
-1.460065 -0.799315
2.192162 -1.115974
-0.651672 0.442282
0.046860 1.245697
1.340468 -1.662644
0.038234 0.656363
1.557924 -2.292620
2.229229 -0.697693
-1.251723 -0.336279
0.789822 2.344912
0.555322 1.183862
-1.004242 -2.300988
2.551322 -0.130575
-0.080006 -1.518296
0.939997 -2.051314
2.204848 0.438256
1.435982 -2.228569
-0.691364 -2.446728
0.292305 1.590201
-1.767630 -0.308766
-0.671450 1.306025
-1.950992 -0.447046
-0.918739 -0.302736
-0.700898 -2.311333
0.085153 0.367840
0.083825 -2.282882
-1.799476 -0.313976
1.395981 2.887157
0.067293 1.754500
-1.415242 -0.808738
-0.488095 -2.495901
2.369163 0.103245
-0.668750 1.308418
1.501102 -0.077664
0.886801 -1.271981
1.336729 -1.284371
-0.981956 -0.226637
-0.021382 3.185344
1.213904 0.037632
-1.192819 -2.432474
-0.893521 -0.971759
2.017770 -0.291452
-0.401293 -1.676165
-0.425401 -2.401848
1.011397 2.493250
2.383188 -0.985399
1.164285 2.598677
-1.464122 -0.807463
-0.847211 -2.186110
1.365273 -1.530623
-0.494634 1.242216
2.476564 0.189039
-0.899805 -2.075540
2.269604 -1.063701
0.266584 -1.180758
-0.021451 -0.446839
2.551338 -0.146783
-0.702329 -1.689044
-1.109656 2.315773
0.279908 1.290904
1.944250 -0.415456
-1.435806 -0.820681
1.347181 -1.426054
-0.366242 -0.970869
-0.999392 -0.204126
0.071469 -1.239440
0.252556 -2.706608
1.246655 -1.546349
0.179122 -2.260817
-0.283797 1.393432
-1.478901 2.086880
-0.443452 -2.498125
0.324939 -1.397258
1.573421 -2.316857
-0.847063 -0.586297
-0.657334 -2.023258
-0.302792 1.914566
-1.471779 2.137408
-0.201285 -1.128066
0.080284 0.569833
-0.186014 1.940734
-0.148563 1.646630
2.876553 -0.118944
1.911698 -0.140925
1.868989 -0.475343
0.015353 3.005583
2.618304 0.216461
-0.347802 0.935652
-0.419313 2.978309
2.395770 -0.999774
0.168494 -1.897388
1.859904 -0.103142
0.612484 1.198202
-0.075598 1.616645
0.892679 -1.977129
-0.342180 -2.534963
1.343174 -1.751796
-0.705008 1.622544
0.914925 -1.949203
-0.953446 -1.140749
0.489332 1.271564
-1.510500 -0.324004
0.041916 2.605799
1.613869 -0.965413
1.503006 -2.149497
-0.955731 -2.255279
1.832224 -0.531437
-1.121838 -2.364979
0.009117 3.162752
1.113711 -0.228534
-0.024631 -1.251885
0.485974 2.740124
0.621223 2.516902
0.531673 2.743957
0.547514 -0.258059
2.101568 -0.153293
-1.185434 2.108573
0.090921 -1.705504
0.157601 2.518763
1.645393 -2.119226
1.427703 -0.042626
1.419107 -0.116774
-1.308726 -0.322696
2.671131 0.057789
-0.110920 1.694386
-1.495269 -0.330423
-0.221562 -0.477885
-1.235787 -2.458573
1.042524 -2.183721
2.801615 0.334113
-0.348618 -0.951149
1.463992 -2.157621
1.121497 -1.266954
-0.209629 -1.625814
2.621909 0.130366
-0.431296 1.259621
0.206099 -2.384061
-1.454154 -0.789092
0.753172 1.899209
2.575883 0.023554
0.643313 1.931416
1.597435 -2.045106
-1.236236 -0.752356
0.648681 2.079518
-0.739140 -0.439911
1.956076 -0.189835
0.000168 2.939119
-0.083356 1.579316
1.947657 -0.269808
-0.086637 1.701303
-1.945314 -0.355614
-0.173154 1.478149
0.035405 0.844565
-0.307289 -1.770925
-0.798063 -2.237243
-0.137030 1.454958
0.804374 -1.821532
1.427751 2.627886
0.675834 -2.041561
1.385031 -1.385498
-0.799423 -2.133280
0.526422 -2.057030
0.587658 1.935175
0.150533 1.321304
0.964151 -1.985886
1.470214 -1.410439
1.215907 -0.367671
-0.812083 -2.226248
2.351879 -0.993409
-1.289008 -0.744244
-0.218316 1.260378
-0.541086 -1.467969
0.235319 1.733976
-0.528383 -1.894729
-0.781885 -1.032363
2.602501 0.251309
-1.447055 -0.803675
1.586800 -2.093926
0.180044 -2.332613
2.434442 0.392057
2.116985 -0.133291
0.177017 -1.124048
-0.318312 -1.512989
0.544164 2.715636
0.817509 -1.239591
-0.424320 2.968731
1.233721 0.065265
0.985159 -1.231246
1.464627 -1.424435
-1.452962 2.354087
0.152340 0.393120
1.555295 0.506048
0.887831 0.870260
-0.048326 -1.384604
-0.209250 -1.136827
2.583742 0.217183
0.004388 0.842742
-0.099372 1.244605
1.418754 3.028647
-0.599616 -1.938348
0.107061 1.026912
2.505877 -0.026230
1.722421 -0.658125
-0.951446 -0.217508
0.230505 1.295776
1.085060 -1.749384
-0.484832 -2.457366
0.595786 -1.641542
1.227317 -1.591271
1.337356 -0.396836
1.335727 -1.462675
-0.129939 1.237403
1.225225 -0.328154
-0.718392 -0.444870
-0.908526 -0.776174
1.616904 -2.095731
-1.780639 -0.428109
-1.257913 -2.468622
0.858807 -1.247495
-1.283662 -0.296815
-0.707933 -2.107290
-0.363954 -0.967044
1.949475 -0.352774
1.951400 -0.253499
0.056736 1.068980
0.561683 1.893443
1.075126 -2.129182
1.106178 -1.425853
0.999039 -1.981609
0.843928 0.901462
-0.966173 -0.447588
0.781288 1.888861
0.288200 1.296824
-1.394899 2.309494
-1.409335 2.349093
-0.784315 -2.143703
-0.740920 -2.343029
1.517187 -1.761211
-0.745033 1.648293
0.104127 1.213649
1.163013 0.277296
-0.110213 2.293454
2.565351 0.244205
-0.079200 1.349847
-0.772592 -1.781055
-0.798869 0.177171
1.860712 -0.124339
-0.979150 1.907642
2.549457 0.342168
-0.861332 -2.323040
-0.326548 -2.518677
2.838424 -0.122705
0.344650 1.287867
1.343671 -1.717174
0.965400 2.002550
1.002117 -2.224117
-0.372367 2.939121
0.547254 2.746568
2.792009 -0.088464
-0.791802 1.651548
-0.174589 1.701381
-0.486113 -1.842098
-0.897126 -2.018531
1.393254 -2.254924
0.482611 2.728627
-1.192676 2.121154
-0.939997 -1.130653
-0.758475 -2.313793
0.945046 2.009145
-0.302037 1.112786
1.567749 -2.215042
-0.540589 -1.896287
0.000916 -1.132027
-0.345856 0.835024
1.932873 -0.250306
2.781075 0.322530
-0.045261 -1.451230
1.510840 -1.178572
2.341632 -1.013622
1.300281 -1.689097
-0.633871 -2.054722
-0.736946 -1.749980
0.013949 1.515003
1.516239 -1.693493
-0.826109 -0.356245
1.611362 -0.981220
1.245365 0.051303
-0.891679 -2.215464
-1.332259 -0.328420
1.889108 -0.443425
0.027716 -1.582273
-0.116321 1.764877
-0.252487 1.882800
-0.814202 -1.037247
-0.331380 -0.852422
-0.187200 -1.276620
1.424461 3.029430
-1.265221 -2.470985
-0.036033 1.313853
-0.030216 -1.449321
-0.362218 -2.561967
1.644539 0.120251
1.004702 -1.666068
0.569147 1.199513
0.020159 1.374242
0.097513 0.521744
1.488903 -1.722491
-1.251404 2.087145
-0.507010 -0.895856
-1.433812 2.277056
1.517859 0.491241
-0.227749 -1.058485
-0.076021 1.407425
0.802728 0.924027
0.022805 2.960330
-1.287824 2.239759
0.188602 1.301726
0.124427 1.541732
-0.449864 -0.410259
-0.093809 1.481923
-0.032628 1.635927
0.420777 1.252848
-0.900695 -2.187487
-0.283855 -1.058339
-1.178390 2.108894
0.295233 1.738871
1.255619 -0.376128
1.347060 -0.289507
0.945055 -1.534988
0.259463 1.261730
0.444617 1.729253
-0.065229 -1.345231
0.503531 1.272493
-0.562454 -2.484889
1.295094 2.835184
1.266317 2.587901
0.198465 1.683098
0.939137 -1.242131
1.707548 -0.675437
0.081085 1.380575
0.052237 3.079043
0.072260 1.457441
1.426567 -1.382978
-1.967504 -0.434171
2.576102 -0.166987
-1.890496 -0.290416
0.759154 -1.279158
-0.350976 -0.937104
2.537242 -0.113756
1.543755 0.342006
-0.877893 -2.119444
-0.623931 -0.836946
1.369135 -1.582404
-1.365695 2.149251
0.780812 1.908829
1.154107 2.604316
1.367644 -1.579886
1.346934 2.561947
-0.729492 -1.853040
-1.694009 -0.307424
-2.001217 -0.399575
1.581232 -2.362354
-0.109301 -1.070197
-0.290930 -1.766922
-0.757252 0.419503
0.241197 -2.634921
-0.216321 1.333835
-0.763612 -0.719808
-0.541196 -0.452744
-0.174622 1.324222
0.172800 2.410634
-0.077208 -1.207876
1.019007 -2.234757
0.261494 -2.728610
1.362968 2.565056
-0.167784 1.487701
1.338823 -0.105865
1.327361 -1.617450
1.637786 -2.116987
-0.836204 -1.949776
0.328090 1.738415
0.064841 1.532464
1.058009 -2.192862
1.380778 -0.136334
1.022553 -1.621288
0.070704 1.487526
-0.195190 -1.158205
1.349136 2.937119
1.534779 0.493672
-0.876641 -2.180644
-0.081044 1.590553
-0.722671 1.295611
-0.188621 -1.135148
-1.460052 -0.793999
1.376952 0.300393
0.156422 -1.284467
-0.046554 -1.300287
1.234283 0.024266
0.053901 1.434075
-1.093103 -2.369552
1.397120 -1.356250
-0.445328 1.336733
1.310220 -1.488619
-2.040002 -0.414192
-0.700291 1.287943
0.688962 1.054348
0.057490 3.165065
-0.739998 -2.360745
-0.426169 -2.484341
-0.977910 -0.206188
-0.454159 -0.407015
1.438228 2.588101
0.110364 -1.351752
-0.743103 1.303633
-1.350857 2.168550
-0.244071 -1.316229
0.055455 3.115552
-0.753847 -1.733699
-1.367030 2.138845
0.122746 2.651551
-0.349777 -1.743932
0.495144 -1.279743
0.167023 -2.321991
0.768111 2.220253
-0.388686 -0.927161
0.189016 1.335456
0.203324 -2.179311
0.254698 -1.332762
-0.524892 -1.906602
1.368572 -1.624570
0.659216 1.853979
1.656652 0.515001
-0.250640 1.897735
0.871546 0.101190
1.064750 -0.144190
1.910722 -0.079215
-1.894962 -0.288176
-0.821969 -2.113600
0.243105 -2.601177
0.086922 0.511130
-0.234354 1.213977
0.689913 -0.443614
2.034593 -0.400084
0.567245 1.218951
0.469185 2.408386
1.974363 -0.308463
-0.854713 -0.871730
1.168762 0.328269
-0.714064 -2.106495
1.068519 -1.248994
2.251041 0.278885
0.192424 2.545343
0.346208 -1.426071
-0.625446 -2.111333
1.121194 2.604753
1.334723 2.640414
-0.160344 -1.190234
1.949076 -0.144323
1.468607 -1.406090
-0.291343 -1.794355
0.355925 -1.538462
1.370157 0.353746
1.530961 0.313364
1.152664 -2.350324
1.636725 2.667268
1.496425 0.550154
0.997086 -2.023549
2.172012 -0.281855
-0.998625 -0.553154
-0.581513 -2.093163
-0.016918 1.396757
1.413042 2.931103
0.086346 -1.197389
2.268398 -1.042188
-0.230681 1.354111
-1.191519 -2.420879
1.625015 0.457139
-0.020155 3.195542
0.121114 0.459567
-0.049789 -0.857121
2.792708 0.334278
-1.115163 -0.723391
-1.179538 -2.419702
-0.189937 1.576866
0.976246 -2.004254
0.896779 -2.034552
2.323985 -1.050747
-0.036281 -1.395945
0.566344 1.215430
-0.055215 -0.920924
2.787726 -0.115714
-1.029576 -2.358840
-0.924199 -0.827379
1.609072 0.559950
1.468092 -1.304205
-1.080362 2.010431
1.689186 2.675287
0.020933 -1.514837
-0.242860 1.863232
0.222726 -2.401142
-0.960436 -0.338186
1.571663 -2.113051
1.315926 2.641759
-0.429136 -1.764274
-0.959169 1.998532
1.558046 -1.385164
0.103780 -1.918867
-0.179554 -1.202186
-0.395273 -1.404240
-1.198425 2.292516
-0.136723 -0.852456
-0.149850 0.622165
0.408214 -1.465066
1.505361 -1.419837
1.455384 2.592660
-0.186380 0.573333
-0.010117 0.606362
0.185169 -2.305016
-0.192680 1.437454
1.535478 2.655916
1.235515 0.052267
-0.288426 1.893187
-0.694956 1.599250
0.598880 1.142681
-0.347036 -0.995681
1.894398 -0.101398
2.460721 0.413301
0.000376 -1.121087
0.765347 1.892575
0.263434 -2.724164
-0.135489 0.276359
0.896000 0.874090
-1.233595 2.258030
1.165962 -0.303850
