500 2
0.355510 0.810631
-1.004573 0.496734
0.951972 -0.079158
-2.008394 -0.262095
2.151454 -0.412494
-0.804151 -0.869118
-2.005738 0.739623
1.906784 -0.973207
-0.793674 1.746966
-1.867196 1.194336
1.775633 -0.418496
2.108415 -0.743488
-1.105650 0.692488
0.460790 -0.320970
0.656464 0.071402
1.978681 -0.757115
0.475027 -0.983054
-1.943574 0.781958
-0.518992 -0.881936
-1.182231 1.507333
-1.225626 0.723713
-0.093829 0.579432
0.524232 -0.958345
-0.435419 -0.548060
-1.925690 -0.088828
2.193169 -0.384739
1.267878 -0.151466
1.389299 -0.555447
2.247467 -0.736928
-1.572370 1.245904
-1.146840 1.366906
0.468609 -1.003098
-1.741238 0.195424
-1.331992 0.833664
-1.144814 0.051373
-1.614520 -0.196014
1.409630 -0.048749
-2.041394 0.185429
1.714178 -0.545107
-2.116771 0.240951
0.035471 0.026751
0.362390 0.869098
0.633718 -0.086874
-1.448379 0.121668
1.909351 -0.967737
-1.058707 1.602390
-1.027215 -0.005374
-0.159245 0.547831
-1.007240 0.798465
-0.531722 -0.667024
2.161490 -0.339688
-0.717560 0.938257
-0.646718 1.542237
-0.336251 0.457895
1.230088 -0.693071
-1.582932 1.177367
1.773207 -0.368583
-0.003575 -0.285906
1.956544 -0.610745
0.541325 -0.971732
-1.305154 0.254648
1.021271 -0.208289
1.643488 -0.481870
-0.852286 -0.855284
-1.119050 1.307336
-1.118416 1.384990
2.153115 -0.930251
-1.753718 -0.170820
-1.085831 1.390218
-2.069314 0.710796
1.398843 -0.421970
0.817418 -0.528746
0.661147 -0.001047
1.814323 -0.904744
0.775924 -0.094307
-1.432579 0.291769
0.657530 0.070688
-0.410281 -0.717366
1.755426 -0.793433
0.653650 -0.027177
-1.189281 1.427567
0.369721 -0.914715
-1.386522 0.674304
0.496799 -0.249154
1.751055 -0.827529
-1.640842 1.438977
0.146119 -0.453405
1.674211 -0.380692
-1.823449 1.560613
-0.753927 1.379278
-0.669549 0.345434
-0.759562 -1.359737
-0.773613 -1.281621
-0.192215 -0.678231
-1.458049 0.483213
0.619621 0.048486
-1.834524 1.314772
-1.427726 0.155170
-1.816811 -0.152976
0.622466 -0.071024
-1.813001 0.736343
1.249021 -0.260967
-0.455392 0.044068
-0.462733 -0.752398
-0.035946 0.317320
-0.733128 0.723165
-1.805546 1.227744
-0.888555 1.244545
-0.639363 0.735169
-0.414519 -0.299978
0.657672 -0.613112
-0.827426 -1.415539
-1.945285 0.626890
0.217949 0.663625
1.205994 0.024766
-0.728794 -0.673205
-0.464267 -0.148066
-1.224211 0.324701
0.374537 0.527119
1.999840 -0.329763
-0.979818 1.615097
-0.632390 1.026216
0.300863 -0.421350
-2.194931 0.401062
-1.761856 -0.178484
-0.522529 0.764838
-1.062930 0.724070
-1.752716 1.550550
-0.558457 0.507516
0.905739 -0.581052
-2.228208 0.393938
-0.649239 1.349203
-1.232406 0.745085
2.099319 -1.001080
-0.581002 -0.936511
-1.897253 -0.277566
0.358403 0.837473
1.159073 0.069003
-1.571285 1.543530
1.637218 -0.539152
0.347662 0.374416
2.237818 -0.375080
0.109463 -0.625639
-0.578804 -1.023518
-0.683505 0.754003
1.380658 -0.412251
-0.770021 0.448215
0.482029 -1.056996
-0.623644 1.604197
-2.006660 0.680559
-1.824452 -0.069157
2.229852 -0.780367
0.429528 -1.023548
-2.058871 0.691366
2.026302 -0.478041
-1.014152 0.716708
1.154941 -0.714158
-1.918868 0.709765
0.589984 0.088989
2.321175 -0.694166
-1.167444 0.690483
-0.549656 -0.627727
-0.138041 0.217720
1.046294 -0.734739
0.845037 -0.083058
-1.341133 1.176963
-0.918667 0.001941
-0.593327 -0.144402
1.589801 -0.639038
1.994955 -1.078243
-1.166633 0.746381
-1.883558 0.005993
-0.693314 1.769878
1.592296 -0.732086
-0.857440 0.405893
-0.491347 0.822607
-0.782475 0.554549
-0.758686 0.630244
0.275441 0.400396
1.932137 -0.377944
-0.894598 -0.743946
-0.485649 -0.115648
-0.696926 1.817821
0.471836 0.674792
-1.639799 1.715513
-1.169809 1.155128
-0.964546 1.102131
-0.992252 1.338255
-1.803924 1.590082
-1.788953 1.342801
-1.940992 0.197561
0.531373 -1.088225
-0.975517 0.282428
1.366560 0.058024
-1.354847 1.410207
0.170752 -0.396953
-1.479868 0.631992
-1.836558 -0.221019
-0.649029 0.742211
-1.801374 1.589632
0.288139 0.731988
0.400070 0.722589
-1.297730 0.216969
2.033887 -0.820853
1.631211 -0.600774
2.356867 -0.691335
1.205305 -0.086376
-0.731612 -1.059506
-1.587791 1.176986
2.246420 -0.221774
-0.712183 1.858364
-1.682539 1.616085
-1.381293 0.657852
-0.828033 -1.088345
2.051147 -0.810970
-1.076952 0.675847
-0.613637 1.719519
-1.135235 0.305157
1.128582 -0.301685
-0.856138 -1.429331
-1.424729 0.700645
0.965709 0.044125
0.349164 -0.784168
0.047238 0.292100
0.458407 0.796447
-1.052837 0.371259
0.996419 -0.722728
0.121086 -0.471208
0.625144 0.006932
-0.637159 1.024847
-1.286422 1.513490
-0.622312 1.118325
1.136931 0.029685
1.606890 -0.807358
0.206569 0.613135
-0.643199 0.276086
-1.215691 0.180002
0.858688 -0.230800
-1.600629 0.326591
-1.388654 0.141117
0.405268 0.406415
0.405036 0.920722
-0.449963 0.854799
2.277521 -0.697085
-1.882760 -0.052636
2.029522 -0.273134
-1.545718 1.381546
-0.692111 -1.311941
-2.226047 0.352215
-1.271391 0.530645
-1.139822 0.758629
-1.322287 1.394671
-0.362366 0.167048
-1.906207 1.273741
-0.162583 -0.263573
-0.964857 1.321627
1.035355 -0.280383
-0.358102 0.494032
-0.890153 1.464781
-0.670873 -1.279241
-1.764507 0.120670
0.376067 0.850947
0.414942 0.778377
2.044198 -1.055507
-2.028304 -0.240714
-1.110882 0.185934
-0.579875 -0.867504
2.014643 -0.795646
2.028956 -0.429781
-1.921750 1.263388
-1.967865 0.782990
-1.320291 0.853455
-0.559456 -1.001311
1.538432 -0.778498
0.649628 0.067646
-0.654378 -1.050521
2.083018 -1.132610
-2.117370 0.295874
2.339580 -0.730590
0.250678 -0.216104
-1.390689 1.507009
-0.532716 0.820252
-0.204635 -0.485392
-1.486508 0.980770
-1.215205 1.560398
0.523879 -0.980053
2.230210 -0.606455
1.375886 0.054168
-0.842211 1.383881
-0.405562 -0.553209
-0.619246 0.655125
-0.764419 0.217643
-0.903191 0.512694
-0.740413 1.753591
-1.024215 0.375301
-0.663423 -1.327928
-1.085849 1.160217
-0.565510 -0.091116
-0.493562 -0.251277
-0.743732 -0.609494
-1.489356 1.460944
-0.677908 0.763985
-1.549695 0.523547
-2.015658 -0.031140
-1.698629 -0.101216
-1.163499 0.249153
-0.053565 0.346067
-0.620978 1.424360
-1.809323 1.591254
-1.990094 -0.230728
-0.743948 0.644239
1.767622 -0.767821
-0.649720 -0.751890
-0.768287 0.158066
2.096084 -1.132170
-0.754601 -0.884114
1.361424 0.079048
-1.134631 1.149769
0.515689 -1.096705
-1.915361 -0.308104
-0.992592 0.870582
-0.894759 -0.705192
1.314497 0.030505
-1.797219 -0.156118
-1.690643 -0.056721
-0.704785 0.095600
2.075713 -0.259891
-0.625263 -1.306036
-0.666088 -1.122674
-0.889161 0.073658
-0.600498 0.527247
1.994171 -1.131131
1.161986 -0.015145
2.300524 -0.279175
-1.813503 0.572357
-0.680573 -0.921222
2.188158 -0.762645
-1.497515 1.423487
-1.538903 1.667409
-2.105928 0.726940
0.268612 0.732875
-0.679667 -0.804839
0.577776 -0.160278
-1.894885 1.195323
2.164117 -0.502563
-1.572938 1.442493
-0.660838 1.219684
-0.946952 -0.085731
-0.279060 -0.149174
-0.643676 -0.885988
-2.251355 0.357304
1.391097 0.092240
-0.009143 0.234973
-1.580553 0.994735
-0.690008 1.311345
2.235457 -0.547613
-0.401631 0.473920
0.265876 0.026707
-2.182729 0.209161
0.944712 -0.294493
-1.954371 -0.233363
-1.110588 1.286544
-0.655795 -1.037375
0.406400 0.848933
-1.695045 0.550857
-1.337688 0.349387
-0.883357 -1.401316
-0.378256 -0.168249
-1.165166 0.076986
0.953955 -0.620681
1.684086 -0.687246
0.579994 -0.791054
-1.138371 0.042931
-0.292681 -0.480499
0.550345 -0.769097
-1.681917 1.588937
0.424761 -0.463603
-0.318074 -0.006857
0.351516 0.534337
0.437397 0.807617
-0.752581 1.837237
-0.768289 0.846674
-1.878328 -0.020271
0.617807 -0.531649
-0.778887 0.287138
-0.942855 1.646837
-0.637273 -0.929255
-1.713936 0.545926
-1.371427 1.396203
-0.948628 1.390022
-0.268970 0.385592
-1.161120 0.664139
1.377622 -0.713431
-1.538550 0.357136
-0.831541 0.847044
-0.885953 -1.446409
-0.953493 1.373657
1.870812 -0.329570
0.517036 0.144298
-1.177632 1.236556
-0.421469 0.481761
-0.452724 -0.589842
2.172376 -1.006896
2.129782 -0.535304
-1.668900 -0.050839
-0.962755 1.510074
-2.102043 -0.275569
2.376121 -0.695455
-1.672481 1.649793
-0.176858 -0.515603
1.376847 -0.734401
-2.197202 0.140223
-2.074476 0.026673
0.408246 0.911044
-0.212310 0.386664
-2.155518 0.429729
0.642843 0.113791
-0.888493 -1.449227
-1.573944 1.717753
1.313553 -0.657704
-2.093112 0.717901
-0.706263 0.097829
0.178362 0.223156
2.202990 -0.546209
-0.623946 1.026089
1.787531 -0.308655
-0.625078 -0.978295
2.239513 -0.344952
-0.870869 -0.812318
-0.671139 1.320861
-1.579082 1.691461
-1.651749 0.527492
-0.746736 1.694716
-1.189118 1.146719
2.106585 -0.333139
2.197222 -0.966809
-2.007698 -0.067693
-0.790891 -1.426027
0.444566 0.403481
-1.292649 0.535297
2.160626 -0.571733
0.279644 -0.291104
1.354406 0.005641
-1.669382 1.627936
-1.622181 -0.196648
-0.965481 0.482434
-1.308810 0.605584
-1.866592 0.747402
-0.484196 -0.242651
-0.553783 0.317865
0.466290 0.234021
0.578932 -0.751747
-0.740963 -0.969320
2.088395 -0.775294
-0.498679 0.720439
0.462826 -0.182524
-0.434481 0.387379
-0.812220 0.427256
-0.573140 0.344737
-0.683976 1.242336
-0.220817 0.430927
-0.333731 0.071046
-0.136500 0.586663
2.094281 -0.980300
-1.935578 -0.254624
-0.653124 -1.169053
-1.700451 1.402073
-1.128055 -0.143761
-0.723579 1.552983
-0.864298 0.300444
0.576411 0.073198
-0.238350 0.359969
-1.754996 -0.299623
-1.031502 0.092314
0.028482 -0.791149
-0.795379 -0.873638
-1.290011 0.125113
-1.450858 0.960628
-1.754194 -0.105514
-2.154913 0.304505
1.063835 -0.688942
-1.746075 1.552275
-1.484856 0.511093
1.894695 -0.818009
-0.557883 0.463570
-1.176303 0.107096
-0.840487 -1.388240
-1.062744 0.478480
0.369234 0.783112
-0.308766 -0.327111
-0.706001 0.109442
0.411197 -0.738818
0.589301 -0.046011
-1.060765 1.465136
-0.465194 0.141097
-1.583539 0.898606
-1.120232 0.098822
-1.601053 0.521650
-1.142086 0.064653
-0.766382 -1.332030
