1000 2
0.819267 -0.795643
-0.487104 2.165825
-0.174378 -1.499170
1.615994 -0.692629
1.109635 0.513495
-0.329952 -0.130497
-2.732868 0.176444
-0.187564 1.396374
1.379557 -1.312863
-0.300596 -1.370655
-2.662672 -0.544094
-0.996495 -0.434356
-1.161989 1.749554
-0.138697 1.519451
-0.165735 1.488228
0.804354 0.722290
0.054038 1.736892
1.626789 -1.655616
-1.939198 0.469689
-0.021136 -1.914079
-2.353227 1.518393
0.946752 -0.632681
-1.255015 -0.315664
1.602009 0.383759
-0.395063 1.924960
-0.343447 -0.176200
2.228519 -0.621551
1.465329 0.131738
-0.037537 0.985543
-1.122417 0.666309
-1.347536 0.297765
-1.091759 0.730508
-1.708928 0.067441
1.522121 -0.217773
-1.720574 -0.758380
0.761106 2.046648
-2.822398 -0.864558
-0.263060 1.347458
-0.041100 0.750974
-2.373973 -0.136915
0.698702 0.807788
0.208172 1.920039
-1.238499 0.267755
-2.290114 1.368595
0.067351 1.444585
-2.764613 1.301947
0.175795 1.781997
-0.116172 1.981617
-2.796104 -0.898578
-1.650276 -0.044502
-1.194294 0.358212
1.298576 -1.188161
-3.261974 0.446785
0.173518 -1.228128
-0.041911 -1.560934
-1.869705 0.388786
0.650450 -0.679980
0.761997 1.972082
0.888848 2.077846
-0.331966 -0.246526
-1.829578 -0.686340
0.799262 -0.172974
1.874728 -1.287215
-2.418359 -0.130434
1.453887 0.136754
-2.216702 1.084724
-0.204427 1.590718
2.147462 -0.660108
0.990186 0.487084
1.788530 0.328900
-2.832535 -0.898186
0.997514 -0.604676
0.691764 -0.977467
-0.029962 0.740095
-0.279818 2.115707
0.390402 1.088833
-1.782594 0.087257
-2.804601 -0.401088
-1.287510 0.150793
1.445977 -0.693137
-3.352681 0.338218
-0.165624 1.389822
-3.340006 0.562566
0.703076 -1.702674
1.652232 0.674925
-0.423771 1.833339
0.322450 -1.637502
0.917869 -0.900083
-3.340306 0.556824
-0.141191 -1.545727
-2.497889 -0.117653
-2.273357 1.576879
0.947846 1.955435
-0.693877 -1.027784
0.660896 1.874743
-2.261135 1.137815
-0.075923 -1.726837
-2.576604 -0.450595
0.780661 2.315470
0.923382 2.221958
-1.500835 -0.036005
-2.349772 -0.420466
-0.311273 1.320206
1.266860 -1.325425
0.128866 1.485937
1.714746 -0.484008
-2.464802 0.321831
0.549682 1.702326
-2.458663 -0.129159
-0.497298 2.232264
-1.600474 -0.075672
-0.844431 -0.490126
-0.004010 1.365598
1.435061 0.102284
-2.071894 -0.138992
0.799598 1.808095
-2.500584 0.485930
1.651830 0.272375
-1.811734 -0.573326
-1.913793 0.517338
-2.861891 -0.446984
-0.128062 -1.526374
-1.089035 0.733176
0.822697 0.125516
-0.235369 1.357152
0.806147 0.163525
-1.893900 0.916068
1.068945 0.344017
-2.280456 1.631432
0.740515 1.983064
-1.401943 -0.236376
0.904582 -0.704455
1.064545 0.540431
1.756956 0.746521
-0.343553 -0.178895
-0.297852 1.991006
-1.494517 -0.374946
0.333193 2.071601
-1.778392 -0.486471
-0.156589 -1.518803
0.130828 -2.418318
0.183001 -2.517272
-0.332221 1.170914
0.109804 -2.522217
1.243201 0.672254
1.288739 -1.681645
-1.418517 0.007453
-1.989612 -0.153341
1.459836 0.769357
1.277534 0.297893
-0.590315 2.103666
1.695163 0.375037
0.045887 1.207782
-0.391957 2.308554
-2.416252 1.455340
-1.704103 -0.462290
0.597242 -1.238284
-0.628804 2.254109
-0.405998 -0.567991
-0.489938 1.839340
0.569728 -0.657049
1.765200 -1.456579
0.069756 0.801533
-2.305269 1.607763
0.684934 -0.861295
0.167749 -1.246132
-0.425448 -1.770094
0.951734 1.924336
0.897133 2.259248
1.264559 -1.238186
-1.353313 -0.306855
1.198270 -1.118993
0.763858 -1.365553
-0.127219 -1.531348
-2.403614 1.373056
0.549205 2.058654
-0.875755 -1.104410
-0.086177 1.340295
0.320536 -1.560371
0.129851 0.852861
-1.747529 -0.420144
0.709353 -1.818207
0.739907 0.812494
-2.487849 -0.214632
1.842955 0.302724
-1.746621 0.136358
0.156275 -1.265624
-0.995335 -0.418126
-2.287717 -0.121019
-0.080267 -1.557522
-1.426160 -0.002657
-0.764726 -0.521705
0.336671 2.113683
-0.520146 -1.867134
-1.370926 -0.097074
-0.337952 1.238925
-0.306525 2.153341
1.115238 0.639611
-1.798054 -0.772681
0.002521 1.577933
-1.361724 0.144585
-2.201445 0.965696
0.108319 0.985705
-0.184863 2.023376
-2.250628 -0.407250
-0.461196 2.201006
-1.773655 -0.192839
1.645999 -1.604781
0.767145 2.034862
-1.521784 -0.329428
-0.110676 1.428078
0.085837 1.112205
0.070019 1.111589
1.001699 -0.625848
-1.572565 -0.518839
-2.683593 -0.527229
0.080687 0.835565
-0.047118 -1.812486
1.432398 -1.639885
0.320345 2.094079
-3.217997 0.489180
-2.903030 -0.933091
-3.401230 0.624215
0.698360 1.810861
0.116704 1.806450
-0.939282 -1.052160
0.718142 -0.683221
-1.121121 -0.414729
-1.277297 -0.512711
0.703539 -1.883652
-3.437958 0.346651
0.089908 -0.587050
-0.599447 1.816686
-0.579192 -0.284071
-3.303882 0.516772
0.106301 1.469035
0.925698 0.172879
-1.995012 -0.352112
1.820169 -1.938746
-1.995395 -0.323143
-1.969686 -0.153239
1.198797 0.347562
-3.277231 0.459124
0.762407 2.275750
-0.050658 -1.463436
-2.625135 1.489795
0.311423 -1.650602
0.935766 0.243539
-2.441454 -0.331969
-3.300164 0.388255
-0.039760 -1.878899
-2.375753 0.567891
0.087180 1.185118
1.340225 0.290928
-2.499208 0.502267
-2.931714 -0.938021
-0.541907 1.736656
-2.482345 0.451658
-1.483752 -0.713819
0.749546 -0.727128
0.522332 -1.784926
-0.898985 -1.068799
0.188956 -2.592045
-2.433075 -0.379086
-0.822750 -0.467961
-2.338007 0.071046
0.125034 -1.024216
0.072617 1.802103
1.206128 -0.457991
-2.370150 1.330179
-1.923440 0.428340
-1.331154 0.373130
-1.552762 -0.457980
0.867709 2.408765
-2.219020 0.884389
1.002775 -0.554088
0.040935 1.472379
-2.063772 -0.146177
1.824818 -1.937452
0.628148 -1.744152
0.840563 -0.554833
0.939336 2.361296
-1.855595 -0.698750
-2.847838 -0.960189
0.772507 1.963467
0.545512 -1.049847
-2.177465 0.837443
-0.902445 1.856700
1.762865 -1.864138
0.169213 -2.462007
1.611961 -0.675095
1.487208 0.200439
0.071616 1.729413
-0.004503 0.752321
-0.208412 -0.586597
-2.620876 0.124122
-0.637630 2.283276
0.872394 -0.795713
-0.036301 -1.452368
-1.533199 -0.817282
1.661888 -0.482191
0.134793 -1.619966
-1.727925 0.001819
0.864376 0.606281
0.823566 -0.231144
0.095879 -1.615307
-0.338096 -0.179175
0.919799 2.226360
1.138287 0.710574
-0.197694 -1.453189
1.523692 -1.534547
0.911887 -0.194197
0.567141 0.946321
-1.767676 -0.184798
2.265532 -0.605444
1.708290 -0.537737
-2.437696 -0.061310
1.771027 -1.827725
0.774160 -0.878823
-2.411751 1.461953
-1.873270 -0.708863
0.206592 1.928953
-3.230549 0.457997
-1.309184 -0.296242
0.785005 1.973937
0.866027 -0.778972
0.866715 0.519770
1.359407 -1.263814
1.031781 2.337685
0.855929 -0.650690
-3.226235 0.472265
0.140777 -2.609134
-2.002041 -0.303670
0.346924 2.127544
0.311474 1.919734
1.667047 0.588866
-1.732369 -0.430777
-0.912343 0.863773
-1.375525 -0.283509
0.345875 2.195570
1.366348 -1.286608
0.164471 1.480290
-2.509425 0.474290
0.864791 2.195181
1.608104 -0.294578
0.600101 2.058728
-0.339353 -1.701102
1.523278 0.095760
0.951521 -0.982691
-0.967959 -0.765582
0.054119 1.807424
0.070834 1.415883
-0.306758 0.005441
-1.670615 -0.280325
-3.414772 0.364603
0.195120 -2.590417
-0.590813 2.137816
-0.761169 -0.502058
1.023674 2.327291
-0.558919 1.774361
-1.593076 -0.012664
-2.730497 1.284384
0.201693 -2.481890
2.415545 -0.592385
-0.463707 2.228242
1.307111 -0.115322
-1.688681 -0.374143
0.804676 -0.904145
-2.086060 -0.325809
0.721460 -1.882652
0.224182 -2.358146
1.574818 0.210187
0.018393 1.560145
0.040978 1.680935
-0.078090 -1.830043
1.848736 0.317510
-1.861437 -0.169386
1.634614 0.501390
-1.218197 0.337842
1.018985 0.112133
1.029403 0.404814
-2.864427 -0.996389
-1.081296 -0.433592
-0.517680 -1.864128
-0.906520 -1.112590
1.068924 0.395273
0.015148 -1.945507
1.305512 -1.258965
-2.603029 1.549774
-1.479274 -0.082813
0.744041 0.585178
-1.633942 -0.619365
-2.504368 0.490594
0.316327 -1.633821
1.889760 0.328007
-2.883049 -0.975769
-1.462559 -0.462005
-2.932411 -0.441479
0.089441 1.840711
1.370164 -1.272705
1.364949 -1.682988
-0.848239 -0.829664
-3.135555 0.347004
0.703837 -1.543426
-0.280226 1.670117
-2.289008 1.347775
0.708536 -1.897255
-0.165046 -1.412509
-0.220658 -1.670962
-2.058429 0.571928
-0.441978 2.010590
2.130814 -0.659011
-2.494723 0.384174
0.389374 -1.108397
-2.081509 -0.015917
1.904965 -0.631347
0.282323 -0.806657
-3.483245 0.319320
1.921700 -0.643469
-1.709629 0.030953
-1.323044 0.137541
-0.656540 2.089037
0.092812 1.849385
0.007323 -1.588021
1.480355 -1.753174
1.336182 -1.194395
-2.617838 1.527394
-1.216616 -0.296609
-1.024791 -0.222955
0.154681 -1.602406
0.233475 -1.220852
0.052232 -0.468747
-1.341089 0.345495
-1.307554 -0.325032
-0.653616 1.932825
-2.923540 1.136972
2.393029 -0.602711
-0.166863 1.333453
-2.942862 -0.952691
0.220891 1.820500
1.285885 0.330331
1.903385 -1.495648
-0.380596 -0.200901
1.079291 -1.034004
1.493278 0.793120
0.573983 1.894839
0.353479 2.114068
-1.761596 -0.788367
-0.028813 1.250030
-3.404510 0.624269
-2.593071 1.548747
1.828734 -1.637037
-1.834524 -0.647110
0.191721 -2.558744
1.843730 0.324562
-1.662745 -0.045771
0.428734 -1.486153
-0.053417 -0.590189
0.865159 -0.759491
-3.199201 0.383133
-0.763712 -0.279718
0.159803 -1.169715
0.880213 0.478278
-0.159079 1.521412
-0.661927 -0.225791
1.724548 0.649461
-0.581776 -1.943187
0.121315 0.841561
-0.973653 -0.978990
-1.401528 -0.244570
1.006078 0.550933
-0.733277 -0.250483
1.788903 0.740286
0.093321 1.086733
-0.038949 -1.866185
-2.171534 0.804404
-1.368123 0.352184
1.800676 -1.911405
-0.212496 2.096558
1.115109 -0.894171
1.490570 0.151069
0.041711 2.332626
1.717555 0.669630
1.893148 -1.581085
-1.823939 0.212545
0.104088 -2.501422
-1.545850 -1.059629
0.212970 -2.462687
-0.048702 -1.532188
1.819586 -1.576415
-0.387064 -0.299792
1.781663 -0.822318
0.142693 -2.430720
-2.330054 1.591676
-1.901899 -0.220246
-0.564108 -1.893396
1.951308 -1.341067
-0.201844 1.679451
-1.546286 -1.044088
0.539477 1.696868
0.859147 0.088929
0.906784 0.513175
-0.147528 -1.524627
-2.927443 -0.445196
0.757311 1.813174
1.943789 -2.112267
0.563019 -1.781107
-0.140409 1.453704
1.097316 -1.059558
1.831237 -1.402408
-2.215261 1.132097
0.026641 0.744431
-2.272913 1.227411
-0.542271 -1.941942
1.702914 -1.770246
1.162804 0.612878
-1.471830 -0.652755
-0.384292 2.087899
1.594579 -1.739146
0.113487 0.808351
0.876302 -0.646161
0.196704 -0.717946
-0.197842 2.094638
1.212324 -1.616691
-3.445925 0.342739
-1.304736 0.025198
-0.011837 1.382025
-0.551190 -1.900371
1.065458 0.566248
0.516930 -1.076939
-0.188762 -1.633684
0.916750 -0.663645
2.443806 -0.585405
0.896897 0.335380
2.034533 -0.636925
-1.525184 -0.333589
-3.172176 0.361271
1.933359 -1.329028
1.065985 -0.518812
1.807488 0.782030
0.225876 -1.643186
1.593307 -1.612605
-1.885639 -0.797990
-3.230534 0.407344
0.749652 -0.808160
-0.727387 -0.234969
-1.742877 -0.786018
-1.633172 -0.575645
-0.493008 1.742733
0.002964 1.460075
0.080942 1.764609
-2.776278 -0.474359
-0.420548 2.338183
-1.102190 -0.795609
-2.843121 -0.980623
0.001688 0.749846
1.742621 -0.612941
0.044805 1.451480
-1.146086 0.395056
-1.750837 -0.385935
1.555775 0.097623
1.947144 -1.256990
1.524234 0.562724
-2.111813 -0.119579
1.482011 0.127823
0.710924 -1.933188
-1.244982 0.190243
0.037297 -2.084275
-2.492221 -0.203969
0.558586 0.969775
1.695077 0.763454
1.769451 -1.869938
0.197021 1.157694
1.837328 -1.966202
-2.907558 -0.456348
0.412489 2.136852
0.977802 -0.671785
-2.503403 0.420682
-2.374628 0.560732
-2.527941 0.446810
0.352621 1.641878
-0.262883 1.584512
-3.158562 0.397267
1.595382 -0.642449
-2.422040 -0.115675
1.544193 0.815048
0.571335 1.727571
0.693517 1.774365
-0.048576 -1.951803
-0.407998 1.942948
-1.644042 -0.673387
0.046711 -2.140768
0.183972 -0.982257
1.973534 -2.153013
1.678551 0.267081
-0.680944 2.300526
0.578740 -1.053949
1.673524 0.616497
0.943508 0.264744
1.266106 -1.090122
-0.434628 2.029467
-1.484526 -0.606750
2.252746 -0.581764
-0.621972 -1.987307
-1.914436 0.550118
-0.213886 1.933756
-1.896449 0.517623
1.556444 0.810991
-0.435331 -1.795940
-2.083163 0.627570
0.164930 -1.278872
-0.158198 1.303435
-2.703950 -0.441407
-1.633043 -0.357761
0.040325 1.471004
-1.771328 -0.472390
0.141418 -2.622722
-1.728659 -0.200501
-0.587397 -0.348633
1.266359 -1.183334
1.756619 -1.641532
-1.558752 -0.130876
1.354239 -0.053112
-2.511366 1.398239
1.660140 -0.259410
1.059844 0.631665
1.626513 -1.653013
1.645980 -0.346385
-1.934571 0.467907
-1.374985 -0.111529
1.428642 0.199838
0.923167 0.522464
0.351403 2.210397
1.721141 -1.654405
0.018705 0.808824
-0.446144 -1.803129
-1.709771 -0.242259
1.168663 -1.584719
-1.776704 -0.026152
1.434027 -1.361007
0.687116 -1.707761
-0.411986 2.380143
-0.558251 -1.929474
1.674161 0.795226
2.123215 -0.656777
-0.455918 2.218741
-0.297506 1.327452
0.857015 -0.743653
1.163318 -1.155827
-2.537161 0.488499
0.824000 0.076635
-2.893056 -0.950842
0.795107 1.832264
0.789244 0.130613
0.810229 0.714211
-3.423430 0.630568
-0.389017 -0.214028
0.888469 2.379698
-0.974396 0.825671
1.106796 -0.764163
0.702253 -0.842133
-0.407605 2.221890
-0.924241 -0.260797
-1.281768 -0.274157
-2.285204 1.680890
1.491574 -1.510465
-1.145601 -0.297202
-0.248672 2.078980
0.520140 0.993207
-0.098212 -1.576923
-1.312795 -0.033601
1.340018 0.302723
1.923376 -1.454307
1.259506 -0.222669
1.235346 0.324986
0.322863 2.123315
1.025924 0.556898
-1.410398 -0.219414
0.357922 2.192443
0.078563 -1.515480
0.409530 -1.768068
1.572835 0.829434
0.249927 -2.002530
1.997560 -2.186383
0.811670 0.100139
0.009740 -1.959711
1.621469 -1.650317
0.496844 -1.088785
0.005814 1.283845
0.078355 1.399900
-1.161455 -0.289355
-1.888354 0.421072
1.561060 0.188360
0.969626 0.164525
1.478519 0.209511
-1.099598 0.740785
-0.344947 -1.660029
-1.942644 0.609565
-1.294591 -0.029815
-3.306052 0.593104
-3.349965 0.550591
1.626311 -1.659846
1.867897 -1.618421
1.146277 0.735877
-2.119303 -0.117614
-1.452933 -0.110225
0.982306 1.932727
-1.950503 -0.301400
-0.417112 2.196452
-1.381611 -0.228815
1.263137 -1.618413
-0.753684 -1.104134
-0.205122 1.340746
-2.727541 0.160286
-0.510022 2.270059
1.721431 -1.664284
1.872346 -1.247531
-0.502887 1.776746
-1.380745 0.114653
1.491794 0.586338
-1.858174 0.940639
1.712034 0.250816
-2.819188 -0.895301
-2.530262 0.458375
-0.413673 1.845611
-2.088963 -0.155810
-1.651914 -0.363933
1.418818 -1.349557
1.426433 -1.746191
1.690923 0.626729
-2.495615 0.459080
-3.120403 0.419599
0.732391 -1.934651
1.825742 -1.662639
-1.871925 0.883734
-1.295532 -0.513403
1.751629 0.769508
1.445139 -1.382075
0.842772 -0.773548
-2.591789 1.120446
0.024413 1.384880
-0.572017 2.275761
1.368104 -0.711338
0.636660 0.890993
0.061482 0.797891
1.163431 0.468315
1.564864 -1.550540
1.214297 -1.627314
-1.678101 -0.388122
1.132736 0.690646
-0.098442 -1.547830
0.433294 1.054778
0.805050 1.812382
1.616746 -1.755461
-0.037443 -1.969527
0.113616 1.227014
1.309079 -0.726677
-1.690648 -0.729675
-1.656612 -0.741282
0.686541 -1.679397
0.660659 -0.986584
0.890462 -0.957963
-2.296691 1.698039
1.975639 -2.156505
-1.500770 -0.314834
1.199733 -0.760300
1.936568 -1.236390
0.649972 1.938685
1.136526 0.317397
-1.205527 0.355523
-1.715292 -0.350472
-0.566883 -0.211388
1.151383 0.737001
-3.264471 0.447313
0.579645 -1.336199
-3.325292 0.501530
0.936614 2.245358
0.754858 -0.924079
-1.553632 -0.273430
-1.093718 0.721677
-2.759314 -0.526279
-3.357002 0.370701
-1.552587 -0.105755
-1.461115 -0.196779
0.147160 -1.164892
-1.731660 -0.112406
-1.745529 -0.453739
-1.366431 0.204692
1.575506 -1.708573
0.789823 -0.926830
-3.166217 0.418452
-1.460861 -0.062202
0.322885 2.204374
0.296033 2.068683
1.063091 0.225246
-1.464527 0.093659
-1.814396 0.259893
1.102870 -0.762145
-1.203854 0.236385
1.934590 -1.421603
-2.268455 1.448813
-2.663451 1.301015
-1.816562 -0.026280
0.800754 0.111189
0.323148 1.140599
-1.414187 -0.057977
-2.840353 -0.435067
-1.392198 -0.180218
0.925086 0.544062
0.223254 -2.497367
-0.174484 1.559266
0.134520 -2.575889
0.868547 0.047264
0.418626 -1.455476
-0.203263 2.092435
0.847819 2.188828
1.661034 -1.738504
0.486363 -1.453128
1.062659 0.596847
-3.253201 0.440337
-1.940141 0.593417
-2.336478 1.241721
1.031527 0.607355
-2.702172 1.297295
1.451587 -1.662960
0.082768 -2.459561
0.208344 -2.591337
1.809068 0.792089
0.810796 -0.725168
1.261454 -1.172052
-0.869661 -1.153733
2.412904 -0.588098
-1.560849 -0.501864
0.382190 -1.605497
0.154161 -1.250811
-1.554281 -0.383713
-2.383842 -0.146910
1.028672 -0.756779
1.720444 0.257533
2.473888 -0.573327
-2.733239 1.297928
-1.536121 -0.085708
0.685801 1.851952
1.124866 0.458887
1.569303 0.848301
1.352360 -1.706700
-1.405005 -0.009189
-1.558577 -0.107261
1.704237 0.262054
0.534658 1.923478
1.122994 0.358962
-1.731738 -0.109528
0.689139 -0.827337
-2.258435 1.664784
0.968188 2.297750
1.619936 -1.786954
-1.594232 -0.591583
-1.546918 -1.092057
0.744772 -0.824461
-0.591019 -1.902687
-0.636531 1.000506
1.049297 -0.569710
0.850720 -0.889363
0.725039 1.840290
-1.439124 -0.393051
1.844289 -1.952180
0.856771 0.695403
-1.497882 -0.681611
1.030134 0.550743
0.187008 -2.536628
-1.552561 -0.954056
-1.167585 0.539449
-2.907698 -0.425013
1.900880 -1.643638
1.940120 -1.339020
-0.122303 -1.592282
0.171642 -1.224503
-2.611479 1.374443
1.077262 -0.488173
-1.547075 -1.099068
-3.308842 0.418992
0.767274 -0.836558
-2.888593 -0.440911
1.216648 -1.618629
-3.323720 0.374094
-2.475713 -0.154720
1.307968 -1.207209
0.832420 -0.614104
2.108980 -0.682759
-2.101249 0.713347
0.544488 -1.050601
-1.321592 0.091136
1.962524 -0.635374
1.010178 -0.636262
1.365454 -1.278690
1.138175 0.619884
-1.902347 0.465068
0.825848 2.427162
-1.958322 -0.787679
0.326217 -1.415961
0.598195 2.039128
0.111734 1.470205
0.104038 -2.630808
1.528565 -1.725264
2.348499 -0.643228
-0.636468 -0.213102
-1.395925 -0.377034
0.725319 -0.097374
0.051453 1.258256
-1.198937 0.396418
-2.383581 0.200811
0.052852 1.435972
0.409293 -1.697575
0.968263 1.951472
1.564450 -1.542054
0.897852 0.221841
-0.669728 1.887488
-2.450037 -0.109942
1.133524 -0.422208
1.624257 -1.561168
-2.282023 1.280932
-2.772520 1.301585
0.898867 -0.967073
0.072558 1.448222
0.952056 0.501178
1.303364 -1.180184
1.325839 -0.165813
0.931159 2.239309
0.819303 2.153372
1.848653 0.320622
-2.595682 1.574363
0.970264 2.267194
1.492629 0.206509
-0.335607 1.462300
-0.231675 -1.608024
1.618486 -1.569776
-1.457041 -0.323665
-2.299586 1.631036
0.838890 -0.393780
0.085416 0.808519
-1.595487 -0.370344
1.944494 -2.119632
0.772909 2.323483
-2.944849 -0.434078
-0.484059 -0.214002
0.621260 -0.663375
-0.613031 2.288859
-0.456076 -1.790599
1.888076 -2.059426
-1.623363 -0.476421
1.452950 0.077910
1.531111 0.101747
0.018966 0.766956
1.120500 -0.773033
-1.189442 0.341435
0.732736 -0.727861
-0.414778 1.743907
1.834636 -1.964613
0.470864 -1.797161
0.882479 2.367733
0.827740 0.728802
-2.970908 0.271609
-2.615826 1.577431
1.390429 -0.754028
-1.852159 -0.643162
2.148530 -0.633165
-0.170309 -1.494503
1.621622 0.773156
-2.773345 1.319263
1.331750 -1.249642
-1.689973 -0.212989
0.864266 0.526272
1.790832 -0.675133
0.736580 -0.804493
1.017763 -1.193709
-3.453192 0.316944
0.246160 -0.655136
-0.759634 -0.496993
1.115999 -0.425723
0.839730 0.479929
-2.578589 1.397316
-0.746021 -0.547202
-0.017401 -0.494942
2.083856 -0.662893
-1.477508 -0.347769
-2.581300 1.487412
0.832724 1.790418
-1.977604 -0.810177
-2.127348 -0.129036
-1.237097 0.379606
0.797774 -1.015634
-0.059991 1.405233
-0.466837 2.284198
0.803375 -0.794222
-1.884026 0.601451
2.449366 -0.585398
-0.588894 -0.531964
-1.012164 0.794426
-3.388411 0.311076
0.409671 2.161772
