500 2
0.642457 0.883339
-0.650208 0.112210
1.367982 0.077313
-1.434785 -0.683428
2.609945 -0.312658
0.022987 -1.126319
-1.731994 0.242870
2.817973 0.266356
-0.579093 1.312188
-1.531606 0.773467
2.263909 -0.302444
2.706354 -0.030679
-0.773718 0.053146
1.012691 -0.187461
1.126716 0.267729
2.810734 -0.213588
1.157766 -0.843749
-1.675375 0.276545
0.179752 -1.014740
-0.934122 1.108780
-0.920423 0.279971
0.340002 0.583666
1.119591 -0.869961
0.145321 -0.473215
-1.395650 -0.472913
2.595813 -0.344350
1.765652 0.051071
2.020788 -0.249111
2.928350 -0.173089
-1.149981 1.080420
-0.853234 0.874201
1.064530 -0.977305
-1.345973 -0.289698
-1.008932 0.384452
-0.596229 -0.526947
-1.272347 -0.622533
1.863792 0.207759
-1.594952 -0.348246
2.282920 -0.054367
-1.732657 -0.337081
0.449814 -0.080947
0.669747 0.898811
1.093472 0.130418
-0.970308 -0.360682
2.689934 0.155377
-0.702796 1.142417
-0.445188 -0.280867
0.167223 0.447358
-0.717265 0.072142
0.186487 -0.844278
2.536270 -0.298119
-0.345968 0.636958
-0.407540 1.250960
0.112056 0.100886
1.998888 -0.275018
-1.318823 0.712619
2.329288 -0.325754
0.790284 -0.182364
2.643404 -0.131838
1.124582 -0.922915
-0.827592 -0.236381
1.398937 0.029080
2.186741 -0.298613
-0.161454 -1.082600
-0.825632 0.948242
-0.842345 0.926060
2.869085 0.091675
-1.162744 -0.577829
-0.818781 1.047380
-1.789081 0.241133
1.979918 -0.069700
1.494511 -0.248959
0.659937 0.200026
2.674017 0.096320
1.179215 0.205793
-0.935039 -0.220338
1.012895 0.273653
0.309137 -0.842985
2.416420 0.030342
1.083493 0.131524
-0.823956 1.063104
1.016452 -0.754045
-1.046163 0.293473
1.072200 -0.248261
2.495661 0.125422
-1.304344 1.061860
0.697838 -0.428031
2.253015 -0.360333
-1.451323 1.178838
-0.658590 1.036059
-0.171050 -0.007627
0.005798 -1.596897
0.008102 -1.529762
0.496491 -0.637924
-1.093521 0.073818
1.035172 0.227901
-1.474878 0.880540
-0.919372 -0.329676
-1.332266 -0.607568
1.080884 0.158561
-1.540475 0.210249
1.803313 0.091893
-0.198273 -0.022096
0.273024 -0.803747
0.401182 0.238149
-0.363648 0.376259
-1.413195 0.813679
-0.608056 0.977616
-0.381808 0.355043
0.396894 -0.427396
1.423576 -0.337726
-0.040325 -1.755426
-1.679456 0.263828
0.577674 0.750564
1.677845 0.242007
-0.138208 -0.810572
0.366749 -0.368645
-0.841338 -0.082462
0.717279 0.437928
2.440015 -0.265584
-0.627065 1.200359
-0.336960 0.761603
0.753036 -0.341076
-1.793772 -0.233357
-1.096652 -0.581821
-0.174828 0.487735
-0.775832 0.041136
-1.392378 1.189324
-0.242722 -0.051488
1.642425 -0.255080
-1.848261 -0.220909
-0.396190 1.106637
-0.843978 0.283837
2.916023 0.088027
0.097038 -1.146558
-1.366849 -0.439514
0.676933 0.964723
1.434062 0.234324
-1.499709 0.938714
2.248538 -0.169490
0.655167 0.498209
2.659991 -0.375722
0.593642 -0.511155
0.198080 -1.258827
-0.303785 0.433410
1.924713 -0.140302
-0.863978 0.126110
1.154613 -0.919731
-0.376603 1.221455
-1.755137 0.233230
-1.322434 -0.458194
2.881058 -0.017820
1.056552 -0.875550
-1.800603 0.214584
2.628592 -0.185853
-0.625686 0.194097
1.781669 -0.420262
-1.605946 0.291883
1.025012 0.309711
2.900218 -0.261488
-0.914853 0.258111
-0.048018 -0.982494
0.173967 0.153764
1.649118 -0.410014
1.364289 0.060256
-0.997767 0.530329
-0.411716 -0.291611
0.028711 -0.296261
2.181459 -0.114793
2.810575 0.272620
-0.875582 0.392838
-1.490335 -0.195638
-0.439256 1.362055
2.195030 -0.036873
-0.364508 0.106932
-0.181201 0.500213
-0.436095 0.261114
-0.479269 0.313908
0.660390 0.253010
2.342219 -0.206498
-0.190505 -1.020814
0.215132 -0.299375
-0.477073 1.424294
0.701515 0.753282
-1.487160 1.012413
-0.790987 0.835763
-0.713934 0.949587
-0.676405 1.022511
-1.405447 1.140636
-1.475641 0.477352
-1.483181 -0.355761
1.194331 -0.955558
-0.397512 -0.030420
1.796844 0.351929
-1.050493 0.935110
0.865678 -0.302604
-1.112461 0.246904
-1.307587 -0.627198
-0.449410 0.266276
-1.461287 1.127333
0.584722 0.821254
0.697807 0.749135
-0.870423 -0.317703
2.645563 0.129230
2.143025 -0.055998
2.901765 -0.229310
1.651133 0.175502
0.066314 -1.356017
-1.203779 0.860526
2.393831 -0.363875
-0.469779 1.461504
-1.435313 0.949937
-0.975003 0.225159
-0.035278 -1.426934
2.925927 -0.083492
-0.771977 0.063976
-0.365038 1.302413
-0.413591 -0.197025
1.723046 0.025679
-0.028512 -1.791470
-1.039521 0.307039
1.497750 0.208286
0.971850 -0.642469
0.395399 0.224813
0.642957 0.875047
-0.625224 0.020312
1.638879 -0.409815
0.665377 -0.340444
1.071009 0.232811
-0.301795 0.680933
-1.067522 0.906995
-0.329037 0.732751
1.502048 0.182575
2.249907 0.062929
0.555747 0.683363
-0.425036 0.050800
-0.778608 -0.339304
1.258235 -0.084852
-1.289000 -0.245405
-0.848832 -0.376993
0.702879 0.553286
0.663337 0.998258
-0.129272 0.500068
2.905051 -0.074723
-1.388910 -0.588872
2.475536 -0.288500
-1.265591 0.960246
0.137518 -1.492744
-1.863742 -0.294780
-0.971049 0.107716
-0.791325 0.488785
-0.996094 1.120026
0.020099 0.142818
-1.541255 0.872761
0.410216 -0.277473
-0.791350 1.017578
1.415422 -0.053168
0.156921 0.125693
-0.709099 1.117813
0.154051 -1.427888
-1.436432 -0.392129
0.653768 0.949918
0.673487 0.713642
2.825741 0.328782
-1.483516 -0.729340
-0.635603 -0.437414
0.229637 -1.070088
2.840663 -0.009293
2.448113 -0.200822
-1.557644 0.833756
-1.630336 0.317588
-0.853826 0.331802
0.261919 -1.168121
2.228352 0.072344
1.240766 0.204394
0.101482 -1.270188
2.809925 0.372363
-1.689135 -0.157758
2.947251 -0.328378
0.931321 -0.123392
-1.201869 1.077189
-0.160181 -0.059722
0.343457 -0.489551
-1.207980 0.543422
-0.852063 1.036280
1.263048 -0.939058
2.892655 -0.088514
1.769556 0.333160
-0.588343 0.912987
0.270699 -0.582913
-0.374967 0.296237
-0.298971 0.078297
-0.517727 0.272704
-0.509842 1.330934
-0.445239 -0.109112
0.158216 -1.497391
-0.780597 0.819651
0.264724 -0.407623
0.127450 -0.317927
-0.064330 -0.961457
-1.042114 1.004946
-0.297325 0.511017
-1.216617 0.103416
-1.475781 -0.550758
-1.221914 -0.602295
-0.829855 -0.336033
0.283024 0.229137
-0.395970 1.126353
-1.422394 1.232167
-1.492048 -0.718328
-0.473907 0.321289
2.436119 0.071612
-0.023036 -0.863114
-0.273770 0.031887
2.810083 0.316863
-0.027965 -1.178448
1.767103 0.362758
-0.825221 0.789379
1.289297 -0.962092
-1.342708 -0.526975
-0.735704 0.215695
-0.084672 -1.038530
1.728507 0.264428
-1.282951 -0.617509
-1.211981 -0.507577
-0.284672 -0.000355
2.468139 -0.276036
0.121513 -1.448452
0.123635 -1.302822
-0.426294 -0.139050
-0.108300 0.309971
2.765733 0.319396
1.623221 0.146765
2.595178 -0.351816
-1.446335 0.119113
0.028634 -1.096188
2.737497 -0.000058
-1.210822 0.865180
-1.390034 1.039932
-1.906527 0.266593
0.585330 0.829994
-0.132664 -0.919644
1.079538 0.114858
-1.531086 0.704281
2.582384 -0.314322
-1.256677 0.890193
-0.407154 0.934484
-0.416662 -0.326644
0.375168 -0.287189
0.178641 -1.028316
-1.894943 -0.300272
1.766782 0.383332
0.473397 0.203284
-1.310381 0.664080
-0.476585 0.986096
2.747905 -0.235821
0.024518 0.231429
0.756160 0.039238
-1.676571 -0.248240
1.282044 -0.121141
-1.421994 -0.759722
-0.823053 0.854581
0.072517 -1.309974
0.671281 0.892116
-1.371441 0.109316
-0.834234 -0.131738
-0.037860 -1.790654
0.329484 -0.358275
-0.630732 -0.188929
1.571826 -0.254362
2.379951 0.062999
1.419765 -0.529682
-0.616971 -0.566625
0.293239 -0.551041
1.226284 -0.567144
-1.335257 1.088064
0.960900 -0.371341
0.046339 0.045760
0.692514 0.600387
0.666053 0.884901
-0.501380 1.433770
-0.378813 0.437891
-1.482789 -0.202820
1.024006 -0.419891
-0.311703 0.238012
-0.668220 1.282926
0.085504 -1.109228
-1.411595 0.109301
-1.118514 0.922810
-0.572741 1.021063
0.116133 0.249407
-0.854409 0.248221
1.988906 -0.275909
-1.221349 -0.171003
-0.418668 0.502835
-0.037183 -1.807099
-0.713558 1.102772
2.381194 -0.263962
0.678403 0.203490
-0.771642 0.875010
-0.014899 0.050239
0.186821 -0.686687
2.962277 0.159981
2.589123 -0.262206
-1.143560 -0.477036
-0.686099 1.153845
-1.514536 -0.782387
2.834210 -0.168266
-1.260846 1.148783
0.482925 -0.510364
1.887420 -0.383863
-1.754297 -0.350211
-1.630508 -0.446197
0.665505 1.003277
0.165474 0.282258
-1.862334 -0.254101
1.082919 0.274314
-0.035723 -1.768891
-1.483243 1.040245
1.850394 -0.375506
-1.870466 0.263385
-0.240651 0.023507
0.653477 0.237096
2.733720 -0.185811
-0.290453 0.726066
2.324018 -0.332167
0.128035 -1.150347
2.663809 -0.327702
-0.112126 -1.108626
-0.409269 0.986051
-1.550969 1.019036
-1.335891 0.114470
-0.548207 1.244007
-0.861607 0.527996
2.549184 -0.323811
2.821003 0.155235
-1.510388 -0.531970
-0.019787 -1.698548
0.707721 0.622249
-1.046866 0.109564
2.759019 -0.147818
0.883975 -0.161558
1.826674 0.297741
-1.370702 1.150244
-1.267660 -0.676395
-0.772995 0.116132
-0.941018 0.175566
-1.574691 0.310110
0.063197 -0.343975
-0.270561 -0.008702
0.887687 0.325231
1.188174 -0.510533
0.063438 -1.153644
2.892589 -0.010630
-0.186258 0.474451
1.023298 0.025261
-0.012091 0.084064
-0.618208 0.119707
-0.158130 0.040699
-0.315441 0.747881
-0.018286 0.258477
0.023033 0.119906
0.191954 0.526066
2.799160 0.123039
-1.355464 -0.622055
0.119219 -1.327909
-1.365632 0.955815
-0.475602 -0.393602
-0.530728 1.143801
-0.533270 0.000938
0.990673 0.258053
0.190425 0.271338
-1.335020 -0.567603
-0.594248 -0.465967
0.941849 -0.746006
-0.085900 -1.136100
-1.042965 -0.364334
-1.167137 0.432141
-1.334107 -0.558443
-1.743923 -0.333828
1.724618 -0.397621
-1.265376 1.101731
-1.092022 0.074825
2.688255 0.037615
-0.151081 0.126919
-0.705551 -0.304969
-0.021163 -1.639506
-0.775350 0.010353
0.547826 0.772668
0.161847 -0.262110
-0.224125 -0.091734
1.106094 -0.545665
1.049112 0.139745
-0.779669 0.834809
0.078569 -0.007104
-1.174781 0.459616
-0.587543 -0.549979
-1.306973 0.084352
-0.613850 -0.551984
-0.007064 -1.591009
