300 2
-1.516718 0.535180
0.395738 0.519316
0.804936 -1.772931
-0.697844 -1.390706
0.510318 0.497947
-1.598064 0.962980
-1.193505 -0.627420
-1.410125 0.912231
0.714712 -0.042445
0.677591 -1.513590
0.614101 -1.703548
-0.616841 0.726089
-0.163414 -0.331439
-0.656533 0.662990
-1.553318 1.034696
0.018157 -0.537825
0.428544 0.409260
1.723346 -2.107968
0.534767 0.363180
-1.324786 1.198570
1.773960 -2.129124
1.629823 -2.087474
0.714299 -0.098038
0.790911 -1.889845
0.270059 0.803928
0.508989 0.645767
-1.014058 0.533526
-0.744260 0.665386
-0.272775 0.689628
1.227958 -2.035980
-0.030021 -0.431094
-0.608555 -1.499225
0.136693 -0.754033
1.486807 -1.924466
-2.674944 0.224099
-1.328364 0.810278
0.715244 0.857441
-0.632038 -1.285884
-1.442444 0.353779
1.689992 -0.809043
1.497469 -2.000222
-1.269029 -0.728566
1.082661 -1.019822
1.165330 -1.956384
1.732579 -2.134238
1.529947 -1.852957
-2.454009 0.577865
1.214493 -1.598126
0.809972 1.328278
0.459680 0.757912
1.595572 -1.367113
0.982028 1.868274
-0.815624 0.642490
-0.753866 -0.620833
-2.594388 0.511508
-1.648446 0.887631
-0.118534 -0.550317
0.300333 -0.065558
1.627164 -1.779266
-2.426254 1.591905
1.006943 -1.047662
0.968661 1.763640
-1.438267 0.766138
1.018149 1.827636
0.454741 0.548080
-2.760374 0.204255
0.627034 0.450355
0.818444 1.135521
-2.514199 0.265380
1.046939 1.794377
0.715397 -1.883636
-0.969154 -0.771448
-0.950201 -0.773929
-2.502660 0.117006
-1.351683 0.867463
1.676694 -0.874304
1.471700 -2.106585
-0.232962 -0.777441
-0.609463 -0.543639
-1.357440 0.387914
0.623799 0.468177
-1.983968 0.692616
-0.654554 -1.344002
-1.991914 0.686186
-1.787886 0.555180
-1.456313 0.407011
-0.002068 -0.528695
-0.724617 -1.445189
-0.023623 0.030414
-0.172090 0.662101
-0.879856 -0.670614
0.706670 -0.163511
1.063002 1.753498
0.332513 1.220562
-2.414011 1.432331
-2.449693 1.448048
-2.661280 1.511747
0.735895 -0.071563
-2.964978 0.212471
-2.443238 0.185140
1.721646 -0.833885
-0.586896 -1.133391
-1.838136 0.399023
-2.525072 0.174246
-0.626702 -1.212039
0.859298 1.208471
1.023377 1.870104
0.647317 1.279958
0.703849 1.346894
0.639152 -1.809421
1.319180 -2.017133
0.501978 0.554579
-0.125349 -0.454077
0.405122 0.618361
1.732794 -0.830759
0.623197 -1.528658
1.536218 -1.069801
1.638940 -1.826037
1.715064 -1.175474
0.436790 -0.001073
-0.698548 -1.625995
-0.157580 -0.430256
-0.512334 -1.507774
-0.683893 -1.612021
-2.654156 0.433627
0.903310 -0.742851
-2.807486 0.357029
0.507766 0.558182
0.733343 -0.131886
-1.652778 0.937289
1.824613 -2.171200
1.557860 -0.917511
-1.439653 0.657330
-0.595872 -1.496341
-0.690143 -1.392975
-0.678328 0.618226
0.441214 1.081143
1.393942 -2.209186
-1.310385 1.089105
-2.224668 0.742790
0.917947 1.347223
-0.831075 -0.609240
-2.545541 0.190930
-1.447310 0.417225
-1.439470 1.595711
1.228555 -1.180321
0.633006 -1.634299
0.051669 -0.482110
0.916062 1.381064
-2.736161 0.246497
0.365528 0.339965
-1.291115 0.928983
0.474383 0.471984
0.618284 0.927938
0.235410 -0.594814
-0.219616 -0.804142
-2.461468 0.038406
1.382639 -1.974175
-1.299417 1.249240
-2.709167 1.529527
-1.301171 1.274940
1.417334 -2.129921
0.897520 1.561742
1.024084 1.776398
-1.473619 0.554099
-2.830563 0.220997
-2.623956 1.526211
-2.524260 1.378214
0.482432 1.183008
0.431592 1.114425
-1.335475 -0.547978
1.229895 -1.982246
0.725297 -1.843410
0.376230 1.232989
-1.184841 -0.630091
-1.311349 1.275594
-0.985487 -0.709977
0.033848 0.580042
-0.738929 -1.401395
-0.564845 -1.429111
-3.002975 0.195030
1.421635 -2.250451
0.502686 1.069564
0.993861 1.915067
-1.772062 -0.279265
-1.302079 1.298306
-1.400868 -0.477519
1.435233 -0.880608
-0.262489 -1.334094
-3.041409 0.202089
-2.477239 0.116286
-0.774522 0.221608
0.688581 0.438770
-0.204627 -0.353397
0.138730 0.165957
0.218129 0.093576
-2.533660 1.364644
-1.097484 0.526572
0.600252 -1.420104
-1.043932 -0.579631
1.585851 -1.276956
1.620419 -1.737037
0.696420 -1.153280
-1.609910 0.990976
1.370405 -1.906707
0.400287 1.102097
1.384912 -2.183363
-0.449010 -1.593523
0.995872 1.748758
-0.713465 0.725147
-0.960466 -0.806064
0.945639 -1.978882
1.524608 -1.192620
0.191127 0.598677
1.468123 -0.878529
0.660446 -1.691099
1.009717 -1.094157
-0.714080 0.614559
0.990820 1.942598
1.398917 -1.935266
-2.370942 0.737379
0.503956 1.221228
0.742741 -1.810255
1.043872 -1.084999
-1.205529 0.718493
-1.431512 0.525094
1.527516 -0.984374
1.580567 -1.841965
1.120880 -1.102086
-1.211153 -0.606387
-0.389451 -0.907518
0.315386 1.106961
1.629310 -1.159848
-0.259379 -0.746204
-1.098129 0.486234
-2.148567 0.737324
0.016229 0.266827
-1.310285 0.728648
-1.411100 0.734704
0.718054 -1.183578
-0.640945 0.743710
-2.563162 0.412907
1.690916 -0.891255
1.036073 -1.939682
-2.523513 0.595137
-1.587255 0.455962
0.529688 0.056131
-2.482812 1.330843
0.209891 0.390180
-2.497236 0.609805
0.623958 0.237727
0.544792 0.261120
-2.328686 0.706909
-1.447425 0.941039
-0.189885 -0.658439
-2.277330 0.698662
0.013889 -0.506272
-2.546657 1.441147
0.741847 1.268289
-2.649726 1.467109
-0.783592 -0.914685
-0.637151 -1.446109
0.231117 -0.609837
0.121321 -0.533605
-2.407290 0.692113
0.867429 -1.961185
-0.459748 -1.500326
-0.838852 0.556957
-0.682903 -1.280389
-0.216836 0.381278
0.820109 1.361773
-1.077674 -0.611901
-2.884942 0.267157
1.165545 -0.969912
0.675573 -1.207276
-1.014997 -0.715137
-2.600197 0.351964
-0.713077 -0.535703
0.575763 -1.298272
0.951434 1.665641
0.502077 0.450382
-2.012086 0.326911
-1.266928 -0.755723
0.108831 -0.532207
-2.897274 0.212708
-0.118748 -0.434672
-2.730594 0.203647
1.662908 -1.180325
-2.404346 1.521288
-0.462352 -0.610951
-2.354354 1.589630
-1.146556 0.570504
-0.182368 0.666271
-0.450636 -1.586066
-0.181169 -0.330462
-1.429268 0.738487
1.701553 -2.062129
-1.386318 -0.404299
-1.926799 0.516119
0.470924 0.866927
