500 2
-0.760930 0.832423
0.570226 0.779126
-1.035839 -0.219488
1.213236 1.813787
-2.071906 -0.697919
0.801276 -1.004564
0.094171 1.496628
-1.890255 -1.317625
1.615945 -0.105158
1.506909 1.119052
-1.687500 -0.722489
-1.952048 -1.114028
0.789791 0.814442
-0.577465 -0.413329
-0.820429 -0.016754
-1.990474 -1.035989
-0.319781 -1.119588
0.005746 1.463302
0.607338 -1.020476
1.483347 0.334168
0.668868 0.959816
-0.207203 0.728684
-0.270498 -1.055933
0.569498 -0.496196
1.054981 1.558637
-2.091727 -0.755306
-1.492141 -0.370734
-1.314583 -0.837069
-2.125733 -1.023372
1.423389 0.715512
1.371944 0.282080
-0.290575 -1.113779
0.774897 1.374085
1.041945 0.934410
0.255104 1.061524
1.069293 1.500307
-1.492057 -0.156963
0.796691 1.900003
-1.639926 -0.828085
0.778230 1.967778
-0.025624 -0.115412
-0.762990 0.826324
-0.724803 -0.051460
0.833489 1.050795
-1.728997 -1.133411
1.567672 0.209396
0.311483 0.901457
-0.128682 0.729721
0.908625 0.654296
0.626299 -0.649682
-2.115826 -0.596233
0.706274 0.298532
1.453845 -0.186545
0.019666 0.407799
-1.143036 -0.864949
1.578242 0.829244
-1.851433 -0.691137
-0.168843 -0.259693
-1.779560 -0.971086
-0.379981 -1.160760
0.829907 0.959543
-0.964380 -0.369768
-1.579957 -0.778814
0.865988 -1.023083
1.516927 0.288668
1.454246 0.270517
-2.027232 -1.182539
1.148449 1.577734
1.414203 0.238154
0.137161 1.655663
-1.362149 -0.734229
-0.540313 -0.661002
-0.564211 0.159795
-1.823079 -1.359917
-0.792163 -0.097552
0.925150 1.042021
-0.703658 -0.059918
0.492531 -0.784256
-1.672941 -1.035627
-0.682099 -0.046373
1.250241 0.074097
-0.229613 -0.958641
0.493167 1.010335
-0.533697 -0.481436
-1.742628 -1.207673
1.809562 0.685998
0.059469 -0.542932
-1.688026 -0.775147
1.830137 0.661765
1.253823 0.068345
0.406183 0.327753
0.952341 -1.481375
0.952688 -1.426124
0.181539 -0.758479
0.524239 1.228858
-0.742690 0.030849
1.527146 1.027966
0.866359 1.052011
1.014070 1.706126
-0.725034 -0.114161
0.272364 1.266229
-1.322270 -0.485902
0.800994 -0.161066
0.498237 -0.905732
-0.467601 0.199835
0.414293 0.519778
1.536426 0.940707
1.229315 0.145484
0.240405 0.763733
0.446171 -0.420096
-0.553291 -0.790376
1.019745 -1.530205
0.074110 1.447001
-0.710222 0.780308
-1.315738 -0.092893
0.792786 -0.890427
0.473296 -0.303374
0.540363 0.839599
-0.636508 0.598960
-1.935474 -0.608749
1.555879 0.136281
0.742515 0.271185
0.066927 -0.537475
0.738489 1.885172
1.065245 1.613534
0.073324 0.667828
0.863509 0.724692
1.779760 0.681762
0.771507 -0.240906
-0.628105 -0.785227
0.699096 1.956299
1.186407 -0.012957
0.831685 0.920215
-2.007404 -1.283572
0.583390 -1.066408
1.102645 1.595733
-0.824236 0.887967
-1.189373 -0.041946
1.723763 0.744215
-1.582914 -0.857081
-0.612068 0.454942
-2.097511 -0.734247
0.051704 -0.698737
0.657726 -1.095609
0.199197 0.746039
-1.332182 -0.705855
0.436689 0.981877
-0.325537 -1.175856
1.420351 -0.148676
0.193982 1.570296
1.090162 1.432832
-2.061012 -1.084060
-0.288141 -1.179848
0.177049 1.661500
-1.846283 -0.796351
0.590285 0.562897
-1.166293 -0.880000
0.025769 1.373116
-0.822908 0.043563
-2.221014 -1.002740
0.606078 0.858566
0.876330 -1.113400
-0.213095 0.502683
-0.909350 -0.862384
-0.836388 -0.223014
1.277955 0.532601
0.910237 0.262786
0.564052 -0.043606
-1.526462 -0.885371
-1.995796 -1.441824
0.723125 0.805451
0.869114 1.503783
1.568024 -0.233094
-1.467998 -1.056518
0.406022 0.544787
0.122356 0.630767
0.424032 0.471460
0.439154 0.519710
-0.506977 0.474875
-1.766095 -0.602478
0.930715 -0.945802
0.598208 -0.272544
1.664286 -0.209869
-0.749172 0.756671
1.703044 0.787590
1.598479 0.239726
1.254935 0.256280
1.448011 0.087460
1.865955 0.654378
1.670511 0.876528
0.830156 1.785137
-0.368291 -1.187916
0.488831 0.787454
-1.413084 -0.052635
1.570460 0.573792
0.035006 -0.544358
0.474081 1.241582
1.134123 1.679804
0.251942 0.820781
1.885386 0.694207
-0.629496 0.766493
-0.714878 0.732690
0.684300 0.922093
-1.909315 -1.198274
-1.428279 -0.692044
-2.207787 -0.947325
-1.167488 -0.217287
0.830724 -1.047715
1.422191 0.832025
-2.102401 -0.562230
1.657354 -0.215608
1.628541 0.885399
0.579906 0.994067
0.936915 -1.213539
-2.058310 -1.123847
0.773363 0.786355
1.531860 -0.252760
0.572850 0.566638
-1.140189 -0.492350
1.050723 -1.492554
0.543782 1.021718
-1.109297 -0.031265
-0.185471 -0.855591
-0.395247 0.437040
-0.785664 0.850217
0.699049 0.570359
-0.866221 -0.773331
0.131621 -0.554040
-0.838254 0.010499
0.773510 0.234630
1.470514 0.584891
0.815748 0.143869
-1.207218 -0.071474
-1.544495 -0.985598
-0.548186 0.630204
0.401522 0.512074
0.582637 0.936437
-0.793850 -0.361981
0.784166 1.518049
0.661389 1.022052
-0.698362 0.357761
-0.850733 0.905403
0.071783 0.613591
-2.091747 -1.012082
0.997018 1.729630
-1.997432 -0.563841
1.550399 0.782273
0.814745 -1.424832
0.690611 1.969025
0.460208 1.166869
0.826288 0.740047
1.463630 0.265621
0.481979 -0.163296
1.576537 1.101358
0.542313 -0.407227
1.418326 0.100613
-0.890496 -0.388709
0.042917 0.345031
1.426019 0.018749
0.743953 -1.341945
0.883597 1.632547
-0.794520 0.869665
-0.707236 0.785237
-1.990533 -1.432992
1.148498 1.770098
0.203324 0.928081
0.625445 -1.027018
-1.980882 -1.098854
-1.906560 -0.688637
1.538614 1.124186
-0.006383 1.441657
0.827358 0.981793
0.639667 -1.093204
-1.429407 -1.027005
-1.008802 0.041936
0.758166 -1.054227
-1.990235 -1.483558
0.728658 1.990803
-2.203947 -0.995894
-0.352433 -0.189440
1.702947 0.437338
0.709182 -0.310896
0.397276 -0.560061
1.267176 0.831782
1.513029 0.355870
-0.378902 -1.151667
-2.097285 -1.061185
-1.424680 -0.070256
1.301614 0.115072
0.511275 -0.619750
0.084021 0.805976
0.933047 0.163226
0.397246 0.506827
1.653234 -0.170517
0.559684 0.551322
0.730806 -1.386622
1.192670 0.474626
0.527731 -0.239892
0.534330 -0.289471
0.867426 -1.061320
1.618424 0.596695
0.275432 0.627140
0.521898 1.315063
0.987096 1.818109
1.022858 1.565220
0.597267 1.000046
-0.277794 0.521032
1.282425 -0.115325
1.873085 0.635935
1.199707 1.830927
0.397726 0.504133
-1.622529 -1.000831
0.691454 -0.921981
0.802693 0.193748
-1.997891 -1.479477
0.663535 -1.154751
-1.444645 -0.044012
1.653875 0.189490
-0.442210 -1.226808
1.198740 1.597405
0.920370 0.637240
0.983034 -0.883592
-1.374792 -0.062060
1.115956 1.631872
1.025456 1.527371
0.822182 0.048938
-1.992710 -0.558179
0.736173 -1.387596
0.718774 -1.050940
0.792409 0.329037
0.453998 0.634849
-1.980838 -1.478387
-1.247205 -0.211108
-2.187038 -0.626796
0.707254 1.289776
0.756152 -0.953328
-1.995531 -1.133989
1.466500 0.707775
1.699955 0.699673
0.127600 1.672154
-0.798551 0.870986
0.802804 -0.783392
-0.622946 -0.250932
1.447539 1.169881
-2.048887 -0.726115
1.477903 0.676004
1.122842 0.004634
0.866918 0.275078
0.406631 -0.263414
0.513615 -0.893641
0.687795 1.997712
-1.459311 -0.027482
-0.386772 0.320506
1.252806 0.879573
1.260313 -0.004153
-2.141755 -0.898662
0.315952 0.449216
-0.581118 -0.122446
0.741133 2.038688
-0.852257 -0.426064
1.213655 1.711061
1.467420 0.293354
0.862273 -1.121274
-0.747457 0.817062
0.607343 1.397802
0.550379 0.991868
1.087904 -1.515800
0.495057 -0.288577
0.810633 0.691176
-0.705405 -0.767540
-1.620664 -1.012565
-0.450582 -0.867891
0.093307 1.068827
0.633304 -0.559764
-0.394821 -0.855472
1.513029 0.958535
-0.282917 -0.587908
0.481142 -0.265284
-0.621150 0.609185
-0.839228 0.886611
1.673111 -0.207531
0.656750 0.300440
0.869947 1.486396
-0.707892 -0.607999
0.631576 0.230412
1.562735 -0.031181
0.642284 -1.106342
0.623061 1.380527
1.492511 0.578909
1.336171 0.038465
0.011999 0.507637
0.611156 0.849814
-1.269253 -0.982084
0.801556 1.224289
0.692901 0.342968
1.080465 -1.465668
1.524847 0.121173
-1.804269 -0.594293
-0.712973 0.055014
1.569977 0.217367
0.122693 0.405633
0.702098 -0.830248
-2.061455 -1.325268
-2.035676 -0.795028
1.041649 1.526424
1.500389 0.020415
1.209364 1.846149
-2.222661 -0.997483
1.748027 0.487365
0.299954 -0.551225
-1.181882 -0.920593
0.814918 1.944574
0.902746 1.858620
-0.928716 0.983619
-0.093361 0.535385
0.688379 1.701157
-0.832479 0.021824
1.071463 -1.513947
1.639428 0.756397
-1.233310 -0.896868
0.140455 1.721619
0.856121 0.134789
-0.469745 0.303035
-2.069501 -0.829430
0.780829 0.250792
-1.811888 -0.539033
0.554301 -1.070529
-2.124098 -0.679245
0.937510 -0.989057
1.221373 -0.074932
1.821919 0.797714
0.590739 1.341270
1.584254 -0.068736
1.283250 0.469066
-2.032560 -0.635234
-2.027603 -1.325319
1.009623 1.807123
0.968361 -1.542677
-0.726354 0.349444
0.454419 1.285954
-1.957539 -0.985609
-0.374114 -0.301872
-1.468893 -0.091398
1.596961 0.876245
1.154898 1.405918
0.316797 0.827791
0.501936 0.988995
0.004600 1.387913
0.491641 -0.225176
0.237071 0.421905
-0.603494 0.204337
-0.392714 -0.923856
0.794096 -0.993398
-2.017751 -1.107294
-0.011524 0.577149
-0.510371 -0.227914
0.170766 0.440959
0.440823 0.561692
0.288015 0.496463
1.071797 -0.068558
0.126652 0.601791
0.486835 -0.106939
-0.181097 0.754322
-1.907024 -1.267590
1.163145 1.632473
0.783286 -1.281177
1.790989 0.691305
0.957048 0.461507
1.393125 -0.043130
0.629171 0.474646
-0.733651 0.141977
-0.211217 0.426537
1.159291 1.609869
0.113579 0.939099
-0.164822 -1.012683
0.821427 -1.094613
0.631801 1.055969
1.111139 0.965473
1.002219 1.612291
0.755048 1.948541
-0.982187 -0.835679
1.799397 0.602721
0.573518 1.203632
-1.884309 -1.135722
0.295554 0.498183
0.422643 0.971528
1.004732 -1.390156
0.767498 0.676659
-0.742555 0.776604
0.468129 -0.429004
0.748680 -0.063672
-0.327178 -0.879589
-0.663145 -0.181507
1.413599 0.258791
0.469231 -0.008783
1.116271 0.946670
0.144518 1.032218
0.586793 1.297295
0.134242 1.069967
0.921480 -1.432538
