1000 2
-0.005730 1.427392
-1.233474 -1.381992
1.090082 1.124375
-0.481961 1.891835
-1.240635 0.999376
0.260447 0.020628
1.617646 -1.872980
-1.189028 -0.569493
0.043036 2.230540
1.126451 0.868721
2.140614 -1.293792
0.878049 0.023616
-0.933447 -1.640602
-1.205193 -0.603666
-1.144800 -0.653044
-1.254190 0.668537
-1.328659 -0.467457
0.128263 2.707572
0.781174 -1.436847
1.352504 1.563726
0.529064 -2.526990
-0.213704 1.393993
0.991721 -0.318153
-1.453716 1.407266
-1.049133 -1.242036
0.307174 0.034141
-0.779163 2.244374
-1.204680 1.476851
-1.000004 -0.139735
0.167667 -0.779049
0.661534 -0.635393
0.100721 -0.780193
0.927516 -0.814485
-0.980618 1.843953
1.387621 -0.332424
-2.180467 -0.897622
2.473310 -1.167206
-0.842059 -0.532576
-0.972148 0.021422
1.395241 -1.250012
-1.111299 0.342080
-1.564536 -0.552579
0.520890 -0.785641
0.605035 -2.386624
-0.975145 -0.707576
0.820612 -2.608975
-1.234898 -0.582171
-1.235657 -1.110248
2.518451 -1.151935
0.961385 -0.766631
0.442022 -0.799605
0.051038 2.112864
1.749273 -2.508599
0.868091 1.384800
1.091388 1.294352
0.831068 -1.327840
0.107570 1.239817
-2.157414 -0.642205
-2.395952 -0.828080
0.439551 0.103282
1.578498 -0.364718
-0.182387 1.188965
-0.451819 2.824412
1.466661 -1.382948
-1.193934 1.518791
0.725548 -2.100040
-1.110475 -0.938733
-0.714311 2.176613
-1.139791 0.931865
-1.556967 1.687513
2.527108 -1.186208
-0.389026 1.481946
0.189626 1.342116
-0.970985 0.065659
-1.232528 -1.203791
-1.102586 -0.139197
1.064167 -0.928617
2.118378 -1.559279
0.659119 -0.747062
-0.349702 1.760578
1.866326 -2.405814
-0.883390 -0.543883
1.659103 -2.572416
0.631128 1.796019
-1.705204 1.226248
-0.949412 -1.207986
1.052571 1.493410
-0.028208 1.542299
1.677792 -2.687679
1.186479 1.046504
1.540194 -1.459276
0.428663 -2.520667
-2.353353 -0.657198
1.123493 0.783671
-2.048277 -0.557125
0.715431 -2.187969
1.275304 1.388812
1.871787 -1.253636
-2.269031 -1.127669
-2.341591 -0.964248
1.088284 -0.665190
1.667212 -1.054190
-0.696825 -0.457594
0.027349 1.799503
-0.896383 -0.686068
-0.962042 1.976595
1.446309 -1.570276
-1.799714 -0.500761
1.465796 -1.374297
-1.344299 -1.500789
0.875435 -0.712062
0.769071 0.203990
-1.038356 -0.535567
-1.199102 1.472076
1.372656 -1.172651
-2.157241 -0.556976
1.293151 -1.844759
-1.474305 1.480187
1.594502 -0.404608
0.736740 -1.451578
2.206922 -1.552196
1.172708 1.076836
0.066098 -0.783147
-0.647158 0.907390
-1.145184 -0.540865
-0.723845 0.849744
0.106066 -1.545683
-1.097117 1.048559
0.360103 -2.554874
-2.118606 -0.824716
1.136091 -0.403245
-0.123301 1.377618
-1.166376 0.984154
-1.828780 1.288895
0.295648 0.043163
-1.169314 -1.130020
1.328334 -0.671339
-1.720878 -0.682548
1.433650 -0.461728
1.168113 1.030563
1.499824 1.816383
1.578933 2.006342
-0.675447 -0.405927
1.582672 1.954154
-1.506247 0.973551
0.318713 2.574099
0.619330 -0.661343
1.339714 -1.116187
-1.730970 1.030235
-1.196760 1.198875
-1.162937 -1.532071
-1.576141 1.425657
-0.877731 -0.358900
-1.303386 -1.386488
0.596782 -2.566592
1.371763 -0.636626
0.522264 1.514090
-1.277997 -1.600866
0.590161 0.376162
-0.918388 -1.266556
0.092815 1.216122
-0.395995 2.802392
-0.964254 0.068170
0.474857 -2.540222
0.215266 1.493515
0.880825 1.431479
1.490127 1.133461
-2.311862 -0.609204
-2.409152 -1.013018
0.057512 1.968779
1.093484 -0.420733
0.033025 2.012015
0.166836 1.538360
1.085003 1.164657
0.654996 -2.499863
-1.930549 -0.671345
1.312207 0.410406
-0.898310 -0.508982
1.019501 1.491662
-0.993880 0.053929
1.424941 -0.675671
0.705152 1.886370
-1.221484 0.459693
1.589423 -1.452501
-1.564655 1.746438
0.965720 -0.957091
0.639401 1.267810
0.865448 -0.027539
1.285746 -1.141669
1.163308 1.134537
1.090555 -0.688463
0.731014 0.263667
-1.726850 -0.726583
1.669188 1.140072
0.662953 -0.570496
-0.758226 -0.397688
-1.257792 -1.169268
-1.356965 0.986529
1.465184 -0.288470
-1.136021 -0.915404
0.668766 -0.652451
0.746521 -2.039391
-0.950132 -0.020521
-1.136557 -1.000445
1.424179 -0.880027
-1.327028 -1.491098
1.262734 -0.592365
0.127244 2.758099
-2.146601 -0.845357
1.207700 -0.665012
-1.047243 -0.693929
-0.804541 -0.273645
-0.871385 -0.261986
-0.239656 1.431711
1.288448 -0.495164
2.154457 -1.361220
-1.002286 0.073662
1.425533 1.574120
0.228644 2.606913
-1.668350 -0.687709
1.728092 -2.394715
2.541892 -1.223280
1.665038 -2.716274
-2.044566 -0.629997
-1.419670 -0.501937
1.314752 0.364921
0.030216 1.278750
0.976938 -0.175615
1.160196 0.311014
0.779222 1.919280
1.915551 -2.325438
0.270691 0.785754
-1.092402 -1.391708
0.542070 -0.000761
1.732596 -2.577286
-1.028907 -0.682350
-0.852130 1.080125
1.671710 -1.006181
0.290451 3.114785
1.443718 -0.890406
1.318993 -1.089366
-1.180765 1.035944
1.789368 -2.470918
-2.227123 -1.050135
0.861468 1.160274
0.662194 -2.871752
1.000847 1.586839
-0.773192 0.989434
1.772688 -1.263153
1.825128 -2.317774
1.413631 1.564540
1.019655 -1.818828
-0.784041 -0.309829
-1.204365 1.335685
1.272539 -1.846600
2.542543 -1.230087
-0.883284 -1.289842
1.240102 -1.801557
1.515578 -0.593769
-0.000932 1.265354
0.919261 1.760538
1.287657 0.411624
1.619858 2.037420
1.803574 -1.239677
0.888404 -0.056023
1.443682 -1.486041
0.755070 1.258947
-1.411323 -0.449578
-0.307584 1.520136
0.637217 -2.590003
0.761945 -1.513187
0.544506 -0.657223
1.405384 -0.589589
-2.411927 -1.103323
0.672989 -2.135484
-0.403548 1.385504
-0.946009 -0.702922
1.378860 -1.193167
0.283628 3.079582
0.732399 1.820655
-0.165914 1.195952
-2.435180 -1.086030
1.630590 -0.431707
2.544580 -1.148057
-2.089835 -0.698849
0.252158 1.236751
0.784515 -1.909925
-1.031162 -1.602201
0.238552 2.954572
1.613643 1.959530
-0.535434 1.921289
-1.278497 1.551592
-1.312278 -0.459908
-0.966484 0.062588
0.598604 0.374309
1.537635 -1.676063
-1.288139 -1.575001
-0.074963 1.417893
0.955936 1.125341
1.660891 -0.596340
-0.620891 1.907249
1.098087 1.298053
1.031355 -0.903853
-1.068405 0.657183
-0.240701 1.201891
1.120957 1.343295
0.292506 0.039218
-2.455688 -0.895957
-1.398541 1.024132
1.202398 1.107741
0.078495 2.433726
-0.369338 1.239773
-1.201334 0.357080
1.214629 -0.813889
-0.860046 2.319199
-0.622925 1.945226
1.500181 -1.364576
0.220160 2.978224
0.207472 1.834911
0.559714 -2.598586
1.675966 -0.336205
-1.599504 -0.587723
1.818353 -2.350013
1.084732 -0.333443
-2.196043 -0.792690
-0.050041 1.343502
-1.078739 0.801002
0.043217 2.219586
-2.404909 -1.002557
-0.131826 1.241739
1.750909 -2.355784
1.611515 2.028217
1.277359 -0.706918
-1.731765 -0.714282
-1.632663 -0.614656
-1.598100 1.356314
1.364057 -0.659803
-0.119037 -0.741419
1.111684 -0.445153
-1.746251 -0.778525
0.072270 2.281514
-0.854710 -0.715242
1.274947 -1.852921
-2.282174 -0.952703
-0.998590 1.923830
-2.054015 -0.673474
1.399471 1.138590
-1.308894 1.595931
0.078239 1.716676
1.138799 0.150810
-1.450906 -0.400487
-0.867916 -0.735125
-0.067580 -0.139718
1.237226 -0.564160
1.904846 -2.269843
1.642673 2.067739
-1.174525 -1.548264
0.711404 0.245921
-2.418342 -1.015331
-0.862341 -1.323872
1.075009 -0.891485
0.752304 -2.684071
1.599121 1.988658
-0.912518 2.377331
-1.337640 -1.490997
-0.999500 1.541241
1.397819 -0.579633
0.070411 1.395199
1.347179 -0.738563
0.758795 1.958530
1.481929 1.951873
-1.346054 1.477355
-1.273082 -0.490273
-1.312918 -0.456251
1.368656 1.494901
-1.615400 1.781866
1.244925 -0.980988
-1.528892 1.364033
0.447498 -0.793167
-0.979634 1.245586
-1.013954 0.925281
2.549134 -1.130053
0.948483 -0.059778
1.709586 1.139121
1.325310 0.401585
-1.103979 1.045359
1.235649 1.618518
0.059694 2.061625
0.654285 -2.873422
1.114020 -0.873322
-1.014454 0.215784
1.316190 -0.362757
1.288846 -1.866341
1.036414 1.539657
-1.592993 1.768059
2.536488 -1.154706
1.194958 -0.583205
2.231081 -1.587179
-1.464945 -0.459235
-0.018143 2.257522
0.290721 2.499921
1.141512 0.262960
1.745613 -2.476725
0.667247 1.838589
-0.975825 -0.900948
0.592899 -2.392287
0.811570 1.921375
1.209587 1.091764
1.207232 1.150914
0.783103 -1.680227
-1.119166 -1.331068
-0.714745 2.183306
1.312086 -1.814376
0.901879 1.178410
1.322671 -1.144341
-0.609727 2.014762
0.272513 1.066102
1.954282 -2.281887
-0.635496 2.055702
0.983913 -0.900377
0.831099 -0.676708
-1.155512 -1.554611
-1.497232 -0.489963
1.140581 1.272658
0.264862 2.713335
0.041417 2.188937
0.655851 -2.911186
0.902899 -0.342120
0.888998 -0.376210
1.061457 1.430127
0.855183 1.128123
0.185659 0.547613
0.500287 -0.685467
1.027669 -0.342632
-1.124964 -1.475827
1.093381 -2.577879
-0.898910 2.366208
-0.836697 -0.513373
2.544195 -1.237370
-1.489861 -0.608279
-1.220092 1.192705
-0.222650 2.939216
0.405147 0.089400
0.064130 2.156912
-1.760883 1.041782
-1.878028 -0.582437
-1.770487 -0.704784
1.440378 -0.285029
-0.917297 -0.506346
1.669481 -2.726639
0.645517 -2.856565
-0.087785 2.916695
1.615497 -0.381165
1.640782 2.067580
-1.572415 1.719112
0.979777 -0.865538
0.911622 1.604597
0.445926 0.518428
-0.035665 1.323282
1.780614 -2.533409
0.759389 -0.218422
0.777158 1.358263
-1.107454 0.816813
-1.166746 -0.705576
0.659125 -0.125959
-1.755778 1.321062
1.799811 1.132702
-0.963516 0.003019
1.233624 0.304429
1.017957 -0.432335
-1.234381 0.890261
0.667343 -0.160353
-1.865880 1.326469
-0.815197 -0.244889
1.422696 1.615999
0.809825 -1.844649
0.615789 -0.639107
0.215474 2.981958
-1.129714 -1.057077
-0.127152 1.714949
-1.278734 1.527009
-1.951252 -1.320149
-1.729933 1.357093
-0.148311 2.936256
0.960908 -0.965356
1.541796 1.844720
1.753369 -0.607451
1.557801 2.037878
1.151015 1.222941
-0.181369 2.908280
0.460386 0.093885
-0.677225 2.514359
1.532664 1.882052
0.465214 -2.561214
1.295907 -1.088124
1.714735 1.137149
-0.423598 2.911915
-1.187251 -1.145940
1.804445 -0.612071
-1.921035 -0.536725
-0.520370 1.010480
-0.959722 0.792725
1.143431 1.071758
2.268294 -1.605153
-2.112341 -0.569105
0.362669 3.260181
0.831753 1.803816
-1.137608 -0.577722
0.058093 2.104507
-0.414707 2.799667
0.685546 -2.188455
-0.943497 0.040199
0.629845 -2.311791
1.747531 1.141850
0.209555 2.880691
-1.293155 0.909799
1.567409 -0.584087
-1.237667 -1.329787
0.229685 2.744268
-0.966243 0.056987
-0.197687 1.403228
0.261956 0.955782
-1.104896 -1.025442
0.290002 2.362755
1.938518 -2.323382
0.835184 -0.706784
-1.115935 -0.562161
1.720173 1.152685
-1.197506 0.920979
0.291811 1.195308
1.163096 1.013647
-0.163910 1.452946
-0.958185 2.426415
-0.947029 0.908720
-0.669497 2.128803
1.263740 -0.648556
1.779739 -2.530155
-0.433652 2.898768
-0.460251 1.490378
-1.885090 1.322534
1.037126 1.522836
0.086035 2.631651
1.639361 -0.364236
1.766754 -2.552936
0.169924 1.514954
0.681332 -0.182416
1.436260 -0.240822
1.102658 -0.515845
-0.891126 -1.277473
-0.999726 -0.687067
-1.354000 -0.427374
2.101380 -1.447205
-1.327185 -1.373224
1.194995 -0.227086
2.564430 -1.129332
-0.971183 0.070751
-0.553102 1.958117
-1.044926 -0.681256
0.414713 -0.766549
1.284059 -0.620905
-1.265705 1.550208
-0.485645 2.849631
-1.504139 1.212391
1.360957 -1.172026
-1.243554 1.563740
0.807287 1.967575
0.595869 -0.812720
1.438300 1.702020
1.634900 -1.402280
-1.096478 0.063544
-1.736151 1.233008
0.208517 2.987057
-1.038519 -0.273577
0.266907 3.104893
2.217043 -1.578129
-1.869268 -0.692383
-0.163385 1.428810
1.300364 -1.821158
1.098765 -1.789142
1.309606 -1.838067
-0.454310 0.258367
-0.965998 -0.815011
1.831015 -2.294158
-0.449728 1.880391
1.499473 -1.462951
-1.829980 1.026831
-2.038365 -0.543710
-1.898700 -0.529855
1.409014 1.536891
-1.039059 -1.302534
1.182279 -0.389233
1.437982 1.676700
0.545245 1.201129
0.355896 3.249519
-1.493930 1.542514
-1.297181 -1.704497
0.324356 1.272537
-1.684433 1.314509
-0.885782 1.064281
-0.090704 1.905894
-1.090589 -1.311247
1.372442 -0.557028
-0.752962 2.254183
1.767100 1.135205
0.667583 -1.473775
-1.163989 -1.210499
0.786388 -1.438284
-1.783900 1.052487
1.569070 1.142850
0.792994 -1.668334
1.026122 1.022318
-0.938944 -0.577708
2.033906 -1.411209
1.239314 -0.660881
-0.968697 -0.672727
1.439015 -0.735673
1.600354 2.030828
1.231748 -0.594211
0.659673 -0.095651
0.054718 2.175621
0.025715 2.860096
1.030439 -0.717979
-1.092605 1.560289
0.657380 -2.626059
-1.055536 1.851537
-1.223300 0.925965
0.119567 2.728594
-0.978917 1.920465
0.743185 -1.501916
0.791152 -0.587586
-1.244092 1.551126
-1.106586 0.807278
-1.754523 -0.823154
0.071958 2.858893
-0.970192 0.037407
1.465087 1.149838
1.183006 -0.625182
0.097916 1.771644
1.082279 -1.000345
0.058428 2.377391
0.635378 1.778092
-1.359173 -1.341215
1.713138 1.154571
-1.760340 1.179614
-0.734134 2.197855
-1.375224 -1.496017
-0.964333 -0.411787
-0.130769 1.361028
0.026953 2.175799
1.300914 -1.874945
-0.549961 0.957886
2.516165 -1.152126
-2.151397 -0.568388
-0.700502 0.837283
-1.161176 0.647169
1.654301 -2.691893
0.412759 0.010443
-2.432776 -1.087447
-0.019252 -0.758129
-0.258009 1.673912
0.108123 1.453995
-1.249528 -1.430951
0.911138 -0.371106
1.006103 -0.365123
0.367104 -2.545188
0.074542 2.444366
0.861405 -0.295747
-1.200665 -1.136288
-1.157933 0.625862
1.211740 1.074530
0.821130 -0.680238
-1.204922 1.224447
-0.389973 2.885125
-0.940939 1.501539
-1.153643 1.014837
-1.693477 -0.727233
-1.195583 0.870851
1.126073 -0.457456
-1.756284 -0.721631
1.062783 1.382018
0.973210 1.747651
-1.766845 1.076091
1.315473 1.847138
0.380476 3.297653
-0.638405 0.876164
1.371847 1.624868
0.072227 2.718064
0.347938 1.210396
-1.138238 -0.581675
-0.994997 -0.680615
0.845129 -0.334637
0.796621 -1.423790
-1.371164 1.596374
-0.629070 1.119230
-1.250878 1.537102
0.123364 -0.770144
1.281960 1.164017
0.661834 -1.466490
0.782627 -0.684011
1.629447 -2.623253
1.615474 -2.610408
0.122411 2.839327
-0.035258 2.948849
-1.397582 1.017471
1.392312 -1.212039
0.684087 -0.559194
-2.371158 -0.618853
1.557106 -0.962546
-1.253456 -1.377418
1.076271 -0.500801
0.271136 2.484680
1.169205 0.896064
-0.813438 -0.488734
1.571880 -1.732598
-1.364988 -1.495032
0.040710 2.889306
-0.468131 2.811168
-0.914819 -1.260987
0.851776 -0.637012
-1.522870 1.162053
0.054710 -1.511775
-1.481563 1.553395
2.471038 -1.132987
1.293873 -1.858651
-0.955969 -1.228001
1.397418 -1.245779
1.499492 -0.460116
0.083291 2.335126
0.314081 2.695692
-1.712950 1.381923
1.305812 -1.830480
1.754088 -2.373770
0.792952 1.944014
-0.015182 2.977355
0.048049 -1.498792
1.183959 -0.312423
-1.823772 1.237840
0.068204 2.395688
-0.023244 1.418302
0.795599 -2.377655
-0.939819 -0.671331
-1.321394 -1.645817
-0.206136 1.645548
-1.218072 0.435507
-0.968232 0.126721
-1.254550 1.023100
0.113432 2.809442
0.326005 2.441804
1.266858 -0.554971
-1.404385 1.013629
1.134358 1.224413
-1.186611 0.268514
-2.128046 -0.555505
0.102783 2.900543
1.421298 1.545494
-1.024574 -0.445492
-0.354342 1.797518
1.324435 -0.333227
1.378277 -0.329705
0.647820 1.801182
0.438774 1.318718
0.084760 1.651627
0.334502 -2.558814
0.414357 3.353580
1.108231 -0.464811
-0.208662 1.665388
-0.472352 2.871054
-1.295412 -0.741074
-1.081501 1.152954
0.411461 -0.765088
1.179199 -0.572290
0.484033 -0.027145
-1.376647 0.989527
1.834238 -2.443121
0.587333 1.522688
1.684509 -2.645628
-2.407398 -1.050207
0.100239 1.350165
1.115758 -0.617874
0.085706 -0.766185
2.124107 -1.428996
1.878238 -2.466749
0.944490 -0.649860
1.124876 -0.778970
0.826649 1.406782
1.137166 -0.588684
1.466581 -0.704389
0.727178 -0.639820
0.123485 2.849451
0.173960 1.367860
1.747548 -2.215778
1.098530 -1.041983
-1.763062 -0.781762
-1.673959 -0.681517
-0.999056 1.203071
0.869534 -0.633518
0.895924 -1.163251
-0.140605 1.599019
0.560858 -0.827596
-0.345341 2.980910
0.569931 -2.401609
0.780440 -2.562609
1.098207 -0.817862
-0.676821 0.842987
-1.111541 -0.164863
1.022896 -0.589878
2.151461 -1.509041
1.149920 -0.732061
-1.043345 0.787627
1.525644 2.050160
-0.924702 -1.033537
1.605104 2.011284
-0.424258 1.100975
0.668242 1.527965
-1.129955 -1.066457
-2.311244 -0.957004
0.141113 2.786374
0.645252 1.545038
-1.264615 0.931458
1.758691 -2.568856
0.636279 -1.491758
0.726859 -2.454753
-1.277232 0.874648
0.743291 -2.609978
0.211373 2.670683
1.533628 1.805380
1.632689 2.059342
-1.928868 1.333555
0.033882 1.200645
0.040858 2.169159
1.325436 0.399140
-0.909379 2.361000
1.329425 -0.488472
0.928494 1.621064
0.892710 1.449395
1.349369 -0.608190
1.456463 -1.375811
-0.110419 1.567842
-1.530845 1.634059
-0.966658 2.429419
0.735455 -2.700912
1.031567 -0.720880
-2.076206 -0.552684
-1.131660 0.965060
-1.812702 1.047209
0.296331 2.601571
1.120584 -1.059318
1.113405 -0.799688
-1.497392 1.521120
-1.749627 -0.605466
-1.069784 1.048593
0.981209 -0.619920
0.134455 1.479838
0.384271 -2.516939
-2.366882 -0.978882
0.081044 2.860461
1.126121 -0.487071
1.844884 -0.616708
0.105013 1.485507
1.705831 1.146465
-0.548664 -0.727482
-0.403568 1.486341
0.001378 1.486972
-2.128212 -0.574111
1.179116 -0.747163
0.347986 3.200330
-1.238439 0.758348
1.554290 -0.613816
-1.244372 0.851722
1.686161 2.116920
1.726361 -0.609369
0.252399 -0.762131
2.168888 -1.518412
-0.053235 2.996711
-0.455359 2.912211
1.246765 1.022027
0.863467 1.425291
0.693342 -2.676063
-0.237032 1.436474
1.848358 -0.619598
1.805449 -2.556247
0.140339 1.696590
2.155109 -1.504467
0.303005 2.430616
1.744819 -2.566704
1.633893 -1.421943
0.065764 2.167648
-0.222747 1.299862
-0.699940 2.157450
0.806549 -1.820924
0.298486 1.234633
0.780066 -0.687201
-0.638434 2.078188
-0.464943 1.523748
0.034265 2.287703
-1.241323 0.903476
0.819942 -1.373238
-2.359058 -1.180558
1.689092 -0.406317
0.995069 1.443851
-1.979576 -0.735839
-0.904035 -0.678424
1.602335 2.009643
0.183960 2.771267
-0.842422 2.301291
0.530176 -0.044816
1.169358 -0.370273
-0.209891 1.183542
-0.908513 -0.523922
0.419817 -0.777099
1.018286 -1.674763
-0.977629 -0.727147
0.858691 1.695639
-2.372257 -0.612576
0.072738 2.830342
-0.843491 1.085516
-1.111980 -1.440764
1.517430 -1.463109
-0.475921 1.479382
0.151826 2.830433
0.724465 -2.400751
0.800090 -2.632715
0.085596 1.615870
-0.899642 -0.718629
-1.135442 0.888761
0.050677 2.169506
-0.628483 1.469381
-2.422046 -0.911086
-2.236304 -0.910473
-1.593513 1.738752
0.646238 -2.896468
-2.405689 -0.996550
-1.252009 1.559897
-1.213616 -0.518199
1.251772 1.097785
0.152502 2.815423
1.171252 -0.741005
0.455089 -2.543308
-0.318529 1.174608
-0.991528 0.084073
1.243893 -0.709802
0.352175 3.241759
-2.248656 -1.155214
2.283560 -1.598280
0.483822 -0.009796
0.105887 1.135103
-1.309308 -1.665950
1.446560 1.155205
0.357255 3.247735
1.227702 -0.429304
-1.278274 1.547207
-1.319482 1.602678
-0.947429 0.076241
-0.249604 1.754516
0.459739 -0.809341
0.066331 1.359727
-0.921024 -1.202175
0.296704 3.063784
0.959676 1.780895
-2.422735 -1.080711
-1.114563 0.510398
1.697194 -2.080121
0.643037 -2.921394
-0.289042 1.733396
1.660292 -0.355250
-0.696411 2.138579
1.186744 1.118110
-1.741173 1.136989
0.798859 -2.625559
0.051494 2.118185
1.704193 -2.048033
-1.118438 0.804334
-0.612071 2.078547
0.069329 1.481824
0.155653 1.777391
1.953792 -2.383024
0.140106 1.178597
0.761569 0.153457
-0.569357 1.480417
-1.076405 0.794322
0.676086 -2.697012
0.759175 0.258332
-0.430705 2.715533
-0.680956 2.146104
1.248778 -0.673456
0.653773 -2.878040
-2.155276 -0.554366
1.749746 -0.424714
1.360180 -1.167895
0.415879 -0.740064
0.329107 1.469549
-1.042059 -0.708383
-1.350645 -1.628857
0.000948 1.417025
0.696738 -1.463332
-0.954446 2.402165
0.535402 0.440668
0.043383 -0.767776
1.914812 -2.483459
-1.859283 -0.710080
