1000 2
0.945726 0.851268
-1.721009 0.146838
1.322489 -0.220841
0.282337 0.767565
0.083103 1.793932
0.139433 -0.259637
-1.009561 -1.835976
-1.164792 0.399925
1.544879 1.305590
1.207511 -0.346296
0.778887 -2.392143
0.303670 -0.885238
-1.557686 -0.304303
-1.218364 0.465390
-1.228203 0.464594
-0.139427 1.605961
-1.335225 0.844325
1.888742 1.536461
-0.196694 -2.224634
1.926425 -0.260227
-0.497324 -3.228308
0.908554 1.218717
0.168882 -1.103825
0.405288 2.322273
-1.822264 0.371031
0.124780 -0.227118
0.008465 0.631927
0.570870 1.948266
-0.992885 1.531492
-0.790698 -0.871712
-0.514805 -1.191452
-0.831393 -0.841191
0.015186 -1.693448
0.924938 1.918111
-0.317792 -1.451616
-1.669736 1.351721
1.137618 -2.442148
-0.991057 0.460439
-0.978182 1.611423
0.297033 -2.211603
-0.594766 1.150985
-1.568453 0.818612
-0.459956 -1.044274
-0.480195 -3.118417
-1.118289 0.715034
-0.853204 -3.085319
-1.313274 0.602172
-1.834748 0.508474
1.157969 -2.436928
0.054673 -1.554690
-0.559408 -0.983202
1.394243 1.179679
-1.447544 -2.131716
1.452212 0.183036
1.427333 -0.087684
-0.194489 -2.131811
0.677644 0.528167
-1.654819 1.306228
-1.976831 1.333238
0.190455 -0.259088
-0.285438 -1.573764
-0.658191 1.077046
1.688511 1.987734
0.321892 -2.303759
0.562959 1.976029
-0.302931 -2.774013
-1.371561 0.473854
0.026369 0.542543
0.087584 1.741931
0.550725 2.277100
1.196419 -2.471949
0.910799 1.217683
0.971691 0.697077
-0.989308 1.633909
-1.562112 0.131061
-0.679442 1.064943
0.037310 -1.904878
0.730564 -2.651664
-0.285552 -1.136358
0.411569 0.817794
-1.529256 -1.968495
-1.096168 0.590210
-1.492123 -2.262739
1.749498 0.564925
0.173573 2.508237
-1.891495 0.362690
1.633175 0.060700
0.879641 0.934769
-1.518003 -2.331773
1.334724 -0.291305
0.346004 -2.438200
-0.441968 -3.243987
-1.943156 1.233230
0.735946 -0.756201
-1.649949 1.153193
-0.379679 -2.861800
1.540523 -0.268556
0.717732 -2.476557
-1.951061 1.417348
-2.068488 1.538154
-0.053882 -1.349544
0.551681 -2.174845
-0.934210 0.382419
1.208889 0.912146
-0.948740 0.585421
1.061629 1.998318
0.266434 -2.635077
-1.560452 1.029430
0.312804 -2.426603
-1.819850 0.051963
-0.028584 -1.606053
0.410830 -0.642856
-1.051603 0.683617
0.592835 2.003054
-0.609539 -1.670270
-1.683105 1.316215
0.162624 -2.786446
0.545403 2.392833
-0.185234 -1.568168
-0.316258 -2.279459
0.756023 -2.680021
1.327850 -0.290332
-0.843689 -0.830650
0.233015 1.449824
-1.138515 0.387420
0.175970 1.533289
-0.156297 -2.610546
0.273869 1.836539
-0.445127 -3.287074
-1.611317 1.304297
0.074062 -1.287218
0.967061 1.043778
0.171525 1.821830
0.179019 2.570824
0.129068 -0.238128
-1.525354 0.315514
0.266289 -1.350854
-1.745382 0.799656
-0.169785 -1.480828
1.316721 -0.288955
2.168236 -0.192504
2.362823 -0.085781
-0.895809 0.343463
2.391272 -0.180072
0.029094 2.023503
1.914356 1.295474
-0.210931 -1.195134
-0.427671 -1.590379
0.023283 2.255772
0.289178 1.833192
-1.709978 -0.018476
0.425848 2.435120
-0.963055 1.019985
-1.560412 0.044964
-0.556706 -3.252965
-0.115584 -1.444513
1.546757 0.372974
-1.920612 0.116265
0.521020 -0.343152
-2.024809 0.409532
0.864899 0.503160
1.834778 1.872581
-0.891789 1.561352
-0.509763 -3.224736
1.146397 0.762317
1.497993 0.158261
1.482840 -0.580734
-1.895648 1.199994
-2.014741 1.457687
1.356821 1.145133
0.192730 -1.175003
1.309452 1.090802
1.425229 0.676847
1.271669 -0.105867
-0.542394 -3.067258
-1.849612 0.970967
0.986076 -0.987963
-1.082790 0.443254
1.613961 0.106423
-0.815120 1.471730
-0.097888 -1.377447
1.860787 0.562030
-0.263459 1.508726
0.418141 -2.468496
0.628129 2.248102
-0.095157 -1.871290
1.104475 0.279568
0.308998 -0.791324
0.299685 -2.351883
1.382509 -0.233763
-0.158918 -1.242842
0.422900 -0.550948
-1.878762 0.812946
1.562004 -0.703554
0.010722 -1.246441
-0.974799 0.355996
-1.539882 0.112854
-0.093447 1.960045
-0.428451 -1.499743
-1.327539 0.386850
-0.361459 -1.186044
-0.344699 -2.780973
-0.850978 1.362942
-1.324159 0.298838
0.441419 -1.956532
-1.758334 0.093719
0.246515 -1.603379
1.952957 1.561558
-1.607598 1.390432
0.191846 -1.341225
-1.201180 0.539636
-0.938296 1.071440
-0.927667 1.142060
0.804005 1.125855
0.227090 -1.300515
0.783285 -2.472460
-0.958861 1.593485
1.803625 -0.265772
1.893939 1.396567
-1.839578 0.828986
-1.481957 -1.982237
1.232125 -2.463893
-1.559290 -2.362305
-1.661596 1.180219
-1.385380 0.814957
0.909472 -1.081575
0.819223 0.698879
0.241374 -1.080993
0.932413 -0.680253
1.926357 0.566663
-1.585979 -1.901057
0.730988 0.274630
-1.503803 0.029065
0.181054 -0.358877
-1.505992 -2.214339
-1.175721 0.828264
0.215352 1.529187
0.398243 -1.925646
2.347083 1.667598
0.415061 -1.925313
-0.484405 -1.627929
0.268401 1.821366
-1.453492 -2.089885
-1.847238 1.473386
1.228020 -0.037305
-0.778769 -3.283206
1.648854 0.133286
0.173684 1.556555
0.531709 -2.233098
-1.508748 -1.926279
1.938085 -0.284496
0.029177 -2.702708
-0.926933 1.073931
0.485843 1.949664
0.126674 -2.781724
1.242164 -2.471003
-2.071877 0.423212
0.160354 -2.737856
0.470600 -1.339521
0.817008 0.802826
1.809078 0.309207
0.911991 -0.967160
2.429902 -0.132500
0.552367 -2.200567
0.405441 -0.622379
-0.818824 -1.737345
1.354519 0.207614
-1.338487 0.861654
0.374825 1.060105
-0.621679 -3.118701
-0.161506 -2.214943
-0.620241 -1.078002
0.179742 -1.330842
-1.996354 1.460169
-0.332688 -2.778574
0.864855 1.269285
-1.169558 0.625779
-0.594270 -1.652828
2.311879 1.664229
1.799026 0.492775
0.700317 0.842448
-2.050184 1.497270
-0.253314 -1.567221
1.184680 -2.458675
-1.653581 1.252694
1.036496 0.614058
-0.297457 -2.751063
-1.583591 -0.196310
2.210500 1.652319
2.313232 -0.116601
0.347216 0.809494
0.588310 2.120379
-1.290202 0.793940
-0.973680 1.626141
0.570322 -0.110065
-0.963957 -1.804199
-1.900127 0.092953
0.960514 1.012464
1.257963 -0.054309
0.544788 -1.434434
-0.024715 0.781801
1.481782 -0.091413
-0.070062 -1.743895
-0.132135 1.293384
0.610627 1.171916
1.591023 -0.028676
0.100791 -0.226370
-2.037803 1.409926
-0.089913 2.000713
1.317430 -0.326933
1.645369 1.452323
0.580788 1.226558
-0.371972 1.391934
-0.257764 -1.506494
-0.050750 0.649085
0.075830 0.783424
0.326734 -2.327150
2.224693 1.622862
1.119014 0.895400
-0.610517 -3.185475
-0.289730 -1.647411
-1.618306 0.820392
-1.428725 -2.029530
0.261995 -0.993177
-1.675697 1.299985
0.955187 0.977480
-0.053044 1.540974
1.470184 1.259851
-2.101542 1.552689
0.792727 0.824025
-1.510859 -1.939225
2.429544 -0.181544
0.164148 -1.583009
-1.866349 0.812542
-1.610307 0.832882
0.262139 2.373988
-0.097786 -1.303395
-0.872393 -0.735991
0.154359 -1.239150
-1.928435 0.808236
1.545691 1.309257
-0.878682 0.560143
0.164584 -2.791250
-1.885364 1.414186
1.003742 1.966029
-1.788991 1.087877
1.395905 -0.384650
0.678617 2.003161
1.205859 1.044412
0.469435 -1.014623
-1.327036 0.874064
-1.086604 0.578930
-0.853066 0.318200
0.127618 -1.329806
-1.572440 -1.879190
2.461121 -0.093858
-1.730908 -0.030829
0.448344 -0.534222
-2.091121 1.531516
-2.087188 0.409223
0.051700 -1.750408
-0.821494 -3.138100
2.343506 -0.089933
-0.148430 0.652918
-1.736746 0.068558
0.650418 1.947024
-0.154022 -1.372253
0.949282 0.837749
0.237091 -1.654379
1.950448 0.597604
2.282516 -0.022716
0.564017 2.238242
-1.228926 0.726466
-1.301834 0.824503
1.856938 -0.287069
0.645418 2.287462
-0.317949 -1.523938
0.347520 2.372872
-0.526329 -1.006528
0.518565 1.806222
0.160983 1.602136
1.241634 -2.486712
0.296733 -0.927682
1.597486 -0.759676
0.979787 -1.027914
0.210699 1.818044
1.849726 -0.131323
1.484985 1.240747
-0.780823 -3.372460
0.072380 -1.700091
-0.551519 1.569702
-0.271931 -1.413372
0.194164 -2.830887
1.671547 0.072680
0.647878 2.263936
1.183659 -2.493683
0.297603 -1.317320
0.764389 -2.702257
-1.386873 0.850407
1.541298 1.308909
1.932819 1.265890
1.048383 -0.517535
-1.371193 -2.084307
1.821709 1.044244
-1.504345 0.483511
-0.472683 -3.088974
1.876431 0.510577
1.290526 -0.343505
1.390801 -0.394228
-0.205104 -2.417368
-1.770467 0.249274
0.097481 0.581966
0.245642 -2.685507
1.173045 0.114223
-0.415077 -1.586188
0.207118 0.705521
0.938535 0.372640
-1.596786 -1.893060
0.204246 0.669686
-0.040507 -1.754950
-0.240764 -1.208930
-1.727111 -0.114403
-1.358856 0.833055
1.457613 -0.190387
1.995939 1.477993
1.416842 1.241737
-0.790752 -3.381414
0.021085 -1.057458
0.076882 -0.680497
1.643176 0.051796
1.262074 -0.092624
0.592861 0.158230
-0.459112 -1.048357
0.151663 -1.242691
-1.588894 -0.078141
-1.312707 -2.539331
-0.109251 0.626912
-0.987540 0.622620
1.247075 -2.476650
-1.489480 0.716045
0.288620 1.934103
1.862840 1.914028
0.179323 -0.266161
1.225325 1.037303
0.026591 2.326900
-1.645690 1.086038
-1.832642 0.836950
-0.390346 -1.436314
-1.027209 0.801769
-1.548934 -2.350902
-0.797862 -3.342205
1.966805 1.762279
-0.253889 -1.609828
2.443597 -0.079126
0.616511 2.295119
-0.033959 -1.578977
1.695015 0.182131
0.633206 0.058817
0.930874 0.978733
-1.386840 -2.106003
0.116086 -0.658528
1.380926 0.197075
-0.044250 1.668821
-1.255576 0.421391
0.125037 -0.541726
0.270962 2.523481
1.618176 -0.799104
-0.865508 1.540133
0.817703 -1.016033
0.031087 -1.214273
0.071273 1.864286
0.104283 -0.475307
0.188863 2.572251
-0.930231 1.092009
1.834645 -0.252346
-0.306705 -2.770803
-0.594777 -1.092352
2.241940 1.644004
-1.361964 0.205796
0.905045 0.901891
0.650189 1.973813
-1.881518 0.262994
0.252117 2.567480
1.945127 1.863397
-0.103592 -1.872472
2.257257 -0.246442
0.614991 -1.444927
2.328049 -0.036537
1.360996 -0.230113
1.957341 1.698796
0.265121 -0.239222
1.265588 2.042258
2.290136 -0.203896
-0.528808 -3.228919
0.193525 -1.849925
1.610451 -0.776855
1.734618 2.054199
-1.345142 0.404015
0.652481 -1.455484
-1.495635 1.026400
0.305017 1.392902
0.050590 1.278934
1.326104 -0.311356
0.780347 -2.712274
-1.679300 1.295396
2.463710 1.720116
1.826851 0.349860
-1.226597 0.533665
1.395656 1.182397
1.803006 1.961222
-0.382181 -2.861504
-0.951251 1.609036
-0.486473 -2.996014
1.613739 -0.800528
2.163323 1.635363
-0.012417 1.924170
0.438112 -1.318910
-1.658875 0.173139
2.020348 1.558968
-0.858927 1.520388
0.944366 1.136199
0.816445 0.317166
-1.328223 0.220712
1.793895 1.194476
-1.615764 -1.877875
-0.175922 -1.084007
-1.239137 0.719625
1.623182 -0.789081
0.066110 1.829588
1.058124 0.597398
1.332548 -0.343002
0.936098 1.078954
-0.172067 0.633555
0.090804 -1.161494
0.132512 0.637110
0.238811 -1.356771
-1.366981 -2.068599
1.715548 2.058463
0.906619 1.301989
0.144554 2.671225
1.707014 0.058574
1.835969 1.498512
-0.308899 -1.670796
-1.420266 -2.132797
1.098206 0.814546
0.124865 -0.475392
-0.385362 -1.499171
-0.182053 -1.420777
-2.061312 0.440899
-1.083694 0.728802
-1.342445 0.843710
0.737934 -2.573498
-1.589344 0.027524
0.660028 -1.110857
1.259434 -2.495338
-0.966966 1.623300
0.220436 0.731073
-1.144272 0.822894
-0.625539 -0.975347
-0.032234 -1.343473
0.678755 1.991743
1.612838 2.130368
0.169462 2.219727
-0.634479 -1.701400
0.646797 1.986540
1.898906 0.545359
-0.409098 -1.044349
2.077231 -0.245010
0.466235 -2.405962
-0.317688 1.440673
0.130246 2.455820
2.123490 1.622865
-0.830018 0.870309
2.334592 1.670768
0.724178 -2.675511
-1.907809 0.895083
0.868079 0.972727
0.187404 -2.758590
0.057367 -2.744463
0.199644 -2.755021
0.307938 0.202913
-1.414109 0.501490
-1.369592 -2.000071
0.421789 0.714053
0.324831 -2.411142
-0.009376 2.373872
-1.583814 1.147765
-1.633562 1.051549
1.933602 -0.303431
-1.775611 0.273519
-0.266831 -1.328041
2.072161 -0.247738
1.153888 0.270287
2.460811 1.721423
0.618034 2.398043
-1.971457 0.102170
1.023867 0.562405
0.211345 2.479903
0.147057 1.571508
1.360998 1.203378
-1.768167 0.235572
0.367567 -1.299795
0.089105 0.628707
1.600932 -0.778387
-0.342079 -2.318390
-1.850155 0.476926
-0.257888 -2.294652
0.012691 2.373773
1.523961 -0.594971
-0.201323 -2.403548
1.299598 -0.153392
-1.084363 0.579653
0.713289 -2.510435
-0.118272 -1.293292
-1.166431 0.553708
-0.151016 -1.419215
2.426233 -0.134942
0.194314 -1.504633
0.214404 -0.399816
1.475357 1.243932
1.980514 1.716239
0.088176 -1.548991
0.644629 1.963122
-0.700609 -3.181956
0.974595 2.013998
0.082857 1.826439
1.950443 1.572920
1.031780 1.985545
-0.179728 -2.257551
0.038113 -1.324836
0.558775 2.088631
-0.047017 1.609160
-1.945666 0.770290
1.984258 1.703228
-0.945599 1.544920
1.517514 -0.582709
0.127405 -1.354025
1.490168 1.007851
-0.049948 -1.639547
1.588513 1.411156
1.797428 0.528183
-1.615998 0.019701
1.614053 -0.792036
0.098088 2.455034
0.109211 0.584791
-1.793268 0.079646
-1.024341 0.332524
0.997984 1.098433
1.529177 1.243985
0.199379 -2.824157
0.323900 1.388780
1.174661 -2.513227
-1.704428 1.269687
0.206162 1.454755
-0.325370 1.481491
-1.556006 -2.345815
0.142684 -0.289779
-2.038795 1.480651
-0.871137 -0.765487
0.667981 0.769491
1.077374 0.786478
-1.644946 0.068297
0.108545 -1.031222
0.101304 -1.193630
-0.427163 -3.321698
1.617959 1.350547
0.028652 -0.992373
-1.447749 0.228963
-0.935136 0.797905
1.417596 -0.218881
-0.160952 -1.070674
0.260792 1.794360
1.758632 2.007377
0.756305 1.624709
0.178723 1.807644
-1.903784 0.834602
0.040636 1.823947
0.091692 -1.316695
-1.895145 0.835698
1.496848 -0.005874
1.760963 0.191694
0.034739 2.347633
2.092825 0.032691
2.509223 1.736496
0.249237 1.421868
1.892615 -0.198958
1.954259 1.570011
1.045439 0.578009
-1.145692 0.653837
-1.140148 0.652873
0.031154 -1.030891
-0.198336 -2.227664
0.580478 2.177302
0.338251 1.446370
0.584686 2.065365
-0.799258 -0.864234
1.372620 -0.388588
-0.373416 -2.330847
-0.143171 -1.023160
-1.531511 -2.240485
-1.535813 -2.263481
1.994645 1.572644
2.022775 1.732046
-0.125468 2.026376
-0.679883 -1.729081
-0.051026 -1.341368
-1.963910 1.194660
0.102433 -1.671699
-1.686829 0.125259
0.105641 -1.215093
1.941460 1.360394
1.079353 -0.690220
-1.013053 0.433020
-1.011465 -1.820644
-1.807024 0.075591
2.011633 1.694644
1.612216 2.096616
-2.132880 0.450894
-0.307373 -1.231785
0.167323 2.097110
-0.155640 -2.624826
0.588946 2.443978
1.168124 -2.439805
0.168470 -2.835012
-1.929960 0.376446
-0.662078 -1.685910
-0.090356 -1.500739
1.572038 1.385732
2.002297 1.395289
0.276428 2.546881
0.227664 -2.782323
-1.446214 -1.954131
2.018142 0.584990
2.025734 1.739377
-0.159048 -2.586496
0.226595 -1.280386
0.126441 2.529515
1.607614 1.422713
0.908781 0.931554
-0.679174 -2.998555
-1.084344 0.586140
-1.965698 0.110224
0.640180 0.854066
-0.352563 1.426142
-0.933822 1.585072
0.089415 1.862006
2.107510 1.377888
1.941873 1.234092
-0.094248 -1.253203
-0.110015 2.024216
1.395099 -0.170712
-0.686424 1.032579
-1.673054 1.319828
2.047613 1.700605
1.949476 -0.316161
-0.994344 0.666036
0.578892 0.730975
-0.328583 -1.390292
-0.364817 -1.405056
1.795989 0.527367
0.995971 0.635542
1.044204 0.936012
-0.427601 -3.357489
2.514133 1.741920
-0.001403 -1.071974
0.640138 0.829305
1.623628 2.118679
-1.287334 0.982632
0.343129 1.796177
-0.523291 -1.006087
-0.099490 -1.205166
0.104861 -0.395243
-0.113318 2.016083
-1.439774 -2.070436
1.397673 0.465894
-1.507355 -2.267152
-2.065669 1.528353
0.929781 0.723313
-0.033536 -1.395284
-0.788369 -0.857761
0.730899 -2.561836
-1.608213 -2.041115
-0.040543 -1.217993
0.060285 -1.567688
1.423706 0.200686
0.203333 -1.568122
-0.196646 -1.388814
-0.374208 -1.191076
2.080651 1.701728
0.940063 0.774178
-1.390200 -1.930486
0.100098 -1.845340
-1.948239 0.801256
-1.767551 0.834476
0.403435 1.803330
-0.452424 -1.243065
-0.139527 -2.003732
0.653040 0.801198
-0.436307 -1.017028
1.820542 1.977891
-0.454943 -3.112496
-0.840429 -3.052932
-0.023606 -1.601318
0.205060 1.415323
-0.769981 0.978380
-0.018120 -1.309156
0.723006 -2.664575
0.032973 -1.510961
-0.002520 1.409674
2.333778 -0.043582
-1.414988 0.539718
2.446232 -0.202828
0.361083 1.358953
1.345797 0.435509
-1.384463 0.172266
-1.756198 1.458709
2.016577 1.567494
1.538638 0.361814
-0.152061 1.931579
-1.456764 -2.158707
-0.374448 -2.351987
-0.592181 -2.986239
-0.040637 1.825009
-0.792066 -3.120203
1.903943 1.352013
2.226516 -0.245767
2.437595 -0.089189
0.146400 2.666187
0.855456 0.753026
1.486797 1.266604
0.993078 -1.022458
-0.139857 0.661879
0.130439 -1.354319
1.693576 0.127651
1.537285 0.124746
0.133966 -1.377043
0.333545 -2.293990
0.653802 0.780940
0.619924 2.479232
-0.202896 0.625219
-0.840329 -3.168814
0.103245 -1.504015
-1.656211 1.215394
0.055540 1.867061
-0.019739 2.411701
1.985985 1.433679
0.084423 -1.820605
0.071639 -1.572512
0.593269 2.438224
-1.661249 1.025412
0.316174 1.815251
0.033525 -1.650693
1.059942 0.805200
-0.422017 -3.347139
-2.054842 1.520034
2.029153 1.668825
-0.193083 -1.347680
0.673452 -1.471978
0.973467 0.876261
1.611283 -0.787726
-0.998478 -0.143584
0.880866 1.221272
0.964719 0.869073
-1.655718 1.260239
0.071366 -1.502382
2.360510 1.662172
-0.054952 1.672362
0.494670 -1.392801
-0.006385 1.880338
2.411631 -0.053496
0.595717 -1.452230
-0.704334 -0.920702
0.714522 -2.712525
2.074356 1.744869
1.733756 2.031725
1.390884 -0.234875
1.418143 0.161050
-0.750361 -3.174197
0.730257 1.614114
0.666498 -1.459321
-1.461132 -2.136577
1.132893 0.856914
0.750678 -2.755563
1.874560 1.209001
-1.450522 -2.137897
0.448524 -2.462865
1.492955 1.227674
0.649174 1.115715
0.110526 0.591311
-0.144612 -2.578608
1.041172 0.534554
-0.099496 -1.304136
0.164087 0.653000
0.918840 1.057935
1.571378 1.364215
0.055087 1.961743
-0.290166 -2.220093
-1.989353 1.469467
-0.324111 -1.596822
-1.518113 1.331460
-1.849785 1.077720
-1.017913 0.667557
2.449990 -0.190428
2.000599 1.521441
-0.097698 0.625908
0.103730 -0.418490
0.200668 -1.327977
-1.577307 1.200916
-1.043363 0.833467
-0.537960 -1.011128
0.169161 -2.488888
-1.138423 0.683418
1.768252 0.300870
-1.937321 1.223069
2.073122 1.421230
0.197175 1.507136
-1.586089 -0.041381
0.330614 -2.400304
0.855763 1.351598
2.135252 1.389639
-0.554293 -2.973561
-0.880332 -3.066507
1.040486 0.937608
-1.044726 0.590441
0.003403 1.707078
1.407280 1.216545
0.819248 1.234690
-2.026750 1.381327
-1.694677 1.417715
0.613303 2.223819
-0.807300 -3.398035
-2.104225 1.560308
0.640768 2.071127
-1.209442 0.422271
1.381353 -0.370081
2.152819 1.355803
-0.010736 -1.452195
-0.450979 -3.253898
0.636992 1.119464
-0.911851 1.525460
0.130006 -1.397494
2.449102 1.704827
-1.954952 1.448390
0.787535 -2.724289
0.132784 -0.347965
0.650775 0.477388
-2.005345 0.102949
1.506995 -0.537699
2.407686 1.689345
-0.127529 -1.383039
0.611753 1.992198
0.715951 2.052367
-0.920904 1.613838
0.737098 0.757410
-0.531163 -0.997560
0.939542 0.607075
-1.961599 0.433151
2.260967 1.658134
1.830509 0.271882
-2.067484 1.484112
-0.249078 1.435617
-1.295914 -1.876617
-0.812664 -3.383688
0.486649 0.850846
-0.241947 -1.618545
0.056764 0.611679
1.319171 -0.291546
0.066518 2.403108
-0.914502 -3.054669
1.460394 1.236459
-1.266220 -1.864940
-0.062372 1.596847
0.311455 0.754072
1.159771 0.803454
1.705563 1.132007
-1.596924 -1.933240
0.734103 0.261562
0.426712 -0.592452
0.848702 1.342545
-0.078972 1.567671
-0.718244 -3.195953
0.453988 -0.539701
1.536127 1.983099
0.126175 0.609488
0.221910 -1.320918
-0.750673 -3.326365
-1.656499 1.344860
-0.356377 -1.623833
-0.566013 -1.659269
-0.590734 -1.018527
1.246537 0.629029
-1.027681 0.725077
-1.807468 0.024815
0.945054 0.891961
-0.355804 -2.322094
-0.188682 0.635029
0.543110 -0.227482
-0.860393 -0.788696
-1.597764 -2.012660
-1.923407 0.873067
