300 2
-1.493247 -0.442590
-0.065499 0.793074
1.886675 -0.709154
0.429038 -1.578255
-0.002217 0.749418
-1.585509 -0.808245
-0.363324 -1.527116
-1.445852 -0.792715
0.485712 0.587684
1.728840 -0.663838
1.818640 -0.741372
-1.059541 0.297307
0.148017 -0.393846
-1.076836 0.215844
-1.563149 -0.873449
0.267918 -0.373996
-0.002750 0.773294
2.874554 -0.584939
0.098995 0.767658
-1.279740 -1.053729
2.935874 -0.590478
2.823162 -0.577705
0.537597 0.532230
1.906682 -0.775139
-0.382838 0.924243
-0.254083 0.974231
-1.291288 -0.190376
-1.140014 0.230604
-0.689800 -0.511575
2.481370 -0.623061
0.193909 -0.310768
0.567988 -1.523056
0.281781 -0.431441
2.539806 -0.331995
-2.679416 -0.803233
-1.266975 -0.722564
-0.112067 0.985283
0.411349 -1.380809
-1.226384 -0.371638
1.870117 0.411337
2.677856 -0.567773
-0.343787 -1.438885
1.523519 -0.008036
2.310369 -0.712990
2.903167 -0.562103
2.494937 -0.361966
-2.289474 -0.258516
2.082920 -0.326251
-0.287115 1.665913
-0.197101 1.049930
2.161830 0.039857
-0.379008 2.222988
-1.284937 -0.007472
-0.001785 -1.027601
-2.528515 -0.451136
-1.590288 -0.725544
0.153529 -0.560805
0.313581 0.483640
2.464692 -0.157829
-2.336871 0.570192
1.692452 -0.056239
-0.370835 2.273638
-1.309333 -0.586453
-0.271649 2.202779
0.122845 0.789377
-2.672649 -0.705981
-0.106593 0.958231
-0.269530 1.530620
-2.557613 -0.722437
-0.229082 2.193143
1.959714 -0.877308
-0.133704 -1.147955
-0.136631 -1.126978
-2.566807 -0.803548
-1.232808 -0.675659
1.802308 0.464094
2.664624 -0.404035
0.215663 -0.762713
0.006484 -0.771564
-1.366890 -0.182232
-0.127856 0.928104
-1.822383 -0.257594
0.471242 -1.350097
-1.842775 -0.204203
-0.272771 -0.382276
-1.498831 -0.239587
0.209697 -0.413755
0.498930 -1.388045
-0.052492 0.213610
-0.503608 -0.403607
-0.132140 -1.182667
0.596840 0.357826
-0.248072 2.184423
-0.513825 1.214250
-2.300335 0.451924
-2.307892 0.424984
-2.526809 0.576365
0.527712 0.577793
-2.943591 -0.801762
-2.312463 -0.691750
1.846684 0.533580
0.321975 -1.336052
-1.851295 -0.594832
-2.406159 -0.722108
0.377213 -1.341148
-0.278275 1.628058
-0.331131 2.248960
-0.428269 1.504564
-0.384045 1.630296
1.926108 -0.844763
2.530414 -0.570258
-0.046389 0.809299
0.207453 -0.370475
-0.283400 0.822474
1.866310 0.559451
1.614689 -0.628396
1.896225 0.223356
2.523332 -0.145195
2.069499 0.241100
0.364509 0.512294
0.657248 -1.627779
0.223318 -0.301243
0.679740 -1.610999
0.731238 -1.631286
-2.578276 -0.506246
0.194196 0.625596
-2.724702 -0.566738
-0.138110 0.880713
0.588800 0.482166
-1.612045 -0.805388
2.981150 -0.606712
1.841391 0.451266
-1.296802 -0.585419
0.449850 -1.445641
0.550067 -1.353585
-1.083308 0.148270
-0.569498 1.204746
2.662052 -0.465093
-1.253484 -0.892074
-2.147700 -0.209139
-0.350643 1.774297
-0.074198 -0.865252
-2.541877 -0.851871
-1.284697 -0.377436
-1.506445 0.898909
1.796167 0.053440
1.817145 -0.790061
0.367006 -0.372909
-0.421556 1.822832
-2.809566 -0.635991
0.073838 0.621451
-1.213611 -0.698345
0.142900 0.769087
-0.193265 1.391341
0.563192 -0.369670
0.227577 -0.810763
-2.577548 -0.903777
2.559980 -0.477685
-1.302540 -1.045017
-2.563869 0.581326
-1.297526 -1.133056
2.646849 -0.382675
-0.306265 1.943885
-0.271114 2.193356
-1.443862 -0.504660
-2.831657 -0.629236
-2.480113 0.530922
-2.452464 0.410329
-0.434946 1.289241
-0.533327 1.253826
-0.521553 -1.441653
2.441487 -0.615665
1.907479 -0.757431
-0.510887 1.297365
-0.356607 -1.528519
-1.297010 -1.120546
-0.153092 -1.163622
-0.308656 0.665271
0.513621 -1.604511
0.546509 -1.565104
-2.949934 -0.761128
2.709607 -0.434954
-0.359676 1.138115
-0.387770 2.272026
-2.349520 -0.801799
-1.299827 -1.186704
-0.614203 -1.444881
1.609201 0.199045
0.753024 -1.150862
-3.004881 -0.812974
-2.533046 -0.852988
-0.646195 -0.423289
-0.111736 0.974447
0.119614 -0.368264
0.005702 0.402131
-0.062467 0.395850
-2.499188 0.246967
-1.311785 -0.184707
1.557841 -0.602879
-0.175279 -1.318336
2.132869 0.064729
2.403319 -0.189822
1.473136 -0.331329
-1.544219 -0.840684
2.466611 -0.596933
-0.623728 1.246331
2.618167 -0.537935
0.778482 -1.549388
-0.263306 2.181790
-1.119186 0.264949
-0.176139 -1.085959
2.202768 -0.766854
1.970019 0.123304
-0.295120 0.660259
1.736743 0.296834
1.850957 -0.713756
1.544807 -0.002659
-1.063343 0.110615
-0.397404 2.301986
2.525934 -0.560374
-2.273584 -0.235754
-0.439632 1.421309
1.866421 -0.754307
1.584267 -0.058360
-1.133475 -0.581159
-1.406691 -0.540951
1.800938 0.249049
2.529249 -0.244926
1.720546 -0.031404
-0.328610 -1.385739
0.288117 -0.891326
-0.444223 1.109034
2.006444 0.216603
0.230208 -0.827802
-1.035979 -0.424873
-2.100842 -0.164449
-0.177257 0.285378
-1.404536 -0.377320
-1.257169 -0.610851
1.507048 -0.367226
-1.097683 0.244496
-2.499417 -0.572541
1.862665 0.501170
2.299142 -0.714351
-2.479588 -0.300913
-1.675992 -0.415915
0.311339 0.626501
-2.375344 0.326300
-0.175391 0.363202
-2.466830 -0.254952
0.225780 0.735977
0.115986 0.783637
-2.186973 -0.240163
-1.445856 -0.818300
0.200002 -0.664569
-2.136862 -0.194331
0.371289 -0.227269
-2.407962 0.454783
-0.262909 1.480999
-2.505608 0.514074
0.192659 -1.268653
0.567096 -1.466579
0.554319 -0.350097
0.495586 -0.396318
-2.246874 -0.271570
2.075561 -0.762589
0.747224 -1.496001
-1.127430 0.013204
0.440648 -1.541337
-0.394412 0.156223
-0.350944 1.671141
-0.261598 -1.437418
-2.852860 -0.693122
1.536198 0.056292
1.430800 -0.406492
-0.174042 -1.231769
-2.596321 -0.522568
-0.050689 -0.750067
1.503798 -0.492040
-0.295161 2.122499
0.095232 0.739289
-2.173545 -0.683515
-0.324682 -1.446229
0.526495 -0.281476
-2.801592 -0.799634
0.249168 -0.231903
-2.695912 -0.840352
2.083865 0.194913
-2.325599 0.487049
0.090168 -0.916234
-2.312870 0.573324
-1.389316 -0.270348
-0.444439 -0.344620
0.702020 -1.567482
0.141712 -0.361410
-1.445385 -0.411337
2.940532 -0.591308
-0.601417 -1.389542
-1.996043 -0.418885
-0.302047 1.131870
