1000 2
0.638576 1.239034
-1.712399 -0.782499
1.445884 0.595195
0.320878 1.903406
-0.688180 1.235601
0.282228 -0.198708
0.692284 -2.829973
-1.050443 -0.352473
0.923828 1.905082
1.150115 -0.253099
1.397487 -2.351722
0.799294 -0.450283
-1.305561 -1.087340
-1.139428 -0.308297
-1.136221 -0.324000
-0.869538 0.917229
-1.517200 -0.104914
1.213709 2.437232
0.219773 -1.724062
1.897417 0.786324
-0.580812 -2.496173
0.309970 1.323192
0.661517 -0.725747
-0.761418 1.751830
-1.613266 -0.816105
0.307084 -0.213414
0.104961 2.472363
-0.558262 1.702567
-0.837874 0.030657
-0.256256 -1.017235
0.161085 -1.203797
-0.328233 -0.988971
0.487815 -1.456270
-0.056792 1.976957
1.154194 -1.230233
-2.209633 0.070557
1.729240 -2.399362
-0.985868 -0.199830
-0.764336 0.088289
0.779247 -1.997789
-0.922897 0.561543
-1.671840 0.122509
0.134201 -1.080916
-0.524715 -2.428055
-1.220910 -0.265487
-0.396591 -2.832339
-1.343504 0.054674
-1.626634 -0.575431
1.759236 -2.375571
0.555840 -1.281407
0.016469 -1.076994
0.906297 1.745286
0.652742 -3.280220
1.309887 0.901819
1.408175 0.668896
0.247210 -1.667315
0.547684 1.056960
-2.075176 0.260487
-2.310334 0.214314
0.364746 -0.178723
1.319700 -1.270319
0.539406 1.160833
0.653188 2.490647
0.792405 -2.163052
-0.486688 1.761390
-0.033778 -2.112034
-1.328404 -0.372435
0.110178 2.400341
-0.646590 1.175165
-0.645875 2.058500
1.750082 -2.431515
0.442298 1.366429
0.787955 1.131361
-0.719172 0.138827
-1.755413 -0.674523
-1.012213 0.296544
0.562504 -1.473910
1.230288 -2.501854
0.289983 -1.124378
0.407130 1.743085
0.665548 -3.212473
-1.094197 -0.192511
0.482972 -3.311478
1.480437 1.408153
-1.010509 1.728852
-1.569547 -0.903813
1.519823 0.964030
0.580240 1.376983
0.511648 -3.361948
1.559181 0.485758
0.767799 -2.168313
-0.638600 -2.477959
-2.171135 0.261373
1.397501 0.370902
-1.977593 0.274313
-0.267706 -2.262167
1.856454 0.684135
1.204008 -2.184206
-2.408146 -0.100707
-2.497693 0.095077
0.564455 -1.142494
1.089548 -1.996749
-0.910136 -0.211746
0.753342 1.861245
-1.373672 -0.259541
0.083873 2.147075
0.575925 -2.285501
-1.859013 0.179221
0.815635 -2.109864
-1.923608 -0.865528
0.592314 -1.397628
0.769715 -0.259078
-1.176803 -0.149746
-0.556606 1.699573
0.842469 -1.701318
-2.092906 0.343279
0.362685 -2.382562
-0.693691 1.839357
1.239298 -1.288414
0.128769 -1.761922
1.301927 -2.577443
1.510721 0.502505
-0.357072 -0.984543
-0.298204 1.043153
-1.064817 -0.336900
-0.361166 1.009302
-0.150529 -1.944582
-0.563031 1.193183
-0.776398 -2.465379
-2.150192 0.078979
0.735977 -1.162264
0.379678 1.226255
-0.657637 1.161866
-1.082356 1.766425
0.323105 -0.221874
-1.651345 -0.627555
0.923656 -1.099116
-1.716653 0.322478
1.219293 -1.294223
1.459617 0.533498
2.219030 0.993847
2.346394 1.099251
-0.786859 -0.230173
2.347307 1.029647
-0.901748 1.365741
1.314846 2.078485
0.470145 -1.007201
0.852977 -1.656442
-1.035695 1.506877
-0.576878 1.460848
-1.546179 -0.950645
-0.810140 1.820191
-1.137021 0.038300
-1.749628 -0.743285
-0.623078 -2.553322
0.921889 -1.256626
1.410717 1.116921
-1.760616 -0.993262
0.682733 0.253540
-1.567534 -1.007355
0.491783 0.543368
0.741203 2.475551
-0.781531 0.260325
-0.682938 -2.496802
0.789702 1.208228
1.378685 0.897426
1.680065 0.395709
-2.143171 0.271236
-2.454621 0.077248
0.836472 1.676923
0.734098 -1.042662
0.831922 1.592236
0.979777 1.362928
0.924640 0.890192
-0.452891 -2.528064
-1.916099 0.401986
1.339005 -0.269042
-1.091170 -0.190240
1.456988 0.960538
-0.849157 0.252411
0.926009 -1.312886
1.676930 1.469415
-0.881253 0.817194
0.785409 -2.221714
-0.665396 2.136441
0.355954 -1.500538
0.990552 0.934005
0.692790 -0.310252
0.774555 -2.033189
1.606330 0.622581
0.569240 -1.134444
0.756775 -0.171750
-1.701609 0.454451
1.880089 0.245691
0.485413 -1.046756
-0.848392 -0.263621
-1.734067 -0.608052
-0.914854 1.161888
1.335300 -1.209663
-1.570124 -0.457265
0.386090 -1.101297
-0.141111 -2.157014
-0.935114 0.192314
-1.641460 -0.452054
0.913683 -1.711898
-1.894324 -0.876615
0.758546 -1.394072
1.195992 2.395691
-2.204178 0.052842
0.884422 -1.089409
-1.142818 -0.279196
-1.114631 0.103383
-1.074617 0.078312
0.353380 1.292657
0.871921 -1.217418
1.355704 -2.385391
-0.803415 0.192105
1.965982 0.725015
1.234720 2.039877
-1.656690 0.424711
0.652954 -3.038289
1.753289 -2.455012
0.433286 -3.393542
-2.035608 0.258002
-1.576073 -0.004492
1.292903 -0.368190
0.575305 1.073361
0.801575 -0.756065
1.318937 0.319282
1.787240 1.513320
0.554043 -3.129635
0.606455 0.639969
-1.367899 -0.854728
0.460146 -0.278850
0.581828 -3.314595
-1.433598 -0.227491
-0.222752 1.238036
1.019734 -1.823719
1.400986 2.710309
0.981293 -1.726548
0.822816 -1.603621
-0.624768 1.377780
0.709252 -3.277004
-2.385057 -0.048503
1.201943 0.737839
-0.539826 -2.771631
1.670052 1.016977
-0.480955 1.160802
1.032787 -2.084698
0.662544 -3.177068
2.000290 0.747606
0.210226 -2.180075
-1.127361 0.104409
-0.527847 1.601318
0.387007 -2.377138
1.747914 -2.442375
-1.595796 -1.048960
0.401746 -2.317703
1.165714 -1.005343
0.565992 1.170404
1.727023 1.243853
1.312582 -0.329923
2.439342 1.103974
1.134452 -2.081600
0.755758 -0.452395
0.697746 -2.273553
0.255813 0.313478
-1.547299 -0.077775
0.287827 1.371230
-0.476088 -2.566704
0.177761 -1.736106
0.082912 -1.183170
0.864900 -1.214840
-2.504206 -0.059221
-0.210819 -2.264866
0.277585 1.385159
-1.192026 -0.250511
0.895208 -1.742496
1.348895 2.680007
1.647107 1.291990
0.372950 1.002113
-2.498590 0.023955
1.397195 -1.236208
1.785896 -2.420607
-2.123592 0.100360
0.786665 1.112072
0.012681 -2.111508
-1.362705 -0.960820
1.288078 2.582864
2.322274 1.108600
0.290199 1.946686
-0.532161 1.821385
-1.430930 -0.105155
-0.768967 0.087637
0.668458 0.239209
0.711639 -2.539825
-1.803252 -0.990983
0.548520 1.206467
1.307551 0.598698
1.348582 -1.142380
0.141403 1.887504
1.581134 0.908043
0.468374 -1.396079
-0.674874 0.871265
0.301220 1.214003
1.645054 0.874415
0.313794 -0.222401
-2.364417 0.173157
-0.935563 1.170447
1.505410 0.471142
0.964810 2.065772
-0.146708 1.198871
-0.958194 0.668778
0.788589 -1.490947
0.070887 2.573414
0.200015 1.956717
0.785069 -2.108498
1.264739 2.591036
0.906372 1.432732
-0.596513 -2.548647
1.379752 -1.296332
-1.691031 0.126895
0.666532 -3.131022
0.738685 -0.976830
-2.160349 0.140708
0.558339 1.151501
-0.622660 0.974146
0.909119 1.871289
-2.594497 0.126387
0.449887 1.056706
0.655803 -3.056974
2.424031 1.075467
0.836467 -1.496957
-1.761429 0.367926
-1.617072 0.167506
-0.891940 1.733422
0.888850 -1.317286
-0.451596 -0.885812
0.671917 -1.163762
-1.693983 0.489445
0.905890 1.900124
-1.415642 -0.259424
0.407553 -2.382127
-2.349751 0.050036
0.054179 2.112101
-1.986987 0.398681
1.616453 0.409862
-0.508103 1.721438
0.759738 1.475650
0.858447 -0.882072
-1.541282 -0.107633
-1.271625 -0.236484
-0.307276 -0.209679
0.894722 -1.308154
0.549423 -3.085890
2.466349 1.140771
-1.509890 -0.991287
0.724594 -0.205535
-2.586838 0.122943
-1.587697 -1.064178
0.770204 -1.456119
-0.390112 -2.819455
2.349722 1.154627
0.036635 2.671202
-1.896246 -0.884853
-0.237473 1.631916
0.890361 -1.361425
0.718628 1.263839
0.862513 -1.580191
1.766174 1.520524
2.245767 1.135735
-0.576528 1.748678
-1.470969 -0.133950
-1.491999 -0.105124
1.773661 0.696645
-0.674095 2.176497
0.735842 -1.411397
-0.839041 1.778843
0.054767 -1.048366
-0.263091 1.287505
-0.529439 1.164069
1.836933 -2.396788
0.804313 -0.641789
1.912066 0.243064
1.359187 -0.287113
-0.595756 1.198288
1.875318 0.866153
0.892044 1.771736
-0.616652 -2.785937
0.852420 -1.433336
-0.735816 0.638366
1.105717 -1.232658
0.374574 -2.409035
1.585512 0.984698
-0.669144 2.194600
1.788920 -2.451629
0.931330 -1.091557
1.285492 -2.580178
-1.617944 -0.024090
0.920059 1.911795
1.256396 2.001918
0.960337 -0.709419
0.732108 -3.040800
1.301474 1.670080
-1.478175 -0.645644
-0.475092 -2.387898
1.791535 1.494361
1.530238 0.436789
1.484901 0.524519
0.138972 -1.871066
-1.658590 -0.792460
0.139296 2.332054
0.466985 -2.304491
0.842657 0.981754
0.717197 -2.018488
0.219110 2.155701
0.651902 0.832601
0.526493 -3.087955
0.200103 2.184013
0.396331 -1.458528
0.233411 -1.112481
-1.489278 -1.004738
-1.633922 0.004717
1.575428 0.650100
1.284167 2.348479
0.961334 1.796413
-0.620898 -2.826143
0.529893 -0.909304
0.496580 -0.547207
1.600305 0.905497
1.048998 0.835760
0.441078 0.497223
0.208598 -1.107713
0.770415 -0.961654
-1.414660 -0.930069
0.064047 -3.075202
0.063369 2.631059
-1.105145 -0.200930
1.767903 -2.485798
-1.417443 0.067055
-0.572455 1.457000
0.882594 2.526767
0.328366 -0.194377
0.841743 1.749385
-1.016453 1.471300
-1.913332 0.254223
-1.761301 0.386927
1.261448 -1.198150
-1.164174 -0.008465
0.478423 -3.400738
-0.616875 -2.779566
1.029538 2.518036
1.341377 -1.300811
2.446156 1.134719
-0.659103 2.084809
0.454311 -1.394493
1.552223 1.073856
0.649504 0.289561
0.604030 1.199473
0.746169 -3.202653
0.514303 -0.519762
1.283620 0.871646
-0.637284 1.021093
-1.130118 -0.423481
0.489978 -0.509149
-1.008922 1.796291
1.928168 0.200276
-0.811548 0.303530
1.213905 -0.349207
0.576567 -1.067685
-0.701280 1.218617
0.482528 -0.501503
-1.045277 1.816746
-1.095027 0.122999
2.002392 0.729016
0.021727 -2.110158
0.104671 -1.201108
1.334427 2.567103
-1.712468 -0.513020
0.594261 1.529326
-0.577830 1.725301
-2.160397 -0.607064
-0.979076 1.814532
0.965979 2.568955
0.340202 -1.525102
2.276814 0.976057
1.487974 -1.136130
2.300015 1.172952
1.522418 0.636227
1.041777 2.454163
0.460465 -0.185068
0.388243 2.345284
2.267279 0.986221
-0.658553 -2.492235
0.756302 -1.665740
1.931241 0.235429
0.623559 2.549040
-1.550730 -0.560617
1.540349 -1.135725
-1.848045 0.135986
-0.188489 1.065602
-0.601954 0.972101
1.546900 0.465231
1.308767 -2.600643
-2.102469 0.326042
1.466305 2.832568
1.690287 1.310858
-1.166682 -0.328911
0.839457 1.755181
0.640138 2.491705
-0.262271 -2.275936
-0.755597 0.098226
-0.463044 -2.445741
1.910181 0.221981
1.252942 2.528975
-0.797802 1.265134
1.166062 -0.998590
-1.753305 -0.754035
1.161717 2.397503
-0.785321 0.295866
0.320625 1.261911
0.667147 0.747891
-1.751224 -0.518437
1.206066 1.864733
0.528500 -3.112361
0.705502 -1.060291
-1.343471 -0.145914
1.933339 0.256387
-0.709634 1.200959
0.864153 1.047700
1.570967 0.427709
0.457771 1.335116
0.031223 2.703979
-0.053126 0.258238
0.182354 2.245304
0.802053 -1.128675
0.786543 -3.098642
0.625198 2.520243
0.381713 1.406885
-1.128991 1.836776
1.615530 0.981399
1.051226 2.209368
1.439542 -1.315946
0.724953 -3.263820
0.681242 1.208659
0.452388 -0.454276
1.325661 -1.199272
0.908925 -1.258629
-1.539237 -0.978608
-1.354995 -0.173969
-1.493600 -0.085351
1.241422 -2.467059
-1.794506 -0.798354
1.077461 -0.524594
1.846650 -2.377894
-0.727078 0.128586
0.253942 2.005057
-1.442734 -0.219830
-0.000522 -1.079780
0.758701 -1.338558
-0.521954 1.745309
0.588435 2.524422
-0.773127 1.351804
0.867482 -1.703196
-0.516081 1.718801
1.802187 1.516037
0.173356 -1.054970
2.056456 0.855890
0.838860 -2.188377
-0.933946 0.736053
-1.039992 1.679142
1.249170 2.385137
-1.034224 0.133045
1.404474 2.650274
1.262459 -2.544276
-1.838855 0.472691
0.388877 1.276566
0.431691 -2.321611
0.299565 -2.239933
0.402301 -2.364005
0.150249 0.501602
-1.304393 -0.437552
0.675368 -3.113438
0.325344 1.883083
0.819422 -2.144818
-1.113663 1.577125
-1.896711 0.170137
-1.937230 0.232285
1.930902 0.764125
-1.616473 -0.844614
1.079508 -1.232020
2.086216 0.885489
1.102049 0.825990
1.488245 2.864204
-0.655359 1.854607
-1.828733 -1.048749
0.858201 1.051475
-0.977596 1.712367
-0.343348 1.206503
0.761010 1.696096
-1.649857 -0.814511
1.007794 -1.017782
0.141485 2.364514
1.948399 0.190480
0.081944 -1.782591
-1.586556 -0.776510
0.143021 -1.764356
-1.059340 1.519011
1.709783 0.305386
0.165635 -1.943369
1.175468 0.723797
-1.167210 -0.141219
1.269437 -2.395791
0.775802 -1.301637
-1.229903 -0.224056
0.915053 -1.325139
2.424105 1.102285
0.761568 -1.381198
0.500832 -0.380826
0.913625 1.788433
1.175255 2.444443
0.587357 -1.270243
-0.277815 1.667759
-0.523272 -2.638196
-0.179191 1.961428
-0.684472 1.178884
1.219398 2.466182
0.045458 2.119266
0.154453 -1.769314
0.614568 -1.186840
-0.514306 1.844601
-0.634937 0.975723
-1.687597 0.492327
1.176757 2.457170
-0.775069 0.150282
1.723105 0.337146
0.909219 -1.287446
1.062445 1.658954
0.517043 -1.412942
0.951381 1.996286
1.608901 1.380388
-1.768461 -0.745155
1.936183 0.208298
-1.039896 1.671865
0.152725 2.311359
-1.915005 -0.846436
-0.915919 -0.318226
0.429428 1.237026
1.000419 2.064753
0.396297 -2.360780
-0.220678 1.040993
1.794952 -2.489180
-2.054478 0.278902
-0.329777 0.981568
-0.821132 0.891309
0.450997 -3.379907
0.321933 -0.243232
-2.503886 -0.000361
-0.419330 -0.915139
0.534252 1.578596
0.752792 1.244951
-1.758390 -0.841924
0.593451 -0.713934
0.658096 -0.984892
-0.778192 -2.464535
0.971236 1.996306
0.517937 -0.881546
-1.657141 -0.530169
-1.029572 0.319384
1.578891 0.624276
0.721736 -1.058482
-0.503293 1.600585
0.694560 2.505411
-0.255847 1.645429
-0.583277 1.394425
-1.641805 0.519935
-0.714921 1.175579
0.756768 -1.122031
-1.752848 0.401550
1.473998 0.785088
1.720053 1.163340
-1.116045 1.617336
2.116218 1.079984
1.496505 2.882413
-0.238452 1.020012
1.924154 0.821210
1.076609 2.289055
0.875095 1.048643
-1.365103 -0.134506
-1.182446 -0.250165
0.510314 -0.888942
0.255718 -1.687995
-0.542253 1.824640
-0.474444 1.200431
-0.508406 1.811136
-0.280065 -1.017267
1.652049 0.437460
0.060927 -1.770694
0.730077 -1.021935
0.535111 -3.324935
0.485328 -3.313682
1.171480 2.397963
0.997687 2.554807
-0.945320 1.166857
0.874334 -1.732634
0.550989 -1.113964
-2.252419 0.269455
0.972387 -1.729510
-1.774064 -0.787116
0.676811 -1.009673
1.228302 2.029403
1.377621 0.045312
-1.042210 -0.187863
0.700759 -2.665034
-1.897481 -0.841941
1.152388 2.479716
0.579291 2.446873
-1.519837 -1.007782
0.448180 -1.079941
-0.810277 1.615704
-0.186162 -1.941049
-0.677648 1.883929
1.766899 -2.353055
0.355744 -2.400070
-1.563755 -0.909243
0.888820 -1.741879
1.083379 -1.230493
0.948931 2.006842
1.362963 2.256984
-0.948536 1.834461
0.426054 -2.335614
0.652291 -3.129088
1.801363 1.534034
1.095728 2.513260
-0.142906 -1.933316
1.065814 -0.610804
-1.103541 1.693890
0.949576 2.030483
0.586976 1.215714
-0.345095 -2.677844
-1.193083 -0.295186
-1.785546 -0.976921
0.454319 1.697497
-0.946618 0.733329
-0.766550 0.216785
-0.700687 1.198900
1.129001 2.229712
1.278103 1.963867
0.808631 -1.170951
-0.941097 1.137107
1.418251 0.607977
-1.025858 0.472960
-2.140543 0.393091
1.212401 2.439454
1.926713 0.760384
-1.120693 -0.017643
0.400233 1.769429
1.149553 -1.219048
1.160507 -1.227996
1.519670 1.414888
0.936631 0.987490
0.723161 1.387262
-0.843888 -2.430508
1.493760 2.888560
0.610781 -1.142368
0.542243 1.571596
0.604325 2.510768
-1.985392 -0.061941
-0.447450 1.393553
0.139604 -1.125143
0.762513 -1.126933
0.388868 -0.316538
-0.995751 1.175411
0.736302 -3.305631
1.269544 1.134243
0.585562 -3.358112
-2.520304 0.100926
0.737355 1.168905
0.717934 -1.219234
-0.314532 -0.961291
1.238635 -2.436165
0.682306 -3.293800
0.726487 -1.090807
0.758935 -1.335560
1.294318 0.887404
0.706750 -1.267959
0.895332 -1.345856
0.345858 -1.055919
1.243691 2.474237
0.788132 1.139596
0.639935 -3.048691
0.857403 -1.458821
-1.677275 0.511790
-1.700281 0.279831
-0.420644 1.212922
0.257309 -1.237967
0.292428 -1.544511
0.644417 1.382346
0.131622 -1.038015
0.735805 2.550006
-0.556490 -2.455811
-0.373842 -2.742775
0.550246 -1.299014
-0.324276 0.992448
-1.164924 0.172356
0.654820 -1.260789
1.262443 -2.495158
0.651471 -1.239843
-0.557430 0.962719
2.371108 1.135485
-1.350295 -0.589924
2.432790 1.075288
-0.256848 1.118403
1.469183 1.104963
-1.729552 -0.539702
-2.381617 0.049618
1.129630 2.411713
1.556656 1.049584
-0.882250 1.173724
0.709733 -3.324104
-0.003740 -1.790878
-0.392530 -2.554048
-0.854046 1.129729
-0.444436 -2.781823
1.157832 2.186917
2.252620 0.975088
2.483632 1.164806
-1.158390 1.844626
0.597690 1.165705
0.937148 1.752352
1.363340 -0.277989
0.048968 2.643519
0.793327 -1.243884
1.595349 1.062209
1.369439 0.886726
0.865247 -1.220925
0.820192 -2.146976
0.661280 1.362963
-0.677684 1.856566
0.024236 2.723029
-0.396958 -2.846349
0.557448 -1.234017
-1.995547 0.259339
-0.730621 1.210549
-1.114376 1.628771
1.325543 2.216977
0.901693 -1.459527
0.755871 -1.373436
-0.643533 1.897122
-1.808007 0.242960
-0.505367 1.293303
0.544985 -1.432581
0.673333 1.232204
-0.701456 -2.481179
-2.539380 0.102778
1.242506 2.439834
0.767163 -1.247034
1.551014 -1.150058
0.651864 1.212565
1.928164 0.234243
-0.901214 -0.521828
0.439569 1.404289
0.592632 1.348483
-1.995719 0.327704
0.732504 -1.159520
1.370980 2.719016
-0.793985 1.036933
1.135916 -1.085496
-0.767059 1.238418
2.450451 1.141352
1.487437 -1.141337
-0.210862 -1.021254
1.255906 -2.539699
1.028901 2.588634
0.613188 2.529698
1.576908 0.571105
1.325593 0.883839
-0.556666 -2.726767
-0.095698 1.570181
1.567580 -1.150812
0.700335 -3.303456
0.799352 1.329774
1.279361 -2.549825
1.312863 2.041964
0.705943 -3.329753
0.799328 -2.220160
0.965562 1.829253
0.392555 1.215407
0.159699 2.343084
0.121171 -2.053300
0.869065 1.053042
0.370363 -1.137543
0.192590 2.236050
0.537374 1.342267
0.975993 1.953212
-0.894794 1.351472
0.181881 -1.712440
-2.463930 -0.091679
1.415453 -1.253423
1.344436 0.962772
-1.971130 0.441987
-1.359395 -0.263201
2.463855 1.092075
1.273256 2.384901
0.109924 2.538795
0.434558 -0.370041
0.981082 -0.716192
-1.595193 0.489876
-1.142865 -0.020156
0.068582 -1.101212
0.394967 -2.121168
-1.270439 -0.242223
1.656013 1.119648
-2.180670 0.280423
1.221224 2.321417
-0.276862 1.232432
-1.364222 -0.808636
0.838557 -2.169269
0.346768 1.445067
1.149435 2.305536
-0.397571 -2.480719
-0.399759 -2.907642
0.696422 1.376881
-1.276685 -0.260783
-0.677585 1.091404
0.957744 1.774303
0.104158 1.444732
-2.405069 0.199218
-2.315728 0.041147
-0.663526 2.110126
-0.653783 -2.808013
-2.601721 0.136756
-0.463214 1.771485
-1.078896 -0.394892
1.475873 0.488398
1.165258 2.291768
0.763188 -1.140803
-0.791295 -2.457422
0.029421 1.133146
-0.805728 0.210584
0.875368 -1.051470
1.460861 2.804942
-2.407335 -0.058140
1.290271 -2.577240
0.397899 -0.337066
0.520881 0.942087
-1.776071 -1.016584
1.603951 0.379026
1.437018 2.780707
1.071521 -1.237710
-0.579918 1.670948
-0.497136 1.742096
-0.742181 0.244334
0.442135 1.660806
0.080681 -1.096428
0.519736 0.747762
-1.522252 -0.908307
1.341197 2.677484
1.742370 1.215553
-2.518466 0.012121
-0.811321 0.846135
0.669311 -2.920705
-0.635870 -2.824402
0.458103 1.709923
1.367062 -1.284293
0.143688 2.377749
1.481333 0.473943
-1.056728 1.588582
-0.401047 -2.932513
0.871574 1.832109
0.667561 -2.761489
-0.646187 0.950290
0.300825 1.962903
0.627224 1.224653
0.955956 1.551578
0.637314 -3.280860
0.669495 0.561780
0.758180 -0.309415
0.192580 1.470120
-0.621627 0.991738
-0.546530 -2.703184
0.756037 -0.141316
0.612432 2.286106
0.165767 2.311257
0.861876 -1.135623
-0.586059 -2.756666
-2.142627 0.405630
1.454743 -1.232530
0.847492 -1.656447
-0.018134 -1.087612
0.936059 1.138097
-1.302387 -0.124765
-1.975552 -0.901636
0.600707 1.233780
0.057789 -1.779036
0.029864 2.720956
0.701666 0.011361
-0.420025 -0.911206
0.676721 -3.268422
-1.818084 0.450334
