300 2
1.323960 1.411243
-0.302704 0.195124
0.763448 -2.017759
1.759257 -0.864838
-0.097008 0.068092
1.187111 1.760974
2.050296 -0.019475
0.982956 1.723014
-0.327770 -0.445487
0.784190 -1.886426
0.857610 -1.963003
0.416492 0.975878
0.765350 -0.352489
0.467709 0.969701
1.101544 1.792132
0.851682 -0.404101
-0.290089 0.176671
0.230639 -2.718614
-0.273990 -0.106326
0.798578 1.778174
0.207283 -2.818722
0.311268 -2.770520
-0.290437 -0.548839
0.777995 -2.188360
-0.234706 0.448483
-0.403620 0.270502
0.862102 1.140115
0.465835 1.020032
0.645130 0.630227
0.473154 -2.419020
0.687945 -0.546478
1.937074 -0.857693
0.841541 -1.110545
0.178840 -2.493512
2.331680 1.710521
0.953292 1.539474
-0.296404 0.347957
2.003899 -0.735144
1.374629 1.131527
-0.327437 -1.544937
0.299737 -2.695306
1.973954 0.131812
0.335217 -1.464487
0.611163 -2.358529
0.362014 -2.878964
0.173195 -2.423483
1.899652 1.881487
0.274034 -2.094330
-1.011914 0.398786
-0.371020 0.239774
-0.022741 -1.984917
-1.631249 0.449420
0.628240 1.075957
1.563934 -0.227980
2.182860 1.842582
1.239931 1.749996
0.989202 -0.353771
-0.096065 -0.239948
0.044562 -2.359225
1.721800 2.674334
0.239108 -1.598183
-1.667926 0.446082
1.086920 1.499343
-1.592085 0.579988
-0.155489 -0.013864
2.368220 1.675542
-0.205862 0.089145
-0.877017 0.331918
2.285806 1.712183
-1.576940 0.615740
0.812339 -2.141335
1.731306 0.037420
1.688474 0.062683
2.339444 1.935802
0.862678 1.547588
-0.312597 -1.580307
0.068245 -2.579968
1.140832 -0.493209
1.266645 -0.169228
1.118753 1.262784
-0.231884 0.055410
1.516373 1.592699
2.007215 -0.724176
1.528324 1.505196
1.025217 -0.001476
1.165436 1.285672
0.854636 -0.330194
2.084996 -0.838298
0.597183 -0.090603
0.597374 0.560064
1.663087 -0.097904
-0.182037 -0.646636
-1.521359 0.616160
-0.551916 0.586477
1.885285 2.573351
1.902698 2.499329
1.834260 2.889429
-0.339252 -0.498838
2.690147 1.733606
2.172820 1.539037
-0.437023 -1.507171
1.877521 -0.591181
1.861947 1.413543
2.223114 1.559372
1.905205 -0.619347
-1.055240 0.492577
-1.620137 0.537683
-0.924500 0.558428
-0.811828 0.509502
0.790559 -2.102769
0.306815 -2.488239
-0.278017 0.221019
0.854517 -0.208036
-0.204844 0.391650
-0.418423 -1.523866
0.881630 -1.597306
-0.102214 -1.715269
0.039658 -2.410785
-0.252886 -1.819140
-0.182955 -0.269727
2.033798 -0.894935
0.715894 -0.293796
1.791145 -0.894184
2.070239 -0.927278
2.243804 1.814096
-0.043570 -0.323898
2.444636 1.768601
-0.330264 0.216924
-0.274868 -0.620299
1.202554 1.781760
0.217017 -2.848054
-0.319112 -1.524598
1.090802 1.386782
2.057978 -0.788480
2.070033 -0.817176
0.572853 1.050931
-0.604566 0.614650
0.054084 -2.673093
0.841697 1.670948
1.777252 1.860486
-1.116227 0.501051
1.466397 -0.116153
2.252190 1.790713
1.403530 1.172122
1.599784 2.627658
0.076691 -1.641019
0.788879 -1.773759
0.816482 -0.339275
-1.152509 0.510803
2.486714 1.660802
0.016586 0.035009
0.885597 1.553799
-0.109620 -0.082379
-0.763164 0.273799
0.775069 -0.576004
1.194940 -0.570349
2.293097 1.927947
0.293548 -2.515923
0.746694 1.766479
1.824526 2.902362
0.690249 1.790223
0.120158 -2.573488
-1.274147 0.510927
-1.640043 0.640607
1.170361 1.500642
2.535577 1.677797
1.858470 2.869016
1.922685 2.636670
-0.649560 0.512137
-0.621152 0.652596
1.952769 0.293585
0.493038 -2.509629
0.851204 -2.012559
-0.573102 0.602395
2.066185 -0.051158
0.693643 1.843916
1.776067 -0.067856
0.050745 0.528226
1.766306 -0.865129
1.805470 -0.854765
2.679885 1.729095
0.023218 -2.647153
-0.621627 0.408049
-1.602505 0.482449
2.041357 0.854555
0.658337 1.856169
1.937658 0.348289
-0.117739 -1.504231
0.039449 -0.700044
2.738826 1.733812
2.251725 1.854981
0.935329 0.571937
-0.164868 0.017445
0.729873 -0.336549
0.172330 0.037582
0.398301 -0.080814
1.950901 2.594335
0.914660 1.153658
0.861365 -1.565309
1.882420 -0.078532
-0.063250 -1.842930
0.078828 -2.287024
0.671259 -1.397956
1.143074 1.792503
0.446523 -2.606539
-0.626838 0.657434
0.091322 -2.658830
1.726726 -0.963340
-1.618324 0.616251
0.407259 1.013233
1.696251 0.085669
0.692164 -2.309055
-0.036145 -1.712223
-0.033320 0.445883
-0.150416 -1.509689
0.885250 -1.982183
0.336858 -1.471927
0.523301 0.992973
-1.621990 0.488446
0.413707 -2.595868
1.846539 1.917964
-0.831913 0.587450
0.881444 -1.938494
0.215618 -1.526863
1.008171 1.277798
1.139306 1.515031
-0.171850 -1.572416
0.113237 -2.449987
0.159847 -1.631461
1.945327 0.081956
1.196260 -0.402951
-0.455163 0.533204
-0.205809 -1.749318
1.128015 -0.449376
1.060230 1.130213
1.665637 1.735087
0.473109 0.051799
1.089635 1.321871
0.906189 1.495239
0.605545 -1.464840
0.427846 1.011978
2.021780 1.796996
-0.345884 -1.592575
0.587266 -2.358356
2.065675 1.936551
1.345700 1.346669
-0.254708 -0.267592
1.880116 2.543617
0.251964 0.133326
1.946552 1.973878
-0.315047 -0.205340
-0.220117 -0.012249
1.858669 1.902079
1.040431 1.810444
1.039160 -0.358867
1.754802 1.798131
0.636230 -0.589898
1.831312 2.646485
-0.895417 0.365651
1.820394 2.803509
1.799018 -0.334467
2.030217 -0.849471
0.793553 -0.550098
0.810319 -0.474976
1.868431 1.941520
0.723051 -2.200190
1.716255 -0.947305
0.684524 1.059436
1.797051 -0.792381
0.609292 0.710342
-1.010791 0.468590
2.011680 -0.036386
2.483936 1.751708
0.185390 -1.380874
0.685076 -1.431357
1.853256 0.011927
2.206142 1.667198
1.335498 -0.145011
0.760114 -1.585580
-1.518291 0.528591
-0.123352 0.014515
1.977087 1.468329
1.948841 0.103087
0.710379 -0.677019
2.481266 1.723017
0.678152 -0.393899
2.380261 1.719371
-0.196194 -1.809319
1.811152 2.605319
1.430179 -0.249736
1.673229 2.649924
0.911734 1.223270
0.563838 0.475156
1.732945 -0.965011
0.729122 -0.355284
1.132170 1.341309
0.240040 -2.735369
1.900594 0.386936
1.598531 1.629536
-0.478171 0.316914
