300 2
0.187929 -1.130596
0.554228 0.790898
-1.789752 1.146461
-1.757806 -0.131653
0.409346 0.822099
0.656807 -1.312512
-1.107682 -0.746579
0.700907 -1.165165
0.031929 1.109876
-1.688143 1.032313
-1.788877 1.094240
0.533447 -0.347304
-0.580204 0.078523
0.443568 -0.386232
0.722280 -1.275554
-0.606148 0.233724
0.384172 0.798754
-2.158234 1.919955
0.304275 0.885898
0.906755 -1.093695
-2.206574 2.010454
-2.159422 1.979418
-0.026909 1.183976
-1.944368 1.164530
0.678344 0.417843
0.703863 0.719340
0.326375 -0.852257
0.548768 -0.397493
0.481164 -0.014286
-2.087682 1.724774
-0.655575 0.297756
-1.793446 -0.254025
-1.097106 0.598322
-1.873503 1.932542
-0.335131 -2.362746
0.550333 -1.104027
0.605552 0.913251
-1.692217 -0.401653
-0.053415 -0.915758
-0.886703 1.886514
-2.170960 1.958818
-1.242958 -0.840557
-0.985300 1.366138
-2.054408 1.723609
-2.223163 2.055274
-1.800104 1.914494
0.229573 -2.134259
-1.356539 1.408490
1.276843 1.004945
0.716150 0.711050
-1.356359 1.880923
1.758801 1.259363
0.438901 -0.606982
-1.032451 -0.328344
0.117306 -2.260607
0.532987 -1.353800
-0.783259 0.201264
0.051119 0.801727
-1.695815 2.011246
1.057394 -2.441103
-1.122734 1.331245
1.713840 1.198381
0.413580 -1.132392
1.789217 1.243692
0.391606 0.893897
-0.225554 -2.471223
0.544355 0.940069
1.084677 0.951562
-0.195235 -2.141601
1.863052 1.190464
-1.927345 1.122521
-1.136545 -0.628250
-1.073214 -0.538559
-0.161589 -2.156195
0.460444 -1.060917
-0.827142 1.999472
-1.969079 2.155255
-0.932498 0.177072
-0.729148 -0.012439
0.262405 -1.003007
0.616518 0.972966
0.321726 -1.646362
-1.708411 -0.317244
0.304184 -1.695702
0.095605 -1.487761
0.241322 -1.052841
-0.580522 0.247263
-1.725066 -0.339245
0.040075 0.422967
0.474981 0.017831
-1.053288 -0.427956
-0.096999 1.168712
1.841844 1.167852
0.992286 0.517632
0.859197 -2.450635
0.917266 -2.422270
0.823883 -2.674906
0.007757 1.183341
-0.319455 -2.637589
-0.180570 -1.907713
-0.832268 2.017862
-1.387553 -0.269949
0.025931 -1.565604
-0.205487 -2.054366
-1.542915 -0.339135
1.250459 1.076183
1.795467 1.264251
1.246183 0.765639
1.290244 0.925590
-1.894850 1.087811
-2.078755 1.776597
0.513855 0.716606
-0.614123 0.166759
0.602675 0.569823
-0.803558 2.007253
-1.703046 1.036062
-1.057664 1.766331
-1.766911 2.075777
-1.143145 1.908584
0.042463 0.880278
-1.824196 -0.277930
-0.506169 0.234542
-1.777922 -0.048652
-1.809689 -0.314257
0.000099 -2.336648
-0.573311 1.130061
-0.127006 -2.414519
0.681703 0.696460
-0.064469 1.208304
0.571483 -1.392177
-2.214894 2.043652
-0.846454 1.856535
0.368630 -1.121264
-1.757793 -0.419103
-1.746190 -0.321031
0.409988 -0.466584
1.064490 0.622591
-2.008584 2.115294
0.832890 -1.050238
0.454220 -2.041261
1.275888 1.052254
-0.937952 -0.401559
-0.159394 -2.186264
0.106517 -1.097636
1.143042 -2.164341
-1.128803 1.323999
-1.660874 1.022706
-0.665272 0.376404
1.270608 1.050023
-0.302368 -2.452633
0.296637 0.743760
0.503968 -1.024623
0.304692 0.980486
0.923032 0.890735
-0.728348 0.532621
-0.972529 0.186785
-0.137876 -2.167076
-1.960681 1.873266
0.931482 -1.055500
0.834735 -2.674028
0.957339 -1.084544
-1.945222 2.050834
1.499753 1.078779
1.834954 1.189827
0.339198 -1.247246
-0.291501 -2.509738
0.834649 -2.665137
0.797228 -2.465831
1.049039 0.635532
1.113016 0.571973
-1.071020 -0.906633
-1.989067 1.679448
-1.934183 1.112424
1.060953 0.596907
-0.997933 -0.638364
0.992742 -1.050992
-1.093017 -0.615857
0.553589 0.531066
-1.734030 -0.106228
-1.758823 -0.104951
-0.313300 -2.671663
-1.993354 2.208699
0.923086 0.724150
1.746872 1.247296
-0.483450 -1.656834
1.033041 -1.044463
-1.035312 -0.954481
-0.856672 1.708043
-0.436187 1.017067
-0.331649 -2.761152
-0.144361 -2.151798
-0.139114 -0.389559
0.644446 1.008913
-0.574431 0.226701
0.113718 0.496462
-0.402871 0.317214
0.735493 -2.477601
0.372527 -0.766414
-1.476830 0.883959
-1.064070 -0.560169
-1.283580 1.879614
-1.688469 1.908443
-1.230285 0.964329
0.689800 -1.337228
-1.997143 1.801134
1.160246 0.584668
-2.017796 1.964810
-1.912147 0.002508
1.871791 1.184159
0.619140 -0.351390
-1.148425 -0.625728
-2.013427 1.383205
-1.181805 1.769505
0.564059 0.547692
-0.829299 1.734701
-1.832949 1.104229
-1.070582 1.314475
0.387751 -0.454599
1.774529 1.295900
-1.990321 1.795106
0.357125 -2.101611
1.216031 0.725530
-1.885605 1.104989
-1.180564 1.358541
0.276341 -0.858049
0.438134 -1.171082
-0.936055 1.768629
-1.806215 1.990322
-1.123677 1.364139
-1.169929 -0.776641
-1.073106 -0.134425
0.867444 0.450237
-1.098967 1.870720
-0.908251 0.175174
0.204077 -0.779963
0.454539 -1.928725
0.146445 0.351459
0.388355 -1.075700
0.424135 -1.080457
-1.259161 0.967599
0.526266 -0.386216
0.024055 -2.161496
-0.841522 1.987497
-2.001830 1.452422
0.174125 -2.251178
0.167861 -1.252611
0.087091 0.937172
0.742942 -2.375736
0.443183 0.620041
0.265763 -2.200891
0.130523 0.994566
0.361781 0.857755
0.372047 -2.066413
0.686598 -1.230316
-0.875738 0.195891
0.310586 -2.036477
-0.668446 0.366906
0.865277 -2.516454
1.106624 0.927246
0.825685 -2.573858
-1.235569 -0.408652
-1.783672 -0.283021
-0.768159 0.564495
-0.709969 0.430515
0.301114 -2.105274
-1.961402 1.281496
-1.806293 -0.063920
0.390692 -0.462194
-1.699644 -0.162103
0.262630 -0.211075
1.353085 1.015043
-1.047820 -0.637517
-0.261432 -2.530809
-0.922453 1.394675
-1.301103 0.935353
-1.155949 -0.709896
-0.080676 -2.270152
-0.821997 -0.261090
-1.398726 0.886620
1.685756 1.153902
0.366333 0.873933
-0.074957 -1.725277
-1.222317 -0.817236
-0.788931 0.873091
-0.303569 -2.404326
-0.599460 0.313516
-0.350193 -2.360474
-1.128191 1.852890
0.934608 -2.422779
-1.073597 -0.003419
1.030139 -2.423481
0.395651 -0.767997
0.480978 0.109802
-1.903972 -0.025699
-0.626184 0.134067
0.360754 -1.156820
-2.150980 2.010367
-0.950097 -0.938012
0.176227 -1.901418
0.773380 0.740161
