300 2
-2.007463 0.331611
-0.878878 -1.015937
1.157493 -0.704715
-0.027827 1.019052
-0.825025 -0.950690
-2.064056 0.678869
-0.741446 1.287682
-1.953435 0.566779
-0.229648 -1.102930
0.885093 -0.513919
1.043432 -0.690454
-1.775947 -0.413344
-0.508500 0.048565
-1.741197 -0.373730
-2.051919 0.715140
-0.374984 0.032802
-0.775450 -0.985242
2.137746 -0.333022
-0.546061 -1.134380
-1.801856 0.732965
2.202775 -0.338173
2.027345 -0.425307
-0.191946 -1.120651
1.213151 -0.743410
-1.158724 -0.901665
-1.033969 -1.211432
-1.784342 -0.256356
-1.855652 -0.317319
-1.327870 0.069962
1.625323 -0.550269
-0.244182 0.065515
0.074433 1.109177
0.318611 -0.237804
1.769410 -0.305095
-2.761030 1.115499
-1.797643 0.464808
-0.915108 -1.494342
-0.151148 1.208160
-1.534594 0.298841
1.113343 0.455792
1.903528 -0.447881
-0.846834 1.286458
0.765989 0.055492
1.641052 -0.591192
2.145377 -0.377486
1.740475 -0.263933
-2.915417 0.513000
1.489062 -0.336425
-1.165524 -1.821647
-1.073450 -1.178228
1.481568 0.074340
-1.239716 -2.390365
-1.775290 -0.326499
-0.494761 0.693548
-2.987031 0.819253
-2.125026 0.710066
-0.520749 0.203012
-0.584486 -0.878485
1.799214 -0.086973
-3.474840 0.065758
0.959857 -0.062430
-1.281248 -2.417320
-1.929124 0.428363
-1.302604 -2.479073
-0.795988 -1.131044
-2.926146 1.268356
-1.010076 -0.972930
-1.116772 -1.655000
-2.773045 1.017585
-1.388414 -2.450032
1.222881 -0.828774
-0.727987 0.972403
-0.674674 0.968521
-2.877891 0.928886
-1.881575 0.377600
1.169421 0.573525
1.873828 -0.311335
-0.479891 0.400249
-0.605676 0.705328
-1.957065 0.027067
-0.966767 -0.958242
-2.575440 0.298848
-0.043463 1.261852
-2.534411 0.281591
-0.933031 0.088564
-2.076741 0.124779
-0.370815 -0.007220
0.042908 1.334279
-0.757142 -0.522114
-1.262595 -0.011915
-0.626261 0.963256
-0.097702 -1.008459
-1.458819 -2.371051
-1.296928 -1.497338
-3.466189 0.162701
-3.477869 0.161333
-3.625013 0.258124
-0.182935 -1.137441
-3.052450 1.491632
-2.623015 0.945028
1.239300 0.586474
-0.232823 1.058925
-2.331675 0.583506
-2.614540 0.960174
-0.236633 1.157593
-1.078123 -1.870047
-1.269929 -2.489318
-1.270132 -1.644502
-1.270363 -1.809412
1.143987 -0.746218
1.691938 -0.418829
-0.757416 -1.050638
-0.410557 0.106585
-0.998507 -1.017530
1.276384 0.642500
0.890825 -0.562966
1.200757 0.255326
1.816076 -0.070932
1.334383 0.301798
-0.524779 -1.032845
0.072884 1.212409
-0.306306 -0.018030
0.107193 0.960155
0.099715 1.323685
-2.975323 1.042891
0.182249 -0.351768
-3.010936 1.082939
-0.957418 -1.183007
-0.125802 -1.095052
-2.155407 0.838663
2.229230 -0.363866
1.156869 0.494754
-1.868376 0.425970
-0.056902 1.250633
-0.037472 1.353671
-1.734916 -0.289761
-1.416093 -1.388656
1.843500 -0.339939
-1.771789 0.670872
-2.807789 0.334955
-1.137698 -2.013527
-0.624512 0.768771
-2.816911 0.942343
-1.700470 0.359141
-1.827171 -1.277955
1.037776 0.044124
0.943116 -0.589963
-0.549521 0.015437
-1.178336 -2.088394
-2.958179 1.363590
-0.728789 -0.768664
-1.834741 0.470943
-0.773679 -1.115140
-1.034952 -1.593316
-0.398189 -0.051860
-0.465937 0.479733
-2.893303 0.930931
1.776911 -0.438165
-1.786316 0.809275
-3.692149 0.220912
-1.792800 0.831111
1.854663 -0.342039
-1.303023 -2.254551
-1.450427 -2.498109
-2.156538 0.369818
-2.944983 1.398253
-3.660457 0.297209
-3.446783 0.254201
-1.269820 -1.520933
-1.409756 -1.445649
-1.051159 1.338267
1.756076 -0.602421
1.148953 -0.769463
-1.304147 -1.543602
-0.707962 1.322754
-1.769116 0.893179
-0.685242 1.027929
-1.212748 -0.800785
-0.010609 0.991447
-0.006840 0.978824
-3.046847 1.471325
1.862383 -0.336158
-1.182300 -1.321308
-1.257263 -2.524194
-1.390281 0.955101
-1.768706 0.925298
-1.099729 1.337298
0.948529 0.343231
-0.044206 -0.828562
-3.065095 1.517456
-2.855088 0.914839
-0.719775 0.159606
-0.996171 -0.932565
-0.496624 0.043545
-0.704534 -0.586451
-0.602499 -0.206862
-3.441163 0.257870
-1.862357 -0.306105
0.768690 -0.471999
-0.609656 1.022898
1.403855 0.146860
1.668005 -0.112108
0.657932 -0.298983
-2.075179 0.734384
1.799273 -0.603806
-1.449934 -1.435664
1.866127 -0.345337
0.157247 0.901178
-1.434088 -2.468515
-1.842477 -0.363887
-0.713854 0.996697
1.473907 -0.744674
1.256017 0.140127
-1.128911 -0.936294
0.997369 0.388625
1.069203 -0.696058
0.756641 0.036124
-1.759246 -0.284717
-1.251094 -2.592833
1.781670 -0.581205
-2.887287 0.411055
-1.298644 -1.639985
1.114006 -0.721359
0.806087 -0.028749
-1.665791 0.348357
-2.024938 0.385777
1.090171 0.382491
1.801334 -0.211116
1.043725 0.008662
-0.779359 1.260257
-0.406144 0.422605
-1.253170 -1.294564
1.291138 0.323183
-0.451396 0.504652
-1.670702 0.276121
-2.817816 0.370909
-0.879237 -0.563195
-1.894403 0.254400
-1.971035 0.376223
0.704950 -0.293565
-1.854604 -0.338609
-2.814931 0.756096
1.194306 0.505908
1.516856 -0.677844
-2.991864 0.715826
-1.957725 0.340063
-0.499084 -1.071741
-3.368251 0.243340
-0.885134 -0.655873
-3.023851 0.683476
-0.450712 -1.124138
-0.686840 -1.032750
-2.841429 0.366761
-1.947687 0.645127
-0.506076 0.275150
-2.865329 0.490493
-0.084629 0.031952
-3.454023 0.220073
-1.147595 -1.763431
-3.601076 0.222326
-0.534826 0.948127
-0.025641 1.211261
-0.259872 -0.075623
-0.487584 -0.030849
-2.876952 0.490211
1.391961 -0.733122
0.116260 0.963523
-1.789138 -0.219207
-0.048765 0.996970
-1.159528 -0.404017
-1.222541 -2.036287
-0.681782 1.179533
-2.991209 1.331730
0.796019 0.214630
0.660794 -0.313822
-0.728440 1.113390
-2.936663 1.045424
-0.612227 0.725350
0.672862 -0.359122
-1.363174 -2.371432
-0.750097 -1.043841
-2.495763 0.814937
-0.811430 1.235667
0.561393 0.169421
-2.897028 1.279569
-0.304661 -0.029884
-2.803247 1.152581
1.336201 0.276998
-3.438508 0.144964
-0.341459 0.511639
-3.380404 0.007810
-1.883529 -0.158040
-1.188095 -0.056829
0.140374 0.877188
-0.438458 -0.007654
-1.966902 0.317370
2.095268 -0.337843
-1.087197 1.251885
-2.664411 0.528934
-1.104146 -1.240144
