1000 2
1.324455 -0.568942
-0.442810 1.847993
0.704446 -1.392819
1.076223 -0.002857
1.813456 0.840898
0.035993 -0.099886
-1.744305 0.050449
0.092053 1.385938
2.063148 -0.791503
0.391923 -1.266976
-2.556528 -0.664068
-0.381892 -0.644858
-0.620823 1.504008
0.102650 1.421813
0.094376 1.391787
1.542105 0.955666
0.360860 1.828328
2.480156 -1.096838
-1.427847 -1.278906
0.680438 -1.835704
-2.200018 -2.084818
1.662102 -0.416304
-0.633244 -0.596475
2.323483 0.802082
-0.221092 1.740624
0.014203 -0.124150
0.770495 0.264837
2.047471 0.513464
0.684571 1.571581
-0.839897 0.639641
-1.014833 0.105091
-0.842228 0.682081
-1.201370 -0.906099
2.123414 0.184696
-0.765841 -0.196689
0.548874 2.639086
-2.852241 -0.478074
0.271964 1.216736
0.995995 1.672363
-1.890681 -0.777331
1.102981 1.087389
0.330711 2.078076
-1.132652 0.183835
-2.144535 -1.983562
0.429338 1.566688
-1.785654 -2.141440
0.343606 1.593149
-0.100205 1.954557
-2.848637 -0.488265
-1.029565 -0.690774
-1.093821 0.284196
1.858165 -0.811929
-2.187207 0.400372
0.865819 -1.161872
0.705792 -1.381116
-1.318048 -1.210136
1.230998 -0.522329
0.609953 2.533340
0.700459 2.744455
0.005156 -0.219878
-0.863671 -0.126854
1.356787 -0.308998
2.572600 -0.419212
-2.013584 -0.825193
2.068060 0.491669
-1.978852 -1.747564
-0.053202 1.686842
0.789643 0.163123
1.688991 0.877901
2.538745 0.646663
-2.907339 -0.441504
1.576870 -0.333715
1.167646 -0.585276
1.014059 1.700790
-0.364093 1.948954
0.782101 1.251131
-1.425820 -0.874810
-2.511643 -0.855055
-1.160163 -0.016790
1.111416 -0.028890
-2.148113 0.480125
0.291753 1.350131
-2.381698 0.340039
1.392180 -1.253357
2.314292 1.027065
-0.176922 1.666968
0.929243 -1.401919
1.341718 -0.456154
-2.374174 0.410893
0.500793 -1.461970
-2.075094 -0.893732
-2.279123 -2.032834
0.770714 2.600722
-0.694334 -0.736672
0.609356 2.374530
-2.003891 -1.810118
0.653050 -1.738803
-2.352195 -0.689201
0.398599 2.785788
0.579435 2.923520
-1.054009 -0.457365
-2.062395 -0.624330
0.227199 1.118605
1.764862 -0.698126
0.345714 1.379946
2.283489 0.096452
-2.171102 -1.057471
0.526386 2.081882
-1.953074 -0.789391
-0.522709 1.926614
-1.130646 -0.604852
-0.162448 -0.660841
0.352990 1.471809
2.120702 0.434563
-1.544242 -0.190669
0.649298 2.425680
-2.181432 -1.188902
2.330326 0.562724
-0.911097 -0.160512
-1.387837 -1.409911
-2.662648 -0.864837
0.494175 -1.330773
-0.855147 0.699947
1.525444 0.473055
0.094746 1.341427
1.590602 0.617025
-1.791142 -1.294858
1.758814 0.797918
-2.309977 -2.103312
0.607764 2.515241
-0.898361 -0.632521
1.608350 -0.541822
1.726958 0.969136
2.467381 1.075297
-0.005881 -0.125975
-0.293589 1.766039
-0.967510 -0.756968
0.193532 2.296183
-0.974481 -0.366220
0.532713 -1.400788
0.739616 -2.211579
0.777541 -2.394699
0.200074 1.037374
0.742591 -2.390768
1.889861 0.975841
2.101677 -1.134918
-0.851493 -0.293353
-1.495553 -0.235658
2.187449 1.083965
2.003718 0.669639
-0.511060 1.737306
2.365843 0.711266
0.563506 1.456270
-0.472249 1.914948
-2.088964 -2.168448
-0.990608 -0.329019
1.163837 -1.004918
-0.492797 1.902073
0.076367 -0.614001
-0.196548 1.667143
1.058728 -0.523995
2.555976 -0.503485
1.074397 1.550312
-2.207978 -2.097404
1.238026 -0.764470
0.892722 -1.185587
0.905144 -1.729009
0.802573 2.556420
0.608242 2.865173
1.925259 -0.725962
-0.851087 -0.578059
1.633826 -0.702315
1.369747 -0.901472
1.227978 -0.951508
-2.041730 -1.979924
0.404947 2.393632
-0.385300 -1.408149
0.293778 1.336535
0.951593 -1.381016
1.100017 1.454149
-1.021080 -0.375241
1.469242 -1.474516
1.429453 1.066949
-2.134982 -0.810200
2.539141 0.511611
-1.176008 -1.030688
0.974102 -0.927547
-0.432209 -0.588666
-1.983786 -0.805625
0.653917 -1.430123
-0.922666 -0.325144
-0.116723 -0.680898
0.179171 2.319354
1.052853 -1.913960
-1.008163 -0.294342
0.157346 1.161308
-0.346110 2.020473
1.835931 1.042651
-0.752509 -0.138379
0.036986 1.710528
-1.044464 0.044877
-1.887313 -1.602030
0.923026 1.454625
-0.139664 1.927408
-1.672529 -0.568039
-0.522590 1.846906
-1.285635 -0.567068
2.484037 -1.055231
0.584630 2.552839
-0.956754 -0.683648
0.169091 1.439104
0.721185 1.440781
0.755980 1.443696
1.500661 -0.341575
-1.089549 -0.678463
-2.554582 -0.702163
1.055053 1.500138
0.610392 -1.859421
2.202178 -1.079185
0.208888 2.298812
-2.046936 0.366131
-2.945154 -0.421847
-2.423476 0.411990
0.608362 2.388613
0.354846 2.003896
-0.550598 -1.528159
1.236525 -0.536738
-0.684357 -0.633426
-0.414037 -0.861690
1.484007 -1.526616
-2.019593 0.582639
0.622381 -0.592612
-0.333893 1.586204
-0.151162 -0.286379
-2.280016 0.434553
0.412684 1.511399
1.633325 0.677302
-1.509393 -0.585264
2.743822 -1.254893
-1.874727 -0.603494
-1.430719 -0.288703
1.879829 0.772584
-2.101567 0.537078
0.360576 2.828468
0.762204 -1.130747
-1.970049 -2.246933
1.009216 -1.446763
1.598125 0.592145
-2.092552 -0.659334
-2.003983 0.451311
0.626916 -1.901111
-2.012605 -1.275810
0.686551 1.434283
2.046357 0.610860
-2.192525 -1.166356
-2.966606 -0.407825
-0.234441 1.585241
-2.131867 -1.182221
-0.892329 -0.891732
1.262741 -0.570219
1.190639 -1.457433
-0.400061 -1.303191
0.774623 -2.518429
-2.093863 -0.610693
-0.205538 -0.635701
-1.445356 -0.206512
0.311802 1.153045
0.366320 1.903816
1.213738 0.010504
-2.029577 -2.024564
-1.409986 -1.248940
-1.009696 0.250218
-0.983619 -0.744350
0.495750 2.934429
-1.897125 -1.537670
1.708904 -0.338119
0.425934 1.489285
-1.534663 -0.198352
2.667405 -1.167293
1.315559 -1.403533
1.165953 -0.274490
0.510143 2.995605
-0.920952 -0.130603
-2.886742 -0.472103
0.574583 2.510037
1.042227 -0.652323
-1.848342 -1.487415
-0.565083 1.559742
2.611562 -1.123160
0.712288 -2.429376
1.084599 0.014060
2.222312 0.426071
0.341521 1.772663
1.024593 1.665256
0.111227 -0.619286
-1.640188 -0.035227
-0.525966 1.938284
1.555407 -0.559025
0.643842 -1.216097
-0.908885 -1.066584
0.944244 0.307277
0.934323 -1.447670
-1.157803 -0.940501
1.389640 0.982175
1.451801 0.065042
0.772496 -1.451690
-0.010733 -0.135934
0.645446 2.803936
1.863927 1.065575
0.513273 -1.440413
2.289503 -0.856765
1.556255 0.318774
1.376501 1.093084
-1.372606 -0.339257
0.758546 0.321575
0.978236 0.195517
-1.964139 -0.809514
2.622357 -1.125720
1.563077 -0.773896
-2.178847 -2.120612
-0.877608 -0.051779
0.348074 2.110877
-2.055200 0.536675
-0.810243 -0.613844
0.562918 2.539893
1.488050 -0.534612
1.500031 0.925508
1.939518 -0.839865
0.633530 2.934246
1.216365 -0.415406
-2.030956 0.372671
0.706238 -2.456089
-1.261456 -0.564953
0.154400 2.338277
0.310883 2.138884
2.323021 0.890674
-1.054203 -0.409277
-0.692779 0.756055
-0.779712 -0.578108
0.158515 2.311180
2.035285 -0.842889
0.337027 1.381312
-2.190810 -1.190352
0.580444 2.729459
2.174515 0.159171
0.409013 2.412127
0.944609 -1.621741
2.132223 0.434422
1.469427 -0.688145
-0.169717 -0.998715
0.375278 1.896004
0.280854 1.416893
0.161527 0.903538
-1.120531 -0.624069
-1.996941 0.585045
0.771416 -2.545677
-0.529562 1.740301
-0.053542 -0.626318
0.631557 2.907115
-0.223338 1.634812
-1.266481 -0.719008
-1.835395 -2.183663
0.716936 -2.499765
0.709742 0.362192
-0.443096 1.843971
1.957318 0.080481
-1.016614 -0.457146
1.332733 -0.476977
-1.342804 -0.563649
1.499461 -1.514166
0.860115 -2.134628
2.289146 0.509948
0.349149 1.702362
0.360517 1.795101
0.621453 -1.754984
2.584675 0.557416
-1.307877 -0.362670
2.382296 0.943482
-1.093942 0.295365
1.719326 0.506318
1.631711 0.722925
-2.880233 -0.503780
-0.571163 -0.674658
1.026692 -1.919333
-0.424962 -1.481009
1.698676 0.805784
0.755812 -1.827128
2.042677 -0.739572
-2.017199 -2.270616
-1.314093 -0.742234
1.401312 1.169432
-0.827181 -0.297211
-2.205645 -1.215011
0.977621 -1.473680
2.631839 0.512452
-2.912757 -0.447596
-0.975713 -0.830776
-2.709509 -0.871367
0.350512 1.965812
2.006732 -0.765947
2.118271 -1.115933
0.102572 -1.142155
-2.147200 0.268745
1.734683 -1.185575
0.095649 1.555970
-2.118383 -1.948767
1.408631 -1.482077
0.492826 -1.480677
0.795712 -1.560528
-1.591979 -1.306873
-0.297912 1.818572
0.781651 0.166285
-2.168604 -1.164354
0.869369 -1.003055
-1.360476 -0.260535
0.972323 0.080518
0.831909 -0.642522
-2.000294 0.604452
0.928022 0.101483
-1.092388 -0.813263
-1.084508 -0.123166
-0.566393 1.717406
0.341897 1.997273
0.703083 -1.459516
2.353156 -1.129403
1.895643 -0.855016
-1.990998 -2.303636
-0.697523 -0.433096
-0.371738 -0.345831
0.846650 -1.443604
0.898996 -1.061585
0.478134 -0.494913
-0.805280 0.456868
-0.804020 -0.613062
-0.467532 1.639645
-2.368773 0.088580
0.710926 0.334603
0.350510 1.347069
-2.990539 -0.401390
0.325194 1.950999
1.992410 0.616729
2.625106 -0.706008
0.003526 -0.213076
1.699133 -0.690802
2.162405 1.117269
0.540722 2.324939
0.169923 2.257756
-0.729455 -0.168972
0.489302 1.471466
-2.403949 0.422027
-2.046661 -2.307135
2.611666 -0.821682
-0.890795 -0.127095
0.788360 -2.509309
2.638577 0.530115
-1.075988 -0.754202
1.086984 -1.272327
0.400630 -0.574966
1.392744 -0.510918
-2.183646 0.342074
-0.290014 -0.324931
0.816562 -1.134825
1.583177 0.912034
0.092224 1.383470
-0.286740 -0.324448
2.441823 1.017970
1.078711 -1.988934
1.089350 1.536104
-0.460797 -1.152307
-0.661887 -0.489652
1.832500 0.863620
-0.227370 -0.312891
2.425129 1.016407
0.769694 1.439066
0.613707 -1.893083
-1.815539 -1.431331
-1.014403 0.213490
2.624754 -1.119355
-0.249382 1.992956
1.295029 -0.341118
2.112706 0.463368
-0.311556 2.145088
2.442740 1.051368
2.662475 -0.737296
-1.112343 -0.918339
0.737603 -2.310812
-0.882352 -1.130019
0.798202 -2.377027
0.700730 -1.450926
2.572417 -0.884840
-0.064433 -0.285758
2.508543 -0.267873
0.740683 -2.351838
-2.211065 -2.099818
-1.685455 -0.692169
1.056507 -1.966196
2.639278 -0.480243
-0.027476 1.625081
-0.874805 -1.156003
0.559136 2.251978
1.505277 0.382966
1.436427 0.883110
0.513807 -1.480919
-2.726338 -0.874768
0.674161 2.444504
2.823700 -1.330443
1.251274 -1.473835
0.150008 1.388142
1.910451 -0.707731
2.589189 -0.440221
-1.992342 -1.768485
1.034119 1.656416
-2.042778 -1.926919
1.091147 -1.969398
2.620556 -1.111497
1.839807 0.931903
-0.869185 -0.922788
-0.430720 1.844859
2.413052 -1.058722
1.103566 1.538557
1.630437 -0.504880
0.718809 -0.641171
-0.223123 2.025765
1.984875 -1.106530
-1.979562 0.612435
-1.128626 -0.267366
0.337944 1.665105
1.089245 -1.983124
1.674721 1.017977
1.012897 -0.679378
0.475794 -1.508361
1.507214 -0.381283
0.680057 0.379159
-0.208341 0.002191
0.855922 0.134221
-0.964475 -0.732293
-2.144217 0.275027
2.621966 -0.449587
1.633521 -0.246198
2.524598 1.096793
0.870485 -1.457379
2.274593 -0.924547
-0.842447 -0.032506
-2.219882 0.363197
1.285749 -0.734162
-0.181864 -0.274370
-0.727705 -0.150259
-0.877855 -0.381863
-0.170701 1.595627
0.345225 1.451970
0.369176 1.818757
-2.536895 -0.819573
-0.495848 1.911058
-0.732285 -0.759851
-2.887807 -0.517412
0.997346 1.714056
0.953596 0.126786
0.382655 1.435115
-1.061862 0.349746
-1.035457 -0.498889
2.145789 0.411092
2.584613 -0.398983
2.121896 0.922197
-1.555857 -0.183973
2.135288 0.409955
1.485551 -1.539025
-1.171151 0.148474
0.693434 -2.070841
-2.122311 -0.747217
0.971969 1.181282
2.295550 1.090656
2.602435 -1.087457
0.619057 1.229109
2.702451 -1.217344
-2.683860 -0.877657
0.218899 2.370427
1.474882 -0.385470
-2.177879 -1.180760
-1.885436 -1.298579
-2.183199 -1.181199
0.371814 0.838895
0.153977 1.554426
-1.992322 0.469943
1.097688 -0.087733
-2.090873 -0.820943
2.248935 1.153727
0.588912 2.325926
0.585635 2.288659
0.648860 -1.817649
-0.252311 1.792326
-0.769463 -0.290974
0.707664 -2.134063
0.798184 -0.973247
2.824791 -1.334446
2.363902 0.548632
-0.543145 1.949557
1.045188 -0.685061
2.333555 0.978730
1.595523 0.656972
1.817268 -0.631244
-0.315291 1.797456
-0.908517 -0.840172
0.801252 0.209565
1.070801 -2.020656
-1.395375 -1.438940
-0.177949 1.826984
-1.388713 -1.388326
2.250623 1.145918
0.992861 -1.793381
-1.623416 -1.308018
0.767146 -1.241098
0.287570 1.394341
-2.546687 -0.817662
-1.073347 -0.454192
0.374834 1.438264
-1.034558 -0.381421
0.643618 -2.467362
-1.212045 -0.536177
-0.228999 -0.345646
1.948292 -0.850917
2.622839 -0.831863
-0.925220 -0.684684
2.053770 0.229145
-1.999905 -2.114964
2.296695 0.183696
1.691075 0.997935
2.465751 -1.075429
2.237056 0.126919
-1.435524 -1.234541
-1.084244 -0.387296
2.155279 0.436702
1.559696 0.907219
0.138094 2.290869
2.558183 -0.918114
0.999218 1.630233
0.995653 -1.772171
-1.111066 -0.572834
1.753784 -0.951151
-1.244675 -0.770882
2.175981 -0.771589
1.377518 -1.307367
-0.524889 1.936361
1.075891 -1.929518
2.299239 1.143545
0.827759 0.136660
-0.477047 1.909999
0.105164 1.230511
1.593388 -0.556933
1.512862 -0.725948
-2.205919 -1.211938
1.489632 0.392514
-2.912559 -0.447089
0.634700 2.440928
1.517787 0.517134
1.521036 1.044018
-2.416921 0.391211
-0.036781 -0.192499
0.552852 2.945050
-0.753736 0.712795
1.251549 -0.513846
1.287327 -0.747503
-0.491596 1.933700
-0.577958 -0.422084
-0.774718 -0.565085
-2.335356 -2.066550
2.381640 -1.011073
-0.630778 -0.394320
-0.210735 1.914386
1.198505 1.081332
0.570180 -1.456602
-1.144305 -0.325439
1.946239 0.612656
2.616131 -0.565874
1.974482 0.233605
1.872853 0.795432
0.168149 2.311190
1.686153 0.947682
-0.929164 -0.593253
0.164913 2.368885
0.824233 -1.350028
1.128371 -1.453968
2.281481 1.094032
0.826134 -1.927360
2.852899 -1.360335
1.508608 0.443170
0.739208 -1.866301
2.351813 -0.958319
1.014482 -0.666669
0.391160 1.620021
0.327555 1.502413
-0.603156 -0.415913
-1.381518 -1.272927
2.381051 0.501067
1.586539 0.481389
2.198489 0.390931
-0.796287 0.643426
0.765534 -1.587860
-1.399976 -1.442293
-1.221480 -0.253424
-2.359011 0.388714
-2.393186 0.363238
2.472802 -1.003103
2.637251 -0.823142
1.864317 1.105693
-1.557050 -0.168710
-1.029677 -0.411349
0.805048 2.576534
-1.263623 -0.517618
-0.438856 1.855930
-0.800155 -0.575440
2.057096 -1.083295
0.087196 -1.286810
0.265282 1.241496
-1.681710 -0.003415
-0.504888 1.951970
2.591040 -0.882661
2.490362 -0.364483
-0.197611 1.604259
-1.057956 -0.002432
2.140917 0.945029
-1.774670 -1.259370
2.367473 0.549731
-2.878365 -0.463864
-2.193531 -1.211613
-0.154759 1.677514
-1.554271 -0.183693
-0.969323 -0.246703
2.184067 -0.746509
2.307870 -1.160747
2.461747 0.972517
-2.158089 -1.159009
-2.026910 0.355447
1.469895 -1.559711
2.631586 -0.872041
-1.762142 -1.267112
-0.771459 -0.795640
2.432014 1.119945
2.155749 -0.755614
1.459561 -0.627916
-0.842547 -1.741022
0.393620 1.509918
-0.562616 1.924678
1.191780 -0.285976
1.379042 1.105186
1.056038 1.584624
1.887274 0.855982
2.384309 -0.892689
2.044801 -1.136009
-1.021543 -0.451079
1.847702 1.152654
0.629798 -1.416374
0.993070 1.251607
0.704974 2.417681
2.567629 -0.945531
0.665171 -1.848006
0.427124 1.387651
1.152684 -0.213509
-0.733290 -0.223865
-0.761340 -0.214307
1.361636 -1.338132
1.118893 -0.806796
1.427664 -0.669692
-2.361221 -2.109453
2.854444 -1.362780
-0.801976 -0.556704
1.221606 -0.307271
2.550749 -0.352213
0.482373 2.261218
1.837301 0.578254
-1.063932 0.248852
-0.981288 -0.458500
-0.135706 -0.237460
1.850492 1.127210
-2.073962 0.571580
1.143084 -1.106777
-2.315245 0.441833
0.581164 2.936239
1.234669 -0.534786
-1.019925 -0.510009
-0.799220 0.686340
-2.547581 -0.822698
-2.187957 0.494326
-1.084660 -0.315318
-1.226253 -0.671468
0.849640 -1.100808
-1.248551 -0.543669
-1.037256 -0.338585
-1.058959 0.018525
2.528503 -0.945895
1.218518 -0.497189
-1.957285 0.385120
-1.408704 -0.795020
0.128583 2.353189
0.251907 2.204463
1.759509 0.636686
-1.029000 -0.130461
-1.190050 -1.099258
1.232580 -0.389178
-1.180403 0.185474
2.680770 -0.593626
-2.157487 -1.967175
-1.856628 -2.069382
-1.234136 -0.743963
1.486165 0.452485
0.972086 1.253055
-0.954238 -0.387454
-2.637805 -0.864926
-1.188794 -0.584810
1.464486 0.939367
0.758755 -2.447394
0.002883 1.579664
0.699484 -2.422785
1.507470 0.347123
1.152332 -1.047417
-0.264181 1.992946
0.575323 2.829812
2.414737 -1.033614
1.108549 -1.155366
1.693793 0.964947
-2.164759 0.526101
-1.409006 -1.435259
-1.950813 -2.030335
1.805163 0.940562
-1.822310 -2.158137
2.169084 -1.020975
0.739738 -2.277488
0.767977 -2.529734
2.505031 1.099503
1.295761 -0.567114
1.887732 -0.829129
-0.386331 -1.454247
0.730893 0.376304
-1.053956 -0.673403
1.035844 -1.351878
0.870091 -1.198381
-0.931913 -0.693549
-1.906684 -0.799287
1.273900 -0.493702
2.374407 0.544996
0.651356 0.413090
-1.821838 -2.200979
-0.910848 -0.586513
0.650548 2.389931
1.786737 0.871742
2.267574 1.162365
2.228460 -1.122821
-1.447825 -0.798405
-1.106779 -0.633571
2.346004 0.561090
0.493616 2.248255
1.778651 0.722973
-1.153703 -0.798329
1.242795 -0.682329
-2.331634 -2.081228
0.572692 2.930172
2.571807 -0.941261
-0.814793 -0.379317
-0.884122 -1.157990
1.238707 -0.643115
1.013145 -1.966980
-0.458585 0.958947
1.573190 -0.380044
1.389796 -0.547178
0.606026 2.384048
-1.176334 -0.493566
2.728790 -1.220171
1.620518 0.860439
-0.910486 -0.916626
1.778410 0.880534
0.779026 -2.514554
-0.882247 -1.118373
-0.970783 0.444651
-2.666103 -0.889182
2.662028 -0.852657
2.626199 -0.477339
0.490815 -1.474981
0.817138 -1.152091
-1.930534 -2.225135
2.013803 0.251528
-0.882701 -1.162486
-2.133242 0.465747
1.410121 -0.653824
-2.691608 -0.866341
2.010169 -1.090497
-2.196588 0.517659
-2.132747 -0.787759
1.927671 -0.786581
1.424374 -0.204304
0.805486 0.157669
-1.796990 -1.297309
1.041358 -0.726545
-1.156529 -0.145071
0.880357 0.085813
1.573744 -0.269918
2.126904 -0.776162
1.856992 0.942257
-1.361166 -1.344302
0.408626 2.874545
-0.861079 -0.054080
0.935018 -1.267464
0.369364 2.429274
0.364893 1.364055
0.716867 -2.479777
2.392701 -1.077337
0.690175 0.330404
-0.178534 -0.262134
-0.850928 -0.759791
1.261161 -0.239845
0.474474 1.464628
-1.069037 0.306446
-1.905342 -1.144471
0.397734 1.525741
1.112605 -1.443160
0.809776 2.582476
2.432999 -0.956451
1.570528 0.631256
-0.432420 1.601604
-2.126610 -0.835459
1.693946 -0.245184
2.420893 -0.891977
-2.038801 -1.910088
-1.784855 -2.127639
1.426836 -0.617789
0.336310 1.430088
1.680271 0.855471
1.842925 -0.872237
1.931467 0.179786
0.689829 2.824841
0.574841 2.763134
2.563004 0.544808
-2.051152 -2.343574
0.618817 2.956803
2.185392 0.403563
0.055500 1.340366
0.870544 -1.564927
2.383290 -0.833133
-1.151563 -0.468931
-2.265432 -2.110946
1.347488 -0.263089
1.089234 1.557776
-1.010115 -0.653223
2.786800 -1.289100
0.363135 2.854669
-2.723264 -0.873641
-0.100063 -0.236289
1.133810 -0.508447
-0.590591 1.942162
0.966756 -1.728911
2.801011 -1.305450
-0.934228 -0.356223
2.071543 0.492087
2.141503 0.392619
1.059677 1.584084
1.247255 -0.325046
-1.102620 0.265497
1.161677 -0.493658
-0.128321 1.618842
2.690838 -1.192943
1.188134 -1.485401
0.568473 2.937261
1.270617 0.989911
-1.795192 0.130240
-2.033881 -2.339610
1.166727 -0.110330
-0.915530 -0.057905
0.807486 0.212660
0.603706 -1.408740
2.282794 1.092343
-1.764328 -2.159892
2.017529 -0.734092
-1.854775 0.285381
1.517810 0.914984
0.922439 0.073480
1.308613 -0.670546
1.826511 -1.074025
-2.084359 0.567163
0.737420 -0.561007
-0.123276 -0.635168
1.672499 -0.294697
1.557798 0.907246
-1.979745 -2.202748
-0.103260 -0.680953
2.222935 -0.337910
0.846663 0.130587
-0.925198 -0.636667
-2.039490 -2.231376
0.727681 2.430863
-0.882629 -0.060134
-1.516284 -0.215453
-1.032296 0.277569
1.195330 -0.953176
0.363871 1.390760
-0.551651 1.916364
1.435172 -0.690141
-1.387217 -1.426623
0.685408 0.382947
0.182371 -0.606425
-0.770047 0.709137
-2.167124 0.501981
0.186904 2.352447
