300 2
-1.434016 -0.343832
-0.005783 0.858600
1.929311 -0.641354
0.733284 -1.277456
0.213044 1.011775
-1.571428 -0.606493
-0.221048 -1.448836
-1.387992 -0.663402
0.638441 0.608777
1.677855 -0.539777
1.858828 -0.577006
-0.992273 0.320021
0.250168 -0.298708
-0.989612 0.235603
-1.500111 -0.720557
0.439792 -0.313486
0.166309 0.817414
2.960081 -0.372265
0.222812 0.738997
-1.307701 -0.863834
3.019130 -0.393023
2.842417 -0.423641
0.711939 0.580576
2.007908 -0.725581
-0.278291 0.782204
-0.118036 1.057028
-1.313857 -0.044412
-1.032141 0.298632
-0.620627 -0.232024
2.551140 -0.413172
0.320827 -0.236443
0.717750 -1.356324
1.030800 -0.400356
2.693186 -0.250945
-2.528233 -0.712588
-1.262813 -0.566307
0.050680 1.249464
0.534141 -1.403857
-1.077471 -0.358077
1.942554 0.448580
2.768447 -0.431425
-0.254991 -1.395959
1.637141 0.091611
2.477421 -0.482968
2.953358 -0.429792
2.583783 -0.189579
-2.302959 -0.255738
2.297181 -0.229866
-0.159072 1.639052
-0.074773 1.023281
2.276970 0.132670
-0.250610 2.208669
-1.127448 0.105862
0.234823 -0.945597
-2.364026 -0.225173
-1.652737 -0.656964
0.228618 -0.400856
0.393110 0.437118
2.609086 0.015311
-2.389229 0.579731
1.739938 0.035126
-0.192673 2.212837
-1.350894 -0.483343
-0.154957 2.293356
0.202260 0.968031
-2.626306 -0.855201
0.155882 0.874785
-0.082930 1.489934
-2.450423 -0.653253
-0.100399 2.297344
1.944863 -0.726895
0.028132 -1.294535
0.076170 -1.314647
-2.393990 -0.698067
-1.298651 -0.603192
1.903988 0.493195
2.818820 -0.121476
0.232618 -0.646874
0.106306 -0.880174
-1.385026 -0.153294
0.022343 0.854211
-1.690048 -0.216707
0.641363 -1.516166
-1.778573 -0.092512
-0.481107 -0.255735
-1.449253 -0.195514
0.338161 -0.285693
0.638602 -1.513283
0.049257 0.333992
-0.565503 -0.185215
0.032097 -1.116871
0.786672 0.465631
-0.058197 2.327907
-0.412585 1.086289
-2.357290 0.470799
-2.483654 0.414582
-2.662633 0.527499
0.663652 0.641809
-2.840779 -0.875725
-2.200356 -0.604733
1.993780 0.604816
0.456559 -1.157223
-1.800322 -0.503710
-2.230840 -0.618990
0.454725 -1.312260
-0.032988 1.511729
-0.261898 2.307556
-0.257129 1.556199
-0.317081 1.380283
1.904719 -0.713209
2.582708 -0.379938
0.157664 0.843705
0.384955 -0.417996
-0.163851 0.791632
2.057466 0.687028
1.658688 -0.581870
1.994588 0.273451
2.675148 -0.009995
2.068699 0.303007
0.455132 0.490021
0.773138 -1.469061
0.289453 -0.247446
0.877730 -1.194098
0.744530 -1.521382
-2.511643 -0.505525
1.211923 0.193601
-2.669224 -0.606475
-0.021586 0.949747
0.748492 0.581970
-1.681801 -0.655567
3.005953 -0.373222
1.875602 0.487899
-1.380667 -0.485869
0.591364 -1.443641
0.681258 -1.530893
-0.975755 0.155957
-0.356634 1.125194
2.855520 -0.164881
-1.263149 -0.789715
-2.143068 -0.054272
-0.049137 1.647115
0.034100 -1.113934
-2.378670 -0.695720
-1.164408 -0.335954
-1.452160 0.969372
1.916185 0.104188
1.789106 -0.560515
0.484479 -0.316868
-0.097930 1.682319
-2.662669 -0.852708
0.215919 0.754009
-1.288481 -0.664964
0.255584 1.022895
-0.057976 1.312988
0.659278 -0.346051
0.204716 -0.634037
-2.450011 -0.710144
2.624583 -0.304590
-1.287617 -0.977828
-2.670740 0.544144
-1.274410 -0.971632
2.698231 -0.229384
-0.129491 1.936628
-0.071332 2.297529
-1.404257 -0.360671
-2.746520 -0.869452
-2.641189 0.526640
-2.491093 0.439300
-0.323720 1.216130
-0.443920 1.166002
-0.421454 -1.414014
2.473756 -0.460586
1.910938 -0.673502
-0.404002 1.183399
-0.232748 -1.467042
-1.300756 -1.016231
-0.000768 -1.179666
-0.220180 0.667339
0.727328 -1.230680
0.753624 -1.204032
-2.841113 -0.872448
2.881502 -0.106495
-0.216325 1.267805
-0.276019 2.225733
-0.488703 -1.057019
-1.297369 -1.031067
-0.454617 -1.426278
1.752908 0.363710
0.873476 -0.083902
-2.881850 -0.902480
-2.362724 -0.602477
-0.000735 -0.322259
0.095106 0.867906
0.314746 -0.268196
0.144699 0.472254
0.141873 -0.039532
-2.481991 0.451076
-1.316123 -0.016798
1.589186 -0.521787
-0.144896 -1.315280
2.174650 0.212570
2.519175 -0.058280
1.536181 -0.402241
-1.528960 -0.718687
2.577471 -0.345574
-0.391973 1.149215
2.845378 -0.177727
0.987174 -1.187802
-0.084054 2.286284
-1.051651 0.345549
0.065478 -1.348017
2.295655 -0.627544
2.001190 0.259088
-0.114397 0.739335
1.791476 0.400888
1.866271 -0.572207
1.643376 0.015159
-0.997488 0.185670
-0.308276 2.245334
2.592357 -0.354135
-2.252595 -0.129697
-0.379041 1.341347
1.955924 -0.659470
1.677366 -0.061991
-1.064623 -0.517551
-1.363232 -0.445188
1.878705 0.381274
2.680085 -0.087482
1.829621 0.094897
-0.205462 -1.357928
0.462138 -0.794729
-0.390684 0.972500
2.031785 0.323631
0.270273 -0.655162
-0.983997 -0.399046
-2.024851 -0.093603
-0.243189 0.329387
-1.397427 -0.256526
-1.424062 -0.524176
1.562584 -0.354049
-1.014397 0.297143
-2.388535 -0.406457
1.958689 0.484899
2.375786 -0.552056
-2.441754 -0.334401
-1.663791 -0.275417
0.474715 0.624563
-2.452520 0.452765
-0.120432 0.593013
-2.430416 -0.292968
0.370199 0.703514
0.222163 0.829986
-2.241229 -0.127221
-1.445578 -0.674876
0.202260 -0.493674
-2.229207 -0.106856
0.497507 -0.283349
-2.536224 0.474416
-0.173692 1.556213
-2.628216 0.526485
0.253258 -1.179271
0.663030 -1.469923
0.513316 -0.312598
0.541454 -0.328946
-2.293532 -0.181280
2.105634 -0.668166
0.907430 -1.135699
-1.000259 0.132679
0.677468 -1.256468
-0.502636 0.263167
-0.171897 1.661716
-0.163487 -1.413783
-2.683213 -0.768665
1.631011 0.216646
1.548145 -0.402132
-0.118013 -1.295496
-2.481410 -0.583952
0.124462 -0.772648
1.530151 -0.480226
-0.138262 2.130117
0.210324 0.947901
-2.006936 -0.554179
-0.227648 -1.405351
0.571673 -0.117119
-2.672546 -0.767769
0.347002 -0.175879
-2.590075 -0.724315
2.096224 0.271111
-2.370686 0.544940
0.282197 -0.891922
-2.321437 0.622382
-1.314645 -0.099353
-0.401826 -0.134823
0.961437 -1.165207
0.297232 -0.272478
-1.487011 -0.338711
2.960772 -0.364238
-0.453398 -1.379144
-1.985264 -0.305595
-0.182969 1.116795
