500 2
0.452409 -0.096902
-0.516367 0.862621
-0.220483 -1.054477
-1.789804 1.152872
0.057363 -2.349667
-1.664215 -0.063110
-1.108181 1.814455
-0.528863 -2.477118
0.321288 1.620111
-0.713918 1.932864
-0.082426 -2.061960
-0.060482 -2.437060
-0.579130 1.093808
-0.463963 -0.651782
-0.042206 -0.774032
-0.244484 -2.458561
-1.148677 -1.096651
-0.976632 1.639971
-1.381216 -0.062091
-0.149872 1.743842
-0.773346 1.268975
-0.067378 0.280883
-1.148419 -1.087366
-1.078284 -0.012828
-1.606291 1.197696
0.113183 -2.364451
0.005178 -1.440512
-0.393683 -1.761036
-0.210503 -2.654258
-0.264046 1.781052
-0.073764 1.711343
-1.205681 -1.093786
-1.190937 1.001718
-0.657771 1.510309
-0.300624 0.644057
-1.619282 1.066076
0.101025 -1.492664
-1.491325 1.505399
-0.295009 -2.013833
-1.589306 1.540961
-0.488360 -0.351341
0.486066 -0.109249
-0.078307 -0.771054
-0.670458 1.130525
-0.457402 -2.420033
0.019316 1.678687
-1.056341 0.706967
-0.115683 0.330587
-0.358682 1.145078
-1.117231 -0.013905
0.187844 -2.316671
0.117262 0.928077
0.340448 1.454272
-0.278690 0.180079
-0.484536 -1.751231
-0.468521 1.926974
-0.193473 -2.059477
-0.573989 -0.405239
-0.071523 -2.358715
-1.131173 -1.092249
-0.505173 1.162377
-0.224568 -1.096815
-0.289512 -1.906013
-1.716297 0.072888
-0.075341 1.670033
-0.032498 1.658139
-0.405185 -2.683165
-1.633083 1.201635
-0.155236 1.592871
-1.128088 1.829398
-0.352927 -1.753645
-0.573862 -1.324407
-0.171369 -0.492343
-0.489026 -2.344195
-0.020271 -0.838363
-0.573744 1.355889
0.004910 -0.661085
-1.120496 -0.216680
-0.425865 -2.268353
-0.141729 -0.706180
-0.127169 1.691517
-1.065249 -0.996981
-0.863090 1.285715
-0.564116 -0.765553
-0.409652 -2.318377
-0.387181 2.083291
-0.820426 -0.481994
-0.236190 -1.997826
-0.411360 2.255325
0.016950 1.322014
-0.540989 0.535382
-2.023965 -0.185747
-2.068409 -0.155522
-1.080779 -0.340845
-0.913063 1.030601
-0.047363 -0.733299
-0.597190 1.990289
-0.530395 1.242881
-1.626837 1.154181
-0.116596 -0.716512
-0.941754 1.387922
-0.143461 -1.386250
-0.284972 0.488671
-1.305291 -0.174259
-0.226886 -0.201721
-0.173264 0.843684
-0.594218 1.970087
-0.124522 1.275844
0.006752 0.797650
-0.806953 -0.256686
-0.659627 -1.222972
-2.166025 -0.132411
-1.033349 1.710419
0.250278 -0.065647
0.037185 -1.330834
-1.506818 0.200043
-0.702489 -0.022043
-0.613981 0.913137
0.107588 -0.243153
0.145643 -2.280828
0.067780 1.645758
0.140452 1.023569
-0.804701 -0.451079
-1.383113 1.584517
-1.559657 1.035849
0.138761 0.769320
-0.477745 1.014245
-0.386418 2.326651
-0.531031 0.441967
-0.525622 -1.500396
-1.476753 1.663447
0.150702 1.177373
-0.703056 1.424513
-0.438406 -2.726752
-1.480223 -0.009660
-1.719650 1.224955
0.543993 -0.138235
-0.010288 -1.223000
-0.308035 2.098616
-0.297479 -1.987436
0.088320 -0.207613
0.123861 -2.452121
-0.920072 -0.438097
-1.681340 -0.221759
0.136703 0.806217
-0.268864 -1.554509
-0.551900 0.538089
-1.242254 -1.152837
0.303685 1.393483
-1.127732 1.720462
-1.503752 1.314501
-0.338155 -2.710398
-1.225655 -1.133622
-1.149109 1.844034
-0.084950 -2.200025
-0.419115 1.315796
-0.562267 -1.639962
-0.928158 1.554298
-0.031113 -0.761612
-0.154237 -2.617079
-0.677567 1.222601
-1.741821 -0.135964
-0.245923 0.074737
-0.605692 -1.488190
-0.239527 -0.950025
-0.505903 1.434288
-1.030280 0.645486
-0.828428 0.350230
-0.387641 -1.978503
-0.591433 -2.645126
-0.653069 1.273732
-1.419684 1.284765
0.379626 1.553073
-0.419889 -2.057972
-0.585189 0.691781
0.213107 0.736400
-0.354690 0.783939
-0.258100 0.884254
0.021145 -0.294159
0.063161 -2.109461
-1.623132 0.291420
-0.767704 0.093145
0.442648 1.612570
0.310514 -0.213791
-0.377271 2.088239
-0.193726 1.531345
-0.309842 1.102430
-0.013449 1.468883
-0.386851 2.266003
-0.595771 2.022379
-1.382381 1.211525
-1.214377 -1.136270
-0.658034 0.683247
0.162331 -1.402231
-0.172974 1.830866
-0.842968 -0.472601
-0.895656 1.307114
-1.599513 1.144568
-0.138871 0.784766
-0.348888 2.244905
0.423447 -0.057638
0.386713 -0.156087
-0.510054 1.147209
-0.278789 -2.469137
-0.257800 -1.886703
-0.165420 -2.650934
-0.066341 -1.355974
-1.751575 -0.118176
-0.445507 1.718823
0.199567 -2.290181
0.490033 1.635123
-0.484467 2.055937
-0.714148 1.155795
-1.835315 0.061142
-0.249394 -2.654238
-0.562910 0.970447
0.424106 1.471414
-0.756906 0.610286
-0.256808 -1.244895
-2.253120 -0.154123
-0.818117 1.288101
-0.044131 -1.044906
-1.027990 -0.954779
-0.189117 -0.002662
0.448103 -0.097538
-0.572698 0.680873
-0.580966 -1.423178
-0.845317 -0.346790
-0.040346 -0.725279
0.139634 1.001990
-0.419138 1.741789
0.167064 1.042497
0.014131 -1.258930
-0.428065 -2.041992
0.363009 -0.070312
-0.486436 0.533340
-0.566339 1.015736
-0.298864 -0.944706
-1.080398 1.022664
-0.513127 1.200422
0.111221 -0.302022
0.489879 -0.159631
0.228036 0.693306
-0.075270 -2.586478
-1.569672 1.105376
0.200667 -2.232514
-0.370950 1.893415
-1.965921 -0.248645
-1.526404 1.681325
-0.802947 1.043855
-0.419398 1.349760
-0.094170 1.817397
-0.475434 0.222719
-0.625253 2.018954
-0.941950 -0.237866
-0.078242 1.421897
-0.278256 -1.106692
-0.288620 0.310368
-0.036256 1.493844
-1.912537 -0.287206
-1.378635 1.065222
0.534967 -0.082084
0.392346 -0.175033
-0.585821 -2.654772
-1.806033 1.131870
-0.213781 0.611782
-1.457234 -0.098357
-0.358625 -2.511289
0.043895 -2.240503
-0.685598 2.058577
-0.973102 1.671199
-0.745124 1.451224
-1.471956 -0.153957
-0.432023 -2.053515
-0.085120 -0.976383
-1.760858 -0.136380
-0.582707 -2.663013
-1.499636 1.560695
-0.166558 -2.569813
-0.451952 -0.477074
-0.252703 1.951189
-0.455631 0.376602
-0.948806 -0.244371
-0.571937 1.682001
-0.209263 1.810818
-1.227726 -1.150743
-0.030980 -2.497767
0.154769 -1.374112
-0.020191 1.518200
-0.944034 -0.168002
-0.114727 0.865330
-0.715512 0.615684
-0.304029 0.894765
0.392978 1.632572
-0.710571 0.700746
-1.935138 -0.307395
-0.153783 1.666474
-0.737745 0.106116
-0.879916 0.107779
-1.713545 -0.002333
-0.256972 1.814331
0.043899 0.865628
-0.939222 1.057477
-1.696445 1.253231
-1.464566 0.994796
-0.927062 0.997459
-0.322179 -0.008920
0.244161 1.235983
-0.367679 2.297168
-1.876510 1.152513
-0.198859 0.864172
-0.450372 -2.270489
-1.662234 -0.067159
-0.734024 0.500298
-0.578770 -2.697648
-1.671574 -0.008490
0.231879 -1.427932
-0.213519 1.497975
-1.219385 -1.145327
-1.822150 1.256995
-0.325675 1.299375
-1.611503 0.278776
0.038547 -1.353441
-1.574645 1.060710
-1.482503 1.070926
-0.731010 0.393639
0.124197 -2.203401
-1.960949 -0.358906
-1.755416 -0.176684
-0.997585 0.650359
-0.286400 0.634533
-0.647187 -2.675488
-0.053664 -1.319684
0.048707 -2.453004
-1.036987 1.387407
-1.649354 0.036639
-0.194132 -2.515395
-0.460662 1.749474
-0.211123 2.049577
-1.171381 1.931287
0.477957 -0.049166
-1.548862 0.079893
-0.269500 -0.693151
-0.862770 1.864166
0.066365 -2.335857
-0.492663 1.843501
0.054281 1.135830
-1.076454 0.639931
-0.630299 -0.147158
-1.632035 -0.057039
-1.566567 1.690501
0.257164 -1.409086
-0.158131 -0.095315
-0.548082 1.740553
0.001239 1.192336
0.066403 -2.466662
-0.293436 0.323564
-0.322959 -0.667645
-1.525552 1.593518
-0.390386 -0.938540
-1.745350 1.047977
-0.110785 1.708204
-1.793235 0.043384
0.478681 -0.127799
-1.096976 1.196014
-0.550082 1.355965
-2.230851 -0.112429
-0.688370 -0.071354
-1.127663 1.157535
-0.598908 -1.367667
-0.415657 -2.159593
-0.892029 -1.071207
-0.200762 0.630580
-1.045246 -0.129592
-0.905215 -1.042866
-0.504220 2.046414
-0.768883 -0.757767
-0.567202 0.082840
0.199672 -0.242708
0.466188 -0.159836
0.485682 1.638687
0.074452 0.934059
-1.434720 1.301010
-0.662548 -0.751717
-0.481493 0.832769
0.056788 1.777193
-1.575982 0.011873
-1.080743 1.245547
-0.139274 1.864908
0.031837 1.502442
-0.221358 0.261728
-0.581946 1.101950
-0.524287 -1.834944
-1.200575 1.033014
0.065493 0.952365
-2.237586 -0.111262
-0.059218 1.472266
0.037364 -2.115992
-0.100987 -0.673505
-0.192408 1.624979
-0.339912 0.314087
-1.469690 -0.061483
-0.470956 -2.732033
0.100762 -2.385139
-1.452775 1.041988
0.069538 1.644141
-1.864863 1.147738
-0.098852 -2.605502
-0.289140 2.166590
-0.906457 -0.247103
-0.575690 -1.798558
-1.613688 1.538218
-1.576311 1.352915
0.569664 -0.148054
-0.227102 0.091886
-1.339406 1.568040
-0.004498 -0.747394
-2.229574 -0.111327
-0.293288 2.149169
-0.557305 -1.747619
-1.167489 1.902930
-0.769667 0.550754
-0.089718 -0.298817
-0.023047 -2.396395
0.191663 0.988484
-0.024255 -2.048480
-1.568444 0.017318
0.189433 -2.468724
-1.667879 0.153770
0.155737 1.212844
-0.262773 2.185723
-1.082820 1.164261
0.270309 1.506426
-0.387758 1.373431
0.101172 -2.333575
-0.471775 -2.622645
-1.676030 1.304164
-2.143265 -0.187822
0.046575 -0.404826
-0.787448 0.984423
-0.008703 -2.391776
-0.531764 -0.497767
0.148261 -1.433195
-0.468507 2.141783
-1.725070 0.943268
-0.582445 0.702128
-0.759664 1.053675
-0.930751 1.542448
-0.877162 0.125840
-0.416357 0.395956
-0.060484 -0.499607
-0.873384 -1.092481
-1.747892 -0.011103
-0.299837 -2.552250
0.107690 0.701953
-0.358459 -0.612613
-0.337334 0.335783
-0.520694 0.597942
-0.432096 0.340367
-0.316677 0.965186
-0.452605 0.395440
-0.585480 0.210659
-0.127295 0.362813
-0.483801 -2.490559
-1.722887 1.205311
-1.846382 -0.204526
-0.388372 2.033390
-1.289862 0.782686
0.174390 1.528548
-0.552893 0.628910
-0.049579 -0.606469
-0.196254 -0.062005
-1.689049 1.188118
-0.268872 0.545751
-1.164932 -0.948626
-1.732192 -0.003731
-1.109651 0.975070
-0.610115 1.604274
-1.574604 1.121944
-1.534240 1.594666
-0.595554 -1.550678
-0.345294 2.155300
-0.976886 1.182175
-0.369605 -2.560007
-0.519705 0.650423
-0.391030 0.789658
-2.084995 -0.070968
-0.709758 0.952673
0.441964 -0.186809
-0.812590 -0.047499
-0.775923 0.321114
-0.938578 -1.008099
-0.146366 -0.674239
-0.065978 1.501724
-0.636274 0.183261
-0.577121 1.553191
-0.266755 0.664830
-1.054117 1.182596
-0.231448 0.639330
-2.034031 -0.118673
