300 2
-0.260718 -1.998664
-1.426661 -0.505021
-0.406585 1.643329
0.580424 0.210179
-1.484139 -0.393437
-0.414716 -2.311587
0.807152 -0.860823
-0.591929 -2.209385
-1.071014 0.109668
-0.390085 1.533625
-0.317750 1.530725
-0.941944 -1.512130
-0.130911 -0.498386
-0.890563 -1.469967
-0.476239 -2.299411
-0.396342 -0.180192
-1.495255 -0.333004
-1.161222 2.327438
-1.331121 -0.359821
-0.858311 -2.297423
-1.273952 2.470963
-1.216547 2.320531
-1.090837 0.073901
-0.454154 1.807354
-1.307483 -0.754892
-1.492028 -0.570946
-0.394240 -1.727616
-0.864315 -1.589516
-0.728606 -1.048940
-0.882128 2.109628
-0.233821 -0.063403
0.883759 0.172330
-0.290699 0.035007
-1.122426 2.058853
0.202201 -3.040450
-0.536033 -2.042149
-1.890666 -0.405713
0.737755 -0.020127
-0.157375 -1.516280
-1.361931 1.002455
-1.209255 2.260216
0.619334 -0.965545
-0.828321 0.953522
-0.833480 2.033894
-1.221192 2.401662
-1.184822 1.938619
0.450283 -2.536170
-0.849186 1.279245
-2.230758 -0.661383
-1.584308 -0.607758
-1.164585 1.435618
-2.814668 -0.641357
-0.580318 -1.635229
0.418079 -0.423230
0.465664 -2.604113
-0.332345 -2.207601
-0.097154 -0.302149
-1.000192 -0.270393
-1.241934 1.909791
1.199802 -2.405514
-0.874049 1.071066
-2.836344 -0.686554
-0.441747 -2.032861
-2.849663 -0.742005
-1.362687 -0.477610
0.225402 -3.002147
-1.221496 -0.481702
-1.815686 -0.585585
0.225074 -2.900784
-2.843044 -0.807365
-0.395554 1.772398
0.652136 -0.568519
0.704187 -0.532409
0.111385 -2.875232
-0.587470 -2.072884
-1.376153 1.026343
-1.305881 2.101760
0.057979 -0.166609
0.103353 -0.466942
-0.405232 -1.672479
-1.249390 -0.471776
0.263207 -1.975192
0.845813 0.052001
0.262377 -1.826926
0.131568 -1.349889
-0.258763 -1.749086
-0.359516 -0.187345
0.936171 0.091791
-0.876178 -0.460640
-0.752858 -0.956429
0.525475 -0.531790
-1.011031 0.130221
-2.826080 -0.792641
-1.889744 -0.956922
1.029116 -2.336662
1.045950 -2.478912
1.341271 -2.578329
-1.084848 0.108963
0.298552 -3.233673
0.006762 -2.684333
-1.423979 1.037366
0.575195 -0.104978
-0.138376 -2.312329
0.069199 -2.766211
0.644259 -0.095446
-2.122789 -0.473998
-2.901861 -0.657662
-2.095046 -0.858960
-2.156714 -0.782769
-0.368855 1.760110
-0.911929 2.105149
-1.569942 -0.364235
-0.213748 -0.279066
-1.336816 -0.640645
-1.467527 1.017498
-0.320750 1.297348
-1.170467 1.211332
-1.265762 1.966688
-1.286628 1.278698
-1.118060 -0.129439
0.837939 0.171596
-0.334163 -0.448685
0.750798 0.353075
0.908026 0.191518
0.392497 -2.855670
-1.308273 -0.140002
0.413440 -3.032790
-1.557285 -0.567140
-1.042451 0.121416
-0.391661 -2.353043
-1.266633 2.462918
-1.294598 1.031840
-0.410632 -2.046744
0.822678 0.022314
0.915493 0.083737
-0.842988 -1.518681
-1.735967 -0.786476
-1.308075 2.149942
-0.658288 -2.141021
0.470133 -2.207919
-2.250897 -0.552964
0.427477 -0.547852
0.178978 -2.856344
-0.200355 -1.700435
1.073123 -2.243720
-0.929861 1.179406
-0.305929 1.425818
-0.159944 -0.248406
-2.324345 -0.592862
0.279014 -3.064867
-1.299528 -0.354994
-0.619321 -2.028535
-1.328274 -0.377397
-1.850764 -0.543075
-0.301118 -0.032937
0.104999 -0.139211
0.079880 -2.855410
-1.078196 2.084851
-0.898952 -2.326143
1.383480 -2.584949
-0.894629 -2.322993
-1.267091 2.120960
-2.437122 -0.705228
-2.779669 -0.821462
-0.140943 -1.999304
0.294041 -3.198133
1.284611 -2.551463
1.092032 -2.468187
-1.937658 -0.855494
-1.835553 -0.881290
0.581142 -1.106762
-0.933268 2.124391
-0.335870 1.790521
-1.896409 -0.955851
0.830564 -0.840456
-0.866665 -2.291763
0.553133 -0.694652
-1.308241 -0.683038
0.584778 0.226725
0.702897 0.186775
0.332320 -3.296096
-1.363620 2.173094
-1.761249 -0.740491
-2.851289 -0.591067
0.411967 -1.698741
-0.884849 -2.309328
0.576703 -1.178646
-1.147668 1.002477
0.060826 0.349136
0.330035 -3.328387
0.144036 -2.822620
-0.338423 -0.889535
-1.120446 -0.486640
-0.181147 -0.374647
-0.901697 -0.414260
-0.441191 -0.417632
1.089622 -2.481516
-0.446000 -1.752389
-0.303761 1.278476
0.629147 -0.644062
-1.168315 1.375283
-1.159875 1.763587
-0.310187 1.044668
-0.445856 -2.334534
-0.976171 2.190272
-1.769310 -0.862609
-1.177922 2.099331
0.794194 0.410076
-2.780322 -0.747802
-0.946382 -1.569620
0.742519 -0.506230
-0.641367 1.988830
-1.174099 1.288457
-1.355728 -0.612496
-1.159201 1.054571
-0.356311 1.597365
-0.809285 0.937774
-0.799565 -1.522909
-2.891263 -0.570035
-0.968020 2.175902
0.493665 -2.440226
-2.082528 -0.907375
-0.348272 1.806440
-0.847580 1.025850
-0.502755 -1.789502
-0.203192 -2.020008
-1.205182 1.077003
-1.231965 1.965689
-0.924893 1.143290
0.657195 -0.914191
0.200443 -0.207485
-1.761964 -0.962227
-1.268876 1.239874
0.104479 -0.163315
-0.313905 -1.739960
0.420947 -2.176198
-1.033699 -0.619546
-0.371677 -1.954414
-0.504157 -2.050138
-0.327105 1.055357
-0.901969 -1.534825
0.303030 -2.702843
-1.358263 1.055182
-0.730700 2.004608
0.449149 -2.705238
-0.116755 -1.926651
-1.228827 -0.189600
1.030678 -2.466674
-1.439084 -0.576592
0.488482 -2.578032
-1.258969 -0.199849
-1.406747 -0.307829
0.496954 -2.339880
-0.529361 -2.232611
-0.018456 -0.218270
0.453187 -2.328252
-0.277715 0.006018
1.147211 -2.511541
-2.159932 -0.640334
1.264050 -2.556944
0.584665 -0.319504
0.852302 0.155990
-0.327923 -0.079532
-0.262924 -0.138100
0.452963 -2.456146
-0.555588 1.911090
0.712592 0.329644
-0.703673 -1.580597
0.570381 0.168238
-0.803194 -1.315777
-2.280816 -0.676391
0.760586 -0.775199
0.328851 -3.104887
-0.982340 0.911815
-0.324368 1.052586
0.611980 -0.759047
0.422171 -2.931324
0.174752 -0.467155
-0.324257 1.191266
-2.753006 -0.709226
-1.389094 -0.383950
-0.086877 -2.491857
0.631166 -0.951955
-0.706333 0.506800
0.249324 -3.137932
-0.344986 -0.417287
0.233032 -3.059495
-1.284040 1.283720
1.071257 -2.426775
0.296745 -0.342846
1.143006 -2.388641
-0.428316 -1.710660
-0.747906 -0.852688
0.769864 0.378990
-0.193816 -0.425765
-0.294012 -1.983737
-1.213926 2.379621
0.510716 -1.210249
0.132491 -2.219789
-1.686506 -0.682873
