1000 2
0.984417 0.675308
-0.570819 -1.814224
0.237803 1.377831
0.701431 0.150155
1.576582 -0.561020
-0.203327 0.017967
-2.147790 0.923207
0.085932 -1.548750
1.638341 0.957864
-0.308350 1.085244
-2.693935 0.069692
-0.810864 0.487234
-1.299733 -1.580350
0.130040 -1.542571
0.098210 -1.503604
1.215251 -0.805822
0.346486 -1.659009
1.993806 1.152411
-1.816275 -0.435805
0.374137 1.961828
-2.296852 -1.583454
1.404407 0.459635
-1.007762 0.388718
2.068691 -0.480386
-0.342307 -2.028949
-0.251002 0.052355
0.436482 -0.075959
1.792459 -0.295419
0.836628 -1.423973
-0.954319 -0.539109
-1.163442 -0.139148
-0.830681 -0.616083
-1.514220 0.150623
1.849205 0.115670
-1.364776 0.762492
0.549843 -2.444192
-3.088436 0.175695
0.023919 -1.143975
0.930216 -1.430121
-2.141043 -0.011632
0.606222 -1.073541
0.277216 -1.904528
-1.194009 -0.217004
-2.205258 -1.407043
0.090633 -1.272437
-2.517403 -1.323249
0.175535 -1.759082
-0.059034 -2.148865
-3.105362 0.214313
-1.462753 0.147233
-1.112455 -0.364620
1.563876 0.971137
-2.540552 1.271116
0.661546 1.519933
0.332138 1.445360
-1.733282 -0.283574
0.816118 0.616597
0.606082 -2.315561
0.702741 -2.556039
-0.211747 0.191513
-1.461555 0.747980
0.779161 -1.084371
2.252369 0.797263
-2.175386 -0.050339
1.855178 -0.241504
-2.099128 -1.049553
-0.128968 -1.497590
0.560570 -0.039766
1.423408 -0.582165
2.213307 -0.291865
-3.143793 0.208754
1.334628 0.461759
1.025016 0.838811
0.980942 -1.495124
-0.498275 -1.676223
0.482386 -1.151884
-1.577300 -0.047233
-2.788498 -0.061140
-1.305654 -0.063096
0.788778 0.226346
-2.588987 1.128023
0.110138 -1.247970
-2.649626 1.300786
1.047359 1.593789
2.094552 -0.644319
-0.295882 -2.056917
0.596363 1.644827
1.007009 0.578342
-2.652398 1.367807
0.245970 1.516363
-2.313649 -0.123993
-2.201148 -1.640278
0.760812 -2.431908
-0.140617 1.133541
0.551249 -2.126994
-2.139219 -1.173326
0.319179 1.680259
-2.482782 0.083587
0.456156 -2.644878
0.601001 -2.719183
-1.239020 0.208967
-2.268800 0.141721
0.001292 -1.082439
1.253404 0.929331
0.027326 -1.480072
1.998210 0.270854
-2.369333 -0.325631
0.431621 -1.860286
-2.222108 -0.054971
-0.548729 -1.897998
-1.443582 0.236027
-0.531084 0.572320
0.151148 -1.416321
1.847286 -0.186704
-1.831938 0.731000
0.648314 -2.236180
-2.478250 -0.578460
2.088819 -0.326991
-1.521787 0.757450
-1.842696 -0.481550
-2.865823 -0.093680
0.245720 1.433307
-0.836313 -0.601986
1.214236 -0.250386
0.115660 -1.433472
1.262571 -0.369804
-1.853848 -0.827683
1.451004 -0.442694
-2.239809 -1.686138
0.565353 -2.383344
-1.155231 0.325336
1.213391 0.601362
1.422480 -0.514355
2.224205 -0.702607
-0.270499 0.090078
-0.338703 -1.637453
-1.212128 0.435159
0.131707 -2.154375
-1.463224 0.634386
0.232719 1.475906
0.449255 2.261451
0.541793 2.444650
-0.042539 -0.946173
0.502698 2.495802
1.669240 -0.724766
1.816801 1.341535
-1.162254 0.016365
-1.743090 0.637277
1.958143 -0.858883
1.714225 -0.390049
-0.740528 -1.765570
2.121422 -0.464359
0.437386 -1.330880
-0.637713 -1.737604
-2.358920 -1.533766
-1.548130 0.606758
0.827826 1.229990
-0.592536 -1.935012
-0.044772 0.602476
-0.375875 -2.209755
0.540791 0.531347
2.226263 0.953300
1.006497 -1.356102
-2.238114 -1.614668
0.924610 0.910564
0.640095 1.508943
0.008185 1.500137
0.788708 -2.359507
0.618780 -2.685411
1.528613 0.888334
-1.167357 0.355901
1.312420 0.843741
1.054687 1.243182
0.460115 1.054557
-2.372509 -1.413242
0.402907 -2.230198
-0.477040 1.190601
0.016969 -1.196151
0.632138 1.567303
0.975020 -1.256176
-1.567085 0.505702
1.096083 1.740554
1.125065 -0.889440
-2.368776 0.023954
2.292924 -0.266766
-1.636565 -0.051717
0.693719 0.956243
-0.939222 0.455109
-2.181306 -0.025824
0.261304 1.512896
-1.201022 0.166555
-0.408444 0.608222
0.152929 -2.208936
-0.131341 1.616003
-1.134008 0.057961
0.021833 -1.159965
-0.466219 -1.624981
1.600908 -0.864904
-1.392673 0.847987
-0.188277 -1.464011
-1.128616 -0.192226
-2.073829 -0.987080
0.727690 -1.291392
-0.341995 -1.464184
-2.065417 0.196323
-0.563919 -1.858707
-1.540365 0.278312
2.023561 1.147958
0.576174 -2.435755
-1.269922 0.395695
0.127374 -1.434768
0.539461 -1.322855
0.582742 -1.316246
1.216136 0.448395
-1.277463 0.519856
-2.704668 0.068780
1.010684 -1.354230
0.332886 1.899971
1.907085 1.290044
0.180579 -2.180768
-2.554803 1.140063
-3.180610 0.205048
-2.691946 1.404149
0.575770 -2.240014
0.323433 -1.761656
-0.567358 1.135259
0.816871 0.665363
-0.923077 0.429951
-0.516855 0.949500
1.127151 1.807937
-2.655025 1.095255
0.379729 0.691627
-0.427690 -1.583032
-0.398903 0.237049
-2.633670 1.338711
0.043564 -1.384700
1.397196 -0.598308
-1.702377 0.269609
2.346203 1.518268
-1.943461 0.191873
-1.724523 0.650444
1.625412 -0.493775
-2.523490 1.221262
0.466717 -2.624683
0.351368 1.285791
-2.569742 -1.492169
0.617512 1.726780
1.345140 -0.395936
-2.346197 0.052989
-2.516253 1.113893
0.365369 1.938947
-2.263116 -0.617867
0.512109 -1.304555
1.851602 -0.236543
-2.528841 -0.609320
-3.202165 0.216455
-0.364543 -2.171303
-2.391847 -0.555456
-1.138995 0.693928
0.851723 0.663116
0.842910 1.779094
-0.519454 1.156592
0.521563 2.532519
-2.368464 0.103504
-0.608798 0.491410
-1.959908 0.768438
0.551735 1.124941
0.365698 -1.673488
1.023846 0.034576
-2.269882 -1.362441
-1.797343 -0.387363
-1.071160 -0.302366
-1.187475 0.592549
0.537131 -2.799029
-2.122780 -1.083770
1.468528 0.404542
0.073504 -1.323099
-1.855334 0.749470
2.348237 1.509628
0.977430 1.711612
0.963497 0.406154
0.572751 -2.763880
-1.459416 0.779559
-3.131226 0.191955
0.522724 -2.323384
0.882262 0.987157
-2.066760 -0.838643
-1.189137 -1.630990
2.301212 1.452956
0.444579 2.434203
0.712965 0.174054
1.972883 -0.219173
0.296550 -1.548875
0.984283 -1.424326
-0.150702 0.585965
-2.067960 0.854876
-0.593931 -1.874116
1.147311 0.631183
0.338718 1.283464
-1.129005 0.951127
0.552370 -0.181655
0.393456 1.535453
-1.599515 0.012595
1.238638 -0.656786
1.111224 0.133790
0.397053 1.656898
-0.306957 0.102957
0.647361 -2.720965
1.641508 -0.909153
0.240888 1.467864
1.894125 1.090646
1.202128 0.008095
0.983330 -0.948848
-1.629240 0.536344
0.450904 -0.080303
0.603636 0.001198
-2.241671 -0.045758
2.264385 1.414329
1.282322 0.971029
-2.402828 -1.527895
-1.519241 0.838397
0.254137 -1.926948
-2.483153 1.172259
-1.097819 0.290966
0.554664 -2.333217
1.155778 0.668597
1.315155 -0.596222
1.642676 1.042804
0.648621 -2.792002
1.000299 0.539760
-2.534820 1.077032
0.519869 2.519116
-1.587693 0.316922
0.133070 -2.205163
0.237390 -1.934703
2.063030 -0.616157
-1.506239 0.479069
-0.634813 -0.772624
-1.218990 0.383139
0.149714 -2.249901
1.668505 1.035248
-0.019874 -1.544905
-2.471064 -0.586292
0.590464 -2.588790
1.919062 0.189637
0.444834 -2.279803
0.049741 1.438975
1.851481 -0.227125
1.148757 0.832158
-0.802091 0.736371
0.370931 -1.665971
-0.054953 -1.377073
-0.174951 -0.238053
-1.315555 0.450435
-2.668181 1.064155
0.540496 2.583353
-0.759581 -1.835697
-0.410003 0.559817
0.639041 -2.770375
-0.390037 -2.213514
-1.492401 0.014068
-2.521847 -1.358277
0.490655 2.495607
0.368456 -0.162101
-0.515379 -1.885122
1.771040 -0.008178
-1.498493 0.473784
1.110371 0.754276
-1.683284 0.253865
1.145646 1.802389
0.580621 2.376122
1.991430 -0.253838
0.273471 -1.509389
0.349241 -1.596961
0.327335 1.841711
2.335613 -0.279746
-1.689294 0.637172
2.110957 -0.547719
-1.141968 -0.384873
1.463550 -0.267561
1.372008 -0.491847
-3.175467 0.237192
-0.834842 0.478533
-0.166842 1.665105
-0.517450 1.198938
1.453856 -0.487904
0.482721 1.909608
1.623593 0.953777
-2.630180 -1.589015
-1.430401 0.116434
1.086944 -1.132771
-1.354693 0.686058
-2.459623 -0.579020
0.622680 1.713094
2.347553 -0.283392
-3.111046 0.170894
-1.297802 0.501387
-2.884921 -0.100947
0.351888 -1.706693
1.675778 1.002249
1.828563 1.292566
-0.500407 0.954555
-2.416806 1.304926
1.284823 1.356198
-0.110820 -1.669992
-2.208249 -1.372892
1.107466 1.795823
0.214459 1.516585
0.133042 1.393689
-1.894629 -0.556638
-0.451134 -2.019133
0.640012 -0.090697
-2.467116 -0.419466
0.407889 1.237421
-1.749547 0.616212
0.625564 0.058012
0.459880 0.780031
-2.690827 1.054551
0.595802 0.020178
-1.493817 0.102372
-1.279526 -0.044831
-0.785664 -1.813097
0.312519 -1.753685
0.329425 1.592362
2.033948 1.336190
1.581703 1.012115
-2.646079 -1.561454
-1.156844 0.268999
-0.747011 0.237145
0.509023 1.657861
0.507015 1.141646
0.235495 0.597822
-1.041759 -0.221170
-1.226094 0.362207
-0.712112 -1.644293
-2.494482 -1.080636
0.411617 -0.122600
0.047073 -1.288858
-3.207336 0.201047
0.204831 -1.828548
1.736349 -0.423453
2.288804 0.999079
-0.252674 0.132376
1.313822 0.777578
1.902423 -0.764893
0.473220 -2.079243
0.154858 -2.204233
-1.377769 0.854653
0.335354 -1.285802
-2.703947 1.455334
-2.593781 -1.577052
2.241886 1.117135
-1.541055 0.797216
0.533251 2.550591
2.285877 -0.306396
-1.461680 0.155582
0.737514 1.552007
0.181470 0.612204
1.056376 0.687685
-2.458637 1.371244
-0.651085 0.223272
0.643957 1.460191
1.320762 -0.642173
0.075384 -1.490486
-0.584750 0.192706
2.236467 -0.674791
-0.219116 1.718800
1.049992 -1.349452
-0.495660 1.131608
-1.197946 0.283034
1.555153 -0.617743
-0.561999 0.168005
2.264825 -0.713921
0.610668 -1.298821
0.335000 1.927972
-2.025926 -0.743976
-1.075238 -0.286115
2.277743 1.427215
-0.399940 -1.479395
1.059581 0.546836
1.759199 -0.302814
-0.095404 -2.357288
2.191534 -0.662708
2.320897 1.069172
-1.638422 -0.000534
0.424833 2.408911
-1.115517 0.987636
0.594201 2.461500
0.302093 1.515214
2.252074 1.022870
-0.178123 0.249989
2.089724 0.408490
0.481355 2.442358
-2.276911 -1.612107
-1.843653 0.142428
-0.162594 1.648748
2.330163 0.812506
-0.218604 -1.567508
-1.128704 1.002722
0.482629 -2.025830
1.193429 -0.160053
1.247833 -0.549405
0.218258 1.458706
-2.906548 -0.104768
0.637889 -2.229908
2.409753 1.585732
0.910651 1.767075
0.118085 -1.538611
1.439141 0.829798
2.282223 0.840852
-2.129976 -1.121055
0.979396 -1.427917
-2.212190 -1.337329
-0.230692 1.730807
2.271471 1.413284
1.616290 -0.695408
-1.123843 0.696642
-0.506631 -1.742187
2.059317 1.308852
1.050646 -1.306017
1.348995 0.548644
0.427504 0.763462
-0.386123 -1.461212
1.736079 1.265934
-2.709414 1.054753
-1.262352 -0.033056
0.210581 -1.484403
-0.167396 1.653993
1.370906 -0.586693
0.881923 1.010151
0.245540 1.468474
1.215456 0.521610
0.347453 -0.200118
1.500954 -0.445774
0.607095 0.009413
-1.290647 0.344910
-2.425421 1.348231
2.310027 0.769505
1.377668 0.436966
2.281317 -0.739584
0.544967 1.668304
1.914560 1.082980
-1.510907 0.874197
-2.481277 1.372492
0.899669 0.880371
-0.565342 0.202621
-1.365421 0.871137
-1.305893 0.511947
-0.318075 -2.143192
0.034415 -1.403914
0.396385 -1.578923
-2.735668 -0.007765
-0.657063 -1.749668
-0.768258 0.925066
-3.175836 0.246331
0.948805 -1.472585
0.665266 0.100069
0.060934 -1.380280
-1.063727 -0.408039
-1.447513 0.444459
1.930913 -0.159667
2.331678 0.726842
1.818846 -0.611549
-1.817244 0.742604
1.942486 -0.130562
1.148735 1.822504
-1.236066 -0.231624
0.414067 2.162454
-2.351696 0.024128
0.275806 -1.242933
2.106916 -0.766972
2.189037 1.315096
0.391447 -1.174757
2.331661 1.497772
-2.874040 -0.093267
0.234459 -2.245115
1.123163 0.491050
-2.465966 -0.474475
-2.198436 -0.625839
-2.495641 -0.553966
0.192061 -2.104472
0.066107 -1.503956
-2.491857 1.091669
0.743791 0.276436
-2.232768 -0.051714
2.029720 -0.897417
0.537969 -2.107110
0.492370 -1.920875
0.362390 1.966070
-0.431621 -2.051938
-1.232910 0.540506
0.425682 2.182725
0.601898 1.217381
2.444809 1.629469
2.107838 -0.299267
-0.609946 -1.919380
0.916763 0.998140
2.139857 -0.630615
1.439866 -0.626691
1.408590 0.738537
-0.449256 -1.925384
-1.199541 0.598336
0.529948 -0.036368
-0.225951 1.721992
-1.845830 -0.503773
-0.237444 -2.079188
-1.816390 -0.429756
1.984013 -0.776254
-0.039295 1.487115
-1.876182 -0.515104
0.410018 1.252669
0.002725 -1.220801
-2.676379 0.004613
-1.467304 0.411728
0.064511 -1.318237
-1.600556 0.482996
0.552647 2.518557
-1.448582 0.252008
-0.819871 0.304552
1.607991 0.972680
2.225065 1.162414
-1.357734 0.145066
1.821493 -0.047057
-2.474657 -1.468107
1.973992 0.097276
1.350238 -0.570223
2.042630 1.189230
1.924984 0.224404
-1.810260 -0.413417
-1.200230 0.197058
1.939061 -0.168921
1.357878 -0.600238
0.129555 -2.243950
2.166346 1.196776
0.961471 -1.424373
-0.063331 1.518048
-1.315207 0.394615
1.276073 0.978188
-1.642700 0.140128
1.745026 0.962137
1.043368 1.667049
-0.693627 -1.763538
-0.213730 1.716363
2.091244 -0.818813
0.633131 -0.049178
-0.547517 -1.860366
0.047142 -1.210775
1.191762 0.661477
1.394408 0.869056
-2.422067 -0.532951
1.174005 -0.199193
-3.115749 0.180671
0.633474 -2.230586
1.224382 -0.300277
1.161659 -0.825927
-2.686598 1.395962
-0.306420 0.129309
0.573739 -2.779048
-0.721752 -0.704548
0.845420 0.559022
0.959905 0.826390
-0.585259 -1.831994
-0.857152 0.240509
-1.101431 0.354245
-2.204209 -1.723031
1.882336 1.059863
-1.048994 0.278808
-0.420802 -1.563674
0.441270 -1.176467
0.299805 1.584762
-1.281991 0.020934
1.568691 -0.455411
2.295872 0.855689
1.715745 0.052452
1.627222 -0.501337
0.177105 -2.283102
1.367290 -0.558728
-1.250189 0.348696
0.158730 -2.224257
0.520163 1.601294
0.802958 1.800990
2.002618 -0.857219
0.586926 2.325568
2.483134 1.667727
1.166252 -0.233058
0.428138 1.996234
2.056019 1.162847
0.882445 1.012873
0.186364 -1.467858
0.068150 -1.326974
-1.040737 0.251118
-1.748001 -0.330523
2.103632 -0.245086
1.326236 -0.375290
1.942505 -0.180348
-0.880320 -0.561188
0.054084 1.478937
-1.834770 -0.489819
-1.240902 -0.062951
-2.628775 1.344289
-2.613069 1.366027
2.063898 1.217453
2.272042 1.130316
1.638212 -0.914123
-1.877660 0.798240
-1.191230 0.116269
0.811612 -2.380450
-2.065460 0.215834
-0.539267 -1.740779
-1.196344 0.288604
1.817727 1.313249
-0.166350 1.210121
0.019304 -1.171001
-2.115984 0.896451
-0.560201 -1.857528
2.185568 1.216934
2.290309 0.659760
-0.354487 -2.116076
-1.185631 -0.088633
1.835382 -0.627152
-1.818122 -0.857337
2.113082 -0.311908
-3.102982 0.198209
-2.460460 -0.549770
-0.323204 -2.063930
-1.882444 0.797409
-1.475543 0.620417
1.733187 0.946494
2.016269 1.378188
2.169411 -0.657219
-2.436125 -0.494348
-2.487802 1.095176
1.148911 1.825242
2.174390 1.181830
-1.814370 -0.845492
-1.050946 0.648499
2.116561 -0.807775
1.747434 0.946588
1.150053 0.600590
-0.661435 1.049557
0.151603 -1.263120
-0.605906 -1.908149
0.821943 0.278019
1.024546 -0.954020
0.959067 -1.407601
1.633155 -0.521308
1.952389 1.129888
1.769363 1.291081
-1.449044 0.466659
1.625828 -0.922440
0.289368 1.414284
0.810114 -1.061244
0.659773 -2.220603
2.178940 1.235073
0.375087 2.015389
0.309962 -1.200449
0.809723 0.449583
-1.268746 0.675272
-1.347045 0.777074
1.041752 1.687990
0.794547 0.857455
1.097414 0.844664
-2.222246 -1.740178
2.481006 1.665984
-1.275968 0.290963
0.882725 0.440776
2.320942 0.668448
0.485137 -2.229614
1.587564 -0.320298
-1.135753 -0.319041
-1.416022 0.463307
-0.406623 0.156214
1.641394 -0.916578
-2.506113 1.216835
0.780023 1.460295
-2.610051 1.329186
0.634486 -2.751718
0.970221 0.812666
-1.358513 0.317715
-0.830689 -0.573711
-2.700303 0.009979
-2.629049 1.213597
-1.339805 0.141743
-1.366547 0.207320
0.654972 1.506868
-1.528829 0.328083
-1.560679 0.524554
-1.141636 -0.158786
2.170923 1.260640
1.066638 0.852126
-2.489641 1.092279
-1.467559 0.019641
0.077142 -2.363165
0.215691 -2.084799
1.475105 -0.352289
-1.264156 0.021513
-1.696753 -0.159136
0.888827 0.491074
-1.206291 -0.254363
2.348583 0.883087
-2.206007 -1.588713
-2.426162 -1.328824
-1.630097 0.187420
1.201246 -0.286584
0.480501 -1.187213
-1.261535 0.257858
-2.771711 -0.043528
-1.363295 0.302362
1.294826 -0.556965
0.611885 2.486129
-0.059139 -1.686783
0.489940 2.495514
1.160054 -0.008654
0.752950 1.300234
-0.450243 -1.506538
0.613736 -2.566514
2.098451 1.355353
0.712610 1.661298
1.555120 -0.831474
-2.515037 1.283622
-1.847021 -0.516329
-2.285882 -1.307119
1.531328 -0.769754
-2.538556 -1.414994
1.896387 1.275265
0.422037 2.340735
0.553575 2.540933
2.255852 -0.733668
0.862423 0.672751
1.577188 0.960455
-0.508930 1.199267
0.419800 -0.112213
-1.302891 0.484373
0.657594 1.672739
0.644900 1.590512
-1.189366 0.559059
-2.158260 -0.044440
0.954982 0.533890
2.123901 -0.347840
0.340754 -0.193727
-2.549680 -1.353160
-1.402306 0.180114
0.547990 -2.156624
1.559256 -0.555480
2.064012 -0.877363
1.950623 1.349038
-1.461851 0.042624
-1.437763 0.072098
2.143073 -0.326062
0.375756 -2.070831
1.608016 -0.363384
-1.500713 0.152172
0.938873 0.799984
-2.200487 -1.709929
0.631153 -2.734530
2.141100 1.243477
-1.269987 0.441456
-1.130028 1.034043
0.970241 0.708912
-0.171692 1.662738
-0.161172 -1.170002
1.274562 0.448422
1.014359 0.570766
0.640807 -2.265915
-1.404436 0.364626
2.336738 1.512363
1.341727 -0.709821
-1.132295 0.658580
1.528708 -0.690517
0.549762 2.499061
-1.125952 0.980074
-0.961486 -0.479198
-2.801406 -0.058608
2.274746 1.157908
2.320772 0.786504
0.291908 1.552208
0.627948 1.494430
-2.511143 -1.467375
1.342669 0.349342
-1.133016 1.034513
-2.531648 1.230798
1.042380 0.775872
-2.788317 -0.057188
1.760500 1.362872
-2.527876 1.266571
-2.351511 -0.003822
1.620655 1.014291
1.159265 0.256817
0.665505 -0.039322
-2.016165 -0.695224
0.857753 1.015708
-1.406264 0.220030
0.573033 0.004973
1.288787 0.578230
1.726141 0.966362
1.556395 -0.739727
-1.779336 -0.399987
0.505325 -2.789426
-1.479367 0.890192
0.558117 -2.290223
0.404323 -2.254395
-0.019417 -1.456198
0.517648 2.525672
2.053855 1.319134
0.431712 -0.099699
-0.468814 0.170918
-1.045931 0.623437
0.611744 -2.056991
0.252258 -1.387466
-1.099019 -0.322527
-2.157101 -0.436216
0.055169 -1.236394
0.821357 1.733477
0.844877 -2.436625
2.088044 1.217956
1.409000 -0.642822
-0.522781 -1.641773
-2.254030 -0.063864
1.432103 0.361150
2.037234 1.172024
-2.236767 -1.301866
-2.513467 -1.284175
1.037384 0.819640
-0.016813 -1.389277
1.366056 -0.616540
1.541573 0.993685
1.428086 0.223554
0.692303 -2.648341
0.579704 -2.524221
2.330761 -0.275726
-2.652629 -1.617425
0.639151 -2.778580
1.948734 -0.234763
0.107678 -1.597194
0.095572 1.404480
1.999309 1.159794
-1.421287 0.367981
-2.281850 -1.627005
1.095350 0.245064
0.965473 -1.317031
-1.241124 0.296247
2.431374 1.617946
0.438352 -2.700141
-2.896049 -0.109436
-0.430299 0.167119
0.564161 0.539427
-0.644761 -1.971931
-0.037713 1.481143
2.375537 1.550207
-1.409220 0.563579
1.847838 -0.251669
1.889048 -0.166974
0.990817 -1.397078
0.930502 0.586194
-1.105585 -0.350665
0.646462 0.574009
-0.277180 -2.049360
2.334913 1.478642
0.817323 1.819704
0.583137 -2.768903
0.945714 -0.845485
-2.234524 0.966621
-2.631406 -1.599549
0.794066 0.261278
-1.557517 0.834620
0.502162 -0.039219
0.258213 1.449979
2.021431 -0.799712
-2.526436 -1.299722
1.587680 0.946696
-2.062788 0.778870
1.358659 -0.580206
0.693116 0.112962
0.943420 0.744644
1.192315 0.924849
-2.649464 1.121720
0.504651 0.641824
-0.477016 0.552920
1.523370 0.287839
1.316365 -0.645266
-2.489768 -1.479431
-0.414109 0.587082
2.193913 0.609015
0.646233 -0.027465
-1.300580 0.380730
-2.538970 -1.574120
0.702605 -2.244378
-1.477485 0.902789
-1.781087 0.700218
-1.067121 -0.357924
0.964185 0.839800
0.008688 -1.432309
-0.602565 -1.930978
1.078689 0.594759
-1.847625 -0.499797
0.369495 -0.171951
-0.166531 0.582782
-0.771432 -0.665293
-2.648305 1.187990
0.211506 -2.217170
