1000 2
0.933069 0.733028
-0.914678 -1.572442
0.312825 1.522444
0.596712 0.187854
1.341501 -0.464690
-0.405062 0.335044
-2.059669 1.625200
-0.410549 -0.963416
1.627202 0.957207
-0.272047 1.356578
-2.882536 0.865119
-0.729244 0.919385
-1.315864 -1.325988
-0.386377 -1.011666
-0.370376 -1.044088
1.079779 -0.730311
-0.176299 -1.443556
1.963730 1.154593
-2.108586 0.197910
0.491867 2.037669
-2.685428 -0.810909
1.192846 0.500971
-1.044495 0.853498
1.796277 -0.477146
-0.749166 -1.714630
-0.416221 0.334123
0.341185 0.023745
1.598499 -0.237483
0.253948 -1.207348
-1.096104 -0.201724
-1.293824 0.311722
-1.095983 -0.203565
-1.600972 0.584060
1.882950 0.109142
-1.560815 1.195100
-0.091698 -2.236930
-3.121465 1.096829
-0.291825 -0.857124
0.344003 -1.226726
-2.357634 0.647655
0.843037 -0.751237
0.014323 -1.653705
-1.356679 0.229752
-2.624992 -0.691491
-0.270401 -1.246853
-2.899035 -0.539546
-0.063585 -1.238889
-0.640431 -1.811316
-3.187753 1.164095
-1.615530 0.603719
-1.318982 0.117504
1.520484 0.839896
-2.394448 1.992092
0.713128 1.539925
0.434982 1.570373
-1.994203 0.311359
0.898301 0.828159
0.093210 -2.127444
0.089967 -2.431960
-0.406459 0.451217
-1.515436 1.283145
0.249675 -2.004945
2.210708 0.656441
-2.425330 0.627714
1.652083 -0.233333
-2.496550 -0.353492
-0.374055 -1.249176
0.407880 0.080692
1.195611 -0.610696
2.024367 -0.278124
-3.182640 1.135683
1.209633 0.522342
0.926175 0.868016
0.464820 -1.208247
-0.838742 -1.338407
0.588198 -0.862556
-1.923572 0.403743
-2.999168 0.710754
-1.364769 0.403961
0.703431 0.276647
-2.190654 2.085404
-0.258014 -0.981034
-2.398275 1.959867
1.124438 1.505223
1.879152 -0.755299
-0.683470 -1.731477
0.606323 1.711122
0.930107 0.686224
-2.470904 2.037234
0.234117 1.658953
-2.526690 0.527560
-2.646254 -0.857490
0.190003 -2.310592
-0.349282 1.308374
0.058862 -1.977319
-2.509290 -0.454497
0.459920 1.904445
-2.767006 0.798253
-0.180262 -2.442197
-0.102563 -2.536664
-1.352633 0.708429
-2.509732 0.827831
-0.276565 -0.789640
1.212148 0.839330
-0.249385 -1.202408
2.008934 0.266711
-2.634186 0.374733
-0.013200 -1.803051
-2.423412 0.634838
-1.008480 -1.750732
-1.547468 0.601296
-0.596400 0.901455
-0.237624 -1.155878
1.650212 -0.199615
-1.850167 1.206988
0.101679 -2.112991
-2.777381 0.176691
1.872370 -0.373833
-1.446384 1.215014
-2.111769 0.175849
-3.107388 0.701000
0.212719 1.571191
-1.102995 -0.200347
1.087750 -0.220680
-0.391746 -0.958349
1.118421 -0.314569
-2.271358 -0.079863
1.285529 -0.453497
-2.671522 -0.915806
0.006829 -2.112985
-1.268045 0.713193
1.123985 0.561450
1.290034 -0.602552
1.976912 -0.796073
-0.438475 0.378806
-0.540124 -1.345770
-1.284527 1.006526
0.277242 -1.825443
-1.433935 0.927967
0.232071 1.599016
0.609437 2.316982
0.715157 2.555489
-0.310698 -0.651901
0.726570 2.580103
1.485186 -0.785419
1.633790 1.314757
-1.230217 0.633472
-1.788525 1.146609
1.648141 -0.840760
1.445577 -0.458869
-1.082030 -1.511382
1.925531 -0.488643
-0.008313 -1.014086
-0.950655 -1.476943
-2.800865 -0.730344
-1.394062 1.066351
0.846692 1.179443
-1.004180 -1.726100
-0.399073 0.892879
-0.709716 -1.778177
0.661255 0.635403
2.147346 0.858930
0.382651 -1.168145
-2.688662 -0.862995
0.970454 0.836815
0.718175 1.543826
0.030199 1.708009
0.230917 -2.251819
-0.050198 -2.506960
1.504324 0.920248
-1.263208 0.770227
1.365909 0.785438
1.093090 1.227860
0.212395 1.484759
-2.756362 -0.611825
0.305348 -2.019940
-0.376812 1.424582
-0.190679 -1.003613
0.609704 1.706081
0.363903 -1.121498
-1.409545 1.012383
1.179329 1.735675
0.861639 -0.807914
-2.568876 0.703088
2.019597 -0.198595
-1.777709 0.552909
0.631524 1.120105
-0.759140 0.858111
-2.319541 0.658009
0.339822 1.527224
-1.310425 0.729810
-0.544185 0.902303
0.320651 -1.793402
-0.100823 1.882337
-1.293483 0.575404
-0.335020 -0.719420
-0.823432 -1.277173
1.362741 -0.816823
-1.591434 1.302272
-0.650091 -1.217972
-1.306935 0.303873
-2.436242 -0.292321
0.260568 -1.088750
-0.704541 -1.217913
-2.304976 0.835934
-0.986071 -1.631564
-1.597227 0.822208
2.060567 1.217036
-0.067665 -2.234024
-1.305139 0.853121
-0.323692 -1.062514
0.047097 -1.000320
0.070696 -1.054115
1.284010 0.348006
-1.246412 1.058318
-2.872912 0.831523
0.393039 -1.140299
0.393906 1.956838
1.852947 1.250912
0.301270 -1.770701
-2.174948 1.908424
-3.209825 1.108811
-2.519368 2.019529
0.098881 -2.028396
-0.114563 -1.485004
-0.478429 1.374941
0.799123 0.754072
-0.885225 0.931777
-1.028697 0.906013
1.197455 1.759472
-2.182767 2.089375
0.481897 0.815226
-0.931606 -1.337571
-0.527617 0.506964
-2.466143 1.988347
-0.252578 -1.328356
0.986194 -0.382403
-1.827653 0.827287
2.355395 1.440976
-2.143870 0.833736
-1.827699 1.182433
1.354697 -0.551230
-2.304304 2.007181
-0.154816 -2.362745
0.445510 1.285513
-2.985971 -0.716209
0.685519 1.689747
1.210121 -0.421721
-2.550194 0.754836
-2.145468 2.053215
0.435702 2.044570
-2.531994 0.073822
0.035987 -0.996369
1.555083 -0.362540
-2.759522 0.182045
-3.211682 1.057114
-0.654251 -1.825122
-2.705720 0.153078
-1.229760 1.266515
0.845910 0.705827
0.900287 1.728494
-0.491961 1.369456
0.720688 2.607115
-2.536101 0.805444
-0.619259 0.875489
-1.844608 1.300410
0.630401 1.297487
-0.141692 -1.488848
0.874494 0.048987
-2.674166 -0.625508
-2.062380 0.234789
-1.275610 0.151699
-1.274987 1.005622
-0.093161 -2.584790
-2.516961 -0.378565
1.348402 0.381657
-0.310120 -1.234488
-1.926690 1.289433
2.319944 1.369086
1.089312 1.684231
0.852226 0.508758
-0.075221 -2.599990
-1.539506 1.216380
-3.207204 1.189351
-0.017331 -2.194747
0.778004 0.851145
-2.419540 -0.126861
-1.195259 -1.397217
2.231241 1.309004
0.674857 2.531687
0.620835 0.203001
1.779175 -0.288044
-0.171663 -1.396687
0.399897 -1.243578
-0.097733 0.843162
-1.991773 1.525445
-0.985083 -1.689299
1.116865 0.587369
0.397033 1.333373
-1.245701 1.386838
0.387078 -0.011157
0.494339 1.627020
-1.563661 0.759909
0.980788 -0.687061
1.029522 0.137947
0.564475 1.700818
-0.449985 0.402663
-0.007220 -2.492602
1.377385 -0.797606
0.219463 1.582871
1.874911 1.070006
1.059320 0.255458
0.652904 -0.872977
-1.677680 1.056387
0.302111 -0.013687
0.461443 0.094597
-2.408260 0.662594
2.301225 1.330746
1.259019 1.046182
-2.731096 -0.774792
-1.497441 1.361652
0.071761 -1.722202
-2.236705 1.954261
-1.131094 0.701151
0.023963 -2.134786
1.004696 0.680596
1.129669 -0.766957
1.610691 0.870735
-0.108391 -2.566538
0.857960 0.578697
-2.122689 1.917756
0.751826 2.641077
-1.607458 0.775233
0.370113 -1.855922
0.113333 -1.709777
1.874084 -0.646137
-1.362795 1.020595
-0.875261 -0.438444
-1.252853 0.750619
0.370593 -1.784811
1.647295 0.916764
-0.240558 -1.267251
-2.773626 0.156004
-0.072605 -2.382556
1.959205 0.173804
0.246224 -2.048358
0.075669 1.684081
1.637174 -0.158969
1.329678 0.855560
-1.045397 1.035695
-0.176190 -1.482678
-0.303518 -1.174339
-0.373546 -0.112577
-1.222307 0.879612
-2.150695 2.083291
0.732636 2.668985
-1.076393 -1.560968
-0.568462 0.891213
-0.087189 -2.564938
-0.659894 -1.846662
-1.767925 0.589822
-2.859504 -0.531212
0.680979 2.573468
0.224435 -0.073300
-1.003059 -1.673568
1.577757 -0.020717
-1.465693 0.970963
1.079560 0.772577
-1.729889 0.801943
1.221715 1.787612
0.708485 2.425505
1.823220 -0.258376
-0.222716 -1.343526
-0.187006 -1.400777
0.374660 1.896209
2.052361 -0.194872
-1.582645 0.951192
1.880672 -0.634052
-1.326190 0.131869
1.281042 -0.310098
1.186953 -0.473178
-3.243775 1.215661
-0.840042 0.933159
-0.122329 1.906298
-0.440563 1.405157
1.263113 -0.557662
0.550557 2.025844
1.575495 0.962149
-3.013303 -0.749107
-1.767945 0.674298
0.764023 -0.898579
-1.539683 1.059556
-2.770975 0.175248
0.647954 1.745590
2.065142 -0.180624
-3.158500 1.130895
-1.386058 0.927271
-3.126809 0.699492
-0.159361 -1.484322
1.613083 0.951572
1.702308 1.278219
-0.921204 1.076594
-2.325878 1.851850
0.980726 1.509517
-0.487621 -1.351124
-2.592015 -0.640068
1.192811 1.747966
0.239918 1.623739
0.203750 1.578396
-2.264229 0.090186
-0.852561 -1.714527
0.404546 0.074131
-2.718842 0.217001
0.711945 1.036378
-1.669001 1.089393
0.449663 0.103541
0.559951 0.902239
-2.167384 2.129013
0.419810 0.084522
-1.710462 0.686806
-1.376884 0.384124
-1.146749 -1.521019
-0.140843 -1.501550
0.395811 1.630165
2.018964 1.300970
1.622819 0.836068
-2.995237 -0.736935
-1.049038 0.725600
-0.824366 0.563650
0.567273 1.651200
0.464707 1.275436
0.309730 0.715959
-1.135201 -0.044872
-1.159655 0.826866
-1.086577 -1.402269
-2.488016 1.886888
0.259537 -0.042089
-0.261738 -1.005719
-3.205166 1.078930
0.082616 -1.604108
1.513963 -0.286758
2.231897 0.916517
-0.429146 0.446354
1.339632 0.827301
1.751475 -0.860985
0.072235 -1.899791
0.297822 -1.851273
-1.603318 1.254543
-0.074397 -1.050469
-2.541476 2.074326
-3.013678 -0.770319
2.218499 0.990035
-1.489437 1.263066
0.734824 2.658515
2.088272 -0.217217
-1.658505 0.698407
0.771906 1.524449
0.246683 0.803929
0.920651 0.733268
-2.372427 1.868914
-0.911881 0.630427
0.747749 1.503497
1.183632 -0.785696
-0.431638 -1.047449
-0.758346 0.533596
1.977775 -0.759867
-0.153566 1.950282
0.399155 -1.143993
-0.518374 1.332403
-1.325299 0.748448
1.292637 -0.554502
-0.817367 0.571639
2.001195 -0.754757
0.060224 -1.026075
0.415129 1.995518
-2.416181 -0.099921
-1.287437 0.194087
2.252912 1.402343
-0.785337 -1.241151
0.954135 0.546941
1.618524 -0.204470
-0.765370 -1.946647
1.940657 -0.697175
2.257275 0.922623
-1.789367 0.577837
0.633033 2.437216
-1.219851 1.526527
0.706290 2.531457
0.373105 1.553361
2.219599 0.995987
-0.443855 0.476170
2.070996 0.386649
0.656025 2.485572
-2.684962 -0.858438
-2.112525 0.695056
-0.148037 1.947460
2.299632 0.701517
-0.558527 -1.364453
-1.226097 1.523794
-0.064332 -1.854195
1.055545 -0.107179
1.046560 -0.606878
0.225888 1.650521
-3.174564 0.702418
0.107554 -2.101524
2.431283 1.499949
0.996486 1.727124
-0.319441 -1.021906
1.406486 0.880406
2.206974 0.776992
-2.563710 -0.497636
0.396507 -1.221526
-2.616534 -0.580888
-0.143096 1.940146
2.206982 1.320934
1.388706 -0.735765
-1.238111 1.257265
-0.875132 -1.541034
2.062987 1.303960
0.410831 -1.118049
1.215288 0.510468
0.505659 0.866011
-0.751215 -1.222209
1.574059 1.252077
-2.169459 2.099515
-1.441906 0.430450
-0.274623 -1.178261
-0.148685 1.954443
1.270346 -0.653112
0.753924 0.900333
0.271289 1.659444
1.136924 0.592440
0.190877 -0.102082
0.977611 -0.360981
0.465598 0.126220
-1.342845 0.899854
-2.364802 1.817548
2.272375 0.669446
1.330748 0.423935
2.015018 -0.822165
0.591956 1.676343
1.947667 1.111035
-1.496805 1.327086
-2.423160 1.920953
0.942861 0.801895
-0.661474 0.521851
-1.585848 1.268087
-1.552916 0.942967
-0.627155 -1.793705
-0.300210 -1.226499
-0.175476 -1.458795
-2.918721 0.752370
-0.962937 -1.540380
-1.138865 1.064975
-3.238028 1.207562
0.469946 -1.190122
0.450749 0.097924
-0.283378 -1.262962
-1.288751 0.087937
-1.350340 1.029474
1.693529 -0.131828
2.257849 0.628682
1.536627 -0.651325
-1.904112 1.261986
1.676394 -0.145209
1.205953 1.781898
-1.334998 0.146504
0.536068 2.200047
-2.561709 0.719808
0.619636 -0.837023
1.892697 -0.837445
2.190594 1.354321
0.030467 -1.051696
2.334323 1.434242
-3.104822 0.709746
0.402589 -1.960275
1.168496 0.507741
-2.713989 0.147096
-2.572093 0.088840
-2.782779 0.212345
0.372231 -1.687168
-0.453882 -1.284898
-2.198643 1.959378
0.511861 0.191207
-2.456611 0.664711
1.753307 -0.908692
-0.045035 -1.912685
0.056228 -1.909660
0.396866 1.975653
-0.836410 -1.741384
-1.532992 1.001187
0.537063 2.224642
0.638991 1.052951
2.438766 1.512063
1.900972 -0.324045
-1.033440 -1.741295
0.847160 0.887709
1.906230 -0.749670
0.988422 -0.465585
1.311579 0.787704
-0.851024 -1.640755
-1.252015 1.127052
0.360824 0.026034
-0.160341 1.961737
-2.138767 0.125297
-0.708715 -1.803909
-2.105282 0.189766
1.750787 -0.881685
-0.021413 1.781075
-2.211436 0.116175
0.368460 1.421889
-0.226307 -1.024774
-2.860627 0.770076
-1.336829 0.905282
-0.327515 -1.236933
-1.361005 1.072103
0.761174 2.662065
-1.504308 0.831921
-1.133522 0.741637
1.616207 0.910491
2.143287 1.126743
-1.573511 0.705853
1.612787 -0.039869
-2.825397 -0.640290
1.843789 0.040510
1.313219 -0.645434
2.063656 1.174119
1.967375 0.189117
-2.070781 0.214360
-1.279854 0.616543
1.700843 -0.217028
1.140630 -0.747361
0.383627 -1.827355
2.147023 1.188339
0.380350 -1.190580
-0.017805 1.767364
-1.281722 0.888653
1.204404 0.931247
-1.837636 0.406633
1.763227 0.963974
1.130475 1.629165
-0.967553 -1.472310
-0.149291 1.941958
1.910698 -0.879163
0.404820 0.075680
-0.985516 -1.692476
-0.389622 -0.775340
1.158384 0.530980
1.853348 1.069000
-2.769948 0.157884
1.057582 -0.164614
-3.139531 1.114814
0.102245 -2.093530
1.104994 -0.250882
1.068115 -0.730248
-2.504742 1.999665
-0.480971 0.430810
-0.043673 -2.558179
-0.999325 -0.305080
0.735040 0.512377
0.933749 0.824982
-0.963751 -1.510816
-1.018081 0.678331
-1.142831 0.830158
-2.647765 -0.951308
1.784189 1.028351
-1.016798 0.682470
-0.761437 -1.253935
0.415528 -0.909240
0.249601 1.700676
-1.465055 0.468312
1.431548 -0.432142
2.245395 0.831078
1.533769 0.025419
1.291805 -0.563642
0.329029 -1.813284
1.280139 -0.637739
-1.213075 0.786226
0.366942 -1.857207
0.557550 1.649540
0.838738 1.739331
1.721675 -0.857491
0.701646 2.129487
2.502548 1.577174
1.067720 -0.186018
0.545924 2.046528
2.085021 1.114998
0.759369 0.855478
-0.319500 -1.145778
-0.336484 -1.278116
-0.995072 0.653691
-2.033412 0.276837
1.862150 -0.184742
1.136696 -0.379442
1.758527 -0.293195
-1.077346 -0.217844
0.061289 1.692150
-2.149875 0.117805
-1.505746 0.417842
-2.461800 1.999661
-2.452241 1.983338
2.063158 1.201350
2.335079 1.038476
1.334085 -0.863346
-1.930746 1.283206
-1.332557 0.589129
0.219913 -2.296733
-2.035820 0.825842
-0.910354 -1.553331
-1.142105 0.742253
1.783122 1.252923
-0.085436 1.448762
-0.251791 -0.919963
-2.024358 1.566319
-0.960224 -1.682454
2.145845 1.116138
2.220334 0.624400
-0.645729 -1.843773
-1.326579 0.320415
1.730157 -0.674206
-2.263194 -0.070027
1.963217 -0.400531
-3.162017 1.149796
-2.788274 0.208084
-0.686666 -1.757766
-1.917022 1.295086
-1.391205 1.088589
1.750244 0.932611
1.978472 1.363217
1.953393 -0.665577
-2.708468 0.169099
-2.143678 1.917869
1.222776 1.814426
2.262338 1.094576
-2.300883 -0.044312
-1.136507 0.985556
1.950261 -0.833292
1.777639 0.945846
1.080729 0.684088
-2.762671 -0.480830
-0.252080 -1.244861
-0.966158 -1.675393
0.792892 0.421362
0.825197 -0.839272
0.372363 -1.223430
1.294848 -0.484177
1.870216 1.204264
1.671623 1.283562
-1.404151 0.858873
1.404624 -0.848284
0.363432 1.544732
0.496646 -0.896052
0.097513 -2.115108
2.177572 1.141288
0.447169 2.013073
-0.143670 -1.085276
0.688028 0.445367
-1.556967 1.106655
-1.533310 1.162122
1.121775 1.627415
0.784903 1.008612
1.136535 0.797296
-2.676455 -0.958182
2.518156 1.596368
-1.354074 0.740316
0.801706 0.421425
2.262780 0.626596
-0.195729 -1.679059
1.484504 -0.377996
-1.326165 0.142184
-1.377255 0.820867
-0.605987 0.485639
1.391643 -0.813253
-2.306376 1.994204
0.817605 1.139946
-2.432881 2.042966
-0.085596 -2.545612
0.919058 0.808116
-1.402207 0.767375
-1.052391 -0.234857
-2.897675 0.768000
-2.281258 2.097745
-1.394639 0.539450
-1.645166 0.715507
0.770686 1.535576
-1.513310 0.861060
-1.391146 1.055119
-1.312127 0.309991
2.119380 1.125715
1.011833 0.851095
-2.146350 1.886796
-1.813501 0.650708
0.394760 -1.820149
0.185036 -1.771489
1.288227 -0.394578
-1.341883 0.529194
-1.949086 0.419672
0.855442 0.562681
-1.326862 0.160519
2.305560 0.780716
-2.635699 -0.727513
-2.811104 -0.557569
-1.669059 0.558980
1.103989 -0.242986
0.488705 -0.938652
-1.304893 0.758210
-2.991632 0.735428
-1.597464 0.737175
1.057417 -0.751671
0.712678 2.586939
-0.506726 -1.585757
0.761548 2.647135
1.050798 -0.006211
0.802268 1.350892
-0.805280 -1.254085
-0.111452 -2.399203
2.095334 1.285663
0.752537 1.581138
1.308904 -0.794185
-2.363474 2.026359
-2.148799 0.088588
-2.752621 -0.550975
1.291392 -0.717956
-2.891188 -0.582651
1.754129 1.241889
0.612024 2.389591
0.732681 2.644610
2.019978 -0.844393
0.832958 0.780810
1.557759 0.857599
-0.385144 1.442859
0.268835 -0.040095
-1.347829 0.970904
0.717997 1.676604
0.700554 1.582588
-1.299854 0.932439
-2.390259 0.634855
0.901363 0.637116
1.982955 -0.365689
0.189440 -0.101099
-2.897843 -0.584439
-1.549664 0.705068
0.085388 -2.012929
1.251446 -0.597298
1.818465 -0.897021
1.879076 1.310245
-1.819670 0.658460
-1.640945 0.663919
1.938490 -0.324645
0.125598 -1.828663
1.411975 -0.450612
-1.541348 0.665035
1.019566 0.745795
-2.647372 -0.930610
-0.079270 -2.551354
2.185808 1.171682
-1.474799 0.964324
-1.214463 1.578909
1.045821 0.751978
-0.126826 1.917352
-0.579034 -0.853430
1.049932 0.629189
0.922041 0.735748
0.085948 -2.108178
-1.539013 0.781891
2.400406 1.445699
1.120127 -0.681911
-1.278137 1.195489
1.410548 -0.691013
0.750405 2.708715
-1.222110 1.526291
-1.164356 -0.083705
-3.013397 0.722665
2.339559 1.079126
2.273632 0.681252
0.238460 1.688341
0.764924 1.540230
-2.897562 -0.642190
1.373009 0.144841
-1.216365 1.594931
-2.343416 2.029451
1.181105 1.014739
-3.046227 0.728726
1.625676 1.270085
-2.355930 1.998978
-2.569151 0.688656
1.559619 0.884088
1.018718 0.461048
0.421638 0.094244
-2.359339 0.020144
0.800269 0.904001
-1.364336 0.472569
0.418555 0.090897
1.247985 0.602946
1.700614 0.947035
1.382940 -0.769759
-2.041297 0.271801
-0.122189 -2.545758
-1.535397 1.311926
-0.167994 -2.173999
0.358191 -2.046475
-0.268889 -1.204865
0.760808 2.648312
2.071283 1.249822
0.279546 -0.026162
-0.627217 0.501750
-1.157543 0.950146
0.410020 -0.975629
-0.114452 -1.009166
-1.311509 0.156677
-2.396551 0.098706
-0.287473 -1.214406
0.897374 1.718073
0.231142 -2.314626
1.961332 1.227263
0.950512 -0.436491
-1.013746 -1.363787
-2.525984 0.619908
1.379991 0.366965
1.972649 1.288634
-2.745254 -0.563214
-2.929381 -0.517409
1.081467 0.752746
-0.337869 -1.168596
1.214096 -0.791674
1.547696 0.832097
1.364995 0.216284
0.024402 -2.483478
-0.106719 -2.390118
2.061637 -0.213414
-3.030568 -0.761724
-0.145963 -2.571551
1.761014 -0.281329
-0.450524 -0.928982
0.159638 1.565817
1.930703 1.271790
-1.499300 0.704721
-2.683211 -0.865790
1.000669 0.427696
0.339099 -1.156179
-1.261729 0.937050
2.385166 1.456221
-0.194577 -2.368289
-3.186650 0.691673
-0.607637 0.471340
0.778948 0.760981
-1.017361 -1.727728
-0.000516 1.725332
2.471029 1.538998
-1.514453 0.999417
1.633955 -0.179746
1.753623 -0.117070
0.362583 -1.184497
0.760163 0.564402
-1.330814 0.145785
0.745915 0.661831
-0.632163 -1.758412
2.329016 1.381054
0.866392 1.756205
-0.059423 -2.602178
0.993785 -0.703084
-2.110402 1.801230
-3.013586 -0.769898
0.765159 0.374860
-1.465204 1.390022
0.411735 0.090513
0.252715 1.527622
1.730063 -0.826612
-2.950746 -0.496010
1.443821 0.904743
-1.815448 1.278398
1.155128 -0.794139
0.575695 0.175771
1.006776 0.754599
1.319083 1.055878
-2.210725 2.114912
0.527430 0.753156
-0.597897 0.869737
1.342398 0.380498
1.162635 -0.851552
-2.915672 -0.689217
-0.548361 0.899602
-0.611498 0.635814
0.421439 0.115597
-1.405608 0.986153
-2.946781 -0.724852
0.096761 -2.123831
-1.566518 1.241061
-1.858449 1.211901
-1.275170 0.092003
0.846574 1.059077
-0.291798 -1.222716
-1.015280 -1.728803
1.039763 0.660677
-2.118948 0.166522
0.206035 -0.087479
-0.282753 0.838844
-1.013371 -0.293693
-2.218276 2.121120
0.400361 -1.925357
