1000 2
-0.697183 0.798788
0.588196 -1.725017
0.131596 1.505437
-0.491018 0.239308
-1.433641 -0.396735
0.540926 0.482464
2.394422 1.207611
-0.011032 -1.228437
-1.384445 1.218537
0.380558 1.368059
2.438612 -0.598954
1.044212 0.313913
0.951452 -1.541750
-0.043039 -1.268638
-0.048503 -1.238321
-0.986268 -0.673629
-0.113577 -1.453522
-1.712242 1.585969
2.631325 0.407445
-0.029408 1.934393
3.576731 0.242249
-1.049094 0.635411
1.318823 0.408500
-1.914861 -0.286948
0.565556 -1.520142
0.574742 0.548509
-0.274700 -0.010770
-1.642896 -0.047836
-0.565084 -1.308601
1.112056 -0.481473
1.436890 -0.107893
1.062743 -0.518141
1.841489 0.438904
-1.762293 0.455540
1.569149 0.805526
-0.457635 -2.205677
2.514598 -1.036329
0.144663 -1.011842
-0.745968 -1.382131
2.293055 -0.044094
-0.336812 -0.973912
-0.094005 -1.823195
1.441813 -0.192509
3.450423 0.278492
0.144698 -1.153733
3.474468 0.641755
0.052797 -1.409714
0.380139 -1.681710
2.507594 -1.016242
1.737154 0.419585
1.398528 -0.332160
-1.263312 1.104841
2.805035 1.503819
-0.188740 1.272756
0.034470 1.585766
2.475261 0.476279
-0.570971 0.753603
-0.442044 -2.091096
-0.414296 -2.351901
0.587719 0.579642
1.630915 0.860405
-0.627894 0.620594
-1.984013 0.932447
2.356845 -0.084210
-1.777325 -0.072369
3.108037 0.231665
0.202265 -1.344534
-0.324173 0.051951
-1.228089 -0.438526
-2.056222 -0.129607
2.522103 -1.102625
-1.085864 0.645310
-0.748352 0.960073
-0.781900 -1.390105
0.482984 -1.720261
-0.156206 -1.072949
2.080506 0.285588
2.645304 -0.652154
1.469238 -0.091303
-0.568654 0.361042
2.684982 1.656466
0.048356 -1.079669
2.945214 1.471738
-0.682133 1.544235
-1.940790 -0.548073
0.645038 -1.468503
-0.171408 1.646176
-0.819290 0.845889
2.979074 1.542857
0.262958 1.515019
2.497846 -0.178280
3.581429 0.181835
-0.348461 -2.297284
0.837916 1.085974
-0.230596 -1.969270
3.195821 0.289231
0.084653 1.792449
2.347247 -0.436832
-0.422274 -2.456155
-0.550910 -2.373517
1.388859 0.334635
2.305027 -0.335207
0.177240 -0.921612
-1.377488 1.178433
0.044528 -1.197604
-1.934672 0.675248
2.767761 -0.210021
-0.213582 -1.753203
2.436833 -0.150125
0.638348 -1.920237
1.732044 0.445742
0.893336 0.327768
0.015479 -1.181357
-1.705688 -0.033340
2.045755 0.881725
-0.371072 -2.071353
2.987213 -0.192002
-1.919099 -0.105198
1.728103 0.884377
2.684249 0.549003
2.682474 -0.721853
0.253384 1.522780
1.048609 -0.538092
-1.047676 -0.110823
-0.001474 -1.148434
-1.105352 -0.197875
2.784725 0.183711
-1.227986 -0.206229
3.684114 0.126259
-0.430422 -2.132708
1.504258 0.377114
-0.973827 0.701425
-1.234253 -0.256539
-2.067365 -0.582287
0.581220 0.604273
0.328395 -1.453738
1.607244 0.248829
0.075295 -1.989143
1.641187 0.592204
0.239162 1.477756
-0.137410 2.149317
-0.227554 2.393623
0.195305 -0.876211
-0.163388 2.382899
-1.602574 -0.628639
-1.362984 1.538579
1.261333 0.179925
1.943396 0.784005
-1.803469 -0.652626
-1.552650 -0.206849
0.797429 -1.782717
-1.964987 -0.266629
-0.262823 -1.119033
0.623663 -1.792512
3.608563 0.305772
1.757527 0.709738
-0.477946 1.286799
0.768618 -1.794604
0.479142 0.413631
0.751283 -1.360554
-0.450320 0.778394
-1.950541 1.096865
-0.821155 -1.289304
3.633167 0.182421
-0.604077 0.971890
-0.220759 1.318658
0.384480 1.743453
-0.305392 -2.242231
-0.519726 -2.457304
-1.296701 1.150134
1.546331 0.489584
-1.141646 1.042402
-0.714309 1.386218
-0.246727 1.196786
3.370406 0.313881
-0.113849 -2.130510
1.120372 1.309176
0.102900 -0.981028
-0.229286 1.638067
-0.724963 -1.200884
1.782626 0.554565
-0.685044 1.693957
-0.954283 -0.699360
2.477964 -0.198383
-2.132514 -0.127233
2.257277 0.466881
-0.014679 1.290354
0.915208 0.348958
2.261247 -0.040075
0.114227 1.517880
1.387870 0.270323
0.834523 0.310467
0.022477 -2.046405
0.529823 1.985823
1.389594 0.137993
0.163640 -0.942288
0.491447 -1.718052
-1.455735 -0.470544
1.600943 0.878509
0.160979 -1.409895
1.570233 0.009606
3.048607 0.258742
-0.647589 -1.149420
0.237491 -1.511868
2.056672 -0.127964
0.639513 -1.854086
1.724332 0.133080
-1.715334 1.522289
-0.462723 -2.172314
1.618187 0.238639
0.012965 -1.210213
-0.368110 -1.100588
-0.451946 -1.148027
-0.978566 0.529930
1.625958 0.215014
2.437842 -0.585013
-0.758853 -1.296051
0.074209 1.890991
-1.454119 1.485380
-0.006189 -1.976863
2.709181 1.470364
2.521719 -1.157301
3.041874 1.530612
-0.300945 -2.027839
-0.088286 -1.565609
1.267223 1.267710
-0.610707 0.781267
1.232313 0.309732
0.840507 1.052264
-0.726760 1.780906
2.630364 1.710596
-0.108018 0.628142
0.644080 -1.513760
0.665155 0.588840
2.864259 1.509462
-0.016739 -1.272135
-1.151884 -0.385996
2.074453 -0.072897
-1.921474 1.765639
2.053573 -0.082624
1.917315 0.673762
-1.489692 -0.272099
2.709442 1.535440
-0.459204 -2.425003
0.072612 1.360442
3.610982 0.548267
-0.220795 1.689504
-1.139812 -0.300677
2.383204 -0.282554
2.649103 1.642266
0.072778 1.985172
2.948381 -0.090178
-0.345788 -1.081607
-1.654504 -0.087677
2.925682 -0.200595
2.526524 -1.171254
0.767639 -1.339029
2.922194 -0.161405
1.685846 -0.051510
-0.635036 0.753477
-0.469293 1.714167
1.144361 1.246671
-0.202824 2.435057
2.349035 -0.372682
0.933929 0.367182
2.232145 1.017966
-0.141240 0.481588
-0.104415 -1.595203
-0.804598 0.077992
3.506819 0.384694
2.554415 0.436882
1.358163 -0.189473
1.728882 0.137912
-0.510128 -2.561098
3.058741 0.205964
-1.167538 0.572976
0.129300 -1.177815
2.087526 0.950336
-1.965118 1.732850
-0.589096 1.646659
-0.735017 0.432943
-0.502923 -2.562133
1.656558 0.980124
2.541980 -1.071043
-0.360908 -2.086977
-0.602363 0.970967
2.976481 0.200091
0.902630 -1.563012
-2.006498 1.737293
-0.227390 2.307270
-0.481261 0.215261
-1.890136 -0.035625
-0.116309 -1.378698
-0.770507 -1.438230
0.398731 0.426841
2.297226 1.116772
0.785336 -1.860377
-0.852304 0.818747
0.161997 1.451019
1.778044 -0.105886
-0.375511 -0.002379
-0.140580 1.645172
2.055696 0.406738
-0.875314 -0.590365
-0.855082 0.482218
-0.157097 1.679015
0.591601 0.630525
-0.429824 -2.445732
-1.479129 -0.429546
0.271521 1.513268
-1.547843 1.366767
-1.136716 0.054075
-0.847686 -0.743680
1.864198 0.565112
-0.255583 -0.013606
-0.405854 0.047734
2.382943 -0.100965
-1.893824 1.581200
-1.033608 1.230891
3.598818 0.281731
1.715003 0.928269
-0.058141 -1.884280
2.658574 1.492074
1.431386 0.415181
-0.355212 -2.106373
-0.779768 0.794186
-1.160594 -0.636760
-1.325580 1.143824
-0.585248 -2.451274
-0.760564 0.651736
2.643625 1.477603
-0.186298 2.464223
1.716998 0.265253
0.093082 -2.102661
-0.063775 -1.916737
-1.962010 -0.445132
1.804451 0.548748
0.876330 -0.663720
1.702819 0.440880
0.050175 -2.056956
-1.386139 1.209467
0.004610 -1.187737
2.960342 -0.175563
-0.522572 -2.394527
-1.856752 0.565968
-0.186359 -2.120408
0.325177 1.726177
-1.749168 0.045752
-1.215968 1.085342
1.159513 0.790184
-0.112438 -1.554801
0.011060 -1.140928
0.359262 -0.299433
1.614091 0.366038
2.606256 1.688549
-0.233663 2.489008
0.743472 -1.791211
0.772056 0.368822
-0.629875 -2.461110
0.793721 -1.352163
2.056135 0.321184
3.527818 0.575624
-0.272328 2.345842
-0.178194 -0.083433
0.666535 -1.843344
-1.506685 0.207995
1.715154 0.479724
-0.866343 0.900374
1.822394 0.056071
-0.751071 1.773205
-0.279071 2.208618
-1.856742 -0.073329
-0.114717 -1.347005
-0.128026 -1.390442
0.091870 1.785950
-2.170178 -0.133394
1.845292 0.622279
-1.951170 -0.375529
1.419542 -0.305143
-1.263021 0.034574
-1.174863 -0.404774
2.560075 -1.050391
1.103502 0.272448
0.565966 2.005824
1.145355 1.314193
-1.209947 -0.305424
-0.125320 1.852256
-1.378834 1.201150
3.719978 0.482870
2.049968 0.312289
-1.016343 -0.900074
1.551972 0.655290
2.942911 -0.218719
-0.204391 1.704577
-2.180019 -0.132711
2.562950 -1.093356
1.587849 0.154675
2.801246 -0.834281
-0.095641 -1.528824
-1.330677 1.143692
-1.349803 1.507275
0.625395 1.199729
2.705815 1.407051
-1.028443 1.488500
0.289965 -1.308170
3.412567 0.270781
-0.718537 1.827886
0.277819 1.518460
0.222370 1.573290
2.687788 0.279022
0.607931 -1.562816
-0.308841 0.097933
2.854184 -0.181229
-0.114603 1.310549
2.068697 0.773893
-0.382664 0.087929
-0.151728 0.812958
2.618288 1.734078
-0.366180 0.079646
2.101430 0.398015
1.507226 -0.023702
0.848715 -1.790799
-0.095516 -1.612349
0.144308 1.550484
-1.669242 1.594264
-1.292580 1.125859
3.678579 0.541374
1.428272 0.475586
1.060987 0.514483
-0.077598 1.589182
-0.013074 1.312784
0.055235 0.410767
1.412728 0.065474
1.426835 0.361443
0.719962 -1.695622
3.249089 0.889028
-0.198672 -0.065378
0.108320 -1.032122
2.521579 -1.193003
-0.024567 -1.687031
-1.652030 -0.193103
-2.010594 1.285032
0.598766 0.581228
-1.060265 1.046656
-1.754004 -0.690357
-0.176569 -1.969003
0.028617 -2.095666
1.578319 0.854596
-0.234862 -1.107490
3.046907 1.553292
3.666749 0.472945
-2.003848 1.408312
1.713859 0.953314
-0.253674 2.464473
-2.101441 -0.106081
1.958359 0.341709
-0.344948 1.576731
0.295961 0.451961
-0.801992 0.776656
2.780301 1.428263
0.983943 0.607011
-0.175266 1.208981
-1.229372 -0.588607
-0.017315 -1.318966
0.934620 0.614905
-2.043934 -0.528194
0.607049 2.035619
-0.807995 -1.221999
1.180166 1.133410
1.427889 0.493787
-1.419926 -0.421980
0.855742 0.688884
-2.095935 -0.564544
-0.393581 -1.114131
0.035828 1.941720
2.920870 0.180480
1.401028 -0.145966
-1.878061 1.684584
0.297875 -1.591779
-0.820979 0.801497
-1.742580 0.093320
0.239828 -2.191124
-2.040326 -0.503751
-2.046880 1.287675
2.177104 0.427825
-0.114738 2.332417
1.811897 -0.224625
-0.297635 2.380546
0.163162 1.527868
-1.880210 1.427917
0.513218 0.584425
-1.972989 0.763834
-0.147095 2.322149
3.629930 0.213097
2.050330 0.129971
0.533389 1.998991
-2.077615 1.094112
0.400235 -1.559308
1.815168 -0.227168
-0.219163 -1.817439
-1.040898 -0.032103
-1.074046 -0.495440
0.304885 1.548183
2.798979 -0.830091
-0.347876 -2.067551
-2.060214 1.901967
-0.577320 1.688249
-0.017708 -1.201732
-1.294570 1.157009
-1.980835 1.023824
3.175642 0.272039
-0.781515 -1.396638
3.358878 0.311401
0.575568 2.063597
-1.942314 1.621387
-1.443511 -0.559637
1.655873 -0.013789
0.498344 -1.632399
-1.700086 1.596228
-0.812835 -1.195016
-1.020288 0.657009
-0.122771 0.705257
0.258166 -1.555068
-1.282425 1.469330
2.607183 1.732386
1.532370 0.105503
-0.110423 -1.323642
0.563840 2.041118
-1.243655 -0.340426
-0.560537 1.065089
0.300875 1.530770
-0.913878 0.722282
-0.142193 -0.112250
-1.121204 -0.343235
-0.368221 0.098027
1.626477 0.292830
2.758874 1.377900
-2.055374 0.986552
-1.168385 0.599451
-2.176297 -0.641681
-0.185588 1.646414
-1.655178 1.375954
1.691065 0.960733
2.807103 1.455201
-0.600198 0.921606
0.857722 0.582218
1.590330 0.891253
1.577720 0.504166
0.766657 -1.325827
0.122327 -1.233415
-0.139546 -1.462405
2.544415 -0.567368
0.620034 -1.804336
1.238795 1.079042
2.540956 -1.028954
-0.786465 -1.369494
-0.408511 0.135847
0.012422 -1.255906
1.385767 -0.380952
1.689272 0.503715
-1.798563 0.025499
-2.073282 0.972362
-1.764309 -0.479001
2.080774 0.842819
-1.799566 0.006108
-0.740606 1.862002
1.470745 -0.178298
-0.056161 2.101952
2.444432 -0.268985
-0.495168 -0.921496
-1.943824 -0.528765
-1.846489 1.699883
-0.320194 -0.945885
-1.921560 1.729879
2.763159 -0.783864
0.008378 -2.112969
-0.848854 0.670724
2.983028 -0.128861
2.872841 -0.013406
2.964844 -0.178454
0.055885 -1.932151
0.188936 -1.219351
2.635321 1.480040
-0.468848 0.305996
2.452959 -0.154224
-1.865150 -0.675877
-0.256406 -1.919749
-0.245219 -1.863770
0.040551 1.926804
0.627418 -1.541330
1.513218 0.622241
-0.084814 2.141458
-0.165780 0.998706
-2.051198 1.882379
-1.973676 -0.066312
0.785213 -1.845174
-0.654763 1.051422
-1.926343 -0.473134
-1.167951 -0.467842
-1.112068 1.029534
0.612151 -1.700242
1.610172 0.083320
-0.317928 0.017595
0.612775 2.013990
2.743925 0.596664
0.508264 -1.578059
2.618357 0.464866
-1.849837 -0.699204
0.422061 1.828141
2.729635 0.260942
0.040987 1.351115
0.074051 -1.039539
2.523704 -0.555760
1.821159 0.592296
0.201644 -1.209272
1.834083 0.549250
-0.202465 2.442756
1.701696 0.207563
1.290629 0.494478
-1.291759 1.145697
-1.929877 1.460315
1.768409 0.362070
-1.624018 0.077836
3.556190 0.409234
-1.846788 0.307601
-1.250944 -0.268432
-1.649064 1.548809
-1.850441 0.563805
2.580292 0.435668
1.473442 0.254413
-1.865621 -0.019893
-1.133743 -0.641135
0.069497 -2.015478
-1.847143 1.485527
-0.756930 -1.320132
0.451841 1.884312
1.671593 0.400031
-0.971621 1.134534
1.890184 0.343086
-1.468763 1.270072
-0.655191 1.597898
0.652437 -1.840984
0.542585 2.065013
-1.893696 -0.616233
-0.329070 0.066524
0.659652 -1.869782
0.050446 -1.111963
-0.966316 0.744429
-1.644502 1.444897
2.935457 -0.203647
-1.025870 -0.067991
2.549222 -1.078097
-0.377926 -2.075471
-1.040641 -0.159609
-1.035017 -0.572865
3.007954 1.507140
0.630444 0.589581
-0.518334 -2.555052
0.949532 -0.613063
-0.651824 0.648288
-0.670016 0.910984
0.617741 -1.796778
1.243099 0.519752
1.420523 0.382854
3.678634 0.122315
-1.523119 1.374805
1.326823 0.517998
0.406541 -1.642799
-0.794853 -0.738194
0.213402 1.520379
1.618988 0.133395
-1.476783 -0.320514
-1.990665 1.036911
-1.493586 0.255356
-1.464989 -0.297078
0.053989 -2.063982
-1.253173 -0.388844
1.457285 0.422996
0.086752 -2.076847
-0.021897 1.585296
-0.434801 1.737152
-1.815609 -0.677781
-0.223142 2.261772
-2.101700 1.948581
-1.010878 -0.144201
-0.122121 1.869380
-1.709641 1.420605
-0.567408 1.023446
-0.087028 -1.265614
0.120078 -1.155272
1.341616 0.518718
2.595385 0.446158
-1.932658 -0.108109
-1.201291 -0.064332
-1.809033 -0.041426
1.090661 -0.494187
0.299576 1.614952
2.742373 0.599533
1.571386 0.118427
2.897397 1.527695
2.912895 1.500518
-1.753685 1.487203
-1.948601 1.371060
-1.476635 -0.433430
2.097202 0.929122
1.463828 0.163255
-0.307165 -2.293365
2.166474 -0.165840
0.534176 -1.672601
1.533227 0.385237
-1.401706 1.562292
0.527422 1.401790
0.115547 -0.991928
2.350660 1.181562
0.636169 -1.894642
-1.908727 1.501440
-1.962595 0.913204
0.748487 -1.328578
1.576789 0.028215
-1.886531 -0.474729
2.787995 0.154466
-1.989998 -0.045534
2.517126 -1.029413
2.936619 -0.194071
0.711751 -1.386049
2.114295 0.973299
1.694620 0.764730
-1.443893 1.274747
-1.652570 1.636080
-2.019732 -0.476014
2.907328 -0.149812
2.638015 1.475123
-0.765521 1.808623
-1.906291 1.431589
2.727263 0.141317
1.392040 0.830115
-2.008577 -0.607071
-1.468248 1.302614
-0.780079 0.791144
1.796465 1.221926
0.120758 -1.130474
0.721111 -1.759921
-0.613577 0.530401
-0.889680 -0.729274
-0.819726 -1.328064
-1.494913 -0.315144
-1.741952 1.395100
-1.317211 1.502308
1.765054 0.547490
-1.499499 -0.431155
0.088704 1.541944
-0.260724 -0.970494
-0.399940 -2.085020
-1.875286 1.515987
0.038102 1.951659
-0.147947 -1.100182
-0.494298 0.361528
1.529542 0.721226
1.513047 0.729111
-0.658524 1.621744
-0.363243 1.056060
-0.949159 0.952760
3.719177 0.111392
-2.126428 1.974029
1.608053 0.434366
-0.653975 0.567862
-2.042024 0.951261
-0.314748 -1.804969
-1.428355 -0.162734
1.352275 -0.305859
1.742717 0.505166
0.767743 0.587826
-1.468245 -0.483788
2.683119 1.553541
-0.471888 1.406645
2.977291 1.542818
-0.485415 -2.415072
-0.788096 0.933365
1.620005 0.398095
1.065001 -0.478862
2.532391 -0.561119
2.728850 1.647225
1.603202 0.175306
1.854222 0.317959
-0.143382 1.226259
1.673037 0.294371
1.844513 0.602811
1.566074 -0.083580
-1.881869 1.485349
-0.874226 0.986098
2.629888 1.506954
2.111006 0.291352
0.087641 -2.053609
-0.011180 -1.940953
-1.214800 -0.075516
1.561345 0.184444
2.385257 0.493198
-0.694997 0.676390
1.453385 -0.213399
-2.099658 1.167747
3.571492 0.210136
3.415442 0.499338
1.771172 0.471859
-1.039652 -0.171551
-0.681896 -0.847573
1.441411 0.322421
2.626958 -0.618279
1.855753 0.290259
-1.126848 -0.575526
-0.222569 2.404259
0.539126 -1.262356
-0.162011 2.481799
-1.030638 -0.002430
-0.643678 1.033797
0.338641 -1.607853
-0.506322 -2.277738
-1.756196 1.535803
-0.384927 1.561940
-1.400675 -0.492007
2.764440 1.579448
2.792414 0.645174
3.397708 0.420886
-1.340878 -0.474998
3.532978 0.558321
-1.407880 1.479114
-0.100568 2.278744
-0.259221 2.443956
-2.167315 -0.621208
-0.682520 0.847718
-1.244717 1.095431
1.139274 1.306401
-0.187114 -0.077110
1.734444 0.267473
-0.265104 1.681073
-0.178478 1.435042
1.704991 0.146164
2.297616 -0.051780
-0.729322 0.721928
-2.028914 -0.030104
-0.132537 -0.124312
3.516383 0.579164
1.772206 0.287817
-0.299508 -1.971156
-1.439956 -0.385479
-1.873599 -0.664935
-1.564681 1.559387
2.110676 0.306588
1.901364 0.297089
-1.962643 -0.061636
-0.204563 -1.984782
-1.380532 -0.257729
1.818560 0.382471
-0.666549 0.952981
3.644936 0.093686
-0.542788 -2.481390
-1.883676 1.520161
1.535758 0.570574
1.837306 -0.268488
-0.681724 0.897889
0.505579 1.988857
0.870131 -0.638725
-0.882684 0.710859
-0.816757 0.789186
-0.341127 -2.034767
1.793343 0.287107
-1.987797 1.770616
-1.120442 -0.643117
1.706060 0.057094
-1.273210 -0.463928
-0.233113 2.420469
1.816760 -0.198726
1.176196 -0.416867
2.655824 -0.636611
-1.979790 1.384573
-2.074449 0.972123
0.278246 1.503808
-0.215154 1.193741
3.571782 0.503200
-1.011650 0.554898
1.849474 -0.274866
2.766325 1.573596
-0.960785 1.159057
2.646375 -0.631991
-1.349769 1.581149
2.736302 1.557413
2.456780 -0.241227
-1.309553 1.149882
-1.069132 0.156010
-0.324011 0.030677
2.800459 0.133065
-0.589834 1.023453
1.524577 0.089173
-0.378523 0.080923
-1.039046 0.787355
-1.454250 1.252626
-1.546350 -0.624924
2.615155 0.545713
-0.493293 -2.558301
1.658643 1.029807
-0.475448 -1.263006
-0.177041 -2.170795
-0.025201 -1.216575
-0.175440 2.475228
-1.744057 1.563207
-0.218885 -0.078952
0.812169 0.607715
1.444629 0.717844
-0.707571 0.469330
-0.199632 -1.075027
1.423319 -0.251229
2.665149 0.010977
0.131702 -1.180358
-0.422081 1.704278
-0.330708 -2.316316
-1.709217 1.444530
-1.187543 -0.426586
0.735895 -1.604138
2.478528 -0.184690
-1.222966 0.582044
-1.731634 1.421375
3.370222 0.370556
3.468277 0.616355
-0.847400 0.856580
-0.033964 -1.122222
-1.245093 -0.616672
-1.296899 1.116814
-1.185798 0.688125
-0.493284 -2.470622
-0.485242 -2.229539
-2.170052 -0.154506
3.687163 0.541642
-0.588915 -2.415606
-1.850113 0.002181
-0.057500 -1.280645
0.288263 1.566866
-1.722119 1.379199
1.766152 0.296120
3.622821 0.188855
-0.894666 0.279461
-0.786030 -1.275409
1.568207 0.339989
-2.029781 1.870341
-0.454444 -2.446759
2.758627 -0.808437
0.764964 0.598056
-0.535761 0.763839
0.792085 -1.844000
0.425505 1.821438
-2.040433 1.872252
1.549522 0.590839
-1.718596 0.019565
-1.782991 0.048598
-0.827509 -1.291678
-0.635922 0.662285
1.396906 -0.265030
-0.528373 0.820586
0.674980 -1.318123
-2.036809 1.768624
-0.518110 1.776799
-0.539887 -2.573730
-0.991862 -0.560849
2.501931 1.347610
3.724414 0.460061
-0.589270 0.372540
1.742348 0.951506
-0.298381 0.010054
0.238534 1.551983
-1.883077 -0.625581
3.460371 0.646226
-1.352683 1.199774
2.287458 1.120807
-1.173653 -0.649243
-0.503897 0.248029
-0.732337 0.923586
-1.022212 1.210415
2.654284 1.713005
-0.205776 0.630369
0.907874 0.341426
-1.154132 0.571401
-1.213763 -0.644884
3.605482 0.479185
0.832115 0.313437
0.855578 0.714814
-0.338987 0.058175
1.640563 0.310766
3.682872 0.434255
-0.426970 -2.098155
1.670161 1.053289
2.039714 0.811465
1.335748 -0.294190
-0.616677 1.094668
0.165318 -1.217202
0.654447 -1.920948
-0.704912 0.759026
2.709459 0.584498
-0.128205 -0.125267
0.429308 0.425477
1.024484 -0.533112
2.700142 1.700522
0.052145 -2.102875
