1000 2
1.249206 -0.686235
-1.780833 -0.492853
1.440396 0.444585
1.323617 -1.465888
0.180352 -1.502074
0.263978 0.304897
-1.103381 1.793525
-1.042197 -0.441907
1.932569 -1.077684
1.197603 0.598970
0.649474 2.526022
0.126968 0.801697
-1.662388 -0.118843
-1.122850 -0.548723
-1.028672 -0.590297
-0.108136 -1.283107
-1.080174 -1.006486
2.388064 -1.059072
-0.293971 2.288754
1.843500 0.719636
-0.772765 3.319357
1.054776 -1.052690
0.056135 1.005408
0.435697 -1.993026
-1.753658 -0.715665
0.334169 0.369266
1.431518 -2.063757
0.688167 -1.749682
-0.581401 -0.613350
-0.790602 0.886721
-0.522279 1.096620
-0.873826 0.847372
-0.054354 1.636791
1.214962 -1.567629
-0.447870 1.352247
-1.303325 -1.764930
0.873709 2.515083
-0.951385 -0.489758
-0.443099 -0.533220
0.181692 2.373189
-0.402642 -1.086491
-1.310522 -1.176505
-0.385372 1.087512
-0.713365 3.122628
-1.062061 -0.815988
-1.113313 3.071501
-1.252682 -0.923884
-1.680015 -1.100901
0.856507 2.475411
-0.007021 1.551631
-0.532659 1.004919
1.734664 -1.058750
-1.537157 1.947036
1.411996 0.099788
1.448640 0.397671
-0.245983 2.186406
1.152836 -0.581441
-1.219571 -1.647570
-1.270821 -1.949881
0.438780 0.423595
-0.427993 1.471119
-0.189024 -1.122419
2.243707 -1.578341
0.185405 2.438501
0.684213 -1.747687
-0.515899 2.873452
-1.255641 -0.656133
1.440287 -1.965830
0.155302 -1.384052
0.577435 -2.239218
0.908289 2.546055
1.042149 -0.929708
1.355783 -0.611340
-0.424720 -0.540452
-1.628298 -0.426751
-0.761607 -0.872894
-0.122262 1.782790
0.544741 2.775573
-0.289502 1.172450
1.303793 -1.380787
-1.496315 1.790869
-0.970191 -0.528473
-1.543448 2.082068
1.723167 -0.367316
0.190806 -2.122063
-1.761952 -0.753504
1.678078 0.210183
1.321007 -0.897240
-1.649498 2.029765
1.372332 0.589472
0.216572 2.526458
-0.715352 3.425327
-1.122793 -1.851352
1.128193 0.689930
-1.156337 -1.561275
-0.637272 2.880001
1.646948 0.643081
0.505995 2.531302
-1.504211 -1.908243
-1.383849 -2.025872
-0.017173 1.220623
0.455061 2.286685
-0.922336 -0.421937
1.673860 -0.888504
-0.894243 -0.820237
1.418464 -1.609417
0.058239 2.725159
-1.093732 -1.115764
0.202540 2.461150
-1.872146 -0.452640
-0.040039 1.544034
0.156125 0.545677
-1.000755 -0.720069
0.667112 -1.710595
-0.577865 1.730638
-1.143678 -1.607066
-0.025890 2.936741
0.563577 -2.002482
-0.378883 1.511867
-0.314086 2.261492
0.625545 2.835315
1.368145 0.561286
-0.901772 0.820561
0.404030 -1.024916
-1.040929 -0.437800
0.323271 -1.118572
-0.430827 2.709915
0.341118 -1.289629
-0.746808 3.448387
-1.228362 -1.691732
0.138261 1.219540
1.137402 -0.940997
0.269297 -1.270719
0.186077 -2.236570
0.403847 0.408515
-1.450704 -0.619919
0.230376 1.412299
-1.484055 -1.308601
-0.169887 1.418312
1.366190 0.547729
2.206074 0.649288
2.387725 0.581711
-0.834300 -0.338818
2.369642 0.685210
0.084822 -1.822215
2.186601 -0.785673
-0.076508 1.082383
-0.527780 1.684746
0.068685 -2.015238
0.466720 -1.564924
-1.843651 -0.471320
0.483324 -2.011585
-0.788375 -0.643543
-1.797188 -0.357396
-0.828942 3.298755
-0.173488 1.516475
1.575297 -0.085065
-1.943482 -0.536918
0.366966 0.158142
-1.899937 -0.844519
0.951226 -0.447145
2.329537 -1.475252
-0.381373 -0.630875
-0.758533 3.407943
1.298831 -0.534486
1.409501 0.096075
1.756220 0.558723
-1.103732 -1.755983
-1.400569 -2.005491
1.772545 -0.973768
0.040967 1.296527
1.501817 -0.916785
1.564370 -0.509419
1.667438 0.225928
-0.794560 3.156120
-1.432568 -1.495882
1.082790 1.008029
-0.969626 -0.593044
1.610234 0.117117
-0.383071 -0.762986
0.058630 1.633490
1.895911 -0.245390
-0.093461 -1.287376
0.261963 2.538158
0.612793 -2.293657
-0.083148 1.918444
1.266660 0.062299
0.085437 0.879491
0.133591 2.355955
1.411923 0.485809
-0.012093 1.144164
0.173795 0.376103
-1.599162 -1.298695
1.930281 0.582911
-0.061241 1.098887
-0.957553 -0.389438
-1.601229 -0.410672
0.234064 -1.642278
-0.561497 1.411433
-1.238743 -0.596941
-0.186828 1.229942
-0.543041 2.783869
-0.537144 -0.666657
-1.437949 -0.382928
0.209777 1.800131
-1.868441 -0.490209
0.107499 1.570647
2.399919 -1.080899
-1.220391 -1.699976
0.132228 1.369982
-0.968103 -0.663434
-0.710410 -0.614951
-0.632047 -0.651428
1.004647 -0.957690
0.186660 1.472102
0.617793 2.636692
-0.426075 -0.629206
1.656179 0.677753
2.227006 -0.964310
-1.549392 -1.220926
-1.395937 1.858777
0.977814 2.590192
-1.637846 2.077926
-1.128606 -1.554129
-1.223924 -1.087808
1.019495 1.074052
1.161695 -0.577545
0.088962 0.976310
1.022343 0.731629
1.962951 -0.223222
-1.438591 1.715846
0.763624 -0.257203
-1.462191 -0.485595
0.400096 0.572905
-1.576125 2.059870
-0.999237 -0.841587
0.393181 -1.259117
0.263183 1.907324
2.776392 -1.184081
0.330434 2.037654
-0.435247 1.668463
0.353054 -1.487711
-1.603266 1.837356
-1.427698 -1.836854
1.298142 0.263791
-1.039291 3.330000
1.709220 0.204968
0.328087 -1.270406
0.391299 2.351243
-1.443646 1.756028
1.798982 0.768869
-0.144279 2.817995
-0.747477 -0.598873
0.561918 -1.631059
-0.027061 2.914782
1.014653 2.615457
-1.904351 -0.843439
-0.011169 2.857585
0.423182 1.464955
1.200429 -0.669042
1.854601 0.013405
1.053134 1.031326
2.413272 0.613585
0.442762 2.318732
0.155397 0.566039
-0.573202 1.648124
-0.642675 -0.552017
-1.128475 -1.066910
0.923491 -1.123123
-0.875998 3.181520
-0.317431 2.244000
-0.596496 1.055656
0.294761 1.471188
-1.522774 -2.031331
-0.499778 2.841289
1.015850 -1.131690
-1.006403 -0.775464
-0.654315 1.777970
2.679199 -1.188403
1.813907 -0.160612
0.953059 -0.762533
-1.480197 -2.030948
-0.335886 1.493154
0.946716 2.517290
-1.205370 -1.620344
1.288397 -0.442007
-0.387392 2.684376
-1.685335 -0.268263
2.618506 -1.195444
2.341405 0.620401
1.310678 -1.580755
0.658937 -1.893283
-1.060251 -0.959761
-0.415582 -0.536455
0.368910 0.154166
-0.961463 1.771911
-2.018980 -0.529910
1.222356 -0.872499
1.307914 0.338214
0.517684 1.549719
1.171513 -1.646298
1.567342 0.337920
-0.035250 1.730117
-0.233869 -1.093164
0.885844 -0.804027
1.567706 0.309816
0.370488 0.402727
-1.266046 -1.996241
0.263832 -1.672074
1.386001 0.560275
2.095568 -1.147621
0.613715 -1.113887
-0.255417 -1.197798
-0.254346 1.583390
1.407890 -2.076767
1.249197 -1.693981
0.187428 2.449084
2.544861 -1.152667
1.704643 -0.750202
-0.856627 3.252836
-0.415116 1.505545
-1.339367 -1.255427
-1.555470 1.731427
0.115066 1.192538
-1.260834 -1.688999
1.141678 -0.839070
0.071310 -1.297471
1.842651 -1.111307
-1.393454 -2.071007
0.975341 -0.743980
-1.376812 1.804849
2.452214 0.728307
0.117182 1.604022
-1.556474 -1.377819
-1.391255 -1.230489
0.299139 -2.030821
0.089295 1.624150
-0.882292 0.649143
-0.038149 1.339953
-1.646200 -1.333570
1.903458 -1.138418
-0.870470 -0.865639
-0.035933 2.929837
-1.370668 -1.957040
1.339144 -1.601088
-1.409175 -1.537925
1.733445 0.480080
0.693333 -1.797116
1.579914 -0.871591
0.760467 0.892451
-1.091473 -1.042445
-1.006742 -0.793487
-0.035836 0.105378
0.157339 1.456385
-1.405611 1.700500
2.484150 0.600722
-1.872799 -0.453115
0.229241 0.387968
-1.343964 -2.073215
-1.939942 -0.865707
-0.153851 1.676847
-1.070234 3.063027
2.386453 0.595607
1.467753 -2.221769
-1.779076 -0.486535
0.763713 -1.620741
0.044342 1.592531
1.340138 -0.734565
0.191608 1.677885
1.991925 -0.220851
2.263430 0.441008
0.626556 -1.846680
-1.041996 -0.931873
-1.020582 -1.030512
1.760991 0.738415
0.603626 -2.316332
-0.173456 1.539490
0.301835 -2.099242
-0.521379 1.024098
0.662386 -1.241400
0.229037 -1.324392
0.971896 2.543064
0.109421 0.887424
1.925135 0.591235
1.062892 1.069142
0.278907 -1.309380
1.792796 0.515215
1.837692 -0.978107
-1.026411 3.339501
-0.170637 1.705128
-0.057370 -1.153874
-0.260959 1.372441
-0.051240 2.923902
1.758743 0.169266
0.602549 -2.320438
0.983291 2.535363
0.209124 1.413832
0.618160 2.856558
-1.213142 -1.118235
1.884251 -1.105650
2.196269 -0.830943
0.965424 0.749577
-1.402074 1.960179
1.501561 0.089139
-1.376070 -0.757926
-0.705345 3.132452
1.972036 -0.206215
1.363267 0.588230
1.591750 0.521548
-0.342788 2.519930
-1.794243 -0.647123
1.465402 -1.926298
0.011194 2.864808
1.277468 -0.157732
-0.271408 1.562330
1.358493 -1.762222
0.976215 -0.299707
-1.424433 1.651841
1.361006 -1.768977
-0.045640 1.743267
-0.247578 1.241046
-1.876347 -0.449867
-1.238457 -1.132409
1.477659 0.412606
2.423699 -0.992744
1.744205 -1.130517
-1.044346 3.351541
0.299109 1.085904
0.274762 0.833079
1.613422 0.295737
1.295577 0.236244
0.472608 -0.200520
-0.544516 1.022826
0.085978 1.074057
-1.652830 -0.435301
-1.349734 2.519419
1.448951 -2.170575
-1.068790 -0.580300
1.051579 2.659489
-1.316937 -1.096418
0.459899 -1.642173
2.362860 -1.504831
0.421667 0.456977
1.810573 -0.993045
0.061714 -2.012319
-1.259740 -1.403807
-1.544528 -1.327892
-0.552565 1.412375
-0.818933 -0.656877
-1.710496 2.070761
-1.056199 3.345811
2.413348 -1.336563
-0.386295 1.473017
2.521039 0.572348
0.595013 -2.319373
-0.018779 1.686548
1.667669 0.056824
0.519903 -0.045344
1.166128 -0.764388
-1.478388 1.998131
0.316373 0.795733
1.343106 0.048539
0.074435 -1.373270
-1.038096 -0.552336
0.340584 0.742253
0.263791 -2.152409
1.990219 0.640863
-0.380838 -0.643179
0.989802 1.039122
0.129256 1.150895
0.252707 -1.517853
0.330602 0.754010
0.235388 -2.245211
-0.666154 -0.630042
1.798630 0.771613
-0.423490 2.693704
-0.625304 1.075548
2.667444 -1.172210
-1.519066 -0.322184
1.392898 -1.010787
0.708791 -1.806566
-1.713606 -1.390918
0.276138 -2.181230
2.420563 -1.471037
-0.056327 1.915570
2.287017 0.690140
0.583986 1.569364
2.402704 0.514134
1.446557 0.468889
2.359318 -1.362072
0.482349 0.417453
1.985971 -1.637208
2.314681 0.697561
-0.780216 3.372082
0.054750 1.987728
1.992720 0.584834
2.334228 -1.614789
-1.436471 -0.588135
0.617839 1.604069
-1.039892 -1.367617
0.468483 -1.002203
0.076007 -1.161293
1.353922 0.599090
0.633724 2.863068
-1.158055 -1.600157
2.920472 -1.225126
1.879370 -0.064947
-1.119895 -0.508629
1.798092 -0.961579
2.296184 -1.534528
-0.606846 2.845300
-0.377636 -0.551493
-0.709365 3.056888
1.976368 0.639110
2.504149 -1.197876
0.064178 -1.585431
0.444695 1.451644
-1.657112 -0.535517
2.458700 -1.115936
-0.360531 -0.675616
1.112824 -1.008904
0.867217 -0.284833
-1.492717 -0.326585
2.123141 -0.799397
-1.422612 1.688350
-0.242513 1.110170
-0.958916 -0.875608
1.997827 0.567217
0.192996 -1.307511
1.302777 -0.411892
1.357313 0.623684
1.095656 -0.827479
1.473215 -2.252228
0.394920 -1.491870
1.407073 -1.862824
0.186713 1.427998
-1.418596 2.029495
2.308596 -1.639017
1.051651 -1.066382
0.226797 -2.310116
1.681420 0.259187
2.215575 -1.116722
-0.452694 1.525903
-1.531564 1.991040
1.180802 -0.612572
0.354382 0.691507
-0.527492 1.383650
-0.157858 1.387050
-1.869228 -0.845408
-0.967371 -0.660901
-1.010910 -1.009719
0.565476 2.747284
-1.784940 -0.355503
0.609120 1.219169
0.951846 2.549046
-0.415246 -0.564057
1.305506 -1.672248
-0.988266 -0.761671
-0.574830 0.984124
0.093468 1.464007
0.662933 -1.819402
2.283067 -1.655938
0.205423 -1.801597
-0.571893 1.734678
0.673406 -1.823024
2.015720 -0.200365
-0.340141 1.104298
2.054941 0.700072
0.312990 2.446894
-0.139974 -1.169163
0.158429 -2.130116
2.531385 -1.168467
-0.626790 -0.899237
2.754359 -1.169089
0.571697 2.824018
-1.544112 -1.376600
1.126465 -0.827306
0.011368 2.837306
-0.169990 2.791439
-0.026175 2.927613
0.089364 -0.333404
-1.275290 -0.722266
-1.592358 1.716218
1.261354 -1.455909
0.142233 2.474480
0.064441 -2.093378
-1.081512 -1.398978
-1.162108 -1.359599
1.833212 0.777008
-1.778509 -0.732051
-0.409266 1.279847
2.094944 0.690913
1.173000 -0.104447
2.902832 -1.218169
0.640881 -2.038466
-2.030323 -0.542748
1.325231 -0.474856
0.259728 -2.148998
0.283655 -1.396433
1.733186 -1.066386
-1.805653 -0.591792
0.376251 1.469474
1.391112 -1.989853
2.048074 0.650941
-0.344006 2.280285
-1.758286 -0.903977
-0.309895 2.288134
0.064791 -2.056328
1.814158 0.489056
-0.342369 2.498501
1.307296 0.284393
-1.002914 -0.613598
0.545401 2.691784
0.051847 1.453718
-1.013889 -0.804899
0.085084 1.622157
2.446234 0.682080
0.112792 1.550061
0.166657 0.863396
1.842020 -1.056139
2.414787 -1.291766
0.008279 1.496163
0.738180 -1.694599
-0.911681 3.235769
1.299583 -1.652300
0.259567 -1.286504
2.437474 -1.067684
1.361132 -1.621877
-0.337069 2.276215
-0.059910 1.311844
0.668794 -1.866039
0.097039 -1.309330
-1.618966 -1.339961
2.399983 -1.269930
-0.450267 -0.595282
1.889068 0.596266
0.133697 1.439569
1.851685 -0.745942
0.000603 1.667495
1.993372 -1.151471
1.824860 -0.267452
-1.797914 -0.325948
1.963406 0.605062
0.123777 -2.124699
1.443774 -1.891715
-1.807675 -0.491959
-1.034815 -0.352369
1.173152 -0.864843
1.796454 -0.874867
-0.065347 2.919350
0.457774 -0.974649
1.012814 2.561618
-1.157499 -1.579041
0.338767 -1.057294
-0.100563 -1.290755
-1.622663 2.101435
0.411957 0.444559
-1.478180 -2.052473
-0.867535 0.737009
1.222488 -1.033036
1.266218 -0.595329
-1.820305 -0.429358
0.129472 1.167618
-0.019618 1.285885
-0.716899 3.487455
2.160547 -1.081692
0.306252 1.063209
-1.554013 -0.383432
-0.221899 -1.247668
1.403343 0.550304
-0.189066 1.182847
0.378754 -1.571104
2.331383 -1.542780
0.764485 -1.536372
0.282412 -1.435336
-1.618469 -1.263225
0.163921 -1.313353
0.161059 1.127200
-1.559060 -1.363136
1.601448 0.269805
1.871694 0.082854
0.065088 -2.106093
2.094095 0.372174
2.972625 -1.239553
0.457581 -0.952686
1.846933 0.637223
2.261802 -1.140210
1.331755 -0.381507
-0.992569 -0.800297
-1.034410 -0.725407
0.248055 1.041716
-0.241466 2.195010
0.669479 -1.882284
0.470659 -1.196558
0.688962 -1.964212
-0.830789 0.844860
1.578313 0.545064
-0.372044 2.311055
-0.196735 1.151098
-1.562250 2.093999
-1.581435 2.067705
2.355392 -1.151072
2.489749 -1.390808
0.232611 -1.666193
-0.618986 1.761881
-0.083644 1.264242
-1.094485 -1.846672
0.347178 2.066043
-1.693804 -0.495587
-0.016749 1.338535
2.202467 -0.860685
1.179716 0.817677
-0.981657 -0.477605
-0.985995 1.773580
-1.875794 -0.462832
2.387678 -1.271608
2.231219 -1.675424
-1.865180 -0.842248
-0.071489 1.308031
0.165402 -1.580685
-0.471893 2.736375
0.665821 -2.042848
0.845466 2.474320
-0.041179 2.925327
-1.786445 -0.776498
-0.664204 1.788476
-0.135021 1.491563
1.988048 -1.177368
2.388775 -0.920868
0.255739 -2.203382
0.019436 2.871776
-1.393246 1.841003
1.979970 -0.237815
2.520756 -1.340150
-0.443084 2.676015
0.321576 1.306126
0.158759 -2.224152
1.996031 -1.186888
1.323251 -0.818636
-0.943991 3.023721
-1.109576 -0.658720
-1.941014 -0.520469
1.298621 -1.177371
-0.269792 -1.191822
-0.369857 -0.624775
0.335260 -1.591751
2.282701 -1.133565
2.175705 -0.793307
0.042478 1.481998
0.272240 -1.650584
1.425050 0.422602
-0.739180 -0.918761
-1.128510 -1.579515
2.380766 -1.262437
1.847254 0.772260
-0.766100 -0.831645
1.241421 -1.183276
-0.437094 1.303538
-0.395266 1.306288
1.875750 -0.312339
1.226565 -0.418827
1.393316 -0.806797
-0.727762 3.493762
2.965864 -1.234153
0.097561 1.230169
1.282098 -1.090523
2.276849 -1.693178
-1.121005 -1.192388
0.326988 -1.402734
-0.480133 1.022619
0.087741 1.432351
0.397338 0.535069
0.265579 -1.711273
-1.609138 1.764319
1.567444 -0.131470
-1.636988 2.017294
-1.357871 -2.007416
1.268941 -0.636694
0.012691 1.368463
-0.794046 0.840397
0.575748 2.737109
-1.581765 1.843040
-0.150409 1.260413
-0.092744 1.558035
1.352363 0.014419
0.022760 1.463687
0.102489 1.666058
-0.135338 1.241442
2.405607 -1.244228
1.384258 -0.695059
-1.397007 1.790078
-0.189523 1.744646
-1.650558 -1.328382
-1.439035 -1.267954
0.552881 -1.244882
-0.382379 1.153080
-0.158675 2.064517
1.300724 -0.977975
-0.420413 1.047430
2.365178 -1.592974
-0.742728 3.250172
-1.030109 3.033841
0.034383 1.616409
0.360866 -1.018762
-0.449196 -1.059606
-0.014109 1.215800
0.626059 2.850091
-0.095256 1.510745
0.101242 -1.237536
2.470343 0.553302
-1.361742 -0.774352
2.484771 0.715263
0.532950 -0.969200
1.574085 -0.061066
-1.534153 -0.304731
-1.334267 -1.906729
2.466146 -1.150320
1.668056 0.050700
0.242795 -1.566488
-1.643287 1.866055
-0.379183 2.339933
-0.874775 2.995623
0.183839 -1.457970
-1.028099 3.091509
2.270420 -1.019652
2.256542 0.673846
2.463083 0.592005
0.233497 -2.335859
1.189575 -0.624731
1.781307 -1.009907
1.061266 1.079243
1.425690 -2.163015
0.211955 1.492712
1.691331 0.112172
1.482436 0.141819
0.165957 1.407243
0.209537 2.419450
1.306567 -0.878335
0.681959 -2.034049
1.488878 -2.268520
-1.074627 3.065629
-0.034053 1.461543
-1.104591 -1.578951
0.269551 -1.516694
0.092012 -2.118395
2.299550 -0.902400
-0.211429 1.771851
-0.131348 1.570950
0.624501 -2.003736
-1.241629 -1.392188
0.251172 -1.400502
-0.025526 1.646708
1.199764 -0.688339
-0.711065 3.480105
-1.400539 -2.049071
2.398798 -1.242771
-0.291446 1.285917
0.644816 1.597154
1.194465 -0.706518
2.003872 0.579426
-0.985440 -0.145140
1.147499 -0.940493
1.267192 -0.825388
-1.132785 -1.596969
0.026168 1.417435
2.703002 -1.185784
-0.024063 -1.328653
0.415775 1.484737
0.097473 -1.495884
2.487155 0.537937
0.567143 1.563961
-0.695303 0.921379
0.629477 2.875996
2.532941 -1.391906
2.303077 -1.638762
1.386831 0.615795
1.419599 0.107351
-0.985944 3.166868
0.932635 -1.240639
0.647863 1.594336
-1.579286 1.919421
1.529535 -0.727929
0.654345 2.901505
2.166684 -0.794728
-1.608133 1.910809
0.293138 2.514284
1.847379 -1.044260
0.788065 -0.996621
1.457077 -1.918410
-0.368813 2.671848
1.316261 -0.421213
-0.162322 1.266249
1.383274 -1.810328
1.192065 -0.962483
1.947786 -1.119042
0.109128 -1.662518
-0.237940 2.191491
-1.546485 -2.003031
-0.442147 1.533944
1.470435 0.055670
-1.491258 -1.484714
-0.926194 -0.874846
2.408390 0.742049
2.416053 -1.038729
1.447278 -2.131171
0.387890 0.593521
0.277512 1.335493
-0.078712 -1.012272
-0.813595 -0.672847
-0.497060 1.006969
-0.042223 2.606576
-1.033126 -0.774726
1.798968 0.039966
-1.080401 -1.846447
2.350659 -1.185757
0.297923 -1.404725
-1.549444 -0.446028
0.117529 2.567608
1.018497 -1.138102
2.301336 -1.122036
-0.804425 3.029288
-1.134640 3.059147
1.298083 -0.803153
-0.953792 -0.821728
0.117967 -1.421139
1.729426 -1.119206
0.942666 -1.266617
-1.297139 -1.962505
-1.316963 -1.854053
0.614577 -2.299362
-1.032872 3.360253
-1.390401 -2.083508
0.643138 -1.867694
-1.053014 -0.455419
1.644207 0.514388
2.288842 -1.105176
0.073821 1.376693
-0.795064 3.380721
0.769195 -0.846550
-0.416574 -0.641170
0.049412 1.352118
2.870156 -1.202332
-1.497121 -1.896939
0.640603 2.851378
0.421221 0.511045
1.130748 -0.522485
-1.957774 -0.546098
1.801770 0.506856
2.846152 -1.188087
-0.222004 1.393260
0.688745 -1.761974
0.673998 -1.842981
-0.405963 -0.592118
1.211263 -1.012976
-0.448292 1.056892
1.044248 -0.553729
-1.779324 -0.823549
2.642528 -1.207534
1.850207 0.061275
-1.501812 -2.052313
-0.162432 -1.227991
-1.203609 1.776573
-1.051569 3.377466
1.294858 -1.274046
-0.419891 1.534621
1.432177 -1.956163
1.371764 0.537631
0.104927 -2.064963
-1.140803 3.071177
1.913815 -1.022375
-1.146591 1.701499
0.039572 -1.336009
1.361450 -1.538011
1.224031 -0.756300
1.676939 -0.713668
-1.469512 1.748472
0.734103 -0.269992
0.155021 0.488786
0.999585 -1.131301
0.010421 -1.354216
-0.949714 3.229684
0.187970 0.359199
0.388896 0.726473
1.453358 -1.902845
0.133407 1.400644
-0.957832 3.298255
-1.140964 -1.618478
-0.485786 1.569894
-0.510071 1.716543
-0.512158 1.026963
1.402942 -0.404019
-0.955349 -0.665464
-1.859002 -0.425321
1.281465 -0.812844
-0.322223 2.275196
1.486845 -2.264459
0.302434 0.244755
-0.853835 0.759303
-1.561850 1.821484
-1.526170 -1.382638
