300 2
1.353609 1.627186
0.568318 -0.114168
1.425341 -2.000373
2.685988 -0.304368
0.493155 -0.307055
1.631585 1.716696
2.576832 0.715882
1.251173 1.631512
0.867374 -0.569193
1.461109 -1.632444
1.374198 -1.972098
0.745696 0.942703
1.583585 -0.057875
0.780711 0.914839
1.638190 1.703727
1.724068 0.034443
0.683816 -0.113324
1.945064 -2.785609
0.602170 -0.305639
0.914525 1.702331
1.963362 -2.834647
1.873026 -2.792565
0.955191 -0.658759
1.335554 -2.071139
0.677113 0.199275
0.293249 0.060999
1.250734 1.259509
0.778128 0.999999
1.216544 0.382788
1.652766 -2.483705
1.720637 -0.190071
2.783786 -0.158075
1.585867 -0.626811
1.846300 -2.457170
1.794899 2.805220
1.172219 1.610768
0.351630 -0.203368
2.687504 0.009218
1.532621 1.087612
2.539230 -1.653767
1.810880 -2.754008
2.535571 0.835713
1.973875 -1.430457
1.582919 -2.485492
1.933105 -2.904316
1.985512 -2.422492
1.317418 2.595650
1.830398 -1.841437
-0.303975 -0.056051
0.411143 0.009170
2.134455 -2.129540
-0.809917 -0.126210
0.868667 0.975104
2.144860 0.369626
1.298790 2.659576
1.652232 1.758147
1.762812 -0.123853
1.020744 -0.303417
2.120625 -2.395911
0.403171 2.611400
1.924676 -1.609378
-0.812631 -0.156556
1.234213 1.690096
-0.868490 -0.110311
0.323059 -0.333829
1.761296 2.809686
0.444368 -0.222155
0.131572 -0.138018
1.707566 2.736563
-0.912548 -0.035060
1.264829 -2.079326
2.321956 0.622712
2.303649 0.585520
1.635396 2.736861
1.085186 1.591796
2.590555 -1.630478
1.915001 -2.583703
2.032820 -0.164584
2.088065 0.367074
1.335972 1.452268
0.474156 -0.260995
1.257239 2.098615
2.695961 0.014875
1.255639 2.091743
1.433777 1.115196
1.421361 1.578410
1.742822 0.078754
2.837328 -0.044494
0.925591 -0.039804
1.223252 0.367277
2.328295 0.501928
0.993977 -0.682018
-0.873048 -0.048734
-0.014891 0.236560
0.536941 2.739987
0.559089 2.762298
0.360066 2.756586
0.912087 -0.705528
1.871172 3.147966
1.848006 2.644786
2.675114 -1.656162
2.531979 0.041260
1.578253 2.066662
1.823862 2.704322
2.612367 0.044972
-0.215324 -0.203621
-0.885462 -0.152021
-0.179350 0.098348
-0.260325 0.053770
1.336704 -2.012232
1.637232 -2.523854
0.651012 -0.089515
1.724900 0.031573
0.578649 0.062429
2.642792 -1.691315
1.388463 -1.693939
2.377451 -1.661968
2.117745 -2.405550
2.294409 -1.798711
0.944087 -0.378152
2.816352 -0.228211
1.685318 -0.053370
2.688764 -0.428826
2.858576 -0.213784
1.557727 2.890580
1.711228 -1.322082
1.635115 2.970349
0.418669 0.032675
0.991455 -0.687572
1.649059 1.744930
1.949085 -2.847525
2.539228 -1.649364
1.228950 1.631886
2.775753 -0.010911
2.791357 -0.036426
0.779951 0.937297
0.128262 0.331840
1.906761 -2.594319
1.002641 1.638905
1.132226 2.469652
-0.312934 -0.174524
2.103209 0.360788
1.726739 2.715818
1.478813 1.289115
0.276219 2.081942
2.095264 -1.692760
1.396853 -1.894381
1.722842 0.050204
-0.344067 -0.134194
1.775590 3.041746
0.508243 -0.366553
1.102713 1.594545
0.267735 -0.394251
0.005291 -0.131253
1.599910 -0.092105
2.046827 -0.149774
1.553934 2.790941
1.778476 -2.472973
0.852064 1.716953
0.395309 2.774383
0.875401 1.692872
1.902101 -2.500857
-0.589140 -0.072630
-0.927373 -0.098417
1.299273 1.819173
1.799428 3.030795
0.366871 2.722484
0.577775 2.717227
-0.024336 0.183013
0.058628 0.375424
2.452394 1.048122
1.667830 -2.518615
1.278790 -2.039360
-0.001230 0.213436
2.648917 0.760663
0.828240 1.714575
2.259545 0.586800
0.618555 0.094554
2.714782 -0.337985
2.674726 -0.290095
1.869497 3.186202
1.932490 -2.616699
0.064210 0.094739
-0.833061 -0.144235
2.162761 0.807871
0.747170 1.754202
2.452163 1.098985
2.369699 -1.442931
2.364577 -0.538979
1.890719 3.207439
1.581847 2.719138
1.458276 0.740983
0.413764 -0.302528
1.617620 -0.060278
0.787918 -0.153964
0.842376 -0.053633
0.606339 2.714430
1.206028 1.230512
1.402979 -1.599774
2.433066 0.573113
2.174520 -1.939590
2.043726 -2.428818
1.521515 -1.499326
1.631257 1.687328
1.729544 -2.566111
0.080210 0.400823
1.854290 -2.579825
2.697727 -0.479719
-0.886358 -0.098678
0.732052 0.983298
2.336835 0.641122
1.463402 -2.347033
2.213151 -1.755921
0.617782 0.093457
2.394618 -1.472068
1.370063 -2.009946
1.923257 -1.477056
0.824245 0.986091
-0.877375 -0.224302
1.738455 -2.566418
1.149055 2.525396
-0.141138 0.155830
1.298146 -1.976711
1.837308 -1.453376
1.140345 1.413929
1.249796 1.761984
2.373769 -1.562751
1.992426 -2.430091
1.967013 -1.590761
2.444324 0.774018
2.298696 0.019418
0.045391 0.251181
2.304598 -1.762910
2.004219 -0.109621
1.172195 1.247447
1.198571 2.336497
0.825566 -0.007364
1.328181 1.495803
1.114842 1.554784
1.574621 -1.484566
0.740608 0.962374
1.503489 2.730413
2.565498 -1.679562
1.554838 -2.382913
1.290102 2.731200
1.296380 1.889150
0.845303 -0.437225
0.572904 2.703827
0.777491 -0.003654
1.276575 2.731042
0.685057 -0.404334
0.707204 -0.283574
1.155712 2.525082
1.495187 1.660464
1.888950 -0.139886
1.229334 2.497581
1.716205 -0.407911
0.428943 2.716864
-0.338618 -0.062309
0.388989 2.771369
2.363148 0.328308
2.779302 -0.113177
1.644655 -0.005136
1.604750 -0.025165
1.231948 2.618077
1.415186 -2.246638
2.660289 -0.424885
0.945656 1.106708
2.686600 -0.240891
0.873397 0.882146
-0.401628 -0.062358
2.479210 0.660620
1.740983 2.987388
2.150340 -1.381508
1.503838 -1.482750
2.366872 0.658099
1.577249 2.869529
2.022302 0.285000
1.488571 -1.488046
-0.787473 -0.098763
0.456502 -0.256419
1.627990 2.198932
2.443834 0.751198
1.925332 -0.773429
1.844053 2.922807
1.653867 -0.179357
1.881774 2.831510
2.250049 -1.803447
0.531539 2.667314
2.046933 0.269706
0.398400 2.586924
1.243756 1.270272
1.256436 0.285129
2.701227 -0.444501
1.600031 -0.094465
1.356748 1.563680
1.957344 -2.726877
2.408556 1.094009
1.290512 2.386586
0.214020 0.061010
