500 2
1.126769 0.818566
-0.220857 0.615228
1.488504 -0.135115
-0.430724 1.834179
2.583003 -1.004225
-0.227998 -1.143339
0.187567 1.398706
2.675466 -0.476232
-1.196105 -0.270980
-1.142179 0.956454
2.217617 -0.890339
2.708598 -0.780318
-0.322360 0.775516
0.968700 -0.393330
1.246527 0.024051
2.708928 -0.767853
0.902010 -1.064165
0.291352 1.321587
-0.023743 -1.059812
-1.171559 0.129810
-0.452589 0.875964
0.521990 0.743885
0.846088 -1.005773
-0.011356 -0.648862
-0.449100 1.565624
2.533960 -0.949152
1.963538 -0.279163
1.857967 -0.782706
2.827178 -0.799370
-1.064290 0.468217
-0.998028 0.172420
0.866658 -1.118584
-0.270646 1.009968
-0.646775 0.809191
-0.083700 0.268904
-0.377324 1.583181
1.879222 -0.128401
-0.649001 1.550201
2.236022 -0.653271
-0.714477 1.612650
0.688422 -0.074922
1.152164 0.853691
1.107723 -0.167860
-0.561439 0.874508
2.619329 -0.454283
-1.123784 0.025675
-0.288270 0.335987
0.540687 0.756184
-0.481088 0.613576
0.024588 -0.906080
2.478137 -0.961653
-0.404468 0.127192
-0.985224 -0.299214
0.356038 0.380156
1.805720 -0.790920
-1.237649 0.698769
2.191158 -0.884868
0.635456 -0.303004
2.679925 -0.845586
0.927132 -1.090450
-0.590307 0.736798
1.484333 -0.305116
2.143151 -0.834262
-0.267984 -1.103158
-1.118147 0.066362
-0.995183 0.181239
2.846947 -0.531584
-0.332664 1.492707
-0.977113 0.138237
0.055147 1.456337
1.934113 -0.630760
1.310415 -0.578294
1.077373 0.264917
2.478018 -0.554430
1.214560 -0.192527
-0.652736 0.765198
1.190492 0.053006
0.178903 -0.791350
2.474498 -0.555025
1.177611 -0.105540
-1.222506 0.049737
0.830302 -0.917347
-0.373625 1.006356
1.003873 -0.419216
2.658870 -0.475116
-1.315353 0.585124
0.452326 -0.621392
2.167074 -0.895465
-1.481031 0.638210
-0.886800 -0.141054
0.008869 0.251715
-0.214107 -1.560413
-0.148291 -1.564533
0.460992 -0.733675
-0.122585 1.103552
1.214440 0.077080
-1.225623 0.872454
-0.606874 0.742261
-0.328716 1.637912
1.097169 -0.205465
0.140648 1.214272
1.862965 -0.423152
-0.201183 -0.475907
0.045387 -0.930746
0.650620 0.391051
0.043122 0.535538
-1.183172 0.899799
-0.647698 -0.137071
0.178989 0.848275
0.149444 -0.528985
1.327909 -0.650147
-0.160331 -1.630650
0.145331 1.336445
1.031708 0.717615
1.751560 -0.061152
-0.071948 -0.897088
0.015004 -0.418450
-0.315527 0.502796
0.997880 0.481160
2.394335 -0.994032
-1.152614 -0.030851
-0.397306 0.083249
0.547478 -0.549805
-0.787455 1.525069
-0.498063 1.366751
0.239069 0.829174
-0.405126 0.685290
-1.480321 0.639526
-0.466560 -0.148577
1.475393 -0.624736
-0.849985 1.599472
-0.720132 -0.212798
-0.591040 0.852524
2.845298 -0.534282
0.000472 -1.282809
-0.408264 1.579756
1.118233 0.827881
1.625009 -0.026079
-1.371003 0.604116
2.149682 -0.742131
0.986751 0.449612
2.614603 -1.017294
0.396302 -0.705590
-0.161165 -1.203569
0.245206 0.845608
1.910204 -0.693309
0.023518 0.898478
0.879469 -1.119732
-1.033216 -0.350017
0.019936 1.388407
-0.624896 1.555639
2.828138 -0.531931
0.865113 -1.101132
0.074984 1.499994
2.433834 -0.791449
-0.935594 0.563870
1.795680 -0.847029
0.289930 1.218494
1.160330 0.009896
2.897248 -0.875762
-0.381342 0.761390
-0.145560 -1.012950
0.419993 0.606018
1.378858 -0.799343
1.235858 -0.024961
-0.762950 0.457637
-0.258562 0.053818
-0.022539 -0.281125
2.093071 -0.619635
2.840560 -0.374106
-0.376259 0.664947
-0.523753 1.521267
-1.143245 -0.351727
2.221997 -0.559361
0.006371 0.564962
0.190231 0.755424
0.061749 0.389216
0.030702 0.461312
1.003637 0.362083
2.297269 -0.849742
-0.280821 -1.046744
-0.083672 -0.424358
-1.191887 -0.387762
1.126667 0.622906
-1.414419 0.555802
-0.824156 0.226241
-0.595262 0.210857
-1.031062 0.010358
-1.486957 0.585168
-1.174063 0.878746
-0.583645 1.431388
0.950424 -1.132809
-0.066194 0.902230
1.808142 -0.045285
-1.259716 0.413726
0.605739 -0.524122
-0.341232 1.055397
-0.350773 1.538113
0.253535 0.904039
-1.398327 0.613369
0.982458 0.738967
1.038041 0.634520
-0.504633 0.613724
2.815736 -0.515510
2.281006 -0.537276
2.946929 -0.894899
1.693706 -0.154741
-0.110504 -1.241600
-1.141913 0.676689
2.457009 -0.990329
-1.234554 -0.395403
-1.370600 0.685856
-0.241377 0.895870
-0.148958 -1.316565
2.924832 -0.745693
-0.249827 0.740898
-1.125889 -0.398022
-0.199100 0.469078
1.768614 -0.466237
-0.117812 -1.699922
-0.359817 0.963854
1.619568 0.016090
0.677265 -0.781795
0.696375 0.337538
1.219972 0.908462
-0.220702 0.644971
1.350806 -0.740226
0.409138 -0.574161
1.068979 -0.119022
-0.330964 0.183936
-1.054807 0.488440
-0.431112 0.058789
1.710672 -0.048090
2.211081 -0.486023
0.981328 0.702018
-0.043598 0.350769
-0.400905 0.652131
1.283430 -0.382302
-0.394746 1.079571
-0.557270 0.669229
1.108743 0.545473
1.174184 0.853584
0.261682 0.780870
2.834522 -0.725842
-0.497995 1.598610
2.351357 -0.910818
-1.235376 0.587491
-0.306611 -1.446851
-0.887968 1.628274
-0.195800 0.928742
-0.495474 0.472691
-1.237726 0.147156
-0.171429 -0.256218
-1.262833 0.864965
-0.007741 -0.620423
-1.006900 0.013592
1.495714 -0.401502
0.342446 0.415122
-1.005343 -0.095457
-0.305563 -1.354383
-0.498077 1.492003
1.197779 0.889997
1.063846 0.757562
2.786836 -0.406385
-0.465051 1.890902
0.011695 0.301241
-0.003833 -1.106933
2.820306 -0.687698
2.488227 -0.881170
-1.242696 0.950229
0.330456 1.329036
-0.647217 0.922770
-0.025189 -1.093653
2.194352 -0.534859
1.493837 0.028916
-0.288943 -1.229956
2.927831 -0.372257
-0.799530 1.547052
2.939646 -0.905857
0.837569 -0.116629
-1.248958 0.386814
-0.458872 -0.352898
0.145749 -0.707075
-0.976539 0.723664
-1.109765 0.166388
0.932642 -1.065787
2.826170 -0.681372
1.861766 -0.084610
-0.831881 0.035519
0.035853 -0.758246
0.292392 0.872337
-0.374775 -0.094693
-0.026085 0.490063
-1.174900 -0.383953
-0.193999 0.687213
-0.440151 -1.487562
-0.797024 0.329517
0.021436 -0.433722
0.002357 -0.356532
-0.108591 -0.979122
-1.219851 0.366964
0.088630 0.768131
-0.173071 1.126211
-0.542213 1.664540
-0.520808 1.377237
-0.466206 0.845403
0.602110 0.476748
-0.922566 -0.307732
-1.550637 0.616824
-0.464623 1.878024
0.079655 0.434219
2.316542 -0.534985
-0.121931 -0.940326
-0.320160 -0.101335
2.845752 -0.386584
-0.096491 -1.205118
1.869820 -0.040450
-0.837237 0.274713
0.929669 -1.106458
-0.312790 1.617156
-0.605385 0.536572
-0.259412 -0.954179
1.829360 -0.067615
-0.275386 1.590467
-0.524122 1.327083
-0.334100 -0.169369
2.377172 -0.958338
-0.405363 -1.490511
-0.304101 -1.241402
-0.250758 -0.060799
0.119029 0.557430
2.812844 -0.355597
1.787458 -0.072147
2.552275 -1.026468
-0.530346 1.214053
-0.164228 -1.135516
2.728272 -0.812897
-0.997254 0.585821
-1.407120 0.370681
0.159162 1.531073
0.976608 0.668520
-0.269602 -0.789241
1.110341 -0.225303
-1.128864 0.984787
2.670646 -0.984324
-1.100954 0.540494
-0.678805 -0.188992
-0.316273 -0.029840
0.105231 -0.429013
-0.094673 -1.159792
-0.885593 1.646877
1.933117 -0.019769
0.849291 0.425309
-1.028413 0.727465
-0.756809 -0.205759
2.763345 -0.866402
0.330167 0.435461
1.011851 0.043278
-0.835924 1.675833
1.260403 -0.411633
-0.439944 1.818118
-0.970268 0.237179
-0.079321 -1.401020
1.165015 0.818687
-0.289101 1.223800
-0.523357 0.488624
-0.102576 -1.697271
-0.031174 -0.466115
-0.407620 0.819229
1.472869 -0.633281
2.415456 -0.560452
1.134215 -0.824281
0.116762 0.239314
0.127058 -0.803231
0.988523 -0.811133
-1.251607 0.613473
0.837818 -0.552649
-0.142133 -0.334901
1.035114 0.491261
1.171093 0.850761
-1.291014 -0.392658
-0.345359 0.209910
-0.448133 1.464043
1.012781 -0.556083
-0.260264 0.231297
-1.218611 -0.180549
-0.037617 -1.149449
-0.338917 1.180829
-1.162715 0.463419
-0.940379 -0.090618
0.349552 0.404084
-0.402366 0.785991
1.960431 -0.610880
-0.356905 0.925341
-0.403704 0.140203
-0.117996 -1.704715
-0.981420 0.016872
2.248528 -0.912862
1.160735 0.034214
-0.877873 0.235275
0.246769 0.493308
-0.035555 -0.987703
2.862303 -0.454604
2.675571 -0.962398
-0.233816 1.377463
-1.024181 -0.210782
-0.470614 1.962297
2.807596 -0.886712
-1.286585 0.475117
0.277701 -0.648718
1.796919 -0.712300
-0.732213 1.703833
-0.595463 1.635195
1.191363 0.867769
0.501055 0.508343
-0.794647 1.494720
1.136318 -0.021858
-0.145372 -1.724853
-1.438903 0.499401
1.778307 -0.769946
0.138409 1.559563
-0.318715 -0.153399
0.743513 0.305698
2.670500 -0.876924
-0.374868 0.119375
2.266608 -0.931436
-0.034158 -1.161504
2.573543 -1.023960
-0.279605 -1.074476
-0.876386 -0.237724
-1.457592 0.463495
-0.176261 1.183655
-1.002134 -0.210024
-0.823083 0.391339
2.519503 -1.013427
2.817484 -0.548349
-0.558111 1.686166
-0.192203 -1.603621
1.123855 0.526232
-0.227292 0.843895
2.685910 -0.836565
0.788349 -0.314776
1.828135 -0.044312
-1.346894 0.646035
-0.416255 1.534599
-0.051467 0.875123
-0.270594 0.959123
0.248827 1.237577
0.025328 -0.321074
0.045622 0.248724
1.060548 0.133145
1.004956 -0.794376
-0.225391 -1.143690
2.771855 -0.658139
0.218733 0.698128
0.985267 -0.215910
0.232491 0.442187
-0.029119 0.711857
0.099753 0.430388
-0.677965 -0.201863
0.363346 0.668989
-0.130617 -0.247273
0.453062 0.729483
2.779491 -0.546210
-0.386358 1.673549
-0.259065 -1.286146
-1.297374 0.652656
-0.472929 0.354884
-0.950085 -0.227034
-0.115821 0.466023
1.096963 0.029959
0.539484 0.379983
-0.386287 1.612300
0.007324 0.317261
0.720416 -0.953249
-0.269744 -1.097845
-0.345307 1.255059
-0.761307 0.859529
-0.434349 1.488932
-0.850325 1.653561
1.557584 -0.764080
-1.416851 0.547437
-0.135673 0.988802
2.803121 -0.588618
0.153410 0.523976
-0.185824 0.325916
-0.150263 -1.562434
-0.230322 0.730793
1.120414 0.804467
0.098981 -0.526056
-0.229351 -0.166397
0.951476 -0.724472
1.129902 -0.208176
-1.016522 0.017617
-0.062692 -0.170011
-0.974295 0.788854
-0.032608 0.228895
-0.225852 1.160784
0.016058 0.262349
-0.197787 -1.491276
