300 2
0.457154 0.916383
-0.569660 -0.702734
1.133394 -2.431338
1.586765 -0.960065
-0.604215 -0.878926
0.145891 1.268273
1.417622 -0.070686
0.017467 1.103205
-0.274681 -1.245033
1.072465 -2.225689
1.143728 -2.282937
-0.143466 0.300599
0.469046 -0.757493
-0.089117 0.269165
0.068704 1.274603
0.475813 -0.844993
-0.463128 -0.847742
1.052994 -3.365120
-0.542579 -0.907475
-0.111291 1.139673
1.092531 -3.428268
0.987441 -3.358687
-0.237562 -1.303727
1.184819 -2.521087
-0.497061 -0.464555
-0.750058 -0.658587
0.077144 0.247092
-0.091965 0.429475
-0.315102 0.087311
1.036310 -3.079084
0.573850 -0.964444
1.682327 -1.046109
0.717570 -1.269350
0.777753 -3.175009
1.518035 1.329474
0.040876 0.945477
-0.704203 -0.859647
1.611716 -0.838379
0.531259 0.725905
0.023906 -2.507448
0.876109 -3.242803
1.428620 -0.106020
0.393308 -2.213772
0.992567 -3.047032
1.035460 -3.392214
0.775318 -3.050677
0.907447 1.393260
0.587975 -2.479206
-1.472198 -0.723580
-0.705005 -0.655382
0.364362 -2.805445
-2.087400 -0.816541
0.059522 0.322833
1.076382 -0.482810
1.088148 1.410346
0.291386 1.175114
0.690947 -0.729144
-0.280103 -1.024174
0.547102 -3.079897
0.757179 2.317628
0.462585 -2.319840
-2.174671 -0.868921
0.258322 0.846587
-2.073396 -0.772644
-0.396173 -0.795066
1.514942 1.415562
-0.698428 -0.925914
-1.042981 -0.760417
1.396730 1.309779
-2.058389 -0.718258
1.220383 -2.474152
1.284467 -0.350790
1.270748 -0.376637
1.611416 1.266546
0.078782 0.915394
-0.087672 -2.481332
0.725214 -3.305417
0.969181 -0.846639
0.876190 -0.539514
0.290959 0.658548
-0.707067 -0.950436
0.631218 1.076721
1.673931 -1.054557
0.703141 1.112581
0.590436 -0.373806
0.349261 0.724206
0.484976 -0.831727
1.675232 -1.092642
0.004787 -0.638793
-0.346012 0.041514
1.129848 -0.423821
-0.073330 -1.376774
-2.065017 -0.692709
-1.018341 -0.420582
0.851957 2.113817
0.886538 2.127870
0.826655 2.369741
-0.212243 -1.362067
1.599798 1.585874
1.283190 1.130906
-0.113501 -2.488116
1.321501 -0.737642
1.006925 0.958200
1.382946 1.214057
1.481271 -0.756203
-1.396975 -0.859495
-2.123088 -0.815789
-1.283110 -0.486420
-1.279930 -0.603998
1.205939 -2.457135
1.061830 -3.129855
-0.556810 -0.744446
0.598051 -0.762320
-0.595480 -0.546545
-0.160582 -2.504479
1.065916 -2.108227
0.202637 -2.589414
0.614176 -3.196331
0.094084 -2.730006
-0.306042 -1.105283
1.770100 -1.050303
0.570374 -0.842107
1.555887 -1.153504
1.780517 -1.036322
1.188356 1.432739
-0.205579 -1.600624
1.333610 1.465135
-0.691227 -0.699153
-0.124303 -1.398041
0.224566 1.263902
1.095774 -3.430834
-0.013447 -2.479070
0.235276 0.997707
1.700791 -0.875727
1.724559 -1.107426
-0.044181 0.333180
-1.024191 -0.462176
0.721342 -3.326433
-0.125987 1.055907
0.720898 1.311944
-1.558150 -0.853121
1.036412 -0.476326
1.484452 1.239051
0.554593 0.807584
-1.040658 -0.215861
0.358864 -2.414089
1.125950 -2.293171
0.544631 -0.901861
-1.543059 -0.845430
1.443078 1.454264
-0.226229 -0.774542
0.036532 0.921723
-0.394617 -0.858280
-1.136439 -0.747987
0.481219 -1.002471
0.987072 -0.861499
1.677732 1.220243
0.878330 -3.169327
-0.258369 1.165600
0.801420 2.424942
-0.194839 1.152785
0.862998 -3.167269
-1.860344 -0.745618
-2.033005 -0.730462
0.396002 0.919247
1.483881 1.524418
0.783656 2.422935
0.911173 2.235442
-1.135535 -0.513416
-1.076233 -0.458002
1.202047 0.055957
1.047441 -3.047512
1.227411 -2.419291
-1.120025 -0.432267
1.473218 -0.071220
-0.290268 1.189781
1.234239 -0.302031
-0.243663 -0.205218
1.666758 -0.953335
1.561415 -1.036836
1.620194 1.622571
0.689905 -3.394749
-0.943865 -0.579387
-2.138153 -0.815472
1.368870 0.845415
-0.318148 1.207418
1.125067 0.217379
0.164706 -2.278138
0.167940 -1.374878
1.637869 1.650708
1.517805 1.263402
0.543827 -0.411253
-0.765975 -0.984210
0.525271 -0.757295
-0.070877 -0.696594
0.150154 -0.719962
0.937915 2.192834
0.142720 0.318972
1.035647 -2.027820
1.266147 -0.265169
0.301800 -2.774158
0.542880 -2.880224
0.765465 -2.005348
0.088133 1.271683
0.951665 -3.268479
-1.159426 -0.367044
0.766706 -3.312796
1.626566 -1.249638
-1.999582 -0.727042
-0.157970 0.395845
1.296067 -0.423652
1.142228 -2.828583
0.264075 -2.586827
-0.371906 -0.394343
0.111930 -2.344126
1.150263 -2.332305
0.424463 -2.232944
0.063077 0.360486
-2.185070 -0.834366
0.935858 -3.272770
0.854369 1.389654
-1.298968 -0.442091
1.164615 -2.399088
0.465120 -2.235796
0.146969 0.782418
0.337576 0.909655
0.093213 -2.451645
0.693950 -3.236124
0.391996 -2.364464
1.313085 -0.143611
0.960717 -0.722251
-1.004546 -0.423847
0.137849 -2.692273
0.990564 -0.822395
0.221554 0.624390
0.754537 1.296704
-0.160115 -0.573243
0.301257 0.706157
0.168227 0.906938
0.772336 -2.020959
-0.142272 0.371242
1.176379 1.334455
0.000482 -2.545349
1.056842 -2.964710
1.030255 1.452834
0.458467 0.889055
-0.347872 -1.110357
0.872658 2.107237
-0.324272 -0.628503
0.953669 1.438463
-0.457024 -1.013650
-0.432254 -0.962305
0.793133 1.351948
0.050743 1.161628
0.942331 -0.840167
0.777256 1.340255
0.555429 -1.087487
0.782812 2.254929
-1.321149 -0.715604
0.861667 2.305480
1.250204 -0.540205
1.684077 -0.967083
0.477056 -1.063724
0.531656 -0.938237
0.833002 1.386789
1.167832 -2.674942
1.574965 -1.201295
0.045571 0.431499
1.540012 -0.952700
-0.038943 -0.074131
-1.518116 -0.736147
1.297780 -0.194944
1.536314 1.538872
0.263521 -2.184700
0.801893 -1.999821
1.282214 -0.197410
1.277321 1.378634
0.917522 -0.533716
0.945268 -1.998092
-1.981582 -0.749299
-0.470393 -0.873246
1.096788 1.037942
1.380269 -0.156651
0.345614 -1.810180
1.535373 1.435846
0.535082 -0.921349
1.519670 1.319509
0.175084 -2.681041
0.830235 2.164533
0.894641 -0.767452
0.753975 2.210951
0.177523 0.395162
-0.299063 -0.110804
1.605634 -1.213947
0.476028 -0.823495
0.371764 0.789317
1.039203 -3.373812
1.131408 0.170667
0.613072 1.018826
-0.798280 -0.653285
