1000 2
-0.931513 0.317268
1.399960 -1.321808
-0.521704 1.350485
-0.484363 -0.085005
-1.059603 -1.079044
0.423150 0.432312
2.205875 0.592442
0.717710 -0.897454
-1.732963 0.346765
-0.085127 1.350562
1.594515 2.550984
0.684122 0.992339
1.553856 -0.859745
0.703079 -0.986739
0.699258 -1.021456
-0.738142 -1.077460
0.638517 -1.426943
-2.237019 0.495770
2.041745 1.372759
-0.882847 1.766573
3.133223 1.760351
-1.128237 0.091760
0.816319 0.950322
-1.558940 -1.159516
1.260994 -1.545541
0.427205 0.438460
-0.250392 -0.206753
-1.576033 -0.864873
0.030790 -1.415178
1.186207 -0.034088
1.300374 0.311551
1.139324 -0.113340
1.583662 1.257150
-1.718011 -0.588977
1.527938 0.896316
0.456159 -2.331966
1.509048 2.834383
0.582469 -0.901272
-0.068117 -1.491729
1.662084 1.803234
0.050025 -1.078902
0.687204 -1.729486
1.285188 0.431300
2.998301 1.700799
0.569032 -1.166961
3.135247 1.389860
0.605004 -1.443486
1.112987 -1.726778
1.497117 2.815693
1.437476 1.216368
1.300681 0.319002
-1.584724 0.360691
2.667923 0.440630
-0.968280 1.302969
-0.619906 1.395553
1.917588 1.275784
-0.805770 0.336184
0.474959 -2.207047
0.552910 -2.505553
0.401363 0.496740
1.644141 1.068790
0.295496 -1.873076
-2.276382 -0.081725
1.758857 1.913677
-1.607797 -0.845730
2.780105 1.620705
0.964107 -1.202794
-0.329688 -0.164295
-1.011835 -1.030523
-1.827575 -0.986294
1.545911 2.817975
-1.152029 0.142873
-0.969819 0.556790
-0.100922 -1.518636
1.397220 -1.170725
0.206668 -1.096864
1.794536 1.423074
1.793051 2.485736
1.266363 0.631162
-0.576276 -0.039718
2.539397 0.303027
0.492891 -1.015646
2.779535 0.560009
-1.301539 0.997867
-1.597138 -1.411225
1.206335 -1.529149
-0.925440 1.300394
-0.971844 0.329170
2.809988 0.530920
-0.525583 1.442798
1.807292 1.967677
3.113593 1.837352
0.660009 -2.438073
0.310348 1.267222
0.497684 -2.131216
2.670648 1.595886
-0.826061 1.678544
1.597338 2.145122
0.529247 -2.672147
0.372624 -2.646596
1.077129 1.090687
1.515014 1.943098
0.528049 -0.807671
-2.077034 0.519083
0.583229 -1.278366
-1.932290 -0.441945
1.987239 2.021352
0.474912 -1.870308
1.719262 1.905699
1.519684 -1.333322
1.564415 1.253886
0.396176 0.898537
0.550202 -1.155612
-1.468472 -0.797789
1.790213 0.690375
0.407156 -2.167509
2.269088 2.092414
-1.649254 -1.111652
1.619581 1.090966
2.081377 1.343350
1.834940 2.551545
-0.532771 1.437594
1.148348 -0.122795
-0.947490 -0.641766
0.687641 -0.922081
-0.954517 -0.746205
2.282995 1.623790
-1.135200 -0.933462
3.165830 1.890607
0.440649 -2.323887
1.109485 1.054905
-1.042990 0.180318
-1.055098 -1.080281
-1.632676 -1.444958
0.442346 0.448118
1.176757 -1.257135
1.198888 1.249932
0.848683 -1.910043
1.554130 1.110392
-0.506322 1.432025
-1.094125 1.999540
-1.282564 2.101122
0.519146 -0.752230
-1.202802 2.161814
-1.226967 -1.339153
-2.018207 0.696529
1.138389 0.872624
1.738008 0.726939
-1.365217 -1.494318
-1.250474 -0.888767
1.441146 -1.233688
-1.641811 -1.172506
0.265267 -1.273369
1.482429 -1.338730
3.179801 1.714892
1.327480 1.079416
-1.005582 0.915641
1.498513 -1.412927
0.093487 0.762382
1.197264 -1.589129
-0.173920 0.425886
-2.297077 0.236372
-0.149179 -1.463550
3.159251 1.826015
-0.976502 0.397786
-0.985918 1.381697
-0.397363 1.672259
0.706647 -2.412080
0.448163 -2.674017
-1.515413 0.303741
1.080511 1.021265
-1.309234 0.346687
-1.064218 0.576373
-0.468614 1.515444
3.074466 1.615150
0.711881 -2.084059
0.354880 1.544478
0.554885 -1.033160
-0.948576 1.247454
-0.132700 -1.310337
1.370542 1.018256
-1.397325 1.137102
-0.497309 -1.044092
1.719977 2.001672
-1.851128 -0.976453
1.710048 1.193235
-0.699177 0.873138
0.705918 1.007356
1.682887 1.837734
-0.523348 1.453092
1.120404 1.023762
0.363261 0.911717
0.893690 -1.985522
-0.344696 1.883815
1.093315 0.862556
0.540988 -0.808083
1.383302 -1.149195
-0.959679 -1.254166
1.631827 0.950741
0.889157 -1.155425
1.222069 0.689979
2.612786 1.576295
0.038816 -1.344144
1.166607 -1.106947
1.377646 1.694870
1.426003 -1.331647
1.320701 1.223739
-2.236453 0.549263
0.462687 -2.356990
1.181533 1.200474
0.613633 -1.137001
0.180095 -1.321795
0.107613 -1.330150
-1.154129 -0.137207
1.111445 1.275300
1.654712 2.478206
-0.108337 -1.402690
-0.791975 1.710628
-2.044950 0.629493
0.876406 -1.939178
2.562501 0.453823
1.526406 2.931447
2.834156 0.548645
0.494580 -2.083338
0.622905 -1.553296
0.409309 1.551648
-0.782651 0.374316
0.802492 1.004959
-0.248951 1.378742
-1.437156 1.202958
2.494192 0.233392
-0.408232 0.500595
1.083804 -1.119964
0.469253 0.622564
2.769509 0.514053
0.561045 -1.218886
-0.923875 -0.810676
1.421938 1.649625
-2.559564 0.669046
1.448890 1.753844
1.624151 0.785019
-1.162502 -0.945349
2.658046 0.390940
0.519593 -2.628089
-0.594031 1.163852
3.307654 1.495986
-1.061425 1.393505
-0.955738 -0.758827
1.644439 2.005992
2.537044 0.357775
-0.877824 1.795157
2.247609 1.840819
0.214964 -1.322249
-1.335543 -0.820004
2.268485 2.069676
1.527799 2.952221
1.189150 -1.566929
2.215422 2.016422
1.019659 1.479026
-0.883625 0.294864
-1.237895 1.372694
0.352114 1.501155
-1.266515 2.179221
1.575679 2.007114
0.595855 1.012481
1.763783 0.836959
-0.904675 1.137806
0.646408 -1.534843
-0.734980 -0.019691
3.016568 1.611135
2.017473 1.328773
1.298790 0.236901
1.120490 1.380934
0.480152 -2.741106
2.564125 1.616010
-1.166210 0.047971
0.531986 -1.227483
1.764604 0.697860
-2.495968 0.638290
-1.343878 1.187341
-0.863932 0.106522
0.434033 -2.768725
1.709107 1.071197
1.491108 2.870245
0.431101 -2.352880
-0.829975 0.676910
2.306900 1.625978
1.519054 -0.909270
-2.470281 0.577474
-1.215121 2.081867
-0.487633 -0.095984
-1.524301 -0.848880
0.602617 -1.387474
-0.052973 -1.491897
-0.015074 0.712565
2.101666 0.632946
1.518139 -1.387563
-1.088499 0.121321
-0.562351 1.271735
1.015269 1.629350
0.006412 -0.585873
-0.742631 1.355741
1.600579 1.160754
-0.747812 -1.046497
-0.955644 -0.401376
-0.750036 1.424231
0.436830 0.428015
0.522771 -2.656008
-0.973768 -1.326629
-0.434092 1.434243
-1.966728 0.394720
-0.939509 -0.800479
-0.343487 -1.090551
1.405859 0.969004
-0.201957 -0.221565
-0.139566 -0.439909
1.735601 1.903706
-2.407480 0.631432
-1.360294 0.546666
3.145205 1.717718
1.698062 1.093932
0.691464 -1.761580
2.550460 0.362646
1.050284 1.037152
0.458421 -2.231211
-1.016587 0.286778
-0.823257 -1.148545
-1.684873 0.364292
0.387191 -2.684364
-0.904980 0.147229
2.509900 0.420033
-1.230261 2.162860
1.271527 1.238927
0.853535 -1.947043
0.708004 -1.806643
-1.547965 -1.300157
1.348545 0.946770
1.099165 -0.214883
1.142801 0.973354
0.888562 -1.987544
-1.678726 0.376160
0.608610 -1.291262
2.251621 2.093453
0.472084 -2.524930
-1.852217 -0.510633
0.670572 -2.125356
-0.418979 1.648001
-1.611889 -0.803524
-1.277115 0.360205
0.565283 1.280772
0.640151 -1.517910
0.546848 -1.259318
0.511579 -0.636542
1.089894 1.314712
2.479769 0.256479
-1.328539 2.183993
1.512254 -1.284941
0.326432 0.879220
0.430772 -2.671052
1.222221 -1.601780
1.439517 1.271789
3.148641 1.420067
-1.244474 2.088392
-0.099456 -0.249176
1.525560 -1.343238
-1.487779 -0.662047
1.336657 1.062929
-1.050996 0.390104
1.352918 1.497306
-1.426706 1.171929
-1.217604 1.882138
-1.584933 -0.920735
0.674284 -1.343246
0.686849 -1.374633
-0.724771 1.622668
-1.935028 -1.045939
1.564333 0.832637
-1.591268 -1.255141
1.309764 0.364302
-1.209921 -0.822612
-0.982150 -0.902962
1.489621 2.870936
0.732261 1.005619
-0.310725 1.938831
0.374200 1.560976
-1.058197 -1.008004
-1.010224 1.611301
-1.556402 0.334154
3.364838 1.526767
1.410015 1.357404
-0.708451 -1.151021
1.474408 0.876594
2.287350 2.104617
-0.981866 1.303945
-1.925981 -1.002908
1.522810 2.930069
1.139250 1.213464
1.848818 2.584573
0.628251 -1.521490
-1.746016 0.293529
-2.021771 0.633139
0.088859 1.322971
2.535106 0.527152
-1.041137 1.043388
0.684695 -1.253164
2.972109 1.679381
-1.433374 1.213908
-0.481633 1.424750
-0.438227 1.567038
2.127704 1.480738
1.326317 -1.440891
-0.341961 -0.143508
2.178210 2.070463
-0.753422 0.793469
1.687653 0.819209
-0.378746 -0.123908
-0.706729 0.573200
2.508906 0.206424
-0.381915 -0.189214
1.593413 1.182212
1.254149 0.769915
1.507908 -1.247327
0.601379 -1.569043
-0.607085 1.430216
-2.215124 0.665947
-1.660345 0.419138
3.372514 1.491037
0.921410 0.985790
0.938068 0.871768
-0.902671 1.369702
-0.617540 1.115940
-0.226836 0.399884
1.149558 0.172037
1.061624 0.995769
1.358848 -1.127825
2.952380 1.124172
-0.150050 -0.239514
0.508731 -0.988687
1.538641 3.026754
0.665470 -1.702337
-1.272180 -0.980130
-2.404657 0.131390
0.407774 0.465328
-1.419798 0.297845
-1.347799 -1.497017
0.579503 -1.991875
0.828949 -1.965631
1.560182 0.912205
0.410210 -1.194616
2.860278 0.554421
3.376828 1.529335
-2.418118 0.353795
1.661360 1.115010
-1.306259 2.115936
-1.875596 -1.009875
1.374591 1.219473
-1.040119 1.134780
-0.070458 0.672787
-1.044158 0.287345
2.667114 0.479164
0.646579 0.774639
-0.952268 1.283095
-0.931047 -1.132018
0.740387 -0.969201
0.553919 0.697826
-1.652097 -1.372261
-0.269212 1.976591
-0.186935 -1.413575
0.290229 1.479535
1.062990 1.100044
-1.045160 -0.992965
0.574602 0.696086
-1.644330 -1.421565
0.193162 -1.314880
-0.875302 1.781559
2.332995 1.615641
1.342590 0.315542
-2.402806 0.582460
1.298010 -1.082969
-1.044613 0.225793
-1.652912 -0.790753
1.072783 -2.034433
-1.638181 -1.457739
-2.425646 0.167849
1.700293 1.174904
-1.111979 2.114292
0.972013 1.726145
-1.252802 2.022828
-0.552313 1.410325
-2.385221 0.256866
0.324471 0.529305
-2.088473 -0.299458
-1.167884 2.125250
3.167218 1.821997
1.524123 1.602620
-0.314820 1.974125
-2.369428 -0.042243
1.102270 -1.218367
0.976760 1.726211
0.508170 -1.778425
-0.948882 -0.577308
-0.734127 -0.984940
-0.546438 1.435970
1.879459 2.616016
0.436166 -2.131678
-2.636383 0.702472
-1.346309 1.220970
0.652989 -1.066357
-1.518187 0.321758
-2.295326 0.131826
2.773818 1.608761
-0.085267 -1.501285
2.856791 1.617209
-0.290036 1.969395
-2.429534 0.600732
-1.137697 -1.214476
0.980497 1.469357
1.318255 -1.274138
-2.266351 0.669963
-0.188404 -1.409017
-1.110624 0.069914
-0.506758 0.537005
1.270823 -1.067104
-1.899156 0.669322
2.492947 0.226609
1.266310 0.706492
0.640928 -1.312631
-0.314124 1.982256
-1.032032 -1.089972
-0.829924 0.702085
-0.556964 1.477436
-1.086294 0.204012
-0.061452 -0.265916
-0.757247 -0.837086
-0.352014 -0.170391
1.252923 1.231730
2.636908 0.512297
-2.334932 -0.082214
-1.251123 0.104628
-1.696763 -1.472208
-1.050211 1.376757
-2.039146 0.453727
1.707516 1.098336
2.695337 0.466343
-0.972699 0.359356
0.607421 0.703340
1.590478 0.919735
1.337875 0.975012
1.237739 -1.549538
0.542590 -1.100899
0.633428 -1.426641
1.745153 2.464040
1.552253 -1.335456
0.677399 1.382133
1.491178 2.845543
-0.070578 -1.488690
-0.399630 -0.154821
0.542227 -1.133428
1.290903 0.257213
1.375594 0.863642
-1.583780 -0.765156
-2.309601 -0.125848
-1.308431 -1.214151
1.751294 0.693784
-1.564471 -0.759121
-1.446716 1.223946
1.288068 0.496773
-1.022940 1.991813
1.711556 2.019002
-0.523834 -1.070625
-1.516524 -1.433517
-2.406310 0.622965
0.122359 -1.141526
-2.522172 0.653997
1.798881 2.509768
0.783576 -2.082379
-1.061590 0.112619
2.233160 2.121766
2.254024 1.795133
2.262668 2.101302
-0.105717 0.016809
0.702120 -1.290401
2.470755 0.382135
-0.551530 0.017268
1.758073 1.973403
-1.423923 -1.559088
0.452727 -1.939521
0.488893 -1.920079
-0.855124 1.751505
1.292234 -1.467848
1.398437 0.856949
-1.023364 1.911351
-0.810437 0.745001
-2.638873 0.705826
-1.699018 -1.083085
1.563353 -1.421614
-0.913807 0.616289
-1.621022 -1.388086
-0.925787 -0.875063
-1.436939 0.294231
1.329507 -1.464190
0.976677 1.401564
-0.275043 -0.218657
-0.278920 1.968516
2.193691 1.340176
1.197253 -1.653259
2.088392 1.347347
-1.396269 -1.527928
-0.380888 1.810613
2.164353 1.533236
-0.590348 1.184612
0.500991 -1.106007
1.713625 2.444117
1.316340 0.969586
0.467155 -1.233746
1.387364 0.975282
-1.262612 2.130946
1.310082 1.116125
0.670433 0.782151
-1.627058 0.327367
-2.388372 0.446932
1.406790 1.217556
-1.493359 -0.703724
3.181563 1.595567
-1.696408 -0.614180
-1.053828 -1.094870
-2.189916 0.466211
-1.855455 -0.511445
2.099702 1.381763
1.054960 0.856007
-1.502826 -0.805904
-0.908666 -1.131756
0.878567 -1.967133
-2.364471 0.412442
-0.068163 -1.461040
-0.371960 1.777643
1.104974 1.258215
-1.137739 0.398600
1.624549 1.381488
-1.861862 0.297752
-1.374627 1.105323
1.562565 -1.366592
-0.310517 1.951420
-1.478640 -1.505051
-0.373330 -0.126113
1.398580 -1.412664
0.626548 -0.819902
-1.057493 0.120468
-1.218772 0.376292
2.268667 2.131569
-0.946315 -0.559585
1.523744 2.896285
0.420656 -2.167448
-0.954886 -0.658871
-0.915450 -1.081843
2.863573 0.578607
0.440085 0.472436
0.469434 -2.705498
1.131256 -0.150394
-0.805720 0.217305
-1.006952 0.367495
1.480389 -1.340672
0.925760 0.938409
1.015937 0.941198
3.158976 1.915153
-2.112132 0.401647
0.846205 0.984172
1.248704 -1.178936
-0.204370 -1.157754
-0.621746 1.493302
1.249769 0.782534
-1.345970 -0.900766
-2.353851 -0.019015
-1.382327 -0.332213
-1.158379 -0.938357
0.910004 -1.962725
-0.957493 -1.104439
1.078945 1.004690
0.854392 -1.963236
-0.823334 1.365326
-1.251859 1.380372
-1.404999 -1.547492
-1.206883 1.876202
-2.686378 0.735297
-0.951145 -0.579584
-0.990575 1.730365
-2.157752 0.483261
-0.828125 0.650722
0.613724 -1.242067
0.569538 -1.070896
0.853604 0.962334
1.997172 1.324341
-1.725655 -0.890261
-1.000979 -0.914199
-1.562626 -0.832966
1.161412 -0.112730
-0.400343 1.567729
2.222065 1.340214
1.276897 0.690813
2.719044 0.456595
2.751054 0.496012
-2.265358 0.524464
-2.382448 0.326542
-0.957347 -1.338275
1.782817 0.696703
1.082443 0.901072
0.702298 -2.447710
1.394132 1.588844
1.376890 -1.283495
1.147138 0.975995
-2.036799 0.684325
-0.251453 1.436796
0.545771 -0.900703
2.118672 0.623720
1.486087 -1.317073
-2.378471 0.426460
-2.222211 -0.127209
1.188625 -1.552711
1.219579 0.788388
-1.386779 -1.228016
2.309669 1.619070
-1.699379 -1.119526
1.490839 2.847620
2.272164 2.106175
1.202637 -1.533142
1.791557 0.684825
1.483123 1.120503
-1.826892 0.304608
-2.183393 0.692003
-1.641616 -1.409689
2.229748 2.070176
2.523404 0.435666
-1.434527 1.201233
-2.400200 0.393240
2.294324 1.595295
0.918311 1.251217
-1.561876 -1.483313
-1.847600 0.296063
-1.028148 0.178534
0.574581 1.562768
0.523384 -1.141294
1.526609 -1.413952
-0.716181 0.129693
-0.427977 -1.074290
-0.138737 -1.515903
-1.082497 -1.025959
-2.177843 0.422836
-1.925023 0.666393
1.251257 1.010217
-0.934927 -1.348928
-0.544135 1.391145
0.078144 -1.135558
0.423924 -2.149766
-2.358742 0.400409
-0.917367 1.804724
0.254677 -1.157843
-0.664818 0.083157
1.452638 0.812755
1.482041 0.864788
-1.323486 1.092749
-0.749123 0.653105
-1.160700 0.347117
3.189106 1.954825
-2.668404 0.725534
1.107841 1.123340
-0.750804 0.146703
-2.295511 -0.124356
0.512343 -1.815697
-1.133749 -0.963926
1.256760 0.349883
1.224476 1.063666
0.554433 0.619500
-0.953237 -1.324425
2.563385 0.335599
-1.030722 1.031062
2.742920 0.480995
0.342950 -2.677826
-0.961496 0.500129
1.291346 1.057760
1.159752 -0.051632
1.761277 2.482142
2.659270 0.263256
1.278524 0.946792
1.327036 1.197863
-0.971278 1.308139
1.235803 1.146836
1.357711 0.965497
1.209002 0.735752
-2.366732 0.424450
-1.058980 0.577086
2.466542 0.385343
1.416837 1.438088
0.896142 -2.005222
0.757738 -1.941670
-1.131227 -0.897758
1.283527 0.525466
1.858102 1.235223
-0.808113 0.204382
1.292516 0.450725
-2.408195 0.022416
3.013250 1.789196
3.029023 1.487844
1.531748 1.310014
-0.940916 -0.631700
-0.172430 -1.085865
1.213623 1.084640
1.777832 2.507167
1.226215 1.047303
-0.763073 -1.123086
-1.271826 2.030587
0.863332 -1.384827
-1.220743 2.178661
-0.950506 -0.549928
-1.004811 0.869828
1.334783 -1.089595
0.429479 -2.472027
-2.294500 0.627768
-1.052456 1.169884
-0.974905 -1.214674
2.676844 0.400204
2.223281 1.305159
2.966138 1.569196
-0.965466 -1.149221
3.145889 1.454000
-2.188688 0.652885
-1.109052 2.068344
-1.387808 2.127085
-1.678071 -1.504828
-0.840246 0.350317
-1.600653 0.318306
0.369963 1.572117
-0.129585 -0.237917
1.146129 1.272227
-1.046923 1.230037
-0.949861 1.345832
1.174778 1.202393
1.721652 1.865950
-0.825921 0.268265
-1.708917 -1.119101
-0.079212 -0.256370
3.192582 1.423449
1.353808 1.220634
0.515806 -2.123111
-1.035708 -1.053856
-1.445784 -1.560939
-2.085918 0.695671
1.420930 1.400829
1.316984 1.121358
-1.659645 -1.066586
0.641062 -1.858539
-1.075294 -0.996441
1.457812 1.174361
-0.880479 0.411802
3.153083 1.906035
0.377184 -2.661506
-2.316182 0.449240
1.428473 0.827935
0.961434 1.775741
-0.886448 0.386478
-0.321370 1.977692
0.993741 -0.333618
-1.117867 0.160835
-0.955944 0.360743
0.411311 -2.171257
1.234644 0.993818
-2.577389 0.690624
-0.801008 -1.073065
1.051390 1.487951
-1.125245 -1.183348
-1.339480 2.121431
0.979931 1.701324
1.223995 0.077632
1.830816 2.555502
-2.416682 0.394771
-2.355883 -0.070238
-0.614109 1.499481
-0.943914 1.317135
3.186280 1.500102
-1.336867 -0.418629
0.959702 1.767892
2.682214 0.392092
-1.179019 0.475194
1.815614 2.534430
-1.938311 0.721607
2.686007 0.379183
1.721173 2.025438
-1.668426 0.354542
-0.935035 -0.260478
-0.350664 -0.151613
2.175937 1.623248
-0.854171 0.643489
1.250135 0.651176
-0.401596 -0.187730
-1.212982 0.216403
-1.818566 0.317730
-1.132499 -1.287345
1.998906 1.274671
0.529474 -2.751777
1.788295 1.049808
-0.869950 1.050954
0.670279 -2.126144
0.583552 -1.300552
-1.223950 2.193545
-2.273232 0.630374
-0.171490 -0.229515
0.566159 0.652475
0.999193 1.222796
0.283593 -1.882013
0.380535 -1.237213
1.267091 0.310028
1.994502 1.816255
0.587122 -1.115917
-1.150071 1.278496
0.717221 -2.457919
-2.209877 0.427300
-0.907057 -0.800378
1.180587 -1.095351
1.766951 1.992864
-1.266076 0.046519
-2.232920 0.462645
2.888565 1.609066
3.112640 1.386255
-1.096868 0.384986
0.536109 -1.305656
-1.042733 -1.167698
-1.595600 0.437476
-1.399764 -0.572134
0.498582 -2.666581
0.434846 -2.482870
-1.862936 -1.002256
3.403784 1.513168
0.371494 -2.681835
-1.529173 -0.873610
0.702377 -0.898105
-0.428067 1.570467
-2.156616 0.439375
1.303706 1.023533
3.156650 1.829161
-0.918244 0.054055
-0.110908 -1.442942
1.198701 1.195505
-2.610451 0.690301
0.547603 -2.666487
1.845309 2.583014
0.466803 0.533567
-0.744363 0.359935
1.545371 -1.452719
-0.368565 1.738722
-2.613208 0.696221
1.387727 0.970095
-1.632503 -0.813430
-1.635754 -0.784421
-0.146510 -1.473014
-0.846291 0.214017
1.280118 0.314260
-0.779723 0.344795
1.141141 -1.515401
-2.546498 0.622617
-1.301420 1.390425
0.447660 -2.712062
-0.198966 -1.023470
2.344944 0.476140
3.372303 1.528021
-0.679000 0.089877
1.683197 1.115832
-0.319348 -0.158636
-0.453910 1.388039
-1.451648 -1.477328
3.131782 1.371973
-1.636667 0.340451
2.230402 0.516586
-0.834277 -1.186142
-0.515018 -0.057404
-0.910003 0.383760
-1.390088 0.510437
2.550406 0.225903
-0.400908 0.534694
0.474997 0.995135
-1.223555 0.027425
-0.834820 -1.174379
3.224168 1.535420
0.328921 0.885899
0.219092 0.637175
-0.370276 -0.155900
1.213214 1.247061
3.239582 1.608551
0.400158 -2.167101
1.818974 1.041076
1.736839 0.721219
1.260471 0.264211
-1.008700 0.712337
0.557295 -1.071957
1.436671 -1.398420
-1.007745 0.261314
2.173639 1.338697
-0.048468 -0.277748
0.120106 0.779544
1.140718 -0.129665
2.650416 0.234172
0.807562 -2.080121
