1000 2
1.713149 0.031821
-0.407770 -1.944195
1.121724 0.989542
1.281958 -0.370622
1.833696 -1.271245
0.229604 -0.096588
-1.152000 1.643608
0.202309 -1.726859
2.372526 0.323895
0.688923 0.880124
-2.020901 0.915825
0.011014 0.387462
-0.803052 -1.589276
0.220792 -1.792544
0.196268 -1.706039
1.595014 -1.333296
0.290107 -1.956130
2.948427 0.408233
-1.381505 -0.016540
1.363916 1.398003
-2.249262 -0.684130
1.920087 -0.183040
-0.379552 0.352338
2.403579 -1.378322
-0.214628 -2.096339
0.205985 -0.059640
0.946464 -0.493180
2.263043 -1.094748
0.946941 -1.838496
-0.427450 -0.539961
-0.674446 -0.098739
-0.393357 -0.597312
-0.905193 0.294377
2.627983 -0.634536
-0.462412 0.768301
0.362444 -2.832833
-2.084898 1.113877
0.268057 -1.432949
1.037592 -1.872475
-1.623129 0.475233
1.227373 -1.363411
0.400331 -2.241699
-0.677411 -0.074003
-2.103526 -0.642673
0.445774 -1.601325
-2.382600 -0.322996
0.350321 -1.732617
-0.063664 -2.199087
-2.062451 1.155957
-0.849753 0.346048
-0.626658 -0.220915
2.200105 0.362138
-1.326706 1.915956
1.414583 0.831167
1.235392 1.026615
-1.257897 0.070570
1.458743 0.040559
0.534260 -2.795386
0.560867 -2.992400
0.253663 0.010557
-0.463362 0.896439
0.823225 -1.966783
2.987507 -0.291604
-1.655237 0.470012
2.284793 -1.071474
-1.951748 -0.357760
-0.071081 -1.750654
1.012026 -0.548093
1.773385 -1.239955
2.576321 -1.242914
-2.148752 1.191263
1.882126 -0.175119
1.567451 0.253520
1.078688 -1.917575
-0.339545 -1.785351
1.097118 -1.404426
-0.902332 0.210280
-2.121349 0.769648
-0.716189 0.121706
1.323972 -0.340918
-1.233591 2.005971
0.287922 -1.468031
-1.418040 1.836297
1.897868 0.821414
2.357366 -1.669595
-0.162238 -2.147421
1.555728 1.123951
1.612786 -0.100762
-1.496780 1.898418
1.012676 1.085627
-1.819614 0.500076
-2.193727 -0.751293
0.651004 -2.963439
0.467421 0.892239
0.592412 -2.687780
-1.928313 -0.456308
1.242724 1.246264
-1.865115 0.788432
0.215393 -3.026242
0.343472 -3.152812
-0.721607 0.388702
-1.711609 0.760606
0.216142 -1.296794
1.795218 0.093970
0.392509 -1.520786
2.779561 -0.539097
-1.977905 0.254375
0.504074 -2.575479
-1.747694 0.468124
-0.524391 -2.006962
-0.808962 0.415546
0.201649 0.365835
0.305244 -1.597486
2.306485 -1.041938
-0.994390 0.869869
0.574344 -2.785982
-2.065105 0.178205
2.468578 -1.295062
-0.478096 0.922855
-1.339862 -0.043613
-2.224177 0.835354
1.098189 1.003703
-0.371174 -0.630337
1.818968 -0.826752
0.160456 -1.644800
1.824454 -0.967057
-1.617844 -0.232621
1.835042 -1.064924
-2.237716 -0.847290
0.447698 -2.824596
-0.423279 0.460716
1.862505 -0.112633
1.738429 -1.298724
2.430689 -1.662422
0.212015 -0.059149
-0.202536 -1.863150
-0.732116 0.663164
0.587197 -2.392999
-0.586456 0.650292
1.054392 1.045667
1.556202 1.762483
1.675174 1.838544
0.206789 -1.267686
1.598925 1.937740
1.938977 -1.489352
2.662685 0.271489
-0.557520 0.171783
-0.930159 0.800434
2.148085 -1.726248
2.023455 -1.173385
-0.629444 -1.927918
2.506337 -1.451308
0.587162 -1.601445
-0.452073 -1.881938
-2.284008 -0.582580
-0.499115 0.831159
1.643880 0.608851
-0.408503 -2.136924
0.632859 0.264415
-0.148695 -2.223365
1.339391 0.053686
2.999649 -0.183004
1.114589 -1.792702
-2.244514 -0.739260
1.688916 0.247406
1.443397 0.844135
0.948964 1.318491
0.709194 -3.009442
0.358828 -3.141563
2.182546 0.233508
-0.497955 0.390229
2.088722 0.265324
1.872677 0.746198
1.143884 0.744995
-2.174076 -0.477784
0.662592 -2.584839
0.310172 0.982661
0.225985 -1.437085
1.566092 1.129747
1.076990 -1.681904
-0.521757 0.672355
1.986944 0.998544
1.451150 -1.423438
-1.878212 0.547444
2.619063 -1.186078
-1.065565 0.285003
1.302354 0.653887
0.003678 0.396118
-1.649021 0.478422
1.224270 1.079722
-0.700672 0.300245
0.322335 0.372699
0.519016 -2.292564
0.845747 1.485706
-0.736137 0.291959
0.171504 -1.318181
-0.362793 -1.752780
1.880186 -1.405448
-0.386149 0.904883
0.175891 -1.605718
-0.636299 -0.059220
-1.867296 -0.346757
0.956539 -1.681190
-0.136661 -1.670545
-1.254393 0.629290
-0.502237 -2.042253
-0.878516 0.448886
2.984582 0.359288
0.411176 -2.850085
-0.774556 0.609288
0.296382 -1.648558
0.740731 -1.588670
0.815717 -1.640320
1.811647 -0.232710
-0.767556 0.646451
-2.025737 0.855124
1.052994 -1.769033
1.259193 1.315661
2.752000 0.205814
0.525766 -2.308525
-1.275536 1.836594
-2.189137 1.225746
-1.517235 1.862289
0.543987 -2.740328
0.323776 -2.102607
0.235835 0.943581
1.438969 0.038902
-0.215325 0.394412
0.185338 0.731926
2.018143 1.054680
-1.193699 2.124213
1.197151 0.136347
-0.471008 -1.659468
0.155937 0.089358
-1.388809 1.881767
0.425700 -1.838199
1.742432 -1.135293
-1.513777 0.719395
3.241871 0.465068
-1.409324 0.623519
-0.967409 0.765377
1.871172 -1.209359
-1.204406 1.911116
0.203584 -3.033153
1.212824 0.828060
-2.400454 -0.500784
1.498434 1.070181
1.748678 -1.022190
-1.824542 0.643967
-1.215037 1.987160
1.338561 1.410681
-1.921066 0.034098
0.725558 -1.581120
2.184254 -1.102887
-2.050446 0.198778
-2.200996 1.236054
-0.137372 -2.262438
-1.984088 0.157584
-0.824306 0.858348
1.467421 0.046407
1.732299 1.122680
0.279089 0.947462
1.656131 1.944843
-1.796491 0.753247
0.046771 0.397468
-1.045080 1.401585
1.281236 0.521736
0.282191 -2.020686
1.491044 -0.484511
-2.201298 -0.550022
-1.334137 0.010676
-0.702510 -0.224805
-0.770394 0.585597
0.251186 -3.189492
-1.968604 -0.335765
1.974565 -0.275126
0.391351 -1.621659
-1.011805 0.921716
3.248508 0.437299
1.855844 1.012572
1.662051 -0.064950
0.229691 -3.260998
-0.460147 0.927584
-2.117445 1.199544
0.416194 -2.876834
1.514516 0.307233
-1.803175 -0.194990
-0.702578 -1.657319
3.157072 0.296655
1.619501 1.833164
1.252894 -0.367491
2.374901 -1.089689
0.339866 -1.881984
1.080381 -1.916355
0.523170 0.300150
-1.075822 1.472173
-0.480320 -2.124481
1.826675 -0.072273
1.188540 0.877679
-0.735981 1.069339
0.872218 -0.813206
1.340912 1.044237
-0.940656 0.330417
1.396477 -1.213392
1.723808 -0.368716
1.363078 1.100278
0.179671 -0.051241
0.452503 -3.089457
1.914240 -1.452538
0.996706 1.064303
2.602361 0.336796
1.679608 -0.636555
1.364336 -1.432251
-0.764974 0.491172
0.887136 -0.505361
0.951963 -0.696877
-1.665407 0.469890
3.115479 0.377887
1.919682 0.042831
-2.276992 -0.619477
-0.467266 0.984452
0.406292 -2.264156
-1.133769 1.930126
-0.389895 0.425990
0.390257 -2.842670
1.796620 -0.048803
1.539738 -1.149668
2.293510 0.375795
0.365892 -3.214088
1.630896 0.006880
-1.214470 1.853047
1.593165 2.011630
-0.886362 0.486645
0.600285 -2.396423
0.471814 -2.240951
2.420355 -1.500591
-0.570480 0.604415
-0.267479 -0.763416
-0.510812 0.348283
0.598367 -2.341430
2.313064 0.373078
0.375125 -1.510609
-2.098740 0.184154
0.322238 -3.031273
2.700433 -0.590191
0.707997 -2.665087
0.981167 1.229689
2.348295 -0.997152
1.932691 0.118807
-0.303868 0.571372
0.266283 -2.008364
0.374295 -1.652533
0.193571 -0.964412
-0.748802 0.616778
-1.179130 2.066636
1.713010 1.898940
-0.650688 -1.944048
0.337941 0.360848
0.363432 -3.223961
-0.171689 -2.270847
-0.704249 0.244527
-2.344165 -0.356929
1.690306 1.872895
0.790816 -0.519483
-0.497010 -2.005248
2.219782 -0.737561
-0.616346 0.590875
1.620269 0.200826
-0.934526 0.492105
2.037016 1.066883
1.674594 1.666179
2.475653 -1.212634
0.273820 -1.832422
0.288796 -1.960641
1.269924 1.313509
2.641595 -1.205604
-0.853492 0.626882
2.430068 -1.471287
-0.627989 -0.182985
1.890018 -0.921126
1.710250 -1.098719
-2.108236 1.194933
-0.080931 0.383140
0.834469 1.513100
0.261109 0.988705
1.811590 -1.131154
1.470488 1.306635
2.286803 0.279208
-2.409876 -0.545751
-0.580040 0.220163
1.418408 -1.488478
-0.531984 0.696857
-2.138254 0.167039
1.546539 1.113180
2.678852 -1.196220
-2.147743 1.214064
-0.762394 0.583043
-2.277393 0.831789
0.282990 -2.020528
2.309088 0.369170
2.741641 0.172115
0.409563 0.792724
-1.243863 1.751481
1.727438 0.784840
0.177646 -1.710416
-2.094440 -0.565515
2.009447 1.101862
0.978530 1.116281
1.002105 1.184995
-1.624543 -0.112902
-0.295706 -2.086007
1.006279 -0.546274
-1.987189 0.275837
1.334152 0.584268
-0.746593 0.626049
1.092169 -0.489483
1.348098 0.203425
-1.200980 2.134407
1.126209 -0.455571
-0.987894 0.336393
-0.674430 0.037300
-0.706563 -1.952680
0.298974 -2.145698
1.221943 1.096961
2.863507 0.352219
2.251025 0.393835
-2.455043 -0.477900
-0.338140 0.377586
-0.144738 0.228667
1.322012 1.078782
1.266350 0.734461
0.993995 0.074833
-0.492278 -0.271625
-0.413762 0.385991
-0.555541 -1.736053
-1.522534 1.641649
0.764447 -0.507134
0.274256 -1.554233
-2.238475 1.264138
0.442375 -1.971503
2.140021 -1.109095
3.064605 -0.022371
0.238985 0.018289
2.122641 0.230267
2.166611 -1.721200
0.559345 -2.664223
0.593371 -2.412670
-0.368691 0.909371
0.471821 -1.572189
-1.537686 1.896493
-2.469099 -0.556983
3.032351 0.101757
-0.456371 0.938743
1.734884 1.916736
2.622967 -1.214746
-0.930686 0.375401
1.625244 0.967308
0.851824 0.199943
1.755474 -0.010602
-1.283538 1.840416
-0.132686 0.238098
1.399889 0.801729
1.671140 -1.195131
0.169870 -1.758440
-0.103575 0.209637
2.466247 -1.646183
0.806343 1.547713
1.105674 -1.760796
0.215197 0.866413
-0.433440 0.426379
1.840982 -1.266275
-0.063980 0.182398
2.454299 -1.671308
0.817209 -1.630620
1.328503 1.406358
-1.817030 -0.179749
-0.713264 -0.203301
3.131865 0.407282
-0.225212 -1.694249
1.612114 -0.101677
2.273119 -1.011112
-0.164960 -2.636905
2.484300 -1.626658
3.078609 -0.014480
-1.067100 0.303820
1.563211 1.878356
-0.742153 1.186192
1.690893 1.802393
1.116172 1.038762
3.047183 0.010351
0.216221 0.051956
2.917611 -0.379317
1.575716 1.898605
-2.258925 -0.698971
-1.399979 0.474796
0.808600 1.536332
3.046515 -0.222793
-0.001194 -1.790296
-0.732142 1.219957
0.482333 -2.679151
1.817794 -0.718238
1.494936 -1.124853
0.983361 1.087794
-2.256989 0.850977
0.566520 -2.779028
3.396281 0.537846
1.815711 1.089734
0.233469 -1.735491
2.263906 0.305022
3.018956 -0.207026
-1.970701 -0.434116
1.039058 -1.890873
-2.046584 -0.505303
0.822422 1.548357
3.163271 0.294727
1.841659 -1.389527
-0.842787 0.821125
-0.334045 -1.910059
2.955589 0.330546
1.201544 -1.750437
1.910985 -0.169233
1.246349 0.158242
-0.167298 -1.662315
2.580277 0.168353
-1.198623 2.128732
-0.706050 0.127641
0.259085 -1.746512
0.822888 1.518896
1.721262 -1.355183
1.533395 0.327677
0.967836 1.094985
1.836722 -0.133729
0.732262 -0.511938
1.158152 -0.917943
1.072361 -0.486491
-0.719430 0.625945
-1.263270 1.765335
3.021748 -0.289086
1.968757 -0.276294
2.469443 -1.750813
1.429990 1.076657
2.692185 0.385863
-0.447319 0.997648
-1.344187 1.890033
1.645631 0.106217
-0.038901 0.164961
-0.357776 0.894985
-0.574919 0.529660
-0.134388 -2.270210
0.405289 -1.664198
0.328361 -1.926386
-2.068881 0.795595
-0.479500 -1.868568
-0.303811 0.606697
-2.074903 1.195542
1.079149 -1.918117
1.160445 -0.418525
0.434392 -1.765150
-0.623036 -0.248673
-0.598156 0.606001
2.377677 -0.971478
3.034791 -0.271537
2.080977 -1.413921
-1.010673 0.863285
2.359737 -0.964621
2.015527 1.080809
-0.697116 -0.067652
1.439131 1.585893
-1.850174 0.578248
0.590887 -1.526776
2.310332 -1.662398
3.073978 0.363391
0.540075 -1.491236
3.202961 0.441901
-2.140052 0.762241
0.639200 -2.473444
1.753983 -0.152735
-2.031792 0.238044
-1.836610 0.008751
-2.064169 0.219504
0.626384 -2.249593
0.257725 -1.694780
-1.129395 1.935521
1.292707 -0.309395
-1.802113 0.480770
2.176757 -1.778590
0.464940 -2.682999
0.516752 -2.657621
1.333259 1.416549
-0.254636 -2.131540
-0.511052 0.661495
1.440264 1.571256
1.387097 0.591095
3.407010 0.548218
2.512106 -1.241606
-0.483336 -2.146824
1.545328 0.307831
2.421632 -1.627920
1.783310 -1.227286
2.078009 0.113914
-0.359405 -2.036548
-0.786303 0.748017
0.994573 -0.507729
0.818253 1.544299
-1.384251 -0.180977
-0.122778 -2.177911
-1.389613 -0.074766
2.233382 -1.744781
0.917265 1.376089
-1.546480 -0.076369
1.172753 0.891202
0.234844 -1.498288
-2.029111 0.804515
-0.637417 0.565487
0.371827 -1.623095
-0.556137 0.625411
1.635827 1.955568
-0.869853 0.421290
-0.079339 0.240158
2.244686 0.451011
2.992830 0.170732
-0.864109 0.317116
2.294846 -0.920244
-2.306287 -0.515797
2.660773 -0.707403
1.716594 -1.380004
2.942883 0.345457
2.731821 -0.569021
-1.358199 0.004563
-0.746173 0.360703
2.340224 -1.048912
1.595892 -1.199830
0.622481 -2.380460
2.961332 0.191563
1.057385 -1.856164
0.906474 1.379863
-0.698842 0.565918
2.222300 0.117199
-1.026881 0.296534
2.461745 0.429262
1.914928 0.895025
-0.495164 -1.877790
0.825116 1.536897
2.274483 -1.754161
1.033241 -0.549044
-0.548359 -2.032593
0.154194 -1.412837
1.864413 -0.088410
2.469034 0.159089
-2.130908 0.190006
1.789142 -0.708419
-2.152371 1.209844
0.594459 -2.761455
1.839027 -0.863775
1.582513 -1.360037
-1.482072 1.846299
0.152475 0.012821
0.303784 -3.206082
-0.304002 -0.712644
1.480268 -0.080813
1.695086 0.222909
-0.486334 -1.909894
-0.321330 0.321853
-0.513886 0.368271
-2.221565 -0.856219
2.538275 0.404022
-0.254550 0.362559
-0.262539 -1.757545
1.010093 -1.430047
1.062029 1.095366
-0.724548 0.221770
2.028837 -1.115970
3.045759 -0.166406
2.189836 -0.739412
2.003928 -1.199052
0.505285 -2.288421
1.738653 -1.337200
-0.509788 0.405859
0.591736 -2.385014
1.360093 1.002069
1.682124 1.160539
2.172322 -1.774388
1.626815 1.447614
3.439826 0.567169
1.804488 -0.750579
1.434450 1.368703
2.818385 0.410718
1.470490 0.357857
0.271450 -1.612651
0.371831 -1.628682
-0.251370 0.316469
-1.317173 0.048460
2.496132 -1.158371
1.693290 -0.919991
2.339898 -1.046534
-0.393453 -0.601712
0.980225 1.296362
-1.375518 -0.197331
-0.738055 0.198792
-1.387132 1.898382
-1.441217 1.883782
2.952385 0.230524
3.076623 0.116842
1.920623 -1.457343
-1.027186 0.917117
-0.727274 0.338542
0.692802 -3.031028
-1.382281 0.651493
-0.378500 -1.922731
-0.598285 0.334718
2.738618 0.219336
0.511630 0.936037
0.274448 -1.445925
-1.106779 1.536057
-0.506764 -1.962130
3.043050 0.164633
2.993429 -0.279500
-0.125987 -2.230332
-0.664405 0.131138
2.009241 -1.372111
-1.584406 -0.291524
2.564840 -1.284378
-2.097536 1.167020
-2.098037 0.180351
-0.143267 -2.142079
-1.014878 0.912377
-0.567887 0.657511
2.419581 0.393593
2.807173 0.408628
2.489815 -1.581102
-2.001602 0.264177
-1.237845 1.884177
2.038176 1.078593
3.100759 0.187985
-1.558195 -0.294212
-0.353631 0.657710
2.346807 -1.731994
2.478144 0.484467
1.718815 0.036192
-2.142533 -0.275867
0.407757 -1.612159
-0.471228 -2.130578
1.477303 -0.145176
1.433866 -1.429679
1.080783 -1.870942
1.891996 -1.253231
2.886653 0.282908
2.642071 0.172606
-0.598848 0.552838
1.936866 -1.483189
1.184535 1.070205
0.978473 -1.506606
0.591209 -2.770398
3.048258 0.225469
1.346580 1.431704
0.475909 -1.523393
1.414091 -0.167445
-0.427927 0.736876
-0.449066 0.748511
1.922776 0.921905
1.423658 0.474493
1.861685 0.063726
-2.228604 -0.881906
3.474163 0.588457
-0.547841 0.486355
1.474457 -0.153534
3.039828 -0.288105
0.322197 -1.957307
1.940638 -1.111445
-0.662282 -0.188297
-0.499514 0.577748
0.038761 0.099898
1.897404 -1.466875
-1.167783 1.911859
1.631676 0.837259
-1.419180 1.930966
0.349050 -3.218647
1.611304 0.124222
-0.600549 0.432976
-0.387017 -0.566440
-2.068275 0.818203
-1.289583 2.013073
-0.689142 0.385961
-0.574411 0.259217
1.459440 0.844813
-0.818122 0.466712
-0.487810 0.668486
-0.654520 0.026708
2.982521 0.199095
1.612075 0.264164
-1.176122 1.864624
-0.595713 0.164543
0.563164 -2.281796
0.539511 -2.365170
1.835782 -0.958691
-0.693093 0.317660
-1.188278 0.177920
1.572510 -0.030154
-0.717271 -0.054510
3.087126 -0.149254
-2.107971 -0.602476
-2.290562 -0.366668
-0.877846 0.405469
1.831462 -0.848895
0.778283 -1.511099
-0.791214 0.261366
-2.110928 0.784162
-0.540325 0.258951
1.481447 -1.127384
1.721716 1.835706
0.080336 -1.897842
1.593174 2.013891
1.741879 -0.583041
1.608703 0.712443
-0.275365 -1.708833
0.359501 -3.092081
2.932978 0.300492
1.619509 0.923974
1.850857 -1.341907
-1.214312 1.896292
-1.375228 -0.199020
-2.157793 -0.455949
1.818729 -1.329769
-2.351838 -0.388388
2.803697 0.225094
1.529361 1.800187
1.743641 1.855899
2.454069 -1.758977
1.476980 0.058312
2.267496 0.455136
0.249640 1.001415
0.856601 -0.520461
-0.729411 0.614713
1.603839 1.009374
1.440885 0.863181
-0.800232 0.573666
-1.635155 0.478337
1.573309 0.008945
2.586322 -1.272809
0.734513 -0.518398
-2.351257 -0.370139
-0.731775 0.405356
0.605513 -2.689793
1.808119 -1.212309
2.235384 -1.761235
2.738136 0.304990
-0.557646 0.158817
-0.653360 0.333148
2.512407 -1.247456
0.469406 -2.537775
1.869511 -1.186394
-0.843861 0.320229
1.691254 0.218000
-2.206544 -0.829724
0.341460 -3.193483
2.958865 0.241655
-0.603094 0.560673
-0.735424 1.242932
1.685432 0.186893
0.829420 1.525324
-0.169822 -0.897564
1.767518 -0.107079
1.616660 -0.031316
0.550754 -2.785377
-0.574575 0.375031
3.300624 0.463015
1.655237 -1.313436
-0.783533 0.832113
1.820214 -1.355044
1.730358 1.928804
-0.729668 1.205614
-0.457396 -0.479872
-2.165864 0.785004
3.189354 0.164430
3.023458 -0.328122
1.015765 1.080600
1.407097 0.807514
-2.356335 -0.484003
1.915625 -0.386563
-0.729105 1.262516
-1.259840 2.015776
1.767043 0.055100
-2.180996 0.820481
2.690808 0.204424
-1.265582 1.898490
-1.889442 0.537913
2.347776 0.301140
1.639054 -0.310681
0.985979 -0.527746
-1.711475 -0.119270
1.510568 0.376253
-0.716784 0.226734
1.068438 -0.500313
1.926841 -0.201232
2.457651 0.407142
1.955595 -1.480732
-1.302498 0.022267
0.206907 -3.164094
-0.410910 0.955969
1.539419 1.067910
0.710182 -2.680603
0.403229 -1.556934
1.590169 2.072086
2.909980 0.319667
0.837371 -0.503568
0.018049 0.118082
-0.391146 0.639016
0.820401 -2.159202
0.514153 -1.613460
-0.636907 -0.213245
-1.788975 0.236780
0.430472 -1.593860
1.735002 1.052966
0.715414 -3.022985
2.962850 0.271556
1.797485 -1.197106
-0.546666 -1.678034
-1.871027 0.462124
2.007850 -0.348482
3.006756 0.272721
-2.128247 -0.460554
-2.372756 -0.332275
1.795192 0.064350
0.350820 -1.677183
1.786645 -1.253098
2.248428 0.419267
1.776049 -0.118380
0.508520 -3.082725
0.391242 -2.983748
2.633832 -1.209565
-2.470197 -0.547666
0.374442 -3.219410
2.325688 -1.019092
0.117130 -1.758102
1.021822 1.150582
3.032418 0.315011
-0.570536 0.395929
-2.306326 -0.822465
1.720441 -0.437610
1.114509 -1.743803
-0.748687 0.527037
3.356163 0.529789
0.207639 -3.052649
-2.341162 0.872473
0.095263 0.063284
1.421215 0.035141
-0.467573 -2.163582
0.930338 1.349762
3.341388 0.502528
-0.632162 0.556066
2.293963 -1.049663
2.415445 -0.965485
1.092082 -1.856284
1.469658 -0.113628
-0.632037 -0.208591
1.489857 0.081909
-0.102794 -2.134057
3.242250 0.403651
1.710665 1.150588
0.289676 -3.200160
1.550235 -1.314949
-1.125523 1.688933
-2.461902 -0.563992
1.443501 -0.202303
-0.461358 0.963714
1.004694 -0.490869
1.106688 1.002196
2.261450 -1.698161
-2.402160 -0.328875
2.292885 0.328207
-1.101274 1.635677
1.533409 -1.161710
1.222038 -0.403381
1.677168 0.155268
2.442670 0.128161
-1.206304 2.146941
1.249844 0.116276
0.111917 0.392584
2.058401 -0.439038
1.583650 -1.161143
-2.336228 -0.509563
0.317785 0.373821
2.754417 -0.259530
0.974281 -0.513145
-0.764325 0.617708
-2.408211 -0.523006
0.627282 -2.850200
-0.400303 0.960659
-1.001743 0.827023
-0.605214 -0.243194
1.660270 0.344929
0.379557 -1.668621
-0.586330 -2.032311
1.735186 0.092452
-1.350432 -0.155210
0.760140 -0.521739
0.688318 0.260811
-0.332590 -0.666741
-1.253999 2.034827
0.647099 -2.437742
