1000 2
0.927214 -0.966562
-1.988647 -0.727395
1.077298 0.287449
1.134506 -1.616465
-0.006168 -1.813415
-0.310779 -0.144272
0.035241 2.066357
-1.228054 -0.780648
1.579863 -1.175988
0.840993 0.406927
-1.728318 1.520356
-0.079979 0.598739
-1.930324 -0.396995
-1.258360 -0.866498
-1.231661 -0.818868
-0.247808 -1.580237
-1.486756 -1.140805
2.024220 -1.289566
-0.644430 1.964729
1.578577 0.283111
-1.116990 2.958659
0.836842 -1.196226
-0.194421 0.925430
0.220834 -2.392341
-1.964380 -0.966156
-0.294330 -0.132934
1.340531 -2.244277
0.415943 -2.027823
-0.924737 -1.465479
-0.920239 0.379340
-0.632915 0.750640
-0.947146 0.279409
-0.500064 1.344339
1.022519 -1.810246
0.028218 1.202848
-1.665443 -1.968056
-1.919211 1.434527
-1.104782 -0.811402
-0.867721 -1.583672
-1.178373 1.616575
-0.552319 -1.279941
-1.551845 -1.340503
-0.817738 0.755634
-1.051615 2.752837
-1.150997 -1.163263
-0.672484 2.972876
-1.316498 -1.109069
-1.945722 -1.129584
-1.966448 1.411002
-0.435488 1.246136
-0.927201 0.655106
1.475942 -1.175814
0.251809 2.645516
1.121658 -0.111811
1.139410 0.125344
-0.549448 1.869752
0.793272 -0.706211
-1.586860 -1.903945
-1.608630 -2.117598
-0.152990 -0.079989
0.023221 1.157641
0.479848 -1.039075
1.951055 -1.754225
-1.282650 1.699768
0.405423 -2.055714
-0.993572 2.444146
-1.430558 -0.845275
1.341012 -2.146978
0.020950 -1.718855
0.565404 -2.457350
-1.989071 1.416718
0.779422 -1.164447
0.794155 -0.837690
-0.852804 -1.583665
-1.946470 -0.718699
-0.747343 -1.171332
-0.653737 1.523819
-1.756075 1.843263
-0.770495 0.845166
1.118489 -1.541909
0.346163 2.486601
-1.077181 -0.826808
0.175235 2.687084
1.482665 -0.560385
0.123973 -2.439561
-2.032289 -1.009788
1.330191 -0.078574
0.997546 -1.033746
0.218923 2.810434
1.135469 0.387830
-1.278334 1.778094
-1.189850 3.009256
-1.483809 -2.064858
0.881251 0.444550
-1.493441 -1.845847
-0.958010 2.556267
1.282392 0.332567
-1.423155 1.551048
-1.871027 -2.067463
-1.801600 -2.278477
-0.548622 0.900356
-1.282259 1.429653
-1.047401 -0.729143
1.872117 -1.164159
-1.147451 -1.144146
1.266994 -1.853256
-1.328164 1.983038
-1.393306 -1.688766
-1.265840 1.708411
-2.153603 -0.759459
-0.423893 1.164823
0.058369 0.392771
-1.220614 -1.005505
0.500229 -1.982816
-0.119148 1.595606
-1.466473 -1.908598
-1.365448 2.217821
0.366901 -2.318743
-0.106225 1.158053
-0.563948 2.035036
-1.784082 1.847471
1.143966 0.357521
-0.968037 0.246249
0.143596 -1.437695
-1.215640 -0.780219
0.126992 -1.536862
-1.029258 2.074311
0.232547 -1.715573
-1.212430 3.055592
-1.625090 -1.967885
-0.256155 0.774182
0.927691 -1.031325
0.030401 -1.773830
0.117069 -2.562876
-0.231778 -0.079018
-1.853931 -0.787892
-0.714861 1.103576
-1.648729 -1.531511
-0.096749 1.118122
1.082948 0.332602
1.820429 0.294756
1.936278 0.186435
-0.942102 -0.618160
1.959988 0.319242
-0.013034 -2.078831
2.124187 -1.078057
-0.614259 0.654636
-0.254976 1.416928
-0.063913 -2.340550
0.218377 -1.840640
-2.050512 -0.596929
0.310398 -2.354612
-0.995437 -1.110418
-1.936611 -0.600932
-1.038987 2.967635
-0.270110 1.220060
1.243772 -0.379260
-2.122846 -0.745451
0.183654 0.060200
-2.153796 -1.085396
0.691777 -0.753340
1.970709 -1.719305
-0.743891 -1.565691
-1.163393 2.999531
1.024157 -0.854788
1.089084 -0.115926
1.207401 0.674574
-1.401606 -2.068480
-1.804580 -2.221403
1.444371 -1.097474
-0.294377 0.783284
1.179424 -1.010087
1.297137 -0.699889
0.997288 -0.359118
-0.969565 2.794014
-1.628439 -1.737528
0.689263 0.664668
-1.174040 -0.869526
1.312548 -0.150345
-0.765369 -1.486265
-0.362270 1.258715
1.583494 -0.480992
-0.236135 -1.605904
-1.353785 1.716100
0.589999 -2.465674
-0.482902 1.652958
0.946854 -0.161154
-0.053827 0.512069
-1.016409 1.528541
1.099432 0.290438
-0.622572 0.757101
0.073646 0.360305
-1.719486 -1.522822
1.323120 0.813512
-0.439899 0.820987
-1.063581 -0.669194
-1.785559 -0.696173
-0.145957 -1.965431
0.103461 1.217796
-1.433450 -0.815933
-0.645297 0.878825
-0.931788 2.365241
-0.771395 -1.356553
-1.515360 -0.684133
-1.089584 1.308033
-2.135479 -0.766483
-0.477577 1.060704
2.035202 -1.295850
-1.652929 -1.993106
-0.661805 1.148343
-1.227761 -0.875289
-0.893067 -1.159497
-0.873611 -1.230835
0.731886 -1.181814
-0.667169 1.065123
-1.674819 1.606152
-0.773591 -1.532173
1.496873 0.348859
2.019019 -1.174845
-1.700205 -1.515109
0.165370 2.478322
-1.936684 1.457500
0.176877 2.818047
-1.472703 -1.878421
-1.502810 -1.224181
0.568362 0.817463
0.864865 -0.794998
-0.205403 0.762065
0.533969 0.512447
1.672198 -0.477898
0.383554 2.400464
0.512947 -0.630975
-1.721476 -0.614016
-0.180235 0.011893
0.190981 2.743448
-1.269284 -1.098571
0.313971 -1.499045
-0.998749 1.298437
2.540851 -1.391995
-1.115229 1.327322
-0.257580 1.413419
0.178216 -1.799562
0.295992 2.634608
-1.851407 -2.064989
0.974414 0.121396
-0.868477 3.098769
1.402753 -0.048618
0.192356 -1.549629
-1.312244 1.585547
0.281306 2.377553
1.554716 0.334915
-1.100325 2.178204
-0.870178 -1.153287
0.430091 -2.049614
-1.369274 2.223370
-1.948970 1.450937
-2.213000 -1.124500
-1.274325 2.165017
-0.843012 1.099714
0.926617 -0.900157
1.503071 -0.262686
0.549346 0.730573
2.017437 0.260436
-1.324306 1.558596
-0.026360 0.483408
-0.271929 1.419445
-0.988899 -0.931081
-1.492052 -1.191891
0.812133 -1.473047
-0.962177 2.804755
-0.600163 1.946102
-0.745203 0.660487
-0.597916 1.088308
-1.905823 -2.239798
-1.021416 2.448311
0.821865 -1.298642
-1.119571 -1.049490
-0.135864 1.569990
2.527151 -1.386955
1.509424 -0.482285
0.764977 -1.021742
-1.886206 -2.280973
0.071960 1.132303
-2.051805 1.387738
-1.622124 -1.962888
0.981076 -0.723930
-0.983750 2.231975
-1.936404 -0.453603
2.447086 -1.375321
1.942832 0.208806
1.136170 -1.612960
0.500810 -2.154583
-1.486808 -1.112402
-0.851172 -1.598276
0.205544 -0.025402
0.028354 2.006217
-2.120912 -0.699825
0.953209 -1.052591
0.960607 0.202083
-1.001807 1.113155
0.960107 -1.782894
1.080515 0.194297
-0.486601 1.514867
-0.238115 -1.464454
0.693653 -1.024455
1.336699 0.085791
-0.216062 -0.054363
-1.585207 -2.123964
-0.144239 -1.985532
1.117375 0.398182
1.861938 -1.212718
0.467972 -1.365707
-0.347302 -1.527587
-0.202442 1.526690
1.352962 -2.311096
1.064426 -1.812736
-1.276488 1.699809
2.303178 -1.360890
1.279828 -0.926993
-1.024167 2.954103
0.061688 1.177722
-1.571144 -1.385374
0.275788 2.526727
-0.163486 0.626992
-1.585951 -1.919760
0.945025 -1.035044
-0.051344 -1.557725
1.577480 -1.212035
-1.796628 -2.266487
0.881769 -0.982405
0.176098 2.452851
2.049477 0.317323
-0.587106 1.149348
-1.695203 -1.590331
-1.549175 -1.435926
0.208127 -2.405212
-0.409010 1.334126
-0.983284 0.141075
-0.302620 0.828065
-1.785419 -1.535789
1.581458 -1.194193
-1.176069 -1.136205
-1.378125 2.222246
-1.758162 -2.021267
1.143374 -1.864328
-1.619188 -1.778369
1.188329 0.543513
0.520183 -2.106562
1.345424 -1.083308
0.423307 0.664396
-1.476530 -1.187285
-1.220564 -1.002410
-0.679335 -0.417057
-0.546982 1.074739
0.367541 2.400997
2.029574 0.224272
-2.102202 -0.594313
0.059084 0.332663
-1.927129 -2.333123
-2.205255 -1.106634
-0.580098 1.452675
-0.694092 2.945029
1.957112 0.184053
1.413257 -2.411301
-2.129198 -0.717529
0.619853 -1.780272
-0.375391 1.145496
0.761255 -0.950786
-0.712101 1.171184
1.720347 -0.501226
1.861127 0.145539
0.417445 -2.185655
-1.352861 -1.046064
-1.429160 -1.047757
1.474402 0.295318
0.603087 -2.491814
-0.339299 1.272217
0.212490 -2.428567
-0.995034 0.672894
0.538901 -1.585687
0.146787 -1.638942
-2.059739 1.405319
-0.100460 0.665742
1.320137 0.855871
0.663921 0.790993
0.153009 -1.756110
1.522301 0.161983
1.532780 -1.136171
-0.892047 3.125858
-0.498562 1.402181
-0.184335 -1.660949
-0.078907 1.136855
-1.335755 2.196313
1.411812 -0.098239
0.604940 -2.496753
-2.060723 1.355395
-0.633781 1.056201
-1.813807 1.875995
-1.531086 -1.206784
1.625710 -1.227008
2.021314 -1.127818
0.701805 0.478116
0.165713 2.540565
1.641040 -0.542786
-1.738701 -0.969760
-1.021124 2.730580
1.685943 -0.442349
1.143535 0.382850
1.122046 0.382821
-0.845995 2.085840
-2.011970 -0.835843
1.323974 -2.120827
-1.343872 1.927075
1.019906 -0.049308
-0.321067 1.380606
1.239204 -1.992357
0.632838 -0.720101
0.427089 2.402909
1.243231 -1.997943
-0.443334 1.441863
-0.619425 0.884533
-2.111473 -0.585877
-1.520925 -1.180483
1.253276 0.181882
2.271389 -1.228938
1.547540 -1.232428
-0.854406 3.099156
-0.386940 0.838524
-0.376935 0.490129
1.359260 0.054507
0.996293 0.172958
0.033404 -0.609253
-0.603993 0.708382
-0.321542 0.851924
-1.920492 -0.594877
-0.488087 2.877082
1.423419 -2.414717
-1.109368 -0.802832
-1.956966 1.461054
-1.402542 -1.251199
0.198442 -1.995546
2.096888 -1.657087
-0.187405 -0.047571
1.379914 -1.104338
-0.104925 -2.369365
-1.511569 -1.692330
-1.721436 -1.558725
0.099884 1.223152
-1.009355 -1.116319
0.210590 2.851989
-0.941742 3.149229
2.190606 -1.484484
0.014644 1.158123
2.054055 0.236205
0.596131 -2.477311
-0.417359 1.205452
1.345673 -0.187855
0.246523 -0.106380
0.874546 -0.975148
0.232094 2.634354
-0.308815 0.437178
1.017227 -0.147350
-0.053251 -1.650796
-1.244452 -0.812222
-0.276471 0.297691
0.154150 -2.491367
1.337752 0.861023
-0.742320 -1.545279
0.428441 0.758815
-0.410275 0.897374
0.008490 -1.889916
-0.274269 0.307187
0.114873 -2.561942
-0.886143 -1.164405
1.606615 0.327763
-1.014215 2.198963
-0.730964 0.682221
2.381898 -1.361627
-1.632858 -0.639268
1.114155 -1.227501
0.479255 -2.078680
-2.083684 -1.347962
0.143816 -2.538682
2.244438 -1.554711
-0.453888 1.556357
1.926183 0.330979
-1.080138 1.129202
1.958890 0.155879
1.140963 0.251880
2.116879 -1.422673
-0.105445 -0.098084
1.643580 -1.832578
1.923859 0.376992
-1.154212 2.987930
-0.840917 1.312995
1.330553 0.859964
2.025979 -1.785069
-1.534502 -0.858924
-1.111724 1.127365
-1.355944 -1.595763
0.183758 -1.396634
0.060945 -1.583213
1.089698 0.415182
-1.837558 1.894909
-1.460528 -1.888064
2.673037 -1.435192
1.522693 -0.388119
-1.236650 -0.860781
1.493675 -1.128909
1.928162 -1.797747
-0.944089 2.535733
-0.846937 -1.587673
-0.985953 2.689452
1.343818 0.843899
2.321404 -1.358901
-0.001448 -1.924501
-0.840458 1.094742
-1.890491 -0.763253
2.240443 -1.274000
-0.705158 -1.554285
0.879951 -1.123755
0.628774 -0.691169
-1.573532 -0.607117
1.883645 -0.999884
0.406046 2.409977
-0.696759 0.913665
-1.241908 -0.936514
1.327305 0.858331
0.015379 -1.781165
0.918779 -0.589358
1.114916 0.410287
0.898792 -1.011388
1.462591 -2.489801
-0.144240 -1.767262
1.291680 -2.069195
-0.625615 1.114480
0.175622 2.587084
1.981559 -1.823047
0.728528 -1.279799
0.093467 -2.612444
1.333978 -0.009989
2.036948 -1.294748
0.084312 1.189532
0.262000 2.656767
1.072732 -0.942041
-0.281404 0.238701
0.090567 1.216678
-0.318074 1.014828
-2.203873 -1.130921
-1.213966 -1.015132
-1.511511 -1.133837
-1.670758 1.746284
-1.930689 -0.583257
0.067317 0.891536
-2.024008 1.428726
-0.837703 -1.595120
1.138724 -1.830188
-1.255780 -1.048260
-0.877131 0.663508
-0.452699 1.293002
0.561380 -2.093957
1.949152 -1.833883
0.132728 -2.231172
-0.134578 1.580948
0.542784 -2.064926
1.688864 -0.456369
-0.853451 0.783443
1.668585 0.289272
-1.336112 1.688572
-0.744430 -1.218841
-0.017289 -2.427387
2.242248 -1.343248
-0.643939 -1.156935
2.575967 -1.402252
-1.808668 1.875537
-1.746929 -1.628364
0.784177 -1.067496
-1.320174 2.104999
-1.127484 2.169491
-1.361476 2.188096
-0.792443 -1.057326
-1.624048 -0.948953
0.263168 2.442647
1.058780 -1.587942
-1.194337 1.712924
-0.071586 -2.439981
-1.442763 -1.776354
-1.504256 -1.874651
1.576330 0.315929
-2.028493 -0.881549
-0.203286 1.004340
1.653104 0.283228
0.930685 -0.229097
2.692496 -1.444840
0.380392 -2.331119
-2.150236 -0.734188
0.779417 -0.675592
0.168738 -2.445161
0.247958 -1.555199
1.413884 -1.231932
-1.999265 -0.842070
-0.758198 1.079505
1.310663 -2.157118
1.334437 0.860490
-0.565657 2.052917
-2.030568 -1.063042
-0.597819 2.009916
-0.089355 -2.413360
1.241359 0.630356
-0.911210 2.118888
1.026631 0.209279
-1.102756 -0.903833
-1.595199 1.666943
-0.525041 1.357910
-1.067177 -1.037821
-0.375999 1.336450
2.025679 0.258111
-0.471858 0.998388
-0.215562 0.129936
1.535178 -1.190230
2.118341 -1.393711
-0.447483 1.152074
0.609449 -1.871977
-0.922519 2.911851
0.750247 -1.955423
0.029509 -1.796253
2.077602 -1.293369
1.196710 -1.839138
-0.635057 1.956280
-0.407645 0.825558
0.502798 -2.135268
-0.065755 -1.563505
-1.764315 -1.548649
2.101945 -1.400423
-0.827825 -1.524296
1.268232 0.687157
-0.448818 1.116343
1.673675 -0.960939
-0.784526 1.709967
1.764249 -1.175750
1.529598 -0.516344
-1.917239 -0.532729
1.357466 0.853856
-0.084115 -2.432074
1.314430 -2.113200
-2.140154 -0.831980
-1.106484 -0.673316
0.828372 -0.981900
1.095566 -0.992228
-1.334967 2.185855
0.184917 -1.348523
-2.072121 1.355901
-1.475341 -1.857784
0.112220 -1.477108
-0.272902 -1.583067
0.136992 2.828961
-0.220892 -0.045447
-1.857906 -2.242484
-0.969683 0.204626
1.005387 -1.286292
1.000638 -0.841959
-1.960192 -0.662012
-0.345575 0.584694
-0.202567 0.933423
-1.234180 3.056346
1.773405 -1.192548
-0.389282 0.788513
-1.671326 -0.692590
-0.419940 -1.424670
1.195685 0.356837
-0.720310 0.900656
0.275773 -1.896504
2.041554 -1.731371
0.681505 -1.674570
0.167430 -1.810475
-1.766364 -1.493597
0.026855 -1.775634
-0.383434 0.897448
-1.714484 -1.594396
1.175249 0.055301
1.483517 -0.194546
-0.045967 -2.383232
1.775869 0.070252
2.708303 -1.449123
0.154107 -1.369179
1.547174 0.219335
2.053869 -1.311687
0.935221 -0.596794
-1.305171 -0.867520
-1.199367 -1.088530
-0.363995 0.764056
-0.565257 1.881735
0.529895 -2.204174
0.301745 -1.510442
0.478170 -2.149583
-0.918374 0.296366
1.187419 0.650505
-0.559979 2.078210
-0.743524 0.899137
0.231613 2.733641
0.215162 2.768367
2.153499 -1.337074
2.190818 -1.583570
-0.176261 -2.028219
-0.113919 1.595472
-0.463217 0.931357
-1.413604 -2.099515
-0.957995 1.230581
-2.001050 -0.704027
-0.349355 1.025876
2.035222 -1.084333
0.754237 0.547993
-1.095013 -0.792066
0.061166 2.043334
-2.063975 -0.722818
2.211423 -1.425039
1.913873 -1.826382
-2.192802 -1.133264
-0.578446 0.941160
0.057773 -2.094461
-1.014811 2.081175
0.368417 -2.329103
-2.011639 1.392402
-1.358265 2.207173
-2.011125 -1.006078
-0.106535 1.599913
-0.183209 1.117634
1.708910 -1.153976
2.296528 -1.158974
0.155712 -2.508339
-1.353920 2.099126
0.160517 2.389353
1.718771 -0.492103
2.225973 -1.502112
-1.021966 2.059042
0.092715 0.865095
-0.003974 -2.509988
1.756429 -1.143409
1.057520 -1.090096
-0.612208 2.798395
-1.162905 -1.036151
-2.091761 -0.740378
0.992474 -1.065920
-0.317724 -1.557940
-0.752199 -1.565142
0.009543 -1.891326
2.015666 -1.321743
1.967795 -1.051883
-0.407306 1.219017
-0.156558 -1.987837
1.106904 0.161839
-0.612843 -1.328051
-1.408761 -1.947792
2.235984 -1.381264
1.565669 0.339646
-0.881339 -1.041723
1.009756 -1.341442
-0.022060 1.155830
0.020328 1.181569
1.501924 -0.515122
0.925979 -0.324513
1.135350 -1.023221
-1.259783 3.110113
2.687502 -1.443467
-0.430515 0.952030
1.060236 -1.369209
1.930924 -1.851665
-1.623868 -1.872483
0.168411 -1.730263
-0.840268 0.642837
-0.389326 1.184842
-0.263129 0.106844
-0.169352 -1.985531
0.272913 2.597141
1.202687 -0.526288
0.227809 2.798438
-1.810723 -2.315378
0.832592 -0.840664
-0.446118 1.050200
-0.917369 0.322485
-1.670438 1.733001
0.354293 2.565068
-0.539825 0.983265
-0.429429 1.329467
1.053981 -0.126084
-0.446726 1.081338
-0.383825 1.362446
-0.665468 0.889694
2.226355 -1.383115
0.755828 -0.905188
0.215905 2.407311
-0.543678 1.485866
-1.812914 -1.515959
-1.672242 -1.542322
0.410667 -1.647358
-0.574411 0.839672
-0.496055 1.730588
1.005737 -1.170153
-0.875216 0.743779
2.112269 -1.723216
-1.041918 2.846552
-0.748079 2.871267
-0.678786 1.375092
0.097803 -1.460137
-1.118586 -1.032007
-0.607913 0.937667
-1.760725 1.817896
-0.329048 1.197532
-0.008216 -1.570902
1.954674 0.168987
-1.856313 -1.042317
2.043534 0.343550
0.217598 -1.394064
1.133895 -0.635370
-1.679482 -0.663102
-1.765395 -2.189399
2.129633 -1.326510
1.357254 -0.261434
-0.054737 -1.877225
0.277044 2.679401
-0.564517 2.103006
-0.826125 2.799534
-0.082750 -1.798366
-0.756787 2.924927
2.023996 -1.122830
1.860407 0.330415
2.038633 0.190157
0.101022 -2.609506
0.885659 -0.742896
1.541428 -1.220636
0.679524 0.780904
1.387930 -2.375233
-0.556259 1.113222
1.388024 -0.145643
1.149756 -0.089257
-0.498189 0.983907
-1.264640 1.680487
0.983076 -1.167379
0.384856 -2.326433
1.454550 -2.479700
-0.704181 2.955076
-0.408426 1.070083
-1.505427 -1.825888
-0.039651 -1.887780
-0.078464 -2.484715
2.228395 -1.147920
-0.526348 1.487283
-0.589461 1.391925
0.402710 -2.328966
-1.504907 -1.660177
0.112672 -1.734815
-0.526951 1.254781
0.951916 -0.900896
-1.228600 3.039556
-1.815188 -2.283730
2.217884 -1.318836
-0.279219 0.993323
-1.163004 1.152379
0.906359 -0.930625
1.334653 0.849888
-1.086855 -0.552929
0.831011 -1.194065
0.971308 -0.904579
-1.493222 -1.878025
-0.352769 1.147826
2.593837 -1.388808
-0.164245 -1.610394
-0.858596 1.095043
0.025565 -1.915168
1.999003 0.199136
-1.074419 1.117656
-0.921551 0.406100
-1.804844 1.873978
2.258454 -1.562373
1.951034 -1.819813
1.202616 0.440390
1.015853 -0.143420
-0.842409 2.960327
0.787127 -1.553814
-1.163371 1.157920
0.295590 2.657121
1.126556 -0.930437
-1.799186 1.850054
2.052330 -1.056105
0.302767 2.658036
-1.334983 1.740042
1.537187 -1.211508
0.625576 -1.211127
1.332341 -2.141059
-1.006196 2.195954
0.906995 -0.619003
-0.614297 0.913191
1.282544 -2.058737
0.727682 -1.158615
1.741239 -1.160106
-0.007917 -1.949301
-0.559474 1.953988
-1.946939 -2.194406
0.131786 1.146504
-1.107698 -1.849372
-1.638342 -1.764447
-1.181997 -1.125060
2.066460 0.318641
2.221683 -1.236210
1.386420 -2.344482
-0.251688 0.116905
-0.070079 0.940885
-1.310015 -1.849740
-1.091937 -1.074353
-0.873594 0.638411
-1.141479 1.969110
-1.173092 -1.080385
1.522021 -0.191611
-1.415679 -2.079599
2.007076 -1.341753
0.332540 -1.503930
-1.721543 -0.599323
-1.262393 1.783127
0.743162 -1.318686
2.091995 -1.359151
-0.948710 2.738697
-0.665716 2.988876
1.124788 -1.020910
-1.209792 -1.029854
-0.016487 -1.684041
1.550685 -1.235901
0.752726 -1.505777
-1.677537 -2.207242
-1.767161 -2.129011
0.596327 -2.479345
-0.905402 3.203597
-1.820022 -2.310862
0.498457 -2.095005
-1.260895 -0.771822
1.107770 0.423891
2.104748 -1.412123
-0.371227 1.093308
-1.189377 3.057576
0.561440 -1.185725
-0.801159 -1.522385
-0.655224 1.108882
2.613292 -1.417084
-1.888659 -2.096604
-1.838078 1.895991
-0.237797 0.055117
0.797181 -0.743362
-2.146509 -0.750086
1.226621 0.601668
2.648528 -1.423627
-0.190095 1.128191
0.585336 -2.116024
0.526382 -2.094806
-0.756193 -1.555707
0.993590 -1.173011
-0.846126 0.671771
0.682195 -0.821736
-2.043606 -1.041683
2.525621 -1.392305
1.521437 -0.192218
-1.900432 -2.275444
-0.413036 -1.363544
0.181762 2.289474
-0.925657 3.162902
1.092767 -1.434247
0.037486 1.188040
1.346787 -2.239837
1.093575 0.405472
-0.000067 -2.395561
-0.615456 3.078296
1.549302 -1.153912
0.040336 1.952475
-0.045229 -1.548896
1.237351 -1.910886
0.941608 -0.900663
1.282237 -0.967123
0.377413 2.423256
0.460256 -0.382920
0.045911 0.409958
0.727323 -1.394979
-0.081062 -1.567831
-0.889962 2.981492
0.074902 0.349009
1.877003 -1.827250
1.320993 -2.138900
-0.694876 1.096348
-0.928514 3.057637
-1.415354 -1.976933
0.116941 1.153259
-0.135908 1.533933
-0.859131 0.580940
1.118082 -0.778516
-1.194703 -0.977712
-2.213645 -0.810404
1.012249 -0.976297
-0.551711 2.034088
1.445120 -2.466742
0.208073 -0.009585
-0.965544 0.220539
0.377645 2.537675
-1.793594 -1.644828
