500 2
-0.519593 1.292934
0.146254 0.207871
-1.527217 0.951231
1.496803 0.123593
-2.537918 1.542810
-1.026564 -0.995079
0.735999 0.889436
-2.957473 1.013094
0.067796 -1.185545
0.961281 -0.473417
-2.367220 1.253969
-2.707192 1.287308
0.472349 0.116950
-1.315247 0.515270
-1.261952 0.865416
-2.639972 1.213380
-1.865981 -0.122504
0.548693 1.014176
-1.072822 -0.728989
0.417572 -0.826744
0.423941 0.320371
-0.424997 0.958498
-1.828200 -0.171746
-0.846738 -0.421753
1.190691 0.220731
-2.539490 1.556849
-1.928582 1.197960
-2.157406 0.758725
-2.850928 1.358770
0.539325 -0.696604
0.339876 -0.648039
-1.882564 -0.205532
1.005054 0.335317
0.584079 -0.085305
0.231128 0.521889
1.140391 0.177559
-1.820236 1.327390
1.285220 0.479160
-2.394125 1.032559
1.373159 0.507037
-1.076066 0.637288
-0.497501 1.374122
-1.296518 0.714051
0.644376 0.088033
-2.864021 0.961155
0.311371 -0.964877
-0.024068 0.563569
-0.353504 0.851151
0.344343 -0.042091
-0.974888 -0.629286
-2.597789 1.599761
-0.091795 -0.125762
-0.081380 -1.047226
-0.310242 0.419439
-2.142985 0.697737
0.792495 -0.445066
-2.383726 1.220375
-0.999514 0.216127
-2.670982 1.320757
-1.920218 -0.104144
0.481743 0.020908
-1.550560 0.815709
-2.286779 0.990526
-0.961372 -1.060456
0.285118 -0.840320
0.294741 -0.748494
-2.895038 1.035414
1.247577 0.065572
0.166972 -0.721126
0.828768 0.919350
-2.087589 0.951148
-1.742623 0.410277
-0.820182 0.829534
-2.854126 1.000809
-1.356013 0.787084
0.536998 0.039913
-1.241401 0.800264
-1.123731 -0.562174
-2.515525 0.995790
-1.293679 0.741938
0.264959 -0.881033
-1.777448 -0.123836
0.468083 0.505764
-1.523297 0.354542
-2.694636 0.955518
0.837840 -0.866640
-1.228700 -0.243122
-2.352291 1.159380
0.853291 -0.962978
-0.020601 -0.899827
-0.331011 0.068263
-1.328034 -1.278074
-1.223072 -1.243135
-1.214829 -0.387818
0.568869 0.466178
-1.147829 0.743216
0.909428 -0.599406
0.602543 -0.002244
1.245543 0.115462
-1.335144 0.669810
0.509338 0.776991
-1.915496 1.021760
-0.379820 -0.526136
-1.101037 -0.720740
-0.579913 0.699592
-0.023916 0.277066
0.873147 -0.616349
-0.080887 -0.685018
0.079750 0.686880
-0.935733 -0.305711
-1.813932 0.261784
-1.351798 -1.478961
0.659598 0.841909
-0.572027 1.161754
-1.647390 1.243294
-0.945619 -0.896337
-0.651431 -0.319248
0.348898 0.179508
-0.841164 1.102117
-2.439163 1.511341
0.245812 -1.013700
-0.058043 -0.070190
-1.205257 -0.067141
1.117881 0.533630
1.062469 0.028996
0.038470 0.902273
0.445524 0.025326
0.767858 -0.954022
-0.443286 -0.487479
-1.971369 0.486187
1.187311 0.624972
-0.114859 -0.877412
0.481167 0.129346
-2.908302 1.007640
-0.987204 -0.968054
1.337872 0.196304
-0.480280 1.356697
-1.542387 1.245804
0.910299 -0.752929
-2.313032 0.976349
-0.696930 0.918030
-2.624069 1.558016
-1.300973 -0.146726
-1.129333 -0.836075
0.096899 0.718706
-2.019450 0.917157
-0.053831 0.434610
-1.893940 -0.209315
-0.119062 -0.980869
0.791318 0.861276
1.143191 0.274232
-2.774203 1.245752
-1.822231 -0.180486
0.881497 0.990571
-2.460824 1.282415
0.566613 -0.472810
-2.153191 0.723879
0.524066 0.914253
-1.254180 0.828360
-2.888140 1.459127
0.321886 0.312629
-1.071736 -0.928946
-0.343909 0.762042
-1.853015 0.344440
-1.388373 0.893811
0.400049 -0.415119
-0.005178 -0.190333
-0.429207 -0.081742
-2.329839 0.929313
-3.091145 1.014356
0.253775 0.120552
1.154078 0.218386
-0.008597 -1.216519
-2.413217 0.861455
-0.097900 0.209387
-0.019525 0.856149
-0.086653 0.187588
-0.046843 0.188598
-0.904773 0.925071
-2.259050 1.395940
-0.707306 -0.972104
-0.652207 -0.339186
0.044817 -1.257138
-0.720076 1.230529
0.954167 -0.799691
0.206242 -0.587541
-0.031872 -0.608791
0.106591 -0.788643
0.854821 -0.992060
0.934967 -0.848670
1.181966 0.334818
-1.968126 -0.157501
0.035850 0.322916
-1.695004 1.366344
0.547981 -0.756057
-1.178388 -0.055728
0.493638 0.481838
1.290268 0.071893
0.102403 0.719517
0.843022 -0.996527
-0.467337 1.208048
-0.631621 1.275821
0.511433 0.013744
-2.780383 1.099280
-2.305270 1.094583
-2.883055 1.412314
-1.711180 1.066221
-1.025012 -0.944233
0.722181 -0.526526
-2.488683 1.627086
0.039565 -1.298415
0.929871 -0.726190
0.398192 0.455004
-1.090713 -1.128909
-2.853452 1.269019
0.359976 0.111137
-0.066725 -1.169933
0.003116 0.128013
-1.943204 0.944217
-1.333929 -1.511219
0.466342 0.437316
-1.441114 1.090613
-1.636298 -0.068938
-0.474538 0.705593
-0.614454 1.320397
0.140125 0.110562
-1.849549 0.458726
-1.118325 -0.164203
-1.238812 0.766083
-0.037441 -0.020596
0.602244 -0.675543
-0.052696 -0.284915
-1.551918 1.174662
-2.310187 0.905995
-0.440080 1.150763
-0.263606 0.169704
0.406007 0.205479
-1.469543 0.665106
0.994930 0.324545
0.564514 0.051732
-0.693218 1.041616
-0.483154 1.385024
0.003668 0.938452
-2.869493 1.413788
1.298611 0.182712
-2.441471 1.495597
0.724667 -0.688261
-1.355586 -1.202284
1.163152 0.652008
0.460162 0.417811
0.239671 -0.063129
0.447708 -0.813040
-0.460949 -0.300328
1.012785 -0.576864
-0.912864 -0.353116
0.142787 -0.764037
-1.599378 0.779110
-0.291413 0.411451
0.113582 -0.819958
-1.399525 -1.120081
1.199504 0.235749
-0.562248 1.428507
-0.637447 1.254723
-3.120432 1.042962
1.534807 0.122069
0.176067 0.483913
-1.112570 -0.839697
-2.775387 1.160934
-2.506813 1.408914
1.067189 -0.556006
0.514797 0.987101
0.591458 0.076722
-1.135153 -0.793097
-2.354532 0.871231
-1.362262 0.993952
-1.241702 -0.993174
-3.145861 1.047227
1.329890 0.574751
-2.836731 1.333308
-1.145181 0.441456
0.662397 -0.895433
-0.465502 -0.519557
-1.068313 -0.366970
0.579588 -0.243223
0.413300 -0.827565
-1.944201 -0.135212
-2.826895 1.317962
-1.711043 1.354456
0.160661 -0.695747
-0.994113 -0.508354
0.112917 0.815067
-0.195164 -0.440918
-0.002510 0.195677
0.027028 -1.153020
0.057246 0.221514
-1.414352 -1.125886
0.282337 -0.571991
-0.597741 -0.343533
-0.641424 -0.209759
-0.996441 -0.921773
0.549225 -0.827458
0.024782 0.599817
0.608396 0.425194
1.331435 0.337716
1.284683 0.058871
0.278316 0.126200
-0.287115 0.655509
-0.137641 -0.905006
0.808690 -0.991943
1.545801 0.096743
-0.116624 0.294184
-2.452389 1.022062
-1.066171 -0.773269
-0.283911 -0.368044
-3.138177 1.047810
-0.985851 -1.068087
-1.670384 1.374758
0.221491 -0.632395
-1.985960 -0.160335
1.359724 0.119053
0.268439 -0.271456
-0.647136 -0.930327
-1.625643 1.233207
1.199246 0.041221
1.211003 0.033745
-0.316332 -0.411296
-2.412940 1.542968
-1.384790 -1.130432
-1.217829 -0.958608
-0.099351 -0.186656
-0.051501 0.346448
-3.074522 0.975162
-1.637857 1.193517
-2.537580 1.606811
0.793241 0.382392
-1.046875 -0.967134
-2.936127 1.301645
0.596569 -0.618722
0.919289 -0.757580
0.859046 1.021152
-0.483865 1.165257
-0.877030 -0.820783
-1.341606 0.592886
1.009526 -0.380020
-2.644045 1.547068
0.613442 -0.666619
-0.125283 -0.741795
-0.024993 -0.284574
-0.821129 -0.177389
-1.123178 -0.815421
1.315242 0.647773
-1.711847 1.433153
-0.550948 0.798731
0.684552 -0.245418
0.007443 -0.784899
-2.731773 1.444154
-0.109093 0.263610
-1.309198 0.878921
1.344180 0.575051
-1.538405 0.610235
1.461743 0.039765
0.299525 -0.670333
-1.164513 -1.221221
-0.589500 1.420455
0.731676 0.524552
0.461499 0.223907
-1.317420 -1.512628
-0.771543 -0.281309
0.338150 -0.052498
-1.941788 0.416271
-2.646215 0.978517
-1.828621 0.195804
0.158836 0.559729
-0.896506 -0.473728
-1.808844 0.145900
0.792222 -0.715999
-1.486168 0.167936
-0.606078 -0.300642
-0.779986 1.136616
-0.490458 1.343840
0.043180 -1.265721
-0.025286 -0.068757
1.070743 0.302050
-1.362872 0.178560
-0.075231 -0.099844
0.111401 -1.059378
-0.955361 -1.064276
0.757706 0.470068
0.572256 -0.699446
0.100732 -0.866188
-0.197719 0.436168
0.364616 0.292783
-2.233344 0.737843
1.027552 0.329951
0.035497 -0.045591
-1.324589 -1.513398
0.176722 -0.757273
-2.340418 1.375983
-1.056422 0.781491
0.238622 -0.691186
-0.339527 0.436675
-0.933099 -0.717130
-2.913963 1.028146
-2.700794 1.479272
1.062556 0.005619
0.144170 -1.004429
1.600711 0.120637
-2.918182 1.414864
0.643842 -0.898315
-1.093137 -0.285225
-2.213887 0.704896
1.424851 0.513345
1.319682 0.349894
-0.495581 1.461876
-0.358676 0.602751
1.061554 0.571552
-1.190700 0.827242
-1.335652 -1.495202
0.932831 -0.808783
-2.128355 0.620796
0.880003 1.057529
-0.269067 -0.414534
-0.741986 0.667494
-2.737371 1.409140
-0.069098 -0.091006
-2.306068 1.407292
-1.069780 -0.910591
-2.650602 1.543006
-0.892021 -1.068779
-0.089398 -0.885639
0.997564 -0.771257
0.720198 0.582583
0.033874 -1.176218
0.396836 -0.429659
-2.513483 1.572883
-3.034081 1.223139
1.463011 0.338413
-1.365518 -1.406700
-0.715054 1.057150
0.477667 0.422297
-2.785030 1.362756
-1.120472 0.321467
-1.697153 1.331353
0.885962 -0.767007
1.205917 -0.003330
0.081941 0.508256
0.336775 0.411259
0.497380 0.919688
-0.582493 -0.228976
-0.340793 0.222489
-0.955478 0.807232
-1.823665 0.085585
-1.167594 -1.012383
-2.791304 1.174691
-0.017616 0.813258
-1.261581 0.551298
-0.290175 0.415655
0.004423 0.260672
-0.304128 0.415532
-0.197834 -0.615640
-0.278736 0.586893
-0.490370 -0.296065
-0.300077 0.777334
-2.975532 1.094698
1.376438 0.168756
-1.237838 -1.025620
0.865742 -0.844341
0.163287 -0.254764
-0.010083 -0.957957
-0.060527 0.161464
-1.093149 0.750824
-0.407329 0.526993
1.277418 0.200742
0.148794 0.519792
-1.674242 -0.272647
-1.022807 -1.060193
0.308638 0.194203
0.687793 -0.219516
1.289529 0.142573
1.277570 0.600280
-2.052072 0.545886
0.765304 -0.937519
0.603168 0.395462
-2.783229 1.137114
-0.216374 0.357248
0.287937 0.312602
-1.252368 -1.363483
0.254514 0.138765
-0.679177 1.248710
-0.746701 -0.304087
-0.367980 -0.334759
-1.674602 0.005551
-1.243892 0.654031
0.239278 -0.714566
-0.476961 -0.151418
0.669733 -0.182113
0.204728 0.483846
0.714118 0.523030
0.167270 0.579721
-1.269313 -1.272973
