300 2
0.500205 -1.085341
-0.844925 0.300107
0.412548 2.395739
1.204232 1.058285
-0.712537 0.317710
0.723287 -1.149177
1.383518 0.243528
0.800662 -0.878094
-0.674035 0.979470
0.420243 2.021399
0.502845 2.247192
-0.385686 -0.871704
0.358858 0.651385
-0.323444 -0.812672
0.771547 -1.074004
0.182610 0.686887
-0.952312 0.440234
-0.154256 3.162557
-0.777215 0.499560
1.019307 -0.847893
-0.198103 3.176115
-0.030300 3.072488
-0.643539 1.045200
0.573162 2.437912
-0.680484 0.139461
-0.989615 0.235789
0.138959 -0.791907
-0.272702 -0.844925
0.254195 -0.095503
0.173989 2.837981
0.223476 0.881869
1.379135 1.086952
0.361545 1.617326
0.079348 2.878794
1.022814 -2.149517
0.760806 -0.769010
-1.106818 0.322607
1.337753 0.882591
0.455744 -0.744777
-0.765367 2.110777
0.024789 3.095248
1.303995 0.104097
-0.281457 1.789796
0.218716 2.872938
-0.028995 3.085404
-0.009629 2.960414
0.506920 -1.938671
-0.016322 2.660923
-1.565526 0.180359
-1.035051 0.197322
-0.326177 2.419203
-2.227703 0.077419
-0.075664 -0.884255
0.921430 0.475489
0.662577 -2.078617
0.677164 -1.182878
0.466036 0.673116
-0.618599 0.692822
-0.183577 2.948000
-0.292703 -2.234446
-0.212593 1.852724
-2.250007 0.125561
0.609851 -0.927723
-2.394032 0.136411
-0.750987 0.197000
0.982835 -2.148545
-0.859665 0.535062
-1.314453 0.289762
0.949438 -1.950538
-2.401426 0.185547
0.519234 2.420904
1.116632 0.300834
1.092737 0.366166
1.101664 -2.004292
0.797335 -0.817750
-0.808215 2.161675
0.136212 3.122052
0.641933 0.785794
0.761731 0.519280
0.234536 -1.015512
-0.889020 0.517072
0.390159 -1.540219
1.536529 1.030136
0.359355 -1.591437
0.287960 -1.350363
0.332983 -1.043354
0.222998 0.660066
1.543409 1.093117
-0.170322 0.389403
0.225260 -0.082602
1.090315 0.347221
-0.587164 1.078280
-2.342196 0.200632
-1.276782 -0.082667
-0.128752 -2.224047
-0.129458 -2.241711
-0.250800 -2.431979
-0.676022 1.021404
1.102713 -2.413663
0.934532 -1.737579
-0.877041 2.179743
1.249543 0.868671
0.799344 -1.491126
0.975144 -1.840129
1.290823 0.866260
-1.616736 0.244612
-2.375128 0.117171
-1.418417 0.009940
-1.470920 0.091393
0.549536 2.390116
0.086191 2.869746
-0.944528 0.391455
0.279624 0.583457
-0.733561 0.182354
-0.907886 2.198680
0.476942 1.950141
-0.533808 2.131885
-0.229955 3.081949
-0.548846 2.316245
-0.668766 0.766250
1.470091 1.142913
0.242106 0.802564
1.288448 1.230302
1.501045 1.119983
0.822879 -2.121495
-0.631135 0.879645
0.973650 -2.327928
-0.934454 0.263738
-0.620362 1.072615
0.678541 -1.156303
-0.269737 3.081345
-0.753301 2.105850
0.671466 -0.942855
1.429396 0.946926
1.568976 1.051828
-0.232148 -0.834294
-1.237218 -0.057644
0.215324 3.118207
0.944678 -0.838119
0.358332 -1.852143
-1.682272 0.272736
1.081552 0.417924
0.951715 -1.870397
0.440025 -0.796861
-1.119885 -0.590072
-0.285884 2.090908
0.479269 2.137201
0.233651 0.631321
-1.684853 0.207475
1.072991 -2.320537
-0.534944 0.329717
0.828605 -0.782330
-0.703248 0.218842
-1.144316 0.311255
0.099006 0.646605
0.644778 0.820953
1.145065 -2.012873
0.090798 2.947619
1.098775 -0.829986
-0.256456 -2.459673
1.102874 -0.844878
0.180465 3.140019
-1.987011 0.151834
-2.432005 0.195150
0.624726 -1.091021
1.021162 -2.372575
-0.217454 -2.380151
-0.072663 -2.289292
-1.279575 0.002751
-1.363600 -0.141801
1.267377 -0.096080
0.222143 2.897746
0.449663 2.449826
-1.307622 -0.088597
1.418817 0.296198
1.122006 -0.844872
1.145679 0.298089
-0.443418 -0.216128
1.243609 1.137190
1.283749 1.095861
1.092807 -2.405818
0.185614 3.177005
-1.138971 0.087462
-2.269056 0.062059
1.051247 0.057274
1.159966 -0.807233
1.244664 -0.143692
-0.627584 1.956748
0.200841 1.190588
1.125068 -2.459904
1.087708 -1.977633
0.452006 -0.108943
-0.879763 0.583252
0.334119 0.720201
-0.347696 0.328711
-0.635025 0.494973
-0.048418 -2.246653
0.058645 -0.818387
0.453672 1.938450
1.236707 0.377970
-0.340460 2.404697
-0.164168 2.787255
0.253151 1.853548
0.772892 -1.113891
0.209045 2.989890
-1.386838 -0.175527
0.161511 3.048918
1.337439 1.318854
-2.389458 0.145940
-0.366296 -0.886804
1.136776 0.333440
0.416890 2.685411
-0.397534 2.194669
-0.620248 -0.003583
-0.647385 2.027090
0.514737 2.354817
-0.251957 1.814939
-0.238432 -0.814546
-2.291814 0.046771
0.205737 3.055866
0.440827 -1.953991
-1.360160 -0.011849
0.486333 2.420694
-0.197219 1.876786
0.690661 -0.683542
0.628819 -0.993509
-0.645105 2.085267
-0.080673 2.993127
-0.319605 1.977675
1.299354 0.138206
1.023236 0.849157
-1.173956 -0.056397
-0.599703 2.207712
0.682369 0.809018
0.532348 -0.654957
0.346656 -1.764943
-0.322914 0.313505
0.442364 -0.934947
0.714448 -0.914364
0.285348 1.851801
-0.331788 -0.865545
0.791052 -1.945174
-0.786528 2.137131
0.358651 2.687891
0.567043 -2.058093
0.471943 -1.124617
-0.701175 0.761571
-0.037101 -2.186438
-0.577223 0.285450
0.551729 -2.077224
-0.753534 0.627239
-0.843973 0.459616
0.400597 -1.902305
0.789284 -1.032311
0.554653 0.751236
0.431727 -1.853134
0.136835 1.040946
-0.162888 -2.316528
-1.462325 0.208605
-0.211743 -2.386010
1.179611 0.733229
1.470018 1.079344
0.100707 0.752504
0.165314 0.638788
0.426616 -1.948356
0.460008 2.581771
1.298329 1.238737
-0.213077 -0.826551
1.231689 1.025908
-0.236007 -0.494539
-1.641737 0.140039
1.325735 0.339142
1.000469 -2.254682
-0.335583 1.782321
0.295994 1.854530
1.223136 0.222596
0.878781 -2.054008
1.031976 0.436946
0.405943 1.905312
-2.271993 0.162529
-0.726697 0.358441
0.849187 -1.614235
1.295248 0.131839
-0.164048 1.439851
1.038402 -2.242511
0.272547 0.799155
1.011395 -2.161496
-0.500109 2.299785
-0.160560 -2.255098
0.572458 0.623056
-0.349898 -2.105535
0.198352 -0.910730
0.108469 0.079814
1.337431 1.321383
0.333513 0.713042
0.448520 -0.997128
-0.141101 3.049829
1.206346 -0.161949
0.507263 -1.701160
-1.045485 0.168125
