500 2
0.083953 -0.971395
1.439650 -0.617994
-0.187695 0.046885
1.798004 -1.974640
-1.412930 0.917540
1.257681 1.012162
1.078492 -1.438896
-1.496057 0.377218
2.237580 0.318442
2.489788 -0.926288
-0.989271 0.829352
-1.348554 0.578745
1.524852 -0.838283
0.110106 0.099425
-0.153481 -0.264085
-1.425628 0.654106
0.201566 0.936893
0.933894 -1.458907
1.003078 0.964126
2.269064 -0.041297
1.715260 -0.796360
0.455085 -0.804987
0.246073 0.973504
1.015546 0.490112
1.754497 -1.512549
-1.408912 0.914147
-0.663384 0.193697
-0.635389 0.613784
-1.641670 0.735162
2.282203 -0.581086
2.138321 -0.173617
0.218198 0.991036
1.536548 -1.460257
1.904538 -0.835668
1.210945 -0.943893
1.733733 -1.699521
-0.761363 0.122663
1.928452 -1.544692
-1.006119 0.584872
1.982154 -1.597688
0.750711 0.187565
0.053769 -1.017740
-0.155869 -0.134799
1.478064 -1.395921
-1.448576 0.373364
2.294608 0.053603
1.518655 -0.862070
0.511013 -0.789869
1.571522 -0.674978
0.995165 0.604925
-1.252233 0.988225
1.490851 -0.303210
2.021981 0.360915
0.792171 -0.511672
-0.538315 0.627759
2.349500 -0.670495
-0.984341 0.812327
0.469093 0.133625
-1.335266 0.689358
0.186155 0.956468
1.393304 -1.248838
-0.356799 0.155799
-0.852527 0.701815
1.324728 1.091212
2.142470 -0.114107
2.163083 -0.098192
-1.586115 0.502503
1.634884 -1.855572
2.109469 -0.093727
1.091151 -1.552007
-0.730623 0.441277
-0.114067 0.452097
-0.004057 -0.255057
-1.420693 0.487385
-0.201007 -0.108688
1.629984 -0.924028
-0.131098 -0.128397
0.950929 0.736719
-1.197555 0.416991
-0.108425 -0.118754
2.123310 0.058523
0.249202 0.847268
1.654551 -0.783767
0.074593 0.269663
-1.303559 0.444992
2.446627 -0.552711
0.575819 0.549721
-0.883711 0.830807
2.576986 -0.455770
1.915430 0.154268
1.128138 -0.234172
1.307220 1.588809
1.338356 1.425333
0.666399 0.621059
1.571730 -0.966045
-0.086115 -0.280327
2.566186 -0.857231
1.413523 -1.318648
1.638854 -1.662279
-0.101614 -0.076536
1.044803 -1.229523
-0.683900 0.255067
1.551670 0.170665
1.003281 0.836744
0.563828 -0.519783
1.229425 -0.528712
2.456991 -0.749044
1.888843 0.057457
0.999459 -0.932008
1.011561 0.301100
-0.016454 0.535097
1.419387 1.632542
0.957715 -1.370517
0.135728 -0.917482
-0.616291 -0.030872
1.243320 0.915389
1.079200 0.224592
1.463450 -0.809140
0.123096 -0.668937
-1.213693 0.880787
2.203633 0.154323
1.536169 -0.187171
0.529250 0.378522
2.010865 -1.571940
1.675917 -1.473982
0.851493 -0.934048
1.541022 -0.817980
2.598614 -0.448974
1.384232 0.282801
-0.379259 0.520857
2.065058 -1.515417
1.848225 0.210780
1.743030 -0.810833
-1.604432 0.480446
1.071690 1.128367
1.668617 -1.851939
0.052820 -1.046290
-0.399700 -0.149616
2.604488 -0.645833
-0.869238 0.672833
0.220088 -0.558582
-1.474956 0.947261
0.407700 0.600599
1.091815 1.117422
0.944034 -0.989535
-0.694264 0.413395
1.078473 -0.715211
0.207125 0.993773
1.969464 0.354462
1.055715 -1.569059
1.839660 -1.020398
-1.613840 0.669940
0.224320 0.964353
1.096400 -1.574148
-1.187261 0.704535
1.367955 -0.386939
-0.530201 0.644905
0.983307 -1.270998
-0.142529 -0.351016
-1.646748 0.825334
1.554722 -0.730424
1.136992 0.965796
0.455254 -0.626563
-0.286682 0.614254
-0.233589 0.144191
1.958793 -0.529644
1.392716 -0.208575
1.157966 0.111163
-0.953072 0.573446
-1.571074 0.290333
1.738786 -0.710930
1.779612 -1.384963
2.143527 0.416452
-1.006399 0.511576
1.059286 -0.463923
0.827749 -0.920049
1.159219 -0.490168
1.179006 -0.553605
0.169822 -0.650930
-1.135674 0.814831
1.415992 0.996456
0.984541 0.322083
2.226931 0.452749
0.032545 -0.896014
2.614676 -0.643006
2.098831 -0.260790
1.934632 0.015185
2.095711 0.014542
2.584059 -0.442796
2.572409 -0.506228
1.772303 -1.604036
0.183718 1.013650
1.251634 -0.792244
-0.745313 -0.064497
2.338047 -0.301815
0.533660 0.415284
1.622279 -1.084397
1.625023 -1.802052
1.031121 -0.945798
2.577683 -0.433474
0.195408 -0.900840
0.019505 -0.951681
1.359997 -1.223710
-1.383956 0.442425
-1.036672 0.546047
-1.644703 0.814754
-0.614623 0.121389
1.247724 1.189385
2.258914 -0.723346
-1.197861 0.991061
2.226105 0.467589
2.534319 -0.701823
1.481495 -0.858145
1.386472 1.274421
-1.584518 0.664917
1.288725 -0.665101
2.015143 0.419817
1.355162 -0.460525
-0.476325 0.231276
1.494661 1.714467
1.682982 -0.798280
-0.325165 -0.008741
0.260292 0.701250
0.439113 -0.671598
0.001506 -1.043053
1.281359 -0.548975
-0.262395 0.539624
0.706871 0.424192
-0.187256 -0.351810
1.452494 -0.335882
2.232226 -0.439456
1.700374 0.040638
-0.474310 0.038059
-1.014375 0.358143
0.207651 -0.858315
1.113916 -0.388854
1.332306 -0.933294
-0.161888 0.176313
1.550162 -1.467236
1.337197 -1.244886
0.015769 -0.663846
-0.005528 -1.129921
0.801550 -0.927426
-1.617595 0.779262
1.639019 -1.694029
-1.192013 0.926018
2.434338 -0.589791
1.197316 1.465576
2.143977 -1.576826
1.502922 -0.888505
1.681942 -0.620609
2.316022 -0.032236
1.302425 0.214297
2.551369 -0.888146
1.122066 0.467374
1.998420 -0.167487
-0.280227 0.212761
0.758195 -0.496469
2.093334 -0.004062
1.131032 1.373241
1.625398 -1.622884
-0.065836 -1.149396
-0.004045 -1.033697
-1.599900 0.300302
1.800426 -1.927240
1.163760 -0.923855
1.069304 1.127070
-1.520082 0.583347
-1.271362 0.753044
2.533384 -0.925344
0.910550 -1.443410
1.834622 -0.828666
1.029929 1.126534
-0.965368 0.426615
-0.189172 -0.043975
1.178171 1.191959
-1.623633 0.292973
1.973767 -1.466728
-1.647665 0.793314
0.260446 0.018668
2.371593 -0.223757
1.384715 0.329225
1.010376 0.505731
2.264001 -0.763419
2.320583 -0.158749
0.166976 0.953663
-1.557133 0.690331
-0.727272 -0.050432
1.821785 -0.080436
1.087909 0.630113
0.878306 -0.984502
1.554366 -0.068472
1.267537 -0.543953
2.228648 0.409790
1.311905 -0.669933
1.140857 1.449311
1.957379 -0.318348
1.151888 0.200892
1.122988 0.254844
1.222045 0.964080
2.330949 -0.260112
0.980498 -0.840510
1.647269 -1.048896
1.665372 -1.735751
1.543117 -1.539482
1.346076 -1.030663
0.623593 -0.599648
1.889393 0.269921
2.657412 -0.396488
1.813006 -1.940389
1.134176 -0.532498
-1.109075 0.408267
1.212681 0.873892
1.480706 -0.087391
-1.568172 0.298735
1.262091 1.132083
-0.718922 -0.091949
2.064424 -0.239443
0.168868 1.024642
1.673154 -1.884064
1.783017 -0.473681
1.415770 0.938156
-0.593052 0.019916
1.608841 -1.587579
1.527987 -1.599650
1.508847 -0.044647
-1.217947 0.953982
1.123402 1.397220
1.237890 0.992003
1.427459 -0.140535
0.959113 -0.594377
-1.532372 0.250802
-0.543600 0.044787
-1.329356 0.946136
1.776723 -1.204216
1.241727 1.034467
-1.644840 0.580211
2.175536 -0.521300
2.537654 -0.532225
1.065254 -1.609695
0.055673 -0.968231
1.280482 0.850651
0.021549 0.033308
2.436416 -0.960281
-1.417636 0.853742
2.285381 -0.543223
1.808512 0.153434
1.466677 -0.281674
0.887802 0.260989
1.287799 1.016284
2.127409 -1.561095
-0.747242 -0.107634
0.266602 -0.460883
2.283286 -0.750114
1.944044 0.124517
-1.500883 0.853326
0.955679 -0.637851
0.330487 -0.217730
2.023593 -1.594803
-0.156805 0.218203
1.742214 -1.892161
2.131995 -0.138130
1.172968 1.280168
-0.066945 -1.106131
1.735592 -1.208038
1.564543 -0.914134
1.452846 1.670675
0.900225 0.245114
1.657400 -0.771962
-0.283343 0.502920
-1.059136 0.520126
0.051438 0.622626
1.154115 -0.979085
1.097425 0.560820
0.096799 0.631817
2.492344 -0.595250
0.299682 0.356566
1.210645 0.346057
0.101908 -0.733756
0.033467 -1.024646
2.260940 0.432039
1.447647 -0.456649
1.701887 -1.445982
0.277331 0.442511
1.453357 -0.416677
2.173609 0.265623
1.156363 1.092582
1.748892 -1.137265
2.266484 -0.280611
2.121493 0.102339
0.716949 -0.565675
1.705134 -0.789753
-0.668908 0.629183
1.660403 -1.446173
1.460812 -0.471027
1.487220 1.709534
2.096271 -0.049819
-1.042964 0.878914
-0.077699 -0.284107
2.147194 -0.218709
0.828938 -0.498489
1.142480 0.821546
-1.616184 0.488593
-1.420407 0.832041
1.587897 -1.563742
2.264023 0.190177
1.856590 -1.991058
-1.641167 0.795522
2.535361 -0.422583
0.804295 0.540068
-0.605848 0.620662
1.989698 -1.697091
1.882694 -1.745563
-0.012522 -1.130608
0.578379 -0.595178
2.143291 -1.563874
-0.219152 -0.323955
1.431710 1.616469
2.571738 -0.612745
-0.552123 0.673222
1.074998 -1.624583
1.490230 -0.035249
0.220371 -0.482639
-1.422081 0.774247
1.517110 -0.255000
-1.041814 0.913890
1.123525 1.203916
-1.491546 0.968096
1.343665 1.101270
1.910131 0.215084
2.676337 -0.611033
1.710562 -1.091937
2.150822 0.083184
1.988914 -0.437319
-1.269988 0.966160
-1.674628 0.370588
1.701321 -1.867520
1.351697 1.609811
-0.030108 -0.694327
1.573969 -0.975770
-1.559781 0.768610
0.289130 0.096876
-0.707207 -0.043790
2.498249 -0.663929
1.743510 -1.637595
1.269098 -0.817580
1.476891 -0.838752
0.920118 -1.417283
1.032662 0.233957
0.987265 -0.325177
0.056018 -0.338444
0.102172 0.645065
1.251463 1.118944
-1.542310 0.649837
0.821498 -0.843247
0.040347 0.000032
0.867180 -0.571386
1.115030 -0.491209
1.044247 -0.492045
1.892313 0.141306
0.666357 -0.678934
1.226041 0.187031
0.462125 -0.803063
-1.523397 0.472471
1.680520 -1.815647
1.161801 1.242876
2.498692 -0.500523
1.682550 -0.524770
2.053502 0.224073
1.221043 -0.381940
-0.055046 -0.315788
0.584900 -0.594463
1.699583 -1.819860
1.179410 -0.915243
0.362853 0.917127
1.269174 1.074103
1.431867 -1.249086
1.978248 -0.861952
1.659803 -1.724247
2.019284 -1.620519
-0.346585 0.610738
2.566030 -0.439327
1.502527 -0.943940
-1.450334 0.519536
0.893472 -0.551956
1.317106 -0.906111
1.380304 1.449574
1.323578 -0.606645
0.056788 -0.976969
1.029718 0.369281
1.380274 0.035899
0.112486 0.669894
0.019287 -0.123706
2.037321 -0.177958
1.204003 0.036135
1.967657 -0.806236
1.232447 -0.951634
1.677878 -1.049712
1.174157 -0.963366
1.351209 1.506706
