300 2
-0.176571 -1.296904
0.138705 0.628963
2.454553 0.606594
1.945351 -0.561412
0.281831 0.809517
-0.053177 -1.620237
1.306929 -1.427631
0.121502 -1.542006
0.827157 0.726216
2.295227 0.568355
2.382544 0.504092
-0.186472 -0.454003
1.168168 -0.236741
-0.138530 -0.472497
0.011767 -1.753448
1.124435 0.076715
0.278475 0.633862
2.976884 1.519017
0.381286 0.690997
0.343147 -1.760359
3.018128 1.574561
2.960536 1.394062
0.942127 0.739011
2.621069 0.546781
0.140816 0.347854
0.039882 0.633907
-0.076240 -0.788135
-0.181985 -0.461088
0.390167 -0.508962
2.830848 1.150470
1.197689 0.063477
2.056596 -0.697285
1.763667 0.275720
2.706929 1.345061
-0.917943 -1.926852
0.221818 -1.445744
0.169741 0.909459
1.929275 -0.859499
0.150376 -1.093117
1.772728 1.757735
2.981496 1.339468
1.456241 -1.396451
1.714232 1.116360
2.808258 1.095577
3.023374 1.529981
2.704219 1.344908
-1.042446 -1.394775
2.169963 1.108290
-0.469458 1.132250
0.045343 0.692126
2.095630 1.517385
-0.721610 1.524835
-0.174832 -0.674644
1.302312 -0.845985
-1.104450 -1.524071
-0.066361 -1.724357
1.201572 -0.322016
0.723466 0.485689
2.526972 1.487921
-1.507213 -0.681599
1.787600 1.156407
-0.716467 1.457417
0.089999 -1.319754
-0.760664 1.533043
0.278235 0.817714
-0.981118 -1.957958
0.240828 1.006791
-0.022188 0.929339
-0.936173 -1.872736
-0.772591 1.622913
2.590327 0.556159
1.436466 -1.120824
1.409085 -1.090124
-1.055500 -1.774635
0.241620 -1.428185
1.769219 1.820251
2.734480 1.568557
1.372605 -0.379561
1.280676 -0.865870
-0.198803 -1.026263
0.213594 1.050637
-0.685805 -1.160627
2.095882 -0.811543
-0.735800 -1.063951
-0.594328 -0.974521
-0.196841 -1.064296
1.101094 -0.016813
2.112246 -0.824263
0.591863 0.163733
0.418864 -0.313526
1.343610 -0.953542
1.015339 0.675676
-0.765444 1.583559
-0.464283 0.666224
-1.517224 -0.968165
-1.552344 -0.947171
-1.680235 -0.804366
0.886800 0.752542
-1.128086 -2.273900
-0.708574 -1.804698
1.773621 1.841958
1.630187 -0.765700
-0.377437 -1.492613
-0.735340 -1.852610
1.804630 -0.865820
-0.324586 1.198298
-0.774002 1.584205
-0.506672 0.911870
-0.460468 1.092436
2.554192 0.567584
2.887093 1.215166
0.242930 0.660111
1.042814 -0.165186
0.080190 0.526124
1.778731 1.852539
2.260038 0.507014
1.848942 1.558497
2.509326 1.500926
1.885045 1.508095
0.640150 0.563199
2.028500 -0.682224
1.096411 -0.189104
2.017670 -0.399296
2.091105 -0.724552
-1.095098 -1.748231
1.100415 0.933399
-1.133256 -2.005560
0.085362 0.647444
0.981461 0.721029
-0.040543 -1.754520
3.064066 1.608731
1.753671 1.702683
0.139518 -1.403180
2.033373 -0.823431
2.109445 -0.782409
-0.116828 -0.544661
-0.328792 0.799716
2.792050 1.519504
0.334328 -1.786350
-1.010241 -1.205615
-0.414309 1.282337
1.189889 -0.759844
-1.032943 -1.783817
-0.060724 -1.141454
-0.850954 0.174592
1.837201 1.199722
2.238490 0.532174
1.041692 -0.043105
-0.448548 1.292540
-1.029792 -2.051056
0.400547 0.604316
0.229761 -1.433705
0.335587 0.871686
-0.163490 0.923514
1.026203 0.127337
1.410407 -0.399772
-1.121704 -1.750096
2.822708 1.343822
0.318595 -1.772924
-1.693122 -0.807294
0.387351 -1.785378
2.783113 1.482938
-0.587990 1.337716
-0.706741 1.642820
-0.044579 -1.271361
-1.033783 -2.062462
-1.653301 -0.767910
-1.463841 -1.008062
-0.382965 0.795285
-0.364937 0.782910
1.129302 -1.349324
2.861881 1.158471
2.527793 0.592171
-0.479749 0.671969
1.323635 -1.431141
0.333757 -1.898574
1.337148 -1.071127
0.031539 0.290581
1.899076 -0.632408
1.918993 -0.616677
-1.136094 -2.283489
2.753888 1.605792
-0.259500 0.661140
-0.735181 1.550151
0.984696 -1.120592
0.343506 -1.904346
1.011533 -1.367606
1.666554 1.443336
1.792962 -0.114930
-1.137118 -2.296613
-1.103604 -1.682721
0.466149 -0.680690
0.224409 1.061303
1.055062 -0.211385
0.481099 0.429433
0.573245 0.212407
-1.463237 -1.045548
-0.123023 -0.799229
2.153844 0.446793
1.335297 -1.196890
2.068017 1.513140
2.554207 1.426705
1.976756 0.613400
0.047748 -1.640726
2.942195 1.156735
-0.331673 0.798698
2.867625 1.455200
2.019403 -0.343408
-0.667412 1.665741
-0.204293 -0.433909
1.451030 -1.144298
2.786637 0.876803
1.893501 1.421773
0.037393 0.358091
1.647372 1.492807
2.417153 0.490803
1.769701 1.023538
-0.097796 -0.533236
-0.705918 1.539641
2.954917 1.189375
-1.029509 -1.337990
-0.546024 0.896657
2.492127 0.642124
1.821978 0.934426
0.211464 -1.113619
-0.023839 -1.290085
1.755628 1.578289
2.615806 1.427805
1.813988 1.145731
1.347450 -1.325376
1.271427 -0.362134
-0.401877 0.695521
1.880720 1.480453
1.369504 -0.401163
0.286772 -0.873644
-0.849680 -1.161230
0.360118 0.171088
-0.125640 -1.038226
0.187081 -1.399925
1.977033 0.632350
-0.195873 -0.437866
-0.895061 -1.753993
1.782015 1.759204
2.782625 1.023917
-1.045317 -1.518881
-0.232963 -1.144989
0.608554 0.615827
-1.437768 -1.006768
0.255025 0.383490
-1.017253 -1.512538
0.470912 0.684014
0.350076 0.666631
-1.009500 -1.229932
0.044395 -1.648113
1.238954 -0.323655
-0.930522 -1.325452
1.206075 0.031783
-1.482263 -0.840431
-0.302014 0.977108
-1.688535 -0.859705
1.501169 -0.857672
2.008183 -0.756720
1.133145 0.143073
1.079156 0.077489
-1.039290 -1.282747
2.688212 0.790198
2.011292 -0.336451
-0.058485 -0.550401
1.883014 -0.675529
0.214608 -0.236045
-0.476734 1.208481
1.313775 -1.318678
-1.071621 -2.059373
1.684595 1.264802
2.012398 0.582311
1.360672 -1.136219
-1.015883 -1.829445
1.153944 -0.516264
2.023615 0.515535
-0.663414 1.491267
0.334542 0.836322
-0.575776 -1.659697
1.428789 -1.296104
1.155462 0.063716
-0.953513 -2.034474
1.138404 -0.117972
-0.892780 -1.957004
1.858402 1.477686
-1.548967 -0.907549
1.304080 -0.681818
-1.498258 -0.683173
-0.160272 -0.908678
0.409258 -0.096930
2.002840 -0.384855
1.088503 -0.222052
-0.095492 -1.093572
2.952607 1.483664
1.059739 -1.352204
-0.658634 -1.339674
-0.188246 0.675032
