300 2
0.660725 1.727139
1.586089 -0.145370
-0.037637 -1.576512
-0.581944 -0.226039
1.681059 -0.149496
0.997698 1.938414
-0.405993 0.609053
1.113095 1.721564
1.375244 -0.622846
0.113821 -1.371640
-0.023328 -1.496474
1.269918 0.960389
0.488888 0.018461
1.132700 0.999435
1.094740 1.852554
0.474135 -0.229686
1.637614 -0.162329
0.164154 -2.714372
1.543386 -0.341451
1.347226 1.751306
0.218211 -2.777684
0.129129 -2.576516
1.357961 -0.631624
-0.114038 -1.725312
1.696826 0.246294
1.591180 0.098427
0.821135 1.286999
1.244223 1.028750
1.388752 0.812710
-0.051625 -2.236150
0.380127 -0.259043
-0.689426 -0.247639
0.291042 -0.875054
0.285521 -2.412756
0.442910 2.794135
1.031107 1.662155
1.763727 -0.160382
-0.604612 -0.054115
0.495946 1.494233
1.144926 -1.752728
0.069659 -2.515759
-0.286473 0.646451
0.805221 -1.462342
0.039077 -2.311395
0.203788 -2.650613
0.312442 -2.381603
0.282124 2.219708
0.392469 -1.858571
2.480306 0.045473
1.697727 0.111899
0.705576 -2.093066
3.031921 -0.047075
0.932743 1.156051
-0.014571 0.308946
0.236427 2.472482
0.935307 1.928342
0.199596 -0.047044
1.317351 -0.323757
0.497934 -2.414302
-0.571001 2.304845
0.654924 -1.537980
3.012553 -0.095167
0.933729 1.637706
3.102260 -0.115636
1.637579 -0.286855
0.334021 2.819143
1.655302 -0.206181
2.438613 -0.074070
0.412633 2.648422
3.137872 -0.178178
-0.101114 -1.653695
-0.190023 0.399531
-0.175470 0.371383
0.181501 2.612201
1.094422 1.703078
1.205980 -1.835721
0.223234 -2.433249
0.018382 -0.144206
0.102305 0.244301
0.825096 1.552951
1.738934 -0.179306
0.333816 1.800787
-0.745482 -0.077721
0.191880 1.788555
0.388251 0.397371
0.800692 1.649616
0.436477 -0.182614
-0.821020 -0.150529
1.114846 -0.035891
1.398634 0.737161
-0.050627 0.342030
1.230622 -0.706290
3.100622 -0.193489
2.045552 0.276084
-0.505937 2.229842
-0.480171 2.169849
-0.711699 2.437546
1.394444 -0.673560
0.408748 3.021901
0.547260 2.478270
1.265425 -1.883659
-0.307182 0.037915
0.659996 2.225270
0.503942 2.519500
-0.550927 0.008173
2.434769 -0.123019
3.078388 -0.042842
2.345099 0.081239
2.215396 0.163729
-0.113601 -1.649451
0.114012 -2.321930
1.701433 -0.133815
0.485796 0.011593
1.735929 0.223358
1.268759 -1.880139
0.074800 -1.415284
1.008252 -1.822914
0.504655 -2.443189
0.859450 -2.005283
1.355824 -0.351447
-0.801833 -0.222095
0.455989 -0.153164
-0.680458 -0.425512
-0.836946 -0.203165
0.272808 2.492204
1.018346 -0.916422
0.305511 2.735609
1.558455 -0.005307
1.286375 -0.709076
0.959987 1.976589
0.232304 -2.781678
1.137743 -1.781266
0.893050 1.734462
-0.725417 -0.069794
-0.827775 -0.123400
1.144517 1.011903
2.061592 0.159933
0.123573 -2.495991
1.250509 1.644309
0.133475 1.975939
2.544499 -0.091403
-0.000598 0.309913
0.210486 2.647728
0.480381 1.570931
1.839863 0.483832
0.649405 -1.651221
0.038513 -1.437176
0.425836 -0.153857
2.532162 -0.096092
0.320934 2.882852
1.388261 -0.242914
1.163204 1.632250
1.674679 -0.330742
2.041569 -0.014511
0.535727 -0.412927
-0.004628 -0.132607
0.099498 2.645119
0.160771 -2.383808
1.437069 1.762834
-0.695204 2.423477
1.391171 1.771380
0.160029 -2.418035
2.845038 -0.103067
3.183569 -0.193139
0.846019 1.691739
0.331054 2.935005
-0.723484 2.459232
-0.626417 2.156959
2.101834 0.192204
2.128741 0.216528
-0.222586 0.916504
-0.029078 -2.366771
-0.078389 -1.596118
2.113063 0.257991
-0.405999 0.605980
1.474541 1.774763
-0.091199 0.420682
1.479620 0.165404
-0.628257 -0.286331
-0.625446 -0.328638
0.401103 3.049348
0.179186 -2.531545
1.954147 0.185137
3.061036 -0.055089
-0.079372 0.985736
1.518479 1.763910
-0.192039 0.992138
1.033008 -1.600103
-0.411449 -0.498968
0.404165 3.059785
0.229550 2.541475
0.711173 1.075032
1.731610 -0.222540
0.521698 -0.024644
1.231035 -0.113680
0.705297 0.019320
-0.612106 2.162817
0.822992 1.192316
0.169632 -1.280761
-0.234897 0.490517
0.753570 -2.028081
0.471790 -2.314408
0.315979 -1.252777
1.041373 1.893058
-0.001931 -2.400531
2.124750 0.212398
0.124473 -2.456014
-0.691676 -0.500437
3.212888 -0.225299
1.262656 1.046780
-0.198595 0.379626
-0.120868 -1.952564
0.795780 -1.846560
1.547060 0.061392
1.039220 -1.640556
-0.050554 -1.548683
0.817435 -1.400538
1.192627 0.967241
3.108319 -0.009121
0.005419 -2.424379
0.172069 2.123236
2.382922 0.040639
-0.049986 -1.570022
0.584007 -1.581448
1.034618 1.442685
0.841898 1.703894
1.053782 -1.748018
0.378733 -2.400043
0.687671 -1.647748
-0.272409 0.629422
0.202370 -0.059681
1.882247 0.249128
0.931549 -1.931356
0.021777 -0.092646
0.842010 1.349929
0.173811 1.936832
1.172662 0.020827
0.819697 1.480261
0.944399 1.723734
0.309090 -1.274247
1.254728 0.987401
0.372339 2.427795
1.151322 -1.790647
-0.071168 -2.129351
0.237509 2.332403
0.631214 1.629313
1.424952 -0.482011
-0.506722 2.203809
1.420050 -0.012532
0.192868 2.289530
1.482118 -0.374067
1.575411 -0.296118
0.132582 2.059381
1.057133 1.831956
0.139775 -0.091452
0.158324 1.993751
0.378801 -0.228773
-0.586552 2.307787
2.359962 0.010611
-0.629422 2.351079
-0.235451 0.222829
-0.768330 -0.173228
0.476181 -0.359476
0.518243 -0.343151
0.143084 2.141914
-0.109173 -1.929158
-0.627483 -0.441680
1.060857 1.138653
-0.556975 -0.193422
1.138867 0.798983
2.507468 -0.042352
-0.321781 0.534192
0.361869 2.866795
0.912240 -1.479342
0.288740 -1.241170
-0.152580 0.469645
0.319690 2.554880
0.021318 0.293511
0.244773 -1.230868
2.986261 -0.126623
1.591258 -0.275971
0.614933 2.327120
-0.236426 0.597933
0.842076 -1.168728
0.439954 2.872734
0.456205 -0.150198
0.442000 2.778466
0.826651 -1.951329
-0.534870 2.238158
0.127550 0.132627
-0.548765 2.263983
0.852058 1.250228
1.371043 0.512682
-0.694796 -0.458822
0.544143 -0.007250
0.674123 1.548162
0.206403 -2.649180
-0.165967 0.980309
0.489857 1.997471
1.728567 0.159275
