500 2
0.714578 1.445691
1.099974 0.074497
-0.297078 1.342399
2.380123 0.070620
-1.173951 2.230003
-0.470479 -0.519663
1.653375 1.017343
-1.656062 1.672538
0.672618 -1.039655
1.733578 -0.575054
-0.978006 1.821850
-1.386300 1.907796
1.263106 0.095234
-0.182420 0.740926
-0.055857 1.223274
-1.474394 1.987535
-0.945118 0.337220
1.558877 0.997486
-0.250574 -0.566274
1.059559 -0.820925
1.438407 0.197922
0.741155 1.120848
-0.917875 0.377705
-0.048704 -0.304813
2.191711 0.160261
-1.234967 2.200477
-0.583897 1.654142
-0.952251 1.403502
-1.529093 2.158812
1.414455 -0.660428
1.079644 -0.801072
-1.000148 0.350757
1.861544 0.273794
1.379804 -0.047239
1.192505 0.238984
2.181472 0.065166
-0.487788 1.707919
2.134509 0.428433
-1.016824 1.781264
2.269260 0.528609
0.088300 0.589537
0.762853 1.488731
-0.108290 1.047507
1.681894 -0.064467
-1.518812 1.696236
0.972617 -0.980556
1.014890 0.573370
0.773956 1.022071
1.127618 -0.179751
-0.125978 -0.351238
-1.144353 2.138252
0.785039 -0.139427
0.597623 -0.896678
0.680081 0.486877
-0.972316 1.323109
1.538981 -0.816359
-1.069046 1.880042
0.037417 0.533912
-1.230972 1.818472
-0.982818 0.356392
1.518378 -0.103230
-0.388634 1.276582
-1.005905 1.660568
-0.403728 -0.523684
1.049614 -0.704751
1.011774 -0.946196
-1.701873 1.903773
2.271377 0.008128
0.854497 -0.816999
1.732456 0.962358
-0.902095 1.451114
-0.653675 0.931893
0.467922 0.985450
-1.616560 1.601085
-0.211777 1.206871
1.609008 -0.141789
-0.046889 1.107632
-0.281768 -0.158544
-1.343329 1.653269
-0.157490 1.131842
0.893974 -0.722575
-0.880626 0.340374
1.419728 0.393413
-0.278836 0.808438
-1.434766 1.637588
1.490603 -1.019479
-0.206270 0.187578
-1.011451 1.721699
1.614666 -1.040231
0.637202 -0.829547
0.635925 0.144462
-0.718092 -0.878736
-0.595071 -0.841200
-0.329134 0.034423
1.392875 0.412619
-0.063378 1.057118
1.719902 -0.614460
1.643665 -0.141300
2.209927 0.058684
-0.130688 1.007987
1.378037 0.797564
-0.493131 1.475225
0.385883 -0.311902
-0.362989 -0.213976
0.473676 0.903383
0.841171 0.142084
1.712685 -0.534846
0.746051 -0.632626
1.104528 0.640302
-0.070145 0.044703
-0.782288 0.832098
-0.755210 -1.001861
1.612844 0.947424
0.606893 1.280421
-0.343565 1.631091
-0.318962 -0.403502
0.080511 0.054693
1.286676 -0.099607
0.438444 1.342401
-1.020848 2.078787
0.958329 -1.010876
0.735222 -0.160067
-0.203570 0.330174
2.045452 0.571900
2.000887 0.060281
1.007970 0.824221
1.190941 -0.048236
1.569031 -1.044680
0.482530 -0.233768
-0.887536 1.008239
2.059386 0.618063
0.612668 -0.618718
1.352159 0.019465
-1.681231 1.932742
-0.223564 -0.575684
2.183877 0.126107
0.724333 1.600470
-0.178794 1.580873
1.553530 -0.840893
-1.080243 1.621672
0.493609 1.160750
-1.233577 2.217855
-0.434029 0.186436
-0.439342 -0.660052
1.050739 0.756718
-0.808068 1.478488
0.828621 0.741140
-0.995880 0.328348
0.502712 -0.980007
1.722288 0.982534
2.074279 0.264478
-1.585389 1.987922
-0.985918 0.269739
1.756436 0.939915
-1.211233 2.059664
1.363169 -0.578684
-0.944799 1.306904
1.464283 0.896850
-0.063688 1.152650
-1.481515 2.219774
1.365083 0.256967
-0.357135 -0.486623
0.778578 0.907323
-0.943292 1.068742
-0.098784 1.110641
1.238391 -0.576938
0.931375 -0.047413
0.291177 -0.064247
-1.147380 1.562848
-1.703386 1.699910
1.398817 0.179015
2.042228 0.300849
0.581202 -1.113544
-1.133093 1.461572
0.903473 0.192930
1.010462 0.817932
0.757412 0.120607
0.825519 0.138042
0.387890 1.100322
-0.947002 1.945156
-0.174215 -0.578937
0.146138 -0.018253
0.602229 -1.154323
0.512712 1.451648
1.597235 -0.854010
1.040109 -0.565354
0.846625 -0.579498
0.907468 -0.788492
1.589901 -1.066487
1.588729 -0.799459
2.119213 0.389930
-1.045399 0.366562
1.425117 0.227083
-0.304003 1.727463
1.224884 -0.865311
-0.289301 0.299150
1.438083 0.462624
2.212053 0.020055
1.076395 0.648091
1.545970 -1.123234
0.730302 1.461531
0.621336 1.424950
1.518068 -0.076089
-1.496915 1.775016
-1.098664 1.560048
-1.489915 2.208868
-0.424976 1.559056
-0.442699 -0.726618
1.457338 -0.586236
-1.073161 2.149491
0.601601 -1.235893
1.646259 -0.878088
1.336763 0.424331
-0.451099 -0.664385
-1.625169 2.059769
1.210266 0.088359
0.524499 -1.088160
1.080513 -0.056794
-0.549836 1.353340
-0.725107 -1.027631
1.416774 0.287042
-0.142509 1.406978
-0.722068 0.350463
0.579863 0.853157
0.734815 1.510283
1.121993 0.093370
-0.817677 0.938103
-0.193025 0.226000
-0.061447 1.026556
0.727131 -0.264902
1.286067 -0.828659
0.699174 -0.323504
-0.255730 1.531432
-1.242173 1.576185
0.683266 1.269348
0.676973 0.166280
1.416007 0.034721
-0.334772 1.156819
1.903109 0.291442
1.528400 -0.056605
0.456908 1.239811
0.703934 1.655348
0.987017 0.860155
-1.518911 2.146326
2.157270 0.103824
-1.068807 2.102019
1.525477 -0.780661
-0.737819 -0.762571
2.149914 0.675830
1.330251 0.449112
1.203825 -0.233070
1.211299 -0.712634
0.293126 -0.093564
1.749427 -0.642224
-0.127164 -0.178892
0.907130 -0.867574
-0.449690 1.246104
0.669027 0.472684
0.798742 -0.886997
-0.730652 -0.732509
2.074100 0.231013
0.776640 1.553732
0.552404 1.403583
-1.771982 1.694564
2.417257 0.115113
1.184400 0.235792
-0.215002 -0.526860
-1.542583 1.945758
-1.096924 2.036481
1.747988 -0.633397
1.489101 0.944782
1.433024 0.035307
-0.413176 -0.665482
-1.212226 1.493293
0.233618 1.191784
-0.632725 -0.599158
-1.762042 1.708635
2.241264 0.554329
-1.539109 2.242229
-0.052912 0.747114
1.286865 -0.957205
0.491162 -0.448760
-0.132287 -0.237600
1.461817 -0.420528
1.173585 -0.892455
-1.019913 0.426449
-1.451432 2.044497
-0.346609 1.700842
0.725345 -0.820501
-0.148629 -0.228503
1.080087 0.794685
0.577647 -0.144346
0.876861 0.180993
0.626025 -1.093909
1.246138 0.159750
-0.750339 -0.721520
1.038223 -0.550262
0.119194 0.054745
0.192735 -0.101671
-0.370626 -0.449230
1.302624 -0.969796
0.983202 0.658025
1.455557 0.517126
2.260249 0.225396
1.982066 0.055346
1.358965 0.158981
0.549273 0.913367
0.581210 -0.706103
1.604942 -1.084653
2.384737 0.055961
0.792825 0.077465
-1.285440 1.566664
-0.410117 -0.453401
0.613043 -0.068419
-1.765838 1.721712
-0.324033 -0.700413
-0.312145 1.801986
1.072078 -0.553595
-1.047575 0.347834
2.307042 -0.012531
1.071571 -0.353133
0.069202 -0.489769
-0.380400 1.681531
2.150421 0.034779
1.902410 0.004819
0.529263 -0.137465
-1.056166 2.118195
-0.753151 -0.678614
-0.632144 -0.617090
0.845787 -0.092930
0.828844 0.361406
-1.790309 1.680878
-0.392181 1.564913
-1.200164 2.190314
1.746227 0.407700
-0.363125 -0.597604
-1.482203 1.960746
1.333908 -0.655877
1.643299 -0.904581
1.717661 1.011422
0.705524 1.474498
-0.174471 -0.513675
-0.178863 0.952743
1.735975 -0.473430
-1.163660 2.227634
1.416200 -0.786801
0.632462 -0.580380
0.948036 -0.047363
0.061710 0.123739
-0.430619 -0.388305
2.189409 0.707023
-0.282262 1.829571
0.546703 0.961188
1.505941 -0.433231
0.599770 -0.724455
-1.316997 2.146479
0.837474 0.458991
0.333461 0.878292
2.271796 0.520400
-0.380585 1.154098
2.297280 0.020541
1.005907 -0.657780
-0.457259 -0.775297
0.781953 1.598596
1.681822 0.510630
1.448031 -0.178319
-0.734133 -1.055441
0.096238 0.072039
1.254035 0.163110
-0.812962 0.927582
-1.206773 1.612037
-0.796327 0.638606
1.152323 0.308643
-0.180912 -0.294618
-0.823886 0.541074
1.557697 -0.984324
-0.334230 0.594117
0.216720 -0.081171
0.540217 1.371115
0.647972 1.498344
0.601895 -1.248289
0.808515 -0.070809
2.098304 0.285548
-0.460463 0.744263
0.749547 -0.061799
0.707588 -1.009110
-0.321771 -0.680304
1.678158 0.517740
1.244484 -0.845268
0.832499 -0.807793
0.712293 0.607570
1.432091 0.189079
-1.073294 1.166335
1.778214 0.267211
0.870000 -0.071793
-0.692762 -1.070088
0.917331 -0.861593
-0.973968 1.987238
-0.018032 1.187603
1.088636 -0.560196
0.687753 0.366713
-0.276605 -0.449425
-1.703234 1.905139
-1.179842 2.148979
1.860296 0.009487
0.774661 -0.980704
2.469872 0.078115
-1.471749 2.221903
1.490871 -1.064872
-0.320172 0.066284
-1.022494 1.116710
2.329360 0.497089
2.290303 0.298293
0.719508 1.676566
0.650881 0.671207
2.010847 0.625025
-0.096262 1.158884
-0.748219 -1.044860
1.627928 -0.901101
-0.970317 1.169719
1.782341 1.004137
0.531372 -0.126225
0.366853 0.919834
-1.342005 2.123034
0.717722 -0.197008
-0.943088 1.951973
-0.321589 -0.611954
-1.206482 2.260295
-0.270017 -0.628338
0.574407 -0.719644
1.648547 -0.932213
1.544249 0.522178
0.632120 -0.972291
1.217270 -0.541987
-1.141886 2.147286
-1.649607 1.862204
2.295055 0.202046
-0.770670 -0.968880
0.338702 1.208339
1.376448 0.438962
-1.405336 2.094610
-0.129283 0.728683
-0.358518 1.731210
1.623365 -0.870656
2.153882 -0.050857
1.261974 0.615198
1.313267 0.451781
1.468311 0.836112
0.111105 -0.137135
0.563358 0.280620
0.160467 1.004449
-0.703056 0.457311
-0.553735 -0.570915
-1.588793 1.915926
0.934465 0.842733
-0.136350 0.837161
0.655949 0.423273
0.837402 0.310826
0.646459 0.265823
0.597948 -0.647128
0.719630 0.647304
0.318803 0.005015
0.787584 1.103660
-1.609678 1.839260
2.306103 0.042437
-0.627580 -0.651489
1.472480 -0.943932
0.917891 -0.009755
0.641912 -0.869758
0.880690 0.120785
-0.005509 1.050233
0.708314 0.720962
2.182541 0.109717
1.163284 0.237319
-0.772976 0.168451
-0.421008 -0.560190
1.573551 0.184613
1.391332 -0.229122
2.136202 0.090585
2.232754 0.553566
-0.933800 1.071669
1.515025 -1.096111
1.356372 0.559388
-1.482370 1.828522
0.785417 0.377961
1.290238 0.017369
-0.667853 -0.971904
1.121739 0.110702
0.561913 1.420624
-0.022451 -0.045503
0.470768 -0.124241
-0.787738 0.432282
-0.107636 0.968088
1.004356 -0.880897
0.320521 -0.029186
1.530097 -0.308312
1.181094 0.181067
1.519279 0.465274
1.207111 0.227544
-0.701321 -0.939366
