1000 2
1.286654 1.146265
-0.275598 -1.472750
0.421248 1.794217
1.930210 0.941297
1.517835 -0.222959
0.094026 0.416993
-2.570364 0.540684
0.528096 -0.934547
1.928800 1.596980
0.214556 1.675781
-2.097653 1.358443
-0.514156 0.863552
-0.624003 -1.290800
0.560942 -0.978096
0.513643 -0.958900
1.376433 -0.386651
0.348105 -1.260412
2.170210 1.855092
-1.544924 0.086970
0.579319 2.329793
-2.238557 -0.813192
1.317027 0.901729
-1.005851 0.886881
2.181065 -0.206313
-0.025568 -1.620746
0.064582 0.491012
2.422975 0.890265
1.864720 0.023177
0.502727 -0.714766
-0.661981 -0.262391
-0.838611 0.192738
-0.601679 -0.335554
-1.267613 0.386604
1.816781 0.335821
-0.894742 1.235008
0.973633 -1.744579
-2.103492 1.590826
0.182914 -0.813027
0.586339 -0.632311
-1.821283 0.848613
1.057492 -0.530023
0.496904 -1.499799
-0.979235 0.153639
-2.209047 -0.769143
0.226954 -1.006138
-2.546530 -0.662520
0.374865 -1.317807
0.021738 -1.714435
-2.009074 1.554109
-1.141862 0.477339
-0.916228 0.053025
1.761157 1.469389
-2.890373 0.459342
0.736497 1.679275
0.554261 1.815187
-1.414832 0.150553
1.217267 1.138620
0.971320 -1.629082
1.138565 -1.823922
0.077673 0.576842
-1.065207 1.403477
1.132813 0.269917
2.505017 1.537413
-1.863112 0.787322
1.980630 0.102894
-1.975381 -0.282812
0.201043 -1.029065
2.367473 0.892866
1.509127 -0.218111
2.330793 -0.031475
-2.073041 1.648618
1.396149 0.918543
1.025198 1.197764
0.665553 -0.561492
-0.283623 -1.338975
0.741369 -0.795319
-1.574728 0.318981
-2.273709 1.228368
-1.010480 0.244563
1.787089 0.998937
-2.972123 0.611370
0.240913 -0.905017
-2.978418 0.301699
1.251555 1.937037
2.208361 -0.475217
-0.080151 -1.736153
0.802914 1.988155
1.434912 1.148276
-3.025944 0.328991
0.392774 1.865496
-2.006531 0.794600
-2.160344 -0.865875
1.235055 -1.762941
-0.074939 1.447421
0.884854 -1.534399
-2.103305 -0.536885
0.366707 1.966366
-2.105802 1.214751
0.930613 -2.027080
1.125810 -1.905003
-0.946639 0.553312
-1.790905 1.066190
0.148736 -0.672691
2.071757 1.815751
0.354273 -1.053167
2.074540 0.493736
-2.076730 0.569970
0.707981 -1.361588
-1.943832 0.847830
-0.285210 -1.547321
-1.199509 0.486579
-0.211685 0.966226
0.298912 -0.968304
2.039614 0.078433
-1.591084 0.658995
1.015564 -1.554828
-2.143858 0.226061
2.185067 -0.069899
-1.102248 1.340565
-1.526173 -0.083284
-2.411737 1.321266
0.399925 1.765675
-0.565574 -0.371120
1.254109 0.161942
0.511751 -0.905327
1.290102 0.093858
-1.822732 -0.119197
1.520903 -0.008527
-2.168777 -0.939906
0.969972 -1.713784
-0.830362 0.720845
1.278592 0.885147
1.455628 -0.103964
2.323300 -0.501142
0.072342 0.490473
-0.042314 -1.245920
-1.172250 0.907100
0.539547 -1.727428
-1.018339 1.255066
0.407971 1.818280
0.667462 2.588675
0.700680 2.803598
0.136747 -0.614284
0.693088 2.804397
1.835593 -0.452743
1.866490 1.915432
-0.790951 0.450044
-1.607659 0.704226
2.013993 -0.547204
1.680554 -0.148430
-0.477082 -1.468916
2.207375 -0.249640
0.339765 -0.635419
-0.298469 -1.356879
-2.296371 -0.771607
-1.093598 1.043071
1.088218 1.601049
-0.337652 -1.708355
-0.007576 0.972104
-0.073600 -1.817788
1.001802 1.035994
2.443110 1.668218
0.666824 -0.448083
-2.188954 -0.857619
1.167243 1.269700
0.770645 1.771442
0.184756 1.972141
1.243063 -1.738605
1.110623 -1.961494
1.914617 1.523243
-0.852866 0.695206
1.510598 1.333431
1.269555 1.675210
0.437752 1.718547
-2.253287 -0.696828
0.780789 -1.700717
-0.444624 1.436026
0.212640 -0.866750
0.795560 1.919908
0.692409 -0.489955
-1.049619 1.066103
1.275261 2.196394
1.253950 -0.456196
-2.044790 0.852598
2.362870 0.030358
-1.273486 0.325206
0.795089 1.508220
-0.424645 0.901349
-1.826283 0.821382
0.500549 1.841072
-0.929637 0.567144
-0.174064 0.989506
0.528343 -1.811446
0.009393 2.099532
-0.884842 0.539388
0.191656 -0.726286
-0.276982 -1.291355
1.551549 -0.419656
-0.939003 1.350927
0.032578 -1.088407
-0.966115 0.319535
-1.991491 -0.357175
0.552257 -0.511362
-0.094478 -1.119333
-1.673430 1.023342
-0.320565 -1.518793
-1.186642 0.727839
2.213087 1.898846
0.954888 -1.725484
-1.163050 0.799571
0.444282 -0.971700
0.348654 -0.572604
0.406440 -0.563551
1.511285 0.886969
-0.982475 0.854154
-2.154269 1.346609
0.685343 -0.489054
0.521185 2.268495
2.057163 1.933778
0.493482 -1.802410
-2.926395 0.431921
-2.108291 1.668520
-3.027945 0.257914
0.886635 -1.565073
0.372704 -1.372487
-0.509292 1.384390
1.188800 1.198642
-0.734058 0.764828
-0.557625 1.103851
1.291639 2.249938
-2.969026 0.679180
0.553638 0.997510
-0.434124 -1.264151
-0.113217 0.604369
-2.913884 0.394399
0.437833 -1.113834
1.378143 0.183831
-1.472453 0.963187
2.394626 2.242620
-1.591262 0.970269
-1.347212 0.681468
1.613050 -0.168663
-2.960022 0.538953
0.956694 -2.002734
0.506109 1.717033
-2.416415 -0.810301
0.814696 1.999348
1.394151 -0.109656
-1.954795 1.006812
-2.951986 0.584427
0.531228 2.288671
-1.983158 0.089756
0.323040 -0.586438
1.928225 -0.097179
-2.174019 0.223663
-2.115917 1.653740
-0.037204 -1.858794
-2.089971 0.186429
-0.977149 0.984953
1.234698 1.210188
0.973924 2.132746
-0.465054 1.375589
0.657567 2.860410
-1.968275 1.047984
-0.345562 0.921893
-1.900808 0.625555
0.217625 -0.624456
0.362104 -1.388627
1.644203 0.907635
-2.239197 -0.653628
-1.487152 0.084938
-0.824812 0.096821
-1.032685 1.005296
1.049044 -2.109643
-1.998694 -0.291257
1.429680 0.840545
0.268457 -0.985699
-1.631773 0.683132
2.357582 2.129319
1.175466 2.055512
1.155703 0.840840
1.076635 -2.063219
-1.042463 1.374353
-2.076546 1.625986
0.959401 -1.686808
0.979141 1.290609
-1.928747 -0.207409
-0.592017 -1.306713
2.309452 2.087013
0.671969 2.687103
1.988361 0.957973
2.145204 0.071196
0.330740 -1.183995
0.625489 -0.562449
0.122434 0.945072
-2.368012 0.568868
-0.321525 -1.645923
1.278216 0.913137
0.486552 1.714379
-1.238791 1.195689
1.968155 0.825171
0.635799 1.914442
-1.166834 0.497492
1.241417 -0.281656
1.296169 0.546767
0.723291 1.994140
0.042698 0.505033
1.128296 -1.930794
1.554589 -0.484832
0.354982 1.903103
2.011726 1.644890
1.335430 0.493360
1.145486 -0.529324
-1.300101 0.681054
2.439996 0.925696
1.999007 0.868881
-1.924439 0.814507
2.287626 2.023038
1.433321 1.424713
-2.294645 -0.790613
-1.090176 1.455415
0.544033 -1.566574
-2.898993 0.533562
-0.736725 0.704216
0.996314 -1.678375
1.228560 0.994713
1.412781 -0.182537
1.863766 1.500986
1.179460 -1.951618
1.126919 0.854649
-2.925466 0.472098
0.694466 2.837260
-1.143202 0.820532
0.552576 -1.779812
0.545267 -1.540613
2.208210 -0.343585
-1.034821 1.000499
-0.468802 -0.439392
-0.883451 0.693310
0.531339 -1.832296
1.890380 1.548518
0.397438 -1.105601
-2.133316 0.183154
1.032700 -1.834949
1.894157 0.354176
0.830054 -1.714867
0.217215 1.900223
1.978245 0.087717
1.477205 1.314343
-0.519732 1.124611
0.346380 -1.316782
0.331765 -1.010265
0.103258 0.087936
-1.000104 0.787409
-2.967392 0.679807
0.658312 2.882539
-0.480273 -1.493761
-0.144182 0.959719
1.154485 -1.998829
-0.074636 -1.865598
-1.284815 0.549643
-2.506268 -0.657751
0.672534 2.730984
2.642901 0.877932
-0.279335 -1.482528
1.975727 0.164967
-1.056824 0.988905
1.060675 1.154765
-1.299764 0.776951
1.292703 2.267586
0.766503 2.661391
2.142699 0.000211
0.367814 -1.145390
0.370351 -1.274876
0.513352 2.215964
2.387242 0.011186
-1.217926 0.711673
2.204025 -0.285673
-0.958818 0.100536
1.562597 0.194460
1.414370 -0.152041
-2.006568 1.609691
-0.615360 0.807574
-0.012811 2.138336
-0.459048 1.446011
1.510418 -0.114535
0.668593 2.187778
1.939305 1.542923
-2.442929 -0.883829
-1.260192 0.610929
1.129361 -0.340382
-0.928854 1.037298
-2.173424 0.162234
0.838454 2.006572
2.393791 0.011065
-2.106656 1.630905
-0.971335 0.842925
-2.423754 1.295769
0.368363 -1.380117
1.893188 1.544425
1.885143 1.917182
-0.086279 1.469809
-2.694175 0.437709
1.380898 1.881675
0.146038 -1.224003
-2.211465 -0.734061
1.283864 2.233624
0.355763 1.931975
0.262922 1.855924
-1.756395 0.009723
-0.127392 -1.669753
2.346044 0.891384
-2.101846 0.302289
0.594413 1.623736
-1.707059 0.656197
2.183513 0.902391
0.760895 1.143562
-3.004362 0.704900
2.261661 0.905697
-1.194986 0.453897
-0.976043 0.369294
-0.489890 -1.483302
0.372834 -1.418862
0.571317 1.925791
2.103926 1.995855
1.794961 1.483652
-2.450916 -0.884413
-0.738247 0.665429
-0.476449 0.636444
0.727579 2.021940
0.645860 1.517150
0.466399 0.842653
-0.624154 -0.244668
-0.827578 0.670468
-0.438412 -1.341704
-2.733627 -0.181463
2.624302 0.872239
0.184060 -0.865017
-2.114880 1.678803
0.497520 -1.508935
1.840120 0.005560
2.472705 1.743740
0.047041 0.551103
1.626607 1.348721
1.995604 -0.523343
0.746626 -1.549181
0.590695 -1.731838
-0.876514 1.287666
0.331165 -0.776401
-3.047172 0.261229
-2.462853 -0.907991
2.364947 1.898903
-1.099427 1.381894
0.663179 2.879337
2.405904 0.006964
-1.180748 0.574648
0.974193 1.944597
0.237216 0.980926
1.227584 1.067302
-2.779057 0.396833
-0.356491 0.627291
0.754406 1.643685
1.372183 -0.197415
0.581131 -0.905277
-0.267566 0.598479
2.288173 -0.428777
-0.032917 2.155837
0.736836 -0.415338
-0.530809 1.293757
-0.830458 0.752493
1.526829 -0.255276
-0.267657 0.599409
2.348504 -0.496249
0.329789 -0.563154
0.540559 2.309920
-1.876467 -0.078492
-0.835369 0.096841
2.341621 2.154136
-0.228956 -1.148682
1.583497 1.166405
1.909261 0.083110
0.549194 -1.982603
2.321413 -0.459378
2.438633 1.864280
-1.230597 0.292186
0.683694 2.701770
-1.270430 1.336820
0.733385 2.756348
0.495988 1.892297
2.358034 1.845491
0.004058 0.606224
2.244578 0.739302
0.635217 2.674611
-2.195093 -0.853744
-1.566543 0.810208
-0.053294 2.118759
2.581924 1.592238
-0.016136 -1.189538
-1.312905 1.365250
0.695730 -1.333466
1.265435 0.243661
1.345636 -0.201247
0.334910 1.819150
-2.419902 1.315046
0.990693 -1.564597
2.443206 2.308605
1.100603 2.124779
0.453159 -1.008923
1.758766 1.518598
2.522474 1.605557
-2.096014 -0.516691
0.652994 -0.527053
-2.149367 -0.612198
-0.028679 2.141378
2.274957 2.055349
1.616016 -0.371998
-0.985154 0.959978
-0.198202 -1.455328
2.176453 1.965266
0.681881 -0.466938
1.286908 0.860555
0.690773 1.080451
-0.209444 -1.162879
1.636766 1.826310
-2.999717 0.704071
-0.933004 0.496165
0.323540 -1.045852
-0.064307 2.141989
1.438996 -0.090637
0.982211 1.304248
0.338666 1.822326
1.354974 1.080651
2.669356 0.856889
0.729971 -0.012418
2.304394 0.894785
-1.124904 0.804379
-2.729041 0.387060
2.568825 1.576819
1.410016 0.825266
2.384485 -0.540290
0.796475 2.062558
2.066696 1.799554
-1.088250 1.467299
-2.815981 0.387508
1.207340 1.178492
-0.307401 0.593989
-0.910306 1.343487
-0.854537 0.875550
-0.045109 -1.859213
0.397145 -0.925355
0.366519 -1.235544
-2.237969 1.290797
-0.316959 -1.385276
-0.812437 0.985879
-1.980096 1.612423
0.678999 -0.544663
2.019516 0.936945
0.450172 -1.045442
-0.865537 0.030019
-1.036456 0.971787
2.024284 0.094248
2.586924 1.573070
1.940605 -0.290227
-1.621785 0.658706
2.039376 0.065975
1.302680 2.272645
-0.980641 0.138004
0.614202 2.481195
-1.996479 0.957869
1.174108 -0.411045
2.181563 -0.549662
2.334841 2.121749
0.516725 -0.766634
2.389024 2.239608
-2.419183 1.308898
0.647371 -1.824683
1.462719 0.942024
-2.114644 0.249440
-1.972209 0.052414
-2.098946 0.267228
0.508547 0.324556
0.275952 -1.053311
-2.874560 0.523152
1.870077 0.973083
-1.989729 0.818320
2.085219 -0.600769
0.783568 -1.420826
0.882731 -1.520393
0.529073 2.306221
-0.099831 -1.708911
-0.794306 0.890277
0.614835 2.470535
0.750108 1.429709
2.469528 2.356962
2.207420 -0.034326
-0.376177 -1.738315
0.985269 1.235041
2.207262 -0.388720
1.387573 0.068370
1.775512 1.427048
-0.218325 -1.585986
-0.987989 0.931507
2.372300 0.930070
-0.034431 2.160038
-1.553311 -0.140474
-0.048544 -1.698383
-1.557818 -0.039578
2.075368 -0.570606
0.058501 2.035871
-1.605030 0.024060
0.499648 1.640025
0.265208 -0.908417
-2.201805 1.270720
-1.028623 0.989786
0.279931 -0.932504
-1.035697 1.066316
0.697585 2.843855
-1.214888 0.748202
-0.347330 0.657277
1.826690 1.518754
2.370034 1.900986
-1.059726 0.541404
2.007539 0.144087
-2.347173 -0.770223
2.072063 0.332959
1.483479 -0.030693
2.177210 1.835738
1.907406 0.359717
-1.517648 0.065379
-0.873939 0.594614
2.090071 0.127655
1.455067 -0.155144
0.546422 -1.825822
2.314594 1.916028
0.622476 -0.541259
0.067191 2.039174
-1.020796 0.750735
1.421289 1.372156
-1.375943 0.561290
1.992176 1.623357
1.240491 2.007878
-0.338671 -1.350981
-0.030194 2.142940
2.136760 -0.586975
2.352468 0.896765
-0.312574 -1.532223
0.306347 -0.776052
1.262330 0.851170
1.447457 1.320874
-2.151308 0.170961
1.244829 0.229014
-2.119824 1.604434
1.003963 -1.603842
1.240330 0.143830
1.267358 -0.445695
-3.018001 0.261836
-0.011607 0.539798
1.100783 -2.075975
-0.501560 -0.419481
1.486520 1.104088
1.153435 1.155936
-0.319756 -1.458213
-0.611284 0.683472
-1.054008 0.928202
-2.161338 -0.966444
2.096695 1.751301
-0.647787 0.618909
-0.210484 -1.228117
0.901938 -0.617984
0.477739 1.869013
-0.947648 0.490098
1.677620 -0.140505
2.523660 1.666287
1.884339 0.278996
1.598716 -0.172239
0.515954 -1.818336
1.465049 -0.146843
-0.903352 0.664040
0.514148 -1.833252
0.669438 1.891794
0.928001 2.141418
2.035995 -0.569961
0.761623 2.415020
2.494943 2.393509
1.219512 0.221409
0.591289 2.275652
2.106141 1.868969
0.958955 1.302212
0.293973 -1.010867
0.262842 -0.961905
-0.636288 0.641189
-1.501402 0.070561
2.224045 0.018368
1.364421 0.385196
2.106136 0.147262
-0.614044 -0.320411
0.290653 1.917694
-1.542202 -0.148158
-0.900539 0.419303
-2.962105 0.326680
-2.975518 0.284062
2.208643 1.912696
2.437277 1.848721
1.542149 -0.481652
-1.602744 0.651106
-0.938317 0.569329
1.268905 -1.738277
-1.409763 0.927855
-0.238367 -1.490214
-1.088169 0.854121
1.980869 1.960372
0.281330 1.698485
0.177254 -0.799887
-2.435432 0.566728
-0.306441 -1.531126
2.281910 1.934433
2.588427 1.517605
-0.029547 -1.864601
-0.981181 0.335173
2.068715 -0.335034
-1.825172 -0.168753
2.272295 -0.053717
-2.025539 1.564362
-2.154989 0.183139
-0.064082 -1.740157
-1.632213 0.660507
-1.117020 0.928673
1.995570 1.596791
2.035730 2.013364
2.266695 -0.388257
-2.087053 0.320394
-2.941492 0.446630
1.300223 2.303577
2.451995 1.888144
-1.817910 -0.141007
-0.695423 1.052689
2.286068 -0.581433
2.042756 1.631915
1.235471 1.049559
-2.365172 -0.566930
0.231532 -1.031312
-0.343765 -1.681540
1.595369 1.101130
1.204604 -0.539367
0.560585 -0.436195
1.596470 -0.253522
2.068485 1.819996
1.799373 1.912587
-1.089994 0.811159
1.556892 -0.499628
0.502459 1.737062
0.574484 -0.775599
1.055436 -1.513545
2.245663 1.941688
0.527687 2.325334
0.436051 -0.819554
1.801979 1.007019
-0.831587 1.180003
-0.917104 1.207228
1.245920 2.014691
1.027267 1.358567
1.448048 1.220571
-2.171180 -0.977751
2.492919 2.386813
-0.907073 0.753602
1.606821 1.063074
2.632762 1.537270
0.682264 -1.437332
1.623738 -0.005627
-0.927828 0.054828
-1.071182 0.786457
-0.121863 0.524458
1.541680 -0.527987
-2.965421 0.579241
1.109215 1.663396
-3.020374 0.367575
1.129144 -1.929052
1.140462 1.190989
-1.086100 0.719887
-0.584853 -0.322586
-2.204407 1.293755
-2.993740 0.536472
-0.924460 0.488239
-1.245952 0.678775
0.751379 1.679959
-1.130802 0.675674
-1.036214 1.089539
-0.993197 0.317325
2.216635 1.949492
0.949130 1.178224
-2.803892 0.567611
-1.309362 0.573540
0.495708 -1.889721
0.522908 -1.649207
1.552276 0.032520
-0.890490 0.421747
-1.338342 0.210265
1.443664 1.118487
-0.999003 0.098438
2.614105 1.635387
-2.139328 -0.757811
-2.457270 -0.638858
-1.273916 0.654441
1.248066 0.126467
0.623074 -0.828933
-1.004378 0.641985
-2.344092 1.339013
-1.238101 0.758936
1.353010 -0.163105
0.728736 2.799971
0.097334 -1.539347
0.690618 2.853287
1.283236 0.288872
1.036334 1.767687
-0.251446 -1.178287
1.069186 -1.833202
2.207264 1.926141
0.947926 1.878539
1.538838 -0.338061
-2.955227 0.508264
-1.538936 -0.170383
-2.274434 -0.594453
1.523822 -0.342499
-2.432323 -0.691716
1.974261 1.876606
0.701105 2.648532
0.682127 2.829337
2.385679 -0.534442
1.247329 1.203921
1.841074 1.470448
-0.422077 1.484059
2.586495 0.896442
-1.100849 0.887138
0.930511 2.036460
0.744115 1.744406
-1.114956 0.874889
-1.795598 0.789342
1.320988 1.180941
2.288096 -0.057886
2.726869 0.897581
-2.521443 -0.668307
-1.014041 0.521756
0.887722 -1.541451
1.506972 -0.252369
2.108732 -0.618173
1.983049 1.959552
-1.338981 0.566324
-1.227177 0.571482
2.231513 -0.094703
0.712521 -1.590217
1.590299 -0.123701
-1.086842 0.575873
1.179404 1.267909
-2.151122 -0.944255
1.159263 -1.971160
2.217308 1.959965
-0.811172 0.905265
-1.324887 1.415419
1.248015 1.254543
-0.035102 2.124635
-0.118858 -0.665267
1.380845 0.997113
1.371276 1.162478
0.996299 -1.567933
-1.234618 0.780073
2.396012 2.187466
1.414578 -0.327104
-1.130477 1.086521
1.571552 -0.396419
0.688335 2.846329
-1.281353 1.319083
-0.745120 -0.147669
-2.329184 1.308544
2.510183 1.889640
2.561094 1.580639
0.444547 1.869460
0.751198 1.752455
-2.447158 -0.698255
1.507095 0.771136
-1.323786 1.433022
-2.954197 0.527887
1.361939 1.309921
-2.368456 1.323599
1.836367 1.930715
-2.955975 0.506809
-2.018043 0.872876
1.811749 1.516472
1.294741 0.659880
2.331169 0.893415
-1.837551 0.012111
0.953103 1.321796
-1.017903 0.462942
2.306234 0.898773
1.227197 0.913316
1.948240 1.592094
1.684520 -0.348847
-1.463950 0.031960
0.996915 -2.121622
-1.051645 1.459322
0.801910 1.690583
0.833360 -1.740901
0.398915 -1.051332
0.694537 2.846492
2.158951 2.000320
2.562314 0.858431
-0.188672 0.538957
-0.803629 0.900162
1.021213 -0.975460
0.339488 -0.736988
-0.915001 0.092402
-1.942909 0.610286
0.156064 -1.021283
0.994483 2.060575
1.253069 -1.754195
2.173168 1.894089
1.373151 0.126386
-0.468677 -1.272500
-1.995983 0.848145
1.464825 0.772116
2.120325 1.917521
-2.226015 -0.601196
-2.551832 -0.661563
1.309823 1.153983
0.375138 -1.037682
1.325358 -0.220960
1.748842 1.460239
1.717860 0.530609
1.135089 -1.913154
1.041957 -1.822093
2.378659 0.011360
-2.484521 -0.929714
1.189107 -1.942552
2.141611 0.111110
0.553885 -0.948289
0.262696 1.853901
2.091407 1.903820
-1.216279 0.793171
-2.216840 -0.893159
1.264559 0.607651
0.667394 -0.523285
-1.080914 0.820944
2.430222 2.285323
0.964518 -2.070518
-2.453885 1.303096
-0.158707 0.549510
1.078979 1.092296
-0.345301 -1.722466
0.117324 1.965629
2.440700 2.304063
-0.943569 0.954813
1.911849 0.087423
2.014681 0.089713
0.666358 -0.488833
1.537056 1.091501
-0.918266 0.064418
1.136197 1.074749
-0.018318 -1.749306
2.353767 2.133234
0.958632 2.185729
1.057163 -2.116267
1.341928 -0.317307
-2.709628 0.554362
-2.489760 -0.956437
1.765324 1.018039
-1.129608 1.449960
2.377115 0.896181
0.344768 1.897287
2.089703 -0.560296
-2.561336 -0.679801
1.777223 1.567654
-2.175949 0.600170
1.440377 -0.161499
1.982614 0.930902
1.116748 1.216620
1.472426 1.527863
-2.985208 0.678831
1.097512 1.087311
-0.248402 0.963150
1.487827 0.798126
1.366367 -0.176550
-2.423332 -0.726205
-0.162199 1.000564
2.516552 1.406844
2.354861 0.881416
-1.201192 0.909046
-2.401150 -0.837301
1.079914 -1.545976
-1.042469 1.484921
-1.532209 0.646484
-0.856523 0.038833
1.134333 1.623422
0.396209 -0.929784
-0.337385 -1.580142
1.247945 1.103674
-1.554820 -0.114575
2.706971 0.892214
0.079705 1.003578
-0.546865 -0.378515
-3.056420 0.573573
0.633404 -1.815276
