500 2
0.537501 -1.524140
0.572890 -0.113451
-0.452879 -1.642214
1.605275 0.372445
-0.992839 -2.796700
-1.221724 0.260924
1.334038 -0.673168
-1.485674 -2.693071
-0.111023 0.933635
1.054570 0.735555
-1.033773 -2.364606
-1.282033 -2.802626
0.645542 0.016616
-0.501920 -1.228390
-0.265387 -1.610925
-1.273044 -2.674047
-1.285110 -0.947585
1.246234 -0.752450
-0.940821 -0.016478
0.288027 0.821430
0.874773 -0.275599
0.447637 -0.923969
-1.234236 -0.888760
-0.672263 -0.041052
1.450595 0.208300
-0.983554 -2.789689
-0.675648 -2.155047
-1.085665 -2.041656
-1.245822 -2.947593
0.742217 0.687681
0.266605 0.577628
-1.317116 -0.860167
1.382784 -0.075106
0.782239 0.075654
0.923107 -0.541350
1.449857 0.298302
-0.596985 -2.217405
1.750802 0.047340
-1.102688 -2.398339
1.747011 0.047221
-0.293119 -0.825072
0.602596 -1.584064
-0.354464 -1.497225
0.961343 0.056453
-1.488827 -2.559045
0.165862 0.871656
0.906344 -0.023328
0.430618 -0.864410
0.582740 0.029771
-0.851647 -0.030050
-1.003328 -2.785008
0.147440 -0.088001
-0.151366 0.744585
0.236322 -0.694535
-1.158708 -1.928195
0.780923 0.830885
-1.072010 -2.419315
-0.373003 -0.894601
-1.197652 -2.433521
-1.231375 -1.012442
0.754499 0.020178
-0.555774 -1.652948
-1.111300 -2.278509
-1.117369 0.229193
0.302573 0.664503
0.197530 0.738249
-1.428992 -2.786872
1.350994 0.340336
0.195813 0.712195
1.391493 -0.589495
-0.956569 -2.063083
-0.850937 -1.269033
-0.050582 -1.275079
-1.404838 -2.558280
-0.453153 -1.643069
0.887985 0.191425
-0.243315 -1.462982
-0.874010 -0.113985
-1.430484 -2.343017
-0.295632 -1.458180
0.220442 0.836478
-1.132723 -0.927971
0.904844 -0.351021
-0.535431 -1.250250
-1.347015 -2.451323
0.689433 0.959214
-0.744034 -0.589598
-1.102585 -2.371078
0.692693 1.104278
-0.028505 0.663131
0.096793 -0.314878
-1.513000 0.331529
-1.491709 0.300332
-0.804236 -0.365003
1.021240 -0.360999
-0.205216 -1.558114
0.940640 0.836620
0.900513 0.037422
1.485795 0.312653
-0.401520 -1.467706
1.065789 -0.723765
-0.724749 -2.079162
-0.362041 0.311482
-0.863129 0.039238
0.259645 -1.039478
0.304439 -0.357348
0.933479 0.829417
-0.024025 0.370707
0.489476 -0.582412
-0.539823 -0.269140
-0.930723 -1.241684
-1.600180 0.334930
1.328083 -0.613078
0.471017 -1.459123
-0.429945 -2.091339
-0.838373 0.131291
-0.369748 -0.225601
0.726093 0.039013
0.246164 -1.444799
-0.929750 -2.733373
0.151726 0.930799
0.070417 -0.133896
-0.682143 -0.681001
1.781471 -0.072132
1.299699 0.225115
0.549801 -0.737747
0.538682 0.041835
0.705506 1.128818
-0.262747 -0.017391
-0.998365 -1.488052
1.797705 -0.077655
-0.055047 0.395208
0.770317 -0.114542
-1.550539 -2.798948
-1.147740 0.049549
1.485616 0.317527
0.630309 -1.610525
-0.350295 -2.044629
0.862921 0.919266
-1.140203 -2.317967
0.234999 -1.349939
-1.051060 -2.897358
-0.898846 -0.762248
-1.101141 0.105509
0.520377 -0.679894
-0.924551 -2.031580
0.637747 -0.441878
-1.290230 -0.927872
-0.202536 0.808732
1.400689 -0.445052
1.507086 0.132006
-1.320085 -2.835553
-1.260170 -0.904084
1.446321 -0.523707
-1.141960 -2.752269
0.596189 0.415981
-1.130468 -1.880334
1.128920 -0.766140
-0.219436 -1.552553
-1.187768 -2.997646
0.730813 -0.298428
-1.159601 0.213451
0.287676 -0.928082
-1.111970 -1.482074
-0.281152 -1.433352
0.530459 0.487844
0.301494 0.068470
-0.243731 -0.166834
-1.168945 -2.259721
-1.663787 -2.770211
0.704062 -0.142281
1.395951 0.077642
-0.214832 0.934735
-1.264441 -2.200295
0.335868 -0.424226
0.546412 -0.707303
0.290063 -0.303477
0.318400 -0.257263
0.152459 -1.360296
-0.910804 -2.561624
-1.018427 0.325773
-0.310262 -0.148766
-0.207371 0.998750
0.442983 -1.582620
0.792808 0.982551
0.287558 0.562026
0.168314 0.306370
0.046727 0.685828
0.648124 1.148859
0.898271 0.840817
1.562659 0.055212
-1.348739 -0.969850
0.549771 -0.144058
-0.364680 -2.212331
0.451885 0.806950
-0.788642 -0.929494
1.032827 -0.201389
1.357529 0.294273
0.539060 -0.717242
0.621386 1.165603
0.582043 -1.545460
0.436322 -1.505682
0.794737 -0.078305
-1.447150 -2.643429
-1.099631 -2.264194
-1.209190 -3.025232
-0.499466 -2.012907
-1.274838 0.135745
0.760265 0.727639
-0.962486 -2.800071
-0.231327 1.052324
0.843766 0.884091
0.847635 -0.312626
-1.262957 0.299951
-1.383685 -2.924640
0.542093 0.075037
-0.290965 0.884480
0.498499 -0.088468
-0.836062 -1.976029
-1.647846 0.325978
0.940712 -0.295291
-0.304379 -1.732596
-1.061229 -0.914200
0.199520 -1.115503
0.516904 -1.556828
0.550255 -0.107894
-1.028742 -1.432801
-0.648154 -0.545221
-0.347268 -1.532041
0.020360 -0.099265
0.496609 0.790651
0.019136 0.028817
-0.366211 -1.922716
-1.219034 -2.182037
0.416225 -1.313662
0.165106 -0.283143
0.769075 -0.252924
-0.527381 -1.554798
1.457445 -0.029573
0.833571 -0.134567
0.220258 -1.459654
0.656517 -1.656643
0.597063 -0.829589
-1.252799 -2.971874
1.483967 0.192601
-0.865665 -2.662011
0.727745 0.849208
-1.463410 0.342856
1.830570 -0.081975
0.964897 -0.248106
0.447490 0.212665
0.325088 0.897952
-0.282412 -0.027066
0.972713 0.855440
-0.677947 -0.325206
0.085584 0.580271
-0.681593 -1.662880
0.222162 -0.634828
0.046952 0.707672
-1.399391 0.403662
1.464448 0.054289
0.573154 -1.652094
0.480646 -1.557464
-1.593227 -2.871275
1.668259 0.362457
0.716357 -0.495986
-0.992065 0.021875
-1.365121 -2.654517
-1.020991 -2.708145
1.051999 0.889313
1.186600 -0.780411
0.849527 -0.115383
-1.003941 0.022337
-1.314330 -2.169630
-0.170626 -1.635755
-1.215139 0.176641
-1.611813 -2.871161
1.730219 0.001911
-1.281018 -3.027655
-0.335176 -1.084466
0.485903 0.899922
-0.321602 0.025716
-0.631227 -0.208045
0.786865 0.424203
0.207655 0.944552
-1.313072 -0.969780
-1.310263 -2.892047
-0.458909 -2.165242
0.103101 0.656715
-0.714409 -0.118565
0.535681 -0.761703
0.012735 0.032932
0.360945 -0.298496
-0.116027 0.909739
0.477511 -0.118645
-1.448566 0.386799
0.339994 0.526705
-0.324715 -0.153867
-0.326168 -0.138313
-0.948307 0.192645
0.495088 0.913018
0.510924 -0.596688
1.112098 -0.387470
1.599709 0.205238
1.248489 0.264995
0.853569 -0.198438
0.362930 -1.026547
-0.138944 0.558155
0.651714 1.148515
1.661147 0.425533
0.250656 -0.331930
-1.325957 -2.330201
-1.105410 0.105569
0.005184 0.022550
-1.660027 -2.803113
-1.220788 0.136381
-0.417501 -2.158053
0.336918 0.489955
-1.357407 -0.987763
1.432360 0.436912
0.460471 0.209784
-0.880353 0.301384
-0.462273 -2.194878
1.377050 0.230589
1.177287 0.220165
-0.078202 0.002985
-0.897871 -2.702028
-1.424024 0.392082
-1.227465 0.173852
0.385636 0.101591
0.284637 -0.558324
-1.663743 -2.716476
-0.452508 -2.053529
-1.012082 -2.851536
1.225906 -0.048889
-1.139337 0.221936
-1.428258 -2.894379
0.567452 0.860247
0.783164 1.013056
1.428760 -0.615214
0.569007 -1.505435
-0.923406 0.136488
-0.388666 -1.312273
1.093462 0.779215
-0.973908 -2.859805
0.600217 0.863481
-0.122776 0.266993
0.395721 0.174961
-0.382353 -0.454380
-1.034558 0.074581
1.810493 -0.068453
-0.396413 -2.215220
0.125637 -1.149463
0.774048 0.622939
-0.161258 0.470402
-1.221449 -2.917020
0.412244 -0.479586
-0.084752 -1.178891
1.821223 0.017056
-0.593471 -1.468756
1.642891 0.420544
0.285555 0.580124
-1.333277 0.179320
0.582876 -1.608432
1.215896 -0.335528
0.800594 0.177525
-1.648279 0.300666
-0.358355 -0.270038
0.690887 0.091438
-0.974931 -1.420985
-1.270052 -2.400205
-1.094356 -1.198046
0.890444 -0.663052
-0.750693 -0.150755
-1.047833 -1.119731
0.755509 0.858729
-0.682907 -1.042531
-0.337976 -0.109168
0.272297 -1.480696
0.618865 -1.631179
-0.235967 1.033148
0.154590 -0.086875
1.408459 0.065751
-0.935662 -1.357671
0.216539 -0.067619
0.061721 0.956721
-1.148658 0.083422
1.266566 -0.249521
0.430452 0.868203
0.029017 0.715061
0.277710 -0.806946
0.709854 -0.284482
-1.219795 -1.955758
1.423939 -0.024717
0.207331 -0.039842
-1.627299 0.306547
0.067736 0.721882
-0.995807 -2.556783
-0.170053 -1.351614
0.208853 0.615402
0.234097 -0.603333
-0.886579 -0.096264
-1.557023 -2.803546
-0.985284 -2.917804
1.182310 0.149631
-0.015919 0.871565
1.691385 0.428475
-1.201924 -2.997588
0.436296 0.919913
-0.664416 -0.383325
-1.204700 -1.919643
1.766572 0.018867
1.636093 0.150922
0.653026 -1.656177
0.261241 -0.889678
1.790772 -0.114154
-0.240659 -1.591142
-1.681010 0.342793
0.769427 0.962491
-1.209042 -1.905553
1.466688 -0.599492
-0.020706 0.085774
0.092252 -1.195698
-1.149152 -2.860286
0.042083 -0.072723
-0.974453 -2.521379
-1.109628 0.026959
-1.042828 -2.920881
-1.106889 0.286214
-0.159631 0.514705
0.850968 0.985774
1.223167 -0.374994
0.008661 0.770465
0.475373 0.594014
-0.976473 -2.797830
-1.591257 -2.894118
1.671442 0.171418
-1.638918 0.371163
0.182066 -1.491524
1.055433 -0.286896
-1.193279 -2.861576
-0.413831 -1.038848
-0.409686 -2.229589
0.865943 0.840809
1.432480 0.392710
0.723067 -0.544179
0.881354 -0.315504
1.179636 -0.735172
-0.285979 0.113071
0.123764 -0.405501
-0.065589 -1.433286
-1.097992 -1.117440
-1.218282 0.223801
-1.298025 -2.822212
0.522927 -0.745048
-0.392466 -1.257952
0.266268 -0.496485
0.381652 -0.296305
0.306255 -0.314819
-0.136955 0.384611
0.275929 -0.625244
-0.304431 -0.154086
0.413193 -0.813094
-1.512756 -2.743516
1.481161 0.366995
-1.337154 0.257067
0.699189 1.066954
0.376497 0.246032
-0.104492 0.738485
0.347483 -0.146010
-0.125655 -1.468730
0.231649 -0.979535
1.511774 0.316818
0.763378 -0.516326
-1.100330 -0.684649
-1.150928 0.224788
0.950194 -0.004697
0.776634 0.143923
1.413156 0.254772
1.757609 -0.032721
-1.091503 -1.590224
0.576403 1.013102
0.945730 -0.335827
-1.410203 -2.669481
0.304112 -0.528372
0.844214 -0.322171
-1.498889 0.266377
0.591697 -0.086632
0.496359 -1.558666
-0.467928 -0.207769
-0.073727 0.040071
-1.002055 -1.032081
-0.286236 -1.478532
0.149004 0.694893
-0.286493 -0.150209
0.822580 0.266955
0.862592 -0.532842
1.142306 -0.333475
0.897747 -0.557066
-1.456117 0.297095
