1000 2
-0.830028 -0.364431
0.744719 2.057359
-0.636459 -1.100583
-0.450828 0.165846
-1.353498 0.971731
0.424244 -0.026980
2.079187 0.278069
-0.059552 1.437323
-1.139139 -1.386044
0.122272 -0.954371
2.124408 -1.488351
0.864608 -0.558378
1.097234 1.863748
-0.033328 1.476134
-0.010391 1.481670
-1.107868 0.984839
0.203189 1.794546
-1.247661 -1.823142
2.349945 -0.430894
-1.353073 -1.103807
3.420281 -0.325990
-1.052863 -0.238344
0.972528 -0.514409
-1.890130 0.731502
0.447350 2.223459
0.461597 -0.174665
-0.190208 0.311351
-1.702500 0.457964
-0.432952 1.557206
1.369283 0.544187
1.452548 0.104839
1.348546 0.607098
1.640000 -0.454380
-1.446507 0.215811
1.093986 -0.143390
-0.574626 2.433087
2.118538 -1.760981
0.194777 1.312365
-0.550002 1.578076
1.996906 -0.900413
-0.783730 1.084344
0.064890 2.035054
1.500182 0.125669
3.312011 -0.349640
0.043276 1.601411
3.200584 0.055967
0.002972 1.854764
0.260571 2.244530
2.051072 -1.807662
1.610003 -0.452620
1.513631 0.253176
-1.025037 -1.259950
2.524325 0.693304
-1.358621 -0.714727
-0.878588 -1.003259
2.172032 -0.411244
-0.708023 -0.320514
-0.606590 2.289374
-0.559355 2.501795
0.469276 -0.278392
1.201572 -0.196958
-0.629946 0.846351
-1.663520 -1.702871
2.085149 -0.981788
-1.704597 0.473546
3.022010 -0.383173
0.332755 1.712560
-0.199002 0.299266
-1.228531 0.865043
-1.969479 0.481485
2.103878 -1.832439
-1.170514 -0.233333
-0.721947 -0.568526
-0.612372 1.575798
0.758253 1.918305
-0.155472 1.391365
2.090069 -0.552843
2.379933 -1.536887
1.504894 -0.095207
-0.587395 0.019008
2.436862 0.864499
0.166077 1.370019
2.654935 0.705673
-1.475724 -0.484338
-1.879125 0.999726
0.457805 2.203543
-1.270231 -0.938739
-0.730213 -0.250728
2.654035 0.753765
-0.625280 -1.225846
2.180351 -1.045026
3.450857 -0.359511
-0.495953 2.401665
0.650333 -0.757738
-0.410329 2.213652
3.046590 -0.355656
-1.055482 -1.130673
2.207722 -1.399517
-0.559565 2.680944
-0.710613 2.695346
1.365186 -0.295489
1.974831 -1.140624
0.199510 1.251332
-0.989068 -1.028329
0.042586 1.546224
-1.627985 -0.158893
2.618626 -0.960342
-0.348351 2.091551
2.158605 -0.963525
0.842843 2.184365
1.590771 -0.444113
0.375656 -0.579311
0.077471 1.505675
-1.753990 0.509500
1.879754 -0.108516
-0.608953 2.243325
2.768883 -0.980644
-1.953218 0.625278
1.259737 -0.253016
2.331777 -0.371851
2.424035 -1.565024
-0.670349 -1.176425
1.337979 0.629143
-1.050581 0.580878
0.032240 1.342863
-1.116003 0.715417
2.610078 -0.505958
-1.302399 0.553850
3.535289 -0.370055
-0.566118 2.390236
1.121387 -0.481636
-1.039829 -0.251491
-1.268988 0.701301
-2.018616 1.058975
0.486574 -0.213234
0.571773 1.872051
1.341208 -0.771859
-0.012786 2.229456
1.275743 -0.360339
-0.655594 -1.138013
-1.907835 -1.105852
-2.137343 -1.063559
0.229554 1.120774
-2.161665 -1.129758
-1.567286 1.008592
-1.048038 -1.782407
1.087978 0.029023
1.745220 -0.242542
-1.800190 1.086509
-1.487931 0.643131
0.975061 2.011871
-1.970867 0.705879
-0.131687 1.425788
0.738762 2.009872
3.408184 -0.248315
1.362720 -0.377062
-1.022773 -0.573437
0.824268 2.253250
0.132649 -0.517352
0.433762 2.284077
-0.473809 -0.346956
-1.564288 -1.839545
-0.644848 1.469153
3.506232 -0.403272
-0.954892 -0.431789
-1.368356 -0.741873
-0.314651 -1.567113
-0.485608 2.364900
-0.651246 2.705710
-1.111658 -1.132594
1.210592 -0.503108
-0.967885 -0.775413
-1.335317 -0.450114
-0.562329 -0.982398
3.256068 -0.224675
-0.266121 2.355726
0.662442 -1.057393
0.158328 1.349320
-1.292836 -0.832829
-0.588274 1.376304
1.559216 -0.514803
-1.678456 -0.527717
-1.016065 1.002807
2.180844 -1.092936
-2.001609 0.446870
2.003625 -0.434938
-0.749212 -0.784560
0.480025 -0.595330
2.134407 -0.972860
-0.738316 -1.135402
1.363709 -0.226647
0.332094 -0.597483
-0.024598 2.282352
-0.267571 -1.637467
1.245626 -0.199945
0.194732 1.149764
0.765001 1.858601
-1.406476 1.063122
1.067986 -0.093959
0.509899 1.731344
1.451060 -0.070628
2.883502 -0.413491
-0.482116 1.416082
0.602998 1.686555
1.764827 -1.049919
0.830719 2.164224
1.564543 -0.747613
-1.240259 -1.921163
-0.590522 2.464495
1.389007 -0.592944
0.059159 1.476449
-0.225806 1.392062
-0.305194 1.420321
-1.208869 -0.142140
1.326368 -0.767633
2.190567 -1.444378
-0.556308 1.447970
-1.178900 -1.114759
-1.178710 -1.850482
-0.048290 2.280395
2.345527 0.700210
2.151577 -1.865636
2.705106 0.774133
-0.463879 2.197174
0.146772 1.929788
0.744377 -1.031534
-0.702440 -0.301760
0.982932 -0.551137
1.284041 -0.463518
-1.753035 -0.519263
2.281686 0.859136
-0.397927 -0.457532
0.848456 1.858640
0.530376 -0.416241
2.615346 0.730359
0.007450 1.635327
-1.184841 0.716956
1.850523 -1.026076
-1.376187 -2.380051
1.757794 -0.906080
1.776895 -0.186904
-1.451303 0.671284
2.469312 0.782507
-0.562132 2.624422
-0.648090 -0.955149
3.386457 -0.032675
-1.351691 -0.797716
-1.123419 0.678632
2.081395 -1.105663
2.381361 0.761873
-1.272414 -1.145351
2.710724 -0.852035
-0.177793 1.402187
-1.622809 0.547532
2.756102 -0.957149
2.160007 -1.877723
0.419450 2.345924
2.697780 -0.897527
1.273455 -0.965941
-0.776399 -0.307758
-1.586620 -0.708247
0.702075 -1.012322
-2.158255 -1.105481
2.022835 -1.141094
0.549581 -0.564679
1.719272 -0.076951
-0.126384 1.082188
0.250253 1.857363
-0.733850 0.194778
3.246734 -0.258123
2.258284 -0.422577
1.434801 0.199319
1.384811 -0.677102
-0.628015 2.806345
3.105461 -0.363173
-1.188445 -0.093887
0.101848 1.586644
1.892209 -0.104726
-1.341931 -2.312633
-1.591380 -0.590158
-0.878888 -0.079641
-0.628393 2.809440
1.262716 -0.200013
2.081823 -1.813799
-0.556633 2.339074
-0.664618 -0.689905
2.752265 -0.474112
1.056169 1.899289
-1.301149 -2.251968
-2.085354 -1.081267
-0.460182 0.131579
-1.815136 0.504867
0.214114 1.702233
-0.600577 1.588094
0.168068 -0.522550
1.976935 0.165024
0.854885 2.263921
-1.005479 -0.268878
-0.610954 -1.015370
1.334089 -1.113896
-0.354450 0.387906
-0.999063 -0.995758
1.837402 -0.451913
-0.898945 0.933052
-0.934925 0.168901
-1.082616 -0.974978
0.506856 -0.190682
-0.606244 2.598449
-1.443326 1.101845
-0.584084 -1.226383
-1.220817 -1.604528
-1.042079 0.205462
-0.816823 1.142818
1.614918 -0.305500
-0.157022 0.339317
-0.406598 0.284063
2.079859 -0.949769
-1.295688 -2.213063
-0.901877 -0.664269
3.380647 -0.232973
1.205477 -0.139218
0.038787 2.112537
2.384107 0.758037
1.112747 -0.479505
-0.492993 2.338528
-0.927327 -0.305927
-1.078137 1.008674
-1.039492 -1.402308
-0.723312 2.780773
-0.861012 -0.242257
2.325487 0.709529
-2.191482 -1.124934
1.586182 -0.804224
-0.009453 2.245976
-0.042129 2.115653
-1.929963 0.886348
1.606392 -0.498552
1.014115 0.889768
1.287314 -0.523564
-0.021064 2.347895
-1.121415 -1.379335
0.034882 1.535274
2.770593 -0.948107
-0.618168 2.603214
-1.591993 -0.014634
-0.272634 2.374531
-0.430709 -1.323289
-1.718365 0.432815
-0.947793 -0.579094
1.214572 -0.572392
0.232859 1.810663
0.016313 1.560580
0.378680 0.210985
1.336123 -0.684336
2.295928 0.805525
-2.240289 -1.071736
0.970157 2.008214
0.358949 -0.556354
-0.677043 2.755646
0.420522 2.359783
1.706275 -0.602253
3.238698 0.010129
-2.105588 -1.097526
-0.058977 0.388723
0.823107 2.163276
-1.442713 0.132165
1.461524 -0.477517
-0.882112 -0.509038
1.659510 -0.874907
-1.806758 -0.504975
-1.997597 -0.983433
-1.954248 0.610446
0.175448 1.697461
0.198452 1.756474
-1.241333 -1.149570
-2.085275 0.425470
1.675009 -0.262234
-1.946704 0.789136
1.513888 0.212592
-1.244001 0.444403
-1.165532 0.795513
2.015223 -1.826996
0.885515 -0.561760
-0.245759 -1.695055
0.677858 -1.100669
-1.336866 0.599624
-1.418407 -1.050484
-1.127708 -1.237095
3.429037 -0.024348
1.680003 -0.639688
-0.798459 1.207328
1.166852 -0.220879
2.785577 -0.939336
-1.329261 -0.887557
-2.117680 0.449279
2.066294 -1.859368
1.338918 -0.653981
2.461063 -1.580788
0.183624 1.908039
-1.096483 -1.337631
-1.088308 -1.771213
0.512462 -0.805871
2.374297 0.537238
-0.801035 -1.254388
0.256145 1.757243
3.271888 -0.321561
-1.747276 -0.541407
-0.565296 -1.267515
-0.480098 -1.263758
2.512401 -0.484053
0.593998 2.170113
-0.238018 0.289830
2.679200 -0.991689
-0.729558 -0.801077
1.666588 -0.145181
-0.340532 0.244332
-0.586807 -0.495030
2.282425 0.844504
-0.330738 0.231148
1.867977 -0.486459
1.485133 -0.087204
0.992355 2.011891
0.174176 1.926434
-0.794450 -1.139736
-1.210303 -2.006214
-1.015139 -1.333411
3.442107 0.024946
1.227247 -0.582158
0.859999 -0.454853
-1.165071 -0.908208
-0.569039 -1.000455
-0.125404 -0.351144
1.343186 0.427153
1.119616 -0.534576
0.897021 1.961787
2.910174 0.419677
-0.060461 0.390504
0.149581 1.391872
2.160870 -1.908723
-0.013492 2.041807
-1.583331 0.631452
-1.629053 -1.904780
0.478954 -0.283813
-0.975347 -0.932999
-1.736580 1.084441
-0.302847 2.173041
-0.094602 2.295108
1.054260 -0.088269
0.019152 1.506380
2.709844 0.800268
3.467661 0.006418
-1.518118 -2.031182
1.192675 -0.146506
-2.220781 -1.066590
-1.999897 0.474009
1.662641 -0.525259
-1.194557 -0.706918
0.022252 -0.488369
-0.880282 -0.335753
2.439468 0.567744
0.714721 -0.538613
-1.263492 -0.682342
-1.151170 1.009853
-0.049694 1.471582
0.697672 -0.486147
-2.019687 1.026949
-0.280301 -1.730271
-0.637282 1.460246
0.726592 -0.944877
1.299446 -0.522828
-1.358460 0.937054
0.746175 -0.468840
-2.062262 1.000633
-0.262568 1.395350
-1.259280 -1.141892
2.734460 -0.482274
1.430552 0.203400
-1.349108 -2.260151
0.655745 1.705270
-0.714066 -0.172894
-1.700989 0.409606
0.621975 2.361421
-1.996452 0.935758
-1.631551 -1.995429
1.924570 -0.467306
-2.045667 -1.133353
1.335647 -1.212536
-2.106356 -1.019751
-0.720430 -1.115313
-1.478781 -1.961174
0.377362 -0.359583
-1.664325 -1.355574
-2.059247 -1.133278
3.498553 -0.379393
1.768049 -0.719938
-0.170974 -1.770936
-1.697140 -1.791147
0.540176 1.928822
1.342132 -1.241605
-0.307270 2.024074
-1.022199 0.494703
-0.959999 0.892237
-0.596183 -1.209137
2.473826 -1.602639
-0.533272 2.236530
-1.446194 -2.538291
-1.606773 -0.648799
0.062629 1.534628
-1.096992 -1.142040
-1.617188 -1.783450
3.051175 -0.344664
-0.608286 1.595793
3.202637 -0.334767
-0.271597 -1.700340
-1.269799 -2.145966
-1.398876 0.953619
1.249240 -0.969758
0.662380 1.974724
-1.245739 -2.052019
-0.631726 1.438049
-1.051387 -0.211921
-0.493897 -0.502816
0.639562 1.656359
-1.024941 -1.604750
2.300955 0.863868
1.495418 -0.112858
0.245798 1.612514
-0.200932 -1.728213
-1.276265 0.741968
-0.589008 -0.721185
-0.587557 -1.263041
-1.073436 -0.268700
-0.009246 0.420491
0.984545 -0.224139
-0.337482 0.215661
1.325446 -0.705330
2.427537 0.567890
-1.688341 -1.758684
-1.205991 -0.147053
-2.123214 1.066172
-1.169581 -0.903927
-1.241421 -1.775842
1.164828 -0.083286
2.479049 0.611212
-0.955446 -0.421608
0.697770 -0.445006
1.065506 -0.088962
1.141504 -0.301474
0.414210 2.323704
0.049432 1.557463
0.249046 1.733031
2.303232 -1.514886
0.754100 2.054883
1.006122 -0.774860
2.003145 -1.861189
-0.596067 1.544280
-0.410267 0.199097
0.060912 1.568528
1.507882 0.294714
1.500456 -0.521476
-1.777598 0.416404
-1.662484 -1.719162
-1.772990 0.901035
1.845302 -0.142403
-1.795007 0.419990
-1.791405 -0.507485
1.551172 0.045572
-1.720492 -1.133801
2.132347 -1.111363
-0.776619 1.131428
-1.878199 1.030940
-1.297631 -2.144279
-0.136070 1.359611
-1.353829 -2.331039
2.455282 -1.586319
-0.192431 2.377098
-1.206320 -0.145767
2.699314 -0.978000
2.651118 -0.713119
2.771882 -0.998776
-0.128675 1.940687
0.218921 1.614481
2.309234 0.709009
-0.494986 0.077436
2.160251 -0.984159
-1.836036 1.121170
-0.343969 2.040979
-0.379951 2.148613
-1.366205 -1.139839
0.556968 2.211105
1.114175 -0.174619
-1.591720 -1.108565
-0.899557 -0.687454
-1.420626 -2.510211
-2.026083 0.603851
0.892963 2.323256
-0.677865 -0.676039
-1.900516 0.957671
-1.191896 0.732341
-1.038949 -1.063760
0.607075 2.134407
1.290525 -0.898004
-0.276258 0.244426
-0.211428 -1.774010
2.398748 -0.321932
0.342063 2.237445
2.337019 -0.418340
-1.784420 1.123768
-0.314497 -1.535017
2.456574 -0.473069
-0.527347 -1.074987
0.079091 1.393593
2.245126 -1.449363
1.499067 -0.439790
0.102844 1.539706
1.578936 -0.540955
-2.179188 -1.105820
1.486707 -0.649090
0.833808 -0.436114
-1.075803 -1.324902
-1.471981 -2.018179
1.566633 -0.491645
-1.569821 0.283402
3.341991 -0.146395
-1.709000 -0.008650
-1.273055 0.702545
-1.255027 -1.894960
-1.566119 -0.010903
2.309219 -0.430973
1.339931 -0.200574
-1.784742 0.461744
-1.143731 1.017606
-0.024620 2.348334
-1.408456 -2.025028
-0.569294 1.519420
-0.367812 -1.470827
1.342614 -0.643095
-0.939462 -0.960529
2.377271 -0.557357
-1.190645 -1.497717
-1.519903 -0.512803
0.789812 2.062948
-0.275818 -1.683124
-1.873853 1.046769
-0.274979 0.255400
0.818496 2.216745
0.095653 1.273762
-1.040414 -0.284869
-1.042530 -0.792266
2.757424 -0.928755
-1.006329 0.487349
2.063165 -1.833745
-0.585042 2.186963
-1.006880 0.592075
-0.932476 1.107322
2.685633 0.735825
0.473271 -0.281284
-0.645238 2.750142
1.296701 0.687534
-0.750216 -0.206916
-0.911825 -0.331037
0.768654 2.085406
0.969924 -0.525839
1.169142 -0.502083
3.560578 -0.391187
-1.178856 -1.661415
1.148605 -0.620107
0.639490 1.783616
-0.883719 1.010492
-0.652162 -1.225390
1.495014 -0.160578
-1.541671 0.603585
-1.646357 -1.813721
-1.493153 0.237941
-1.410074 0.708823
0.001527 2.363931
-1.264870 0.818125
1.135149 -0.556374
-0.068274 2.348244
-1.123697 -0.948467
-1.559132 -0.776678
-1.839676 1.073446
-1.632770 -0.940954
-1.461229 -2.578524
-1.007764 0.485676
-1.414961 -1.082182
-1.268736 -1.857945
-0.630500 -0.708512
0.200599 1.572249
0.092832 1.564063
1.181028 -0.545575
2.284066 -0.388993
-1.841984 0.478187
-1.118417 0.639857
-1.802191 0.468973
1.354672 0.607571
-0.521820 -1.233541
2.387826 -0.356691
1.523503 -0.128056
2.587213 0.733383
2.605306 0.741320
-1.286222 -1.939396
-1.435864 -1.991586
-1.445567 1.092346
1.867853 -0.131244
1.314846 -0.256455
-0.492125 2.375638
1.731675 -0.847383
0.723235 2.008812
1.214456 -0.508490
-1.113980 -1.792994
-0.524286 -1.115949
0.184282 1.273870
2.045466 0.241918
0.823325 2.114939
-1.496545 -2.063709
-1.524111 -1.676089
0.414269 2.310828
1.451971 -0.183048
-1.261741 0.845956
2.628779 -0.469459
-2.053170 0.645403
2.075205 -1.834125
2.763978 -0.961764
0.461935 2.236499
1.920596 -0.068378
1.296601 -0.353690
-1.195599 -1.430928
-1.196401 -2.010671
-1.980591 0.887192
2.689148 -0.971131
2.331044 0.697726
-1.820033 -0.498090
-1.373155 -2.000250
2.577760 -0.474444
1.252016 -0.609610
-2.010787 1.150031
-1.180095 -1.495485
-0.920658 -0.336551
3.027932 -0.061135
0.086262 1.585427
0.827782 2.241258
-0.693639 -0.135352
-0.815868 1.151049
-0.626659 1.500665
-1.468174 0.877817
-1.296996 -1.830526
-1.051974 -1.729808
1.584730 -0.517503
-1.428597 1.137495
-0.841646 -1.015465
-0.215984 1.361160
-0.620893 2.224080
-1.386306 -2.050032
-1.401666 -1.116140
-0.121102 1.356624
-0.683042 -0.133427
1.078640 -0.129989
1.097258 -0.137333
-1.535862 -0.542922
-0.770990 -0.678791
-0.917844 -0.487965
3.592352 -0.391837
-1.474334 -2.588829
1.377395 -0.466465
-0.636528 -0.101633
-1.641667 -1.699020
-0.074600 1.763299
-1.379011 0.665133
1.514559 0.234441
1.587974 -0.561035
0.612427 -0.388354
-1.436596 1.095187
2.447388 0.818486
-1.128516 -0.576026
2.600115 0.747657
-0.682612 2.732968
-0.776065 -0.494165
1.425708 -0.446840
1.278243 0.641852
2.258930 -1.496185
2.504159 0.914248
1.481241 -0.246810
1.565301 -0.614431
-1.340337 -0.703725
1.515273 -0.644657
1.599569 -0.513964
1.457914 -0.074086
-1.366739 -2.039607
-0.846489 -0.531807
2.310574 0.679570
1.800362 -0.675857
0.010806 2.378509
-0.028223 2.181740
-1.314363 0.451233
1.474395 -0.148256
2.085360 -0.421840
-0.663375 -0.158942
1.517055 0.121454
-1.664957 -1.882561
3.377920 -0.358298
3.167136 0.016359
2.043666 -0.542750
-0.994267 0.574981
-0.579249 1.292046
1.363446 -0.226900
2.415335 -1.613693
1.505856 -0.657750
-0.964239 1.008109
-2.110268 -1.025238
0.126837 1.785542
-2.196233 -1.145510
-1.016427 0.457690
-1.125180 -0.599562
0.707958 1.777882
-0.706700 2.630361
-1.240404 -2.043586
-1.295613 -0.709899
-1.321961 0.990266
2.486507 0.775314
2.390777 -0.336416
3.144539 -0.238804
-1.406814 1.013224
3.238609 -0.008322
-1.122499 -1.829984
-1.962072 -1.157647
-2.258390 -1.027077
-2.094440 1.076353
-0.686675 -0.402788
-1.044029 -1.280978
0.665417 -1.117499
-0.045776 0.404268
1.364331 -0.681148
-1.225952 -0.752382
-1.336866 -0.734175
1.427160 -0.579062
2.063592 -0.982752
-0.682416 -0.252912
-2.076669 0.609331
0.005515 0.424699
3.276668 0.040851
1.505252 -0.477244
-0.428213 2.249556
-1.363273 0.896432
-1.834171 1.131612
-1.144336 -1.899382
1.768634 -0.686423
1.685681 -0.574682
-2.012172 0.587088
-0.268621 2.150227
-1.273186 0.772513
1.575097 -0.424372
-0.888394 -0.462931
3.552528 -0.403874
-0.689802 2.725343
-1.382490 -2.036548
1.301731 -0.364308
1.338064 -1.272365
-0.876644 -0.422025
-0.195316 -1.750061
0.574806 1.210164
-1.034107 -0.135257
-0.824143 -0.342609
-0.541349 2.239639
1.482722 -0.612482
-1.361231 -2.377386
-1.177614 0.943411
1.324101 -0.963800
-1.384476 0.897794
-2.196274 -1.058819
1.343069 -1.216053
1.382566 0.484028
2.406978 -1.608536
-1.397719 -2.059965
-1.707941 -1.753348
-0.588080 -1.293759
-1.341311 -0.737720
3.328776 -0.110989
-0.978620 -0.209646
1.336970 -1.289286
2.546197 0.775365
-0.859638 -0.523460
2.404689 -1.632904
-1.063343 -1.753021
2.526263 0.742049
2.240758 -1.108907
-1.094016 -1.293980
-0.966604 -0.024363
-0.222293 0.292383
2.589788 -0.572197
-0.641111 -0.708839
1.491008 -0.228843
-0.335201 0.231949
-1.088257 -0.299954
-1.202236 -1.444595
-1.451218 0.970161
2.220923 -0.369957
-0.605116 2.816758
1.182891 -0.113632
-0.706890 2.378446
-0.229287 2.386767
0.003672 1.611103
-2.191466 -1.148954
-1.229708 -2.023644
-0.131840 0.348666
0.636963 -0.416557
1.279731 -0.586216
-0.509396 1.952784
-0.042007 1.454888
1.482563 0.220059
2.447298 -0.754038
0.099853 1.563284
-1.412324 -0.703453
-0.477763 2.391032
-1.290372 -1.941614
-1.185048 0.721374
0.900754 1.877969
2.162236 -0.976165
-1.267213 -0.086039
-1.370648 -1.868478
3.142270 -0.268149
3.205375 0.089725
-0.925643 -0.464616
-0.027073 1.642457
-1.151735 0.967653
-1.029814 -1.286423
-1.415628 0.165316
-0.614302 2.614743
-0.666538 2.571113
-2.020674 0.460126
3.508100 0.041743
-0.730142 2.777427
-1.788310 0.463221
-0.016180 1.414712
-0.494702 -1.222472
-1.409284 -1.899727
1.459453 -0.571999
3.488639 -0.343387
-0.961519 0.175950
-0.559582 1.471929
1.375358 -0.704296
-1.430071 -2.512619
-0.564897 2.641455
2.467448 -1.571589
0.582514 -0.342996
-0.653338 -0.343928
0.841571 2.255466
-0.388565 -1.416986
-1.421620 -2.470252
1.207568 -0.276162
-1.715240 0.392252
-1.803071 0.410515
-0.639720 1.502822
-0.730110 -0.185776
1.480427 0.241130
-0.659774 -0.348304
0.415262 2.265527
-1.290211 -2.325074
-1.609892 -0.772875
-0.649039 2.784066
-0.940063 0.985855
2.238801 0.531968
3.481091 0.023681
-0.622820 -0.037141
1.257739 -0.121586
-0.227573 0.293273
-0.630966 -1.176936
-1.838041 1.044109
3.199851 0.098568
-1.116697 -1.301272
2.107822 0.432190
-1.118330 1.073256
-0.491152 0.097967
-0.791359 -0.392809
-0.945477 -0.976908
2.376439 0.927554
-0.196813 -0.470709
0.343132 -0.586236
-1.252697 -0.050338
-1.146741 1.056730
3.336044 -0.117933
0.288036 -0.600524
-0.147121 -1.131746
-0.236229 0.273907
1.373353 -0.686469
3.397367 -0.039318
-0.638534 2.233760
1.191898 -0.107694
1.851561 -0.139450
1.450486 0.271461
-1.021857 -0.475353
0.047521 1.613664
0.854739 2.204567
-0.913702 -0.354967
2.385706 -0.277879
0.002747 0.417026
0.164897 -0.526248
1.280475 0.713101
2.443909 0.932802
-0.147152 2.332669
