882 2
1.868150 1.000732
1.919485 0.974586
2.213368 0.508651
1.124078 -1.991138
1.161324 -2.011485
-0.529764 -1.697994
-0.536047 -1.705824
4.152483 1.007064
4.200009 0.831820
4.301057 0.320062
4.071981 1.174868
4.283530 0.379651
4.057654 1.231015
2.210094 0.577025
0.278061 3.740358
0.321820 3.826811
-0.647225 -1.332153
-0.711404 -1.318797
-0.510151 -1.479026
-0.542521 -1.524899
-0.981370 -1.657378
-1.025177 -1.700260
-1.575135 -1.807689
-1.622257 -1.849587
2.586312 -1.452438
0.490826 -1.778120
0.329698 -1.716581
-0.439309 -1.210466
-0.369342 -1.056024
-0.541895 -1.557414
-0.550582 -1.616327
-2.170656 -1.028824
-2.238123 -0.993436
-2.423902 -0.658280
-2.455431 -0.663400
2.595302 -1.509051
-2.584103 -0.926612
-2.580270 -0.924464
-2.623027 -0.999370
-2.592107 -0.956279
-2.565498 -0.878351
-2.621708 -0.963957
-2.117664 -0.444853
-2.077968 -0.430159
-2.092590 -0.400247
-2.112337 -0.436905
2.510596 0.878166
4.171105 -0.172508
4.159918 -0.148543
4.236611 -0.651145
4.259247 -0.682969
4.421032 -0.736025
4.436809 -0.754005
4.263991 -0.681612
4.262695 -0.687112
-1.764845 -1.510674
-1.835708 -1.521262
2.512443 0.858925
-2.498331 -1.395293
-2.538236 -1.331180
-2.145784 -1.627123
-2.118592 -1.619896
-4.138977 -1.187809
-4.158849 -1.179640
-4.460336 -1.140826
-4.445869 -1.129969
-4.269998 -1.143739
-4.317360 -1.152412
3.100613 0.861899
-4.236608 -1.165766
-4.210119 -1.170159
-1.778613 -0.014367
-1.775809 0.064558
-1.780016 0.246622
-1.777879 0.194801
3.431823 0.896527
3.408131 0.893282
3.658049 0.947659
3.669681 0.941826
3.019590 0.810475
3.480123 0.899520
3.466500 0.890026
3.399633 0.880486
3.419366 0.879927
1.129129 1.305899
1.080244 1.355961
1.055867 1.360104
1.033980 1.383875
0.651951 0.533672
0.579423 0.478165
2.603877 0.897926
-0.042342 -1.265423
-0.057393 -1.287205
-0.032135 -1.094943
-0.060638 -1.462805
-0.066753 -1.077382
-0.069454 -1.477118
-1.996368 -3.306548
-2.007339 -3.305477
-1.685290 -3.249695
-2.267767 -3.318357
2.538811 0.879928
-1.741366 -3.256752
-2.226748 -3.358243
-0.207358 2.353888
-0.193615 2.356019
-0.070468 2.318462
-0.421282 2.407052
-0.035280 2.327120
-0.417387 2.407244
-0.081622 -1.909751
-0.093714 -1.911419
2.120667 0.941053
2.535488 0.915455
-0.419527 -2.023349
0.136926 -1.754522
-0.432771 -2.021006
0.137095 -1.764144
-0.730797 -2.356490
-0.810442 -2.443276
-1.232011 -2.756702
-1.171878 -2.810513
-3.236408 0.267438
-3.265049 0.287371
2.567600 0.876960
-3.508188 0.518485
-3.112700 0.162915
-3.485821 0.499318
-3.098286 0.140229
-3.152678 0.283849
-3.135527 0.262811
-3.199695 0.402045
-3.211070 0.410608
-3.534115 0.653124
-3.500807 0.700140
3.086803 -1.106241
-3.570587 0.594677
-3.471701 0.725601
-3.531465 0.565659
-3.469816 0.718300
-3.349164 0.633683
-3.327559 0.603492
-3.274106 0.525450
-3.277356 0.524504
0.204461 -1.576575
0.209520 -1.516686
3.065382 -1.136852
0.227569 -1.037281
0.258253 -1.067479
0.298891 -0.778971
0.305835 -0.780639
0.323816 -0.297505
0.392585 -0.215643
0.130769 -1.076972
0.108183 -1.091938
2.296498 1.942129
2.294400 1.894816
3.388844 -0.867013
2.312894 2.178217
2.256430 1.529198
2.306853 2.113162
2.259618 1.575933
2.333635 2.351902
2.337620 2.360332
2.351601 2.537017
2.348225 2.509815
-1.431157 -3.006294
-1.332163 -2.928706
3.406469 -0.848242
-0.994264 -3.051110
-0.996395 -3.061896
-0.909345 -3.161931
-0.910276 -3.173799
-2.531965 -3.211156
-2.526031 -3.211581
-2.793205 -3.086410
-2.852906 -3.046199
-1.835708 0.632009
-1.824418 0.623354
3.058740 -1.125704
-1.982249 0.878160
-1.800959 0.560250
-1.993331 0.876844
-1.790265 0.564641
4.103449 1.156725
4.088387 1.190627
3.111978 0.770338
3.083745 0.761816
4.296787 0.352957
4.289404 0.381128
3.009224 -1.179890
4.075806 -0.598996
4.068784 -0.597190
4.443478 -0.726080
4.442099 -0.737245
2.661112 -1.373667
2.634438 -1.374632
1.520457 -1.997783
1.555205 -2.022616
-4.458139 -1.100177
-4.455538 -1.094718
3.920422 -0.633564
-4.044704 -1.164481
-3.987172 -1.182177
-3.386475 -1.239420
-3.450610 -1.238954
-2.302341 -1.556992
-2.262356 -1.556004
-2.745443 -1.193453
-2.721994 -1.162836
-2.380203 -0.684267
-2.401371 -0.703037
3.855832 -0.661296
-0.277222 -0.801019
-0.271499 -0.804688
-0.546976 -0.509807
-0.499750 -0.529984
-0.479657 -0.443951
-0.456732 -0.456822
-0.412566 -0.420500
-0.420564 -0.428690
-0.278497 3.852372
-0.256256 3.846525
1.423619 1.069656
4.073331 -0.594687
-0.272236 3.750935
-0.302978 3.924228
-0.283289 3.740205
-0.289878 3.937228
-0.373733 3.721394
-0.371388 3.717811
-0.538752 3.762476
-0.561269 3.765832
-0.108606 2.228500
-0.111162 2.230762
4.096870 -0.608424
-0.123951 2.177751
-0.121537 2.173882
-0.031722 2.427565
-0.026462 2.433825
0.006511 2.596112
0.017322 2.592668
0.020330 2.731599
0.022575 2.712846
0.017941 2.787110
0.017355 2.811055
3.624534 -0.730748
0.573837 -0.162246
0.552481 -0.176859
0.634461 -0.120517
0.652099 -0.116555
0.377804 -0.309529
0.341861 -0.296622
0.399119 -0.328610
0.415678 -0.345816
2.359988 2.615278
2.359554 2.613818
3.670914 -0.708653
2.369359 2.687450
2.369535 2.691455
0.731389 4.779596
0.772584 4.820030
0.653859 4.641519
0.788008 4.928789
0.697519 4.633175
0.797001 4.916483
0.618733 4.686078
0.598540 4.687966
3.281926 -0.308688
0.520395 4.762980
0.537913 4.746632
0.802171 4.590651
0.794942 4.586295
0.889494 4.567861
0.894876 4.570762
-3.315835 -3.364288
-3.305362 -3.351945
-3.222942 -3.280307
-3.369352 -3.408565
3.312931 -0.340505
-3.211319 -3.268533
-3.362825 -3.399817
-0.844112 -3.309647
-0.832491 -3.334628
-0.770755 -3.472589
-0.766896 -3.471212
-3.534512 0.532464
-3.532016 0.540627
-3.227934 0.441934
-3.245962 0.467536
-3.186658 -1.196056
-3.087012 -3.208409
-3.061577 -3.170751
-2.841872 -3.203113
-2.833760 -3.207565
-2.828884 -3.314331
-2.826955 -3.335335
0.291779 -1.961635
0.275797 -1.929726
0.321216 -1.973914
0.338465 -1.990640
-3.152751 -1.173973
-0.094745 -1.644936
-0.110791 -1.646644
-0.115763 -1.761625
-0.087770 -1.735630
-2.535739 -1.791223
-2.571025 -1.807087
-2.492172 -1.766951
-2.483589 -1.749780
-2.425658 -1.660094
-2.603789 -1.858005
-3.338028 -1.234843
-2.516752 -1.732004
-2.550488 -1.771052
-2.450065 -1.697892
-2.598092 -1.840955
-2.101332 0.891336
-2.079246 0.877449
-2.157160 0.904482
-2.178357 0.905730
-0.539247 2.457716
-0.565516 2.466904
-2.747010 -1.104522
-0.612611 2.485939
-0.609804 2.485697
5.399478 0.758830
5.425180 0.753268
5.163310 0.855986
5.680324 0.642542
5.170752 0.845776
5.636837 0.653941
0.748452 -0.114389
0.736688 -0.090801
2.157733 0.896505
-3.446427 -1.240815
0.794120 -0.076810
0.799868 -0.078389
-3.421269 -1.442494
-3.434384 -1.454541
-3.399619 -1.412910
-3.390482 -1.376514
-3.412183 -1.441204
-3.448139 -1.407366
-0.964168 0.074001
-0.949125 0.042214
-2.716283 -1.151248
-0.949526 0.025623
-0.954976 0.033175
-0.558415 -0.452177
-0.544576 -0.472019
-0.037772 -1.063686
-0.036560 -1.082861
-2.263581 -3.321112
-2.277013 -3.321651
0.708932 1.586908
0.718810 1.581165
-3.196487 -1.206519
0.706632 1.588415
0.724210 1.583421
0.726757 1.570000
0.755687 1.557984
2.774979 -1.880850
2.760156 -1.879438
2.743409 -1.862569
2.736464 -1.812056
2.744474 -1.883531
2.723199 -1.775559
-3.306270 -1.228656
-4.781424 -1.377305
-4.807563 -1.392576
-4.792845 -1.385448
-4.688353 -1.310837
-4.792861 -1.389445
-4.796200 -1.388812
-4.696973 -1.319175
-4.826747 -1.419409
-1.785787 0.567842
-1.787519 0.572164
-3.086044 -1.368550
-0.602223 3.772088
-0.588304 3.774437
0.349054 -0.271114
0.339520 -0.316443
-3.205895 -3.267618
-3.184903 -3.245347
-0.890061 -3.186415
-0.894434 -3.184306
-0.145398 2.132699
-0.158790 2.134426
-3.101041 -1.372761
0.809532 4.953467
0.798075 4.959229
2.301767 2.157779
2.300526 2.176884
-0.294951 3.934679
-0.314132 3.968432
-1.203825 -2.820009
-1.239654 -2.784154
-2.833043 -3.039948
-2.833861 -3.046158
-2.340731 -1.549744
-0.060781 -1.497481
-0.053916 -1.488623
0.139780 -1.745028
0.151935 -1.746230
-4.079445 -1.381962
-4.072496 -1.396694
-4.070529 -1.389552
-4.067710 -1.326642
-4.057627 -1.410483
-4.058218 -1.339199
-2.269264 -1.576669
-2.000933 0.916515
-1.994354 0.897217
-0.667178 -1.780785
-0.660032 -1.775626
-0.669359 -1.774905
-0.650678 -1.773546
-0.648761 -1.758027
-0.628998 -1.749447
0.907141 4.572741
0.912138 4.577356
-3.816897 -1.215034
2.374483 2.741631
2.375238 2.745024
-0.727651 -3.531824
-0.749615 -3.514366
-1.662492 -3.473686
-1.676842 -3.471421
-1.684777 -3.430982
-1.684288 -3.423851
-2.283238 -3.536594
-2.283510 -3.540872
-3.705878 -1.225357
-2.286761 -3.528867
-2.288957 -3.528033
0.016775 2.811481
0.014044 2.810163
0.841215 -0.076848
0.826901 -0.075964
-4.987496 -1.546871
-4.991690 -1.545269
-4.966899 -1.524051
-4.922655 -1.490229
1.546204 1.072038
-4.016946 -1.197337
-5.095540 -0.399200
-5.104262 -0.392259
-5.101934 -0.453710
-5.095439 -0.441031
-4.924639 -0.564958
-4.952983 -0.562871
-4.958653 -0.578361
-4.945219 -0.581975
-5.363854 -0.650960
-5.365644 -0.649978
-4.003672 -1.207981
-5.334798 -0.648921
-5.280888 -0.649959
-2.245213 0.917847
-2.272857 0.919243
5.766266 0.505702
5.763577 0.495417
5.752666 0.509390
5.765215 0.503680
5.874027 0.628787
5.885584 0.625734
-3.726784 -1.210945
5.856973 0.634141
5.834331 0.647823
4.440062 1.416239
4.434205 1.413699
4.381495 1.368229
4.369488 1.376688
3.927838 1.553611
3.923977 1.555716
3.934879 1.523201
3.942218 1.500313
-3.675800 -1.214399
4.203849 1.596253
4.192867 1.585944
4.179130 1.518678
4.187465 1.538718
4.166276 1.455938
4.136832 1.437548
4.104957 1.377335
4.149243 1.403322
4.440428 0.540581
4.452226 0.560204
-3.612987 -1.227100
4.438394 0.541282
4.421948 0.530195
4.454415 0.268079
4.452042 0.264108
4.422818 0.281650
4.413276 0.288552
4.613376 -0.907840
4.621831 -0.925049
4.586626 -0.885446
4.581215 -0.875180
-3.644542 -1.225457
4.735482 -0.691758
4.738059 -0.689342
4.686290 -0.705052
4.680427 -0.706901
-3.401151 -3.436586
-3.397264 -3.432735
-2.821362 -3.385518
-2.804645 -3.396553
-2.631412 -1.871829
-2.631551 -1.873678
-1.377419 -0.160227
-0.120478 -1.864138
-0.106922 -1.812002
-0.628853 2.494025
-0.624525 2.491173
0.444700 -0.358299
0.440096 -0.367146
0.364990 -2.004463
0.347661 -1.992284
5.229602 0.756892
5.259042 0.732033
-1.432541 -0.188675
5.253327 0.755786
5.221248 0.784178
5.299814 1.004807
5.292897 1.004891
5.278279 0.988126
5.279224 0.991653
-1.869238 1.156138
-1.868037 1.131702
-1.880718 1.110620
-1.876620 1.133849
-1.034951 -0.192520
-2.078469 1.253091
-2.087771 1.260109
-2.042227 1.171113
-2.056445 1.184903
0.493879 4.770045
0.490038 4.775857
-0.953341 0.048449
-0.936022 0.033935
-0.559719 -0.477470
-0.605659 -0.489332
-1.774272 -0.152807
-0.046719 -1.082953
-0.029550 -1.088219
-1.705928 -3.268514
-1.703532 -3.265590
-2.220760 -3.338511
-2.258849 -3.344031
-1.005609 -0.854943
-1.000375 -0.857129
-0.970990 -0.818912
-0.983337 -0.819176
1.825039 1.028428
-1.110455 -0.219400
0.025189 2.595849
-0.001878 2.619498
-1.774178 0.552050
-1.779049 0.567090
-0.594479 3.776278
-0.598635 3.784955
0.395425 -0.264363
0.369746 -0.286453
2.351769 2.570660
2.352743 2.579935
-1.732876 -0.184448
-3.211268 -3.273612
-3.235267 -3.294013
-0.899704 -3.150799
-0.895922 -3.157650
-0.131648 2.140598
-0.122117 2.157980
0.286748 -1.108192
0.285881 -1.124260
0.808003 4.970660
0.803208 4.966706
-1.316378 -0.159118
2.345165 2.153279
2.338091 2.159590
-2.459849 -0.567633
-2.459072 -0.543483
-2.454903 -0.568263
-2.460688 -0.592830
-0.344677 4.012391
-0.333245 4.003174
-1.190827 -2.822088
-1.226416 -2.788947
-1.276609 -0.183811
-2.817351 -3.048008
-2.785864 -3.106636
0.187932 -1.770573
0.175374 -1.764724
-0.113432 -1.542125
-0.057341 -1.481974
-0.379125 -0.417930
-0.379144 -0.411375
-2.008588 0.885345
-2.007707 0.902605
0.440146 4.135246
-0.417584 2.369384
-0.404707 2.372161
-3.505835 0.743936
-3.503267 0.743518
0.630810 -0.057411
0.629502 -0.050781
0.932513 4.551744
0.966786 4.531708
3.872463 1.050236
3.939731 1.105277
0.452873 4.147820
3.831771 1.027716
3.876416 1.086342
5.736349 0.574718
5.719296 0.532095
5.795289 0.627930
5.743848 0.649341
4.116678 1.332330
4.131392 1.341029
3.979743 1.331301
4.017806 1.379460
0.425164 4.116374
4.290121 1.315050
4.228877 1.302688
4.141353 1.426725
4.152452 1.448556
4.565970 0.915768
4.541242 0.919741
5.212046 0.785050
5.215740 0.787142
5.236295 0.944696
5.215519 0.926893
0.430829 4.117775
-1.939058 1.004491
-1.955682 0.989543
-2.024017 1.094527
-2.012626 1.035269
4.362411 0.301050
4.340331 0.322339
4.355772 0.421398
4.318210 0.427395
4.493932 -0.810132
4.508714 -0.826762
0.434425 4.136238
4.541696 -0.734596
4.574603 -0.741350
-4.797762 -0.857562
-4.806275 -0.858010
-5.017882 -0.678179
-5.013484 -0.648844
-5.067035 -0.553278
-5.050419 -0.555879
-4.998868 -0.601627
-4.992318 -0.626275
0.426753 4.077520
-5.109142 -0.658658
-5.167189 -0.651711
-1.680127 -3.334943
-1.707718 -3.325999
-2.295137 -3.476861
-2.288957 -3.495360
-2.815246 -2.038047
-2.813444 -2.098219
2.222686 1.312336
2.234251 1.374849
1.849583 1.023004
0.401809 4.089788
-0.108061 3.652928
-0.063584 3.622367
0.590623 4.458546
0.569190 4.376402
-0.883142 -0.272215
-0.910891 -0.282949
-0.966843 -0.036458
-0.983377 -0.057964
0.227827 -0.058336
0.269003 -0.090914
0.428916 4.123470
0.276779 2.049029
0.246564 2.075165
-0.935413 -0.764719
-0.957641 -0.784657
-1.901510 0.530713
-1.909957 0.555937
-2.905947 -0.078138
-2.862796 -0.148583
-2.419527 -0.640137
-2.436428 -0.659786
-0.962270 -0.540138
-1.330008 -2.591264
-1.357692 -2.469817
-1.787019 0.390350
-1.784163 0.357266
-0.470753 -1.791973
-0.470041 -1.805229
1.444566 1.030713
1.528780 1.129920
1.483932 1.063817
1.509769 1.095225
-0.992305 -0.524177
1.315584 0.871232
1.523422 1.064775
1.518224 1.090183
1.508938 1.080241
1.353919 0.891051
2.512884 -1.451430
2.517208 -1.417981
2.485480 -1.434102
2.511691 -1.443892
2.760865 -1.535225
-0.906466 -0.673666
2.522050 -1.457187
2.537103 -1.472194
2.466659 -1.412735
2.759346 -1.548034
2.999173 0.826809
3.036281 0.887618
2.998656 0.855210
3.010165 0.777931
3.093482 1.126698
2.994772 0.825483
-0.939220 -0.705669
3.054307 0.831420
2.981646 0.832028
3.056431 1.077646
3.361548 -0.844738
3.407217 -0.863680
3.384265 -0.877594
3.375224 -0.812251
3.529526 -1.065383
3.437443 -0.870142
3.463163 -0.902043
-0.157682 0.132326
3.454906 -0.916833
3.575868 -1.050221
1.426418 -2.089942
1.424346 -2.049937
1.361165 -2.089712
1.444310 -2.150859
1.363041 -2.239850
1.365589 -2.146014
1.383928 -2.145423
1.302945 -2.143734
-0.163310 0.115918
1.403211 -2.249918
-1.638804 -1.916143
-1.649588 -1.942323
-1.659946 -1.869532
-1.606699 -1.889694
-1.855625 -2.007110
-1.638118 -1.891988
-1.644714 -1.888702
-1.673385 -1.868766
-1.831394 -2.001174
0.081034 0.217400
3.547309 -0.941487
3.524257 -0.921400
3.401359 -0.943634
3.350126 -0.997522
3.282036 -0.665353
3.228597 -0.592033
3.242183 -0.612235
3.228993 -0.601898
3.290219 -0.665439
3.218129 -0.583685
0.093155 0.169694
3.219072 -0.599935
3.246910 -0.623423
3.391809 -0.795995
3.613328 -1.180509
3.617263 -1.167311
3.626305 -1.178909
3.625165 -1.175744
2.450857 -1.404887
2.462750 -1.408823
2.432779 -1.428701
1.848259 0.991982
0.415145 2.528222
2.395986 -1.417711
2.530521 -1.713198
2.542873 -1.733745
2.525415 -1.717960
2.535171 -1.740999
2.550913 -1.680257
2.555309 -1.752357
2.535510 -1.756624
2.543287 -1.787115
2.571709 -1.583424
0.355950 2.610914
2.840569 -1.575444
2.835596 -1.573576
2.878909 -1.610691
2.904481 -1.611420
1.403050 -2.143389
1.436413 -2.138048
1.241255 -2.126997
1.261092 -2.105829
1.612144 -2.285485
1.673048 -2.328728
0.482358 1.865299
1.671840 -2.332600
1.676086 -2.330846
1.577021 -2.202126
1.706810 -2.358612
1.685022 -2.366624
1.691134 -2.342844
1.509437 -2.087297
1.340419 -2.442657
1.347299 -2.420546
1.309968 -2.517221
0.187112 3.535967
1.321522 -2.500773
-1.626352 -1.951679
-1.620942 -1.952720
-1.723060 -1.851549
-1.725413 -1.850910
-1.420317 -1.894927
-1.386177 -1.907305
-1.339781 -1.884875
-1.359455 -1.880309
-1.439296 -1.870728
0.484234 1.859360
-1.392612 -1.923235
-1.255462 -1.857002
-1.328368 -1.862675
-1.519584 -1.842064
-1.931764 -2.052885
-1.913195 -2.044359
-1.953930 -2.072979
-1.959243 -2.074379
1.484850 1.153359
1.534735 1.163624
0.168447 3.512544
1.523167 1.020840
1.474087 1.042390
1.416392 1.349280
1.407849 1.358696
1.396818 1.388895
1.402762 1.369439
1.419189 1.288483
1.402910 1.370287
1.410118 1.411463
1.410295 1.376660
0.192123 0.565089
1.560723 1.024979
1.258929 0.771333
1.274475 0.785873
1.247948 0.751371
1.260970 0.765170
3.052317 0.847443
3.062953 0.888635
2.954463 0.838308
2.943775 0.864479
3.045740 0.572780
0.152252 0.491866
3.041932 0.504829
3.031731 0.491483
3.040156 0.495567
3.053044 0.622900
3.037178 0.464556
2.984962 0.445832
3.046262 0.462992
3.090475 0.718663
3.090068 1.236918
3.076667 1.251433
0.616006 1.719539
3.075824 1.267947
3.066201 1.292071
0.663747 1.694215
1.773102 1.009187
0.825465 1.538643
0.774424 1.591173
0.647009 1.705921
0.604292 1.752443
1.843160 -1.851733
1.879576 -1.855286
1.433574 -1.987371
1.515849 -2.073574
1.965182 -1.775519
1.964495 -1.791318
