882 2
-1.718811 1.666468
-1.606949 1.678887
-2.301008 0.700878
-0.711837 -1.440144
-0.722962 -1.449033
-0.320717 -1.547902
-0.405332 -1.531350
-4.497684 1.488889
-4.504770 1.437698
-4.689432 1.159609
-4.303091 1.883348
-4.686080 1.142483
-4.269039 1.909177
-2.294284 0.722696
1.360321 3.328838
1.320730 3.288269
-0.134710 -0.940079
-0.107337 -0.907829
-0.120266 -1.000824
-0.124775 -1.040729
0.350479 -1.310589
0.275116 -1.245804
0.991306 -1.708078
1.048678 -1.596288
-2.602765 -0.344745
-0.985089 -1.004430
-0.851543 -1.010058
-0.092678 0.479250
-0.086203 0.489440
-0.239217 -1.286230
-0.263122 -1.312725
0.972706 -2.061492
0.994339 -2.105374
1.037961 -2.547097
1.027564 -2.499383
-2.689548 -0.326855
1.093833 -2.691710
1.119823 -2.744267
1.068957 -2.631358
1.075890 -2.628008
1.069940 -2.707384
1.097828 -2.754266
0.728378 -2.397055
0.785695 -2.410960
0.761046 -2.384378
0.707364 -2.358938
-2.516279 1.669507
-4.618620 0.582257
-4.619141 0.588648
-4.694207 0.078479
-4.705452 0.084438
-4.848549 -0.023439
-4.839572 -0.008306
-4.723043 0.053126
-4.701760 0.087916
0.100376 -2.158695
0.105580 -2.166332
-2.655870 1.672317
0.934351 -2.810694
0.908265 -2.796972
0.716874 -2.388692
0.715085 -2.489250
1.114036 -4.379103
1.083545 -4.422199
1.135225 -4.630016
1.078062 -4.564034
1.111764 -4.399854
1.084972 -4.370633
-3.139411 1.687382
1.126619 -4.445133
1.101186 -4.402519
0.059439 -2.360337
0.060931 -2.356596
-0.131035 -2.469817
-0.076214 -2.431025
-3.430840 1.849967
-3.405285 1.848442
-3.654816 1.978540
-3.613192 1.950747
-3.082981 1.678916
-3.392296 1.861704
-3.308453 1.849832
-3.346249 1.812168
-3.327195 1.807166
-0.621278 1.855830
-0.717630 1.845524
-0.708215 1.858730
-0.729840 1.904837
-0.568587 1.299446
-0.635839 1.348767
-2.231227 1.668229
1.076614 0.575513
1.119178 0.589215
0.950019 0.468795
1.410048 0.786649
0.939113 0.465602
1.389572 0.752685
2.649520 -1.270919
2.635324 -1.258084
2.356779 -1.078663
2.792378 -1.381543
-2.249639 1.674586
2.403428 -1.109143
2.772973 -1.345824
1.892853 1.997535
1.950204 1.990160
1.593895 2.136341
2.033775 1.955780
1.696507 2.170813
2.048773 1.948282
0.999243 -0.408344
1.009241 -0.396171
-2.054099 1.663183
-2.376695 1.670407
0.942872 -0.669184
1.004692 -0.094047
1.008745 -0.674441
1.016821 -0.148679
1.229344 -0.787099
1.267045 -0.818979
1.642676 -0.955758
1.553461 -0.967726
2.332382 -3.212675
2.340679 -3.209637
-2.474760 1.673566
2.484495 -3.388161
2.245546 -3.024109
2.456500 -3.372238
2.269913 -3.086974
2.377004 -3.010958
2.427928 -3.031127
2.567626 -3.022912
2.546587 -3.031866
2.706732 -3.349571
2.694364 -3.330208
-3.111312 -0.155632
2.549769 -3.406983
2.754341 -3.297355
2.554434 -3.401589
2.759573 -3.248322
2.736806 -3.147775
2.724544 -3.147306
2.627378 -3.055445
2.632272 -3.066556
0.918821 0.152243
0.909024 0.186519
-3.177596 -0.123150
0.815515 0.457755
0.765298 0.532247
0.498649 0.788027
0.585282 0.723334
0.386317 0.901035
0.375644 0.904180
0.899862 0.495132
0.844810 0.518688
-1.972024 2.477275
-1.972522 2.409617
-3.753169 0.047759
-1.977863 2.620823
-1.967835 2.131359
-1.978042 2.650740
-1.963701 2.188637
-1.971851 2.778222
-1.972501 2.775843
-1.966868 2.908549
-1.969962 2.906075
1.835440 -1.017961
1.869269 -1.025354
-3.818864 0.023884
1.758652 -0.809394
1.777641 -0.782678
1.903029 -0.631913
1.900791 -0.637532
2.806362 -1.573156
2.816335 -1.582869
2.846611 -1.974272
2.859291 -1.950137
-0.482586 -2.779738
-0.551303 -2.838433
-3.189781 -0.126145
-0.553946 -2.881018
-0.395316 -2.673776
-0.600403 -2.902091
-0.393418 -2.670334
-4.238527 1.910629
-4.229234 1.912378
-3.070173 1.650368
-2.995853 1.645899
-4.693431 1.116562
-4.680412 1.073179
-3.187406 -0.134283
-4.493446 0.183263
-4.527865 0.194349
-4.852304 -0.030415
-4.868108 -0.048922
-2.675666 -0.368097
-2.728529 -0.332713
-1.697012 -0.984135
-1.659421 -0.979852
1.099389 -4.670110
1.070075 -4.653998
-4.201345 0.139588
1.124656 -4.111025
1.111429 -4.141616
1.108945 -3.545967
1.108063 -3.545042
0.609830 -2.721542
0.655272 -2.726619
1.172217 -2.868266
1.172769 -2.867087
0.966820 -2.510314
0.983186 -2.488899
-4.110691 0.122387
0.689567 0.216735
0.681839 0.204001
0.439296 -0.071112
0.459099 -0.084772
0.370602 -0.102632
0.390768 -0.104172
0.329785 -0.060808
0.354940 -0.084486
1.073155 3.700428
1.047407 3.667773
-1.020944 1.685967
-4.478115 0.181465
1.019359 3.620278
1.145269 3.780968
1.009318 3.622313
1.131864 3.773969
0.902492 3.774621
0.923657 3.741406
0.837239 3.853554
0.847368 3.853032
1.594773 2.152377
1.647434 2.141927
-4.489556 0.211068
1.556798 2.172476
1.569844 2.161002
1.814334 2.248353
1.863746 2.271586
1.968689 2.338417
1.955062 2.327299
2.049854 2.393408
2.076801 2.409443
2.130831 2.443747
2.132909 2.447704
-4.208102 0.110053
0.492288 1.090380
0.489448 1.075928
0.570147 1.224372
0.563928 1.213690
0.273156 0.866908
0.281697 0.879960
0.202010 0.853005
0.215211 0.845947
-1.972490 3.043468
-1.969792 3.033536
-4.155169 0.098093
-1.973948 3.125609
-1.974321 3.129893
2.573210 3.858358
2.572205 3.823396
2.549474 3.746865
2.597263 3.972123
2.570266 3.746863
2.600993 3.960780
2.607505 3.647455
2.575452 3.665248
-3.538651 0.716624
2.603607 3.587555
2.604628 3.582170
2.779738 3.785919
2.737201 3.786712
2.894231 3.801306
2.867873 3.804685
3.473521 -1.970788
3.463179 -1.973621
3.373708 -2.006932
3.573825 -1.941964
-3.492692 0.761365
3.377286 -2.005702
3.583291 -1.940611
1.968851 -0.546896
1.959286 -0.563878
2.000324 -0.504838
2.017327 -0.487718
2.488197 -3.432271
2.499869 -3.416971
2.589314 -3.021585
2.590427 -3.032505
1.125463 -3.375666
3.174229 -2.015651
3.195137 -2.014176
2.811234 -2.116883
2.818729 -2.083231
2.813588 -2.135093
2.802860 -2.162657
1.097580 -0.092294
1.130427 -0.070191
1.189528 -0.049943
1.152303 -0.060982
1.139523 -3.354152
1.544908 0.822279
1.540885 0.824063
1.615340 0.844567
1.643052 0.853524
0.374515 -3.131428
0.371390 -3.138592
0.374764 -3.116039
0.365275 -3.144819
0.438428 -3.048034
0.322102 -3.200352
1.115794 -3.576219
0.377363 -3.108697
0.378725 -3.124643
0.413476 -3.070866
0.336308 -3.190834
-0.776936 -3.035314
-0.741565 -3.018056
-0.881388 -3.099704
-0.876752 -3.107227
2.195344 1.885752
2.202135 1.880541
1.146908 -2.872289
2.264926 1.854827
2.266945 1.855567
-3.887918 3.386029
-3.876911 3.351415
-3.817423 2.998261
-3.926001 3.605420
-3.802252 3.041993
-3.934237 3.630575
0.644294 1.326179
0.647185 1.330495
-1.993847 1.668347
1.093552 -3.553870
0.703362 1.399041
0.716501 1.409829
1.333635 -3.583085
1.355721 -3.584769
1.333141 -3.586598
1.276690 -3.575821
1.340957 -3.591936
1.307845 -3.569589
0.291380 -0.825514
0.238119 -0.763867
1.177242 -2.826100
0.214189 -0.704714
0.206302 -0.723755
0.421754 -0.122701
0.411103 -0.112696
0.936151 0.458579
0.970206 0.483300
2.780834 -1.385806
2.777977 -1.395796
-0.227095 2.169719
-0.221676 2.182231
1.128471 -3.164208
-0.232092 2.181902
-0.239000 2.128859
-0.237759 2.192232
-0.235797 2.161123
-2.654594 -0.684793
-2.647507 -0.732812
-2.642886 -0.715391
-2.658765 -0.583398
-2.634577 -0.719031
-2.683584 -0.550652
1.149483 -3.247418
1.333344 -4.898777
1.310229 -4.870119
1.338494 -4.904305
1.255497 -4.809793
1.346007 -4.913427
1.302501 -4.864609
1.272799 -4.820775
1.362951 -4.928361
-0.416274 -2.667274
-0.423506 -2.690118
0.851498 -3.115746
0.829398 3.887084
0.804956 3.914815
0.391036 0.896958
0.375975 0.934457
3.375383 -2.008709
3.390180 -2.003503
1.903371 -0.632595
1.906928 -0.623511
1.581431 2.175148
1.563817 2.183699
0.865884 -3.134640
2.622153 4.016309
2.596143 4.022172
-1.973136 2.599034
-1.972537 2.599251
1.152500 3.793316
1.160050 3.790847
1.593830 -0.980509
1.620232 -0.973722
2.884400 -1.972516
2.869715 -1.985545
0.632734 -2.752344
1.376656 0.767581
1.367917 0.776894
0.963645 -0.142534
0.989236 -0.114185
0.940989 -4.157037
0.940260 -4.178994
0.967955 -4.157465
0.994327 -4.142340
0.964549 -4.177969
1.014416 -4.182538
0.627350 -2.726927
-0.576829 -2.922535
-0.582267 -2.913301
-0.472939 -1.680118
-0.487048 -1.659192
-0.479874 -1.672379
-0.458132 -1.646304
-0.502826 -1.651442
-0.465962 -1.615716
2.919704 3.817434
2.932860 3.811374
1.104237 -3.809463
-1.977644 3.172592
-1.977816 3.169593
2.033265 -0.478932
2.021202 -0.488356
2.463065 -0.948096
2.489964 -0.916974
2.467018 -0.964527
2.440047 -0.980446
2.994752 -1.267628
2.997136 -1.259328
1.101955 -3.804350
2.988680 -1.262875
2.972371 -1.275128
2.154970 2.462552
2.150648 2.459878
0.734726 1.435191
0.733677 1.432744
1.487138 -5.052441
1.490416 -5.055338
1.452488 -5.017984
1.458124 -5.026374
-1.106482 1.707155
1.093551 -4.156074
0.623368 -5.411448
0.628782 -5.401619
0.638567 -5.381119
0.633419 -5.389306
0.540066 -5.063123
0.536254 -5.074581
0.551165 -5.059064
0.539467 -5.051641
0.342731 -5.269906
0.351744 -5.273751
1.072670 -4.218099
0.410418 -5.245563
0.416899 -5.241364
-0.936639 -3.156394
-0.949135 -3.163728
-4.084515 3.941315
-4.097907 3.963272
-4.071792 3.918188
-4.069370 3.907232
-3.852964 3.772428
-3.855878 3.787424
1.105695 -3.819657
-3.866755 3.767561
-3.866035 3.762863
-4.335949 2.157016
-4.335670 2.155302
-4.295512 2.102945
-4.294905 2.107954
-4.448431 2.172334
-4.439260 2.146764
-4.416753 2.119596
-4.412078 2.115198
1.110658 -3.748191
-4.689472 2.029654
-4.727782 2.060631
-4.671509 2.022073
-4.635880 1.996851
-4.409477 1.745853
-4.419131 1.752804
-4.390136 1.748248
-4.386073 1.756366
-4.835141 1.023419
-4.851063 1.007740
1.102712 -3.926632
-4.814660 1.020362
-4.798998 1.008103
-4.899741 1.224281
-4.887936 1.223142
-4.858454 1.225977
-4.887546 1.214408
-4.968313 -0.187320
-4.964867 -0.185112
-4.949014 -0.191602
-4.956681 -0.168206
1.100750 -3.977672
-5.060276 -0.083444
-5.083112 -0.097384
-5.084068 -0.096350
-5.025810 -0.052266
3.623788 -1.927395
3.624584 -1.924944
2.782450 -2.204706
2.788146 -2.195374
0.330121 -3.205539
0.322807 -3.210907
0.244696 -1.537373
1.659338 0.857579
1.653319 0.854832
2.296551 1.840787
2.296026 1.841729
0.142050 0.853453
0.137377 0.847739
1.171689 -0.056881
1.181256 -0.056733
-3.936548 3.182080
-3.936795 3.189201
0.242528 -1.415555
-3.913262 3.151647
-3.925330 3.166809
-3.687172 3.040725
-3.681466 3.049867
-3.726161 3.028455
-3.701735 3.041871
-0.639049 -3.297538
-0.634288 -3.281884
-0.612752 -3.214784
-0.649121 -3.272122
0.124248 -0.840193
-0.842827 -2.992307
-0.841008 -2.961530
-0.827294 -2.972311
-0.818758 -2.986526
2.607877 3.562872
2.614233 3.579223
0.204742 -0.719577
0.210074 -0.737569
0.446732 -0.142020
0.439797 -0.121620
0.335354 -2.183336
0.977662 0.560568
0.980202 0.550170
2.393836 -1.100865
2.387866 -1.079231
2.784528 -1.348211
2.797270 -1.348080
-0.349791 -0.658772
-0.346607 -0.653503
-0.304527 -0.685989
-0.321835 -0.685034
-1.472582 1.682877
0.125193 -0.704602
1.951757 2.322196
1.959995 2.333305
-0.387198 -2.655393
-0.390164 -2.659629
0.817462 3.897618
0.820329 3.889618
0.434979 0.921001
0.446090 0.929819
-1.959136 2.976107
-1.958952 2.949232
0.402244 -2.191542
3.356411 -2.017847
3.356255 -2.014518
1.917029 -0.614717
1.913628 -0.618236
1.490175 2.210014
1.489344 2.208736
0.762489 0.537425
0.778845 0.550215
2.602304 3.997380
2.597937 3.997693
0.229560 -1.493177
-1.984432 2.631045
-1.987257 2.593440
1.416441 -2.449250
1.394306 -2.452705
1.289530 -2.463029
1.312847 -2.464188
1.132222 3.779176
1.141446 3.781518
1.622855 -0.957412
1.629110 -0.956197
0.241855 -1.487392
2.861800 -1.986342
2.878304 -1.959834
0.986598 -0.119328
0.985099 -0.119015
1.393821 0.776520
1.398550 0.781717
0.328657 -0.065153
0.294547 -0.046181
-0.629367 -2.910507
-0.633947 -2.913054
1.893114 3.535585
2.086781 1.924644
2.081198 1.931766
2.815098 -3.259617
2.811333 -3.283715
0.551284 1.197846
0.569127 1.217480
2.875909 3.813260
2.892644 3.811352
-3.917721 1.956227
-4.040906 1.942474
1.882128 3.543512
-3.860907 1.936464
-3.841860 1.939159
-4.025721 3.829646
-4.019485 3.811053
-3.899451 3.718095
-3.897018 3.721055
-4.288002 1.796516
-4.300005 1.830090
-4.370223 2.052468
-4.345213 2.058142
1.882731 3.548632
-4.275555 2.018713
-4.254889 2.000424
-4.492744 1.968373
-4.519508 1.962993
-3.738046 2.718587
-3.713148 2.680856
-3.879647 3.062770
-3.883446 3.127079
-3.745127 3.025972
-3.761860 3.032078
1.844726 3.508442
-0.605717 -3.106678
-0.633706 -3.129205
-0.654777 -2.935861
-0.709487 -2.957036
-4.770958 1.175472
-4.737179 1.145870
-4.768273 1.038954
-4.764616 1.038813
-4.906466 -0.109637
-4.901059 -0.093951
1.884864 3.552789
-4.956063 -0.073672
-4.948925 -0.055142
0.862837 -4.857992
0.918499 -4.756335
0.634633 -5.142836
0.633750 -5.151714
0.640763 -5.293497
0.627488 -5.246253
0.611206 -5.098710
0.600506 -5.118125
1.847808 3.510633
0.517965 -5.208201
0.527726 -5.194251
2.419806 -1.023306
2.404406 -1.029544
2.871350 -1.335918
2.900513 -1.309722
1.458694 -2.748369
1.487539 -2.744566
-1.975040 1.937096
-1.974482 1.918047
-1.452454 1.690734
1.883538 3.546496
1.067121 3.383888
1.051437 3.408895
2.275452 3.636215
2.319957 3.648846
0.284652 -0.369953
0.284088 -0.410162
0.158684 -0.750272
0.168233 -0.728811
0.064464 0.886556
0.183735 0.872722
1.881370 3.565298
1.213136 2.131504
1.138289 2.146882
-0.233162 -0.724095
-0.225768 -0.757579
-0.262483 -2.667100
-0.274444 -2.669223
1.753818 -2.806561
1.814639 -2.835664
1.195449 -2.478326
1.219092 -2.464125
0.013279 -0.775108
1.364772 -1.248811
1.331015 -1.273824
-0.226484 -2.531804
-0.242402 -2.543079
0.586907 -0.803680
0.515131 -0.835543
-1.073518 1.659024
-1.075966 1.670398
-1.060561 1.633198
-1.064360 1.654952
0.001690 -0.763843
-1.068317 1.875072
-1.122788 1.687490
-1.127114 1.675102
-1.143272 1.621234
-1.112648 1.895538
-2.651717 -0.227077
-2.671697 -0.246512
-2.650908 -0.234752
-2.692491 -0.255507
-2.478371 -0.346286
-0.159728 -0.797688
-2.671512 -0.194083
-2.696327 -0.221712
-2.685910 -0.187449
-2.467286 -0.337343
-3.088115 1.764704
-3.088846 1.794574
-3.093366 1.766637
-3.051839 1.748774
-3.164936 1.473610
-3.028006 1.754068
-0.129142 -0.811392
-3.053480 1.832701
-3.038478 1.763014
-3.152188 1.453873
-3.784391 0.015598
-3.781347 0.027956
-3.759732 -0.008703
-3.793061 0.073461
-3.863421 -0.105421
-3.812601 -0.023611
-3.827911 -0.000399
0.031719 -0.224026
-3.812146 -0.008630
-3.869318 -0.095216
-1.782846 -1.016189
-1.763527 -1.026863
-1.769698 -1.067042
-1.760237 -1.091990
-1.558704 -0.909783
-1.801568 -1.057605
-1.786817 -1.066511
-1.809643 -1.086007
0.050071 -0.270150
-1.551249 -0.915752
0.863388 -1.765391
0.865652 -1.750983
0.869737 -1.760221
0.897493 -1.728715
1.105681 -1.756573
0.930827 -1.687139
0.913158 -1.677351
0.896475 -1.733586
1.166757 -1.757520
-0.104249 0.969191
-3.796800 -0.041225
-3.793849 -0.042367
-3.788874 -0.058165
-3.750496 -0.052756
-3.840472 0.243301
-3.838036 0.315625
-3.831443 0.268885
-3.853613 0.294948
-3.826043 0.235968
-3.849458 0.331041
-0.035278 0.868283
-3.843311 0.296222
-3.862856 0.339371
-3.781028 0.153331
-3.949831 -0.244355
-3.940510 -0.228511
-3.968070 -0.274171
-3.961721 -0.270501
-2.672502 -0.142062
-2.679831 -0.142969
-2.635897 -0.110843
-1.612254 1.666582
0.747154 2.689065
-2.616747 -0.114325
-2.892341 -0.455802
-2.919421 -0.504269
-2.930219 -0.482875
-2.913332 -0.489376
-2.846065 -0.417622
-2.897670 -0.519716
-2.958626 -0.450303
-2.913795 -0.500801
-2.753292 -0.325412
0.758916 2.693774
-2.382328 -0.340215
-2.389322 -0.327034
-2.343162 -0.366134
-2.340851 -0.348945
-1.880209 -0.936348
-1.870733 -0.946837
-1.871653 -1.144614
-1.792411 -1.114311
-1.658263 -1.263164
-1.661368 -1.298087
0.316776 2.126140
-1.656840 -1.301270
-1.659790 -1.312019
-1.657823 -1.219133
-1.691271 -1.311188
-1.651951 -1.355383
-1.653180 -1.374073
-1.663198 -1.027051
-1.494091 -0.872409
-1.497588 -0.862142
-1.468491 -0.855863
1.129093 3.238845
-1.468301 -0.855998
0.914132 -1.679360
0.912545 -1.700557
0.855292 -1.769438
0.859221 -1.762903
1.026257 -1.461037
1.034203 -1.422628
1.044184 -1.431609
1.045776 -1.445414
1.047478 -1.528335
0.426382 2.214635
1.001589 -1.457416
1.038847 -1.403500
1.083802 -1.323874
1.031344 -1.630877
1.231299 -1.770712
1.223938 -1.787536
1.268007 -1.760423
1.247399 -1.775534
-1.148337 1.702338
-1.127604 1.714262
1.125069 3.179014
-1.083614 1.546780
-1.080297 1.557762
-0.843950 1.555541
-0.849519 1.568215
-0.814357 1.526806
-0.846509 1.567854
-0.905077 1.614491
-0.840983 1.582227
-0.824201 1.505660
-0.838780 1.574918
0.172174 1.725779
-0.957226 1.629153
-1.087761 2.023286
-1.105878 2.009498
-1.096365 2.059783
-1.106015 2.054490
-3.025731 1.906303
-3.060978 1.879336
-3.054013 1.833284
-3.088172 1.889205
-2.906147 1.806826
0.123635 1.583514
-2.842858 1.826226
-2.855531 1.841091
-2.877874 1.824845
-2.907872 1.769585
-2.810627 1.911463
-2.783482 1.913479
-2.859969 1.830903
-3.018947 1.749215
-3.186492 1.387342
-3.183445 1.361425
0.044309 2.066499
-3.206525 1.327474
-3.206877 1.326713
0.063178 2.084518
-1.638983 1.670080
-0.358279 1.966335
-0.279389 2.037493
0.140015 2.089387
0.037503 2.091596
-2.335696 -0.566871
-2.320868 -0.577396
-1.687313 -0.952928
-1.743524 -0.964914
-2.316941 -0.614534
-2.299213 -0.622301
