882 2
-2.744141 0.864626
-2.684622 0.882418
-2.934986 0.512022
-0.861368 -1.335125
-0.838106 -1.316238
-0.052151 -1.130484
-0.042907 -1.114396
-4.879665 -0.674165
-4.883915 -0.715133
-4.888594 -0.984222
-4.874150 0.044549
-4.886223 -0.979019
-4.854777 0.089653
-2.935585 0.551184
-1.330014 4.409518
-1.342540 4.448233
-0.155495 -0.575929
-0.149861 -0.566998
-0.166447 -0.606558
-0.130798 -0.611955
0.374906 -0.564287
0.536424 -0.550461
1.512807 -0.609849
1.444322 -0.588724
-2.443679 -1.427506
-0.564629 -0.885743
-0.606625 -0.921676
-0.314525 -0.309806
-0.279694 -0.327092
-0.105700 -0.863694
-0.095884 -0.919501
1.578512 -1.302704
1.560877 -1.256948
1.655935 -1.503196
1.649352 -1.483600
-2.540693 -1.420803
1.869078 -1.443453
1.829385 -1.444343
1.930556 -1.397965
1.842465 -1.422076
1.890636 -1.409036
1.861327 -1.412490
0.855121 -1.452500
0.919620 -1.476412
1.431117 -1.445095
1.402298 -1.484038
-3.496211 0.615718
-4.699160 -1.204835
-4.709353 -1.172953
-4.515465 -1.668213
-4.537070 -1.714783
-4.582639 -1.790991
-4.582916 -1.791590
-4.501872 -1.647416
-4.510505 -1.665778
1.099594 -1.256971
1.047897 -1.236539
-3.529755 0.599203
2.057703 -1.322483
2.075300 -1.337826
1.698990 -0.904413
1.706120 -0.910192
3.596588 -1.564178
3.587667 -1.573264
3.760291 -1.545696
3.678832 -1.579232
3.565039 -1.554728
3.561043 -1.549230
-3.870652 0.478320
3.538970 -1.540372
3.551889 -1.560734
0.635477 -1.651040
0.666430 -1.664887
0.650428 -1.830768
0.658281 -1.856775
-4.105094 0.454529
-4.191882 0.430477
-4.478611 0.414979
-4.495605 0.406679
-3.820249 0.464743
-4.259461 0.464082
-4.284424 0.469294
-4.233989 0.445869
-4.198894 0.452266
-1.984054 1.511581
-2.022338 1.442051
-2.027754 1.470397
-2.007337 1.491500
-1.313201 0.853613
-1.260018 0.843112
-3.466158 0.605294
0.391205 1.517762
0.409567 1.551345
0.292311 1.311487
0.499141 1.719158
0.291767 1.278761
0.475820 1.689790
2.287397 0.623419
2.334966 0.618797
2.108213 0.651984
2.674515 0.567482
-3.479943 0.609005
2.115279 0.672754
2.668385 0.535937
-0.989528 2.868535
-0.924826 2.891701
-1.183474 2.794528
-0.797574 2.921743
-1.195793 2.786309
-0.806259 2.934879
0.665978 0.591772
0.672501 0.533444
-2.995412 0.772685
-3.173872 0.672210
0.693834 0.404827
0.573768 0.817960
0.675023 0.388073
0.584700 0.861791
0.946488 0.472090
1.014885 0.479827
1.554451 0.517422
1.542787 0.579187
1.798908 -3.196688
1.790001 -3.197462
-3.376613 0.614987
1.848680 -3.362276
1.688137 -2.918236
1.832908 -3.352128
1.691115 -2.973474
1.615935 -3.089170
1.597287 -3.125970
1.515847 -3.294587
1.523966 -3.304054
1.793742 -3.565563
1.775512 -3.561163
-3.389986 -1.428904
1.853706 -3.455067
1.739104 -3.627402
1.826240 -3.469692
1.725967 -3.595051
1.628739 -3.560309
1.619724 -3.537266
1.492773 -3.424738
1.517764 -3.414372
0.409508 0.943492
0.350974 0.994371
-3.094002 -1.447788
0.060711 1.145916
0.050697 1.139237
-0.160465 1.175558
-0.106543 1.178536
-0.429867 1.222720
-0.400555 1.213940
0.196219 1.251461
0.198985 1.236813
-3.418324 1.630890
-3.392313 1.571998
-3.612211 -1.395820
-3.521003 1.857269
-3.298358 1.361341
-3.514384 1.863544
-3.285164 1.347593
-3.598409 2.028082
-3.588835 2.013657
-3.702743 2.244752
-3.691069 2.233616
1.877133 0.604479
1.902781 0.636198
-3.694228 -1.433862
1.590263 0.819294
1.588798 0.773756
1.618975 1.090783
1.625694 1.091018
2.804589 0.305713
2.803687 0.288504
2.943064 -0.001597
2.907969 0.010292
0.576840 -2.299333
0.571584 -2.316415
-3.274595 -1.420294
0.499547 -2.534200
0.612528 -2.205544
0.487983 -2.540507
0.616914 -2.203099
-4.836176 0.074949
-4.833027 0.089078
-3.899868 0.496296
-3.924841 0.533127
-4.845539 -1.046493
-4.890991 -0.985114
-3.218174 -1.426826
-4.390151 -1.473019
-4.393818 -1.490759
-4.599568 -1.809849
-4.601032 -1.803634
-2.410860 -1.350621
-2.424832 -1.360173
-1.154452 -1.447708
-1.136471 -1.441501
3.775805 -1.560440
3.729510 -1.581869
-4.182882 -1.462203
3.371964 -1.516308
3.345874 -1.544482
2.781504 -1.472915
2.775950 -1.458933
1.939869 -1.289896
2.015766 -1.314886
2.162346 -1.343419
2.173100 -1.330826
1.616825 -1.497070
1.623496 -1.492282
-4.062162 -1.460044
0.207904 0.761303
0.219118 0.817870
0.147044 0.249524
0.126192 0.242724
0.081373 0.274408
0.054746 0.300256
-0.001058 0.391751
-0.015900 0.405463
-0.644148 4.308172
-0.665294 4.338308
-2.394789 1.019307
-4.413894 -1.501697
-0.743265 4.209106
-0.497815 4.445176
-0.752604 4.199196
-0.508052 4.457452
-0.660556 4.211458
-0.663660 4.205072
-0.550535 4.199995
-0.558366 4.210063
-1.094220 2.930929
-1.087991 2.947435
-4.397530 -1.486006
-1.051371 2.978726
-1.062844 3.004871
-1.336340 2.945741
-1.319713 2.924578
-1.479874 3.062136
-1.483549 3.062600
-1.492083 3.077261
-1.508261 3.088990
-1.605228 3.182522
-1.585506 3.169624
-4.123686 -1.490318
-0.402670 1.429641
-0.396199 1.422631
-0.420179 1.637571
-0.410758 1.654969
-0.474902 1.278487
-0.479788 1.284894
-0.592332 1.364563
-0.635806 1.393025
-3.764454 2.342921
-3.753734 2.325694
-4.006768 -1.463532
-3.793190 2.386630
-3.794254 2.387958
-1.743044 5.304459
-1.730107 5.327954
-1.706379 5.166301
-1.767978 5.427141
-1.696024 5.142504
-1.769575 5.439298
-1.618188 5.190121
-1.619051 5.175764
-3.682331 -0.904873
-1.569562 5.190950
-1.564904 5.190062
-1.792419 5.129967
-1.791918 5.140909
-1.899059 5.085804
-1.911931 5.086660
3.514693 0.316480
3.536365 0.329956
3.429943 0.276362
3.618504 0.389463
-3.710282 -0.835250
3.438091 0.277867
3.604945 0.373735
1.671759 1.256808
1.676302 1.286173
1.687662 1.339995
1.695323 1.343525
1.890113 -3.409660
1.882938 -3.385517
1.485977 -3.392493
1.499632 -3.372469
2.531942 -1.411001
3.161207 0.130073
3.223065 0.152159
3.005454 -0.036949
3.031125 -0.060180
3.070662 -0.056446
3.062912 -0.057387
0.629241 0.890830
0.642691 0.892339
0.716766 0.966281
0.721125 0.962246
2.574853 -1.409770
0.544657 1.805851
0.552819 1.813002
0.583329 1.861958
0.579147 1.857272
2.135560 -1.903792
2.154807 -1.875705
2.109865 -1.847564
2.084911 -1.858377
2.100350 -1.823305
2.193125 -2.010370
2.768219 -1.421482
2.143844 -1.825554
2.130214 -1.806679
2.123875 -1.767100
2.225630 -2.028545
0.612327 -2.711089
0.645081 -2.713371
0.662090 -2.775554
0.618076 -2.768873
-0.607463 2.986352
-0.648559 2.972675
2.134943 -1.370476
-0.559121 3.000324
-0.552739 3.002014
-5.858987 0.641002
-5.884942 0.632060
-5.515277 0.673414
-6.118348 0.596314
-5.550399 0.691247
-6.107971 0.620300
-0.414377 1.776133
-0.415695 1.816165
-3.029338 0.765400
2.767198 -1.424067
-0.408215 1.900587
-0.407985 1.921248
2.907761 -1.244779
2.865748 -1.272423
2.856458 -1.271867
2.826715 -1.351088
2.868180 -1.283410
2.846587 -1.312212
0.356345 -0.442038
0.385595 -0.427257
2.074096 -1.358973
0.347515 -0.469396
0.343036 -0.472718
0.144524 0.255467
0.152620 0.266979
0.293562 1.297231
0.298609 1.331495
2.658521 0.543057
2.624291 0.544711
-1.913895 1.882295
-1.922426 1.876440
2.408371 -1.383987
-1.920630 1.872245
-1.900851 1.828335
-1.930606 1.869866
-1.914032 1.850467
-2.314879 -1.176370
-2.332291 -1.171430
-2.304045 -1.175635
-2.361948 -1.220655
-2.323967 -1.172758
-2.358222 -1.197938
2.428712 -1.376011
4.007573 -1.384939
4.031871 -1.368758
4.015275 -1.376164
3.963955 -1.413772
4.045524 -1.351041
4.062351 -1.346064
4.008065 -1.382665
4.084097 -1.324926
0.601433 -2.246096
0.602723 -2.252800
2.429389 -1.360982
-0.571817 4.218138
-0.550230 4.205040
-0.394930 1.224123
-0.407176 1.242207
3.457220 0.293711
3.452766 0.291043
1.624308 1.111725
1.631423 1.140240
-0.986357 3.014935
-1.023602 2.978984
2.361050 -1.367297
-1.795830 5.452853
-1.792990 5.438610
-3.535683 1.892509
-3.541541 1.895349
-0.478312 4.468521
-0.470851 4.464857
1.543232 0.578930
1.554720 0.542451
2.944769 -0.026379
2.970217 -0.030792
1.890089 -1.247297
0.518523 1.743325
0.523774 1.751798
0.571698 0.863913
0.559058 0.864577
3.347647 -1.783429
3.333662 -1.778531
3.342841 -1.774888
3.323839 -1.675931
3.348555 -1.787278
3.309812 -1.756194
1.979767 -1.342870
0.494889 -2.602718
0.501987 -2.536216
-0.038394 -1.275519
-0.038480 -1.274902
-0.038565 -1.276852
-0.050219 -1.221726
-0.039267 -1.263095
-0.039122 -1.193262
-1.934974 5.068041
-1.950050 5.053022
2.991171 -1.526858
-3.831307 2.443612
-3.832529 2.446750
1.713539 1.369950
1.708107 1.366291
2.213332 0.900483
2.198620 0.887731
2.169576 0.838632
2.182086 0.842835
2.806392 0.804110
2.824862 0.826806
3.013155 -1.507004
2.791532 0.771837
2.790789 0.770694
-1.616381 3.192203
-1.609992 3.184383
-0.405694 1.957299
-0.401589 1.941799
4.244151 -1.199625
4.255370 -1.186159
4.189194 -1.233549
4.212615 -1.225144
-2.325272 1.009650
3.346633 -1.535026
4.640130 -1.723742
4.644084 -1.742067
4.624804 -1.756290
4.623247 -1.731484
4.553730 -2.036446
4.558376 -2.037099
4.532516 -2.005710
4.485556 -1.997262
4.767903 -1.935948
4.785536 -1.934685
3.360064 -1.548773
4.724734 -1.942549
4.713463 -1.942654
0.631660 -2.809455
0.653977 -2.806757
-6.437108 0.514049
-6.431542 0.510970
-6.358067 0.548474
-6.362327 0.556973
-6.316143 0.746460
-6.315519 0.755195
3.099923 -1.473558
-6.289998 0.715141
-6.285443 0.712151
-4.833626 -0.184558
-4.851899 -0.196084
-4.834809 -0.186298
-4.834817 -0.185145
-5.036490 -0.173625
-5.032144 -0.157209
-4.989110 -0.109256
-4.964130 -0.088023
3.113754 -1.502868
-5.199314 0.229171
-5.175267 0.167774
-5.148255 0.182599
-5.175210 0.245245
-5.115197 0.109252
-5.128531 0.124653
-5.106208 0.094621
-5.073002 0.103804
-5.031428 -0.928622
-5.037227 -0.912599
2.996568 -1.450824
-5.025249 -0.932465
-5.037564 -0.934332
-5.162502 -1.092808
-5.171421 -1.080880
-5.124155 -1.089153
-5.154053 -1.114471
-4.811715 -2.065848
-4.823461 -2.070604
-4.770912 -2.006402
-4.776111 -2.014593
3.105756 -1.490977
-4.630492 -2.074832
-4.638705 -2.075753
-4.644090 -2.023551
-4.597782 -2.064439
3.638597 0.395211
3.636698 0.399233
3.125524 -0.061488
3.123646 -0.056419
2.228764 -2.071035
2.230123 -2.074513
0.384681 -0.895236
0.609500 1.900942
0.619662 1.912876
-0.519734 3.009863
-0.529411 3.008780
-0.637548 1.398593
-0.625441 1.397876
0.759009 0.988925
0.765082 1.004307
-5.744187 0.877412
-5.755952 0.885123
0.447812 -0.984174
-5.746402 0.876307
-5.738263 0.863619
-5.507015 0.815023
-5.504908 0.808613
-5.510091 0.794383
-5.499206 0.794989
0.289119 -2.796229
0.274704 -2.821404
0.309754 -2.778582
0.301742 -2.782864
0.192440 -0.534210
0.407956 -2.783510
0.407999 -2.761374
0.408067 -2.723288
0.404058 -2.707727
-1.543610 5.170700
-1.548718 5.174469
0.375221 -0.477015
0.448754 -0.530968
0.126828 0.281714
0.141742 0.280442
0.704385 -1.430245
0.293098 1.333375
0.285785 1.349055
2.103398 0.667306
2.099758 0.644732
2.707331 0.568358
2.701346 0.564014
-0.382646 -0.494010
-0.387798 -0.498754
-0.351498 -0.494220
-0.340657 -0.488175
-2.660132 0.886296
0.134058 -0.456330
-1.501377 3.076435
-1.495173 3.071130
0.629895 -2.190047
0.626074 -2.198642
-0.543191 4.226889
-0.514658 4.196281
-0.393859 1.216179
-0.395538 1.217138
-3.736331 2.299125
-3.755473 2.315950
0.712014 -1.479073
3.450838 0.290512
3.425395 0.279821
1.588442 1.057123
1.591658 1.086419
-1.064164 3.053385
-1.058104 3.037412
0.081927 1.140845
0.077384 1.158667
-1.773720 5.494092
-1.770884 5.494977
0.397540 -0.941388
-3.499133 1.851026
-3.507569 1.853989
1.506327 -1.750829
1.508775 -1.751059
1.532185 -1.708010
1.527831 -1.729863
-0.470848 4.481088
-0.458357 4.488299
1.550585 0.571671
1.555073 0.558923
0.424404 -0.970518
2.932730 -0.000365
2.915467 0.019650
0.579726 0.849883
0.591486 0.833683
0.492779 1.714897
0.495375 1.716970
-0.014851 0.407903
-0.021820 0.414000
0.514312 -2.517782
0.509195 -2.515351
-1.374887 4.616124
-0.764740 2.936997
-0.792184 2.929021
1.780073 -3.685755
1.776283 -3.686441
-0.399123 1.656119
-0.415851 1.664672
-1.934062 5.077197
-1.927923 5.072607
-4.670321 0.278437
-4.712270 0.280006
-1.393358 4.632047
-4.738151 0.231535
-4.719308 0.245810
-6.246758 0.574705
-6.210619 0.593044
-6.225569 0.672504
-6.252527 0.689172
-5.030203 0.080039
-5.012070 0.101146
-4.904416 -0.035661
-4.893353 -0.013770
-1.341661 4.615119
-4.821924 -0.124853
-4.821354 -0.115481
-5.020320 0.158607
-5.047110 0.194319
-4.982101 0.561745
-4.955789 0.554976
-5.658557 0.778478
-5.633505 0.735223
-5.523043 0.771328
-5.535892 0.727032
-1.392277 4.583734
0.423672 -2.620414
0.384969 -2.671515
0.420174 -2.638379
0.417184 -2.634953
-5.004649 -1.053870
-4.967993 -1.050947
-4.968315 -0.988892
-4.950196 -0.968966
-4.714979 -1.919194
-4.740252 -1.961938
-1.382565 4.633390
-4.608734 -1.966859
-4.593287 -2.022237
4.159228 -1.714255
4.169127 -1.729632
4.480808 -1.857561
4.440414 -1.844826
4.570937 -1.800469
4.627744 -1.757276
4.496087 -1.959784
4.467697 -1.906794
-1.410830 4.622701
4.661122 -1.902022
4.637699 -1.903577
2.138117 0.754318
2.170752 0.796839
2.743218 0.675433
2.774847 0.721617
2.749327 -0.354870
2.764766 -0.326942
-3.199847 1.176208
-3.151230 1.102366
-2.574701 0.907848
-1.351120 4.586787
-0.937515 4.090020
-0.904517 4.079327
-1.547276 4.901417
-1.521093 4.853210
0.152414 0.031422
0.138165 0.005461
0.290828 -0.487004
0.283053 -0.470228
-0.558506 0.998278
-0.572658 0.984713
-1.399033 4.640519
-1.299474 2.607934
-1.264630 2.668931
-0.272757 -0.503771
-0.288479 -0.486910
0.567978 -1.879991
0.631926 -1.782349
1.658146 -2.197264
1.662818 -2.088338
1.571438 -1.629780
1.573543 -1.621369
0.008941 -0.484534
1.539320 0.207134
1.503940 -0.010263
0.628385 -2.083005
0.637305 -2.049242
0.414078 0.082917
0.411279 0.091472
-2.251261 1.034020
-2.225300 1.005804
-2.255576 1.031409
-2.274285 1.061619
0.018646 -0.466851
-2.276700 0.921305
-2.221625 1.035934
-2.239031 1.022730
-2.249731 1.028495
-2.227382 0.869972
-2.413392 -1.521424
-2.376126 -1.498949
-2.411576 -1.507805
-2.419964 -1.499445
-2.608931 -1.270922
-0.154782 -0.519719
-2.457572 -1.550808
-2.432401 -1.504818
-2.435569 -1.506157
-2.605767 -1.295866
-3.860234 0.442708
-3.833351 0.471171
-3.788585 0.452370
-3.821673 0.504349
-3.743514 0.234619
-3.806791 0.473703
-0.157975 -0.502316
-3.768470 0.493880
-3.767447 0.470578
-3.741724 0.282316
-3.655174 -1.382913
-3.606236 -1.359100
-3.607919 -1.346608
-3.631938 -1.383215
-3.771011 -1.538869
-3.649472 -1.358153
-3.660029 -1.361755
-0.093343 -0.147891
-3.668680 -1.345755
-3.789331 -1.536097
-1.243094 -1.317967
-1.257730 -1.304139
-1.212663 -1.334642
-1.172569 -1.367940
-1.241844 -1.614457
-1.200100 -1.350042
-1.251740 -1.286812
-1.225867 -1.294473
-0.052748 -0.180376
-1.247576 -1.600598
1.456125 -0.494428
1.487677 -0.483719
1.468445 -0.509576
1.421729 -0.520003
1.682429 -0.538442
1.427671 -0.494952
1.450434 -0.457096
1.430581 -0.500274
1.633190 -0.528027
-0.667581 0.663719
-3.621761 -1.290783
-3.602757 -1.284780
-3.609996 -1.258235
-3.599389 -1.275323
-3.608698 -1.710219
-3.595347 -1.760140
-3.604666 -1.737551
-3.572494 -1.773660
-3.609684 -1.637655
-3.600277 -1.801718
-0.784883 0.789589
-3.597667 -1.788399
-3.516107 -1.833303
-3.654404 -1.531471
-3.852157 -1.637031
-3.841312 -1.624298
-3.873319 -1.667186
-3.887479 -1.673031
-2.384345 -1.554147
-2.358107 -1.561805
-2.344434 -1.574644
-2.719804 0.873432
-1.264611 3.361353
-2.360447 -1.564942
-2.587829 -1.799048
-2.591084 -1.808842
-2.584827 -1.794768
-2.581934 -1.794215
-2.557011 -1.670129
-2.585116 -1.816873
-2.603093 -1.844463
-2.569192 -1.800038
-2.537836 -1.523093
-1.232119 3.477632
-2.670612 -1.211614
-2.666678 -1.232607
-2.675122 -1.186702
-2.692545 -1.168253
-1.351306 -1.203560
-1.313266 -1.238161
-1.205836 -1.257337
-1.215681 -1.280803
-1.020038 -1.602730
-1.007631 -1.629552
-1.458185 2.155187
-0.993175 -1.635845
-1.040860 -1.625104
-1.074459 -1.563614
-1.043512 -1.688521
-0.968569 -1.657957
-1.000878 -1.663635
-1.132216 -1.484188
-1.299572 -1.765591
-1.307608 -1.749820
-1.317872 -1.818403
-1.178441 3.884979
-1.318182 -1.812093
1.410383 -0.413159
1.404678 -0.390025
1.374164 -0.402797
1.385180 -0.417779
1.229110 -0.672005
1.203639 -0.687613
1.205858 -0.692416
1.217209 -0.681185
1.296004 -0.650418
-1.433963 2.006929
1.199169 -0.659934
1.210487 -0.700014
1.154088 -0.690383
1.398483 -0.621028
1.756155 -0.497569
1.761324 -0.468323
1.770311 -0.451453
1.775055 -0.427446
-2.154826 0.983579
-2.133304 0.963837
-1.173623 3.823687
-2.266734 1.011733
-2.252876 1.017582
-2.440394 1.218252
-2.467561 1.266438
-2.470761 1.245085
-2.488380 1.241180
-2.430071 1.158980
-2.461670 1.295084
-2.496340 1.254197
-2.496347 1.274483
-1.101234 1.529379
-2.390678 1.097659
-2.176816 0.750783
-2.160062 0.748474
-2.137872 0.685251
-2.111614 0.672174
-3.757019 0.505403
-3.777303 0.493908
-3.745775 0.463266
-3.747519 0.488138
-3.883470 0.747176
-1.112399 1.535422
-3.901085 0.794188
-3.902179 0.802505
-3.904390 0.800515
-3.905956 0.762502
-3.900397 0.795228
-3.917710 0.813513
-3.935408 0.834138
-3.826682 0.556195
-3.707280 0.164030
-3.711055 0.184622
-1.669797 1.946476
-3.659287 0.090116
-3.682484 0.129600
-1.668292 1.908468
-2.749090 0.859877
-1.827130 1.778822
-1.812940 1.770133
-1.635388 1.994638
-1.662991 1.934268
-1.980465 -1.418273
-1.993113 -1.425779
-1.191393 -1.410895
-1.192299 -1.405089
-1.669854 -1.439014
-1.705324 -1.420642
