882 2
1.289031 -1.425301
1.347329 -1.404076
1.754146 -0.295566
0.595383 1.068699
0.551688 1.055370
-0.492553 0.982209
-0.521312 1.056717
3.569798 -1.031166
3.582998 -1.019740
3.783060 -0.553749
3.378298 -1.450586
3.789131 -0.688080
3.397174 -1.528884
1.747473 -0.405295
-0.737010 -4.131129
-0.742621 -4.126627
-1.187339 0.396694
-1.132498 0.414145
-0.769074 0.684158
-0.747490 0.706519
-1.028802 1.233207
-1.012019 1.204944
-1.311538 1.784852
-1.296391 1.759747
2.029465 0.760527
0.368075 0.980304
0.358747 0.961352
-0.711166 -0.233539
-0.689073 -0.218630
-0.634883 0.845207
-0.662467 0.800612
-1.852195 1.802671
-1.961550 1.798875
-2.352536 1.833630
-2.321787 1.800839
2.101743 0.769614
-2.337336 2.063236
-2.316417 1.977267
-2.363831 2.015921
-2.348628 2.024700
-2.354067 2.030551
-2.325974 2.023443
-2.438316 1.129865
-2.392761 1.268219
-2.418447 1.131167
-2.385466 1.261493
1.784748 -1.272809
3.750953 -0.145392
3.747083 -0.066795
3.904373 0.283995
3.887409 0.267629
4.099901 0.333013
4.092260 0.325873
3.877195 0.257758
3.904247 0.267768
-1.209483 1.299842
-1.192797 1.293966
1.814563 -1.264499
-2.122568 1.931629
-2.042578 1.862332
-1.503218 1.724099
-1.522155 1.741333
-3.777358 2.442125
-3.749671 2.426089
-3.944677 2.487746
-3.890643 2.481493
-3.757847 2.437925
-3.767660 2.443008
2.391527 -1.312441
-3.815198 2.464671
-3.731768 2.416121
-2.637055 0.476883
-2.623226 0.468941
-2.784986 0.415745
-2.790299 0.429319
2.581485 -1.379514
2.635420 -1.376200
2.939892 -1.484180
2.994072 -1.495584
2.280691 -1.284153
2.594100 -1.387853
2.701273 -1.394069
2.558830 -1.382376
2.605764 -1.398996
0.358260 -2.308444
0.405420 -2.238508
0.515124 -1.995570
0.471122 -2.050546
-0.140977 -1.528317
-0.361104 -1.492094
1.788907 -1.308424
-2.626903 -1.428747
-2.586552 -1.399722
-2.401695 -1.229712
-2.774389 -1.562087
-2.399140 -1.234003
-2.753496 -1.545616
-0.577232 3.022435
-0.528454 2.931973
-0.453441 2.753807
-0.655987 3.147510
1.744223 -1.277346
-0.471990 2.758390
-0.650683 3.198534
0.694885 -3.628297
0.687580 -3.648505
0.511587 -3.625693
0.826940 -3.646811
0.559585 -3.664046
0.826151 -3.657730
-0.931612 0.202237
-0.950810 0.186677
1.532300 -1.279569
1.901851 -1.277951
-0.812841 0.599424
-1.125371 -0.437974
-0.825466 0.656041
-1.112921 -0.415159
-0.742087 0.863293
-0.763388 0.890747
-0.449463 1.933017
-0.479868 1.945975
-2.689100 3.493841
-2.666888 3.471852
1.886897 -1.251709
-2.779341 3.630266
-2.582898 3.387611
-2.788085 3.648673
-2.601602 3.440434
-2.537572 3.574860
-2.542820 3.576751
-2.507536 3.739152
-2.504576 3.751993
-2.756510 3.785563
-2.725177 3.836192
2.508601 0.609243
-2.785420 3.708764
-2.694873 3.870517
-2.781153 3.723287
-2.678299 3.894304
-2.623475 3.882603
-2.581903 3.872970
-2.515522 3.806264
-2.532676 3.827374
-1.289610 -0.688050
-1.254711 -0.628098
2.550504 0.604543
-1.487755 -1.032163
-1.542367 -1.099336
-1.377976 -1.383305
-1.426557 -1.312985
-1.321531 -1.485029
-1.306198 -1.498578
-2.041960 -1.163205
-2.042167 -1.176082
1.146022 -0.809037
1.148167 -0.811856
3.115421 0.444102
1.035914 -0.696484
1.302377 -0.981764
1.042298 -0.701925
1.291868 -0.960103
0.898997 -0.551974
0.906349 -0.558491
0.828370 -0.475007
0.830585 -0.474607
-0.475323 2.196256
-0.490575 2.180729
3.078308 0.433542
-0.270336 1.978493
-0.280807 1.982939
-0.100402 2.032447
-0.138176 2.006362
-0.903763 3.206969
-0.958334 3.210022
-1.332315 3.289074
-1.326544 3.296802
-3.254887 0.358833
-3.229381 0.349647
2.862858 0.525272
-3.360862 0.351089
-3.035847 0.322040
-3.332499 0.380893
-3.049583 0.327501
3.383016 -1.502678
3.384502 -1.524473
2.323833 -1.331045
2.300345 -1.288306
3.761162 -0.585923
3.745146 -0.630726
2.796238 0.548482
3.746530 0.204657
3.729315 0.194600
4.142464 0.327065
4.148259 0.335749
2.066508 0.719783
2.083837 0.700291
0.957796 1.087201
0.965983 1.050814
-3.922364 2.482954
-3.921801 2.484170
3.419093 0.337897
-3.576973 2.341274
-3.620014 2.369053
-2.945168 2.289473
-2.928016 2.301891
-1.903780 1.706359
-1.907517 1.718652
-2.358321 2.211850
-2.350174 2.195315
-2.324865 1.856048
-2.311417 1.857544
3.317945 0.372391
-2.394944 -1.025423
-2.395520 -1.040177
-2.380704 -0.790080
-2.378090 -0.784952
-2.499271 -0.818276
-2.491250 -0.812415
-2.569578 -0.802615
-2.561747 -0.811984
-1.334476 -3.911085
-1.318061 -3.896813
0.752101 -1.685501
3.773293 0.227317
-1.189103 -3.845295
-1.434846 -3.952231
-1.253115 -3.850133
-1.449818 -3.958955
-1.234487 -3.786093
-1.246308 -3.762930
-1.259218 -3.715595
-1.264269 -3.677583
0.438948 -3.702313
0.445054 -3.715299
3.756717 0.211964
0.395715 -3.788270
0.396460 -3.805605
0.600243 -3.819394
0.616628 -3.839326
0.718554 -4.120214
0.705906 -4.096107
0.768317 -4.209835
0.767077 -4.214299
0.813490 -4.284390
0.815851 -4.283434
3.509483 0.307982
-1.502218 -1.774454
-1.423977 -1.665080
-1.520470 -1.864367
-1.502100 -1.838970
-1.294800 -1.595836
-1.308213 -1.596645
-1.263089 -1.688258
-1.257238 -1.674485
0.750027 -0.390102
0.753271 -0.393765
3.571024 0.274533
0.698891 -0.344417
0.697431 -0.343349
-0.889521 -5.232145
-0.900083 -5.281157
-0.848576 -5.111523
-0.929496 -5.416145
-0.880352 -5.093955
-0.942155 -5.424630
-0.981893 -5.073892
-0.967479 -5.072436
2.842097 -0.178771
-1.017430 -5.051950
-1.026675 -5.074390
-0.732381 -5.165866
-0.714318 -5.184205
-0.644985 -5.225562
-0.631409 -5.248522
-1.182816 3.950022
-1.197049 3.926313
-1.232795 3.800332
-1.153450 4.022285
2.815358 -0.193848
-1.228799 3.815071
-1.163897 4.009811
0.026448 2.017865
0.037038 2.028245
0.100305 2.028296
0.090125 2.018158
-2.793548 3.687114
-2.811866 3.681753
-2.496922 3.775459
-2.482337 3.792405
-2.598035 2.233933
-1.260073 3.647330
-1.285645 3.566422
-1.399955 3.352021
-1.396539 3.335996
-1.418770 3.372038
-1.434094 3.404509
-1.063140 -0.437445
-1.096689 -0.428573
-1.025476 -0.450022
-1.035855 -0.438318
-2.769147 2.246081
-2.869749 -1.645846
-2.885220 -1.658010
-2.927058 -1.692397
-2.942236 -1.705132
-1.932184 1.293125
-1.962521 1.318079
-1.972450 1.339928
-1.958138 1.353526
-1.966938 1.481327
-1.949750 1.255029
-2.988142 2.271958
-1.972791 1.403604
-1.980059 1.385720
-1.956474 1.460492
-1.965878 1.247215
-3.444657 0.180178
-3.428975 0.223864
-3.519211 0.107785
-3.488021 0.105258
0.972441 -3.674370
0.959975 -3.669821
-2.352711 2.205114
1.055580 -3.684236
1.066318 -3.687361
4.432739 -2.003598
4.442551 -2.000576
4.130500 -1.991432
4.605798 -2.009270
4.126338 -1.964960
4.591253 -1.992017
-1.617107 -2.063403
-1.610880 -2.051208
1.614329 -1.198004
-2.995360 2.251270
-1.634954 -2.104418
-1.646353 -2.121962
-2.975014 2.483133
-2.996757 2.492000
-2.984355 2.481571
-2.938558 2.430330
-2.992283 2.470312
-2.966037 2.441508
-2.134387 -0.086900
-2.136194 -0.073403
-2.325478 2.147209
-2.105336 -0.046040
-2.107964 -0.047722
-2.429717 -0.854242
-2.439697 -0.870554
-2.454140 -1.258408
-2.477499 -1.256554
-0.626737 3.206222
-0.656639 3.179108
0.291505 -2.575588
0.315180 -2.562602
-2.636462 2.225222
0.279514 -2.588912
0.279094 -2.535961
0.304164 -2.543834
0.305190 -2.509647
2.044751 0.507444
2.041447 0.504272
2.047709 0.499988
2.048015 0.553636
2.048263 0.494062
2.063415 0.578848
-2.526520 2.210396
-4.399537 2.332689
-4.400583 2.300510
-4.391478 2.345339
-4.280194 2.403159
-4.409149 2.369462
-4.395079 2.344670
-4.350483 2.362833
-4.477819 2.327838
-3.085376 0.329984
-3.080094 0.337282
-2.699852 2.115378
-1.262602 -3.685156
-1.265722 -3.702053
-1.335755 -1.476894
-1.330557 -1.464807
-1.229391 3.866831
-1.216564 3.871266
-0.114689 2.023480
-0.108160 2.039745
0.381045 -3.844237
0.389236 -3.859977
-2.665546 2.092939
-0.935779 -5.443048
-0.927425 -5.451048
1.012145 -0.679653
1.009601 -0.674848
-1.489366 -3.968911
-1.474433 -3.969938
-0.485376 1.891118
-0.462312 1.917396
-1.324687 3.249816
-1.340919 3.297537
-1.966513 1.759621
-2.792221 -1.579553
-2.790651 -1.576617
-1.087602 -0.380088
-1.083588 -0.371509
-3.697646 2.134187
-3.694959 2.124136
-3.700428 2.121753
-3.662224 2.190240
-3.684368 2.088567
-3.670909 2.183274
-1.897188 1.707803
-3.320944 0.376642
-3.350739 0.347328
-0.441268 1.024855
-0.449976 1.035735
-0.452501 1.022291
-0.467639 1.024494
-0.456065 1.030486
-0.488165 1.037685
-0.602668 -5.268716
-0.630207 -5.243211
-3.254841 2.330494
0.661632 -0.310923
0.652492 -0.301704
0.164574 2.023112
0.150681 2.041531
-0.237775 2.894359
-0.262904 2.871190
-0.279818 2.864692
-0.303574 2.855992
-0.517956 3.362724
-0.518223 3.353598
-3.273197 2.328049
-0.530898 3.334262
-0.547421 3.329466
0.833569 -4.312435
0.830108 -4.303756
-1.657477 -2.151516
-1.651261 -2.146657
-4.567740 2.286570
-4.576756 2.273582
-4.539214 2.297326
-4.530622 2.314295
0.624954 -1.767324
-3.547145 2.343598
-4.680093 2.975210
-4.686702 2.964064
-4.672401 2.948383
-4.639652 2.967989
-4.382618 3.303566
-4.402225 3.290255
-4.412800 3.243430
-4.429315 3.181900
-4.546791 3.170108
-4.532137 3.166910
-3.583730 2.348092
-4.521266 3.137212
-4.545711 3.202151
-3.499835 0.088121
-3.526119 0.093265
4.822889 -2.173176
4.822562 -2.172272
4.783034 -2.145012
4.806988 -2.167468
4.820380 -1.872716
4.808735 -1.884915
-3.247829 2.308732
4.784863 -1.892187
4.768277 -1.897571
3.230634 -1.846328
3.224373 -1.823337
3.235993 -1.825174
3.254270 -1.825776
3.686349 -1.548178
3.693449 -1.542381
3.637988 -1.545127
3.635800 -1.540504
-3.118477 2.276701
3.483247 -1.919217
3.479218 -1.914837
3.445886 -1.865636
3.450620 -1.883868
3.536398 -1.365492
3.529968 -1.386989
3.515963 -1.404584
3.528928 -1.395404
4.071492 -0.514843
4.055747 -0.518017
-3.312138 2.332263
4.035510 -0.526173
4.041374 -0.541575
3.935061 -0.747556
3.934072 -0.739482
3.902020 -0.703034
3.905319 -0.737946
4.480195 0.411376
4.469227 0.413853
4.402776 0.394852
4.427810 0.392038
-3.277404 2.332135
4.257076 0.523043
4.262369 0.508124
4.211395 0.499157
4.240288 0.499234
-1.141200 4.066259
-1.138581 4.075544
-1.440719 3.399614
-1.433669 3.403121
-1.978107 1.200791
-1.966790 1.201585
-2.301905 0.334061
-2.988808 -1.743199
-2.986170 -1.741572
1.077128 -3.693078
1.086879 -3.692425
-1.269199 -1.697267
-1.281552 -1.706130
-1.004898 -0.464771
-1.017314 -0.457811
4.183707 -2.164719
4.183104 -2.162301
-2.291909 0.330521
4.180787 -2.148013
4.179223 -2.130510
4.111969 -2.044026
4.109426 -2.042315
4.109073 -2.021091
4.111632 -2.010250
-3.693391 0.293345
-3.717821 0.278335
-3.642160 0.299929
-3.642486 0.315430
-2.051017 0.059867
-3.490434 0.575316
-3.488927 0.576051
-3.478688 0.570384
-3.483691 0.578136
-1.046343 -5.059420
-1.034534 -5.061537
-2.152562 -0.098687
-2.127874 -0.058782
-2.368735 -0.788014
-2.378991 -0.805326
-2.470572 0.561829
-2.385823 -1.233545
-2.388534 -1.229487
-0.456086 2.774616
-0.438569 2.797040
-0.652796 3.175314
-0.668236 3.156065
-1.375508 0.227107
-1.391826 0.236490
-1.431764 0.247173
-1.408615 0.235781
1.137103 -1.485286
-2.073815 0.132401
0.720809 -4.148635
0.720176 -4.135090
-3.054770 0.287015
-3.021254 0.281569
-1.260320 -3.651485
-1.262192 -3.697500
-1.304397 -1.514304
-1.306755 -1.500753
0.842330 -0.483014
0.827244 -0.470385
-2.462255 0.485316
-1.226859 3.838037
-1.224377 3.836504
-0.118383 2.048988
-0.092478 2.068589
0.348380 -3.824258
0.348621 -3.804418
-1.526624 -1.062783
-1.499781 -1.012419
-0.933606 -5.436798
-0.932396 -5.441042
-2.292361 0.257011
1.010274 -0.670825
1.010060 -0.673557
-2.535401 1.745358
-2.526450 1.732176
-2.524622 1.727091
-2.512026 1.745774
-1.464060 -3.962206
-1.473797 -3.966693
-0.481172 1.943773
-0.455434 1.969482
-2.306337 0.304240
-1.353041 3.256145
-1.358920 3.276108
-1.138500 -0.422158
-1.162662 -0.438817
-2.787309 -1.575246
-2.786580 -1.572742
-2.604185 -0.809099
-2.619886 -0.802832
-3.354271 0.367562
-3.363807 0.352927
-0.720644 -4.406722
0.831449 -3.660929
0.808840 -3.648948
-2.686945 3.922800
-2.686185 3.910210
-1.523232 -1.893963
-1.517374 -1.881425
-0.598486 -5.274147
-0.595817 -5.277584
3.172729 -1.492761
3.112659 -1.504818
-0.712029 -4.397274
3.189873 -1.499804
3.161782 -1.494271
4.702555 -2.091567
4.710793 -2.117844
4.712966 -1.947852
4.694586 -1.945793
3.474065 -1.435162
3.450477 -1.462451
3.544013 -1.527838
3.518158 -1.541264
-0.721358 -4.392245
3.297828 -1.722921
3.294300 -1.710150
3.428451 -1.769339
3.422767 -1.727834
3.483205 -1.770621
3.581002 -1.804792
4.140142 -2.079574
4.148438 -2.081259
4.105668 -2.002413
4.109759 -1.985756
-0.739900 -4.412616
-3.552121 0.337265
-3.533714 0.358828
-3.440813 0.503245
-3.464839 0.545905
3.808711 -0.630191
3.834706 -0.692553
3.943376 -0.553928
3.933105 -0.572882
4.290282 0.362494
4.323675 0.339098
-0.725905 -4.383261
4.166725 0.426635
4.189519 0.428326
-4.185041 2.742882
-4.223314 2.787763
-4.383385 2.980386
-4.423235 3.006719
-4.607826 2.969189
-4.565942 2.974499
-4.407884 3.142623
-4.438585 3.118488
-0.726655 -4.374700
-4.453924 3.026352
-4.424716 3.038615
-0.401892 2.784128
-0.367374 2.823480
-0.559009 3.304388
-0.576966 3.300884
-2.129699 2.443666
-2.015573 2.555232
1.381809 -1.090407
1.393375 -1.074131
1.212578 -1.473296
-0.770760 -4.360327
-0.900851 -3.907911
-0.835826 -3.918395
-0.813436 -4.812381
-0.836171 -4.908789
-2.249691 -0.349506
-2.265000 -0.390748
-2.077244 0.004466
-2.095665 0.032913
-1.089221 -1.441826
-1.098023 -1.445794
-0.809596 -4.322115
0.235770 -3.190679
0.228709 -3.158925
-1.426540 0.252127
-1.412576 0.239788
-2.868158 0.500532
-2.925759 0.476812
-2.513143 2.945061
-2.500817 2.899942
-2.424751 1.809808
-2.430085 1.782826
-1.762828 0.147406
-0.606816 1.890946
-0.679940 1.874513
-2.874260 0.372929
-2.895334 0.381338
-0.766571 0.636029
-0.757031 0.641096
0.738373 -1.607304
0.735891 -1.663467
0.706859 -1.711961
0.713326 -1.700369
-1.787292 0.174190
0.555345 -1.637417
0.610952 -1.774052
0.687987 -1.711357
0.700996 -1.756338
0.492004 -1.667669
2.008249 0.889351
1.989805 0.877658
2.024649 0.843278
2.025942 0.897478
2.247334 0.852863
-1.412459 0.292223
2.064111 0.833298
2.073291 0.865011
2.087037 0.851257
2.247065 0.858241
2.372681 -1.257405
2.336822 -1.301813
2.363886 -1.357338
2.334279 -1.210461
2.216385 -1.518303
2.309074 -1.255520
-1.426739 0.287051
2.289289 -1.283361
2.325122 -1.265616
2.208990 -1.483555
3.090353 0.336512
3.067400 0.330544
3.055418 0.375237
3.076873 0.391611
3.224546 0.547874
3.055837 0.364670
3.038024 0.345404
-0.934420 -1.095393
3.033656 0.359494
3.170746 0.531113
0.906606 1.148733
0.903798 1.143785
0.915491 1.165451
0.909097 1.175683
1.026125 0.964101
0.894051 1.132058
0.887216 1.127698
0.861288 1.153352
-0.911732 -1.107329
1.001854 0.955192
-1.243143 1.675733
-1.216293 1.731068
-1.249199 1.656711
-1.238179 1.739214
-1.370119 1.908930
-1.245212 1.715194
-1.243356 1.718990
-1.269584 1.678548
-1.361421 1.910868
-0.693639 -1.327676
3.044522 0.305916
3.036769 0.293827
3.003274 0.333284
2.995670 0.334668
3.120724 0.713912
3.126763 0.738781
3.109354 0.733669
3.115174 0.738197
3.094374 0.635856
3.118328 0.703323
-0.654694 -1.365679
3.150566 0.797582
3.084055 0.820547
3.084989 0.497697
3.343412 0.591730
3.322732 0.601984
3.394938 0.618782
3.385367 0.621450
2.034384 0.840431
2.006704 0.818279
2.076091 0.869752
1.220499 -1.435497
-0.277117 -3.252953
2.064343 0.852028
2.031935 1.109620
2.036769 1.154874
2.058967 1.114269
2.046437 1.122640
2.050140 1.008375
2.025991 1.226081
2.062018 1.128893
2.040541 1.184013
2.071430 0.848908
-0.241924 -3.198664
2.337472 0.946244
2.348126 0.950903
2.389540 0.984388
2.379096 0.984588
0.824321 1.135854
0.826224 1.156153
0.859613 1.222540
0.846775 1.251165
1.001678 1.420683
1.016028 1.477801
0.042747 -2.805520
1.018598 1.460811
1.010843 1.438869
1.001822 1.381196
1.011566 1.508211
1.015929 1.508615
1.037839 1.498160
0.992991 1.234819
1.054293 0.866117
1.039564 0.895545
1.098947 0.796427
-0.740883 -3.943542
1.081173 0.828763
-1.234379 1.644967
-1.246933 1.676319
-1.319093 1.580259
-1.305790 1.628533
-1.146664 1.961632
-1.115911 2.020118
-1.117675 2.038095
-1.079631 2.015535
-1.161531 1.943794
0.061739 -2.831542
-1.138683 2.022885
-1.124542 2.064415
-1.002856 2.026010
-1.217764 1.868726
-1.452265 2.021989
-1.463754 2.040431
-1.478320 2.052477
-1.490184 2.062920
0.726498 -1.648130
0.775436 -1.604990
-0.735958 -3.903844
0.700273 -1.726445
0.668755 -1.746575
0.745929 -2.027843
0.749559 -2.037513
0.745947 -2.041646
0.739838 -2.037303
0.705818 -1.963781
0.747014 -2.057787
0.759387 -2.079543
0.712018 -2.018624
-0.447318 -1.894550
0.665940 -1.802661
0.390100 -1.576370
0.381087 -1.586340
0.350620 -1.564501
0.370446 -1.576772
2.181359 -1.357729
2.233723 -1.336927
2.353769 -1.299772
2.390484 -1.323575
2.346344 -1.041016
-0.419742 -1.936326
2.383281 -1.002740
2.334122 -0.973319
2.368868 -0.989393
2.331514 -1.077253
2.364800 -0.928935
2.299674 -0.910337
2.353995 -0.947329
2.324386 -1.160278
2.167140 -1.616536
2.153242 -1.634380
0.137917 -2.682558
2.122790 -1.673513
2.113730 -1.695796
0.146243 -2.673226
1.280500 -1.399194
0.300332 -2.433575
0.283354 -2.451473
0.139424 -2.679890
0.181296 -2.620857
1.619706 0.906252
1.606275 0.891362
0.969475 1.101765
0.963503 1.058592
1.552146 0.909590
1.573099 0.899444
