882 2
2.300577 0.958772
2.303159 0.999280
1.445001 1.565102
-0.680273 0.581992
-0.735880 0.532410
-1.064264 0.062729
-1.016338 0.107944
2.635555 3.453865
2.537337 3.549247
2.239772 3.728716
2.849927 3.264721
2.305648 3.739392
2.932089 3.262352
1.430435 1.568134
-1.438442 3.790005
-1.457463 3.854838
-0.687146 -0.659740
-0.686223 -0.650104
-0.750615 -0.247349
-0.730184 -0.174950
-1.087572 -0.397904
-0.904549 -0.338549
-1.974019 -0.618679
-2.027218 -0.656723
0.622024 1.823967
-0.562095 0.328041
-0.622553 0.171277
-0.439011 -0.318331
-0.435741 -0.321473
-0.879633 -0.119394
-0.925620 -0.037790
-1.929316 -1.729595
-1.938390 -1.587576
-1.943314 -2.032029
-1.858338 -2.087596
0.563041 1.807867
-2.111010 -2.027934
-2.068744 -2.031587
-2.160961 -2.022085
-2.194664 -1.986354
-2.214216 -1.977747
-2.195640 -1.938582
-1.153496 -2.146235
-1.328141 -2.136631
-1.567954 -2.115101
-1.549833 -2.122597
2.456111 1.603837
1.709496 3.695354
1.770621 3.702870
1.379821 3.777906
1.323894 3.880393
1.319596 4.059744
1.307600 4.039138
1.364229 3.855215
1.350850 3.802500
-1.353882 -0.296002
-1.344888 -0.285000
2.485391 1.803000
-2.407291 -1.575109
-2.407143 -1.611610
-2.317117 -1.215996
-2.315004 -1.185860
-3.375867 -2.718730
-3.368763 -2.716576
-3.521766 -2.913902
-3.554522 -2.928268
-3.403755 -2.787241
-3.352129 -2.708375
2.591845 2.163728
-3.453236 -2.807761
-3.390350 -2.737854
-0.928536 -2.396355
-0.926383 -2.434339
-0.899908 -2.547591
-0.914220 -2.489543
2.726446 2.343904
2.746265 2.309276
2.837707 2.567194
2.885245 2.571138
2.625979 2.095125
2.768407 2.393030
2.813843 2.435884
2.759882 2.395871
2.777836 2.370592
2.080346 0.106236
2.073855 0.105135
2.081360 0.293068
2.068641 0.286179
1.163320 -0.372305
1.206779 -0.342948
2.441349 1.524918
0.665136 -1.974149
0.650348 -1.969019
0.492034 -1.781638
0.801682 -2.102798
0.505006 -1.800470
0.792230 -2.097713
-3.508792 0.327231
-3.479903 0.334008
-3.152811 0.374193
-3.721123 0.240541
2.403901 1.396545
-3.146882 0.389093
-3.710783 0.280633
2.602564 -1.377327
2.611306 -1.346215
2.567921 -1.161014
2.640121 -1.546637
2.635724 -1.180657
2.651186 -1.569610
-0.559277 -0.487138
-0.525735 -0.478783
2.411752 1.319013
2.477883 1.574256
-0.901704 -0.283744
-0.088506 -0.666578
-0.895777 -0.265684
-0.091738 -0.655833
-1.753151 0.062912
-1.598864 0.015431
-2.169000 0.199151
-2.308765 0.277160
-1.968589 -3.266827
-1.991157 -3.307777
2.482968 1.574989
-2.039485 -3.428435
-1.910293 -3.142725
-2.053904 -3.495562
-1.886854 -3.114773
-1.826321 -3.353437
-1.827381 -3.337334
-1.781012 -3.506404
-1.789361 -3.530890
-2.008631 -3.660649
-2.004788 -3.665356
0.773590 2.227898
-2.036815 -3.571938
-1.906581 -3.722915
-2.027909 -3.608340
-1.888206 -3.728730
-1.822660 -3.650356
-1.840327 -3.686893
-1.787888 -3.605235
-1.801550 -3.609988
0.123933 -0.873414
0.083358 -0.819104
0.880408 2.399590
0.359603 -1.107700
0.412703 -1.161650
0.784090 -1.052174
0.721663 -1.080885
0.966210 -0.988506
0.961278 -1.033907
0.450875 -1.458672
0.455523 -1.481689
3.527833 0.771328
3.471752 0.793284
1.220061 2.967119
3.693123 0.679973
3.086507 0.980972
3.712150 0.662952
3.194638 0.928818
3.849249 0.583465
3.852882 0.578836
3.955467 0.516725
3.948719 0.512465
-2.654984 0.335798
-2.604077 0.325056
1.142770 2.958150
-2.307075 0.533184
-2.334359 0.542453
-2.342170 0.724228
-2.357939 0.778474
-3.828682 -0.037434
-3.843930 -0.058867
-3.936857 -0.232316
-3.951866 -0.256811
-0.713774 -3.034277
-0.699137 -3.023555
0.939548 2.531704
-0.631117 -3.110580
-0.801898 -2.877001
-0.620446 -3.111759
-0.794810 -2.899740
2.865895 3.262016
2.904375 3.253222
2.630366 2.017390
2.653306 1.988933
2.344118 3.678199
2.340172 3.683479
0.989601 2.604774
1.413974 3.677929
1.404409 3.660969
1.310182 4.086504
1.305114 4.055768
0.444721 1.827247
0.441316 1.806987
-0.306350 1.072417
-0.294413 1.108084
-3.538520 -2.925016
-3.557506 -2.921297
1.347165 3.539886
-3.250418 -2.614307
-3.237444 -2.602504
-2.901378 -2.212104
-2.965258 -2.238824
-2.420305 -1.371809
-2.438160 -1.352207
-2.399510 -1.939541
-2.395043 -1.893402
-1.872493 -2.037353
-1.853791 -2.038191
1.324607 3.503784
0.301302 -1.878541
0.331060 -1.866600
0.108015 -1.921272
0.058606 -1.914949
0.094271 -2.015496
0.067785 -2.047244
0.089230 -2.111070
0.070243 -2.104340
-1.612199 3.136772
-1.622162 3.112097
2.200471 0.514125
1.419722 3.673895
-1.556830 3.246020
-1.669381 2.996545
-1.605032 3.275281
-1.656204 3.010267
-1.702744 3.293021
-1.722059 3.309997
-1.770836 3.316985
-1.763862 3.318524
2.675726 -1.221450
2.623145 -1.149887
1.373852 3.668551
2.681745 -1.188469
2.679940 -1.155888
2.827878 -1.209910
2.876259 -1.224548
3.033309 -1.277100
3.014253 -1.265874
3.172108 -1.319228
3.140703 -1.310389
3.214709 -1.339408
3.217221 -1.335733
1.293781 3.315475
1.086012 -1.144169
1.077689 -1.153382
1.204929 -1.264294
1.192143 -1.271776
1.077888 -1.006768
1.052800 -0.981707
1.163321 -0.991520
1.166902 -0.990258
4.046936 0.453586
4.041232 0.456676
1.275457 3.275887
4.105710 0.416217
4.101828 0.414896
-1.759875 4.513517
-1.762474 4.508559
-1.620149 4.517297
-1.843033 4.559616
-1.610935 4.485727
-1.855806 4.561390
-1.523473 4.585649
-1.550512 4.537610
1.968405 2.457155
-1.490126 4.597706
-1.500531 4.573262
-1.619896 4.658461
-1.592708 4.609839
-1.621361 4.818948
-1.634781 4.802188
-4.533880 -0.114049
-4.537514 -0.116209
-4.383690 -0.156226
-4.630126 -0.084475
1.986928 2.432514
-4.398056 -0.155410
-4.618936 -0.091041
-2.372813 0.903545
-2.368884 0.879345
-2.380389 0.951064
-2.380978 0.948055
-2.081033 -3.532239
-2.071244 -3.524154
-1.742619 -3.564420
-1.784742 -3.568615
-2.642114 -2.120993
-4.192658 -0.204456
-4.153545 -0.230991
-3.996588 -0.337864
-3.992925 -0.332085
-4.039818 -0.382704
-4.055315 -0.412726
-0.014491 -0.554763
-0.021031 -0.563753
0.015219 -0.515908
0.031137 -0.494795
-2.564337 -2.044577
0.908639 -2.227827
0.896412 -2.216858
0.944224 -2.273359
0.943055 -2.265028
-2.779136 -1.189871
-2.774059 -1.195022
-2.777733 -1.181387
-2.776250 -1.188450
-2.724355 -1.211313
-2.890963 -1.142696
-2.883870 -2.223692
-2.767330 -1.195968
-2.755746 -1.197833
-2.718129 -1.219515
-2.869638 -1.154668
-0.468335 -3.255263
-0.481968 -3.217661
-0.401522 -3.267629
-0.405134 -3.269791
2.692716 -1.672994
2.691900 -1.664922
-2.388005 -1.956393
2.723258 -1.748842
2.721570 -1.750790
4.157224 3.078407
4.177497 3.080320
4.002800 2.973511
4.333125 3.189703
4.032987 2.967293
4.334627 3.194633
1.326816 -1.385028
1.330593 -1.389066
2.369486 1.217624
-2.965775 -2.270961
1.362935 -1.416106
1.366885 -1.419108
-3.051962 -2.083145
-3.052258 -2.074201
-3.053707 -2.069517
-3.001629 -2.134834
-3.056417 -2.073781
-3.004272 -2.147670
-0.497523 -1.660498
-0.476277 -1.664129
-2.385253 -1.946695
-0.477027 -1.710117
-0.488164 -1.679772
0.106112 -1.912503
0.110950 -1.912326
0.525182 -1.817466
0.535376 -1.837459
-3.695522 0.273698
-3.697371 0.257692
1.845408 -0.121121
1.839831 -0.103614
-2.538804 -2.032132
1.832298 -0.113838
1.869905 -0.095978
1.837911 -0.096922
1.885996 -0.073745
0.754010 2.105122
0.767460 2.121871
0.760621 2.107533
0.705859 2.026685
0.767471 2.114615
0.732321 2.078194
-2.541474 -2.027468
-3.517072 -3.306599
-3.552607 -3.339304
-3.532399 -3.319638
-3.520793 -3.211577
-3.519666 -3.328728
-3.569203 -3.329970
-3.573138 -3.255831
-3.541343 -3.362025
-0.832112 -2.894002
-0.817209 -2.899649
-2.593876 -1.613881
-1.819309 3.322314
-1.821600 3.311248
0.942649 -1.004543
0.931417 -0.976754
-4.382702 -0.160019
-4.378049 -0.156937
-2.376528 0.821814
-2.363370 0.813661
2.675800 -1.177969
2.672054 -1.165436
-2.618103 -1.615428
-1.860099 4.564045
-1.864619 4.566203
3.687594 0.688296
3.683120 0.693452
-1.676200 2.978407
-1.690472 2.966030
-2.313005 0.285952
-2.252156 0.257975
-3.953691 -0.250668
-3.950863 -0.248060
-2.392939 -1.357103
0.817561 -2.109769
0.832252 -2.129061
-0.102831 -0.633834
-0.102691 -0.621847
-3.060820 -2.852073
-3.058258 -2.825480
-3.073401 -2.829999
-3.120532 -2.749271
-3.054533 -2.832875
-3.088586 -2.764957
-2.441489 -1.319272
-0.591424 -3.193657
-0.611168 -3.187322
-1.155413 0.152817
-1.173970 0.151116
-1.151816 0.153584
-1.121593 0.140744
-1.156213 0.133363
-1.130117 0.125775
-1.620948 4.851621
-1.613862 4.872205
-3.074235 -2.441901
4.170835 0.376055
4.154306 0.386701
-2.386327 0.991866
-2.382659 0.974523
-3.149398 0.570953
-3.154714 0.592940
-3.161816 0.556865
-3.153855 0.554456
-3.942174 0.478910
-3.943947 0.489209
-3.094439 -2.451563
-3.924582 0.460419
-3.900314 0.440618
3.240526 -1.348016
3.234449 -1.346064
1.392981 -1.438763
1.399403 -1.447616
-3.503664 -3.501968
-3.496655 -3.523731
-3.501522 -3.469666
-3.514230 -3.454995
2.225306 0.579944
-3.219930 -2.601246
-4.436714 -3.093497
-4.433811 -3.104615
-4.424236 -3.100246
-4.426787 -3.091928
-4.473092 -3.455730
-4.440573 -3.421208
-4.411458 -3.399184
-4.408175 -3.384205
-4.165204 -3.379763
-4.165218 -3.374587
-3.195529 -2.568260
-4.184745 -3.317059
-4.185753 -3.322615
-0.338713 -3.286562
-0.354635 -3.285356
4.612035 3.204948
4.617241 3.193298
4.561749 3.156752
4.558807 3.187490
4.528205 3.444667
4.513406 3.436732
-3.095636 -2.453196
4.490448 3.415979
4.489088 3.402331
3.217139 3.490383
3.237902 3.524168
3.225245 3.512104
3.219124 3.475225
2.995113 3.476383
2.980975 3.462842
2.974425 3.458641
2.974958 3.477233
-3.089538 -2.438553
3.123269 3.260846
3.130893 3.265294
3.119638 3.252058
3.083650 3.248378
2.773137 3.476302
2.777165 3.477601
2.817044 3.460053
2.792205 3.461346
2.309156 4.088876
2.317700 4.115570
-3.056823 -2.405276
2.312232 4.076076
2.308755 4.047572
2.140521 3.818029
2.139522 3.824559
2.151863 3.807579
2.144345 3.830380
1.140900 4.219629
1.135790 4.220129
1.152795 4.207596
1.170444 4.176813
-3.051707 -2.392435
1.366170 4.376909
1.371603 4.377302
1.359741 4.328175
1.355240 4.321987
-4.667171 -0.073622
-4.673153 -0.070760
-4.070296 -0.447485
-4.068047 -0.434515
-2.893129 -1.147510
-2.897973 -1.142642
-0.631129 -1.892057
0.956586 -2.278556
0.962400 -2.291265
2.735754 -1.784698
2.743070 -1.793856
1.182424 -0.976223
1.194192 -1.000559
0.064967 -0.458727
0.054309 -0.466795
4.198628 2.862198
4.201073 2.863148
-0.657121 -1.906789
4.173295 2.875598
4.190800 2.867723
3.990976 2.893091
3.964332 2.867884
3.958566 2.895703
3.988013 2.913292
-0.474259 -3.034538
-0.470427 -3.069470
-0.457553 -3.039865
-0.465013 -3.064660
-0.524884 -1.775730
-0.490750 -3.504887
-0.488287 -3.503856
-0.521304 -3.429249
-0.522375 -3.441351
-1.476038 4.603979
-1.479990 4.619537
-0.510911 -1.673565
-0.504687 -1.667309
0.117156 -1.956475
0.126044 -1.946189
-1.009865 -2.163605
0.510826 -1.797430
0.510959 -1.806066
-3.084571 0.388451
-3.087157 0.381919
-3.681729 0.305278
-3.698356 0.280830
-0.736387 -1.070646
-0.726816 -1.093919
-0.693435 -1.106789
-0.700680 -1.096060
2.274237 0.881090
-0.384439 -1.710184
2.988574 -1.258867
3.002482 -1.262854
-0.799376 -2.906751
-0.780833 -2.935660
-1.792500 3.354209
-1.806751 3.347116
0.957383 -1.024651
0.965936 -0.984641
3.974883 0.504326
3.952914 0.532244
-0.952949 -2.122878
-4.409501 -0.151586
-4.413474 -0.150269
-2.351460 0.768301
-2.355062 0.805033
2.780731 -1.169728
2.728814 -1.199986
0.359409 -1.156875
0.364836 -1.151157
-1.881832 4.572497
-1.909841 4.585317
-0.709491 -1.977463
3.716087 0.670236
3.708432 0.676152
-1.773881 -1.935070
-1.761321 -1.908443
-1.769961 -1.948804
-1.774933 -1.952266
-1.676734 2.978137
-1.676616 2.986041
-2.266774 0.306016
-2.240611 0.266409
-0.672415 -1.940268
-3.953355 -0.278725
-3.956973 -0.278054
-0.139377 -0.637084
-0.115195 -0.641842
0.824836 -2.122615
0.818233 -2.114253
0.087462 -2.149557
0.094839 -2.152696
-0.611042 -3.153767
-0.643066 -3.134691
-1.458894 3.935697
2.634172 -1.577571
2.626694 -1.544288
-1.896671 -3.751541
-1.885423 -3.760895
1.233982 -1.301560
1.240147 -1.303228
-1.612728 4.900156
-1.597440 4.917747
2.861143 2.888676
2.898013 2.950072
-1.466957 3.940801
2.880806 3.053696
2.902731 3.023052
4.482674 3.171866
4.471387 3.181270
4.433040 3.359906
4.433979 3.328184
2.850120 3.391857
2.870924 3.354584
2.939540 3.399064
2.960379 3.389287
-1.466888 3.954119
3.152038 3.454001
3.127755 3.411434
3.042752 3.224754
3.050723 3.233488
3.687020 2.842103
3.592560 2.805986
4.138859 2.893078
4.143444 2.879498
3.964317 2.923368
4.000148 2.950453
-1.478281 3.947148
-0.497569 -3.099274
-0.488972 -3.119626
-0.569030 -3.329610
-0.553192 -3.386916
2.209342 3.786972
2.205477 3.802321
2.268231 3.890770
2.287686 3.918768
1.229645 4.120862
1.227854 4.105361
-1.467572 3.944432
1.339055 4.224660
1.329439 4.209445
-3.811396 -3.012671
-3.757697 -3.006416
-4.168508 -3.159403
-4.207733 -3.182540
-4.366430 -3.103945
-4.374882 -3.114833
-4.346890 -3.316010
-4.315777 -3.289307
-1.483338 3.952123
-4.181061 -3.221850
-4.156126 -3.224844
-3.162305 0.520045
-3.148688 0.487114
-3.882841 0.410094
-3.847144 0.394786
-3.781938 -0.439339
-3.786973 -0.445993
2.849717 1.101520
2.777336 1.089515
2.272615 0.876808
-1.469014 3.956044
-1.513724 3.355693
-1.526435 3.350535
-1.591876 4.387560
-1.569892 4.309239
-0.057937 -1.862958
-0.144614 -1.822643
-0.488043 -1.743396
-0.453674 -1.711964
0.942257 -0.756926
0.934028 -0.770863
-1.473244 3.951909
2.386732 -0.954820
2.374873 -0.941414
-0.670952 -1.103509
-0.675776 -1.092348
-0.847579 -2.459515
-0.838651 -2.474951
-1.882701 -2.449040
-1.870442 -2.468577
-1.802383 -1.980580
-1.814013 -2.019766
-0.569503 -1.305604
-2.138977 -0.025446
-2.170401 -0.001145
-0.845736 -2.732377
-0.846429 -2.730013
-0.842788 -0.290341
-0.820211 -0.276971
2.127028 0.522025
2.128555 0.553989
2.092697 0.563515
2.178099 0.553602
-0.537589 -1.415536
2.272248 0.382719
2.163888 0.603716
2.096167 0.590525
2.103091 0.577019
2.278145 0.441209
0.596844 1.831151
0.575362 1.804045
0.617666 1.860778
0.619127 1.777726
0.402008 2.000945
-0.626280 -1.102176
0.598917 1.809721
0.549315 1.780217
0.619923 1.830114
0.415253 1.982594
2.585352 2.128859
2.548665 2.126312
2.539504 2.094893
2.592647 2.075689
2.713001 1.838251
2.547418 2.073743
-0.634891 -1.085334
2.542783 2.071739
2.527815 2.038702
2.720183 1.854512
1.237034 2.900190
1.202839 2.941795
1.284090 2.929474
1.170611 2.969322
1.128948 3.151264
1.218874 2.930564
1.228710 2.927205
0.234119 -1.122212
1.230269 2.921586
1.137097 3.120111
-0.401654 0.963986
-0.367673 1.001381
-0.439625 0.948185
-0.463561 0.978291
-0.311620 1.151494
-0.466735 0.952784
-0.454670 0.962344
-0.487197 0.965735
0.181305 -1.185345
-0.320224 1.199060
-1.970140 -0.576122
-2.001533 -0.554282
-1.951597 -0.553140
-2.041132 -0.598059
-1.895673 -0.712576
-2.036767 -0.604894
-2.034054 -0.620483
-1.997676 -0.612631
-1.860542 -0.767752
0.935460 -0.578802
1.217148 2.921009
1.221030 2.916374
1.331407 2.849081
1.334885 2.835576
0.958158 2.975833
0.927620 2.964309
0.918121 2.978305
0.920294 2.974947
0.961636 2.989258
0.901976 2.956774
0.900665 -0.642147
0.896585 2.978088
0.861714 2.985198
1.110221 3.029602
1.034710 3.243628
1.002999 3.283297
1.022866 3.268209
1.023393 3.280801
0.508061 1.826031
0.521269 1.817127
0.656631 1.881785
2.265134 0.946004
-1.306337 3.438502
0.652404 1.905060
0.718643 1.610593
0.785812 1.513526
0.752872 1.563372
0.726180 1.585820
0.728546 1.598553
0.778036 1.493784
0.764197 1.555943
0.753011 1.555652
0.648318 1.734175
-1.360584 3.468186
0.335936 2.057993
0.333812 2.055835
0.309454 2.081857
0.314171 2.075465
-0.426056 0.913916
-0.369795 0.935278
-0.490804 0.955397
-0.481994 0.953460
-0.611044 1.152467
-0.686955 1.254471
1.884762 -0.412318
-0.642665 1.212580
-0.641372 1.208676
-0.562130 1.154316
-0.667227 1.238582
-0.658190 1.220802
-0.703100 1.242210
-0.491591 1.103694
-0.273719 1.278817
-0.294930 1.302259
-0.279889 1.305549
-1.401844 3.526913
-0.279532 1.302961
-2.015334 -0.562027
-2.016877 -0.562372
-1.948685 -0.637193
-1.955735 -0.621126
-2.198499 -0.510530
-2.273857 -0.460215
-2.270362 -0.464079
-2.247912 -0.494932
-2.141759 -0.540413
1.858296 -0.362261
-2.285625 -0.464775
-2.290888 -0.481595
-2.299897 -0.463178
-2.059683 -0.587728
-1.808019 -0.817331
-1.793449 -0.840675
-1.760787 -0.865399
-1.746426 -0.882876
2.001821 0.585796
2.031579 0.555147
-1.414112 3.512475
2.038181 0.564232
2.064743 0.551640
2.417467 0.541496
2.455817 0.533407
2.458846 0.538418
2.480409 0.512118
2.383955 0.546709
2.477426 0.524834
2.491792 0.557229
2.513118 0.477809
1.228806 -0.525782
2.298046 0.553018
2.331315 0.317024
2.385994 0.292459
2.404064 0.259334
2.415988 0.251630
2.493291 2.071005
2.490992 2.098090
2.491238 2.041460
2.452811 2.025937
2.815762 2.058976
1.253693 -0.523713
2.903425 2.052822
2.888990 2.064477
2.923851 2.053995
2.785580 2.083228
2.975391 1.995725
2.901464 2.073867
2.957690 2.033184
2.680277 2.126167
2.767539 1.788084
2.780825 1.792697
1.906410 -0.265191
2.793664 1.763515
2.807999 1.756630
1.916095 -0.221936
2.307849 1.029212
1.950730 -0.103640
1.971790 -0.067178
1.909881 -0.231982
1.913184 -0.266961
-0.141594 1.233527
-0.123491 1.257400
-0.377716 1.013892
-0.398025 1.030742
0.266836 1.543721
0.252321 1.533694
