882 2
-1.885575 -0.648288
-1.890077 -0.657491
-1.855920 0.861082
0.307094 1.017218
0.346894 1.003730
0.731683 0.785483
0.669157 0.814377
-4.049501 0.842558
-4.063068 0.790877
-4.000730 1.338687
-4.041754 0.389111
-3.993267 1.433416
-4.105485 0.400563
-1.836418 0.893827
-2.071642 -3.628490
-2.094003 -3.634260
1.059270 -0.196468
1.020124 -0.139931
0.745245 0.269260
0.692655 0.257575
0.987854 0.279799
1.168676 0.303112
2.071901 0.422670
2.106493 0.454669
-1.601327 1.643550
0.032865 0.918609
0.151474 0.792709
0.090984 -0.811978
0.082131 -0.771160
0.732830 0.593861
0.723930 0.581012
2.763437 0.147268
2.713080 0.189696
3.030938 0.033137
3.044594 0.062974
-1.626427 1.703096
3.161160 0.247144
3.135240 0.259556
3.125027 0.279619
3.145217 0.380082
3.110416 0.143587
3.128577 0.203269
2.933725 -0.157746
2.945196 -0.171898
2.830254 -0.524173
2.809110 -0.549536
-2.571965 -0.114056
-3.812518 1.598067
-3.802686 1.627538
-3.608313 2.075465
-3.617057 2.074184
-3.677820 2.190261
-3.695688 2.198390
-3.621722 2.091333
-3.638417 2.111693
2.166504 0.864754
2.239265 0.844750
-2.575741 -0.116961
2.977891 0.634263
2.935641 0.661004
2.451545 0.675654
2.399823 0.643119
4.177011 1.731579
4.192965 1.777047
4.235166 1.843916
4.262886 1.903763
4.133513 1.697639
4.103086 1.666876
-2.901220 -0.006863
4.171817 1.718271
4.167415 1.751563
2.746926 -1.116203
2.719298 -1.113569
2.827198 -1.233164
2.821564 -1.223895
-3.367137 0.041301
-3.261564 0.009152
-3.622127 0.061506
-3.628204 0.015277
-2.996313 -0.002487
-3.340535 0.037801
-3.234316 0.007514
-3.375077 0.033954
-3.318271 0.020764
-1.462149 -1.679145
-1.479116 -1.634195
-1.505783 -1.486373
-1.449285 -1.650622
-0.658848 -1.199214
-0.528386 -1.231937
-2.415755 -0.175195
1.166608 -2.320727
1.159345 -2.285794
1.125733 -2.048888
1.186929 -2.513026
1.120904 -2.061393
1.176061 -2.510265
1.956240 2.069416
1.939636 2.082584
1.782060 1.849389
2.096651 2.214411
-2.458432 -0.174063
1.780761 1.868977
2.097543 2.233420
-0.576039 -3.199330
-0.570176 -3.223281
-0.809558 -3.130544
-0.437698 -3.284037
-0.808528 -3.157947
-0.447817 -3.298139
0.883183 -0.186301
0.909443 -0.120831
-2.192357 -0.288753
-2.497418 -0.149737
0.999251 0.188831
0.754201 -0.764625
1.002059 0.187582
0.744272 -0.789393
1.243451 0.577733
1.201454 0.509999
1.507279 1.053407
1.541116 1.109710
3.949183 -0.524571
3.931203 -0.539370
-2.463625 -0.178436
4.059258 -0.654627
3.848036 -0.398540
4.034272 -0.672149
3.773128 -0.363799
4.038827 -0.440244
4.000159 -0.412894
4.181289 -0.477389
4.266803 -0.480223
4.321491 -0.752918
4.286287 -0.751371
-2.374720 1.763162
4.136432 -0.707570
4.426016 -0.749372
4.144724 -0.758652
4.409407 -0.722425
4.383698 -0.654272
4.366651 -0.624831
4.319425 -0.575964
4.312598 -0.530375
0.743989 -1.098728
0.740086 -1.037639
-2.371479 1.761849
0.732935 -1.699895
0.728022 -1.700618
0.370583 -1.718030
0.429326 -1.721430
0.186687 -1.709952
0.187615 -1.715896
0.905513 -1.867283
0.915192 -1.872650
-1.727739 0.060991
-1.720594 0.063836
-2.827433 1.833918
-1.624895 0.135744
-1.894487 -0.052791
-1.605097 0.147425
-1.882164 -0.049348
-1.445394 0.188023
-1.487525 0.177630
-1.311472 0.225407
-1.334832 0.224708
1.679429 1.499041
1.671251 1.454750
-2.739330 1.819783
1.385970 1.283464
1.413156 1.262730
1.325840 1.352645
1.307331 1.374035
2.312448 2.255746
2.350817 2.265301
2.623152 2.271955
2.586109 2.294410
2.986595 -1.678479
2.983104 -1.683362
-2.245793 1.750916
2.934603 -1.881570
2.997629 -1.541600
2.912321 -1.827585
3.009944 -1.503766
-4.011091 0.490146
-4.061054 0.463644
-2.861554 0.115351
-2.870414 0.052779
-4.007671 1.392999
-4.002826 1.428073
-2.301868 1.758997
-3.503944 1.904138
-3.528070 1.905914
-3.707803 2.262189
-3.696735 2.252179
-1.572659 1.677886
-1.560552 1.671211
-0.290897 1.313061
-0.256163 1.282218
4.261692 1.878169
4.265251 1.886677
-3.042468 1.867507
4.083756 1.558624
4.059016 1.545409
3.637878 1.124586
3.654807 1.115995
2.685310 0.847909
2.614454 0.784999
3.172125 0.489087
3.170386 0.509760
3.064183 0.004043
3.059215 0.033935
-3.080735 1.871581
1.328385 -1.932538
1.320957 -1.946413
1.510642 -1.742764
1.498333 -1.797832
1.592552 -1.907999
1.574713 -1.877150
1.633293 -1.949379
1.636451 -1.960209
-1.595414 -4.070724
-1.606141 -4.077072
-1.657512 -1.013094
-3.481830 1.899630
-1.699615 -3.911750
-1.544066 -4.155250
-1.719986 -3.878814
-1.536033 -4.174198
-1.749788 -4.025882
-1.747407 -4.009090
-1.814648 -4.137163
-1.793700 -4.124469
-0.741710 -3.291527
-0.735294 -3.330372
-3.526408 1.888146
-0.704239 -3.409613
-0.717513 -3.421965
-0.899933 -3.196925
-0.880075 -3.197558
-1.014073 -3.306253
-0.994703 -3.307966
-1.073726 -3.419946
-1.098354 -3.416523
-1.120996 -3.472322
-1.116639 -3.488924
-3.209210 1.868853
0.140757 -1.906622
0.123753 -1.960094
0.100679 -2.036862
0.099095 -2.037503
0.126246 -1.635701
0.121703 -1.627644
0.099045 -1.567559
0.102961 -1.571254
-1.236513 0.272607
-1.255842 0.243468
-3.115448 1.854427
-1.185203 0.290338
-1.147477 0.323373
-2.738378 -4.136515
-2.741681 -4.153577
-2.780377 -4.026836
-2.697035 -4.252911
-2.818760 -4.049546
-2.691474 -4.244639
-2.966009 -4.163538
-2.961940 -4.149817
-2.900832 0.869411
-3.021774 -4.230528
-3.035859 -4.233481
-2.940537 -3.984857
-2.940949 -4.008248
-3.083632 -3.951229
-3.073118 -3.966599
2.768316 2.846545
2.769884 2.849545
2.747933 2.737755
2.786498 2.977546
-2.880210 0.949811
2.759408 2.748680
2.789591 2.992017
1.251331 1.440065
1.270849 1.421096
1.210683 1.492546
1.201770 1.492716
4.078086 -0.737742
4.080346 -0.762579
4.251093 -0.484136
4.292346 -0.501225
3.302338 0.657561
2.697434 2.569287
2.700456 2.567707
2.760131 2.291473
2.730041 2.297988
2.846623 2.309042
2.853381 2.301913
0.677482 -0.711476
0.688166 -0.698432
0.632773 -0.660071
0.627020 -0.674039
3.311370 0.681793
1.185321 -2.629176
1.195682 -2.663144
1.204160 -2.759747
1.202624 -2.752874
2.803009 1.139720
2.798696 1.137357
2.775151 1.085928
2.775910 1.088344
2.762721 1.068149
2.844589 1.235465
3.657036 1.151773
2.781959 1.100256
2.764396 1.086162
2.762245 1.058418
2.845400 1.225853
2.813498 -1.941016
2.813332 -1.943127
2.755642 -2.007620
2.771600 -2.009123
-0.366717 -3.351537
-0.350121 -3.352314
3.179195 0.485913
-0.266381 -3.427041
-0.264601 -3.430117
-4.657500 -0.768429
-4.638604 -0.768435
-4.395748 -0.627717
-4.855259 -0.861878
-4.399286 -0.622679
-4.876458 -0.859116
0.061707 -2.172666
0.068319 -2.146245
-2.178961 -0.283899
3.672659 1.165209
0.044785 -2.265434
0.045964 -2.253623
3.794521 0.997578
3.752408 0.993027
3.786749 0.994320
3.751899 1.040065
3.765767 1.004770
3.753825 1.019860
1.696824 -1.219300
1.690412 -1.224325
3.174111 0.510505
1.743505 -1.166362
1.731725 -1.184016
1.532038 -1.780331
1.529589 -1.796963
1.119847 -2.083970
1.132527 -2.095977
2.043982 2.260841
2.083248 2.240113
-1.460941 -2.024567
-1.457164 -1.992571
3.412019 0.780695
-1.478955 -2.030698
-1.434878 -2.001678
-1.452870 -2.004225
-1.439213 -1.971036
-1.360254 1.954371
-1.315595 1.982947
-1.371897 1.947807
-1.423334 1.892941
-1.340910 1.970128
-1.386167 1.916685
3.410497 0.804600
4.468044 2.210362
4.464036 2.175667
4.464729 2.201549
4.429926 2.145995
4.470755 2.212919
4.464786 2.169778
4.412371 2.099926
4.489728 2.204583
3.047052 -1.476879
3.038450 -1.518435
3.343567 1.036223
-1.824390 -4.145289
-1.851881 -4.121940
0.184340 -1.714570
0.185609 -1.711256
2.748366 2.733291
2.732422 2.701488
1.324081 1.360733
1.333638 1.359951
-0.710517 -3.466493
-0.705887 -3.448405
3.397618 1.047269
-2.656593 -4.266959
-2.650932 -4.292163
-1.615466 0.169686
-1.622053 0.156960
-1.517395 -4.206174
-1.519641 -4.195476
1.562878 1.085587
1.578495 1.060128
2.572048 2.284615
2.595207 2.276609
2.730219 0.867822
1.152760 -2.529314
1.172201 -2.571791
0.765700 -0.805660
0.794877 -0.755980
4.298386 1.426406
4.289402 1.432857
4.299993 1.425086
4.232274 1.464496
4.296214 1.430494
4.219070 1.453506
2.664417 0.811274
2.937826 -1.873205
2.937932 -1.890125
0.746081 0.827682
0.745318 0.834048
0.749849 0.817133
0.746178 0.790774
0.754799 0.844041
0.736417 0.838448
-3.103614 -3.943272
-3.086872 -3.926551
3.880794 1.355302
-1.146234 0.324994
-1.149765 0.325570
1.173781 1.529591
1.181983 1.524377
1.619846 2.029989
1.618174 2.028205
1.673417 1.953742
1.676781 1.964646
1.968956 2.518440
1.959495 2.535710
3.889449 1.378471
1.983617 2.487077
1.988668 2.470921
-1.127957 -3.491627
-1.131228 -3.496364
0.043065 -2.285301
0.042054 -2.296232
4.536692 2.339240
4.533759 2.333667
4.528615 2.300690
4.519876 2.267078
-1.727327 -0.922432
4.048688 1.532507
4.905653 3.083435
4.893266 3.068320
4.832136 3.029781
4.837940 3.054868
4.585364 3.114271
4.589185 3.105985
4.587018 3.069406
4.586363 3.059632
4.842347 2.832053
4.873875 2.801686
4.026947 1.510827
4.800038 2.858261
4.803436 2.855340
2.752759 -2.032816
2.771148 -2.030018
-4.984131 -1.072656
-4.987206 -1.078614
-4.968402 -1.043389
-4.967981 -1.030294
-5.142436 -0.862770
-5.101231 -0.856247
3.820769 1.309651
-5.040999 -0.850048
-5.045222 -0.848711
-4.258025 0.606034
-4.251089 0.603201
-4.215576 0.583279
-4.225718 0.579575
-4.267091 0.242267
-4.284656 0.233898
-4.229623 0.266613
-4.229233 0.268446
3.819369 1.301817
-4.352063 0.190203
-4.356839 0.181672
-4.287367 0.235601
-4.309906 0.224539
-4.525791 0.560217
-4.524920 0.558856
-4.462734 0.551086
-4.465875 0.550575
-4.244155 1.516666
-4.231466 1.510437
3.816022 1.296406
-4.189321 1.502200
-4.187212 1.501978
-4.250938 1.215188
-4.231644 1.238629
-4.198838 1.264624
-4.195462 1.259591
-4.014164 2.404047
-4.007423 2.403310
-3.974587 2.383844
-3.982096 2.384896
3.900297 1.390023
-3.781966 2.537702
-3.784504 2.541065
-3.772955 2.496101
-3.771835 2.483484
2.794642 3.025381
2.793648 3.031182
2.883324 2.300330
2.895590 2.308685
2.870086 1.263094
2.861749 1.264818
2.334687 -0.999368
1.203783 -2.790493
1.207009 -2.790783
-0.237663 -3.452088
-0.232449 -3.454794
0.096980 -1.550211
0.091592 -1.538183
0.613671 -0.649278
0.617553 -0.645893
-4.366081 -0.785012
-4.361871 -0.781352
2.351414 -1.027404
-4.348331 -0.719012
-4.357177 -0.720097
-4.533519 -0.576589
-4.524026 -0.582966
-4.482623 -0.595981
-4.508541 -0.578150
2.897177 -2.226263
2.896208 -2.242776
2.890348 -2.143360
2.897060 -2.182562
1.782784 -1.108891
3.129825 -2.149860
3.132125 -2.156502
3.115820 -2.095477
3.133851 -2.117269
-3.062433 -4.272007
-3.061231 -4.266553
1.740712 -1.166019
1.748453 -1.159476
1.491306 -1.816778
1.484430 -1.784256
2.586024 -0.890937
1.133284 -2.084030
1.136672 -2.074497
1.801741 1.900331
1.819549 1.898540
2.053508 2.296868
2.070495 2.278885
1.302577 -0.588629
1.303540 -0.609311
1.309570 -0.596238
1.312680 -0.590784
-1.963235 -0.560410
1.803282 -1.126425
-1.024070 -3.322317
-1.032347 -3.332333
3.064212 -1.533635
3.053913 -1.553375
-1.810798 -4.157975
-1.828884 -4.145222
0.161525 -1.708392
0.181442 -1.726782
-1.330979 0.218113
-1.321114 0.220938
2.598664 -1.042586
2.782788 2.767058
2.768926 2.742149
1.304358 1.363185
1.313613 1.351561
-0.665502 -3.484751
-0.672666 -3.474247
0.739867 -1.711888
0.738654 -1.707601
-2.677436 -4.292638
-2.668949 -4.298017
2.070442 -1.024400
-1.623518 0.162411
-1.653259 0.149825
3.135082 -0.268154
3.111851 -0.246137
3.128716 -0.238769
3.137403 -0.220167
-1.481058 -4.230199
-1.480278 -4.229576
1.552132 1.121691
1.574152 1.047542
1.986042 -1.078861
2.643848 2.269227
2.649211 2.252175
0.754890 -0.804614
0.764564 -0.791142
1.193164 -2.520912
1.225031 -2.499839
1.658750 -1.980655
1.673710 -1.995872
2.929910 -1.886742
2.930740 -1.873233
-2.378385 -3.722408
-0.430331 -3.318594
-0.438858 -3.283047
4.470118 -0.742436
4.460561 -0.754111
0.105795 -2.022382
0.105303 -2.023390
-3.137936 -3.975341
-3.120245 -3.974149
-3.846112 0.233884
-3.843966 0.220410
-2.386195 -3.702098
-3.858209 0.249836
-3.863262 0.244930
-4.927956 -0.974492
-4.937245 -0.954703
-4.977671 -0.830858
-4.981004 -0.839790
-4.362583 0.527181
-4.386485 0.533481
-4.153253 0.347690
-4.166388 0.341588
-2.348965 -3.680595
-4.147404 0.514760
-4.159223 0.508020
-4.206563 0.312639
-4.215769 0.321679
-3.887865 -0.176226
-3.885396 -0.159028
-4.360887 -0.689984
-4.367843 -0.686721
-4.445117 -0.613945
-4.447167 -0.614761
-2.358157 -3.744351
2.919335 -2.066431
2.907335 -2.035690
3.075136 -2.026457
3.079200 -2.039271
-4.141424 1.286215
-4.167974 1.275718
-4.109272 1.471023
-4.104585 1.469274
-3.859220 2.321486
-3.826358 2.298906
-2.352722 -3.696274
-3.727461 2.333397
-3.746604 2.383116
4.520330 2.590370
4.482987 2.529697
4.684755 2.894034
4.638690 2.888512
4.773770 2.972943
4.782983 3.034818
4.579593 3.003316
4.590771 2.986802
-2.361768 -3.743224
4.757193 2.853609
4.766974 2.847684
1.725795 1.904797
1.732768 1.892346
2.027713 2.403654
2.013434 2.413076
2.739816 2.006602
2.753978 1.992774
-1.953303 -0.103426
-1.969061 -0.120668
-1.975232 -0.544924
-2.355422 -3.699663
-1.781922 -3.712394
-1.782426 -3.701475
-2.592787 -3.896222
-2.571823 -3.872793
1.617447 -1.466483
1.667073 -1.372002
1.714173 -1.211658
1.754980 -1.175131
-0.007380 -1.514746
-0.035535 -1.539170
-2.352698 -3.704143
-0.925511 -2.863781
-0.918852 -2.900422
1.313385 -0.584244
1.304153 -0.568431
2.820087 -1.629888
2.764953 -1.552037
3.338473 -0.130199
3.361787 -0.140763
3.098791 -0.110815
3.147259 -0.119936
1.535853 -0.836415
1.819703 0.760054
1.816168 0.768057
2.927624 -1.386104
2.933452 -1.379031
0.899616 0.207900
0.851512 0.215645
-1.645525 -1.016177
-1.673681 -1.056080
-1.659085 -1.060827
-1.627338 -1.021538
1.508600 -0.803876
-1.887053 -1.227192
-1.712565 -1.001160
-1.740283 -1.024281
-1.712065 -1.053864
-1.889458 -1.245337
-1.737079 1.604239
-1.648172 1.515518
-1.699710 1.611692
-1.703432 1.595747
-1.744521 1.943014
1.257223 -0.495852
-1.699611 1.586300
-1.676216 1.547737
-1.705067 1.551421
-1.751257 1.937102
-2.982705 0.062405
-2.961752 0.016358
-2.986095 0.087523
-2.998854 0.040365
-2.925405 0.262374
-2.967670 0.050546
1.298292 -0.546909
-2.933338 -0.025752
-2.911455 0.085577
-2.924208 0.238432
-2.799801 1.784265
-2.826060 1.738149
-2.781602 1.758146
-2.797227 1.793943
-2.709060 2.189526
-2.750551 1.766857
-2.779803 1.783087
0.708315 -1.247581
-2.741364 1.732609
-2.710925 2.160119
-0.259550 1.420600
-0.270798 1.373675
-0.341479 1.395251
-0.301693 1.411321
-0.383636 1.213601
-0.208250 1.336825
-0.224646 1.346648
-0.231829 1.370805
0.764046 -1.238391
-0.386758 1.164559
2.015339 0.428292
1.969830 0.402848
2.023069 0.427206
2.018060 0.414017
2.143224 0.530276
2.019766 0.407962
1.968379 0.406529
2.012120 0.441882
2.164732 0.541467
-0.053732 -1.281896
-2.834049 1.710536
-2.875934 1.693389
-2.704559 1.697358
-2.715647 1.724154
-2.895912 2.003372
-2.910480 2.041468
-2.933277 2.066478
-2.909973 2.056492
-2.883912 1.979007
-2.911456 2.078921
-0.202998 -1.347549
-2.920109 2.072093
-2.896621 2.083588
-2.852278 1.892962
-2.705595 2.236953
-2.692254 2.257633
-2.701989 2.267317
-2.690142 2.266675
-1.594302 1.475900
-1.600592 1.467625
-1.737115 1.500954
-1.867469 -0.737771
-1.580003 -3.091926
-1.752939 1.498764
-1.624223 1.835648
-1.601417 1.895256
-1.592120 1.883426
-1.601845 1.890697
-1.609735 1.802889
-1.570266 1.924496
-1.626384 1.851429
-1.576538 1.879790
-1.661380 1.694220
-1.623092 -3.142726
-1.733514 2.103961
-1.752755 2.065314
-1.740829 2.179610
-1.750736 2.148294
-0.189478 1.297129
-0.247028 1.344153
-0.282636 1.450552
-0.306085 1.408452
-0.301939 1.627577
-0.303575 1.659768
-1.101020 -2.301289
-0.299611 1.683965
-0.298492 1.669978
-0.336420 1.520883
-0.296878 1.726111
-0.310552 1.716824
-0.292231 1.684095
-0.332763 1.441082
-0.436221 1.103781
-0.422313 1.115106
-0.450509 1.088718
-1.880661 -3.565007
-0.444649 1.095177
1.902850 0.352291
1.903969 0.359990
2.021798 0.439970
2.030864 0.432090
2.055023 0.176234
2.036293 0.122228
2.043606 0.134374
2.046770 0.135603
2.093890 0.226488
-1.139403 -2.181377
2.001915 0.067174
2.042366 0.115184
2.056290 0.129545
2.092285 0.364830
2.185356 0.596121
2.186846 0.593732
2.195139 0.626887
2.184389 0.617610
-1.758199 -1.093175
-1.765675 -1.121876
-1.852367 -3.544134
-1.702419 -1.066733
-1.671403 -1.092910
-1.472909 -0.926202
-1.449718 -0.908549
-1.451896 -0.915185
-1.387929 -0.899157
-1.517701 -0.903972
-1.392142 -0.883446
-1.417984 -0.899744
-1.371294 -0.876642
-0.775302 -2.014991
-1.691605 -0.905626
-1.965340 -1.350729
-1.964781 -1.358565
-1.995345 -1.393321
-1.998052 -1.400434
-2.906229 -0.125394
-2.900616 -0.120553
-3.022015 0.140700
-3.008072 0.172780
-3.026438 -0.272535
-0.737905 -1.924368
-3.027514 -0.296420
-3.026428 -0.288854
-3.025402 -0.292541
-2.989983 -0.165955
-3.034268 -0.308026
-3.067659 -0.340417
-3.044076 -0.327654
-2.952219 -0.049603
-2.906807 0.338000
-2.901974 0.318640
-1.238333 -2.116126
-2.887298 0.379799
-2.869217 0.422785
-1.231755 -2.109092
-1.880122 -0.724118
-1.368486 -1.907609
-1.368749 -1.875571
-1.246639 -2.101457
-1.256724 -2.078240
-0.870790 1.502638
-0.803828 1.461687
-0.339493 1.364708
-0.248406 1.307658
-0.871714 1.485747
-1.125457 1.544088
