882 2
-1.099614 -1.823231
-1.070025 -1.809537
-2.084331 -0.670691
-1.188108 1.377017
-1.189065 1.374943
-0.581426 1.613021
-0.475923 1.589700
-3.817898 -1.980403
-3.762973 -2.009972
-3.953482 -1.822057
-3.530511 -2.344780
-4.019664 -1.710377
-3.443557 -2.285228
-2.120867 -0.651120
1.355052 -3.856285
1.460226 -3.888942
0.690639 0.862718
0.639072 0.876296
-0.000798 1.026157
0.027132 1.000852
0.059377 1.317872
0.099290 1.411716
0.303702 1.903584
0.266910 1.895999
-2.432904 0.162361
-0.724175 1.041230
-0.787028 1.036484
0.214665 0.467405
0.295869 0.344177
-0.177274 1.192309
-0.227421 1.284288
1.311201 2.315776
1.277686 2.321465
1.719506 2.495060
1.676636 2.491561
-2.475637 0.149922
1.567813 2.700627
1.558027 2.689223
1.477051 2.836768
1.455593 2.840657
1.585244 2.683136
1.570652 2.711265
1.915106 2.091796
1.840045 2.187943
1.909334 2.087069
1.910178 2.017250
-1.749092 -1.869689
-3.949649 -1.187689
-3.975302 -1.323299
-4.132690 -0.772831
-4.179243 -0.769400
-4.345299 -0.732060
-4.288713 -0.763670
-4.131839 -0.772331
-4.180348 -0.764318
-0.115810 2.369202
-0.139689 2.315358
-1.798605 -1.857202
1.003034 2.911140
1.122777 2.919426
0.240100 2.548074
0.233672 2.528847
1.148686 4.710829
1.154477 4.643149
1.169060 4.891227
1.166278 4.824497
1.137065 4.606771
1.140562 4.663640
-2.360965 -1.941415
1.137517 4.657357
1.139443 4.678261
2.247554 1.618021
2.204931 1.647069
2.432993 1.586578
2.444804 1.618395
-2.503972 -2.008072
-2.543742 -2.080477
-2.836918 -2.253226
-2.747442 -2.236656
-2.330397 -1.921659
-2.541305 -2.061426
-2.576328 -2.102947
-2.555722 -2.056906
-2.638276 -2.142054
-0.066993 -1.964597
-0.092696 -1.952526
-0.187300 -1.927698
-0.174151 -1.927725
-0.206132 -1.544200
-0.272228 -1.554403
-1.772972 -1.863984
2.475877 -0.564231
2.469391 -0.565679
2.255627 -0.440894
2.720001 -0.688768
2.195588 -0.404161
2.711678 -0.689839
0.914776 1.935623
0.904027 1.913780
0.915785 1.688788
0.912689 2.467479
-1.849965 -1.876034
0.882118 1.718019
0.920878 2.394585
1.255952 -2.565565
1.282947 -2.600590
1.217951 -2.650114
1.323298 -2.496444
1.264338 -2.697321
1.346440 -2.492862
0.793199 0.291567
0.752858 0.340322
-1.608093 -1.843428
-1.889680 -1.892401
0.487668 0.724754
1.015075 0.026647
0.485464 0.717748
0.987156 0.068200
0.469935 0.939803
0.499284 0.951284
0.437169 1.142758
0.477479 1.102172
2.714483 2.884810
2.740863 2.885150
-1.918450 -1.888361
2.889114 2.898814
2.527835 2.876078
2.946600 2.923990
2.517898 2.891793
2.625467 3.000379
2.618654 2.992847
2.728214 3.106731
2.729726 3.098452
3.092523 3.055735
3.103663 3.070103
-2.817176 -0.121472
3.018155 2.961438
3.107054 3.142758
3.013137 2.965867
3.121552 3.142608
2.991327 3.165765
2.977491 3.167010
2.847336 3.151965
2.838947 3.154073
1.272971 -0.217386
1.278733 -0.218441
-2.765783 -0.089371
1.544618 -0.432574
1.611494 -0.452304
1.449655 -0.714494
1.452621 -0.660903
1.302577 -0.892247
1.339821 -0.876396
2.036724 -0.438555
1.921578 -0.438872
-1.360796 -2.633875
-1.350185 -2.681998
-3.284125 -0.501745
-1.247977 -2.988342
-1.443427 -2.362650
-1.258118 -2.968811
-1.435268 -2.443841
-1.166669 -3.239029
-1.173422 -3.223230
-1.124735 -3.354351
-1.120809 -3.361237
0.596824 1.307564
0.608246 1.324332
-3.309643 -0.521379
0.213809 0.866053
0.188768 0.840427
0.043590 0.671185
0.045744 0.685393
0.893902 2.817650
0.887589 2.845345
0.908831 3.043096
0.868144 3.053495
2.873607 1.492879
2.880912 1.503743
-2.945297 -0.240159
3.053214 1.395014
2.678770 1.589089
3.045450 1.415787
2.679936 1.589457
-3.460617 -2.342622
-3.442544 -2.300459
-2.328135 -1.986511
-2.306926 -2.011287
-3.993970 -1.771972
-4.012306 -1.745495
-2.972105 -0.257567
-3.938839 -0.821207
-3.921808 -0.815127
-4.367639 -0.740782
-4.329160 -0.754737
-2.372345 0.206349
-2.368788 0.166423
-1.772133 1.110391
-1.751043 1.119707
1.146441 4.878916
1.138081 4.882471
-3.679185 -0.720326
1.128817 4.438706
1.136955 4.405744
1.109505 3.915376
1.112561 3.929736
0.238565 2.768247
0.218124 2.758072
1.367375 3.013903
1.344446 3.028215
1.742164 2.512066
1.718607 2.519269
-3.596534 -0.656801
2.224013 -0.248785
2.221167 -0.151743
2.176350 0.152822
2.211411 0.050564
2.316947 0.138741
2.291186 0.143059
2.429704 0.116309
2.446344 0.143087
0.842921 -4.123751
0.824194 -4.128935
-0.527370 -1.796246
-3.933662 -0.799182
0.940660 -4.152245
0.701301 -4.158543
0.913517 -4.142479
0.710037 -4.153465
0.944222 -4.254209
0.933266 -4.299795
0.964318 -4.348576
0.937424 -4.386608
1.198711 -2.794006
1.206626 -2.824089
-3.907331 -0.762780
1.182341 -2.894904
1.188229 -2.879826
1.412374 -2.713465
1.450032 -2.753526
1.573650 -2.792917
1.564409 -2.796544
1.687105 -2.823481
1.689678 -2.823492
1.818656 -2.862094
1.822073 -2.866245
-3.603355 -0.656268
1.417390 -1.010123
1.452473 -0.988173
1.573804 -1.182529
1.589541 -1.203489
1.209949 -0.970802
1.225580 -0.968765
1.131449 -1.027607
1.153003 -1.007998
-1.064671 -3.495409
-1.068090 -3.493608
-3.546177 -0.634496
-1.042974 -3.553574
-1.036118 -3.564639
2.247958 -4.508559
2.241232 -4.536024
2.204716 -4.329247
2.260581 -4.596150
2.240529 -4.344900
2.259671 -4.605499
2.443401 -4.434220
2.447488 -4.439193
-2.656082 -1.364741
2.535589 -4.484620
2.524868 -4.478665
2.355787 -4.259270
2.347112 -4.284417
2.489299 -4.204605
2.446161 -4.232596
0.378832 3.575562
0.340077 3.601201
0.486007 3.458760
0.311296 3.631369
-2.666003 -1.364910
0.491848 3.448675
0.289936 3.653840
-0.066917 0.593872
-0.075539 0.577956
-0.144985 0.513311
-0.157612 0.499317
2.980269 2.918740
2.972353 2.921163
2.802854 3.141299
2.795567 3.139542
1.198690 3.584251
0.684466 3.277078
0.712446 3.218436
0.860626 3.076958
0.864104 3.075509
0.813727 3.120934
0.816528 3.123754
1.063279 -0.005692
1.092267 -0.041714
1.101419 -0.031802
1.087377 -0.005191
1.210464 3.487568
2.842557 -0.756540
2.827680 -0.746818
2.936639 -0.807716
2.924504 -0.799396
-0.144563 2.998042
-0.147085 3.002976
-0.144257 2.983620
-0.144366 2.996337
-0.100426 2.990937
-0.275651 3.107589
1.120127 3.822358
-0.135816 2.992150
-0.127544 2.988571
-0.082771 2.960070
-0.280794 3.109964
3.150325 1.309656
3.109783 1.312907
3.178799 1.210324
3.225106 1.228329
1.383496 -2.424018
1.368703 -2.432669
1.367016 2.979739
1.403455 -2.370940
1.419305 -2.358156
-2.650467 -3.666963
-2.668517 -3.597703
-2.676205 -3.469348
-2.632227 -3.843112
-2.714681 -3.413130
-2.636098 -3.865766
1.652371 -1.264270
1.643783 -1.250064
-1.619256 -1.799232
1.125233 3.927255
1.702614 -1.310306
1.709163 -1.319290
1.266426 3.872649
1.263636 3.872589
1.276807 3.864399
1.252448 3.861175
1.293187 3.871204
1.250998 3.863331
1.895957 0.605275
1.885903 0.604840
1.312351 2.957335
1.894119 0.655859
1.917507 0.633591
2.218805 0.029165
2.221969 0.045958
2.256069 -0.442531
2.270819 -0.452671
0.910544 2.437611
0.911897 2.450072
0.139706 -2.176288
0.145998 -2.188129
1.283413 3.283726
0.120522 -2.167913
0.135635 -2.148871
0.145360 -2.187820
0.144059 -2.178059
-2.117986 0.158691
-2.134779 0.156940
-2.118815 0.158192
-2.140013 0.160343
-2.139764 0.155976
-2.215107 0.155640
1.285976 3.229434
1.410351 5.164244
1.416244 5.175091
1.416196 5.170565
1.329621 5.075004
1.419863 5.176262
1.415520 5.184590
1.372907 5.126170
1.451133 5.221055
2.703059 1.644335
2.704430 1.638633
0.814470 3.521755
0.961828 -4.366045
0.965593 -4.368041
1.335361 -0.866349
1.318507 -0.888538
0.475161 3.478698
0.490117 3.469825
0.007680 0.643265
0.000335 0.634762
1.217735 -2.934771
1.199911 -2.923314
0.855688 3.576203
2.285078 -4.643116
2.273882 -4.647922
-1.263000 -2.956464
-1.268239 -2.950710
0.678193 -4.172860
0.681373 -4.171998
0.493172 1.108752
0.460849 1.140841
0.884856 3.055304
0.893431 3.054974
0.268220 2.751855
2.703981 -0.678938
2.689602 -0.658634
0.942150 0.047593
0.954228 0.037064
0.924877 4.492894
0.895161 4.500461
0.903578 4.497128
0.927514 4.486159
0.896255 4.499111
0.924488 4.496893
0.236276 2.802965
3.004893 1.446008
3.006506 1.418430
-0.674673 1.698997
-0.685478 1.724668
-0.673836 1.696111
-0.650338 1.663195
-0.684754 1.719581
-0.635545 1.683423
2.539461 -4.180039
2.542327 -4.175564
1.125305 4.288640
-1.026963 -3.589748
-1.032335 -3.578989
-0.171006 0.484636
-0.162077 0.496608
1.094433 1.631850
1.109118 1.627786
1.019944 1.657632
1.049228 1.651158
1.023143 2.429765
1.038558 2.427018
1.128404 4.287711
1.009353 2.424551
1.005215 2.424822
1.840647 -2.869512
1.838490 -2.868079
1.744067 -1.351974
1.737562 -1.343322
1.535065 5.340099
1.536322 5.340575
1.529279 5.325915
1.507914 5.298630
-0.560290 -1.782787
1.137239 4.403195
0.792359 5.762393
0.787601 5.776815
0.804106 5.740497
0.811527 5.700798
0.613934 5.503123
0.656413 5.507497
0.705102 5.487757
0.702651 5.458794
0.515091 5.714013
0.524661 5.702328
1.128217 4.413800
0.555148 5.667674
0.535564 5.695235
3.240697 1.195964
3.224537 1.199792
-2.721876 -4.079681
-2.733109 -4.083175
-2.730081 -4.072888
-2.708070 -4.045449
-2.455943 -4.074004
-2.437813 -4.085073
1.126538 4.206547
-2.467498 -4.046649
-2.471871 -4.054430
-3.670638 -2.230508
-3.672955 -2.211482
-3.602557 -2.256687
-3.623078 -2.257834
-3.377682 -2.610587
-3.379391 -2.613302
-3.400968 -2.585473
-3.388677 -2.575296
1.125583 4.210357
-3.627994 -2.602380
-3.612412 -2.598188
-3.589177 -2.539150
-3.600294 -2.526450
-3.854783 -2.346369
-3.862641 -2.355045
-3.752331 -2.361275
-3.779666 -2.370637
-4.232749 -1.874411
-4.224000 -1.873443
1.137567 4.205305
-4.200881 -1.870285
-4.194497 -1.858950
-4.169297 -1.635434
-4.165990 -1.646598
-4.125664 -1.655421
-4.143821 -1.664270
-4.681087 -0.625354
-4.662648 -0.638452
-4.549423 -0.677240
-4.597962 -0.665853
1.134949 4.144013
-4.555940 -0.846154
-4.600224 -0.890676
-4.570989 -0.871632
-4.522112 -0.823911
0.263711 3.676612
0.291080 3.648485
0.801161 3.134803
0.787405 3.152780
-0.312843 3.135329
-0.299910 3.122308
1.956129 1.180139
2.965669 -0.818010
2.955208 -0.813053
1.443701 -2.286257
1.422581 -2.324155
1.153568 -1.009295
1.146511 -1.014349
1.110846 -0.006832
1.093771 0.012825
-2.914517 -3.468003
-2.901053 -3.471674
1.992358 1.298288
-2.850165 -3.439387
-2.848974 -3.420289
-2.531267 -3.402597
-2.556968 -3.394656
-2.639187 -3.356966
-2.603335 -3.374202
3.209793 1.605011
3.210715 1.614458
3.177368 1.581604
3.175848 1.573278
1.814374 0.804148
3.307945 1.375218
3.300914 1.373693
3.254778 1.394121
3.277981 1.408287
2.581838 -4.508582
2.559657 -4.492933
1.918470 0.642679
1.923282 0.638072
2.211049 0.090825
2.189273 0.112744
2.109087 1.659631
2.244710 -0.425328
2.256470 -0.440319
0.865009 1.702958
0.894479 1.695426
0.952844 2.393451
0.930673 2.436462
1.213688 0.690475
1.207885 0.692400
1.182050 0.717458
1.194575 0.710700
-1.040503 -1.800595
1.843011 0.735943
1.587174 -2.811925
1.575819 -2.799152
2.686159 1.618318
2.695613 1.616718
0.929689 -4.417718
0.923639 -4.447851
1.351373 -0.873660
1.334746 -0.869952
-1.107160 -3.401077
-1.098558 -3.419195
2.125619 1.632386
0.478223 3.452946
0.467559 3.468679
0.060082 0.680207
0.050298 0.653473
1.164021 -2.886166
1.160195 -2.905490
1.622190 -0.432615
1.603877 -0.458766
2.249181 -4.645735
2.269848 -4.639391
1.956469 1.150489
-1.258939 -2.964966
-1.255044 -2.965226
1.861250 2.571830
1.873026 2.560669
1.873840 2.564156
1.849426 2.574406
0.706033 -4.161477
0.702050 -4.163954
0.483475 1.093240
0.450584 1.089972
1.935624 1.089284
0.871340 3.064766
0.880396 3.059330
1.004302 0.028982
1.021329 0.011662
2.762892 -0.720549
2.761322 -0.722110
2.460210 0.127364
2.480306 0.116454
2.964297 1.386032
2.964539 1.363177
1.728192 -4.103312
1.337404 -2.497513
1.317565 -2.512198
3.159727 3.165385
3.174232 3.170635
1.594013 -1.206126
1.589133 -1.201257
2.504275 -4.206774
2.512450 -4.201309
-3.091611 -2.261079
-3.187675 -2.271714
1.718026 -4.095137
-3.008391 -2.265448
-3.198607 -2.273561
-2.681598 -3.975900
-2.668305 -3.948659
-2.501652 -3.987550
-2.509355 -4.011505
-3.627723 -2.360053
-3.651008 -2.373115
-3.430596 -2.495968
-3.421518 -2.470696
1.721492 -4.111120
-3.551127 -2.283131
-3.559487 -2.266767
-3.546684 -2.440133
-3.545919 -2.437788
-2.761661 -2.844177
-2.747256 -2.839937
-2.769017 -3.425072
-2.803435 -3.404032
-2.638678 -3.389043
-2.688220 -3.377548
1.709680 -4.051526
3.140533 1.559286
3.117518 1.519795
3.160066 1.394308
3.147349 1.398736
-4.092378 -1.678453
-4.084329 -1.681027
-4.114049 -1.855270
-4.099245 -1.806893
-4.488424 -0.691713
-4.490011 -0.695595
1.722928 -4.126174
-4.493381 -0.825798
-4.449715 -0.808377
0.960389 5.157420
0.925880 5.196856
0.789467 5.457219
0.804730 5.453865
0.818728 5.667141
0.809339 5.614747
0.738885 5.475516
0.737604 5.472503
1.695096 -4.037420
0.638256 5.617950
0.685986 5.547937
0.982907 1.677560
0.973157 1.684790
0.991623 2.421241
0.970428 2.407433
1.070829 3.015494
1.123558 3.008562
-1.512138 -2.183581
-1.526021 -2.162036
-0.984500 -1.767824
1.711320 -4.074146
1.058874 -3.917518
1.040919 -3.878551
1.991495 -4.212365
2.045978 -4.242412
2.054446 0.351090
2.042192 0.375606
1.868000 0.717996
1.873550 0.701395
1.139726 -0.834567
1.142457 -0.772830
1.715280 -4.108140
0.794439 -2.442415
0.788012 -2.440160
1.165496 0.738078
1.169232 0.740614
2.578267 1.509188
2.543657 1.525845
2.281568 2.763159
2.271340 2.760356
1.820535 2.562102
1.813777 2.594875
1.348424 0.792391
0.389099 1.336320
0.361243 1.437772
2.560006 1.586170
2.560892 1.589635
0.177586 0.921818
0.242265 0.870764
-0.564317 -1.805611
-0.518571 -1.780962
-0.520513 -1.824421
-0.525690 -1.768116
1.314633 0.802297
-0.541769 -2.009206
-0.565483 -1.807122
-0.569104 -1.800238
-0.486874 -1.866447
-0.558462 -2.022021
-2.467792 0.264428
-2.450264 0.306999
-2.405610 0.273212
-2.467690 0.258785
-2.668646 0.210048
1.095267 0.801115
-2.452528 0.181515
-2.422880 0.241846
-2.418865 0.193522
-2.617055 0.204447
-2.276111 -1.826879
-2.299566 -1.829883
-2.248294 -1.824912
-2.292222 -1.838391
-2.281013 -2.158567
-2.286237 -1.856388
1.133995 0.812382
-2.281747 -1.839690
-2.233518 -1.858677
-2.294262 -2.180111
-3.138251 -0.582913
-3.149901 -0.608845
-3.156567 -0.590075
-3.209000 -0.572818
-3.291940 -0.317066
-3.174032 -0.622662
-3.162128 -0.642293
1.277871 -0.132041
-3.185705 -0.584986
-3.340639 -0.350439
-1.761923 1.158822
-1.821400 1.193801
-1.804031 1.220634
-1.727356 1.197495
-1.943233 1.353182
-1.781724 1.191534
-1.825909 1.150239
-1.779676 1.214529
1.281617 -0.126901
-1.944805 1.360810
0.237654 1.973446
0.215515 2.010484
0.231453 1.984144
0.203085 1.953348
0.380391 1.760964
0.248763 1.938765
0.225672 1.972518
0.235146 1.946479
0.386503 1.753021
0.872563 -0.702396
-3.132529 -0.705397
-3.119718 -0.713487
-3.105965 -0.571081
-3.129107 -0.555247
-3.439350 -0.556044
-3.487940 -0.526213
-3.498997 -0.536954
-3.476086 -0.535891
-3.395869 -0.521133
-3.458334 -0.498580
0.940412 -0.534232
-3.506132 -0.530110
-3.518095 -0.571432
-3.367455 -0.485217
-3.381551 -0.241037
-3.380490 -0.268705
-3.443975 -0.185722
-3.444006 -0.187089
-2.403942 0.293536
-2.440837 0.312772
-2.357769 0.209223
-1.136408 -1.819248
0.770866 -2.856230
-2.354275 0.274282
-2.646077 0.445202
-2.647450 0.440522
-2.666783 0.472434
-2.665367 0.469201
-2.606120 0.379506
-2.679709 0.441840
-2.694201 0.508182
-2.709131 0.489311
-2.501635 0.271651
0.805398 -2.959866
-2.833392 0.260188
-2.810039 0.265183
-2.853371 0.282979
-2.857668 0.280189
-1.829825 1.177301
-1.855025 1.192655
-1.774576 1.270031
-1.837917 1.325056
-1.589736 1.129041
-1.555634 1.106019
0.601512 -2.304647
-1.529878 1.087725
-1.562118 1.087434
-1.660650 1.087283
-1.524574 1.139881
-1.563652 1.081425
-1.549655 1.081374
-1.767211 1.067169
-1.992062 1.422908
-1.996383 1.428699
-2.024159 1.473570
1.195213 -3.798884
-2.036821 1.489045
0.216818 2.056585
0.213072 2.048665
0.201642 2.078230
0.206906 2.104605
0.039548 1.871409
-0.027889 1.844360
-0.033812 1.852245
-0.013146 1.845519
0.113501 1.870524
0.606816 -2.277537
-0.059250 1.836415
-0.092522 1.878650
-0.035707 1.847576
0.162474 1.830139
0.431456 1.714583
0.444790 1.714585
0.476171 1.677350
0.478160 1.675546
-0.561409 -1.750458
-0.523796 -1.771177
1.156050 -3.752260
-0.543533 -1.862054
-0.538408 -1.857581
-0.498704 -1.526277
-0.495921 -1.493869
-0.487692 -1.463452
-0.489660 -1.462476
-0.492816 -1.553427
-0.494971 -1.467748
-0.483679 -1.465135
-0.484724 -1.448159
0.713873 -1.415383
-0.505464 -1.691742
-0.577147 -2.144133
-0.573056 -2.139909
-0.590693 -2.211230
-0.585771 -2.203500
-2.357815 -1.741965
-2.346166 -1.747826
-2.158234 -1.794095
-2.183623 -1.823145
-2.323925 -1.651414
0.666370 -1.576841
-2.333770 -1.580507
-2.326916 -1.588414
-2.339421 -1.545153
-2.343520 -1.684677
-2.340803 -1.517684
-2.312212 -1.523233
-2.326850 -1.507358
-2.364441 -1.895838
-2.256076 -2.303413
-2.286216 -2.260043
0.409396 -2.222657
-2.263972 -2.358773
-2.268892 -2.337915
0.379771 -2.189084
-0.884516 -1.783369
0.105605 -2.071076
0.102249 -2.061728
0.403249 -2.217142
0.348435 -2.167472
-1.944113 0.897206
-1.997503 0.815636
-1.744513 1.140795
-1.765979 1.076531
-1.981928 0.859322
-1.933390 0.927575
