882 2
0.967494 -1.869743
1.070325 -1.807725
-0.369016 -1.862919
-0.980390 0.312461
-0.970386 0.370844
-0.964323 0.871449
-0.962030 0.809969
-0.985159 -4.110512
-0.972868 -4.099082
-1.438410 -4.115334
-0.376224 -4.103155
-1.394681 -4.126432
-0.358946 -4.052478
-0.549578 -1.772111
3.857170 -1.593068
3.832378 -1.595976
0.037553 1.192940
0.047984 1.228981
-0.275294 0.890586
-0.220560 1.043417
-0.557551 1.585994
-0.506869 1.539834
-0.791146 1.998787
-0.708052 2.010605
-1.208541 -1.586418
-0.399169 0.678922
-0.486601 0.577782
1.018570 0.397649
0.983832 0.383189
-0.604196 0.857210
-0.580321 0.854963
-0.647019 2.769524
-0.639503 2.820040
-0.624053 3.123446
-0.661713 3.134956
-1.276404 -1.618899
-0.881709 3.166028
-0.945335 3.159021
-0.800634 3.159418
-0.897380 3.165604
-0.962424 3.160205
-0.873346 3.144888
-0.102960 3.069438
-0.020337 3.059542
0.249210 2.995624
0.193588 3.024440
0.405278 -2.392658
-1.622090 -3.834575
-1.640438 -3.818953
-2.055928 -3.621160
-2.042073 -3.635742
-2.161161 -3.683712
-2.186802 -3.718736
-1.974223 -3.582785
-2.011857 -3.620075
-1.117939 1.170666
-1.100878 1.128467
0.354646 -2.532238
-1.370806 2.832676
-1.451906 2.789768
-1.070870 2.164819
-1.108258 2.207125
-3.092798 3.395310
-3.091225 3.406783
-3.183903 3.406479
-3.179709 3.434246
-3.011656 3.377507
-3.049615 3.414064
0.213165 -2.982813
-2.948599 3.368813
-2.931704 3.368577
0.604665 3.124837
0.612751 3.161092
0.648770 3.228040
0.640440 3.222776
0.143666 -3.337312
0.134941 -3.347565
0.087173 -3.730706
0.031177 -3.707618
0.219544 -2.908546
0.134678 -3.308896
0.138825 -3.298936
0.165943 -3.218842
0.141329 -3.328066
1.897848 -1.311267
1.871161 -1.314655
1.754335 -1.376277
1.797744 -1.337580
1.493544 -0.574323
1.494874 -0.532257
0.386866 -2.444133
2.257099 1.853657
2.205773 1.825497
1.898183 1.689524
2.387147 1.910201
1.924880 1.694867
2.385223 1.900820
-1.468322 2.608925
-1.481015 2.518674
-1.481817 1.945555
-1.480157 2.841170
0.368921 -2.497338
-1.475341 2.019270
-1.469977 2.873456
3.864555 -0.387221
3.857490 -0.385312
3.596822 -0.389728
4.059643 -0.367529
3.604607 -0.406842
4.051584 -0.369224
0.251530 1.004932
0.257187 1.007601
0.505292 -2.142964
0.374741 -2.462555
-0.098103 1.002997
0.917699 1.043768
-0.080619 1.006429
0.903526 1.047434
-0.356516 1.155322
-0.362866 1.164585
-1.182416 1.583959
-1.149332 1.594113
-0.355582 4.517500
-0.367036 4.568834
0.359327 -2.504592
-0.388571 4.619179
-0.302085 4.385567
-0.384435 4.622869
-0.269204 4.406305
-0.167243 4.542224
-0.173901 4.539641
-0.107061 4.690204
-0.106707 4.715437
-0.369001 4.864426
-0.338719 4.872281
-1.420432 -2.164951
-0.430186 4.778796
-0.229512 4.988077
-0.393021 4.748288
-0.246214 4.968352
-0.174261 4.968912
-0.166647 4.958384
-0.090008 4.800502
-0.105943 4.841784
1.308581 1.122398
1.344655 1.122967
-1.461564 -2.270519
1.605247 1.206462
1.630298 1.162948
1.775833 0.899061
1.785629 0.908483
1.920775 0.648647
1.934200 0.698405
1.742085 1.421487
1.794646 1.489053
0.430220 -1.629902
0.435969 -1.634015
-1.617778 -2.777667
0.377457 -1.464056
0.470236 -1.798815
0.376555 -1.468420
0.487906 -1.809539
0.321730 -1.275231
0.312519 -1.259218
0.294116 -1.187815
0.288445 -1.171887
-1.347054 1.741375
-1.335217 1.732473
-1.625977 -2.722954
-1.527266 1.361970
-1.543147 1.363436
-1.761062 1.211688
-1.746847 1.238667
-1.435826 3.212425
-1.465102 3.296959
-1.423425 3.651603
-1.450781 3.602548
0.872877 3.521764
0.917948 3.544112
-1.382358 -1.988627
1.108671 3.631709
0.809402 3.478735
1.113542 3.627838
0.771740 3.442533
-0.349114 -4.071639
-0.368783 -4.060357
0.244144 -2.992102
0.222497 -2.929097
-1.410400 -4.122933
-1.408466 -4.135530
-1.395629 -2.021543
-1.792077 -3.545058
-1.810448 -3.552404
-2.168880 -3.693661
-2.176096 -3.705637
-1.260133 -1.619074
-1.225541 -1.674979
-0.970914 -0.228305
-0.950868 -0.224583
-3.230237 3.428071
-3.201226 3.431514
-1.713704 -3.155270
-2.808729 3.347220
-2.828094 3.355725
-2.302275 3.169835
-2.280381 3.166520
-1.717904 2.425782
-1.701104 2.447576
-1.206244 3.175747
-1.206920 3.148997
-0.597776 3.135458
-0.612590 3.134913
-1.698490 -3.103945
1.692670 1.889746
1.733689 1.866937
1.496379 2.019099
1.543591 1.995367
1.585383 2.122329
1.594088 2.132763
1.647129 2.198673
1.651112 2.200886
3.509464 -1.903822
3.475363 -1.865699
1.486773 -1.530346
-1.824616 -3.499584
3.416044 -1.814422
3.585596 -1.952132
3.426067 -1.807705
3.588645 -1.959162
3.369706 -1.873497
3.379774 -1.862407
3.290412 -1.974163
3.293728 -1.956348
3.525373 -0.418514
3.561682 -0.435250
-1.848752 -3.539491
3.580861 -0.478616
3.585439 -0.485527
3.619762 -0.239158
3.636566 -0.204003
3.685519 -0.041308
3.682450 -0.059529
3.746407 0.066947
3.736723 0.044831
3.817796 0.156039
3.801288 0.134239
-1.729662 -3.240161
2.215975 0.671767
2.227325 0.684341
2.391377 0.677492
2.339145 0.681418
2.026244 0.723638
1.984205 0.693618
2.115906 0.769244
2.097644 0.765046
0.252926 -1.047218
0.258573 -1.076727
-1.741415 -3.254629
0.245043 -1.015528
0.241480 -1.004375
4.570460 -2.180781
4.584188 -2.155175
4.675491 -2.106764
4.518576 -2.245450
4.658158 -2.084629
4.532623 -2.173717
4.742004 -2.068128
4.807669 -2.032721
-1.124582 -2.825990
4.877768 -1.994009
4.874653 -1.988221
4.756728 -2.211339
4.730828 -2.183473
4.816310 -2.308917
4.832665 -2.322544
-1.463775 4.366446
-1.462183 4.385111
-1.465744 4.204345
-1.469359 4.423579
-1.086362 -2.824386
-1.466171 4.210149
-1.456846 4.443203
-1.912142 1.147889
-1.960349 1.114459
-2.023584 1.080487
-2.016082 1.081770
-0.432737 4.712950
-0.416262 4.696740
-0.087902 4.746430
-0.089666 4.771758
-1.647755 3.180242
-1.455334 3.961142
-1.461400 3.859383
-1.500955 3.676879
-1.476496 3.711056
-1.528579 3.753266
-1.534101 3.718609
0.884441 0.990328
0.885907 0.991478
0.839709 0.937803
0.858202 0.948696
-1.608736 3.174221
2.550020 1.988065
2.555137 1.995666
2.640924 2.041359
2.639823 2.039533
-2.104807 2.259710
-2.088325 2.283038
-2.070571 2.266640
-2.051011 2.288942
-1.990641 2.311742
-2.210428 2.215872
-2.276971 3.203116
-2.040026 2.313127
-2.045408 2.311517
-1.989576 2.345478
-2.212832 2.213445
1.218510 3.599612
1.227127 3.605098
1.286816 3.577065
1.287331 3.576993
4.230560 -0.379651
4.233694 -0.394145
-1.242334 3.175724
4.330071 -0.398012
4.296596 -0.376920
0.701729 -4.527169
0.726630 -4.580076
0.647704 -4.368037
0.792968 -4.775427
0.641801 -4.359962
0.787069 -4.751243
2.497384 0.674847
2.512873 0.670797
0.583292 -2.102079
-2.253042 3.194654
2.571881 0.667410
2.549251 0.672378
-2.192667 3.297642
-2.194238 3.285682
-2.205612 3.294982
-2.241699 3.245018
-2.169052 3.313000
-2.232449 3.241956
0.811762 2.212904
0.834648 2.162453
-1.288680 3.135163
0.867001 2.149266
0.825223 2.228500
1.490891 2.002507
1.493004 2.009623
1.924504 1.749438
1.920788 1.735255
-1.455333 2.827903
-1.433954 2.801862
2.293527 -1.286334
2.297328 -1.282587
-1.924123 3.187871
2.286591 -1.286704
2.224222 -1.262264
2.314086 -1.281582
2.263093 -1.265123
-0.986719 -1.771700
-0.992796 -1.755014
-0.989039 -1.772015
-1.061521 -1.709727
-0.977637 -1.773490
-1.081450 -1.676804
-1.867124 3.175540
-3.409458 3.690573
-3.421601 3.703779
-3.395036 3.676747
-3.388791 3.664591
-3.422914 3.700605
-3.432742 3.714140
-3.378134 3.657295
-3.455363 3.741424
0.804700 3.487442
0.799225 3.483628
-2.020005 2.871351
3.235262 -1.985531
3.228207 -1.988875
1.958955 0.702009
1.942129 0.660585
-1.466359 4.243984
-1.468196 4.235623
-1.775670 1.215493
-1.815869 1.188856
3.616114 -0.510152
3.605718 -0.502657
-2.011024 2.862259
4.527894 -2.199203
4.509535 -2.235801
0.369876 -1.453453
0.372917 -1.463936
3.590275 -1.975771
3.605245 -1.978043
-1.187949 1.552353
-1.199429 1.533758
-1.464422 3.580879
-1.443382 3.622802
-1.703101 2.391797
2.408375 1.921603
2.386915 1.933417
0.911783 1.045037
0.914320 1.050795
-2.927513 3.134669
-2.934371 3.111453
-2.907568 3.119050
-2.896317 3.178799
-2.915332 3.133071
-2.911628 3.175548
-1.630678 2.519320
1.059286 3.633334
1.044744 3.631327
-1.079527 0.794742
-1.075218 0.778364
-1.073436 0.792810
-1.046043 0.810114
-1.068167 0.764503
-1.031658 0.751595
4.848558 -2.354719
4.854892 -2.361049
-2.630191 3.281890
0.237361 -0.991333
0.239534 -1.000352
-2.063818 1.049586
-2.058185 1.057518
-1.647654 1.939951
-1.659337 1.975302
-1.624207 1.947440
-1.632323 1.929406
-1.604693 2.801403
-1.617054 2.791483
-2.651721 3.284690
-1.575882 2.816758
-1.590647 2.821442
3.820030 0.155198
3.817531 0.158521
2.599563 0.667052
2.604236 0.666108
-3.565901 3.863196
-3.569434 3.871397
-3.556093 3.861460
-3.554324 3.858590
1.353047 -1.615485
-2.813517 3.319413
-4.266059 3.356029
-4.259888 3.352354
-4.238126 3.338295
-4.272489 3.330391
-4.273850 3.020357
-4.272827 3.026759
-4.250525 3.046353
-4.289958 2.995934
-4.076104 3.341104
-4.088989 3.345724
-2.816429 3.330856
-4.102777 3.348771
-4.099849 3.319027
1.299844 3.573087
1.297357 3.566231
0.655831 -5.058654
0.656381 -5.062108
0.687514 -5.018264
0.690066 -5.011820
0.978289 -5.018504
0.934500 -4.987446
-2.529377 3.251819
0.875935 -4.903715
0.926029 -4.941638
-0.716558 -4.309898
-0.720084 -4.316792
-0.663032 -4.268928
-0.675021 -4.269438
-0.222045 -4.262466
-0.219504 -4.252332
-0.211668 -4.249563
-0.239845 -4.241904
-2.590405 3.269518
-0.582814 -3.958594
-0.591036 -3.953368
-0.507030 -4.007668
-0.552194 -3.970841
-0.373241 -4.445469
-0.382496 -4.448719
-0.376602 -4.383122
-0.365538 -4.375254
-1.379322 -4.375091
-1.407681 -4.350055
-2.692969 3.283241
-1.406119 -4.299258
-1.411938 -4.295025
-1.619381 -4.295659
-1.625002 -4.293857
-1.589867 -4.262070
-1.604309 -4.264157
-2.346413 -3.923639
-2.367067 -3.946511
-2.339577 -3.911375
-2.344473 -3.895434
-2.622538 3.291887
-2.535291 -3.772257
-2.526581 -3.763636
-2.468611 -3.742872
-2.485529 -3.742585
-1.462930 4.455001
-1.464263 4.447489
-1.575644 3.782848
-1.549238 3.772037
-2.248112 2.196877
-2.243919 2.195480
0.742466 2.378008
2.694748 2.073669
2.653311 2.045952
4.370688 -0.393842
4.369327 -0.407181
2.131165 0.788288
2.115171 0.780505
0.834951 0.923423
0.838286 0.923126
0.750574 -4.289265
0.776605 -4.284452
0.667467 2.487443
0.737099 -4.313552
0.736767 -4.313537
0.894940 -4.377831
0.879874 -4.389695
0.841975 -4.412146
0.852828 -4.408792
1.191002 3.946840
1.194262 3.943264
1.151514 3.858725
1.131886 3.852857
0.857980 2.073254
1.476012 3.739726
1.482453 3.744854
1.422639 3.723655
1.454771 3.732974
4.915503 -1.959454
4.894897 -1.978834
0.864282 2.218692
0.875063 2.188988
1.479422 1.992982
1.479935 1.998591
0.477838 2.960956
1.890109 1.735631
1.878542 1.735867
-1.423707 1.956247
-1.484254 1.905804
-1.510918 2.826222
-1.498939 2.827860
0.418387 1.518427
0.382536 1.511557
0.355618 1.508947
0.370833 1.501731
0.648605 -2.067560
0.777653 2.159803
3.709768 0.004987
3.694880 -0.021443
0.750807 3.480235
0.745596 3.525373
3.278601 -1.998293
3.294568 -1.997591
1.927911 0.683132
1.908853 0.667899
0.290626 -1.165714
0.294431 -1.181032
0.515986 2.948439
-1.466799 4.228948
-1.467055 4.225288
-1.774795 1.211234
-1.794706 1.190429
3.588969 -0.485816
3.585813 -0.486858
1.630900 1.223739
1.604666 1.237647
4.502456 -2.204522
4.509480 -2.224270
0.686260 2.522933
0.401707 -1.492843
0.411420 -1.506884
-0.410208 3.325027
-0.412159 3.320411
-0.430084 3.299317
-0.447643 3.298175
3.619734 -1.983172
3.654768 -2.006431
-1.196815 1.555431
-1.213213 1.547928
0.648758 2.590076
-1.426485 3.665769
-1.410231 3.697133
0.903332 1.039044
0.909509 1.032909
2.414504 1.909014
2.394549 1.901533
1.691598 2.240995
1.674952 2.222368
1.102109 3.658463
1.099412 3.662987
4.159389 -1.669646
4.086118 -0.347427
4.071972 -0.352669
-0.238716 5.028354
-0.221524 5.040277
2.370261 0.686754
2.388507 0.686224
4.844799 -2.351816
4.851422 -2.379179
-0.088715 -3.831127
-0.125236 -3.856973
4.162111 -1.685710
-0.148306 -3.890887
-0.152394 -3.880336
0.736089 -4.904261
0.753644 -4.894193
0.862951 -4.877070
0.890171 -4.903129
-0.400492 -4.259295
-0.365182 -4.223324
-0.317815 -4.161691
-0.283953 -4.174556
4.167606 -1.679957
-0.554981 -4.208991
-0.546133 -4.181174
-0.417635 -4.085417
-0.486231 -4.001638
0.390081 -4.072252
0.443763 -4.117770
0.693140 -4.325283
0.688243 -4.344856
0.804736 -4.401815
0.807624 -4.398619
4.131765 -1.704652
1.118559 3.802990
1.102266 3.761130
1.273182 3.681813
1.292878 3.677056
-1.526267 -4.218561
-1.522027 -4.227571
-1.400895 -4.240102
-1.388762 -4.208213
-2.292055 -3.844311
-2.290194 -3.822966
4.161768 -1.684492
-2.386189 -3.712718
-2.395676 -3.731900
-3.772493 3.315094
-3.778902 3.320738
-4.056961 3.248104
-4.086275 3.244034
-4.157783 3.288055
-4.152821 3.290856
-4.159565 3.138971
-4.185001 3.111889
4.121389 -1.710841
-4.071419 3.343721
-4.082291 3.313921
-1.515968 1.937574
-1.521268 1.953674
-1.545283 2.832999
-1.584040 2.840860
-1.315697 3.404432
-1.361407 3.461393
0.474141 -1.927035
0.500086 -1.893211
0.712394 -2.015420
4.146244 -1.672752
3.389968 -1.652590
3.392650 -1.645784
4.422506 -1.916684
4.457866 -1.947500
1.043193 2.052269
1.052706 2.089293
0.872702 2.115650
0.837548 2.175902
1.739470 0.441835
1.799055 0.493071
4.136993 -1.690558
3.089601 -0.619019
3.162441 -0.595265
0.326945 1.492124
0.320009 1.475934
0.767110 3.245872
0.689575 3.183511
-0.372320 4.039040
-0.376216 4.011620
-0.493882 3.231252
-0.502121 3.253821
0.496768 1.689033
-1.014037 1.727432
-1.030128 1.707805
0.706194 3.330063
0.699860 3.331047
-0.158166 0.953499
-0.164399 0.970557
1.483538 -1.578370
1.530363 -1.595197
1.511100 -1.608094
1.436477 -1.620938
0.502663 1.719301
1.392828 -1.375834
1.457331 -1.605998
1.514920 -1.627470
1.498757 -1.596738
1.387314 -1.382267
-1.206405 -1.488198
-1.163296 -1.496789
-1.188892 -1.472793
-1.256108 -1.487773
-1.341369 -1.708923
0.223147 1.395283
-1.213200 -1.449752
-1.196961 -1.463254
-1.203541 -1.471808
-1.300635 -1.704745
0.142617 -2.995181
0.149709 -2.952564
0.111793 -3.003860
0.184108 -2.974128
0.116867 -2.684631
0.156278 -2.963030
0.251268 1.424506
0.133361 -2.901261
0.125377 -2.971932
0.116122 -2.691124
-1.596358 -2.742128
-1.578174 -2.712197
-1.597869 -2.713563
-1.641403 -2.717806
-1.873540 -2.856097
-1.646180 -2.720003
-1.630771 -2.763469
1.296193 0.893664
-1.648393 -2.716081
-1.903498 -2.839091
-0.990320 -0.240278
-0.944217 -0.192575
-0.981444 -0.223361
-1.006395 -0.174398
-1.000137 -0.461294
-0.976509 -0.169981
-0.943246 -0.161225
-0.988157 -0.195902
1.371802 0.660454
-0.975051 -0.408147
-0.797547 1.918183
-0.725985 2.013015
-0.756330 1.998196
-0.684882 2.004650
-0.645956 1.842800
-0.711916 2.024912
-0.704711 2.036683
-0.696522 2.033400
-0.606084 1.809097
1.554872 0.295238
-1.527853 -2.661134
-1.532293 -2.673786
-1.592723 -2.774184
-1.590468 -2.726831
-1.881218 -2.682928
-1.924934 -2.673306
-1.929775 -2.681040
-1.889822 -2.660031
-1.835319 -2.706563
-1.979289 -2.647149
1.580748 0.248664
-1.994654 -2.687158
-1.917999 -2.642789
-1.669860 -2.767869
-2.018703 -2.909374
-1.996281 -2.889544
-2.054155 -2.926269
-2.071583 -2.942280
-1.161928 -1.456590
-1.073258 -1.489696
-1.166657 -1.441278
0.794203 -1.984235
2.999137 -1.177135
-1.154364 -1.453800
-1.518053 -1.400016
-1.591309 -1.388053
-1.552605 -1.384778
-1.572528 -1.400644
-1.452624 -1.461800
-1.602616 -1.395121
-1.584327 -1.395269
-1.593555 -1.364130
-1.318610 -1.539047
3.017663 -1.189529
-1.427476 -1.831570
-1.426910 -1.839081
-1.467149 -1.867074
-1.467190 -1.877582
-0.826666 -0.124401
-0.817919 -0.137465
-0.985874 -0.210313
-0.967379 -0.213720
-1.228677 -0.173646
-1.260350 -0.188447
2.545464 -0.801633
-1.273963 -0.185470
-1.282089 -0.177307
-1.196043 -0.207351
-1.283747 -0.191168
-1.313265 -0.169944
-1.323959 -0.191925
-1.038382 -0.211754
-0.985802 -0.551713
-0.983607 -0.538157
-0.971015 -0.602611
3.363995 -1.472314
-0.982473 -0.570593
-0.760265 2.032658
-0.775753 2.089493
-0.758766 2.097092
-0.733025 2.074830
-0.475456 2.110332
-0.446380 2.134818
-0.418694 2.126523
-0.426678 2.146892
-0.541485 2.078212
2.527913 -0.894814
-0.422924 2.146976
-0.427750 2.058263
-0.432028 2.130260
-0.631321 2.028047
-0.533717 1.715756
-0.529755 1.728336
-0.509934 1.697784
-0.495658 1.676063
1.645501 -1.730482
1.655712 -1.739886
3.341905 -1.441337
1.579961 -1.621281
1.615107 -1.606972
1.409955 -1.871381
1.387510 -1.885529
1.412963 -1.847106
1.394087 -1.875812
1.416712 -1.723264
1.366019 -1.905560
1.416206 -1.894029
1.389196 -1.884199
2.034974 -0.286700
1.408569 -1.672234
1.358050 -1.270674
1.368113 -1.289031
1.349063 -1.245818
1.352636 -1.255486
0.071754 -2.912419
0.112148 -2.915767
0.042405 -2.991841
0.058154 -2.964882
0.387284 -3.101659
1.910419 -0.178714
0.452142 -3.119175
0.434719 -3.130536
0.430534 -3.155649
0.356164 -3.078069
0.466144 -3.134428
0.420639 -3.122824
0.494543 -3.215600
0.240008 -3.011741
0.085565 -2.611980
0.068336 -2.626609
2.367005 -0.966053
0.075796 -2.579659
0.062945 -2.549421
2.374237 -0.978193
0.779915 -1.982221
2.087704 -1.185273
2.014334 -1.213006
2.300054 -1.021233
2.375873 -0.990915
-1.154603 -1.013125
-1.168513 -1.103623
-1.008968 -0.256791
-0.981540 -0.174800
-1.189692 -1.245206
-1.174665 -1.193272
