882 2
-2.411877 -0.500582
-2.405602 -0.508664
-1.992754 0.945812
0.336168 0.764058
0.361154 0.706713
0.528261 0.581413
0.538352 0.496942
-3.942215 1.899858
-3.971628 1.795839
-3.860071 2.364108
-4.115124 1.258175
-3.831973 2.402768
-4.133016 1.345028
-1.994993 0.937091
-3.115008 -3.097693
-3.027487 -3.027780
0.714267 -0.417196
0.686584 -0.406055
0.495863 0.000482
0.508295 -0.054959
1.021324 0.090442
1.058632 0.094127
1.814013 0.256393
1.772066 0.215713
-1.374029 1.782282
0.353383 0.218352
0.371345 0.171136
0.255570 -0.204114
0.258674 -0.232988
0.507455 0.303999
0.517885 0.361489
2.052492 -0.283588
1.948260 -0.115260
2.482065 -1.083165
2.528379 -1.083798
-1.379602 1.718532
2.651318 -0.818885
2.645264 -0.840970
2.660637 -0.807990
2.641805 -0.861621
2.640410 -0.846516
2.630908 -0.917910
2.177627 -1.339155
2.209337 -1.315236
2.059600 -1.475918
2.041668 -1.493701
-2.840584 0.341201
-3.240601 2.557636
-3.288361 2.560971
-3.022905 2.862939
-3.029688 2.838559
-3.028723 3.057381
-3.050384 3.028585
-3.024764 2.843706
-3.040804 2.849131
2.219572 -0.030174
2.210579 -0.026490
-2.787141 0.301929
2.655070 -0.339632
2.723458 -0.404726
2.023759 0.095492
2.021022 0.081589
4.477594 -0.077530
4.530691 -0.061460
4.695247 -0.016879
4.694307 -0.032430
4.576945 -0.038391
4.569179 -0.039159
-3.101041 0.534730
4.511732 -0.045670
4.533706 -0.041552
1.827081 -1.927809
1.827949 -1.905440
1.866625 -2.136565
1.868660 -2.100176
-3.659446 0.730464
-3.674923 0.730746
-3.815372 0.782653
-3.796086 0.756064
-3.203846 0.518245
-3.586246 0.697063
-3.556608 0.671684
-3.576573 0.727084
-3.545985 0.687157
-2.209363 -1.273247
-2.196526 -1.263213
-2.204077 -1.367238
-2.223193 -1.384868
-1.740293 -1.003014
-1.671618 -1.040799
-2.781009 0.311718
0.321144 -2.370186
0.305393 -2.370255
0.317083 -2.221142
0.300441 -2.747324
0.298769 -2.238981
0.310916 -2.699215
2.745619 1.120372
2.790577 1.092678
2.582205 1.184236
2.983349 0.986945
-2.743311 0.295186
2.535239 1.185613
2.983315 0.957170
-1.559046 -3.548934
-1.526142 -3.559458
-1.682500 -3.497694
-1.386391 -3.650286
-1.693534 -3.476726
-1.386313 -3.645463
0.541243 -0.332314
0.474522 -0.467430
-2.576926 0.151339
-2.961292 0.399679
0.718168 -0.056474
0.295785 -0.745419
0.803508 0.058922
0.307002 -0.782126
1.196693 0.498305
1.096974 0.381188
1.668250 0.913589
1.731141 0.985171
3.022678 -2.067356
3.031601 -2.091445
-3.081748 0.460864
3.085027 -2.281041
2.975954 -1.848005
3.074518 -2.249238
3.003826 -1.916441
3.152597 -1.954643
3.151245 -1.956695
3.274639 -2.031931
3.265324 -2.035347
3.284729 -2.384321
3.267256 -2.364039
-2.201200 2.023350
3.070544 -2.318135
3.346204 -2.383040
3.115303 -2.302474
3.308633 -2.357082
3.357878 -2.295681
3.371119 -2.272289
3.337984 -2.173882
3.348852 -2.174071
0.136404 -1.280263
0.171619 -1.225475
-2.164546 2.011847
0.017428 -1.628814
0.050024 -1.654027
-0.246071 -1.669907
-0.233440 -1.669046
-0.533886 -1.712759
-0.571809 -1.680972
0.110972 -1.841472
0.126918 -1.829553
-2.005163 0.163553
-1.983370 0.162184
-2.453640 2.112372
-1.848760 0.158462
-2.165092 0.164663
-1.835544 0.164824
-2.150655 0.161835
-1.667333 0.175704
-1.693119 0.174750
-1.506410 0.188161
-1.508670 0.185679
1.984927 1.053612
2.010539 1.075356
-2.469103 2.141075
1.766626 1.389475
1.762987 1.383844
1.787686 1.618558
1.781426 1.605519
3.087352 0.308699
3.097893 0.317489
3.133053 -0.076611
3.170888 -0.056851
1.880642 -2.736350
1.871288 -2.725913
-2.045926 1.963724
1.843108 -2.869526
1.919306 -2.541260
1.845403 -2.877098
1.918294 -2.528999
-4.152896 1.266562
-4.145827 1.291146
-3.112675 0.498217
-3.145130 0.480676
-3.810297 2.374934
-3.824651 2.394463
-2.005805 1.951964
-3.017066 2.635814
-3.023596 2.652532
-3.058631 3.067124
-3.080983 3.066285
-1.515591 1.609006
-1.493821 1.643107
-0.129760 1.230068
-0.135642 1.230579
4.725970 -0.012455
4.744676 -0.007068
-2.710679 2.379758
4.248593 -0.108117
4.276335 -0.101814
3.707566 -0.173144
3.687189 -0.179089
2.548882 -0.109582
2.534139 -0.102830
2.851768 -0.567035
2.875314 -0.552820
2.473532 -1.117360
2.500952 -1.085062
-2.661441 2.338820
0.502201 -2.115097
0.531509 -2.102915
0.694670 -2.031229
0.716255 -2.013349
0.765626 -2.148919
0.770074 -2.125163
0.783595 -2.177533
0.789495 -2.168333
-2.688164 -3.023682
-2.671888 -3.038942
-2.319312 -0.761838
-2.998886 2.630289
-2.757297 -2.927998
-2.626431 -3.158327
-2.763320 -2.939680
-2.637914 -3.130991
-2.817426 -2.896275
-2.854636 -2.892877
-2.906475 -2.863273
-2.909597 -2.873299
-1.761104 -3.398818
-1.765063 -3.431619
-3.037576 2.693880
-1.812081 -3.369007
-1.856273 -3.394921
-1.758098 -3.714294
-1.752804 -3.744765
-1.794903 -3.860638
-1.792714 -3.850810
-1.827308 -3.948436
-1.815313 -3.940153
-1.840106 -3.999173
-1.847793 -4.008277
-2.785931 2.429604
-0.576550 -1.885503
-0.591297 -1.901309
-0.601116 -2.032651
-0.614541 -2.098607
-0.538118 -1.720141
-0.538165 -1.723185
-0.494472 -1.786461
-0.459781 -1.788969
-1.447638 0.197460
-1.412091 0.210555
-2.791323 2.440249
-1.354015 0.229109
-1.343616 0.231034
-4.009177 -3.647937
-4.001202 -3.656538
-3.845829 -3.687634
-4.174900 -3.600945
-3.865419 -3.730374
-4.115721 -3.642881
-3.909331 -3.789079
-3.899697 -3.784083
-2.606999 1.762499
-3.955295 -3.820916
-3.926991 -3.836929
-3.816985 -3.824105
-3.797341 -3.838333
-3.812039 -3.961638
-3.806418 -3.968277
3.480004 -0.640530
3.494125 -0.663212
3.417877 -0.561812
3.589048 -0.786268
-2.630027 1.728746
3.417060 -0.553824
3.578646 -0.771181
1.823086 1.780270
1.819183 1.738034
1.848207 1.875474
1.844259 1.869083
3.101515 -2.313342
3.084872 -2.282762
3.356873 -2.112218
3.346687 -2.121423
3.302283 -0.381131
3.314459 -0.365984
3.289715 -0.290712
3.184418 0.124876
3.170054 0.109608
3.200189 0.183239
3.204204 0.192696
0.197327 -0.688175
0.226817 -0.702812
0.157628 -0.666882
0.144911 -0.665687
3.275680 -0.377599
0.308940 -2.847837
0.302586 -2.853289
0.310398 -2.922324
0.310876 -2.924332
2.334390 -0.320018
2.302274 -0.331353
2.331638 -0.324525
2.336216 -0.313377
2.381474 -0.272679
2.219295 -0.402009
3.722660 -0.194810
2.341403 -0.303579
2.351809 -0.284866
2.339393 -0.283065
2.232455 -0.386588
1.980505 -3.049925
1.971055 -3.023421
2.057836 -3.118573
2.054643 -3.121152
-1.299730 -3.689287
-1.299070 -3.710622
2.812452 -0.614860
-1.226573 -3.773749
-1.258734 -3.722598
-4.782929 -0.025317
-4.828760 -0.081609
-4.603542 0.192693
-4.929027 -0.234821
-4.557774 0.223173
-4.944251 -0.234602
-0.637102 -2.217989
-0.636251 -2.220888
-2.518168 0.119619
3.672390 -0.196470
-0.653822 -2.306823
-0.666299 -2.349795
3.772716 -0.018893
3.762035 -0.026291
3.783536 -0.000810
3.758655 -0.081936
3.779880 -0.006881
3.726304 -0.102320
1.179189 -1.699587
1.183663 -1.709162
2.883260 -0.541642
1.151914 -1.691342
1.137315 -1.673102
0.754717 -1.987147
0.778234 -1.960668
0.292968 -2.202893
0.311211 -2.222400
2.987058 0.992639
2.988005 1.013041
-2.158705 -1.747110
-2.166240 -1.732422
3.535080 -0.303081
-2.158683 -1.745291
-2.151082 -1.736815
-2.165030 -1.738843
-2.158932 -1.718857
-1.475663 2.162545
-1.477509 2.182764
-1.476376 2.172988
-1.455946 2.064161
-1.486096 2.191596
-1.438136 2.067292
3.494214 -0.309651
5.051251 -0.186931
5.049229 -0.180056
5.060180 -0.189025
5.013746 -0.163698
5.081473 -0.205295
5.044933 -0.172146
4.999784 -0.155570
5.058938 -0.186596
1.934346 -2.555434
1.935592 -2.550879
3.346621 -0.149360
-2.940903 -2.847146
-2.944610 -2.838764
-0.587489 -1.705188
-0.590740 -1.683164
3.427066 -0.578164
3.415475 -0.562766
1.754339 1.587562
1.758579 1.612329
-1.879067 -3.345114
-1.849793 -3.309906
3.370947 -0.157720
-4.138303 -3.651716
-4.145856 -3.647093
-1.832314 0.163793
-1.834594 0.162175
-2.622387 -3.157758
-2.609525 -3.184729
1.725957 1.002983
1.730944 0.986556
3.105412 -0.099899
3.107614 -0.066791
2.503250 -0.151526
0.297786 -2.777591
0.290096 -2.786447
0.324800 -0.758801
0.317611 -0.742203
4.322821 0.019738
4.360941 0.065334
4.286673 0.002858
4.291567 -0.011200
4.329222 0.039493
4.303624 -0.005667
2.432762 -0.098535
1.837880 -2.871129
1.831489 -2.856273
0.494706 0.655176
0.506414 0.638992
0.489831 0.662792
0.511411 0.630429
0.493613 0.661877
0.508366 0.620880
-3.807628 -4.004179
-3.806925 -3.999761
3.964300 -0.158738
-1.320612 0.240883
-1.331600 0.237772
1.853024 1.913444
1.851495 1.892774
2.608298 1.411152
2.612163 1.414544
2.608528 1.388790
2.607833 1.397151
3.190185 1.186428
3.184604 1.184821
3.975412 -0.139906
3.144165 1.153257
3.135825 1.146382
-1.855096 -4.039637
-1.846279 -4.023157
-0.668051 -2.365499
-0.662759 -2.360374
5.207007 -0.294099
5.231923 -0.312235
5.130874 -0.239563
5.141472 -0.244482
-2.343826 -0.716590
4.200929 -0.111404
5.681597 0.311625
5.707589 0.314673
5.676459 0.314362
5.607260 0.331889
5.455308 0.601120
5.477757 0.623108
5.442543 0.597209
5.430460 0.579643
5.597391 0.485788
5.592790 0.486434
4.219850 -0.099523
5.569016 0.465141
5.585410 0.473894
2.095938 -3.168478
2.116778 -3.190190
-5.056035 -0.487992
-5.058084 -0.485721
-5.054214 -0.465054
-5.035748 -0.431664
-5.063116 -0.291087
-5.067279 -0.247248
3.925071 -0.186400
-5.032176 -0.279052
-5.036817 -0.297309
-4.228180 1.552873
-4.238584 1.549005
-4.230277 1.495951
-4.189828 1.477005
-3.985244 1.524942
-3.993719 1.514366
-4.030062 1.468571
-4.013096 1.483364
4.017902 -0.121120
-4.430107 1.477472
-4.428140 1.474123
-4.416047 1.459821
-4.414503 1.462770
-4.575650 1.276675
-4.537097 1.292320
-4.461979 1.284017
-4.474261 1.294163
-3.985769 2.435804
-4.001595 2.437575
4.037300 -0.145248
-3.977877 2.429421
-3.978389 2.429051
-3.955986 2.646358
-3.956707 2.644530
-3.916082 2.581804
-3.906420 2.586046
-2.908387 3.135962
-2.906618 3.151387
-2.953451 3.130700
-2.946495 3.128505
4.087140 -0.130313
-3.153728 3.346940
-3.167741 3.363880
-3.136029 3.306490
-3.139778 3.316279
3.602016 -0.797660
3.606618 -0.811771
3.228992 0.227652
3.233902 0.234836
2.195135 -0.409075
2.165037 -0.425219
1.466025 -1.638355
0.317174 -2.964436
0.316279 -2.951877
-1.239512 -3.745155
-1.213874 -3.779870
-0.453909 -1.809514
-0.458150 -1.801661
0.109833 -0.629834
0.136317 -0.647500
-4.827541 0.260316
-4.824037 0.260543
1.490565 -1.628913
-4.808051 0.254736
-4.807975 0.258790
-4.527029 0.082730
-4.528114 0.081455
-4.531484 0.094588
-4.532403 0.093957
1.662757 -3.022011
1.712077 -3.028617
1.734472 -2.989210
1.693054 -3.007532
1.184781 -1.536120
1.784317 -3.233474
1.789857 -3.223976
1.796351 -3.177164
1.796450 -3.197364
-3.978073 -3.823763
-3.993618 -3.816181
1.111248 -1.682920
1.088173 -1.699694
0.673438 -2.022695
0.650854 -2.030120
1.816915 -1.685476
0.294102 -2.224039
0.300564 -2.225270
2.523508 1.175508
2.533350 1.180047
2.981806 0.987426
2.977629 0.997657
0.888050 -0.789944
0.877748 -0.787518
0.874919 -0.800326
0.892614 -0.789758
-2.429433 -0.383144
1.038359 -1.545070
-1.807407 -3.879041
-1.801117 -3.869811
1.941644 -2.547074
1.956302 -2.555964
-2.926868 -2.868848
-2.945066 -2.864163
-0.562480 -1.678722
-0.565234 -1.666232
-1.458707 0.189174
-1.481245 0.187794
1.803079 -1.716081
3.450801 -0.602869
3.446048 -0.600528
1.803749 1.647100
1.809924 1.664387
-1.868363 -3.404136
-1.857003 -3.389891
0.056394 -1.652172
0.040270 -1.668109
-4.172701 -3.619330
-4.206810 -3.595350
1.503521 -1.638055
-1.814668 0.160425
-1.802261 0.157832
2.541638 -1.271238
2.539902 -1.288797
2.547315 -1.249243
2.546269 -1.245117
-2.624151 -3.161243
-2.617796 -3.181419
1.735021 0.983569
1.740603 0.994811
1.566490 -1.634178
3.148458 -0.027817
3.153987 0.005381
0.336946 -0.791557
0.302073 -0.749881
0.293123 -2.747325
0.293587 -2.727851
0.790185 -2.194855
0.795412 -2.208874
1.932581 -2.946831
1.947524 -2.935098
-3.405602 -3.292775
-1.410249 -3.618628
-1.378599 -3.639990
3.335813 -2.405327
3.341174 -2.409882
-0.611226 -2.125946
-0.606526 -2.099134
-3.811542 -3.993264
-3.807263 -4.015191
-3.957467 1.013316
-3.950138 1.000312
-3.386043 -3.276154
-3.975955 1.036875
-3.972962 1.027726
-4.995634 -0.339301
-5.006741 -0.369899
-5.003052 -0.279684
-5.013735 -0.291668
-4.380666 1.303166
-4.322932 1.300834
-4.085567 1.391965
-4.072849 1.402446
-3.423053 -3.300487
-4.167678 1.408625
-4.144364 1.397810
-4.315966 1.407278
-4.299059 1.401137
-4.406321 0.373446
-4.355472 0.417494
-4.685526 0.216361
-4.677186 0.236813
-4.564179 0.151001
-4.555772 0.151227
-3.391622 -3.296339
1.748070 -2.947637
1.736735 -2.960077
1.807765 -3.037900
1.808250 -3.036941
-3.890317 2.521422
-3.879747 2.493776
-3.883105 2.410525
-3.923443 2.453908
-2.974830 3.112928
-2.991257 3.088164
-3.424393 -3.304311
-3.099770 3.227279
-3.093347 3.164316
4.868032 0.093163
4.871442 0.084918
5.398548 0.346360
5.449458 0.372659
5.540692 0.352548
5.553434 0.344711
5.405463 0.525844
5.408257 0.516389
-3.365329 -3.275983
5.514682 0.409668
5.510582 0.448635
2.576010 1.296236
2.551803 1.291569
3.059847 1.085998
3.069027 1.091454
2.975049 -0.307042
2.977988 -0.322840
-2.304254 0.164785
-2.333115 0.149707
-2.431127 -0.351856
-3.425299 -3.299730
-2.757185 -2.901874
-2.755917 -2.910697
-3.707019 -3.576787
-3.653726 -3.540786
0.902270 -1.832402
0.887799 -1.806458
1.169155 -1.635341
1.098963 -1.605867
-0.661213 -1.527883
-0.701969 -1.561074
-3.425900 -3.312327
-1.946755 -2.600398
-1.995971 -2.518857
0.863138 -0.819470
0.871045 -0.803641
1.813675 -2.078129
1.805493 -2.095961
2.699769 -1.365103
2.705869 -1.337383
2.532964 -1.178414
2.530550 -1.162099
1.021176 -1.173562
1.754584 0.693203
1.740984 0.729230
1.902029 -2.373760
1.904417 -2.398252
0.604458 -0.030136
0.621988 -0.025259
-2.330286 -0.813924
-2.263132 -0.836475
-2.294781 -0.805818
-2.378428 -0.826660
0.980304 -1.155689
-2.181159 -0.658620
-2.326962 -0.836951
-2.294232 -0.855433
-2.353044 -0.876991
-2.217363 -0.682394
-1.393955 1.804706
-1.393476 1.824767
-1.342715 1.771235
-1.370721 1.808369
-1.437023 1.462872
0.862513 -0.804829
-1.418246 1.755203
-1.384965 1.761281
-1.400978 1.733836
-1.446958 1.447329
-3.289863 0.551397
-3.261232 0.535639
-3.271746 0.526938
-3.290379 0.506643
-3.079869 0.721796
-3.324775 0.558891
0.848728 -0.778338
-3.293330 0.513558
-3.324151 0.543003
-3.090284 0.756743
-2.385221 2.193321
-2.336509 2.252710
-2.400989 2.196021
-2.415231 2.181660
-2.670227 2.156277
-2.388950 2.212025
-2.397359 2.216257
0.342533 -1.497235
-2.408834 2.185840
-2.667212 2.144881
-0.212782 1.183730
-0.222147 1.127018
-0.184568 1.184173
-0.208714 1.208783
0.040202 1.433081
-0.209979 1.214872
-0.266613 1.189461
-0.227272 1.158955
0.362426 -1.493142
-0.023195 1.450399
1.796924 0.316176
1.807508 0.337504
1.824401 0.306835
1.773303 0.318309
1.648813 0.128449
1.790368 0.300630
1.809255 0.307534
1.825615 0.309683
1.646332 0.122716
-0.792115 -1.397924
-2.286914 2.303507
-2.282501 2.300819
-2.401642 2.143858
-2.422495 2.128965
-2.620365 2.028884
-2.636330 2.001474
-2.644973 2.029720
-2.630515 2.026207
-2.601145 2.048759
-2.692125 2.012985
-0.836254 -1.380305
-2.681003 2.008348
-2.669177 2.029694
-2.515470 2.107195
-2.784233 2.170695
-2.791655 2.152779
-2.814244 2.163508
-2.828984 2.153322
-1.331769 1.724881
-1.349967 1.800878
-1.352476 1.741514
-2.432449 -0.411210
-2.439869 -2.597026
-1.327142 1.737242
-1.213062 1.935172
-1.125296 2.006424
-1.141096 1.997986
-1.136403 1.997078
-1.212114 1.918249
-1.122042 1.997810
-1.047165 2.083588
-1.104115 2.022972
-1.292823 1.816834
-2.520261 -2.658860
-1.453544 1.393692
-1.462515 1.386248
-1.481911 1.358918
-1.486312 1.346822
-0.326148 1.080207
-0.291491 1.096998
-0.197824 1.120110
-0.173241 1.113953
-0.210974 1.453148
-0.211558 1.559009
-2.016021 -2.204208
-0.207858 1.555063
-0.209548 1.547925
-0.218840 1.438448
-0.198350 1.524549
-0.191123 1.602277
-0.196103 1.513541
-0.189442 1.388362
0.105663 1.549958
0.108562 1.557787
0.142004 1.593577
-2.805265 -2.868231
0.136522 1.588814
1.853749 0.387566
1.841473 0.420380
1.912958 0.259482
1.884140 0.276769
1.571733 0.433039
1.523772 0.467364
1.502888 0.479841
1.534254 0.465377
1.568997 0.422266
-2.031197 -2.169636
1.473877 0.526524
1.469590 0.521519
1.494462 0.493714
1.703637 0.310742
1.581631 0.043759
1.606495 0.072192
1.562686 0.003298
1.570806 0.002342
-2.253078 -0.873329
-2.215733 -0.837454
-2.819036 -2.894888
-2.370684 -0.955788
-2.168713 -0.858681
-2.523192 -0.940072
-2.567375 -0.978835
-2.565794 -0.972297
-2.588689 -0.992144
-2.477621 -0.894615
-2.621330 -1.031284
-2.562231 -0.961338
-2.651194 -1.037903
-1.026883 -1.508925
-2.403027 -0.804967
-2.126997 -0.625705
-2.141952 -0.624747
-2.084435 -0.574379
-2.090408 -0.572926
-3.323758 0.455719
-3.277271 0.492901
-3.367872 0.546872
-3.341234 0.543376
-3.288821 0.264296
-1.046436 -1.492672
-3.307379 0.202089
-3.290744 0.198156
-3.281116 0.210158
-3.238642 0.324356
-3.344771 0.128993
-3.306424 0.150706
-3.255920 0.208220
-3.154514 0.466506
-3.041086 0.797664
-3.051752 0.808906
-2.090847 -1.893600
-3.030304 0.824168
-3.024081 0.839242
-2.090682 -1.947412
-2.424582 -0.430336
-2.128209 -1.756758
-2.158310 -1.678905
-2.073124 -2.053782
-2.097177 -2.110683
-0.724597 1.473354
-0.751044 1.475826
-0.157284 1.271111
-0.278525 1.278362
-0.552900 1.430702
-0.555575 1.413032
