882 2
1.403968 -0.062859
1.371632 -0.088972
1.487317 -0.703243
-0.542921 -0.509395
-0.565831 -0.518340
-1.017138 -0.226160
-0.961087 -0.355774
2.440391 -3.033538
2.366615 -3.046471
2.801039 -2.923016
1.825676 -3.151963
2.814190 -2.932529
1.835937 -3.142891
1.477888 -0.705541
2.634537 3.140915
2.630510 3.135586
-1.077111 0.860039
-1.083445 0.888904
-0.903126 0.550167
-0.891848 0.606077
-1.793906 0.441996
-1.763816 0.453266
-2.405312 0.340902
-2.363217 0.267586
1.760939 -0.955074
-0.701595 0.277393
-0.673684 0.250562
-0.531487 0.875986
-0.628839 0.812188
-0.972584 0.119833
-0.956081 0.170309
-2.630971 0.482261
-2.714923 0.549189
-3.160660 0.830442
-3.191610 0.853628
1.794559 -0.973087
-3.298697 0.419943
-3.353475 0.365084
-3.388275 0.407485
-3.364856 0.424448
-3.298142 0.464690
-3.337094 0.392191
-2.742384 1.413495
-2.779154 1.382527
-2.899521 1.197790
-2.908522 1.200740
1.304446 -1.364991
2.937130 -2.641360
2.954001 -2.618677
3.283738 -2.146501
3.331534 -2.121069
3.469345 -2.162354
3.492375 -2.146752
3.288888 -2.126202
3.320210 -2.136982
-2.000348 -0.403610
-2.132472 -0.414619
1.307972 -1.389415
-3.189003 -0.087486
-3.107862 -0.144458
-2.580129 0.044849
-2.582327 0.010996
-3.840324 -1.683629
-3.818783 -1.601077
-3.870822 -1.852525
-3.899983 -1.872882
-3.839473 -1.696044
-3.820709 -1.682371
1.337581 -2.081345
-3.828056 -1.628403
-3.834161 -1.595214
-2.565853 1.862898
-2.584624 1.910757
-2.635414 2.015305
-2.631605 2.005834
1.365470 -2.522277
1.420889 -2.566347
1.406730 -2.767763
1.449229 -2.807852
1.365925 -1.923247
1.331461 -2.380667
1.350458 -2.490600
1.350779 -2.493462
1.364335 -2.582333
1.515108 1.098259
1.513574 1.127489
1.526039 1.063732
1.508279 1.043742
0.801223 1.017387
0.844030 0.985514
1.283528 -1.073986
-0.837542 3.170130
-0.842694 3.078457
-0.901554 2.691925
-0.826346 3.328496
-0.864361 2.737007
-0.827144 3.337249
-3.810671 0.561427
-3.694015 0.553997
-3.113071 0.505427
-3.970978 0.556995
1.287091 -1.099288
-3.163895 0.530174
-3.985552 0.557163
1.677980 2.960305
1.702568 2.986327
1.540787 2.840627
1.748372 3.033149
1.544722 2.860145
1.771268 3.045611
-0.892577 1.205296
-0.891800 1.186527
1.317039 -0.545934
1.279071 -1.412451
-1.106758 0.785878
-0.821815 1.390314
-1.086530 0.744656
-0.792619 1.455220
-1.493280 0.537687
-1.527002 0.522833
-1.764858 0.360336
-1.912637 0.362167
-4.039047 1.694428
-4.037754 1.692766
1.292526 -1.429011
-4.209190 1.797879
-3.907156 1.635144
-4.211833 1.789553
-3.839327 1.558461
-3.917690 1.758305
-3.893647 1.751194
-3.950943 1.899898
-3.946809 1.897479
-4.269758 2.003180
-4.264552 2.001232
2.071060 -1.177354
-4.261366 1.880321
-4.253771 2.078437
-4.270759 1.880651
-4.230707 2.059643
-4.137528 2.055968
-4.129252 2.047147
-3.971877 1.955669
-4.005005 1.993330
-0.666088 1.850752
-0.665301 1.784520
2.079116 -1.181883
-0.595166 2.034017
-0.550323 2.112226
-0.433249 2.093884
-0.344492 2.087330
0.021188 2.092425
-0.007494 2.086092
-0.682435 2.315649
-0.681277 2.328264
0.868744 -0.165255
0.867690 -0.161666
2.624888 -1.588637
0.779005 -0.092606
1.002194 -0.285052
0.754178 -0.049269
1.042120 -0.309304
0.628407 0.033521
0.645363 0.037703
0.503191 0.166730
0.522218 0.155440
-2.932085 0.497082
-2.798792 0.486716
2.628765 -1.565788
-1.788254 0.152440
-1.793399 0.140037
-1.716168 -0.182339
-1.730554 -0.172808
-4.109572 0.405704
-4.128480 0.368987
-4.257003 0.176951
-4.279405 0.182504
-2.752940 2.433581
-2.731440 2.444472
2.228933 -1.304091
-2.723572 2.524748
-2.735707 2.304877
-2.705760 2.563658
-2.762789 2.319833
1.884955 -3.160729
1.869977 -3.138885
1.343897 -2.016100
1.334840 -1.893203
2.801105 -2.885365
2.832393 -2.922442
2.108475 -1.202709
3.088096 -2.103411
3.093174 -2.099829
3.539634 -2.152566
3.509972 -2.145270
1.635521 -0.880110
1.670199 -0.882495
0.050428 -0.734102
0.047925 -0.764912
-3.904702 -1.865007
-3.916592 -1.880881
2.888032 -1.843665
-3.808567 -1.447206
-3.797154 -1.402413
-3.562036 -0.833753
-3.580590 -0.828496
-2.821215 -0.447912
-2.794709 -0.425145
-3.421854 0.159285
-3.413068 0.124545
-3.188307 0.840777
-3.206314 0.876246
2.898192 -1.850994
-1.077307 2.606221
-1.084970 2.600702
-1.280490 2.472874
-1.301894 2.439255
-1.347589 2.615579
-1.345834 2.599080
-1.390361 2.679691
-1.396528 2.680666
3.018339 2.773214
2.973192 2.750067
1.495129 0.665703
3.094510 -2.127934
2.836349 2.689662
3.110540 2.826139
2.864445 2.682720
3.094905 2.812677
2.967360 2.622067
2.968588 2.628959
3.064922 2.559228
3.052613 2.552850
1.473128 2.820126
1.449220 2.822976
3.114300 -2.087340
1.363516 2.812017
1.351013 2.823721
1.470325 3.095934
1.493959 3.066164
1.431930 3.367653
1.435970 3.363326
1.413541 3.500209
1.412948 3.504326
1.397702 3.593714
1.399928 3.589114
2.924635 -1.888338
0.049110 2.356796
0.039441 2.360249
0.095466 2.564354
0.072929 2.523900
0.052298 2.108241
0.068583 2.103360
0.148408 2.130069
0.133788 2.131492
0.421934 0.264943
0.443535 0.238875
2.943502 -1.912847
0.355282 0.339295
0.365474 0.329226
2.931597 4.209321
2.912786 4.229802
2.990851 4.232669
2.860583 4.213138
3.008052 4.253195
2.860009 4.215031
3.114982 4.229272
3.121498 4.242257
2.146232 -1.749479
3.193814 4.246333
3.179879 4.243981
3.015139 4.468479
3.014752 4.442435
2.982138 4.590156
2.990579 4.565091
-4.925594 0.109686
-4.942357 0.106034
-4.786205 0.126629
-5.017175 0.098065
2.040771 -1.752223
-4.761808 0.128343
-5.017004 0.096622
-1.726017 -0.319511
-1.712760 -0.358578
-1.722971 -0.444016
-1.733491 -0.435336
-4.254189 1.791136
-4.278075 1.827423
-3.961874 1.964574
-3.966686 1.981617
-3.526614 -0.569860
-4.476061 0.172177
-4.488882 0.163161
-4.335689 0.105106
-4.327245 0.119182
-4.410815 0.049433
-4.423275 0.040073
-0.720933 1.511115
-0.698539 1.524776
-0.644285 1.550704
-0.633850 1.552392
-3.519716 -0.499191
-0.808530 3.503031
-0.808891 3.497002
-0.795904 3.611276
-0.798865 3.588163
-2.686726 -0.965694
-2.681211 -0.942651
-2.684924 -0.924646
-2.696365 -0.893968
-2.720946 -0.785676
-2.684790 -1.047332
-3.557575 -0.836317
-2.684567 -0.917063
-2.688619 -0.913644
-2.696230 -0.876646
-2.681204 -1.023629
-2.860176 2.714490
-2.859701 2.712344
-2.922229 2.777066
-2.920646 2.760178
1.849170 3.123941
1.836733 3.114430
-3.399934 0.208819
1.871170 3.140781
1.876703 3.143672
0.652428 -3.728779
0.633161 -3.770319
0.768393 -3.432846
0.528311 -3.968535
0.780475 -3.420646
0.526877 -3.959751
0.122334 2.644884
0.141005 2.663438
1.318600 -0.457758
-3.568667 -0.874144
0.168478 2.721968
0.157989 2.715134
-3.761325 -0.791787
-3.765669 -0.778444
-3.731725 -0.801026
-3.690831 -0.798893
-3.724487 -0.787580
-3.694479 -0.797830
-1.631350 1.934771
-1.629822 1.924662
-3.407011 0.176108
-1.630005 1.902158
-1.630743 1.914001
-1.319843 2.428289
-1.314779 2.420041
-0.841742 2.738681
-0.870482 2.724353
-4.006863 0.532713
-4.019261 0.555522
1.737378 1.533201
1.723585 1.527718
-3.478282 -0.223136
1.706285 1.544156
1.680296 1.546865
1.702087 1.543381
1.671663 1.553852
1.743210 -0.589176
1.741643 -0.589668
1.737351 -0.581792
1.743558 -0.668451
1.739496 -0.592996
1.746957 -0.691046
-3.476200 -0.178747
-3.984917 -2.174304
-4.010266 -2.128758
-3.961498 -2.117974
-3.958475 -2.071512
-3.990906 -2.166364
-4.032091 -2.090915
-4.002117 -2.069255
-4.032639 -2.118427
-2.773846 2.291353
-2.778508 2.283517
-3.129599 -0.617176
3.082570 2.551291
3.084539 2.545289
-0.022625 2.042587
-0.027517 2.027116
-4.813271 0.119030
-4.805058 0.122606
-1.715245 -0.179436
-1.694048 -0.203508
1.343433 2.846612
1.363948 2.852870
-3.163439 -0.611060
2.813772 4.179799
2.833189 4.183082
0.756367 -0.051433
0.747814 -0.053290
3.183861 2.869309
3.168968 2.866009
-1.844806 0.357895
-1.817927 0.343146
-4.273919 0.200436
-4.299810 0.191953
-2.794317 -0.485033
-0.827423 3.350503
-0.826451 3.356755
-0.803624 1.454376
-0.789166 1.468367
-3.981030 -1.403002
-3.994075 -1.431605
-3.996033 -1.387995
-3.923488 -1.392930
-3.954300 -1.396068
-3.903348 -1.388783
-2.767965 -0.386578
-2.718187 2.583418
-2.731144 2.586595
-1.071867 -0.415209
-1.071875 -0.414673
-1.067451 -0.407365
-1.046835 -0.390273
-1.063082 -0.406946
-1.044129 -0.397490
2.959084 4.643693
2.954743 4.649180
-3.697412 -1.166015
0.312013 0.385401
0.321320 0.376329
-1.733105 -0.451212
-1.726436 -0.463976
-3.212924 0.603882
-3.196886 0.593564
-3.191859 0.565287
-3.195576 0.579028
-4.244299 0.800073
-4.240378 0.800050
-3.668092 -1.182810
-4.168602 0.727848
-4.171343 0.720801
1.391133 3.628356
1.391402 3.622838
0.162808 2.732407
0.167275 2.742453
-4.105670 -2.299602
-4.104253 -2.303009
-4.094147 -2.287744
-4.092380 -2.261753
1.475072 0.656682
-3.792481 -1.432942
-4.087068 -2.884042
-4.091766 -2.890838
-4.106805 -2.907332
-4.087185 -2.915850
-4.130105 -3.100117
-4.128372 -3.116778
-4.113710 -3.082981
-4.123697 -3.077432
-3.810193 -3.192821
-3.796551 -3.208240
-3.764091 -1.369606
-3.838310 -3.141766
-3.834620 -3.162566
-2.963247 2.812182
-2.949220 2.810127
0.551258 -4.168490
0.547498 -4.168515
0.554071 -4.134372
0.545696 -4.138639
0.319528 -4.093535
0.324467 -4.090217
-3.652394 -1.045397
0.348491 -4.076426
0.357516 -4.077137
2.026757 -3.145467
2.004478 -3.158891
1.984151 -3.176797
1.966386 -3.180671
2.033736 -3.523255
2.023936 -3.519224
1.990613 -3.456977
1.991615 -3.435869
-3.662244 -1.064477
1.874139 -3.460068
1.872087 -3.478337
1.863790 -3.437320
1.871304 -3.415979
1.598084 -3.445419
1.612279 -3.437128
1.670666 -3.371267
1.650088 -3.397430
3.088383 -3.031322
3.099977 -3.035955
-3.720675 -1.112219
3.050276 -3.017118
3.067124 -3.020744
2.888322 -3.096277
2.883515 -3.089747
2.872211 -3.058833
2.870275 -3.079696
3.853145 -2.069738
3.839728 -2.072767
3.796008 -2.072189
3.778514 -2.076133
-3.706554 -1.176366
3.647415 -2.346452
3.659098 -2.348185
3.639879 -2.313570
3.633688 -2.326124
-5.065626 0.089983
-5.059445 0.091021
-4.468470 0.011874
-4.473897 0.005882
-2.688601 -1.129387
-2.692461 -1.127094
-2.314249 1.720262
-0.793219 3.630535
-0.791038 3.649611
1.892086 3.158317
1.888858 3.156428
0.185954 2.149506
0.176470 2.146084
-0.598454 1.566860
-0.595731 1.568518
0.590194 -3.322186
0.587959 -3.323316
-2.255471 1.733479
0.611334 -3.336277
0.607896 -3.332867
0.690822 -3.548302
0.674319 -3.551269
0.692982 -3.532022
0.705979 -3.532362
-2.488393 2.698697
-2.482942 2.704724
-2.512148 2.686802
-2.517107 2.684103
-1.546327 1.745000
-2.734593 2.898598
-2.739680 2.891490
-2.740365 2.865907
-2.727505 2.853331
3.215107 4.248664
3.223189 4.257088
-1.634613 1.932071
-1.631557 1.919363
-1.307704 2.451488
-1.298777 2.440809
-2.510254 1.727318
-0.852138 2.732547
-0.869521 2.723623
-3.078899 0.510717
-3.094074 0.519204
-3.988794 0.577956
-3.980245 0.592071
-1.321227 1.214100
-1.336968 1.222306
-1.301353 1.202185
-1.296638 1.202269
1.388801 -0.111510
-1.610193 1.750469
1.429137 3.371454
1.427959 3.387752
-2.742402 2.313950
-2.721806 2.300812
3.081572 2.521154
3.085806 2.532850
-0.019487 2.060340
-0.044028 2.031171
0.489195 0.190684
0.451408 0.213451
-2.492436 1.674611
-4.818135 0.111413
-4.815320 0.113851
-1.739339 -0.151087
-1.722910 -0.174133
1.311196 2.800937
1.302253 2.791148
-0.569267 2.101708
-0.605356 2.102296
2.804775 4.182787
2.823245 4.187964
-1.935341 1.748847
0.733221 -0.042047
0.769655 -0.096368
-3.314287 1.072039
-3.317260 1.060456
-3.305993 1.024208
-3.298233 1.041598
3.128628 2.822041
3.124695 2.823724
-1.797604 0.323561
-1.800413 0.320395
-1.944625 1.749966
-4.233188 0.159256
-4.276339 0.183777
-0.777793 1.490615
-0.782384 1.494005
-0.826117 3.362370
-0.828213 3.360211
-1.414094 2.721832
-1.392044 2.694171
-2.764544 2.602031
-2.781662 2.600106
2.819730 3.511629
1.786749 3.069891
1.773926 3.067436
-4.282231 2.115215
-4.277294 2.104942
0.054715 2.541003
0.086110 2.594245
3.002621 4.600826
3.011476 4.586987
1.641229 -2.965578
1.632208 -2.951905
2.780950 3.461439
1.605705 -2.948900
1.602703 -2.940197
0.543286 -4.069706
0.538709 -4.088067
0.411041 -4.042539
0.423271 -4.035512
1.731866 -3.305269
1.765490 -3.293436
1.936280 -3.338902
1.931317 -3.286475
2.846142 3.519344
1.915041 -3.205820
1.923714 -3.224918
1.868685 -3.302397
1.879951 -3.276734
1.000258 -3.192556
1.003320 -3.187731
0.673019 -3.378223
0.676710 -3.374099
0.738357 -3.502308
0.743912 -3.505253
2.791621 3.487213
-2.617790 2.590829
-2.579333 2.639991
-2.736203 2.741516
-2.729223 2.755675
2.841410 -2.972571
2.838820 -2.977823
2.971709 -2.985311
2.970444 -2.982041
3.732322 -2.083471
3.672170 -2.089316
2.805082 3.459752
3.528323 -2.231384
3.556489 -2.258227
-3.935375 -2.532842
-3.943466 -2.516494
-3.963513 -2.910387
-3.997718 -2.899497
-4.018733 -2.878668
-4.007528 -2.915617
-4.077440 -3.021803
-4.070511 -3.011253
2.780260 3.508670
-3.871821 -3.084198
-3.887342 -3.075036
-3.140630 0.537736
-3.199855 0.567724
-4.094629 0.665876
-4.090441 0.647728
-3.783450 0.174885
-3.684506 0.157966
1.151840 -0.398328
1.131314 -0.372796
1.348627 -0.235531
2.827666 3.514177
2.635468 2.660250
2.676120 2.677072
2.887267 3.737214
2.861144 3.673577
-1.394656 2.258700
-1.404343 2.241304
-1.626468 1.852570
-1.613202 1.838028
0.035592 1.694696
0.062944 1.613269
2.809986 3.480860
1.575519 2.282176
1.560624 2.323413
-1.281919 1.193124
-1.289326 1.188771
-2.575054 2.021019
-2.572073 2.048192
-3.686620 1.410682
-3.652590 1.370507
-3.273732 0.876669
-3.250294 0.922077
-1.375112 1.379604
-2.000112 0.325857
-2.022211 0.332356
-2.694694 2.158599
-2.705247 2.152163
-0.968794 0.669824
-0.984656 0.675167
1.423461 0.716137
1.377049 0.695192
1.393275 0.718917
1.474228 0.689067
-1.387669 1.396150
1.641581 0.526666
1.371009 0.641830
1.362720 0.666173
1.389994 0.695218
1.627407 0.513875
1.777493 -0.907913
1.741405 -0.916231
1.791437 -0.926621
1.794660 -0.954875
1.921510 -0.833470
-1.257940 1.171636
1.784834 -0.893316
1.765316 -0.887974
1.825031 -0.859465
1.974069 -0.802165
1.275291 -2.040310
1.244196 -2.006022
1.240873 -2.073822
1.279513 -2.013560
1.082966 -2.028020
1.268683 -1.952062
-1.230239 1.139841
1.238747 -1.922067
1.270452 -1.950540
1.112627 -1.977940
2.673406 -1.492056
2.644548 -1.497777
2.698081 -1.498008
2.633177 -1.539504
2.963912 -1.468682
2.632494 -1.470041
2.609864 -1.488301
-0.436166 1.511900
2.614833 -1.465922
2.923895 -1.475052
0.025074 -0.634282
0.031660 -0.638312
0.047121 -0.604667
0.042611 -0.697863
-0.129008 -0.735206
0.050322 -0.655063
0.039038 -0.638891
0.048109 -0.632984
-0.398309 1.518820
-0.141057 -0.731226
-2.465198 0.349238
-2.478797 0.259490
-2.463356 0.313908
-2.390677 0.263031
-2.359173 0.542035
-2.378344 0.288480
-2.394654 0.252620
-2.442367 0.311268
-2.348931 0.533444
0.127988 1.353432
2.607036 -1.489707
2.637141 -1.442217
2.771222 -1.366800
2.808109 -1.344531
2.657506 -1.747788
2.668312 -1.798503
2.666929 -1.796659
2.668487 -1.793500
2.653433 -1.731544
2.694818 -1.814617
0.129783 1.458647
2.686158 -1.817207
2.695239 -1.823614
2.634768 -1.651992
3.080235 -1.434016
3.086695 -1.427173
3.121067 -1.414131
3.126020 -1.412755
1.706354 -0.835690
1.706540 -0.857937
1.816192 -0.901016
1.403935 0.067292
2.145084 2.439185
1.815613 -0.897667
1.730855 -1.191827
1.695701 -1.278764
1.706760 -1.235905
1.711791 -1.229058
1.714023 -1.142933
1.710623 -1.273777
1.696221 -1.266776
1.707114 -1.277713
1.711742 -1.048421
2.131177 2.444021
2.069191 -0.738848
2.036833 -0.755234
2.101057 -0.739207
2.098712 -0.730992
0.002319 -0.613801
-0.026014 -0.614004
0.126348 -0.503836
0.086578 -0.553190
0.006655 -0.909255
-0.008389 -0.953595
1.609278 2.051708
-0.004345 -0.962032
-0.016407 -0.948043
-0.017836 -0.902475
-0.023957 -1.019186
0.020041 -1.044963
-0.019129 -1.038316
-0.016661 -0.777920
-0.228034 -0.755623
-0.239020 -0.765883
-0.242928 -0.759772
2.439345 2.645382
-0.270658 -0.773352
-2.478824 0.209671
-2.519123 0.195618
-2.518576 0.360101
-2.537183 0.391157
-2.267193 0.123542
-2.273209 0.087566
-2.213957 0.129921
-2.256700 0.079889
-2.295161 0.173616
1.593636 2.014175
-2.256279 0.063806
-2.199569 0.139459
-2.242620 -0.006450
-2.328334 0.240937
-2.342361 0.626118
-2.337825 0.608785
-2.326870 0.665766
-2.335786 0.650240
1.222458 0.645664
1.259457 0.653776
2.488103 2.684352
1.380141 0.732612
1.367470 0.760071
1.715680 0.710200
1.784997 0.720917
1.778832 0.725397
1.798201 0.733018
1.659899 0.703489
1.797763 0.724080
1.816355 0.731733
1.837094 0.751347
0.926423 1.780434
1.492295 0.681380
1.742758 0.465125
1.730074 0.442088
1.774104 0.450553
1.764740 0.433178
1.201015 -1.936418
1.211012 -1.975211
1.279016 -2.053834
1.235411 -2.126046
1.501838 -2.128119
0.808059 1.729349
1.576156 -2.185769
1.548623 -2.160391
1.560471 -2.165921
1.464223 -2.072852
1.580876 -2.194812
1.569977 -2.193424
1.557239 -2.176581
1.361558 -1.970825
0.966449 -2.033751
0.966177 -2.013281
1.599088 1.740962
0.935467 -2.028976
0.943639 -2.011279
1.579414 1.781657
1.381981 0.022245
1.571742 1.550579
1.570998 1.554941
1.584671 1.752955
1.580363 1.787717
0.474220 -0.754382
0.432997 -0.751685
-0.007574 -0.720896
-0.030750 -0.667898
0.521615 -0.807785
0.643280 -0.812983
