2050 2
2.662031 5.427427
2.626099 5.411627
5.462928 -1.773442
-3.727666 -1.762320
3.556622 -2.977954
3.588080 -2.941901
3.552900 -2.564592
3.642027 -2.748396
3.684728 -2.705748
3.632556 -2.694677
3.422645 -2.383372
3.419956 -2.335710
3.416929 -2.353255
3.701365 -2.776879
-3.727882 -1.750980
3.693646 -2.733310
3.696944 -2.767096
3.401768 -2.339255
3.376671 -2.328352
3.404746 -2.282217
2.534970 -2.681769
2.596476 -2.973092
2.565896 -2.998392
2.577632 -2.979461
2.532193 -2.421056
-3.773600 -1.731519
2.515813 -2.402185
2.521318 -2.421935
2.576259 -3.037710
2.620948 -3.038920
2.585378 -3.043702
2.550593 -2.399406
2.540767 -2.381349
2.494446 -2.348595
3.242513 -2.615140
3.471251 -2.767333
-3.116839 -2.961343
3.557087 -2.741856
3.463913 -2.737988
2.706266 -2.388273
2.769650 -2.399386
2.714041 -2.350449
3.552414 -2.757496
3.505628 -2.767618
3.552927 -2.758928
2.675537 -2.357796
2.682065 -2.344578
-3.086244 -2.920639
2.671274 -2.342614
2.972509 -2.200761
3.137525 -2.231932
3.130076 -2.189183
3.160215 -2.222171
2.707023 -2.205166
2.684421 -2.168723
2.730127 -2.189630
3.185012 -2.216021
3.175254 -2.243735
-3.092143 -2.968584
3.216980 -2.179344
2.599309 -2.204013
2.631391 -2.192830
2.630049 -2.194327
2.667095 -3.193608
2.578555 -3.104275
2.754787 -3.025507
2.479024 -3.138237
2.658557 -2.989165
2.658466 -3.072690
3.241466 3.691795
3.822234 -2.729005
3.729775 -2.859977
3.640123 -2.895021
3.742936 -2.728841
3.520160 -2.897494
3.579853 -2.754628
3.379313 -2.162291
3.280451 -2.178481
3.323201 -2.383088
3.265279 -2.115507
2.982784 4.476727
3.159508 -2.322205
3.312195 -2.276169
2.602598 -2.241004
2.456918 -2.191523
2.599037 -2.398144
2.531393 -2.138591
2.599163 -2.271404
2.682067 -2.257150
-3.020476 1.088631
-3.660104 1.251490
2.943574 4.474348
-3.722622 1.304296
-3.718048 1.257287
-2.737093 1.001930
-2.669515 1.006032
-2.742390 0.998864
-3.742248 1.291970
-3.795544 1.286932
-3.764195 1.291055
-2.646841 0.983083
-2.624901 0.945617
2.939812 4.475375
-2.642074 0.964530
-3.782227 2.705038
-4.121386 2.422108
-4.108469 2.400429
-4.118509 2.403065
-3.533047 2.936242
-3.535510 2.908577
-3.521621 2.920252
-4.183445 2.347857
-4.182800 2.367248
5.450214 -1.734704
3.334397 3.510225
-4.162465 2.318224
-3.440306 2.990000
-3.488476 2.978449
-3.441702 2.972502
-1.889154 1.736792
-2.087425 2.395437
-2.097679 2.380729
-2.117028 2.405130
-1.810855 1.552732
-1.845020 1.559124
3.293209 3.542995
-1.809390 1.509155
-2.113706 2.459631
-2.159085 2.496992
-2.157574 2.466319
-1.772690 1.434058
-1.772671 1.427551
-1.809147 1.441369
-4.625924 0.419965
-4.675040 0.638356
-4.670043 0.640061
3.297496 3.486141
-4.646908 0.679992
-4.528775 -0.332979
-4.489030 -0.352813
-4.513906 -0.337041
-4.682225 0.716559
-4.690775 0.756252
-4.656562 0.738612
-4.494673 -0.385903
-4.497863 -0.424327
-4.487614 -0.394313
2.955069 4.506337
-3.092504 1.671205
-2.987826 2.271987
-3.001791 2.245215
-2.978088 2.260808
-3.521469 0.001020
-3.535199 -0.001152
-3.500145 0.000645
-2.993628 2.340610
-2.947108 2.377175
-2.976596 2.353458
2.950049 4.513956
-3.538419 -0.050594
-3.521277 -0.026428
-3.529989 -0.040217
-2.665690 -0.212155
-2.319347 0.047572
-2.371418 0.054694
-2.362043 0.076836
-3.285228 -0.680372
-3.277817 -0.647524
-3.226643 -0.613418
2.917089 4.510660
-2.300300 0.080804
-2.299927 0.105685
-2.313533 0.125556
-3.413697 -0.732867
-3.398872 -0.723754
-3.412124 -0.715329
-4.536239 2.078215
-4.784088 1.853723
-4.823061 1.830695
-4.825243 1.829582
3.328052 3.452478
-4.428055 2.156986
-4.404237 2.196465
-4.402748 2.186089
-4.834402 1.814088
-4.832426 1.815852
-4.847922 1.807549
-4.368532 2.215340
-4.390053 2.196016
-4.382381 2.220002
-4.329288 1.497555
3.336580 3.430737
-4.653464 1.617526
-4.710863 1.602073
-4.680209 1.587661
-4.166981 1.461291
-4.099314 1.387868
-4.109823 1.394304
-4.736113 1.624647
-4.726256 1.601614
-4.745003 1.639714
-4.051117 1.420105
3.302060 3.484260
-4.067142 1.416417
-4.055295 1.377630
-4.099058 1.848201
-4.015764 1.634378
-3.981933 1.619383
-4.024072 1.605113
-4.170218 2.022247
-4.169020 2.038849
-4.176534 2.005137
-4.000362 1.572232
0.935862 5.060952
-4.020319 1.543984
-4.001897 1.561807
-4.192080 2.091596
-4.218952 2.076468
-4.206709 2.084372
-4.898159 1.277864
-4.934470 1.480307
-4.940013 1.450763
-4.925849 1.445643
-4.790121 1.023764
5.473436 -1.754076
1.474196 5.132718
-4.798130 1.014216
-4.801510 1.026615
-4.942124 1.508986
-4.921923 1.488996
-4.950778 1.500202
-4.764387 0.983911
-4.760860 0.985073
-4.774811 0.981067
-4.269952 1.122833
-4.121676 1.233367
1.436730 5.110227
-4.061060 1.249873
-4.117332 1.229336
-4.508089 0.956882
-4.524848 0.903443
-4.465765 1.018621
-4.050505 1.275352
-4.080739 1.267982
-4.016718 1.326128
-4.616523 0.859411
-4.562356 0.976441
1.401494 5.096660
-4.538511 0.963517
-4.485364 1.583980
-4.381061 1.957797
-4.346756 2.060335
-4.348854 1.995698
-4.605564 1.071945
-4.621513 1.057276
-4.580853 1.100005
-4.330665 2.096665
-4.323178 2.057431
0.446767 4.997249
-4.309031 2.092849
-4.644988 1.033754
-4.595936 1.036723
-4.593132 1.003818
-4.833353 1.651630
-4.888412 1.811636
-4.754967 1.765063
-4.951392 1.580285
-4.905598 1.630328
-4.807038 1.541900
0.459844 4.983740
-3.849333 1.436406
-3.912657 1.347358
-4.043476 1.516611
-3.928139 1.269938
-4.087002 1.326831
-4.026704 1.440450
-4.178214 2.202297
-4.288446 2.300907
-4.323042 2.156152
-4.243070 2.227921
0.441268 4.982987
-4.375348 2.151323
-4.245628 2.053003
-4.630031 0.780762
-4.730410 0.844483
-4.656096 0.944984
-4.638301 0.830159
-4.718222 1.000433
-4.557711 1.011414
-2.248204 3.101057
-2.281922 3.315128
1.545533 5.136145
-2.256819 3.376147
-2.257572 3.289268
-2.234741 2.912417
-2.207647 2.831348
-2.246589 2.872552
-2.280635 3.437349
-2.310092 3.391121
-2.261140 3.404709
-2.221700 2.804028
-2.261169 2.778574
1.498313 5.112556
-2.222619 2.732884
-2.847469 3.395506
-2.610972 3.520577
-2.552654 3.547256
-2.618137 3.515367
-3.141366 3.238867
-3.196995 3.235928
-3.127287 3.253628
-2.514556 3.563942
-2.548765 3.532408
1.508966 5.107771
-2.521485 3.547100
-3.189203 3.221117
-3.167780 3.196296
-3.215922 3.204461
-2.697716 2.869328
-3.089324 2.990840
-3.129133 2.992028
-3.108637 3.000092
-2.405077 2.765806
-2.385923 2.720105
0.359904 4.952070
-2.443106 2.751986
-3.161394 3.008108
-3.141413 3.038367
-3.178425 3.011122
-2.331283 2.692654
-2.375629 2.728295
-2.360475 2.702490
-2.531664 3.165247
-2.428620 3.294466
-2.386363 3.353832
5.439498 -1.772771
0.323271 4.950806
-2.424728 3.350413
-2.836228 2.709628
-2.838385 2.672525
-2.815623 2.717043
-2.349570 3.392631
-2.418412 3.396099
-2.431138 3.441988
-2.880965 2.627213
-2.834186 2.669814
-2.843215 2.640471
0.346893 4.966601
-3.154277 2.773785
-3.281898 2.976054
-3.302462 2.923698
-3.240075 2.933122
-3.014170 2.617863
-3.023997 2.563928
-3.037129 2.594006
-3.313612 2.981480
-3.284422 2.991101
-3.323661 2.969882
1.912696 3.465079
-2.993669 2.580889
-2.946989 2.577084
-2.986247 2.548656
-2.589724 2.518333
-2.430614 2.556583
-2.378211 2.539309
-2.415039 2.557337
-2.729027 2.507514
-2.757556 2.479712
-2.731215 2.507229
0.693462 4.051582
-2.352231 2.575024
-2.368233 2.604033
-2.364823 2.564794
-2.773489 2.470450
-2.790902 2.534222
-2.783108 2.482155
-2.380115 3.599428
-2.231449 3.481068
-2.430432 3.476001
-2.282825 3.510884
0.703828 4.082089
-2.337954 3.335717
-2.466242 3.456659
-3.302524 2.992658
-3.358034 3.093071
-3.163553 3.120773
-3.438477 2.958255
-3.216851 3.139374
-3.233824 2.999922
-2.264437 2.613379
-2.187246 2.673393
0.706567 4.040425
-2.336544 2.789308
-2.252381 2.498621
-2.296247 2.674016
-2.381605 2.691100
-2.990146 2.436615
-2.914196 2.535263
-2.896919 2.646592
-2.886426 2.382991
-2.814926 2.635134
-2.873984 2.552397
2.367664 3.266770
-1.490164 1.035575
-1.269673 0.730701
-1.232877 0.725602
-1.251343 0.682303
-1.607932 1.189605
-1.604504 1.199853
-1.616036 1.153237
-1.204010 0.669819
-1.245006 0.665255
-1.188969 0.669914
2.341458 3.303988
-1.627439 1.259943
-1.654519 1.234429
-1.658432 1.235726
-1.695139 0.647626
-1.366513 0.586028
-1.386727 0.556923
-1.386742 0.554200
-2.279946 0.799188
-2.306491 0.808368
-2.328136 0.805882
2.356488 3.271523
-1.279948 0.553281
-1.302763 0.553383
-1.325013 0.553930
-2.369628 0.840295
-2.383524 0.861824
-2.369393 0.808643
-2.104458 1.145236
-2.310942 1.018527
-2.335459 1.042364
-2.258866 1.055900
0.645135 4.066668
-1.936785 1.217152
-1.910353 1.259368
-1.944828 1.217601
-2.365695 1.016307
-2.344157 1.001131
-2.370138 1.020877
-1.864766 1.275655
-1.863965 1.239531
-1.896123 1.284118
-1.682009 0.294751
-4.927005 1.750670
0.625029 4.069458
-1.354276 0.406694
-1.312539 0.389505
-1.361573 0.392358
-1.905239 0.257870
-1.919295 0.233277
-1.914224 0.252671
-1.282277 0.424276
-1.330695 0.410403
-1.299980 0.398990
-2.012203 0.204660
0.648717 4.070738
-2.014909 0.259566
-2.046038 0.184559
-2.320579 0.524747
-2.438421 0.757067
-2.483720 0.803571
-2.436661 0.850882
-2.266761 0.386085
-2.276168 0.348532
-2.246796 0.413404
-2.489805 0.840967
2.489591 3.236110
-2.445822 0.829736
-2.474930 0.841911
-2.249121 0.321424
-2.225148 0.350235
-2.258594 0.308465
-1.939020 0.717922
-1.807175 1.079055
-1.817042 1.089961
-1.833513 1.030858
-2.020987 0.469052
2.436532 3.236218
-2.046117 0.489656
-2.039409 0.498463
-1.794042 1.124848
-1.791747 1.111317
-1.808682 1.146089
-2.071537 0.392066
-2.047137 0.433742
-2.099472 0.419205
-1.200099 0.516241
-1.121739 0.589779
2.465214 3.233827
-1.266054 0.631463
-1.187032 0.421075
-1.268158 0.524842
-1.359498 0.476507
-2.519343 1.009929
-2.531634 0.902690
-2.333824 0.939700
-2.566699 0.886515
-2.378960 0.820578
-2.395387 0.939357
1.472379 3.292930
-1.845154 1.394931
-1.712662 1.366691
-1.811351 1.239107
-1.796363 1.260055
-1.705367 1.151869
-1.857011 1.183287
-2.299481 0.167153
-2.161896 0.111526
-2.121814 0.304764
-2.225055 0.257074
2.043969 4.256234
-1.997181 0.323724
-2.160599 0.404666
-3.645210 -0.997421
-3.719792 -1.398884
-3.666615 -1.488444
-3.673454 -1.358120
-3.615108 -0.506915
-3.609833 -0.439888
-3.592608 -0.487721
-3.729905 -1.486032
2.063955 4.244566
-3.772223 -1.417596
-3.684813 -1.492504
-3.602405 -0.392729
-3.598482 -0.469977
-3.573333 -0.374042
-4.161262 -1.101350
-3.988960 -1.422898
-3.994715 -1.407711
-3.992527 -1.406430
-4.354244 -0.765727
2.027167 4.291277
-4.376509 -0.751917
-4.357721 -0.769541
-3.934597 -1.474881
-3.935582 -1.476943
-3.954193 -1.485469
-4.383140 -0.725164
-4.371871 -0.748577
-4.406299 -0.710644
-4.083997 -0.355027
-4.232244 -0.429903
1.352288 3.094367
-4.254620 -0.415458
-4.248269 -0.425827
-3.757212 -0.281768
-3.814305 -0.245545
-3.754500 -0.271821
-4.310705 -0.461300
-4.317542 -0.481154
-4.311902 -0.447706
-3.731804 -0.232689
-3.732791 -0.258167
-4.930054 1.773220
1.360132 3.141246
-3.739052 -0.234256
-3.657150 -1.190356
-3.741336 -1.444167
-3.762089 -1.479145
-3.755158 -1.412688
-3.620979 -1.064400
-3.587689 -1.050348
-3.614450 -1.045511
-3.738827 -1.498786
-3.778884 -1.477970
1.353356 3.088034
-3.772905 -1.473038
-3.594399 -1.040011
-3.625962 -0.979600
-3.559547 -0.936666
-4.080847 -0.671487
-4.322344 -0.602268
-4.329887 -0.598593
-4.310476 -0.580288
-3.865342 -0.765172
-3.809484 -0.749493
2.090820 4.319760
-3.788729 -0.754026
-4.357375 -0.584645
-4.333582 -0.588666
-4.346752 -0.563296
-3.766714 -0.759400
-3.757886 -0.775661
-3.730965 -0.766385
-3.527105 -0.493070
-3.518800 -0.369696
-3.516528 -0.291663
2.048815 4.319860
-3.565326 -0.305277
-3.547853 -0.751222
-3.550872 -0.678246
-3.551691 -0.745701
-3.523443 -0.265846
-3.560095 -0.308372
-3.561680 -0.288340
-3.539526 -0.745591
-3.561338 -0.741661
-3.541209 -0.729230
2.067698 4.319332
-3.881151 -1.579122
-3.693260 -1.656328
-3.878041 -1.445251
-3.735894 -1.663375
-3.722332 -1.467633
-3.888628 -1.460889
-4.426635 -0.397294
-4.480795 -0.519798
-4.335135 -0.590752
-4.411345 -0.515457
1.305760 3.063827
-4.365693 -0.657270
-4.313216 -0.520581
-3.684521 -0.146528
-3.553453 -0.193341
-3.666185 -0.399179
-3.504716 -0.153071
-3.559170 -0.390571
-3.674913 -0.283606
-3.597178 -0.734110
-3.512231 -0.902994
1.326257 3.037570
-3.693467 -0.906361
-3.428805 -0.709508
-3.577922 -0.916652
-3.651753 -0.735844
0.335992 -4.484008
-0.004142 -4.987564
-0.023761 -4.995359
-0.073191 -5.023932
0.498476 -4.284467
0.480246 -4.285680
1.323865 3.055892
0.478861 -4.272515
-0.081262 -5.058975
-0.091729 -5.073017
-0.083875 -5.042307
0.538524 -4.228577
0.566884 -4.224814
0.518939 -4.213773
-0.786511 -3.721985
-0.765263 -4.441351
-0.745612 -4.391422
0.129968 3.089926
-0.771308 -4.379945
-0.815491 -2.569563
-0.790709 -2.576338
-0.831546 -2.567541
-0.750259 -4.504804
-0.772046 -4.462209
-0.747682 -4.456753
-0.781639 -2.479013
-0.845635 -2.502409
-0.798396 -2.513427
-0.184685 3.698683
0.239504 -2.469193
-0.076372 -2.038990
-0.032031 -2.125751
-0.079715 -2.060174
0.457509 -2.743971
0.463080 -2.770381
0.425274 -2.751166
-0.099712 -2.033124
-0.078209 -2.041963
-0.084607 -2.054249
-4.912900 1.729428
-0.171871 3.730425
0.532161 -2.846349
0.511318 -2.841748
0.496598 -2.843796
-2.070235 -4.456083
-1.544264 -4.995807
-1.545307 -4.983947
-1.656373 -4.872170
-2.289725 -4.253853
-2.287076 -4.215519
-2.269210 -4.224340
-0.160802 3.706658
-1.502910 -5.023260
-1.506304 -5.022740
-1.498945 -5.012297
-2.338363 -4.173873
-2.331074 -4.177215
-2.322160 -4.154047
-1.854443 -2.314900
-1.624956 -2.069933
-1.597632 -2.060646
-1.581540 -2.046508
0.270814 2.844253
-2.091156 -2.561214
-2.075418 -2.569022
-2.092374 -2.602581
-1.500773 -1.969901
-1.489887 -1.964653
-1.497125 -1.988047
-2.139265 -2.634776
-2.140582 -2.632597
-2.122455 -2.641569
-0.824191 -3.496341
0.287152 2.868929
-0.229511 -3.503603
-0.178240 -3.520210
-0.194603 -3.483360
-1.636014 -3.484309
-1.643435 -3.495446
-1.607442 -3.460171
-0.146720 -3.515585
-0.144134 -3.488536
-0.140880 -3.495597
-1.711139 -3.517109
0.305754 2.829491
-1.704805 -3.464894
-1.694966 -3.482213
-0.746313 -5.220884
-0.680118 -5.508045
-0.720024 -5.510887
-0.731535 -5.491638
-0.728039 -4.848470
-0.755385 -4.883202
-0.777140 -4.870892
-0.711561 -5.557613
-0.205447 3.763963
-0.708472 -5.545332
-0.720176 -5.535630
-0.734254 -4.776648
-0.761530 -4.815686
-0.762254 -4.782270
-0.395014 -5.489988
-0.512985 -5.576861
-0.529637 -5.621015
-0.524593 -5.581329
-0.267625 -5.323063
-0.199778 3.766855
-0.245024 -5.341812
-0.273861 -5.324904
-0.570656 -5.614310
-0.591020 -5.602000
-0.561494 -5.608334
-0.204971 -5.252502
-0.245314 -5.284711
-0.231363 -5.287930
-0.472478 -4.808109
-0.296068 -4.996028
-0.184072 3.768879
-0.300869 -4.958454
-0.293339 -5.007001
-0.568322 -4.714648
-0.577958 -4.701807
-0.634734 -4.702116
-0.246768 -5.015446
-0.294375 -5.056290
-0.272307 -5.030669
-0.619873 -4.674830
-0.639917 -4.686615
0.307779 2.795755
-0.642106 -4.661678
-1.120519 -5.404090
-0.907369 -5.573708
-0.859909 -5.628754
-0.914944 -5.583331
-1.267919 -5.267117
-1.300233 -5.264505
-1.248168 -5.274748
-0.842752 -5.628783
-0.847333 -5.597494
0.323062 2.784122
-0.825823 -5.631020
-1.306122 -5.238585
-1.292530 -5.225306
-1.302703 -5.198474
-0.762787 -5.142459
-0.433017 -5.165173
-0.425845 -5.150167
-0.486628 -5.170396
-1.179725 -5.136830
-1.209625 -5.109209
-4.936041 1.735205
0.338805 2.800699
-1.149883 -5.107299
-0.366449 -5.158449
-0.400896 -5.139821
-0.345930 -5.154473
-1.241038 -5.126897
-1.245193 -5.129419
-1.234238 -5.073463
-1.074019 -4.815516
-0.925585 -4.697422
-0.907857 -4.692187
1.963442 2.222025
-0.874143 -4.686594
-1.240502 -4.959651
-1.248096 -4.921457
-1.247378 -4.959871
-0.886922 -4.677242
-0.844855 -4.694859
-0.844845 -4.662682
-1.271124 -4.981161
-1.280713 -4.999852
-1.272121 -4.937855
2.630530 2.295266
-0.604969 -5.718111
-0.706101 -5.682208
-0.622960 -5.557560
-0.767142 -5.725183
-0.843793 -5.594302
-0.707603 -5.612507
-0.149568 -5.011360
-0.116368 -5.127968
-0.249292 -5.174400
-0.221469 -5.100911
2.633530 2.319229
-0.335996 -5.219497
-0.325075 -5.083361
-0.667088 -4.574635
-0.760199 -4.657245
-0.662207 -4.751647
-0.810910 -4.531284
-0.844713 -4.750886
-0.768563 -4.678034
-1.395644 -5.044773
-1.480003 -5.117665
2.592443 2.324539
-1.226586 -5.172926
-1.366661 -4.951284
-1.278538 -5.115220
-1.242643 -5.047663
-0.366220 -1.442125
-0.452113 -1.272472
-0.438505 -1.261437
-0.438607 -1.293296
-0.275766 -1.667133
-0.266745 -1.662700
1.632407 2.164122
-0.280398 -1.659893
-0.511570 -1.181275
-0.509676 -1.216359
-0.481714 -1.202460
-0.230516 -1.741402
-0.269242 -1.723937
-0.234284 -1.753751
-0.722526 -1.506937
-0.668978 -1.297684
-0.654129 -1.275362
1.620116 2.176158
-0.689421 -1.305597
-0.747514 -2.193434
-0.784940 -2.222069
-0.810850 -2.181193
-0.627408 -1.218443
-0.717293 -1.299685
-0.673697 -1.236196
-0.792964 -2.230777
-0.794200 -2.229678
-0.808522 -2.247023
1.582855 2.174420
-0.443336 -2.149239
-0.643901 -2.262592
-0.642220 -2.300679
-0.652129 -2.282991
-0.337122 -2.064326
-0.274562 -2.068559
-0.317290 -2.056830
-0.661815 -2.338272
-0.669695 -2.285923
-0.667297 -2.313830
2.677500 2.332607
-0.262217 -2.044526
-0.290474 -2.013464
-0.276530 -2.036417
-1.015724 -1.449135
-0.782146 -1.270603
-0.822031 -1.271097
-0.802664 -1.273324
-1.258852 -1.709029
-1.257895 -1.672563
-1.212775 -1.649131
2.685281 2.332997
-0.732514 -1.191727
-0.742220 -1.239180
-0.749639 -1.235997
-1.318368 -1.745911
-1.271395 -1.731605
-1.310230 -1.725935
-1.197036 -2.086058
-1.025947 -2.218723
-1.005645 -2.264664
-0.977666 -2.272599
-4.914404 1.766168
2.679120 2.344531
-1.286369 -1.953147
-1.298327 -2.035613
-1.263743 -2.013474
-0.958037 -2.294021
-0.976540 -2.267285
-0.934243 -2.308892
-1.346923 -1.958120
-1.298964 -1.942649
-1.347412 -2.006024
-0.555104 -1.828414
1.577556 2.166974
-0.374565 -1.821235
-0.368283 -1.860406
-0.380748 -1.845864
-1.160039 -1.803624
-1.235980 -1.835924
-1.175537 -1.863277
-0.333785 -1.844492
-0.327221 -1.851662
-0.304057 -1.895653
-1.255322 -1.817773
1.557431 2.158693
-1.236882 -1.864805
-1.263483 -1.868244
-0.570262 -1.059017
-0.510258 -1.042712
-0.566253 -1.233502
-0.645878 -1.089807
-0.655715 -1.237810
-0.711869 -1.253286
-0.696337 -2.390590
-0.799160 -2.319726
1.562264 2.167826
-0.713193 -2.242171
-0.886135 -2.457781
-0.876451 -2.219686
-0.737782 -2.295068
-0.182429 -2.058245
-0.125542 -1.938188
-0.284990 -1.927453
-0.215392 -1.939970
-0.297065 -1.745561
-0.323384 -1.931761
2.213233 5.322426
-1.402641 -2.001361
-1.417063 -1.841672
-1.288398 -1.838842
-1.388761 -1.909270
-1.224986 -1.739851
-1.259992 -1.931602
1.082176 -3.217497
1.221608 -3.315794
1.259100 -3.293386
1.212868 -3.288198
2.371172 5.359752
0.801290 -3.046711
0.753512 -3.000852
0.771536 -3.022021
1.297038 -3.322931
1.268263 -3.361428
1.304404 -3.320003
0.725441 -2.986617
0.737921 -3.018436
0.719018 -2.980942
1.007117 -3.848303
2.388512 5.356482
1.258765 -3.690114
1.223767 -3.715814
1.232984 -3.663919
0.780588 -3.985981
0.794957 -3.987195
0.797759 -3.964275
1.291728 -3.630227
1.287971 -3.604418
1.295545 -3.637454
0.746590 -4.008836
2.375453 5.334747
0.724882 -3.995450
0.731227 -4.015352
0.606111 -3.597684
0.637341 -3.864409
0.588409 -3.946706
0.593774 -3.866727
0.623225 -3.195876
0.595370 -3.140494
0.598787 -3.188470
0.628465 -4.010690
1.911116 5.231283
0.603461 -3.951159
0.584500 -3.972351
0.602506 -3.086338
0.614520 -3.121448
0.576807 -3.054562
0.451634 -3.475898
1.212660 -3.425445
1.243987 -3.425090
1.210672 -3.456659
0.186275 -3.520303
1.846457 5.235255
0.187867 -3.522933
0.198994 -3.492019
1.280728 -3.430073
1.258846 -3.446561
1.267333 -3.456230
0.123464 -3.534718
0.139105 -3.496300
0.133436 -3.511292
0.273247 -3.796881
0.466052 -3.976437
-4.949178 1.746499
1.934193 5.254847
0.438958 -3.987485
0.418719 -3.921911
0.136090 -3.653896
0.125309 -3.664019
0.101396 -3.608437
0.484356 -4.003624
0.498276 -3.980027
0.468017 -4.032931
0.074392 -3.612003
0.094689 -3.617098
2.454826 5.352934
0.072504 -3.594604
0.262368 -3.181053
0.461477 -3.044306
0.448093 -2.991606
0.448372 -3.061783
0.083953 -3.379029
0.081342 -3.322196
0.122185 -3.315044
0.479741 -2.971095
0.510489 -3.010128
2.444181 5.325871
0.481680 -2.983889
0.048491 -3.378767
0.080232 -3.393413
0.060470 -3.381846
1.458071 -3.569879
1.421419 -3.361009
1.278761 -3.508387
1.451565 -3.409505
1.285601 -3.367225
1.258770 -3.577663
2.434434 5.343628
0.559467 -4.119576
0.598635 -4.192275
0.659663 -3.979634
0.477251 -4.067589
0.615201 -4.012696
0.546304 -3.963084
0.576387 -2.959897
0.656974 -2.929283
0.668339 -3.074935
0.478122 -2.884743
1.855843 5.211624
0.606378 -3.010902
0.531729 -3.049697
-0.072026 -3.559582
0.019029 -3.518735
0.127542 -3.571445
-0.090979 -3.431074
0.144054 -3.458305
0.084560 -3.503375
-2.627801 -2.922714
-2.800681 -3.094231
1.877431 5.215431
-2.856355 -2.979852
-2.776978 -3.020645
-2.441120 -2.840531
-2.463582 -2.838202
-2.459018 -2.868836
-2.859801 -3.023414
-2.862048 -3.045670
-2.854086 -3.017091
-2.384253 -2.802130
-2.389075 -2.832561
1.807133 5.210993
-2.400261 -2.833675
-2.800749 -3.515700
-2.895099 -3.353259
-2.935214 -3.327448
-2.901659 -3.349333
-2.579139 -3.886071
-2.551686 -3.946761
-2.546543 -3.897838
-2.947428 -3.257483
-2.924747 -3.270202
2.833973 4.945471
-2.972720 -3.313283
-2.546563 -3.942961
-2.520574 -3.929546
-2.502356 -3.978707
-2.360214 -3.548029
-2.394673 -3.853013
-2.380215 -3.837583
-2.378295 -3.807786
-2.323922 -3.023126
-2.314317 -3.036847
2.679883 5.198003
-2.284735 -3.009945
-2.382949 -3.942842
-2.398829 -3.886402
-2.366843 -3.895777
-2.310633 -2.912047
-2.272368 -2.944832
-2.246579 -2.884749
-2.345567 -3.316864
-2.799498 -3.186390
-2.853510 -3.160663
2.730343 5.157907
-2.795221 -3.197689
-2.069280 -3.461638
-2.016880 -3.448437
-2.077064 -3.420555
-2.861782 -3.128076
-2.815484 -3.164820
-2.871861 -3.164652
-1.986186 -3.499254
-2.030214 -3.470864
-2.025975 -3.456734
2.666689 5.414758
-4.936868 1.729679
2.720793 5.157043
-2.066682 -3.774826
-2.295384 -3.927701
-2.249083 -3.960181
-2.315629 -3.931314
-1.969531 -3.682048
-1.928619 -3.675848
-1.968170 -3.664227
-2.304518 -4.000446
-2.341160 -3.953042
-2.296525 -3.979184
2.881547 4.857510
-1.904837 -3.627009
-1.921569 -3.600409
-1.895515 -3.627928
-1.988611 -3.165371
-2.177053 -2.906070
-2.118198 -2.907822
-2.170862 -2.932933
-1.909584 -3.323104
-1.868171 -3.313555
-1.900281 -3.342868
2.887185 4.799709
-2.151945 -2.886816
-2.189618 -2.912363
-2.150282 -2.879323
-1.866065 -3.331517
-1.908280 -3.365934
-1.869200 -3.349127
-3.038164 -3.134803
-3.010251 -2.939363
-2.891960 -3.209341
-3.028538 -3.019118
2.877235 4.790236
-2.832249 -3.092315
-2.878439 -3.255276
-2.358112 -4.056583
-2.455846 -4.068608
-2.503359 -3.926065
-2.288725 -4.085459
-2.452998 -3.987957
-2.348816 -3.893112
-2.190999 -2.739953
-2.289138 -2.704136
2.677680 5.215028
-2.374309 -2.907548
-2.116111 -2.728771
-2.251201 -2.869912
-2.218431 -2.925413
-1.772934 -3.547151
-1.895008 -3.467653
-1.965515 -3.572608
-1.765168 -3.385448
-1.969980 -3.402505
-1.902568 -3.517786
2.667451 5.201555
2.698791 5.227402
2.899989 4.733647
2.881017 4.785897
2.884542 4.738277
-0.673525 -5.799396
2.352070 4.890914
2.656817 4.781897
2.620039 4.758262
2.620987 4.723845
1.941987 5.082561
1.982928 5.019488
1.952956 5.037031
2.704059 4.727149
2.714018 4.714853
2.661104 4.680975
-0.688047 -5.817521
1.906232 5.069057
1.901325 5.069517
1.883874 5.052722
2.408390 4.984136
2.491781 5.163256
2.538511 5.198544
2.546147 5.174209
2.246011 4.596596
2.203761 4.620492
2.199262 4.653043
-0.663988 -5.804248
2.524490 5.230556
2.523023 5.203428
2.557225 5.212261
2.216274 4.552027
2.222470 4.557224
2.193178 4.573636
2.533261 4.461883
2.740601 4.562243
2.711525 4.501742
2.688840 4.540811
-0.681733 -5.795070
2.386358 4.433126
2.316055 4.362074
2.357499 4.422604
2.770061 4.516372
2.764955 4.562712
2.761836 4.521104
2.287539 4.423972
2.316450 4.443613
2.262226 4.412713
1.894147 4.763744
-0.675470 -5.812224
1.794330 4.992503
1.753432 4.971226
1.823536 4.937019
2.000467 4.585528
1.969262 4.612031
2.040860 4.551449
1.782626 5.063089
1.807874 5.043760
1.799189 4.992257
2.022005 4.513972
-0.713094 -5.792695
2.043252 4.527875
2.069680 4.505445
2.663811 5.373359
2.535623 5.382793
2.526452 5.295638
2.598028 5.266163
2.484102 5.264803
2.628279 5.208036
2.764528 4.635746
2.937172 4.644559
-0.665437 -5.780110
2.820205 4.754604
2.858986 4.508201
2.828255 4.653474
2.680083 4.625168
1.748820 5.070462
1.696636 5.195905
1.897415 5.160993
1.592705 5.051025
1.823547 5.172299
1.860928 5.019515
-1.343616 4.056309
2.199550 4.353536
2.120048 4.396258
2.286477 4.517183
2.029458 4.387621
2.109945 4.595791
2.161046 4.468295
-0.128065 4.237304
-0.637199 4.292109
-0.708460 4.287249
-0.679674 4.285823
-1.057457 4.223166
0.263998 4.221102
0.324888 4.174892
0.189898 4.198390
-0.773335 4.293929
-0.745817 4.306613
-0.767623 4.284044
0.355326 4.189570
0.292826 4.199525
0.358376 4.158670
-0.405942 4.688057
2.657631 5.414609
-1.066333 4.241744
-0.676523 4.525286
-0.722012 4.528458
-0.666236 4.525790
-0.028529 4.833684
-0.027381 4.847144
-0.052445 4.811275
-0.755284 4.486868
-0.728398 4.496587
-0.777287 4.455770
0.039192 4.857457
-1.055953 4.214091
0.013097 4.840213
0.053940 4.884999
0.372064 4.579329
0.264039 4.742937
0.291231 4.792661
0.242045 4.776634
0.447252 4.404289
0.471827 4.413670
0.462298 4.386211
0.244322 4.816724
-2.110060 3.672205
0.200885 4.798206
0.280278 4.826530
0.516072 4.286248
0.478295 4.324690
0.549584 4.269382
-0.607403 4.111657
-0.744736 4.216896
-0.751287 4.194317
-0.756579 4.257063
-0.419474 4.009536
-2.162764 3.680021
-0.411789 3.973632
-0.413011 4.000740
-0.806738 4.259676
-0.785764 4.282342
-0.807971 4.278260
-0.367151 3.959079
-0.363865 3.982679
-0.393046 3.952723
-0.021286 4.498404
0.038113 4.691567
-2.121009 3.681427
0.064638 4.694321
0.068489 4.695612
-0.170657 4.184852
-0.145872 4.194391
-0.144468 4.136576
0.107013 4.750213
0.079946 4.746732
0.110377 4.748586
-0.202049 4.090368
-0.180908 4.110810
-1.032147 4.255876
-0.163344 4.113728
0.163624 3.980304
0.319585 4.054345
0.416552 4.042735
0.342881 4.057990
-0.072383 3.910646
-0.074266 3.892504
-0.064637 3.920582
0.402501 4.077296
0.374453 4.088862
-1.012851 4.237118
0.442748 4.087138
-0.127984 3.890192
-0.138607 3.937929
-0.123001 3.910936
-0.927872 4.360188
-0.921312 4.259716
-0.726411 4.406932
-0.890055 4.232427
-0.788584 4.275272
-0.771745 4.360961
-0.993841 4.250728
0.327389 4.880522
0.198973 4.926580
0.134044 4.820498
0.195126 4.823350
0.012837 4.777424
0.145749 4.741168
0.610326 4.204203
0.483784 4.135950
0.376507 4.264195
0.531144 4.061114
-2.224056 3.620527
0.316938 4.126870
0.460264 4.169508
-0.177640 3.910079
-0.299733 3.829745
-0.287974 4.044823
-0.163801 3.805887
-0.212169 3.949639
-0.127603 4.049701
3.193159 2.767908
3.529031 2.563558
-2.200095 3.623927
3.516403 2.542540
3.478673 2.554557
2.795482 3.019634
2.758834 3.045165
2.810548 2.992979
3.598365 2.496713
3.582213 2.521084
3.590702 2.436801
2.691883 3.097351
2.740579 3.048736
2.619876 5.395760
-2.236604 3.616235
2.722410 3.052981
3.582484 2.932144
3.660667 2.623125
3.717927 2.514664
3.673439 2.567186
3.490511 3.140145
3.509785 3.124327
3.529577 3.072232
3.684602 2.508429
3.667408 2.516342
3.949862 1.746046
3.683797 2.504309
3.477909 3.175383
3.477649 3.162396
3.499368 3.139394
3.023971 3.290969
3.220569 3.330995
3.214711 3.354877
3.220039 3.315556
2.729880 3.183637
2.733773 3.228777
3.786638 2.192657
2.725930 3.198299
3.282925 3.350962
3.264608 3.323171
3.238867 3.315440
2.704258 3.236391
2.703199 3.177078
2.678234 3.244870
3.231837 2.339166
3.512713 2.338355
3.588789 2.307473
3.785754 2.210888
3.523578 2.353200
3.025319 2.352308
2.977589 2.320688
2.952862 2.362479
3.603310 2.322702
3.585994 2.361367
3.610633 2.324460
2.937159 2.344166
2.913331 2.383503
2.896310 2.347195
3.784120 2.173867
3.157274 2.904500
3.283522 3.100856
3.246693 3.122533
3.264953 3.121706
2.979734 2.506010
2.902920 2.511452
2.955576 2.595312
3.355457 3.173908
3.294365 3.122266
3.276326 3.165769
4.076405 1.285780
2.916024 2.467594
2.943031 2.473151
2.906889 2.480080
2.677257 2.745438
2.632850 2.978453
2.611207 2.978138
2.631824 2.919758
2.766909 2.527317
2.719629 2.554316
2.726926 2.584941
4.080798 1.342340
2.622138 3.020188
2.634056 2.980862
2.635280 2.974914
2.758841 2.502907
2.755563 2.552215
2.730158 2.536407
3.732203 2.404536
3.666627 2.382954
3.615618 2.552151
3.703323 2.256608
4.057002 1.369320
3.575433 2.404400
3.612071 2.402906
3.277234 3.427384
3.413784 3.369569
3.347855 3.288085
3.306618 3.340143
3.439942 3.127067
3.255416 3.201736
2.557889 3.263888
2.584488 3.160060
3.757937 2.259173
2.727825 3.130689
2.516527 3.128111
2.690941 3.026744
2.693808 3.143755
2.770875 2.397998
2.780682 2.300678
2.965003 2.404617
2.682477 2.435487
2.834699 2.461379
2.834663 2.543621
3.744187 2.254257
0.435468 2.193299
0.471797 2.031559
0.463872 2.000713
0.488133 1.980853
0.398462 2.421486
0.381606 2.464607
0.407916 2.438864
0.474232 1.946509
0.519209 1.944150
0.499508 1.934842
2.622792 5.394995
3.776893 2.249223
0.378359 2.547460
0.418442 2.508711
0.421293 2.510208
0.841106 2.199438
0.672049 1.999065
0.716816 2.026040
0.738131 2.038030
1.095394 2.745812
1.123732 2.776203
1.134953 2.731276
4.108668 1.267119
0.641384 1.952402
0.660758 1.973792
0.666205 1.944630
1.115839 2.828558
1.117106 2.800498
1.167029 2.813385
0.794820 2.826217
0.970674 2.882044
0.988235 2.923232
0.972394 2.870116
4.103655 1.250348
0.577604 2.707560
0.558642 2.751565
0.571775 2.704655
1.017476 2.922611
0.997766 2.885293
1.036900 2.904726
0.522484 2.720620
0.567915 2.690863
0.550369 2.736488
0.993772 1.920044
4.111333 1.255051
0.746844 1.867377
0.716086 1.788184
0.744215 1.842288
1.237713 2.038800
1.241120 2.029002
1.214153 2.019624
0.687297 1.806505
0.683126 1.849774
0.673401 1.796220
1.293898 2.079051
0.798664 -0.130092
1.256670 2.088466
1.268601 2.078902
1.304125 2.512873
1.243631 2.754005
1.277649 2.799949
1.251600 2.736806
1.312752 2.296073
1.366538 2.338271
1.332968 2.364661
1.285668 2.830854
1.044339 -0.190294
1.228116 2.765313
1.272587 2.839037
1.349251 2.265978
1.329491 2.291561
1.361526 2.293665
0.787519 2.451774
0.622330 2.527524
0.624916 2.542076
0.703951 2.506431
1.130080 2.256873
0.993174 -0.199236
1.197298 2.248482
1.198365 2.267012
0.561513 2.590327
0.568916 2.569737
0.575691 2.606554
1.242939 2.234564
1.227731 2.247298
1.246916 2.231841
0.589748 1.815721
0.482743 1.825283
0.999798 -0.206114
0.559968 1.970794
0.621513 1.719890
0.559287 1.916635
0.688435 1.922592
1.201589 3.069201
1.265712 2.946568
1.054335 2.827716
1.323172 2.976053
1.227277 2.765185
1.053872 2.852082
-0.989468 0.468339
0.459399 2.771477
0.345023 2.652325
0.435049 2.558427
0.444121 2.689961
0.497859 2.513693
0.596955 2.620795
1.504270 2.220796
1.424196 2.102055
1.309604 2.201332
1.378970 2.201190
-1.017703 0.460148
1.228163 2.140375
1.271710 2.277706
3.217766 -0.902976
4.291997 -1.261244
4.293073 -1.251324
4.203023 -1.249630
2.736784 -0.746350
2.743285 -0.732898
2.639310 -0.759758
4.350181 -1.277736
2.655493 5.393776
-0.995195 0.437739
4.322755 -1.293322
4.316816 -1.278268
2.643629 -0.687889
2.617184 -0.718724
2.649747 -0.707678
4.955616 -0.442429
5.095073 -0.728459
5.089141 -0.752915
5.072137 -0.713547
4.758468 0.086097
1.101703 -0.234190
4.782719 -0.028787
4.725221 0.086163
5.121809 -0.792400
5.125493 -0.774286
5.116570 -0.818604
4.680209 0.173758
4.663207 0.164743
4.656907 0.155457
2.634728 0.245121
3.310372 0.434280
1.083175 -0.226994
3.306552 0.418152
3.320986 0.413670
2.376905 0.167116
2.420375 0.166236
2.403949 0.156218
3.356591 0.447694
3.350425 0.443995
3.314434 0.423269
2.300377 0.129666
2.276906 0.126615
1.090072 -0.250571
2.340198 0.127468
4.235682 -2.514243
4.553056 -2.305039
4.493234 -2.341716
4.532571 -2.294991
3.982124 -2.694520
3.994719 -2.675640
3.939250 -2.682215
4.590270 -2.275908
4.609703 -2.258379
-1.022807 0.484255
4.563210 -2.255124
3.900437 -2.738347
3.897153 -2.724595
3.898192 -2.714598
3.602339 -1.208920
3.772904 -0.541628
3.803842 -0.468480
3.804487 -0.420855
3.377516 -1.984898
3.394825 -2.038155
-1.068327 0.498377
3.410298 -1.943106
3.841767 -0.387221
3.812392 -0.402047
3.831585 -0.363918
3.361249 -2.084245
3.328917 -2.075361
3.358665 -2.070650
2.156722 -1.502366
2.014663 -1.266647
2.043015 -1.265610
-1.052678 0.468935
2.023702 -1.245585
2.407663 -2.008539
2.443324 -2.037733
2.432887 -2.036538
1.978916 -1.189912
1.962552 -1.169682
2.019348 -1.193683
2.482279 -2.119083
2.456954 -2.095457
2.465702 -2.093188
-0.362291 -0.566215
5.309016 -1.239910
5.395663 -1.565370
5.411152 -1.517763
5.401920 -1.546542
5.239578 -1.113211
5.245722 -1.050854
5.247369 -1.102039
5.398553 -1.601422
5.397938 -1.627136
5.424037 -1.600684
0.477495 1.613204
5.212284 -1.054843
5.238186 -1.081697
5.241732 -1.042935
4.840264 -1.503333
5.137918 -1.616396
5.149022 -1.636362
5.148337 -1.653695
4.693172 -1.413759
4.642978 -1.425737
4.703555 -1.474986
0.500855 1.614437
5.261873 -1.661969
5.247853 -1.693964
5.281308 -1.713786
4.611712 -1.409977
4.654224 -1.434110
4.577494 -1.427493
4.834803 -1.080641
4.639215 -1.234309
4.618258 -1.189473
4.608669 -1.215144
5.479934 -1.763500
0.528089 1.611979
4.960361 -1.028604
4.934593 -0.976601
4.948384 -1.023757
4.559118 -1.240053
4.594819 -1.250438
4.572721 -1.238698
5.066414 -0.969252
5.031848 -1.024311
4.984534 -0.963186
5.117239 -2.012001
-0.472335 -0.940708
5.265705 -1.893750
5.283237 -1.899196
5.244775 -1.900477
4.897345 -2.117357
4.911285 -2.138180
4.944626 -2.088936
5.334686 -1.850483
5.306676 -1.844522
5.307023 -1.867369
4.883103 -2.136456
-0.492238 -0.936152
4.864082 -2.117528
4.875033 -2.139223
4.524983 -1.747504
4.494701 -1.568972
4.458700 -1.560930
4.493236 -1.583902
4.630869 -1.985917
4.588462 -2.006942
4.619115 -1.958138
4.437912 -1.495827
-0.516659 -0.955908
4.491238 -1.503157
4.454720 -1.489455
4.631889 -2.085908
4.640870 -2.018410
4.611362 -2.027221
4.886829 -1.763274
5.115927 -1.169993
5.069464 -1.160388
5.093964 -1.157155
4.847424 -1.933751
0.520205 1.688614
4.789006 -1.933339
4.794918 -1.912783
5.113871 -1.105303
5.103968 -1.139940
5.095557 -1.107067
4.780031 -2.003061
4.794417 -1.986161
4.739775 -2.015717
5.370800 -1.709459
5.443658 -1.661134
0.493189 1.648746
5.366266 -1.615432
5.367011 -1.843092
5.386731 -1.715953
5.258635 -1.769285
4.409485 -1.236419
4.397405 -1.325454
4.629665 -1.338386
4.394055 -1.459988
4.532159 -1.523611
4.546693 -1.364103
0.550084 1.683256
5.045914 -0.855374
5.176925 -0.847188
5.094059 -1.028835
5.129086 -0.953761
5.227705 -1.109877
5.074318 -1.091171
4.579652 -2.144932
4.681135 -2.240210
4.784631 -2.108443
4.658662 -2.138033
-0.516628 -0.973593
4.840948 -2.054193
4.713002 -1.968840
3.798931 0.855193
3.944811 0.991081
3.939569 1.022569
3.916600 0.965618
3.637209 0.650930
3.605441 0.663885
3.595162 0.621227
4.007680 1.060209
-0.510546 -1.001414
4.019773 1.034514
4.019608 1.043442
3.591150 0.624371
3.573125 0.595703
3.515689 0.566637
4.420109 0.737332
4.242436 1.047392
4.306491 0.994695
4.319397 0.939317
4.513461 0.467523
-0.577920 -0.978839
4.531320 0.489622
4.513194 0.477790
4.230754 1.063891
4.248940 1.015576
4.278442 1.028892
4.602664 0.333595
4.540493 0.368862
4.564783 0.382512
4.099777 0.357557
4.384793 0.315423
5.467285 -1.742993
1.960117 -3.307750
4.425021 0.279056
4.353312 0.309786
3.682290 0.438837
3.650346 0.407882
3.674911 0.406939
4.484349 0.285683
4.390875 0.295558
4.458013 0.267075
3.618305 0.421542
3.628219 0.426315
2.422726 -3.197922
3.604133 0.395810
4.050356 0.532743
4.120629 0.862025
4.113419 0.850149
4.145537 0.826707
3.974794 0.028204
3.947264 0.002834
3.959666 0.061355
4.110362 0.907630
4.119090 0.874765
2.371223 -3.219405
4.142978 0.881733
3.955558 -0.052063
3.946214 -0.008633
3.930411 -0.016748
4.194522 -0.030974
4.426023 0.121521
4.441934 0.094618
4.411463 0.115934
4.056858 -0.116167
4.024659 -0.152358
2.422336 -3.195479
4.036007 -0.156765
4.517527 0.145173
4.458771 0.167414
4.498253 0.141898
3.996569 -0.158191
3.991092 -0.147622
3.981169 -0.185877
3.646209 0.142561
3.540349 0.330022
3.528011 0.348455
1.585204 -3.400625
3.560219 0.326836
3.761541 -0.063412
3.753056 -0.095484
3.800450 -0.089081
3.528732 0.404474
3.531647 0.380146
3.510482 0.391988
3.792440 -0.147704
3.827503 -0.113380
3.833060 -0.132064
1.597541 -3.430293
4.176537 1.195488
4.043864 1.187291
4.128455 1.041170
4.102340 1.148129
4.053104 0.977561
4.186114 0.903262
4.585021 0.182957
4.665812 0.274882
4.489933 0.326365
4.567986 0.129669
1.585312 -3.398885
4.524485 0.360216
4.449839 0.198754
3.550635 0.415524
3.403773 0.523613
3.619760 0.560396
3.443825 0.399567
3.529962 0.518572
3.581698 0.379772
3.931325 -0.272649
3.887885 -0.213223
2.509534 -3.199182
4.005033 -0.091736
3.798190 -0.300798
3.884245 -0.039113
3.918028 -0.143433
1.671253 -0.071607
1.486683 -0.152914
1.428918 -0.137209
1.399168 -0.198678
1.910284 0.008311
1.941786 0.048336
2.489191 -3.166540
1.919459 0.020412
1.346485 -0.192689
1.379988 -0.223379
1.334771 -0.213585
2.052274 0.062332
1.954888 0.048410
2.022204 0.066336
1.963807 -0.482790
1.412070 -0.346257
1.380438 -0.343875
2.450676 -3.188967
1.395531 -0.371134
2.322456 -0.581771
2.292345 -0.571325
2.270437 -0.592655
1.336530 -0.320626
1.378458 -0.347320
1.337430 -0.326377
2.398921 -0.567428
2.341159 -0.621357
2.378368 -0.640864
5.448843 -1.752702
1.541096 -3.418000
2.332050 -0.277298
2.413386 -0.431312
2.413196 -0.408889
2.391923 -0.444745
2.209237 -0.112621
2.261355 -0.052519
2.218020 -0.103188
2.464929 -0.505171
2.445317 -0.534027
2.457187 -0.535213
1.524746 -3.392048
2.196234 -0.098536
2.160482 -0.075221
2.222855 -0.054458
1.535902 -0.694361
1.392567 -0.517185
1.341490 -0.466554
1.390469 -0.491951
1.710057 -0.905811
1.701794 -0.895284
1.704080 -0.878714
1.530293 -3.442021
1.331012 -0.414088
1.323058 -0.382423
1.326130 -0.434517
1.757126 -0.962075
1.771552 -0.908797
1.777524 -0.948062
2.261399 -0.888275
2.382544 -0.815045
2.398426 -0.827310
2.368657 -0.814364
-3.279963 -2.678967
2.051787 -0.980064
2.074146 -0.988663
2.045420 -0.980797
2.395009 -0.806751
2.397441 -0.748882
2.433431 -0.789494
2.028928 -1.015031
2.017251 -1.012649
2.016837 -0.996390
1.940210 -0.588326
-3.692245 -1.803519
2.031912 -0.138093
2.076722 -0.113177
2.084013 -0.125777
1.896773 -0.796752
1.914272 -0.797824
1.920392 -0.791956
2.074013 -0.078560
2.058982 -0.106704
2.123016 -0.124661
1.882573 -0.871364
-3.708297 -1.815596
1.888675 -0.880486
1.903883 -0.899311
1.185300 -0.279637
1.188842 -0.190921
1.388100 -0.280634
1.161857 -0.306500
1.350550 -0.294131
1.378891 -0.416566
2.585354 -0.581926
2.545606 -0.653004
-3.715533 -1.777333
2.402892 -0.534444
2.543562 -0.775462
2.355946 -0.705611
2.415440 -0.605348
2.288023 0.035099
2.134853 0.100122
2.055494 0.000108
2.217460 0.046835
1.970558 0.007669
2.148776 -0.086579
-3.152541 -2.860556
2.030554 -1.141890
1.889646 -1.113884
1.805521 -0.953315
1.952311 -1.023549
1.818381 -0.894950
1.984791 -0.932998
2.901730 -2.784799
2.760671 -2.971876
2.761872 -2.946970
2.766168 -2.943289
-3.166449 -2.902917
3.158946 -2.472585
3.154582 -2.445850
3.115815 -2.464419
2.718275 -3.018077
2.740818 -2.989552
2.721447 -2.986578
3.188758 -2.386824
3.172438 -2.416713
3.165529 -2.381143
3.006594 -3.109060
-3.169008 -2.842383
2.869447 -3.146046
2.859148 -3.158819
2.862480 -3.134114
3.525480 -2.976266
3.595327 -2.955704
3.547107 -2.955758
2.797722 -3.163165
2.798152 -3.153297
2.747448 -3.167915
3.612735 -2.933528
