2050 2
-4.562079 -1.570734
-4.521259 -1.581185
4.748888 2.909833
-2.490403 -3.172474
2.385497 3.350913
2.360564 3.364081
2.540460 3.054209
2.530648 3.244385
2.569545 3.214333
2.534596 3.211595
2.514487 2.871460
2.541615 2.829925
2.498931 2.844361
2.542090 3.278790
-2.466557 -3.167694
2.525812 3.270703
2.544540 3.246136
2.540310 2.786637
2.497735 2.802970
2.533767 2.782746
1.706579 2.846243
1.660114 3.117069
1.631683 3.093754
1.658486 3.098280
1.820149 2.537547
-2.476537 -3.153202
1.807446 2.517327
1.807154 2.513068
1.624976 3.181452
1.622036 3.164884
1.625009 3.175976
1.858461 2.418859
1.842728 2.480659
1.825068 2.467636
2.183763 2.727824
2.360434 3.131465
-2.094527 1.909125
2.372924 3.121706
2.345192 3.077904
2.040969 2.521711
2.053057 2.459946
2.045419 2.442658
2.406950 3.194158
2.419366 3.195228
2.468909 3.206810
2.045815 2.434234
2.021493 2.457005
-2.082070 1.882501
2.040089 2.383673
2.225229 2.435865
2.332110 2.542844
2.386210 2.509001
2.340083 2.537013
2.038076 2.315707
2.039887 2.238294
2.066881 2.341044
2.431517 2.533661
2.407573 2.598567
-2.044335 1.932927
2.411254 2.551291
1.992164 2.282808
1.972698 2.346319
2.022490 2.258268
1.616741 3.432236
1.582805 3.350799
1.757451 3.323779
1.523629 3.311562
1.674528 3.199140
1.690260 3.246333
-2.855277 -0.751647
2.633256 3.262451
2.558365 3.325445
2.502414 3.313283
2.569065 3.237673
2.329268 3.305429
2.489545 3.210618
2.580758 2.701838
2.430638 2.705686
2.376688 2.815041
2.511974 2.521691
-3.197576 -0.827180
2.366884 2.674853
2.439566 2.659274
2.013513 2.173378
1.931336 2.181804
1.884008 2.486287
2.005215 2.154668
1.878999 2.399754
2.034204 2.351143
1.918019 -4.285981
1.799615 -4.858110
-3.197149 -0.868747
1.789725 -4.787423
1.765461 -4.798738
2.082454 -3.769176
2.049251 -3.801159
2.050154 -3.733557
1.775517 -4.887504
1.765344 -4.943202
1.727047 -4.891906
2.099527 -3.749729
2.072921 -3.693909
-3.228501 -0.827910
2.049359 -3.691193
0.475225 -4.850005
0.694978 -5.065287
0.722572 -5.080616
0.676129 -5.073013
0.216310 -4.604727
0.290046 -4.652627
0.234160 -4.649827
0.823325 -5.167835
0.784707 -5.175121
4.752738 2.864154
-0.530347 0.073044
0.750038 -5.126380
0.210999 -4.599806
0.186063 -4.615344
0.226173 -4.617587
0.741040 -3.598907
0.556735 -3.639123
0.581682 -3.662124
0.578406 -3.653167
1.242097 -3.472428
1.250097 -3.475211
-0.507211 0.073304
1.202179 -3.470095
0.492416 -3.678898
0.469678 -3.702919
0.492927 -3.696672
1.367957 -3.443864
1.311842 -3.456408
1.327591 -3.444930
-0.395231 -5.349570
0.094067 -5.574007
0.110518 -5.556989
-0.550042 0.073240
0.062370 -5.554929
-1.579891 -4.718073
-1.546248 -4.755751
-1.520610 -4.758775
0.153539 -5.593778
0.135671 -5.591858
0.157359 -5.585029
-1.659853 -4.687679
-1.641884 -4.679225
-1.615428 -4.714497
-3.296281 -0.877034
-1.463112 -4.084470
-0.976373 -4.111487
-1.022813 -4.130219
-1.035704 -4.118953
-2.069871 -4.006368
-2.068439 -4.058619
-2.042797 -4.005088
-0.908455 -4.135551
-0.933889 -4.118395
-0.925678 -4.146184
-3.325707 -0.868705
-2.105477 -4.035228
-2.086790 -4.001184
-2.068672 -4.026350
0.884003 -2.821117
1.112026 -2.762061
1.137037 -2.777482
1.085920 -2.781112
-1.495584 -3.398987
-1.505331 -3.432619
-1.519741 -3.414263
-3.282970 -0.863223
1.191347 -2.750017
1.188488 -2.756523
1.194105 -2.779677
-1.531966 -3.454907
-1.554830 -3.411537
-1.567419 -3.455350
1.102897 -5.588913
1.291723 -5.827743
1.299361 -5.831552
1.247236 -5.816801
-0.475113 0.078998
1.022553 -5.450029
1.023072 -5.474202
1.037962 -5.508438
1.331491 -5.841185
1.304529 -5.846877
1.304567 -5.867928
1.005601 -5.436019
0.989356 -5.413788
0.980341 -5.431993
1.617583 -5.504127
-0.457235 0.117073
1.517203 -5.715964
1.539447 -5.758798
1.521825 -5.743888
1.703280 -5.207750
1.723705 -5.191910
1.686043 -5.312414
1.541814 -5.764602
1.472494 -5.806702
1.521414 -5.797660
1.714781 -5.148237
-0.463656 0.100019
1.694993 -5.170751
1.713309 -5.157193
1.258145 -5.106617
1.426563 -5.088347
1.448069 -5.045936
1.419933 -5.020196
1.053269 -5.199038
1.053949 -5.171730
1.049094 -5.193143
1.531919 -5.042985
-2.732392 -1.704420
1.514497 -5.075367
1.514097 -5.010246
1.026614 -5.192406
0.996021 -5.233607
0.980966 -5.196435
0.821020 -5.880775
1.113564 -5.952219
1.183566 -5.981194
1.168959 -5.952374
0.538711 -5.782208
4.732540 2.889732
-3.175153 -1.701712
0.508403 -5.786492
0.516329 -5.777313
1.197635 -5.960517
1.205547 -5.941381
1.211144 -5.962006
0.471301 -5.749183
0.505267 -5.748662
0.444878 -5.758150
0.966730 -5.351817
1.500691 -5.165059
-3.147284 -1.674868
1.489743 -5.153080
1.427453 -5.165154
0.603854 -5.535697
0.612233 -5.486085
0.560450 -5.513954
1.581850 -5.085946
1.526920 -5.122977
1.518320 -5.092711
0.534214 -5.567988
0.524592 -5.575822
-3.228091 -1.670785
0.493269 -5.545256
0.608999 -5.496765
0.787029 -5.396762
0.782519 -5.322602
0.786582 -5.369973
0.466543 -5.611580
0.413372 -5.615122
0.417995 -5.608441
0.819600 -5.344909
0.843049 -5.369943
-1.931918 -1.734580
0.811274 -5.317077
0.358374 -5.645371
0.405720 -5.652205
0.376760 -5.619754
1.512949 -5.863186
1.406616 -5.961795
1.411059 -5.797313
1.312609 -6.010820
1.230696 -5.910861
1.294147 -5.903991
-1.900279 -1.727943
1.684967 -4.885406
1.759320 -5.003725
1.600469 -5.123284
1.625844 -5.002995
1.613367 -5.166629
1.498060 -5.060753
0.853682 -5.143286
0.909197 -5.257337
1.018642 -5.319935
0.779653 -5.245192
-1.867051 -1.710811
0.930829 -5.432779
0.918295 -5.271570
0.333672 -5.557602
0.262010 -5.662663
0.534469 -5.633019
0.234888 -5.609518
0.436105 -5.735480
0.445403 -5.567446
0.014453 -3.512512
-0.199238 -3.435121
-3.254700 -1.693268
-0.191533 -3.421044
-0.221795 -3.435122
0.177967 -3.602042
0.187184 -3.580079
0.160226 -3.607926
-0.255690 -3.396091
-0.266380 -3.428361
-0.264597 -3.401058
0.235456 -3.632689
0.221204 -3.635373
-3.308360 -1.684914
0.223904 -3.626221
-0.069903 -4.129585
-0.354697 -3.562487
-0.385201 -3.494189
-0.391869 -3.533212
0.013734 -4.259772
0.049662 -4.332901
0.005057 -4.274598
-0.371180 -3.500151
-0.384686 -3.528080
-3.274939 -1.661790
-0.411799 -3.488824
0.059627 -4.340305
0.032986 -4.323867
0.039816 -4.378071
0.285055 -4.128679
0.223873 -4.294406
0.254237 -4.295241
0.220570 -4.312336
0.315681 -3.899895
0.336001 -3.960827
-1.810565 -1.737667
0.329098 -3.934092
0.207582 -4.376263
0.180073 -4.371386
0.184713 -4.374330
0.358560 -3.880985
0.311079 -3.844760
0.347383 -3.872260
-0.585962 -3.767829
-0.483364 -3.546666
-0.512062 -3.543256
4.736516 2.900943
-1.813979 -1.727436
-0.480043 -3.537940
-0.642308 -3.976530
-0.679729 -3.974085
-0.661279 -3.970914
-0.482152 -3.489731
-0.467969 -3.511155
-0.479519 -3.503054
-0.688092 -4.026979
-0.646060 -4.011240
-0.703606 -3.994476
-1.813128 -1.723662
-0.267765 -4.404126
-0.068114 -4.452864
-0.044832 -4.484808
-0.064380 -4.466536
-0.608144 -4.281682
-0.629544 -4.293103
-0.617079 -4.300075
-0.038147 -4.483649
-0.012579 -4.456365
0.018568 -4.497210
0.131671 -0.772601
-0.687872 -4.261651
-0.642895 -4.278287
-0.697080 -4.240001
-0.047170 -3.882620
0.170535 -3.780095
0.159413 -3.771864
0.145843 -3.814346
-0.608868 -4.053648
-0.631424 -4.051748
-0.584687 -4.067098
-0.082167 -1.103480
0.222226 -3.734531
0.204410 -3.768320
0.253091 -3.799282
-0.668295 -4.078022
-0.629691 -4.079103
-0.670208 -4.129589
-0.408953 -3.378262
-0.359393 -3.281422
-0.319162 -3.470614
-0.496745 -3.354097
-0.102678 -1.099726
-0.334588 -3.459265
-0.442996 -3.519696
0.250409 -4.495046
0.124359 -4.488786
0.111133 -4.311433
0.127862 -4.589610
-0.012380 -4.403256
0.088054 -4.425722
0.465197 -3.741453
0.401161 -3.619482
-0.119119 -1.100696
0.265936 -3.751253
0.410159 -3.719205
0.212404 -3.683589
0.265679 -3.825975
-0.809173 -4.198408
-0.786877 -4.042342
-0.651064 -4.181538
-0.822946 -4.108337
-0.632130 -4.051793
-0.654933 -4.217856
0.323041 -0.473319
1.922940 -2.773759
2.035504 -2.607823
2.025413 -2.618584
2.036381 -2.572227
1.641667 -3.186703
1.615159 -3.205667
1.684793 -3.127148
2.081003 -2.519646
2.072213 -2.528329
2.066629 -2.489817
0.313490 -0.401643
1.568101 -3.275869
1.589267 -3.253671
1.570326 -3.246360
2.216426 -3.111020
2.223408 -2.653324
2.224513 -2.568734
2.224961 -2.674806
2.214323 -3.271919
2.196858 -3.311886
2.191407 -3.279146
0.308643 -0.437342
2.219731 -2.558958
2.214095 -2.545536
2.226514 -2.519150
2.192132 -3.358274
2.198207 -3.333642
2.192076 -3.368116
1.874201 -3.472620
2.006741 -3.498707
1.958796 -3.528668
1.979506 -3.486598
-0.144972 -1.165845
1.653667 -3.397520
1.634392 -3.417528
1.618213 -3.391465
2.051066 -3.535992
2.017923 -3.469639
2.001594 -3.548346
1.581670 -3.393446
1.586947 -3.377177
1.578666 -3.397740
1.728794 -2.494482
1.438498 -6.037678
-0.117993 -1.123113
1.983121 -2.420960
1.964707 -2.391065
2.023744 -2.453225
1.523752 -2.623011
1.526821 -2.560587
1.529874 -2.585345
2.011282 -2.405946
2.020312 -2.444265
2.034127 -2.386989
1.466236 -2.628662
-0.146602 -1.132339
1.488574 -2.612094
1.459834 -2.616445
1.697156 -3.059429
1.993958 -3.317138
1.978550 -3.377680
1.970469 -3.340616
1.512155 -2.838872
1.483554 -2.864725
1.481370 -2.856476
2.021711 -3.410734
0.352175 -0.345583
2.014383 -3.368531
2.017312 -3.419307
1.458901 -2.808969
1.457278 -2.816758
1.418948 -2.827612
1.395478 -3.058996
1.442690 -3.200477
1.404480 -3.225150
1.437795 -3.214665
1.381499 -2.866778
0.370352 -0.329817
1.350764 -2.899882
1.369931 -2.889710
1.403120 -3.266530
1.486410 -3.257869
1.460269 -3.267670
1.339495 -2.822465
1.351229 -2.839398
1.345868 -2.868289
2.230065 -2.352721
2.157367 -2.316621
0.341796 -0.314919
2.123750 -2.563802
2.091261 -2.313648
2.014650 -2.470267
2.135600 -2.497809
2.051044 -3.672502
2.130215 -3.582506
2.111375 -3.459075
2.039852 -3.593125
2.124370 -3.340813
2.022120 -3.435613
-3.158000 -0.379849
1.474131 -3.448209
1.450983 -3.364034
1.595483 -3.321810
1.333885 -3.369699
1.511400 -3.245989
1.511262 -3.306511
1.324033 -2.793310
1.320321 -2.674009
1.492426 -2.726537
1.233570 -2.802364
-3.859481 -0.760052
1.406212 -2.736754
1.407664 -2.845132
-2.418158 -3.725353
-2.483795 -3.498919
-2.495039 -3.469452
-2.444323 -3.445394
-2.369400 -3.860924
-2.353770 -3.842080
-2.334106 -3.873296
-2.471033 -3.375504
-3.877632 -0.764021
-2.462079 -3.424700
-2.470442 -3.382326
-2.297707 -3.940758
-2.332309 -3.915609
-2.316058 -3.893370
-2.058404 -4.164208
-2.353902 -3.438246
-2.364391 -3.408207
-2.357984 -3.390507
-1.907076 -4.453689
-3.824341 -0.731324
-1.831092 -4.510215
-1.902131 -4.407879
-2.384186 -3.381202
-2.359056 -3.386121
-2.380793 -3.338986
-1.846545 -4.504286
-1.863441 -4.474769
-1.819087 -4.504645
-2.147528 -4.303437
-2.003480 -4.495246
-2.988505 -0.258367
-2.024274 -4.500114
-2.028900 -4.459234
-2.224302 -4.175394
-2.186804 -4.195073
-2.198156 -4.186520
-1.973954 -4.543701
-1.951593 -4.512878
-1.949911 -4.538276
-2.225732 -4.109806
-2.220514 -4.119853
1.448036 -6.011618
-2.939436 -0.259145
-2.197389 -4.101738
-2.138976 -3.288616
-2.261825 -3.255297
-2.268209 -3.243161
-2.261566 -3.263669
-1.788817 -3.416995
-1.757790 -3.388181
-1.805750 -3.399208
-2.313091 -3.244701
-2.304448 -3.271482
-2.923064 -0.250767
-2.309162 -3.226187
-1.725992 -3.401797
-1.772189 -3.428946
-1.730192 -3.389123
-1.673633 -3.839232
-1.741673 -4.413770
-1.735960 -4.462173
-1.753763 -4.430376
-1.635431 -3.713377
-1.639601 -3.691856
-3.916551 -0.803518
-1.677125 -3.676274
-1.727352 -4.502500
-1.774283 -4.477432
-1.737586 -4.506628
-1.644680 -3.596519
-1.666226 -3.627449
-1.632922 -3.639069
-1.986917 -3.724161
-2.136969 -3.838027
-2.093057 -3.847088
-3.889016 -0.758218
-2.114757 -3.846964
-1.854562 -3.575852
-1.875573 -3.569226
-1.827338 -3.589739
-2.149642 -3.844478
-2.171376 -3.879022
-2.114085 -3.865950
-1.795480 -3.526040
-1.813155 -3.564142
-1.791273 -3.570256
-3.894594 -0.785833
-2.440990 -3.239485
-2.504133 -3.266021
-2.432658 -3.415029
-2.390092 -3.181024
-2.358065 -3.329614
-2.322624 -3.314584
-1.820722 -4.621110
-1.746365 -4.590308
-1.920425 -4.487782
-1.660767 -4.616098
-2.860861 -0.228782
-1.806611 -4.451195
-1.850919 -4.493331
-2.173238 -4.128608
-2.221172 -3.946260
-2.306556 -4.022778
-2.089609 -3.951521
-2.260292 -3.876534
-2.163429 -3.993122
-1.588912 -3.577834
-1.651070 -3.399815
-2.845557 -0.203802
-1.698872 -3.506347
-1.671772 -3.462948
-1.792865 -3.482780
-1.759464 -3.593658
-1.854367 4.860193
-2.274084 4.965384
-2.230112 4.929529
-2.232741 4.933372
-1.026799 4.698315
-1.078774 4.687306
-2.799925 -0.204120
-1.081557 4.714508
-2.353716 4.963808
-2.316148 4.965228
-2.322026 4.934346
-0.985559 4.676230
-0.978632 4.694558
-1.012426 4.675168
-4.007645 3.788799
-3.874592 4.225379
-3.858477 4.213223
-1.500657 -0.725659
-3.893808 4.135439
-4.256186 3.032414
-4.259477 3.052790
-4.286943 3.045541
-3.840723 4.268581
-3.840308 4.253354
-3.856201 4.230167
-4.271440 3.001757
-4.291687 2.979535
-4.292477 2.998643
-1.270147 -0.961299
-3.320795 2.519966
-3.436360 2.459248
-3.503529 2.496801
-3.497677 2.452653
-1.017511 3.311360
-1.032436 3.335175
-1.006759 3.326608
-3.552951 2.438432
-3.513783 2.420374
-3.541192 2.454146
1.488047 -5.995264
-1.319082 -0.928548
-0.965124 3.370125
-0.924885 3.355740
-0.963493 3.362568
-2.706638 3.910177
-2.854549 4.171082
-2.842098 4.171992
-2.878360 4.179207
-2.474769 3.368296
-2.472836 3.363439
-2.462847 3.402743
-1.288411 -0.937766
-2.874144 4.247837
-2.914229 4.222010
-2.869894 4.219887
-2.466366 3.307324
-2.440931 3.323963
-2.445635 3.350873
-3.293054 2.254450
-4.148715 2.058883
-4.092617 2.113424
-4.127176 2.090993
-1.674507 -0.530606
-2.923602 2.349958
-2.919414 2.395816
-2.942650 2.362154
-4.195535 2.054327
-4.180308 2.053828
-4.187020 2.072453
-2.852285 2.399836
-2.857450 2.391936
-2.867100 2.419740
-1.191846 3.402262
-1.718307 -0.497406
-0.796966 3.794915
-0.807779 3.816267
-0.834355 3.773574
-1.453406 3.052414
-1.514295 3.088026
-1.434419 3.130441
-0.729577 3.882189
-0.761679 3.845287
-0.758082 3.868571
-1.531203 3.026225
-1.678491 -0.510967
-1.528943 3.012426
-1.544714 3.030480
-3.588021 4.871167
-3.406993 5.135453
-3.456074 5.114137
-3.438262 5.097528
-3.716953 4.592021
-3.744602 4.598607
-3.725165 4.597388
-3.384324 5.201737
-1.214109 -1.043405
-3.397799 5.165370
-3.411679 5.157155
-3.771201 4.515242
-3.750121 4.540784
-3.733104 4.560488
-2.867394 5.191257
-3.121222 5.261095
-3.076501 5.274924
-3.066799 5.243771
-2.616050 5.087827
-1.187791 -1.027778
-2.618550 5.099390
-2.655060 5.085005
-3.177342 5.294469
-3.159607 5.263353
-3.150903 5.280540
-2.554313 5.093827
-2.601198 5.090467
-2.550297 5.050931
-2.871957 4.802486
-2.713197 4.894759
-1.253768 -0.997298
-2.702328 4.865036
-2.704997 4.870644
-3.573636 4.543670
-3.450171 4.564950
-3.535710 4.531564
-2.580590 4.950687
-2.629834 4.918649
-2.619930 4.897963
-3.655540 4.520254
-3.624447 4.522089
-1.745628 -0.465883
-3.579023 4.483650
-3.119701 4.759710
-3.267159 5.069625
-3.231802 5.030371
-3.217841 5.042730
-3.032491 4.590687
-3.028888 4.565429
-3.058388 4.573617
-3.283986 5.115493
-3.282723 5.101634
-1.729594 -0.445349
-3.256678 5.109704
-2.999154 4.543488
-3.033381 4.536999
-3.049892 4.546550
-2.711762 4.658445
-2.632817 4.796799
-2.598530 4.793977
-2.608594 4.791150
-2.870828 4.452107
-2.830704 4.457029
1.431050 -6.037567
-1.750768 -0.437010
-2.902220 4.416458
-2.580395 4.854311
-2.611036 4.864974
-2.576737 4.855180
-2.867252 4.408221
-2.886143 4.436571
-2.873533 4.408153
-3.389107 4.357816
-3.586583 4.374700
-3.569911 4.339324
-0.990433 0.642200
-3.573423 4.396863
-3.214652 4.353116
-3.191009 4.329787
-3.223847 4.343873
-3.663136 4.372002
-3.643545 4.431060
-3.622444 4.387545
-3.129431 4.340103
-3.139355 4.375392
-3.135653 4.323736
-0.271674 0.753384
-3.220482 5.330290
-3.397561 5.231181
-3.267276 5.224150
-3.308452 5.207576
-3.344140 5.106208
-3.179083 5.183358
-2.471702 4.916289
-2.415027 5.013454
-2.618061 5.022183
-2.449373 4.891119
-0.317883 0.717652
-2.597456 4.976640
-2.616975 4.875985
-3.760448 4.331336
-3.828315 4.367418
-3.662098 4.559444
-3.725502 4.310814
-3.685203 4.479401
-3.605906 4.451991
-2.863920 4.318933
-2.948360 4.430229
-0.290787 0.709675
-2.928583 4.484542
-3.018347 4.254450
-3.077643 4.477777
-3.040869 4.359544
-3.685361 1.938497
-3.763149 1.642004
-3.766234 1.612992
-3.780543 1.595520
-3.653437 2.129286
-3.629418 2.125360
-1.528060 0.580068
-3.656258 2.117550
-3.789966 1.549187
-3.806490 1.566329
-3.769526 1.548481
-3.634431 2.238782
-3.661079 2.210120
-3.613875 2.181340
-4.080275 1.936862
-3.965731 1.632947
-3.935385 1.565897
-1.450809 0.582992
-3.960912 1.626934
-4.233035 2.658209
-4.243627 2.663060
-4.267914 2.623708
-3.933223 1.555505
-3.942548 1.585131
-3.930463 1.534481
-4.248821 2.714406
-4.275312 2.683487
-4.265295 2.697856
-1.515749 0.571604
-3.987447 2.691730
-4.179716 2.814774
-4.134967 2.810849
-4.146119 2.790387
-3.808203 2.532609
-3.792824 2.598195
-3.832403 2.550568
-4.198134 2.833078
-4.202106 2.840443
-4.208537 2.834849
-0.225919 0.745659
-3.776744 2.551626
-3.787319 2.498125
-3.806480 2.536643
-4.121572 1.596047
-4.021961 1.512792
-4.059467 1.504779
-4.049408 1.515883
-4.293566 1.850378
-4.277253 1.846424
-4.293715 1.861147
-0.195247 0.742849
-3.979336 1.462873
-4.018375 1.494988
-4.023538 1.468720
-4.300723 1.920066
-4.315935 1.917874
-4.302824 1.906312
-4.449091 2.471845
-4.433185 2.673684
-4.449295 2.696929
-4.463881 2.646887
1.451462 -5.977731
-0.235250 0.728177
-4.416563 2.224598
-4.395099 2.209979
-4.411167 2.218522
-4.427792 2.724162
-4.427646 2.703469
-4.420503 2.733852
-4.364886 2.158311
-4.395781 2.166818
-4.355298 2.166711
-4.043750 2.194032
-1.609023 0.546722
-3.807427 2.292536
-3.793471 2.302917
-3.825230 2.341445
-4.227033 2.101876
-4.184589 2.137100
-4.189243 2.148784
-3.744861 2.324876
-3.778327 2.344472
-3.775370 2.361357
-4.256984 2.082356
-1.631890 0.549472
-4.277188 2.093840
-4.235135 2.115938
-3.848693 1.413122
-3.757442 1.423604
-3.836038 1.577264
-3.911106 1.385133
-3.885456 1.538431
-4.007381 1.548648
-4.235755 2.952453
-4.262514 2.831140
-1.608184 0.543201
-4.219394 2.766340
-4.384120 2.841975
-4.338959 2.673948
-4.280384 2.792707
-3.627221 2.521108
-3.551203 2.301048
-3.720892 2.401041
-3.595792 2.383985
-3.698963 2.232046
-3.812941 2.465834
-4.021843 -1.682552
-4.272956 2.141880
-4.237024 1.975506
-4.390031 2.059505
-4.183491 2.081562
-4.280647 2.016307
-4.338777 2.147728
-0.136979 3.738494
-0.005892 3.849265
-0.000387 3.820558
0.020751 3.847743
-4.301035 -1.627791
-0.590520 3.566957
-0.477648 3.545451
-0.542078 3.526991
0.088705 3.944147
0.048045 3.865049
0.091632 3.887101
-0.639212 3.472588
-0.651228 3.504971
-0.573255 3.468798
-0.495001 4.476060
-4.355795 -1.632179
0.013742 4.218216
0.073824 4.194233
0.045111 4.211065
-0.616726 4.520715
-0.685487 4.580843
-0.685875 4.578418
0.112878 4.144639
0.071312 4.160703
0.098515 4.164001
-0.698200 4.580151
-4.318498 -1.634817
-0.683392 4.573049
-0.741907 4.613379
-0.945333 3.817517
-0.912956 4.383041
-0.954564 4.449465
-0.934216 4.451991
-0.917673 3.666382
-0.940026 3.697466
-0.922501 3.684177
-0.902783 4.438004
-3.637550 -1.698511
-0.905948 4.460521
-0.963307 4.507278
-0.882510 3.619858
-0.895682 3.624259
-0.941466 3.609140
-0.122178 3.992072
0.015968 3.993617
0.069456 3.993396
0.016153 4.034309
-0.420054 3.986534
-3.659322 -1.698647
-0.427886 3.950422
-0.412276 3.960712
0.050117 3.978285
0.038855 4.023224
0.131656 4.010404
-0.463149 3.973136
-0.458959 3.971195
-0.460106 3.967862
-0.715811 4.355894
-0.784424 4.557463
1.436520 -6.008347
-3.661004 -1.698521
-0.812260 4.591154
-0.809330 4.569511
-0.640233 4.158001
-0.653942 4.134664
-0.643986 4.155425
-0.811213 4.619738
-0.805187 4.583065
-0.831643 4.595183
-0.608808 4.103821
-0.612270 4.102441
-4.361936 -1.616963
-0.652140 4.074159
-0.686057 3.607672
-0.713710 3.477553
-0.750920 3.483171
-0.744790 3.501522
-0.619233 3.768140
-0.649357 3.792586
-0.635674 3.758960
-0.745527 3.427153
-0.766914 3.496484
-4.330095 -1.618864
-0.795287 3.458481
-0.630146 3.815288
-0.616896 3.802785
-0.632321 3.815819
0.316532 4.018637
0.243295 3.921228
0.092857 4.037708
0.236324 3.969779
0.037035 3.929989
0.059054 4.138180
-4.357675 -1.619737
-1.005940 4.593744
-0.850960 4.651781
-0.784736 4.501669
-0.911168 4.656090
-0.745575 4.601115
-0.874287 4.530441
-0.964056 3.418244
-0.801197 3.401866
-0.767796 3.539717
-0.858193 3.386307
-3.549978 -1.680207
-0.639501 3.470123
-0.847896 3.570159
-0.698970 4.005943
-0.610590 3.904232
-0.521771 4.064278
-0.704573 3.819325
-0.530879 3.853672
-0.600051 3.892118
-2.427027 2.176483
-2.212075 2.082104
-3.615400 -1.699290
-2.245665 2.079937
-2.242779 2.092301
-2.595972 2.308667
-2.577006 2.254374
-2.583596 2.282114
-2.182800 2.079159
-2.182473 2.082938
-2.204647 2.084948
-2.671471 2.355295
-2.626753 2.338305
-3.595877 -1.698239
-2.649882 2.324012
-2.224921 2.723194
-2.143615 2.264682
-2.094428 2.164304
-2.117644 2.258356
-2.313983 2.980047
-2.317855 3.031846
-2.276038 2.975753
-2.088365 2.102935
-2.067374 2.152898
-4.063521 -1.270789
-2.044683 2.154930
-2.338867 3.054446
-2.318791 3.031410
-2.324235 3.062407
-2.568103 2.899850
-2.503937 3.055709
-2.499963 3.109064
-2.512497 3.036667
-2.652536 2.686541
-2.716533 2.634122
-4.282961 -1.430825
-2.639868 2.705498
-2.481115 3.111030
-2.477927 3.091047
-2.478165 3.113684
-2.712217 2.614920
-2.663762 2.622925
-2.714285 2.643993
-1.833417 2.393040
-1.901929 2.235623
-1.911371 2.207978
-4.275495 -1.401458
-1.891360 2.275494
-1.747423 2.656198
-1.742610 2.622277
-1.751827 2.656257
-1.970950 2.121038
-1.953608 2.167373
-1.956354 2.144676
-1.694839 2.780875
-1.737610 2.722597
-1.708972 2.738763
-4.542506 -1.576050
1.434021 -6.006626
-4.286694 -1.374979
-2.050088 3.053408
-2.179510 3.122727
-2.225151 3.177833
-2.238191 3.130346
-1.829283 2.923634
-1.869443 2.987835
-1.850209 2.943962
-2.236325 3.198152
-2.294311 3.151677
-2.277270 3.170582
-3.639695 -1.065291
-1.801996 2.937908
-1.818391 2.929128
-1.796440 2.957110
-2.222015 2.642893
-2.462770 2.508646
-2.504863 2.517704
-2.467914 2.554257
-1.885964 2.738065
-1.865112 2.783680
-1.881157 2.785322
-3.632454 -1.046559
-2.498003 2.506607
-2.500922 2.527992
-2.524213 2.540340
-1.818828 2.764684
-1.831177 2.768178
-1.839453 2.807765
-2.063441 2.028443
-2.126701 1.902991
-2.139518 2.114682
-1.983547 2.035029
-3.622890 -1.021411
-2.130559 2.103696
-2.003962 2.187330
-2.476715 3.227980
-2.398034 3.199668
-2.398378 3.047265
-2.356849 3.295837
-2.230942 3.056208
-2.350735 3.121743
-2.802258 2.525663
-2.791781 2.356614
-4.294615 -1.447588
-2.652140 2.510760
-2.715906 2.451009
-2.537039 2.428853
-2.550987 2.580499
-1.679251 3.005910
-1.600144 2.879445
-1.750242 2.801143
-1.729141 2.878291
-1.777441 2.721359
-1.852304 2.890653
-4.319056 -1.424929
-4.318616 -1.374811
-3.575500 -1.018325
-3.588323 -1.013574
-3.588079 -0.997315
-3.386311 5.354406
-3.422460 -1.290558
-3.437114 -1.132709
-3.396893 -1.149261
-3.415432 -1.134954
-3.445846 -1.521453
-3.399482 -1.509923
-3.452030 -1.514677
-3.422221 -1.088366
-3.434163 -1.112967
-3.402852 -1.117928
-3.377552 5.315913
-3.419644 -1.547783
-3.453603 -1.547986
-3.427881 -1.554942
-4.306640 -1.244964
-4.413490 -1.396838
-4.458283 -1.414930
-4.456368 -1.393408
-4.172090 -1.095176
-4.177587 -1.104055
-4.207627 -1.135807
-3.351484 5.338332
-4.455490 -1.456955
-4.406404 -1.417028
-4.458000 -1.421109
-4.121021 -1.049049
-4.141839 -1.074399
-4.124173 -1.072806
-3.805689 -0.897077
-3.615416 -0.900483
-3.592063 -0.869687
-3.612258 -0.883928
-3.347967 5.310796
-3.939418 -0.906663
-3.934621 -0.901346
-3.937069 -0.907228
-3.542296 -0.879602
-3.548518 -0.913279
-3.542344 -0.877566
-3.980521 -0.897669
-3.980350 -0.931441
-3.957742 -0.896689
-3.774668 -1.319578
-3.344135 5.348024
-3.613342 -1.535079
-3.554720 -1.523986
-3.602031 -1.526145
-3.888160 -1.195000
-3.865038 -1.202353
-3.914364 -1.146011
-3.517046 -1.589431
-3.563760 -1.582567
-3.518348 -1.569288
-3.948358 -1.094878
-3.352053 5.288799
-3.973887 -1.076401
-3.945260 -1.045769
-4.463919 -1.517983
-4.447366 -1.621444
-4.313316 -1.567935
-4.499231 -1.469560
-4.378996 -1.556907
-4.353333 -1.383127
-3.334719 -1.036417
-3.475862 -0.971286
-3.334758 5.316231
-3.493737 -1.065386
-3.402041 -0.841939
-3.583057 -0.934326
-3.509716 -0.982527
-3.327088 -1.610692
-3.430374 -1.713712
-3.499825 -1.608112
-3.381287 -1.627926
-3.597373 -1.643934
-3.484261 -1.554126
-0.576752 -2.703960
-3.933038 -0.833763
-4.013590 -0.904754
-4.044492 -0.980808
-3.883468 -0.856867
-4.034940 -1.097605
-3.968881 -0.990620
-0.434456 -1.701175
-0.564356 -1.886626
-0.575309 -1.905729
-0.610727 -1.916154
-0.683063 -2.284306
-0.293589 -1.465832
-0.254245 -1.412267
-0.301215 -1.489111
-0.655553 -1.961871
-0.645997 -1.947739
-0.646628 -1.963033
-0.211581 -1.361508
-0.280700 -1.425317
-0.255448 -1.369296
-1.223677 -1.917167
-4.554594 -1.559869
-0.717369 -2.265795
-0.935999 -2.004544
-0.934559 -2.048766
-0.953623 -1.998551
-1.465884 -1.809143
-1.493208 -1.837510
-1.511007 -1.786476
-0.842611 -2.064198
-0.854059 -2.031266
-0.878832 -2.042746
-1.536509 -1.796688
-0.681538 -2.280459
-1.505009 -1.795325
-1.558480 -1.781059
-0.667183 -1.499159
-1.316485 -1.673975
-1.357303 -1.683094
-1.326626 -1.637996
-0.420876 -1.409358
-0.464399 -1.418875
-0.435060 -1.396343
-1.380572 -1.699685
-0.448877 -3.183787
-1.408312 -1.688538
-1.412804 -1.672338
-0.313744 -1.336293
-0.382503 -1.390285
-0.378365 -1.329096
-0.892057 -1.653909
-0.771419 -1.900481
-0.821776 -1.864476
-0.824859 -1.901479
-1.067230 -1.323013
-0.460825 -3.222398
-1.029272 -1.331682
-1.005381 -1.293493
-0.783217 -1.958064
-0.792099 -1.932809
-0.801578 -1.944134
-1.073343 -1.268970
-1.045909 -1.272166
-1.023719 -1.259843
-1.423040 -1.392933
-1.560445 -1.530316
-0.486124 -3.204611
-1.592083 -1.555247
-1.550362 -1.563444
-1.259075 -1.275062
-1.280416 -1.266048
-1.259660 -1.278521
-1.619106 -1.597864
-1.561872 -1.620414
-1.609010 -1.594228
-1.236431 -1.233701
-1.235474 -1.255528
-0.718738 -2.183828
-1.235985 -1.200438
-0.627545 -1.145586
-0.400415 -1.199721
-0.397386 -1.160839
-0.397853 -1.200824
-0.812480 -1.130648
-0.864460 -1.104825
-0.861159 -1.128548
-0.324851 -1.191237
-0.352781 -1.220648
-0.701127 -2.236953
-0.341682 -1.203103
-0.935138 -1.111509
-0.922462 -1.142754
-0.956382 -1.103318
-0.781639 -2.155042
-0.662246 -2.118140
-0.706402 -1.990507
-0.752173 -2.058846
-0.688164 -1.934442
-0.841126 -1.984909
-0.752922 -2.180790
-1.477557 -1.716768
-1.722892 -1.774685
-1.457547 -1.752065
-1.735771 -1.641692
-1.561838 -1.716872
-1.500523 -1.619200
-0.247118 -1.241565
-0.173391 -1.269397
-0.312257 -1.425358
-0.260290 -1.153752
-0.435387 -3.255640
-0.302393 -1.302981
-0.371593 -1.254024
-1.257585 -1.140735
-1.105536 -1.179717
-1.186855 -1.277254
-1.026176 -1.061445
-0.960448 -1.193261
-1.078135 -1.192809
0.728480 0.066980
0.905245 0.255105
-0.461676 -3.231653
0.895193 0.227982
0.924027 0.282785
0.570844 -0.050590
0.579090 -0.092966
0.581712 -0.056394
0.931235 0.295078
0.933430 0.313193
0.969911 0.336015
0.535275 -0.104285
0.572944 -0.096644
-4.505961 -1.582972
-0.452294 -3.283692
0.539796 -0.133757
0.072423 0.262251
0.728772 0.383125
0.778190 0.431699
0.756153 0.419453
-0.078978 0.185636
-0.143899 0.194585
-0.144506 0.186495
0.819081 0.417116
0.827736 0.416944
1.530243 0.418848
0.844285 0.431684
-0.143683 0.156690
-0.158248 0.158353
-0.160543 0.180284
0.045178 -0.067738
-0.142997 0.057892
-0.125573 0.010498
-0.148042 0.066077
0.278971 -0.144966
0.222079 -0.151498
1.189036 0.419692
0.237314 -0.145417
-0.198312 0.034985
-0.190841 0.088302
-0.211081 0.064955
0.294231 -0.153788
0.293695 -0.165709
0.271513 -0.161123
0.573214 0.595667
0.833625 0.472650
0.834067 0.496347
1.149837 0.434875
0.770348 0.517468
0.162189 0.726834
0.154084 0.725599
0.183154 0.710813
0.899590 0.465178
0.866640 0.466082
0.879756 0.483551
0.096671 0.729269
0.112585 0.721804
0.112734 0.724691
1.149906 0.447529
-0.219124 0.431203
-0.308080 0.257317
-0.333907 0.239052
-0.297941 0.277526
-0.098504 0.634955
-0.128087 0.643976
-0.102840 0.595389
-0.357024 0.228627
-0.313587 0.225694
-0.329622 0.218030
3.806939 0.271239
-0.094183 0.660676
-0.098632 0.638596
-0.145644 0.649845
0.219253 0.347838
0.367551 0.060592
0.360099 0.042181
0.317353 0.063431
0.149732 0.508211
0.074609 0.516668
0.131847 0.500418
3.831114 0.295384
0.364946 -0.005496
0.377487 0.020882
0.342182 -0.032718
0.058101 0.591785
0.105967 0.541358
0.023491 0.585987
1.019653 0.438059
1.072843 0.374572
0.870332 0.347120
1.042979 0.462450
3.847392 0.270329
0.914138 0.408009
0.821602 0.477395
-0.326887 0.052515
-0.355442 0.136405
-0.138895 0.109146
-0.416813 0.169983
-0.262570 0.217113
-0.262982 0.156737
0.319513 -0.284798
0.471727 -0.231688
1.105934 0.423704
0.411652 -0.100998
0.361616 -0.163250
0.448615 0.001841
0.278969 -0.121183
-0.200797 0.701051
-0.178341 0.762867
-0.003439 0.692598
-0.144304 0.673843
0.150998 0.638078
-0.043400 0.593458
1.133473 0.428987
-2.378711 0.149560
-2.731042 0.443786
-2.731713 0.440992
-2.715815 0.473258
-2.001341 -0.189730
-1.997518 -0.185907
-2.014359 -0.118685
-2.772676 0.506696
-2.755790 0.465734
-2.763839 0.508243
-4.520366 -1.577513
1.116643 0.442545
-1.971749 -0.245949
-1.985630 -0.203853
-1.954093 -0.211212
-2.838208 0.274470
-2.858122 0.380989
-2.879033 0.374797
-2.837680 0.433082
-2.793549 0.013602
-2.819866 0.016244
-2.804362 0.054922
3.895604 0.273502
-2.844626 0.457132
-2.840043 0.448850
-2.878648 0.484712
-2.816144 -0.071555
-2.769508 -0.036558
-2.790312 -0.017114
-2.324361 -0.241212
-2.524482 -0.223759
-2.538747 -0.232017
-2.473925 -0.202641
3.898742 0.259337
-2.076480 -0.280610
-2.049074 -0.315290
-2.094022 -0.273873
-2.626359 -0.222772
-2.577292 -0.167067
-2.552831 -0.185271
-2.012032 -0.305884
-2.009807 -0.315709
-1.992655 -0.296293
-2.238495 0.595971
3.900414 0.274622
-2.642910 0.611914
-2.646516 0.643766
-2.647557 0.611027
-2.018301 0.582162
-1.921965 0.570566
-1.975525 0.581535
-2.741467 0.669154
-2.678083 0.609728
-2.668686 0.632082
-1.918349 0.565971
2.280404 -1.780511
-1.925335 0.559084
-1.858723 0.557872
-2.208282 0.248800
-2.585792 0.007980
-2.542835 0.029883
-2.545210 -0.001734
-1.951558 0.438788
-1.889087 0.444606
-1.899626 0.414397
-2.620651 -0.012593
2.445472 -0.914727
-2.593314 -0.032074
-2.608111 -0.015360
-1.867770 0.486069
-1.915074 0.481075
-1.871779 0.456030
-1.757272 0.168607
-1.820808 -0.088038
-1.809938 -0.100516
-1.841384 -0.112533
-1.736718 0.359502
2.432801 -0.878370
-1.701088 0.348330
-1.748539 0.291846
-1.828614 -0.139658
-1.851429 -0.109438
-1.821518 -0.167074
-1.727022 0.428664
-1.739151 0.388524
-1.729405 0.352741
-2.963751 0.580579
-2.883640 0.598798
2.397350 -0.915000
-2.797811 0.465151
-2.880433 0.701435
-2.705787 0.520519
-2.774619 0.528585
-2.770885 -0.239411
-2.880736 -0.145709
-2.648299 -0.122100
-2.739568 -0.139319
-2.681760 -0.002094
-2.559686 -0.120310
2.210983 -2.181456
-1.835341 -0.412534
-1.826595 -0.374608
-2.001645 -0.251814
-1.777049 -0.288958
-1.901198 -0.145978
-1.905321 -0.188543
-1.745993 0.502287
-1.779045 0.562068
-1.913761 0.525989
-1.637750 0.463852
2.220485 -2.229772
-1.834089 0.506800
-1.807981 0.376153
3.406971 1.096241
3.818760 1.837394
3.852385 1.847514
3.800278 1.829665
3.177039 0.693161
3.201692 0.714237
3.141172 0.672620
3.891704 1.903507
-4.530033 -1.562352
2.184920 -2.223344
3.847381 1.890170
3.870822 1.904099
3.148686 0.622003
3.125999 0.609749
3.129674 0.615471
4.826577 1.491715
4.789520 1.833924
4.777923 1.791514
4.781251 1.839970
4.858534 1.036108
2.449073 -0.869001
4.870717 1.046969
4.897918 1.026710
4.759256 1.900516
4.754728 1.946091
4.746459 1.899468
4.864470 0.972432
4.874037 0.975258
4.888999 0.949885
3.950583 -0.544159
4.106304 -0.547829
2.440923 -0.881310
4.141292 -0.561502
4.146517 -0.553012
3.397568 -0.513840
3.369163 -0.472063
3.337811 -0.471086
4.142794 -0.554846
4.173494 -0.540914
4.165724 -0.556051
3.317662 -0.464570
3.304148 -0.479234
2.424356 -0.817592
3.308926 -0.455670
3.108622 3.173107
3.683177 3.027861
3.659457 3.011392
3.698862 2.997145
2.778055 3.266745
2.852115 3.245164
2.812454 3.242998
3.707704 2.985139
3.734296 2.997842
2.207592 -2.266623
3.712685 2.978238
2.691100 3.294296
2.682380 3.282968
2.713421 3.264693
2.692602 2.463393
4.643786 0.200336
4.666637 0.238954
4.661854 0.194554
2.599067 2.559568
2.638543 2.551907
2.182837 -2.256319
2.643346 2.518766
4.672377 0.198699
4.654459 0.189628
4.683289 0.186726
2.608445 2.604262
2.575977 2.575797
2.627790 2.598392
2.083559 1.545165
2.243961 0.717926
2.238499 0.761942
2.204080 -2.245032
2.243370 0.771778
1.974430 2.060942
1.998366 1.993730
2.025141 1.980314
2.267270 0.664284
2.265945 0.634064
2.271070 0.685846
1.968834 2.107256
1.982067 2.078995
2.006835 2.048321
-3.309292 0.938283
4.747210 2.513101
4.708748 2.669394
4.730517 2.659102
4.724513 2.650670
4.764169 2.239352
4.758936 2.238551
4.749849 2.251757
4.704278 2.727767
4.705177 2.703797
4.702034 2.724462
-3.087178 0.761862
4.753254 2.192203
4.746359 2.195852
4.752494 2.203454
4.265696 2.436103
4.522133 2.715821
4.511699 2.722101
4.493091 2.702506
4.096858 2.197506
4.065474 2.163673
4.077887 2.193038
-3.150878 0.808317
4.553108 2.772710
4.534127 2.757424
4.536379 2.773295
4.037001 2.147125
4.045802 2.153021
4.024270 2.145169
4.333649 2.006954
4.107169 1.986145
4.071094 1.959320
4.069646 2.008150
4.760993 2.927434
-3.081045 0.791945
4.550206 2.036582
4.556725 2.010499
4.523711 2.047151
4.062133 1.946790
4.050046 2.004894
4.026257 1.982059
4.606199 2.013636
4.614647 2.057735
4.576881 2.053207
4.292383 2.948723
-3.622554 1.195464
4.453773 2.918755
4.471706 2.926696
4.458534 2.917110
4.066512 2.981756
4.026357 2.990190
4.066363 2.980596
4.534135 2.917451
4.499713 2.897129
4.521197 2.909065
3.982238 2.967510
-3.703042 1.258343
4.003494 2.998332
4.000276 2.980907
3.849504 2.370589
3.864587 2.246679
3.850871 2.203938
3.859698 2.275030
3.858218 2.748825
3.796568 2.765939
3.857968 2.739500
3.869599 2.137858
-3.713021 1.252309
3.867056 2.167702
3.854064 2.148950
3.811094 2.804140
3.850931 2.787952
3.809466 2.783827
4.245674 2.540675
4.535147 2.266065
4.550082 2.213262
4.570683 2.196439
4.042769 2.765057
-2.997102 0.687128
3.999648 2.794407
4.008625 2.768788
4.610585 2.198063
4.600280 2.196998
4.614799 2.149581
3.994761 2.833814
3.976333 2.805013
3.945711 2.824897
4.642597 2.838706
4.746372 2.813555
-2.984101 0.699617
4.621207 2.724883
4.572663 2.936352
4.627725 2.808281
4.522559 2.818854
3.957081 1.920897
3.987304 2.051897
4.104442 2.054698
3.852082 1.993623
3.970601 2.165795
3.962990 2.061537
-2.988203 0.703302
4.687893 1.950284
4.776904 2.016924
4.676330 2.103863
4.662227 2.042614
4.699439 2.203341
4.590837 2.134492
3.760832 2.853946
3.833619 3.029181
3.907130 2.831163
3.789702 2.934353
-3.765485 1.325395
4.039634 2.898271
3.905182 2.774840
4.154995 -0.127722
4.083673 0.114201
4.057046 0.081003
4.096311 0.062269
4.252461 -0.334280
4.223539 -0.371752
4.250963 -0.328121
4.080530 0.128016
-3.756456 1.305093
4.086855 0.148818
4.052004 0.163141
4.252413 -0.394484
4.280159 -0.377995
4.259669 -0.379690
4.442541 0.591998
4.249471 0.466146
4.211465 0.464516
4.242765 0.465449
4.665465 0.685756
-3.757067 1.293442
4.676337 0.730846
4.678716 0.690091
4.109946 0.376261
4.166490 0.386203
4.116524 0.378367
4.762037 0.763543
4.766968 0.702632
4.739588 0.768527
4.680823 0.271024
4.811948 0.594986
4.754265 2.896013
0.625566 3.830933
4.834986 0.624508
4.823779 0.600483
4.455135 -0.309539
4.417514 -0.384724
4.441582 -0.417118
4.861922 0.691096
4.860922 0.669298
4.860798 0.644373
4.402951 -0.379243
4.414918 -0.429615
1.429004 3.457107
4.391627 -0.444556
4.315501 0.222563
4.179615 0.244225
4.149399 0.248840
4.221226 0.274393
4.579095 0.139017
4.514963 0.161608
4.553034 0.121334
4.102137 0.239106
4.156320 0.273600
1.479772 3.442334
4.096725 0.265609
4.588465 0.140700
4.607411 0.131415
4.559052 0.114560
4.937065 0.458725
4.919953 0.596691
4.955728 0.656824
4.940387 0.619125
4.823933 0.227101
4.852591 0.277252
1.407031 3.462936
4.819200 0.200313
4.940855 0.670859
4.933992 0.642942
4.942900 0.674372
4.817315 0.212985
4.820160 0.206917
4.827904 0.213796
4.479915 -0.314828
4.402930 -0.395153
4.382285 -0.460458
0.393212 3.933609
4.448796 -0.406448
4.655576 -0.052518
4.657198 -0.044642
4.682073 -0.045311
4.363728 -0.484469
4.447350 -0.455368
4.408567 -0.494954
4.669562 -0.013740
4.677188 -0.028967
4.683998 -0.018704
0.401951 3.956969
3.970140 0.343153
3.957766 0.191460
4.116854 0.256196
3.998107 0.254603
4.098771 0.191680
4.168113 0.345392
4.873038 0.850682
4.788261 0.865304
4.792915 0.690741
4.957687 0.758183
0.435459 3.925750
4.862119 0.664913
4.899878 0.646646
4.333571 -0.448683
4.173544 -0.484205
4.352149 -0.364717
4.261893 -0.530788
4.342151 -0.436823
4.434048 -0.450867
4.754373 0.210264
4.607883 0.172371
1.497243 3.426015
4.718750 0.171505
4.662821 0.130585
4.640505 -0.007154
4.734711 0.035573
2.813035 -0.632509
2.633297 -0.694934
2.630578 -0.723193
2.606766 -0.687454
2.995924 -0.524601
3.043751 -0.535084
1.482701 3.415408
2.994799 -0.522781
2.592352 -0.713128
2.570022 -0.699060
2.575553 -0.749603
3.066454 -0.492828
3.037259 -0.497274
3.093905 -0.512039
2.764322 -0.104439
2.582879 -0.546821
2.582223 -0.535712
1.497418 3.417930
2.579158 -0.524595
2.911689 0.217155
2.943863 0.303250
2.897209 0.229970
2.562233 -0.575679
2.551069 -0.578150
2.552881 -0.591212
2.959908 0.307678
2.906388 0.280571
2.925861 0.327515
4.733250 2.892370
0.350707 3.959170
3.142886 0.059040
3.092695 0.257141
3.131372 0.321689
3.080480 0.279379
3.183272 -0.228371
3.190848 -0.240854
3.175853 -0.250761
3.106933 0.329585
3.079846 0.318726
3.106315 0.341621
0.290807 3.953453
3.161278 -0.303162
3.160520 -0.269687
3.181412 -0.275846
2.317384 -0.146436
2.390429 -0.527706
2.364726 -0.464660
2.360200 -0.468109
2.302220 0.222764
2.278177 0.181987
2.293723 0.171152
0.344992 3.968848
2.403523 -0.564390
2.398908 -0.544515
2.391953 -0.543451
2.289609 0.323989
2.320550 0.274178
2.267777 0.267372
2.664302 0.495692
2.844851 0.473355
2.891385 0.507068
2.868031 0.478787
-2.480520 -2.970719
2.481983 0.467031
2.517483 0.533419
2.497987 0.474472
2.909172 0.466540
2.913057 0.466009
2.929724 0.502907
2.442019 0.508083
2.408929 0.449329
2.432696 0.520745
2.739833 -0.046530
-2.488048 -3.159730
2.935748 -0.251382
2.933413 -0.228196
2.920156 -0.215584
2.424697 0.220156
2.478281 0.269908
2.454693 0.268706
3.031031 -0.338690
3.008738 -0.292724
3.048696 -0.326187
2.407349 0.279150
-2.481171 -3.129710
2.416288 0.276234
2.421195 0.311736
2.489209 -0.742933
2.524103 -0.811565
2.584643 -0.646292
2.387520 -0.722077
2.457602 -0.609361
2.490675 -0.550735
3.139665 0.490780
3.024415 0.426461
-2.469180 -3.109963
2.982266 0.261551
3.039786 0.584220
2.895099 0.379011
3.011218 0.377381
3.250388 -0.343404
3.268311 -0.516294
3.069127 -0.442919
3.226068 -0.409547
3.003750 -0.366742
3.139009 -0.264377
-2.082356 1.874458
2.371382 0.599850
2.256182 0.464112
2.374192 0.382052
2.397524 0.400670
2.352433 0.238011
2.453493 0.392588
1.987929 3.030986
1.786973 3.198713
1.759236 3.198213
1.780415 3.193119
-2.079185 1.877573
2.274207 2.828358
2.307137 2.803558
2.256337 2.831363
1.704335 3.274491
1.742201 3.265247
1.676991 3.265665
2.355462 2.785820
2.307333 2.785895
2.328221 2.795246
2.010159 3.410821
-2.056866 1.880589
1.867713 3.421468
1.795729 3.429745
1.821033 3.407840
2.335084 3.373698
2.332005 3.379593
2.308819 3.364315
1.743330 3.422293
1.764041 3.387334
1.761499 3.428472
2.417650 3.366361
