2050 2
3.174116 4.876889
3.175245 4.867597
-4.222561 3.814373
1.080804 -4.064696
-4.273983 1.376209
-4.302102 1.392743
-3.797139 1.617371
-4.001456 1.550009
-4.029976 1.556348
-4.038826 1.542581
-3.693814 1.626926
-3.663219 1.661230
-3.666090 1.632279
-4.116284 1.527395
1.054031 -4.056180
-4.085147 1.509725
-4.066160 1.525930
-3.632091 1.657031
-3.628646 1.595409
-3.617346 1.674187
-3.842702 0.616163
-3.998741 0.594106
-4.011796 0.570880
-4.038426 0.587744
-3.584977 0.716569
1.036415 -4.064631
-3.548689 0.714819
-3.543850 0.739967
-4.081117 0.566683
-4.073236 0.593085
-4.101779 0.563447
-3.495812 0.757433
-3.528601 0.747889
-3.488905 0.779894
-3.863728 1.191235
-4.112671 1.367523
-0.119165 -4.296592
-4.142344 1.429249
-4.077869 1.380410
-3.616086 0.963389
-3.594341 0.977543
-3.593225 0.986710
-4.162944 1.418102
-4.143030 1.371058
-4.120852 1.435195
-3.575068 0.928649
-3.566667 0.962509
-0.157592 -4.294711
-3.527591 0.988579
-3.377361 1.226246
-3.414906 1.407148
-3.382663 1.454780
-3.401936 1.426370
-3.374492 1.041718
-3.332741 1.022263
-3.379367 1.048909
-3.437254 1.498511
-3.432164 1.476986
-0.160101 -4.299441
-3.393052 1.529069
-3.333231 1.005171
-3.396964 1.005835
-3.355483 1.013744
-4.282314 0.535662
-4.164569 0.505075
-4.229737 0.709276
-4.135700 0.481335
-4.061021 0.649151
-4.190454 0.633672
1.934611 4.654418
-4.228693 1.639156
-4.316658 1.535799
-4.164628 1.471301
-4.260578 1.583252
-4.216755 1.355498
-4.094118 1.451940
-3.435786 1.756508
-3.389121 1.680407
-3.637427 1.569675
-3.342352 1.617489
2.065295 4.661804
-3.503377 1.455228
-3.512318 1.564091
-3.432900 0.890747
-3.388710 0.767245
-3.550309 0.817478
-3.265837 0.931088
-3.476970 0.854900
-3.464401 1.013899
2.661674 -2.013953
3.212855 -2.341845
2.122437 4.652524
3.268758 -2.367043
3.232577 -2.375982
2.221473 -1.706713
2.312133 -1.763933
2.273068 -1.767397
3.355000 -2.446965
3.322894 -2.456385
3.345585 -2.452408
2.187164 -1.676796
2.175170 -1.698528
2.105701 4.644283
2.190004 -1.707690
4.370939 -1.535141
4.349021 -2.175672
4.303586 -2.127505
4.316224 -2.150385
4.389794 -1.259746
4.396845 -1.261099
4.388680 -1.332167
4.313344 -2.219291
4.317428 -2.248320
-4.166372 3.812867
1.124786 4.612736
4.287370 -2.200283
4.381973 -1.151129
4.365480 -1.187931
4.379486 -1.205342
2.473268 -0.636399
3.246640 -0.477105
3.226932 -0.507445
3.237795 -0.508107
2.091005 -0.700348
2.117952 -0.733357
1.195221 4.604283
2.038164 -0.784341
3.289965 -0.464841
3.281468 -0.477132
3.275864 -0.503768
2.080143 -0.727198
2.022480 -0.753281
2.037361 -0.770979
2.878264 -3.745002
3.378948 -3.572945
3.368341 -3.542697
1.150291 4.597493
3.346490 -3.568280
2.447587 -3.925625
2.463345 -3.892616
2.479672 -3.889373
3.424387 -3.535009
3.440512 -3.515543
3.441837 -3.507904
2.404637 -3.935182
2.343451 -3.948911
2.385685 -3.910541
2.155156 4.671793
2.527435 -2.745510
3.445732 -1.433721
3.488964 -1.396559
3.444715 -1.409609
2.395242 -2.965749
2.381082 -2.966234
2.349785 -2.949825
3.532582 -1.367171
3.475170 -1.356777
3.485057 -1.371196
2.149037 4.669878
2.343098 -3.042614
2.325996 -3.008982
2.345088 -2.989521
1.294866 -2.359591
1.233614 -1.892350
1.255751 -1.895196
1.239698 -1.891796
1.352807 -2.917049
1.367340 -2.936289
1.369905 -2.940642
2.162218 4.640969
1.235432 -1.788769
1.226368 -1.774581
1.240482 -1.820608
1.381814 -3.103033
1.390398 -3.060891
1.401824 -3.046533
4.332929 -2.865059
4.325707 -2.983816
4.344421 -3.008289
4.327333 -2.990172
1.099170 4.596954
4.318938 -2.549071
4.348562 -2.572738
4.325427 -2.560225
4.340252 -3.019126
4.310822 -3.030843
4.338631 -3.044601
4.350527 -2.451956
4.328187 -2.485278
4.343760 -2.486638
3.825066 -2.839318
1.079970 4.597711
4.125766 -3.036838
4.085419 -3.040588
4.095279 -3.068782
3.679986 -2.712276
3.600327 -2.667915
3.665622 -2.722029
4.135895 -3.060063
4.135002 -3.072232
4.134566 -3.090668
3.605659 -2.654776
1.083341 4.567361
3.627363 -2.676264
3.594507 -2.656167
3.802034 -2.439310
3.663710 -2.492237
3.582266 -2.464500
3.620980 -2.491464
4.131115 -2.377917
4.080688 -2.359554
4.116667 -2.390491
3.546110 -2.480214
3.595325 3.135789
3.603853 -2.521024
3.563870 -2.495190
4.193518 -2.338289
4.163981 -2.378534
4.159163 -2.336912
3.934129 -3.379295
4.197321 -3.237956
4.173804 -3.274183
4.142690 -3.276683
3.790054 -3.426091
-4.171466 3.805083
3.366337 3.777570
3.739147 -3.465535
3.770777 -3.449102
4.231777 -3.238123
4.216280 -3.231421
4.206919 -3.255343
3.679299 -3.456986
3.715377 -3.442156
3.719775 -3.472224
3.455315 -2.933660
3.445425 -2.772892
3.333128 3.797791
3.426450 -2.783473
3.449510 -2.754091
3.549968 -3.286662
3.481142 -3.292391
3.535480 -3.249291
3.419180 -2.718495
3.467136 -2.676615
3.450693 -2.664907
3.526350 -3.331176
3.561067 -3.305006
3.342881 3.771034
3.533655 -3.326253
3.979846 -2.829006
4.184880 -2.517527
4.157028 -2.522535
4.151406 -2.520402
3.716388 -3.282401
3.716761 -3.262478
3.754467 -3.213399
4.188023 -2.469650
4.202758 -2.494971
3.710217 2.884456
4.173340 -2.468454
3.656641 -3.342884
3.680987 -3.325650
3.639011 -3.315203
4.204195 -3.150547
4.341653 -3.099640
4.211783 -3.038409
4.280448 -3.239438
4.260489 -3.142537
4.163845 -3.170404
3.690318 2.863424
3.411173 -2.429834
3.448539 -2.544228
3.656114 -2.565997
3.340957 -2.533391
3.513548 -2.708239
3.539759 -2.576627
4.255868 -2.238257
4.345970 -2.374307
4.250204 -2.408841
4.221504 -2.316134
3.678348 2.908033
4.274345 -2.501638
4.147637 -2.432750
3.457797 -3.410940
3.597332 -3.526067
3.628095 -3.372751
3.544227 -3.423425
3.722869 -3.374513
3.618536 -3.296773
3.819551 -0.118518
3.928769 -0.021568
3.306599 3.893316
3.937407 0.000815
3.923795 -0.036069
3.610302 -0.349146
3.594001 -0.326380
3.592894 -0.340931
3.994897 0.045800
3.976470 -0.017122
3.969625 0.007820
3.527178 -0.362507
3.575376 -0.396664
3.313728 3.882633
3.541129 -0.357365
4.330825 -0.651468
4.214293 -0.146915
4.219786 -0.142478
4.210531 -0.153608
4.379302 -0.819153
4.399429 -0.847064
4.368472 -0.865267
4.172915 -0.075927
4.180795 -0.110068
3.294856 3.860548
4.195270 -0.104655
4.402481 -0.897519
4.359933 -0.914210
4.380341 -0.925739
3.873574 -0.709626
4.176307 -0.856901
4.213637 -0.888753
4.168764 -0.881674
3.658319 -0.592056
3.619077 -0.582363
3.712262 2.805540
3.610879 -0.574999
4.266341 -0.913714
4.230445 -0.906170
4.224024 -0.921713
3.580192 -0.506545
3.593367 -0.535799
3.566302 -0.561362
3.915607 -0.452920
4.020556 -0.215994
4.040841 -0.210058
-4.180094 3.782749
3.713584 2.797951
4.043035 -0.203010
3.725680 -1.005595
3.717429 -0.997725
3.710289 -0.981630
4.056210 -0.091871
4.058715 -0.127878
4.064559 -0.137515
3.694561 -1.060610
3.672884 -1.044664
3.675945 -1.051715
3.710190 2.810376
3.989409 -1.174149
4.192247 -1.095465
4.123106 -1.136441
4.180202 -1.097158
3.811027 -1.218320
3.772467 -1.249464
3.755647 -1.242125
4.235115 -1.101926
4.232097 -1.063540
4.228857 -1.092452
1.808346 3.310303
3.729989 -1.255106
3.733044 -1.222924
3.740718 -1.276015
3.477601 -0.831324
3.471283 -0.611553
3.453150 -0.646128
3.492626 -0.638975
3.515179 -1.035028
3.494803 -1.098340
3.501574 -1.031425
2.796418 2.630565
3.431611 -0.587832
3.450990 -0.583391
3.476908 -0.597149
3.536242 -1.114877
3.532592 -1.116719
3.488674 -1.138862
4.155495 0.032045
4.011036 0.092656
4.075621 -0.037834
4.068150 0.005189
2.803767 2.650874
4.004451 -0.065461
4.146872 -0.133917
4.325133 -1.049512
4.399828 -1.015695
4.292062 -0.892434
4.302338 -1.177013
4.329231 -0.966493
4.216403 -0.983567
3.411030 -0.514580
3.362033 -0.417819
2.764423 2.646635
3.584933 -0.468946
3.367176 -0.570626
3.513423 -0.505669
3.531831 -0.584694
3.655493 -1.307958
3.592763 -1.213693
3.724310 -1.103437
3.492070 -1.200221
3.600667 -1.048474
3.608044 -1.164259
1.340517 3.601908
1.434071 -0.707955
1.210099 -0.718484
1.219978 -0.710744
1.211214 -0.730692
1.764446 -0.727777
1.724694 -0.703037
1.729315 -0.724446
1.167922 -0.733413
1.148246 -0.759065
1.142071 -0.711289
1.403666 3.566969
1.854933 -0.746941
1.803680 -0.737579
1.794387 -0.709179
1.457255 -1.089036
1.249254 -0.888745
1.222425 -0.888362
1.220838 -0.918298
1.914361 -1.422381
1.770740 -1.338995
1.810699 -1.401978
1.304794 3.615817
1.150446 -0.796191
1.173334 -0.861772
1.155957 -0.842175
1.969892 -1.510807
1.906396 -1.474493
1.943387 -1.506455
2.053660 -1.148902
2.061773 -1.409953
2.104522 -1.463849
2.076854 -1.418407
2.874682 2.604065
2.026352 -0.908519
2.056702 -0.902507
1.999958 -0.907708
2.064925 -1.492466
2.035239 -1.486340
2.066558 -1.525182
2.045708 -0.807805
2.002158 -0.852088
2.027125 -0.855365
1.104251 -1.264937
4.355531 -3.211175
2.884386 2.556577
1.040583 -0.991541
1.023241 -0.956443
1.041521 -0.981053
1.177070 -1.510630
1.174312 -1.544168
1.160143 -1.484131
1.009218 -0.884521
1.049406 -0.913957
1.019658 -0.905874
1.195424 -1.587315
2.850932 2.602949
1.154586 -1.540275
1.178370 -1.596679
1.603209 -1.679763
1.869020 -1.610022
1.889269 -1.654516
1.860555 -1.627611
1.435904 -1.671816
1.452009 -1.704457
1.458554 -1.675782
1.910895 -1.629603
1.284317 3.653599
1.874820 -1.595919
1.911826 -1.622120
1.411928 -1.708382
1.402585 -1.660735
1.408560 -1.692873
1.437516 -1.353038
1.804733 -0.892911
1.811265 -0.933761
1.832071 -0.919740
1.336974 -1.452234
1.282130 3.636754
1.347379 -1.444863
1.361875 -1.454080
1.837066 -0.863134
1.824609 -0.877348
1.880881 -0.884500
1.287363 -1.553335
1.305365 -1.506238
1.312905 -1.510804
1.040315 -0.745227
1.047466 -0.661468
1.289222 3.634112
1.175955 -0.790568
0.932767 -0.763738
1.093387 -0.828214
1.109161 -0.921607
2.156182 -1.606597
2.074321 -1.597523
2.010237 -1.456952
2.095383 -1.701796
1.859136 -1.542830
1.948264 -1.563143
1.924344 3.032084
2.066637 -0.788671
1.933062 -0.686785
1.901519 -0.774667
1.951153 -0.824392
1.792108 -0.826635
1.907599 -0.930681
1.349442 -1.764454
1.195415 -1.714783
1.319647 -1.639481
1.246190 -1.713495
2.296359 3.617224
1.233868 -1.502484
1.339620 -1.555555
1.668344 -3.669493
1.453277 -3.872044
1.434452 -3.875396
1.423216 -3.858790
2.081845 -3.356734
2.026559 -3.374352
2.032871 -3.327841
1.389890 -3.909380
2.339603 3.715567
1.394518 -3.910959
1.392641 -3.887232
2.112887 -3.308427
2.075989 -3.327555
2.095801 -3.292302
1.697670 -4.096084
1.449345 -4.080031
1.393274 -4.096296
1.466442 -4.097343
1.995579 -4.061188
2.360843 3.670401
1.974644 -4.073172
1.964002 -4.047702
1.359302 -4.073288
1.398653 -4.087795
1.357040 -4.086358
2.070772 -4.028584
2.030846 -4.027889
2.034280 -4.052683
2.210143 -3.687525
2.175434 -3.832809
1.601622 2.524837
2.239106 -3.806565
2.204341 -3.806013
2.208913 -3.383161
2.228152 -3.340239
2.203568 -3.354185
2.220215 -3.863027
2.186788 -3.858540
2.229980 -3.840312
2.229047 -3.315586
2.195799 -3.341504
4.346521 -3.183418
1.601795 2.499325
2.227957 -3.290185
1.254866 -3.632704
1.234584 -3.819320
1.187028 -3.772754
1.213293 -3.822232
1.330710 -3.432741
1.326864 -3.384501
1.341854 -3.425495
1.151754 -3.873495
1.207472 -3.870521
1.542831 2.471135
1.162547 -3.865775
1.364938 -3.339799
1.375413 -3.363976
1.375217 -3.310004
1.677198 -3.482861
2.010463 -3.847759
2.082861 -3.857578
2.042520 -3.835430
1.588070 -3.413967
1.582729 -3.359705
2.354155 3.752008
1.596533 -3.361491
2.057801 -3.872714
2.039079 -3.864645
2.073034 -3.842815
1.548889 -3.340430
1.576837 -3.336060
1.570157 -3.336266
1.868070 -3.145451
2.023047 -3.127266
2.026623 -3.120608
2.387090 3.722387
2.027823 -3.151853
1.610095 -3.170102
1.635446 -3.160301
1.638476 -3.186712
2.081383 -3.107381
2.090831 -3.168323
2.103334 -3.142253
1.584909 -3.173709
1.569231 -3.222195
1.589301 -3.175707
2.378715 3.746263
1.215188 -4.100571
1.261253 -3.979468
1.430127 -3.996886
1.078587 -3.958587
1.319904 -3.854956
1.298765 -3.959256
2.328253 -3.871990
2.204785 -4.020904
2.144163 -3.920400
2.302715 -3.906524
1.543655 2.428831
1.999707 -3.970482
2.103804 -3.829203
2.316617 -3.136793
2.232364 -3.155969
2.161318 -3.349974
2.219764 -3.039224
2.043422 -3.260048
2.131706 -3.246620
1.460120 -3.149617
1.355038 -3.252367
1.503546 2.438324
1.460282 -3.373062
1.496868 -3.099299
1.463237 -3.278611
1.590619 -3.304516
-3.905960 -3.170530
-3.843814 -3.402978
-3.839376 -3.339516
-3.814487 -3.440788
-4.069723 -2.519825
-4.060990 -2.513473
1.516549 2.430904
-4.070007 -2.478753
-3.799931 -3.464985
-3.804877 -3.496565
-3.789434 -3.477241
-4.090515 -2.412122
-4.090594 -2.450675
-4.073947 -2.442157
-2.094504 -2.621063
-2.683555 -3.365004
-2.673727 -3.347497
2.250191 1.635241
-2.630787 -3.331469
-1.941975 -2.427276
-1.947581 -2.431254
-1.964418 -2.469104
-2.768019 -3.423244
-2.740263 -3.439586
-2.736885 -3.431171
-1.923889 -2.396228
-1.881500 -2.380746
-1.902518 -2.395493
2.833931 1.723492
-2.602641 -1.393398
-2.110565 -1.402788
-2.106725 -1.438062
-2.153353 -1.416706
-3.131500 -1.352382
-3.125746 -1.368100
-3.109088 -1.375223
-2.021031 -1.392344
-2.036634 -1.404210
-2.058007 -1.431833
4.344194 -3.208587
2.771356 1.723992
-3.218438 -1.355604
-3.170835 -1.354498
-3.192824 -1.370031
-1.976573 -4.525272
-2.616970 -4.459869
-2.583957 -4.454579
-2.599924 -4.450947
-1.593040 -4.581301
-1.590998 -4.567267
-1.599633 -4.574495
2.790833 1.739551
-2.668458 -4.440876
-2.676754 -4.444556
-2.665282 -4.427190
-1.497731 -4.586802
-1.532827 -4.578906
-1.523815 -4.573205
-0.828318 -2.853837
-0.883271 -2.374767
-0.930229 -2.387766
-0.917526 -2.412257
1.827819 1.539854
-0.726625 -3.385460
-0.751755 -3.431926
-0.757630 -3.335734
-0.944725 -2.289872
-0.960918 -2.242789
-0.950353 -2.327320
-0.729691 -3.468828
-0.709118 -3.419218
-0.748767 -3.420112
-1.777375 -3.495770
1.850767 1.577464
-3.212835 -2.294638
-3.236980 -2.294108
-3.230454 -2.242092
-1.625800 -3.619149
-1.653459 -3.611307
-1.595171 -3.626568
-3.275971 -2.249042
-3.245868 -2.236767
-3.259789 -2.231655
-1.569347 -3.691687
1.887827 1.577690
-1.565344 -3.657429
-1.531336 -3.678338
-3.228638 -3.987966
-3.395087 -4.217397
-3.429754 -4.257313
-3.384226 -4.245820
-3.055270 -3.724029
-2.996834 -3.715190
-3.011199 -3.749071
-3.458017 -4.267807
2.916151 1.739823
-3.438795 -4.290224
-3.462129 -4.313571
-2.997925 -3.668036
-3.016508 -3.679466
-2.975559 -3.675735
-3.706398 -4.077929
-3.659539 -4.206999
-3.687758 -4.233962
-3.630715 -4.284441
-3.755241 -3.818161
2.904265 1.753862
-3.775804 -3.776368
-3.757150 -3.808939
-3.660297 -4.277159
-3.650410 -4.293330
-3.654376 -4.303204
-3.772064 -3.737293
-3.763864 -3.777519
-3.780066 -3.747557
-3.435897 -3.563889
-3.580587 -3.593265
2.865680 1.758250
-3.581749 -3.553553
-3.588082 -3.562355
-3.136155 -3.577353
-3.037381 -3.523666
-3.098446 -3.567592
-3.658897 -3.566586
-3.615664 -3.595430
-3.647155 -3.560061
-3.062078 -3.566703
-3.053897 -3.571658
1.779577 1.539716
-3.025829 -3.542182
-3.189870 -4.502244
-3.395632 -4.500069
-3.391402 -4.551002
-3.396743 -4.473609
-3.013181 -4.459619
-2.953313 -4.477002
-2.949050 -4.452344
-3.434112 -4.515781
-3.420858 -4.470902
1.748039 1.551752
-3.449450 -4.496516
-2.954422 -4.460610
-2.941599 -4.441161
-2.914616 -4.459539
-3.371206 -3.945846
-3.631349 -3.726670
-3.606688 -3.728706
-3.587634 -3.753657
-3.024054 -4.260711
-2.917824 -4.291320
4.339058 -3.220544
1.753844 1.559211
-2.987251 -4.245728
-3.659240 -3.706816
-3.631481 -3.732131
-3.653234 -3.683461
-2.964577 -4.301206
-2.958855 -4.300421
-2.876799 -4.321497
-2.753264 -3.887147
-2.830826 -3.723250
-2.767443 -3.689726
0.531898 2.959934
-2.799129 -3.712756
-2.770026 -4.270610
-2.741598 -4.191207
-2.764759 -4.229370
-2.773926 -3.677256
-2.846510 -3.709805
-2.786454 -3.668094
-2.767232 -4.293908
-2.783253 -4.276806
-2.757806 -4.258517
0.450777 3.369140
-3.673182 -4.406850
-3.528174 -4.362848
-3.526432 -4.255225
-3.530427 -4.531844
-3.410985 -4.380380
-3.542701 -4.395067
-3.710645 -3.491092
-3.803806 -3.585165
-3.715230 -3.704052
-3.739768 -3.561582
0.476312 3.413464
-3.667536 -3.765515
-3.637511 -3.665767
-2.884993 -3.465304
-2.841720 -3.526768
-3.057843 -3.623487
-2.725063 -3.572898
-2.900589 -3.721428
-2.921204 -3.625575
-2.759202 -4.386271
-2.850148 -4.468306
0.488589 3.360957
-2.974221 -4.382492
-2.687587 -4.353244
-2.835105 -4.359290
-2.879109 -4.269689
-1.301795 -1.163790
-1.111594 -1.111873
-1.076044 -1.064346
-1.096938 -1.104172
-1.674608 -1.305729
-1.709981 -1.282151
0.605532 2.386526
-1.655029 -1.285615
-0.993594 -1.043132
-1.060442 -1.093870
-0.996807 -1.060325
-1.762594 -1.328743
-1.700908 -1.342838
-1.706986 -1.319070
-1.474749 -1.868942
-1.055839 -1.256154
-1.019593 -1.241304
0.634664 2.367427
-1.027274 -1.266124
-1.610453 -2.010993
-1.601803 -2.016079
-1.605349 -2.031616
-0.974222 -1.147468
-1.020521 -1.221045
-0.987986 -1.204424
-1.672188 -2.082589
-1.611061 -2.028048
-1.632333 -2.089497
0.641271 2.327522
-1.849457 -1.894334
-1.817865 -2.060626
-1.854999 -2.051175
-1.830235 -2.059910
-1.824154 -1.614575
-1.894148 -1.661860
-1.833632 -1.601984
-1.843036 -2.138558
-1.808512 -2.095154
-1.817204 -2.134229
0.450706 3.451017
-1.890795 -1.583621
-1.825795 -1.567316
-1.868949 -1.591913
-0.849528 -1.524137
-0.863252 -1.286381
-0.831121 -1.319094
-0.846347 -1.307029
-0.916394 -1.938249
-0.879733 -1.925031
-0.913676 -1.935860
0.452250 3.420562
-0.824514 -1.187435
-0.864520 -1.235356
-0.821706 -1.204245
-0.912314 -2.033978
-0.966380 -2.026460
-0.930857 -2.008017
-1.352064 -2.189810
-1.553621 -2.201290
-1.619081 -2.262350
-1.570385 -2.212529
4.339420 -3.185281
0.472778 3.453059
-1.077117 -2.137632
-1.088630 -2.180615
-1.125281 -2.155656
-1.660808 -2.257612
-1.627006 -2.234963
-1.679212 -2.272227
-1.066283 -2.171114
-1.079865 -2.138035
-1.075651 -2.162665
-1.449528 -1.757798
0.634732 2.253312
-1.683198 -1.548256
-1.700509 -1.581485
-1.709958 -1.574440
-1.127659 -1.984454
-1.134551 -2.005746
-1.163155 -1.973957
-1.714208 -1.520754
-1.711793 -1.528733
-1.756926 -1.533202
-1.070878 -2.037661
0.651483 2.256831
-1.110064 -2.018731
-1.134287 -2.007593
-0.886022 -1.081986
-0.877789 -0.962790
-1.073083 -1.139484
-0.783224 -1.097937
-0.892490 -1.188327
-0.951317 -1.245011
-1.900138 -2.305942
-1.781312 -2.231129
0.682728 2.248862
-1.766378 -2.084227
-1.786845 -2.341502
-1.603421 -2.152113
-1.738701 -2.184074
-1.998482 -1.508234
-1.894150 -1.350824
-1.773069 -1.455889
-1.914723 -1.470522
-1.694297 -1.427958
-1.769814 -1.570323
3.257812 4.405002
-1.013936 -2.249665
-0.917413 -2.146328
-0.995372 -2.053658
-1.014834 -2.170360
-1.026590 -2.006525
-1.107502 -2.071448
-3.692268 -1.209792
-3.917269 -1.155153
-3.917647 -1.116434
-3.887293 -1.157950
3.196606 4.635469
-3.574613 -1.288743
-3.535800 -1.274344
-3.541173 -1.298575
-4.008962 -1.139588
-3.988888 -1.146891
-3.965246 -1.083299
-3.512722 -1.308810
-3.495788 -1.333553
-3.451701 -1.315665
-4.213315 -1.551537
3.212275 4.639684
-4.205146 -1.319871
-4.213324 -1.259806
-4.204957 -1.315790
-4.181518 -1.969703
-4.183353 -1.994154
-4.187330 -1.933387
-4.193731 -1.243803
-4.194535 -1.269763
-4.189927 -1.260879
-4.171353 -2.049202
3.201465 4.654243
-4.150803 -2.032394
-4.161038 -2.060678
-3.811323 -1.766809
-4.032416 -2.001850
-4.054858 -2.085844
-4.041358 -2.034683
-3.606836 -1.527074
-3.605856 -1.558371
-3.599836 -1.581132
-4.058176 -2.106671
3.275607 4.216883
-4.070731 -2.072117
-4.074250 -2.113919
-3.553470 -1.507379
-3.548597 -1.507851
-3.556131 -1.543926
-3.725694 -1.697665
-3.957172 -1.335096
-3.983336 -1.311798
-3.976966 -1.376224
-3.610746 -1.931756
3.329593 4.140440
-3.595961 -1.883843
-3.576104 -1.891270
-3.974886 -1.281059
-3.978543 -1.328516
-4.013171 -1.296278
-3.540037 -1.985322
-3.551852 -1.954364
-3.508656 -1.954534
-3.767851 -2.198207
-3.976396 -2.195045
4.325825 -3.206693
3.283349 4.175094
-3.946055 -2.252703
-3.967377 -2.190608
-3.600709 -2.181527
-3.586723 -2.206531
-3.604650 -2.194579
-4.011240 -2.218219
-4.021286 -2.202527
-4.001943 -2.236222
-3.536307 -2.183650
-3.570592 -2.183646
3.186019 4.715217
-3.528519 -2.180061
-3.334525 -1.690826
-3.335962 -1.524517
-3.312210 -1.530328
-3.355320 -1.562955
-3.353175 -1.940708
-3.317066 -1.988904
-3.339330 -1.988085
-3.321106 -1.478369
-3.371577 -1.478081
3.168559 4.690552
-3.336762 -1.517224
-3.347900 -2.006780
-3.376729 -2.006686
-3.323731 -2.077538
-4.202752 -1.126041
-4.033387 -1.032953
-4.093334 -1.192394
-4.061290 -1.141245
-3.949143 -1.255139
-4.058308 -1.319628
3.214516 4.685700
-4.074854 -2.253955
-4.111165 -2.375026
-4.122766 -2.031681
-4.040947 -2.352535
-4.106518 -2.087790
-4.049521 -2.128305
-3.447601 -1.471730
-3.375751 -1.307273
-3.552859 -1.387706
-3.252026 -1.458853
3.315482 4.119283
-3.413450 -1.414251
-3.467061 -1.523047
-3.373935 -2.241973
-3.343544 -2.155813
-3.556385 -2.104888
-3.252919 -2.176801
-3.434080 -1.967865
-3.440411 -2.084421
-0.470292 -3.952906
-0.365391 -4.226861
3.277114 4.132069
-0.331887 -4.162885
-0.350989 -4.211589
-0.572807 -3.796094
-0.573640 -3.739020
-0.584836 -3.755608
-0.312922 -4.250487
-0.362343 -4.252779
-0.313572 -4.206020
-0.611413 -3.716319
-0.608142 -3.734935
3.328782 4.112745
-0.608859 -3.691400
-0.822563 -4.511327
-0.557761 -4.432437
-0.488539 -4.419458
-0.577097 -4.440378
-1.055012 -4.575416
-1.051937 -4.567187
-1.106384 -4.553195
-0.440287 -4.412879
-0.435735 -4.386364
2.678854 4.819693
-0.424755 -4.400792
-1.135826 -4.578365
-1.125048 -4.575042
-1.166620 -4.567204
-0.999646 -4.071772
-1.149566 -4.366534
-1.194645 -4.408670
-1.181088 -4.369717
-0.869716 -3.862547
-0.851627 -3.809220
2.950123 4.834289
-0.847055 -3.813446
-1.210019 -4.455327
-1.219315 -4.451726
-1.271120 -4.481812
-0.797023 -3.764601
-0.803901 -3.765529
-0.805735 -3.724050
-0.699983 -4.183013
-0.482082 -4.268873
-0.461548 -4.289185
2.971945 4.869268
-0.510759 -4.284119
-1.207732 -3.972065
-1.271332 -3.930024
-1.163289 -3.958124
-0.408654 -4.296127
-0.475426 -4.302913
-0.439698 -4.306488
-1.302025 -3.911527
-1.270735 -3.921559
-1.299956 -3.922044
3.168576 4.895607
4.323357 -3.197947
2.947800 4.824752
-1.405704 -4.099990
-1.355821 -4.365453
-1.432396 -4.424007
-1.364562 -4.390826
-1.408945 -3.968795
-1.445001 -3.977661
-1.390688 -3.925382
-1.357449 -4.454364
-1.349156 -4.465881
-1.383473 -4.469254
2.454039 4.777232
-1.449708 -3.880676
-1.406995 -3.912483
-1.433658 -3.873295
-0.976835 -3.654371
-0.813892 -3.618150
-0.838742 -3.562522
-0.857706 -3.617880
-1.165753 -3.749108
-1.221264 -3.731251
-1.203169 -3.725260
2.398588 4.778077
-0.777394 -3.593712
-0.789543 -3.617470
-0.790877 -3.572382
-1.264032 -3.741821
-1.226497 -3.747850
-1.304666 -3.728157
-0.288288 -4.354666
-0.199367 -4.266747
-0.408054 -4.322408
-0.304120 -4.286132
2.421146 4.765703
-0.416977 -4.272017
-0.507905 -4.368783
-1.413038 -4.526349
-1.336387 -4.611802
-1.152592 -4.518808
-1.496711 -4.528115
-1.245254 -4.502522
-1.300310 -4.428733
-0.774044 -3.590346
-0.618662 -3.603650
3.002750 4.849543
-0.699779 -3.782280
-0.796965 -3.455618
-0.694090 -3.665752
-0.813867 -3.691929
-1.508566 -3.789155
-1.462653 -3.755627
-1.341174 -3.936117
-1.464718 -3.676601
-1.219928 -3.836737
-1.303948 -3.821000
2.988186 4.851421
2.998880 4.843034
2.390284 4.745091
2.404123 4.746702
2.379454 4.771183
-3.642473 -4.524788
2.853203 4.303787
2.512612 4.551044
2.467521 4.564818
2.509148 4.539693
3.098675 4.150544
3.103427 4.114375
3.096561 4.119341
2.432661 4.593994
2.465058 4.586470
2.429758 4.560712
-3.619899 -4.488352
3.172599 4.100088
3.151227 4.102109
3.170087 4.074361
2.756791 4.294593
3.004110 4.620229
3.041195 4.678461
2.988570 4.642812
2.561850 4.031611
2.549829 4.005823
2.574033 4.030639
-3.661371 -4.511454
3.056202 4.667936
3.041024 4.681569
3.042414 4.700113
2.512748 3.984153
2.550505 3.980857
2.521158 3.913508
2.331795 4.321516
2.322401 4.494108
2.283666 4.494380
2.306579 4.440485
-3.627465 -4.515453
2.397522 4.064904
2.378973 4.051318
2.407787 4.062782
2.306155 4.538462
2.336010 4.508857
2.301548 4.507001
2.409815 4.012568
2.413138 4.044646
2.411076 4.035060
3.004972 3.879800
-3.623082 -4.459223
3.100540 3.890984
3.082429 3.889833
3.084806 3.903976
2.632383 3.848680
2.625248 3.814198
2.610501 3.868218
3.174910 3.921170
3.179418 3.925239
3.163445 3.901914
2.590661 3.824771
-3.603538 -4.488007
2.605576 3.870478
2.581721 3.845930
3.042378 4.872788
3.185542 4.771093
3.070418 4.787826
3.099325 4.760719
3.142931 4.648317
3.011811 4.760270
2.260972 4.628560
2.268177 4.723608
-3.606770 -4.490475
2.431018 4.691005
2.207751 4.568970
2.355767 4.602095
2.416271 4.542766
3.227714 3.987719
3.335665 3.962143
3.226164 4.148942
3.234820 3.883752
3.243680 4.042507
3.094499 4.040497
3.990726 0.797892
2.342901 3.884255
2.417479 3.806457
2.464396 4.034154
2.517491 3.777405
2.586010 3.897207
2.505368 3.953483
3.545282 1.927461
3.705804 1.754911
3.709885 1.735709
3.697714 1.742961
3.941093 1.270893
3.208548 2.329177
3.191701 2.309235
3.203622 2.292988
3.780378 1.687903
3.783857 1.677446
3.742507 1.676582
3.132398 2.387506
3.168530 2.363750
3.116868 2.353196
3.918514 2.176888
3.154546 4.848127
3.958481 1.254740
3.959324 1.735694
3.955871 1.683440
3.935258 1.698090
3.866411 2.400598
3.851120 2.481518
3.834940 2.436358
3.950534 1.657560
3.948650 1.689260
3.947678 1.640876
3.828942 2.509108
3.932338 1.293941
3.833373 2.509795
3.828748 2.520126
3.387545 2.604336
3.603104 2.615721
3.568717 2.656976
3.572539 2.630316
3.227232 2.564269
3.144503 2.568412
3.136357 2.546953
3.641098 2.662621
4.011380 0.294086
3.643758 2.637705
3.616128 2.649696
3.127141 2.540159
3.127274 2.532270
3.112122 2.549483
3.453294 1.656660
3.699564 1.575703
3.720947 1.555014
3.740684 1.588223
3.292400 1.728687
4.051322 0.279594
3.259496 1.716361
3.276881 1.721802
3.766154 1.539097
3.768744 1.602224
3.764828 1.542290
3.222371 1.769291
3.252121 1.746782
3.228636 1.732798
3.431796 2.152194
3.620234 2.375245
4.052625 0.250717
3.637703 2.422705
3.634422 2.391649
3.304318 1.983278
3.271133 1.973686
3.308489 2.018357
3.705634 2.466380
3.667679 2.424942
3.661178 2.481971
3.238174 1.943354
3.249321 1.933249
3.934508 1.360785
3.223653 1.939163
2.965845 2.121858
2.966591 2.338903
2.927059 2.369761
2.983197 2.341460
3.018563 1.900463
2.967130 1.886179
3.027467 1.919441
2.964512 2.399386
2.998394 2.365061
3.895695 1.388623
2.972021 2.403529
3.034621 1.869678
3.055359 1.891413
3.014419 1.912932
3.967459 1.513057
3.825965 1.526882
3.813961 1.708920
3.821018 1.457655
3.745076 1.661243
3.860879 1.648984
3.919128 1.370236
3.657171 2.765821
3.790227 2.653565
3.719940 2.583175
3.690459 2.619830
3.795648 2.458791
3.625237 2.560610
3.035894 2.584550
2.966088 2.499140
3.189100 2.437861
2.883274 2.489383
4.056355 0.173887
3.060189 2.357904
3.055902 2.469568
2.949728 1.769900
3.026327 1.742103
3.261706 1.810816
2.934527 1.831696
3.192509 1.773301
3.094598 1.916594
0.645112 4.038650
0.172614 4.310111
4.070816 0.153353
0.170287 4.287426
0.153798 4.258235
0.940317 3.896124
1.011252 3.822548
0.908265 3.861261
0.127152 4.320459
0.141459 4.305885
0.099960 4.321333
1.030584 3.843265
1.010059 3.832449
3.141332 4.858582
4.078306 0.189429
1.051201 3.782274
0.688217 4.610157
0.133747 4.466024
0.097546 4.490819
0.154811 4.486986
0.807199 4.629127
0.828119 4.641068
0.798838 4.608078
0.076507 4.449540
0.089118 4.444829
-0.673330 4.285122
0.047700 4.457932
0.876220 4.630434
0.838682 4.618179
0.871343 4.619639
1.052413 4.176406
0.983818 4.421377
1.025015 4.414711
0.978117 4.391294
1.089702 3.914450
1.140997 3.863493
-0.211715 4.336263
1.086554 3.962368
0.988011 4.491681
0.969618 4.452618
1.006017 4.435611
1.107028 3.849046
1.109681 3.887379
1.133176 3.814643
0.101829 4.040522
0.036413 4.152992
0.021367 4.145982
-0.223219 4.354761
0.031255 4.158042
0.289185 3.805295
0.294597 3.765943
0.285363 3.790579
0.003547 4.206371
0.030711 4.235055
-0.016315 4.211751
0.329253 3.749556
0.347548 3.755815
0.317717 3.747307
-0.288659 4.314901
0.672499 4.119025
0.814783 4.419224
0.849347 4.413518
0.807398 4.361161
0.524317 3.885840
0.555459 3.835330
0.584823 3.903728
0.856722 4.440457
0.849349 4.438565
0.895517 4.452178
-1.046039 4.210087
0.513381 3.821896
0.538873 3.813856
0.548717 3.771308
0.890961 3.642007
1.025622 3.688138
1.035718 3.673588
1.012303 3.657192
0.611183 3.622380
0.626420 3.584335
0.611029 3.640308
-1.057575 4.231493
1.051935 3.692633
1.059336 3.713030
1.062732 3.686686
0.553704 3.630008
0.580061 3.646215
0.576803 3.615744
-0.029688 4.433156
-0.027585 4.335499
0.133526 4.379182
-0.085465 4.223086
-1.042138 4.227464
0.072271 4.246315
0.063554 4.343308
1.052561 4.508754
1.001194 4.624014
0.935364 4.535613
0.964531 4.498076
0.822751 4.537255
0.931752 4.437325
1.247074 3.708635
1.199401 3.684172
-0.125275 4.363796
1.061452 3.872422
1.236539 3.644570
1.032841 3.729067
1.073434 3.725482
0.520998 3.687889
0.384057 3.566511
0.434505 3.836897
0.529091 3.529830
0.460282 3.684823
0.590455 3.677932
-0.187167 4.326467
1.263636 1.263824
0.864918 1.083679
0.860822 1.043227
0.844272 1.064700
1.463946 1.403463
1.481506 1.401495
1.435398 1.395469
0.826958 1.025360
0.803053 1.094332
0.802134 1.046578
3.161721 4.834060
-0.176165 4.349414
1.495731 1.422926
1.491360 1.450867
1.480674 1.416193
1.075792 1.734556
0.880516 1.350351
0.878318 1.390159
0.837372 1.341654
1.286144 2.072288
1.239522 2.001368
1.250881 2.053993
-1.116228 4.213487
0.831730 1.279879
0.825063 1.273633
0.805534 1.291897
1.360178 2.136790
1.315332 2.105578
1.304935 2.139216
1.558003 1.880535
1.504257 2.083971
1.539191 2.090338
1.496744 2.094559
-1.097762 4.204710
1.571509 1.701053
1.595385 1.724750
1.567765 1.725305
1.492827 2.157685
1.487750 2.153228
1.488695 2.175159
1.605859 1.660735
1.562443 1.661875
1.578587 1.682854
0.630726 1.565255
-1.101860 4.228247
0.658723 1.267447
0.627217 1.270438
0.645892 1.274464
0.649227 1.997724
0.615091 1.980606
0.648599 1.967809
0.632815 1.178559
0.653169 1.216768
0.642179 1.235942
0.624738 2.057392
-0.136337 0.089517
0.676077 2.043217
0.635500 2.018685
0.991597 2.250548
1.224036 2.287343
1.292564 2.331372
1.289931 2.299362
0.849681 2.216591
0.837821 2.242877
0.859467 2.203509
1.293594 2.298258
-0.717426 0.481778
1.333468 2.295269
1.324344 2.316568
0.802763 2.226642
0.801606 2.191721
0.793497 2.210470
1.228354 1.740775
1.446460 1.579155
1.469019 1.600779
1.390576 1.665265
0.827524 1.999772
-0.657875 0.415114
0.835099 2.034659
0.865973 2.003028
1.506671 1.576724
1.471706 1.571792
1.505923 1.604746
0.801229 2.036093
0.840452 2.023537
0.811127 2.042590
0.614314 0.939648
0.697879 0.922591
-0.684080 0.411513
0.833863 1.197752
0.557351 0.956884
0.725811 1.154932
0.736881 1.296965
1.551145 2.345389
1.442882 2.303812
1.416143 2.116838
1.393003 2.381695
1.266747 2.199186
1.404623 2.221796
0.862426 -0.595141
1.731760 1.607667
1.682446 1.485464
1.549523 1.560124
1.655046 1.567430
1.461157 1.483976
1.512527 1.647680
0.714195 2.268429
0.607351 2.183705
0.738716 2.126222
0.759520 2.121247
0.785681 -0.560351
0.713982 2.010590
0.822019 2.103953
-2.589936 2.158163
-3.294741 2.793387
-3.213605 2.737630
-3.287623 2.759449
-2.121144 1.724732
-2.097674 1.716115
-2.121274 1.702274
-3.323587 2.835856
3.140627 4.878326
0.809163 -0.597203
-3.348867 2.825521
-3.327547 2.828419
-2.053702 1.672025
-2.060401 1.648048
-2.078826 1.678168
-2.813331 3.950062
-3.217522 3.895991
-3.196247 3.872364
-3.205336 3.867558
-2.390123 4.020334
-0.785733 0.528263
-2.378865 4.006303
-2.420199 4.001202
-3.242671 3.898503
-3.259150 3.868922
-3.267226 3.844594
-2.328050 4.033460
-2.352033 4.028846
-2.371649 3.977882
-1.314171 2.240849
-1.357080 2.982954
-0.784263 0.513144
-1.378637 2.965356
-1.376500 2.924284
-1.239447 1.784029
-1.273585 1.881058
-1.283877 1.903283
-1.374170 3.022701
-1.362177 2.991464
-1.378399 2.988432
-1.260617 1.802962
-1.246525 1.774747
-0.834844 0.515322
-1.270408 1.789575
-4.305597 2.286564
-4.324777 2.684385
-4.282211 2.707258
-4.291170 2.722805
-4.312796 1.732605
-4.303677 1.723241
-4.302322 1.715418
-4.285951 2.780934
-4.308227 2.796243
0.902932 -0.636938
-4.267329 2.784784
-4.311374 1.673604
-4.307036 1.661499
-4.294444 1.668638
-2.764199 2.429230
-2.428752 2.832879
-2.498852 2.762812
-2.449903 2.790036
-3.194551 1.904976
-3.210118 1.895702
0.909644 -0.649643
-3.188044 1.897820
-2.375097 2.952513
-2.344981 2.944859
-2.333673 2.985380
-3.310340 1.791064
-3.291327 1.763802
-3.288582 1.812521
-2.667962 0.784519
-2.159069 0.763605
-2.201385 0.782491
0.863140 -0.629871
-2.070949 0.767458
-3.242444 0.795133
-3.251972 0.829117
-3.193747 0.835448
-2.119490 0.758160
-2.055304 0.769835
-2.105396 0.800668
-3.297243 0.806387
-3.268771 0.816114
-3.286606 0.844698
-0.347544 -0.374662
-3.807014 3.869960
-3.947998 3.797933
-3.983616 3.815643
-4.012257 3.805228
-3.586611 3.884100
-3.537355 3.897622
-3.598782 3.871528
-4.016076 3.802288
-4.020969 3.770940
-4.006380 3.792076
0.561914 0.819721
-3.488201 3.892897
-3.546917 3.877303
-3.499796 3.865055
-3.838967 3.393730
-3.974084 3.558270
-3.987774 3.549515
-3.981542 3.522319
-3.657498 3.220738
-3.693582 3.222719
-3.665257 3.203957
0.499660 0.776418
-4.047103 3.613906
-4.057265 3.609870
-4.105158 3.612554
-3.606681 3.137367
-3.620203 3.163090
-3.597792 3.090599
-3.385100 3.207425
-3.412643 3.133329
-3.369127 3.084769
-3.400409 3.127908
-4.176385 3.813325
0.500586 0.801188
-3.388171 3.725512
-3.335502 3.701577
-3.396189 3.705291
-3.369071 3.065787
-3.392013 3.106320
-3.357276 3.019069
-3.374279 3.785509
-3.398417 3.738942
-3.358737 3.747387
-4.253276 3.349359
-0.706027 -0.847783
-4.233513 3.526939
-4.252260 3.550183
-4.231154 3.552835
-4.260123 3.134318
-4.282077 3.079537
-4.261357 3.159235
-4.202579 3.630199
-4.184117 3.605869
-4.220564 3.592974
-4.284438 3.056085
-0.708764 -0.876771
-4.231186 3.096879
-4.272935 3.055704
-3.821984 2.893173
-3.616619 2.909836
-3.605580 2.880253
-3.614609 2.911587
-4.070891 2.939731
-4.053155 2.881729
-4.063950 2.925756
-3.573364 2.907148
-0.709918 -0.913456
-3.565693 2.934173
-3.551645 2.912129
-4.121073 2.902654
-4.095471 2.957859
-4.111930 2.929297
-3.651796 3.562049
-3.546711 3.699555
-3.529978 3.684335
-3.545730 3.673388
-4.085250 3.149992
0.576814 0.860089
-4.112519 3.066065
-4.084068 3.080271
-3.519229 3.753103
-3.532643 3.703973
-3.475078 3.726747
-4.142554 3.074084
-4.100008 3.083591
-4.123862 3.041286
-4.163856 3.778072
-4.071307 3.830526
0.565544 0.871147
-4.014067 3.693146
-4.244595 3.705395
-4.135364 3.664595
-4.165209 3.575783
-3.333399 2.937989
-3.490803 2.995624
-3.523193 3.163239
-3.409427 2.838921
-3.596434 2.989619
-3.474393 3.018996
0.550396 0.864014
-3.271617 3.805928
-3.339677 3.906338
-3.473087 3.831633
-3.342297 3.794586
-3.544168 3.816790
-3.485126 3.707262
-4.176093 2.848780
-4.309685 2.883658
-4.189138 3.028831
-4.249446 2.820438
-0.752146 -0.908371
-4.209459 3.096044
-4.085642 3.030624
-1.320240 3.520821
-1.249421 4.011218
-1.189013 4.033761
-1.265548 3.952708
-1.366484 3.403893
-1.343560 3.340970
-1.353483 3.326005
-1.229315 4.054958
-0.748701 -0.917498
-1.263441 4.029839
-1.245037 4.018073
-1.388389 3.321249
-1.399428 3.350809
-1.370965 3.297077
-1.667314 4.163560
-1.458116 4.176415
-1.472093 4.195564
-1.495081 4.172190
-1.958549 4.102612
-0.779236 -0.981373
-2.012146 4.108335
-1.990306 4.110001
-1.409410 4.187490
-1.398929 4.175312
-1.440616 4.189401
-2.053366 4.091202
-2.030405 4.074109
-2.060153 4.089480
-1.860030 3.692753
-1.990095 3.850304
-4.177486 3.832596
-4.175100 -0.703362
-2.006833 3.825535
-2.015955 3.807546
-1.645896 3.455716
-1.580195 3.382041
-1.640678 3.420336
-2.057327 3.916173
-2.052852 3.893377
-2.070636 3.882375
-1.535201 3.369338
-1.573200 3.374000
-4.184810 0.353394
-1.557222 3.346914
-1.676841 3.788674
-1.413258 4.029115
-1.427286 4.039207
-1.447656 4.054963
-2.059162 3.322705
-2.087441 3.263778
-2.038419 3.310557
-1.346302 4.074346
-1.411474 4.068862
-4.251850 0.403466
-1.414261 4.104427
-2.139597 3.224047
-2.117586 3.239940
-2.109983 3.211964
-2.254371 3.570886
-2.203770 3.785903
-2.258387 3.782415
-2.228297 3.775127
-2.236913 3.351155
-2.260355 3.268741
-4.192044 0.357417
-2.265285 3.291240
-2.208411 3.847944
-2.203632 3.820150
-2.234478 3.799819
-2.239642 3.250511
-2.243402 3.268023
-2.254257 3.196206
-1.741111 3.105297
-1.543562 3.126675
-1.556142 3.107923
-4.142394 -0.923925
-1.566832 3.144894
-2.032908 3.090087
-2.078681 3.068933
-2.059000 3.102310
-1.517150 3.126899
-1.544290 3.164305
-1.545247 3.142620
-2.132734 3.051949
-2.104461 3.091968
-2.130086 3.068761
-4.170053 -0.910460
-1.220270 4.230342
-1.115098 4.136855
-1.340098 4.124089
-1.241141 4.152375
-1.315951 4.028668
-1.445719 4.116265
-2.201701 3.958377
-2.181938 4.073208
-2.039369 3.980607
-2.311874 3.865092
-4.153991 -0.886769
-2.148805 3.947557
-2.153907 3.845540
-1.434286 3.109637
-1.362226 3.106531
-1.481448 3.380892
-1.471485 3.041037
-1.458706 3.196833
-1.567551 3.240137
-2.310092 3.102910
-2.250380 3.053942
-4.215833 0.411176
-2.169323 3.270763
-2.237872 2.979954
-2.086032 3.173249
-2.173886 3.142067
-0.989390 0.979716
-0.932838 0.797851
-0.908602 0.769967
-0.965971 0.780100
-1.075433 1.255480
-1.113056 1.374156
-4.187875 0.397352
-1.088370 1.293416
-0.918161 0.746889
-0.948315 0.755506
-0.913683 0.722146
-1.143535 1.415098
-1.105671 1.339268
-1.122063 1.365035
-1.403976 1.038365
-1.053046 0.739331
-1.076143 0.716992
-4.228385 0.427631
-1.054628 0.704796
-1.723219 1.335089
-1.734749 1.353550
-1.698984 1.296433
-1.008755 0.699329
-1.019714 0.709904
-0.997843 0.668091
-1.811159 1.423520
-1.790018 1.386744
-1.877830 1.441275
-4.179583 3.787560
-4.141756 -0.966229
-1.567901 1.594576
-1.757360 1.564159
-1.822732 1.605290
-1.821696 1.550372
-1.313467 1.585896
-1.419504 1.643070
-1.369512 1.592041
-1.831458 1.576924
-1.841029 1.520477
-1.862919 1.579724
-4.104284 -0.999360
-1.289070 1.604977
-1.338920 1.579883
-1.332159 1.599077
-1.452734 0.620765
-1.156513 0.597346
-1.184240 0.566948
-1.157261 0.585098
-1.753885 0.699801
-1.737901 0.682525
-1.740737 0.679959
-4.159569 -0.997930
-1.120554 0.584373
-1.111223 0.604521
-1.113036 0.586592
-1.834128 0.706235
-1.772159 0.700647
-1.799280 0.686076
-1.995271 1.156972
-1.971013 1.360873
-1.993337 1.372208
-1.952773 1.399389
0.584759 -4.165798
-1.982697 0.963794
-2.019384 0.947867
-1.987799 1.005508
-1.976052 1.430617
-1.928764 1.425548
-1.986659 1.437210
-1.991828 0.881560
-1.962280 0.908204
-2.008066 0.900143
-1.504333 1.208543
1.062864 -4.050811
-1.368039 1.347926
-1.405780 1.348939
-1.407499 1.350691
-1.749867 0.885893
-1.767283 0.914492
-1.749067 0.944306
-1.338125 1.410768
-1.347733 1.422006
-1.345715 1.446571
-1.796333 0.846760
0.957975 -4.106026
-1.769358 0.867557
-1.804081 0.900063
-0.868848 0.575279
-0.842267 0.646739
-0.950239 0.759930
-0.938582 0.511975
-1.033070 0.688955
-1.085430 0.641936
-1.964196 1.637265
-1.947464 1.545705
0.964849 -4.073519
-1.806362 1.469958
-2.058606 1.568712
-1.859128 1.404868
-1.902345 1.478929
-1.306354 1.702944
-1.158569 1.514503
-1.216707 1.487042
-1.333388 1.568799
-1.193889 1.366704
-1.346478 1.526386
-0.089199 -4.280974
-2.058483 0.861384
-1.941247 0.721118
-1.924871 0.842406
-1.972588 0.825333
-1.747038 0.758183
-1.878113 0.928777
-3.810481 1.177025
-4.101830 0.722700
-4.103259 0.659661
-4.063068 0.730457
-0.072408 -4.288585
-3.643606 1.430401
-3.624360 1.424646
-3.618749 1.397164
-4.140689 0.667405
-4.121536 0.696308
-4.100765 0.661009
-3.578759 1.501517
-3.578346 1.459617
-3.541996 1.461293
-4.297673 0.986110
-0.062123 -4.278529
-4.288900 0.730488
-4.302740 0.694763
-4.286794 0.759782
-4.302041 1.261617
-4.300499 1.342981
-4.283128 1.307348
-4.285184 0.689575
-4.268636 0.694017
-4.271937 0.663465
-4.289197 1.397131
