2050 2
5.751413 1.588248
5.707311 1.565799
-2.461159 4.996049
-1.771238 -2.002975
-1.213913 2.424066
-1.232592 2.446125
-0.875148 2.485306
-1.115165 2.564823
-1.126397 2.586999
-1.111477 2.548767
-0.751903 2.434395
-0.709903 2.440918
-0.755745 2.452197
-1.141597 2.588533
-1.754197 -1.978763
-1.163235 2.574553
-1.202543 2.599360
-0.670544 2.390060
-0.688262 2.401402
-0.680017 2.419912
-1.247554 1.642090
-0.988564 1.535810
-0.959482 1.499694
-1.014568 1.559681
-1.426764 1.732347
-1.806252 -1.959344
-1.430703 1.725200
-1.435928 1.736684
-0.924738 1.497739
-0.970797 1.525947
-0.941392 1.490960
-1.531432 1.775804
-1.467073 1.764358
-1.481726 1.759197
-1.526759 2.233026
-1.429465 2.441794
-0.822371 -2.431287
-1.452967 2.488732
-1.448050 2.441575
-1.559039 2.017066
-1.616876 2.077276
-1.559458 2.047865
-1.424541 2.506688
-1.402931 2.460157
-1.412120 2.527754
-1.603687 2.012671
-1.541863 1.982317
-0.842732 -2.413795
-1.608582 2.044011
-1.171281 2.066885
-0.694949 2.241437
-0.680596 2.252294
-0.761948 2.225045
-1.409831 1.930478
-1.468623 1.934768
-1.420356 1.957047
-0.649160 2.280847
-0.649080 2.266183
-0.842759 -2.419794
-0.636935 2.293072
-1.479602 1.900984
-1.473299 1.873394
-1.510437 1.929190
-0.786050 1.465109
-0.699789 1.471690
-0.746337 1.630155
-0.875689 1.431082
-0.805489 1.593202
-0.953888 1.605887
4.405393 2.624684
-1.263388 2.690494
-1.316477 2.616232
-1.158457 2.527484
-1.429042 2.632526
-1.339347 2.438721
-1.339092 2.520099
-0.548164 2.460951
-0.450701 2.367375
-0.640285 2.328696
-0.465241 2.415045
4.758634 2.345313
-0.604701 2.251534
-0.695551 2.378329
-1.716405 1.959321
-1.615894 1.785230
-1.525061 1.899589
-1.619009 1.905954
-1.456713 1.798229
-1.515865 1.958805
-4.874483 -1.885608
-4.881357 -2.488513
4.725449 2.350129
-4.854451 -2.441348
-4.846042 -2.381146
-4.886893 -1.313253
-4.882129 -1.364878
-4.876072 -1.317198
-4.866979 -2.523979
-4.857008 -2.517837
-4.819256 -2.531633
-4.886521 -1.241828
-4.871542 -1.211720
4.738652 2.330137
-4.898174 -1.261663
-3.384990 -4.339850
-3.893557 -4.123183
-3.930961 -4.099049
-3.878793 -4.110207
-2.737579 -4.646157
-2.819227 -4.609209
-2.763237 -4.633759
-3.989410 -4.073031
-3.943004 -4.072101
-2.453627 4.969283
4.017824 2.934834
-3.992145 -4.041606
-2.747588 -4.641901
-2.689565 -4.672613
-2.743847 -4.639248
-3.978496 -1.476014
-2.564781 -3.796862
-2.587932 -3.811984
-2.574510 -3.774514
-4.068256 -1.321821
-4.093392 -1.326589
4.029121 2.920736
-4.057729 -1.319169
-2.557567 -3.816221
-2.544135 -3.814086
-2.546359 -3.828913
-4.127737 -1.247169
-4.113739 -1.223531
-4.119595 -1.244562
-3.555118 -2.765011
-3.837909 -2.949216
-3.828140 -2.946714
4.008238 2.920525
-3.802752 -2.948575
-3.198400 -2.542636
-3.186164 -2.554184
-3.234172 -2.540696
-3.920545 -2.991001
-3.865036 -2.983875
-3.917875 -3.030143
-3.080255 -2.482771
-3.137288 -2.479164
-3.121538 -2.494504
4.828867 2.256952
-2.038276 -3.079592
-1.843896 -3.703596
-1.860555 -3.741199
-1.862350 -3.709280
-2.097113 -2.858976
-2.145148 -2.873469
-2.109413 -2.883369
-1.820812 -3.813987
-1.822556 -3.755628
-1.858767 -3.792022
4.845486 2.253970
-2.160190 -2.799059
-2.099859 -2.834369
-2.171522 -2.798002
-3.273618 -1.031933
-3.541793 -0.785337
-3.574297 -0.779374
-3.575019 -0.768943
-2.921228 -1.307321
-3.046610 -1.252870
-3.002780 -1.264726
4.825039 2.227881
-3.694493 -0.714870
-3.614825 -0.728882
-3.627443 -0.724873
-2.882831 -1.373431
-2.872981 -1.363099
-2.897512 -1.377123
-4.482825 -3.840890
-4.757754 -3.657771
-4.725372 -3.691448
-4.715673 -3.686529
3.937592 3.000172
-4.354368 -3.900058
-4.320790 -3.937526
-4.346337 -3.905703
-4.781753 -3.652912
-4.784854 -3.613758
-4.792297 -3.655671
-4.305905 -3.964800
-4.313005 -3.925490
-4.267403 -3.930459
-4.924163 -3.055918
3.924497 2.978095
-4.914771 -3.424670
-4.936788 -3.361211
-4.907722 -3.402862
-4.896127 -2.897729
-4.911499 -2.874841
-4.898758 -2.917202
-4.926597 -3.455338
-4.914039 -3.465617
-4.918358 -3.452811
-4.887986 -2.837430
3.911825 2.985195
-4.880818 -2.857910
-4.889279 -2.818870
-4.375762 -3.591428
-4.739476 -2.846310
-4.727264 -2.805851
-4.688447 -2.828359
-4.242218 -3.818947
-4.239148 -3.829164
-4.254958 -3.784602
-4.764876 -2.793905
5.237442 -0.095660
-4.724587 -2.816148
-4.724869 -2.763227
-4.194790 -3.880834
-4.194178 -3.870153
-4.170007 -3.874923
-4.434698 -3.304559
-4.681401 -3.454881
-4.744905 -3.450301
-4.745993 -3.429468
-4.224744 -3.171263
-2.457693 5.009146
5.325656 0.534335
-4.159965 -3.184584
-4.210648 -3.222630
-4.781731 -3.482243
-4.768244 -3.472109
-4.773795 -3.466317
-4.144314 -3.145219
-4.177897 -3.180604
-4.139202 -3.180158
-4.386706 -2.861603
-4.573920 -2.783121
5.295118 0.472955
-4.600107 -2.724922
-4.631659 -2.754663
-4.171916 -2.983116
-4.177768 -2.951586
-4.148860 -3.020266
-4.686779 -2.742665
-4.652184 -2.740047
-4.653940 -2.725071
-4.125758 -2.971980
-4.126189 -3.019686
5.286329 0.494266
-4.097181 -3.000399
-4.027764 -3.530360
-4.068285 -3.763550
-4.029722 -3.819682
-4.048803 -3.759433
-4.032829 -3.331165
-3.994354 -3.282019
-4.023735 -3.311659
-4.071673 -3.827739
-4.069518 -3.803122
5.187305 -0.607344
-4.046354 -3.817542
-4.014986 -3.252152
-4.029177 -3.272327
-4.006448 -3.218192
-4.966542 -3.503485
-4.871589 -3.638362
-4.865389 -3.525324
-4.866111 -3.537071
-4.753457 -3.550049
-4.848277 -3.441515
5.183044 -0.569970
-4.776342 -2.694817
-4.897127 -2.600128
-4.810048 -2.838019
-4.730035 -2.614776
-4.788445 -2.805238
-4.667985 -2.759613
-4.105520 -3.992568
-4.140575 -4.013631
-4.280316 -3.918427
-3.988507 -3.959787
5.165604 -0.627448
-4.161510 -3.875678
-4.080477 -3.826885
-4.045649 -2.975754
-4.062078 -3.093831
-4.168903 -3.099097
-3.948447 -3.147241
-4.110193 -3.247303
-4.081645 -3.097689
-1.859119 -4.374167
-1.607689 -4.540071
5.321853 0.551368
-1.643952 -4.486125
-1.631724 -4.481481
-2.249268 -4.149384
-2.316322 -4.072134
-2.268471 -4.093532
-1.527415 -4.551888
-1.580749 -4.521470
-1.526145 -4.534698
-2.314025 -4.094040
-2.300515 -4.101237
5.323690 0.557378
-2.335524 -4.034749
-1.940949 -4.735028
-1.601777 -4.681443
-1.572412 -4.698668
-1.576106 -4.659527
-2.285000 -4.767888
-2.322109 -4.786147
-2.318584 -4.759638
-1.523785 -4.638321
-1.549817 -4.652884
5.297930 0.542821
-1.503676 -4.634963
-2.382932 -4.759004
-2.374961 -4.741199
-2.410098 -4.753218
-2.541915 -4.309180
-2.557448 -4.572098
-2.593265 -4.565598
-2.549688 -4.559366
-2.516860 -4.168064
-2.538392 -4.097593
5.131465 -0.735682
-2.519350 -4.141471
-2.607622 -4.619158
-2.532235 -4.630516
-2.586928 -4.622813
-2.505157 -4.099970
-2.503872 -4.090446
-2.538020 -4.076474
-1.572605 -4.264875
-1.469999 -4.432843
-1.461339 -4.419713
-2.477276 4.977227
5.166748 -0.682347
-1.475814 -4.466969
-1.721369 -4.097122
-1.716868 -4.040438
-1.721324 -4.059997
-1.445815 -4.461871
-1.464523 -4.479182
-1.456485 -4.465302
-1.735858 -4.060326
-1.755038 -4.043601
-1.740818 -4.021044
5.144529 -0.685389
-2.223448 -4.420471
-2.355661 -4.605833
-2.377635 -4.584086
-2.369745 -4.578488
-1.930453 -4.140061
-1.986637 -4.158411
-1.930113 -4.124971
-2.394175 -4.612624
-2.406341 -4.631566
-2.427872 -4.617311
3.631712 2.061566
-1.894264 -4.078603
-1.886656 -4.092260
-1.902744 -4.039999
-2.126551 -3.927787
-2.274632 -3.958216
-2.353830 -3.933260
-2.307142 -3.953655
-1.952857 -3.888918
-1.947897 -3.883673
-1.962853 -3.912916
4.486640 -0.459190
-2.366266 -3.927551
-2.346461 -3.947778
-2.394411 -3.931573
-1.896564 -3.864088
-1.927067 -3.886923
-1.930188 -3.883239
-1.412382 -4.622460
-1.403012 -4.555675
-1.560024 -4.592502
-1.315776 -4.515966
4.504618 -0.468802
-1.506181 -4.486407
-1.504068 -4.548646
-2.699432 -4.628131
-2.536230 -4.730853
-2.469907 -4.690284
-2.579751 -4.674057
-2.368191 -4.723295
-2.496289 -4.621785
-2.556933 -3.961720
-2.459776 -3.910890
4.494485 -0.470960
-2.404617 -4.122549
-2.463115 -3.870642
-2.296304 -4.013792
-2.473585 -4.059564
-1.874369 -3.898563
-1.749318 -3.877093
-1.811055 -4.100043
-1.885011 -3.806329
-1.803178 -3.976519
-1.911592 -3.963081
3.567760 2.246118
-4.365756 -0.458676
-4.424380 -0.160794
-4.405689 -0.206930
-4.390285 -0.156937
-4.317171 -0.764901
-4.248219 -0.870887
-4.316190 -0.715468
-4.394213 -0.080371
-4.432087 -0.103994
-4.382501 -0.056012
3.581084 2.267093
-4.282455 -0.905296
-4.323957 -0.822703
-4.278710 -0.850191
-4.668914 -0.339246
-4.568983 -0.124511
-4.550120 -0.044884
-4.563955 -0.044377
-4.832310 -0.829894
-4.861111 -0.823476
-4.852382 -0.813447
3.561586 2.230954
-4.518016 -0.030018
-4.498756 0.012360
-4.495842 0.017693
-4.883312 -0.891817
-4.863633 -0.853061
-4.864900 -0.852919
-4.604280 -1.069163
-4.729823 -1.047642
-4.749420 -1.076243
-4.739880 -1.049568
4.509814 -0.495392
-4.392437 -1.047533
-4.370656 -1.101640
-4.398454 -1.062220
-4.782720 -1.050766
-4.770433 -1.024992
-4.794484 -1.073328
-4.357994 -1.065804
-4.342580 -1.031090
-4.315651 -1.087596
-4.086821 -0.184935
-4.965992 -3.607896
4.497207 -0.524097
-4.246127 -0.008440
-4.255929 0.024809
-4.253280 -0.008819
-3.962746 -0.386947
-3.888009 -0.411017
-3.942339 -0.384701
-4.280349 0.060140
-4.265251 0.018591
-4.296095 0.045722
-3.930583 -0.422884
4.512466 -0.500590
-3.937396 -0.434995
-3.870596 -0.447476
-4.390919 -0.785528
-4.692672 -0.923943
-4.654367 -0.912797
-4.673024 -0.897058
-4.079752 -0.629657
-4.075054 -0.682269
-4.102273 -0.661526
-4.769773 -0.952950
3.549978 2.302583
-4.755724 -0.908806
-4.751268 -0.977502
-4.036547 -0.640770
-4.035223 -0.625803
-4.029322 -0.658994
-3.948701 -0.786125
-4.087822 -0.902456
-4.096480 -1.016116
-4.076952 -0.930996
-3.851203 -0.659609
3.536660 2.290762
-3.840165 -0.685360
-3.849943 -0.673689
-4.106943 -1.009759
-4.173673 -0.967690
-4.121158 -1.015884
-3.838747 -0.647269
-3.903095 -0.612217
-3.821721 -0.678111
-4.417420 0.212678
-4.374054 0.119840
3.568928 2.305142
-4.503920 -0.068198
-4.300877 0.143827
-4.312712 -0.041985
-4.413312 0.017453
-4.844261 -1.174891
-4.889228 -0.964153
-4.812776 -0.965651
-4.825840 -1.130969
-4.852787 -0.824804
-4.748173 -0.987681
4.192550 1.109409
-4.246779 -1.197743
-4.205826 -1.029915
-4.348223 -0.949967
-4.104593 -1.111627
-4.191915 -0.906551
-4.238544 -1.012813
-3.833968 -0.695558
-3.701814 -0.607755
-3.989702 -0.517988
-3.701213 -0.702305
4.453779 1.199645
-3.892512 -0.498835
-3.982056 -0.648415
-2.048463 -2.358123
-1.984520 -2.113388
-1.937559 -2.130741
-1.970253 -2.161517
-2.142780 -2.517756
-2.100195 -2.506657
-2.094553 -2.448486
-1.944173 -2.073004
4.405464 1.183672
-1.963733 -2.056372
-1.908795 -2.088611
-2.128533 -2.555574
-2.178079 -2.493704
-2.120030 -2.543214
-2.389429 -2.086871
-2.159763 -1.996024
-2.165030 -2.016184
-2.158283 -1.936782
-2.792967 -2.300812
4.426247 1.174851
-2.807867 -2.264380
-2.813359 -2.253269
-2.063088 -1.976288
-2.099159 -1.945420
-2.055733 -1.944954
-2.851275 -2.339096
-2.826983 -2.315691
-2.850100 -2.306698
-2.557373 -2.575568
-2.776474 -2.490659
3.731562 0.988925
-2.815717 -2.505234
-2.829572 -2.484487
-2.390546 -2.613277
-2.397519 -2.632416
-2.400036 -2.587296
-2.843114 -2.471219
-2.847065 -2.468503
-2.879448 -2.478554
-2.340529 -2.636213
-2.361466 -2.583243
-4.972465 -3.609405
3.765661 1.002889
-2.355593 -2.626158
-2.350330 -1.607858
-2.112574 -1.755324
-2.063791 -1.757938
-2.135887 -1.737309
-2.565500 -1.527087
-2.580804 -1.491710
-2.565042 -1.497481
-2.058532 -1.772820
-2.073238 -1.789857
3.737651 1.004084
-2.085258 -1.775582
-2.632111 -1.479811
-2.637527 -1.503367
-2.634723 -1.476940
-2.928715 -1.852265
-2.999404 -2.192867
-3.009215 -2.189610
-2.981850 -2.237081
-2.875619 -1.672077
-2.901445 -1.681600
4.490848 1.217649
-2.865432 -1.673752
-3.005217 -2.232590
-2.965639 -2.252324
-3.003398 -2.248986
-2.880294 -1.574582
-2.846766 -1.659407
-2.852090 -1.621952
-2.434411 -2.147373
-2.318068 -2.380030
-2.248648 -2.540206
4.508209 1.207682
-2.326693 -2.417644
-2.590754 -1.725459
-2.691848 -1.604701
-2.626950 -1.688469
-2.261541 -2.546985
-2.298331 -2.457429
-2.277126 -2.510494
-2.669115 -1.601840
-2.677814 -1.614377
-2.719321 -1.608922
4.524961 1.205642
-1.915460 -1.978801
-1.830489 -2.058672
-2.009783 -2.035263
-1.938763 -1.832984
-2.040760 -1.869861
-2.094025 -1.857651
-3.006412 -2.502056
-2.978330 -2.392562
-2.818184 -2.429834
-3.135468 -2.397871
3.663344 0.950839
-2.913940 -2.250826
-2.925016 -2.343969
-2.267832 -2.732204
-2.110057 -2.677386
-2.250022 -2.572338
-2.188307 -2.703960
-2.235789 -2.464398
-2.354370 -2.538639
-2.907253 -1.472739
-2.775312 -1.397348
3.688976 0.989536
-2.738001 -1.563881
-2.829600 -1.426399
-2.625932 -1.571088
-2.753731 -1.622471
0.623752 -1.499913
1.459132 -3.544664
1.481037 -3.550270
1.428016 -3.514340
0.447715 -1.008041
0.475153 -1.029147
3.675902 0.983237
0.442515 -1.014527
1.524299 -3.589401
1.467065 -3.613484
1.492998 -3.566015
0.442469 -0.952713
0.416599 -0.945831
0.421633 -0.959604
2.293568 -3.249335
2.255879 -3.648473
2.243254 -3.737611
3.630139 -0.405324
2.227479 -3.759723
2.340739 -2.690571
2.326480 -2.742251
2.315370 -2.674649
2.228970 -3.857500
2.234946 -3.865184
2.218037 -3.863092
2.352540 -2.603170
2.311286 -2.624059
2.312874 -2.634983
3.790022 -0.673238
1.102387 -0.679273
1.499511 -1.083504
1.527922 -1.134265
1.482440 -1.101124
0.920952 -0.476141
0.872085 -0.461326
0.860801 -0.457496
1.551417 -1.156202
1.531102 -1.142704
1.526315 -1.147353
-4.985845 -3.585048
3.791336 -0.642660
0.787497 -0.370776
0.812530 -0.380764
0.779310 -0.404273
0.655842 -3.840663
0.906207 -4.133849
0.906501 -4.118781
0.893149 -4.104466
0.282160 -3.377450
0.342481 -3.423167
0.288333 -3.339900
3.766375 -0.599493
0.963397 -4.179754
0.952436 -4.185030
0.994137 -4.185371
0.206644 -3.278428
0.230277 -3.291821
0.237410 -3.269350
1.103462 -2.234190
1.333294 -2.168770
1.328758 -2.175886
1.303349 -2.164549
3.383413 -0.049804
0.682654 -2.350130
0.662796 -2.363003
0.688005 -2.342409
1.399391 -2.167069
1.440557 -2.102760
1.388687 -2.140635
0.630135 -2.368418
0.638413 -2.362705
0.629738 -2.369497
-0.235213 -1.302867
3.404422 -0.045398
-0.291725 -0.793831
-0.271045 -0.811950
-0.280345 -0.818412
-0.208408 -1.669733
-0.199500 -1.625189
-0.183618 -1.687120
-0.296716 -0.744948
-0.304158 -0.745384
-0.267119 -0.761478
-0.184923 -1.798186
3.386872 -0.019155
-0.178225 -1.787258
-0.170725 -1.766894
2.068249 -4.444026
1.961241 -4.630841
1.964141 -4.670709
1.969702 -4.643417
2.130197 -4.274259
2.160047 -4.226789
2.137129 -4.234384
1.930089 -4.677207
3.842614 -0.744618
1.938509 -4.656815
1.918480 -4.700935
2.166153 -4.161908
2.140063 -4.196407
2.179509 -4.179110
1.696432 -4.283894
1.756454 -4.519772
1.749325 -4.620331
1.751645 -4.607441
1.642468 -3.939315
3.871801 -0.758046
1.617846 -3.972215
1.587058 -3.930237
1.767214 -4.682325
1.787013 -4.663301
1.753409 -4.693472
1.611634 -3.897620
1.601511 -3.868807
1.555372 -3.869012
1.900866 -3.847474
1.733335 -3.802594
3.850131 -0.705069
1.717262 -3.739799
1.757650 -3.795414
2.057435 -3.941921
2.133440 -3.917215
2.078604 -3.957850
1.695268 -3.776084
1.690273 -3.777763
1.696003 -3.735031
2.129325 -3.974937
2.103087 -4.007908
3.348675 0.008542
2.108099 -4.003237
1.450139 -4.647859
1.669863 -4.769186
1.659085 -4.777710
1.679963 -4.773458
1.251197 -4.498976
1.268085 -4.518250
1.297632 -4.524049
1.710534 -4.784956
1.714710 -4.759113
3.341348 0.013744
1.705235 -4.773968
1.206927 -4.443789
1.212172 -4.438821
1.224675 -4.462399
1.286048 -4.027767
1.412964 -3.859880
1.411836 -3.818005
1.418689 -3.856002
1.182110 -4.176316
1.156850 -4.180391
-4.947976 -3.584700
3.365982 0.014589
1.225684 -4.138564
1.446585 -3.806188
1.453424 -3.823668
1.439853 -3.787305
1.146021 -4.207880
1.180856 -4.199053
1.171615 -4.204415
1.498317 -4.241789
2.000373 -4.156493
2.025188 -4.073671
2.691017 1.678918
2.010576 -4.103543
1.364224 -4.296745
1.348526 -4.276462
1.359169 -4.273719
2.037051 -4.124153
2.027997 -4.112729
2.056971 -4.063262
1.286909 -4.269568
1.311541 -4.291153
1.274571 -4.285652
2.749501 2.373758
1.804701 -4.847637
1.924045 -4.764527
1.871165 -4.636876
1.770128 -4.872440
1.774563 -4.749540
1.729488 -4.709757
1.635499 -3.655986
1.561303 -3.824770
1.670359 -3.825877
1.439867 -3.648418
2.782176 2.338647
1.518760 -3.850810
1.550884 -3.811807
2.194808 -3.883995
2.209299 -4.046463
2.137137 -4.147266
2.127352 -3.968953
2.089293 -4.205040
2.071566 -4.034299
1.063689 -4.190052
1.093592 -4.342421
2.747659 2.280884
1.171362 -4.286224
1.133580 -4.248106
1.261808 -4.453825
1.235808 -4.233387
2.029984 -1.291974
2.214093 -1.353322
2.225011 -1.301757
2.206959 -1.345557
1.827095 -1.253166
1.810110 -1.243062
2.649887 1.420952
1.796082 -1.264560
2.297620 -1.363505
2.248970 -1.378181
2.258265 -1.326664
1.750210 -1.227105
1.759977 -1.259567
1.713225 -1.265923
2.402334 -1.728400
2.384135 -1.586497
2.407967 -1.571716
2.671965 1.384615
2.389891 -1.654597
2.347512 -2.225840
2.390283 -2.265953
2.394598 -2.252520
2.400801 -1.545790
2.364669 -1.548790
2.373488 -1.540925
2.379093 -2.315768
2.366760 -2.303658
2.384957 -2.326939
2.683828 1.425631
2.042122 -1.815900
2.212179 -2.143035
2.232046 -2.165647
2.217628 -2.189222
1.824034 -1.470974
1.811917 -1.484426
1.802412 -1.478502
2.281952 -2.240896
2.246962 -2.236224
2.256559 -2.334197
2.777214 2.398099
1.763617 -1.408583
1.756755 -1.408988
1.738170 -1.378629
2.050575 -1.716868
2.173705 -1.566508
2.209958 -1.504768
2.218501 -1.565807
1.805932 -1.939985
1.763522 -1.938096
1.820606 -1.899440
2.759753 2.388241
2.251724 -1.473590
2.242282 -1.516192
2.252967 -1.494365
1.736928 -2.020327
1.749965 -1.983628
1.729248 -1.963646
1.954176 -2.306703
2.105114 -2.373653
2.098944 -2.398609
2.097186 -2.382786
-4.991333 -3.607531
2.773978 2.348275
1.769174 -2.173285
1.730425 -2.169717
1.776522 -2.175656
2.167496 -2.442925
2.137486 -2.395195
2.141963 -2.409370
1.709067 -2.168858
1.726067 -2.124292
1.708335 -2.149345
1.595593 -1.715154
2.658976 1.351655
1.613225 -1.479629
1.589322 -1.446806
1.621702 -1.491263
1.615532 -1.878363
1.587848 -1.878402
1.620479 -1.876040
1.609840 -1.386986
1.644980 -1.442391
1.619022 -1.418746
1.607718 -1.932240
2.627204 1.337548
1.632468 -1.934913
1.617605 -1.945949
2.403544 -1.397388
2.321249 -1.253816
2.337773 -1.490747
2.305181 -1.349677
2.231243 -1.447583
2.317812 -1.575025
2.303060 -2.465407
2.374024 -2.513767
2.678501 1.370065
2.317817 -2.226054
2.251671 -2.556469
2.247176 -2.353813
2.185687 -2.351091
1.638876 -1.253919
1.620341 -1.153222
1.781309 -1.340104
1.532473 -1.210880
1.687618 -1.335124
1.727649 -1.422990
5.504693 1.103129
1.568727 -2.175771
1.573243 -2.038981
1.744901 -2.094793
1.476566 -2.028908
1.699655 -1.916486
1.669438 -2.002725
0.205767 0.149443
0.054872 0.233494
0.086328 0.233374
0.005668 0.228104
5.557011 1.356945
0.534292 -0.112517
0.534887 -0.108661
0.474902 -0.054312
-0.003445 0.287230
0.007821 0.240470
-0.016654 0.285944
0.573921 -0.153237
0.528935 -0.127527
0.541363 -0.140686
0.101776 -0.214144
5.585344 1.333536
-0.042285 0.163453
-0.045473 0.167913
-0.049066 0.095027
0.278830 -0.658214
0.254180 -0.635203
0.243879 -0.633497
-0.081784 0.203149
-0.086562 0.173335
-0.104934 0.210386
0.344772 -0.716919
5.544646 1.354741
0.286076 -0.737347
0.290783 -0.703873
0.577642 -0.527592
0.527518 -0.702905
0.519462 -0.745791
0.522881 -0.709237
0.610089 -0.342528
0.613297 -0.341004
0.584698 -0.341958
0.502469 -0.772748
5.419795 0.900718
0.473456 -0.752661
0.471669 -0.771834
0.644713 -0.297005
0.603091 -0.292539
0.620287 -0.314056
-0.269700 -0.192184
-0.206874 0.148609
-0.259034 0.155401
-0.238541 0.088738
-0.280407 -0.386288
5.433876 0.876139
-0.280669 -0.358930
-0.261779 -0.401363
-0.259530 0.187669
-0.227380 0.153012
-0.244265 0.148936
-0.273835 -0.476883
-0.264547 -0.425424
-0.270902 -0.462629
0.100364 -0.778788
0.197083 -0.801064
-4.950325 -3.604424
5.429532 0.903964
0.224939 -0.861185
0.221370 -0.815371
-0.113479 -0.688616
-0.146875 -0.715627
-0.088813 -0.683078
0.270890 -0.846000
0.268603 -0.801198
0.276328 -0.848181
-0.164100 -0.676343
-0.142356 -0.688174
5.568663 1.405376
-0.143838 -0.681147
0.175515 -0.409594
0.434780 -0.302701
0.473784 -0.321144
0.412857 -0.326512
-0.092876 -0.483795
-0.091822 -0.522877
-0.036371 -0.496036
0.498774 -0.291089
0.474896 -0.274378
5.552646 1.397893
0.479791 -0.312603
-0.141754 -0.518091
-0.121670 -0.501025
-0.133141 -0.538567
-0.166718 0.314787
-0.090270 0.342222
-0.008054 0.219936
-0.301761 0.337833
-0.097262 0.215859
-0.173984 0.140437
5.561099 1.391678
0.495179 -0.867461
0.346527 -0.824073
0.391920 -0.747505
0.354939 -0.943986
0.247769 -0.795634
0.372238 -0.780542
0.723134 -0.360646
0.723212 -0.282121
0.595104 -0.242679
0.668593 -0.369345
5.409695 0.810784
0.496377 -0.207524
0.512338 -0.293967
-0.202379 -0.758438
-0.315812 -0.652090
-0.233164 -0.561419
-0.207959 -0.676775
-0.193732 -0.459067
-0.103748 -0.611402
0.047033 -2.442007
-0.532873 -2.495713
5.398099 0.843959
-0.536277 -2.458071
-0.491243 -2.454046
0.280388 -2.439095
0.308252 -2.436162
0.263424 -2.438523
-0.581793 -2.481084
-0.550783 -2.491433
-0.595289 -2.471228
0.389248 -2.439204
0.306117 -2.407926
5.411251 0.832544
0.344683 -2.418461
-0.337850 -2.847301
-0.488870 -2.699406
-0.541060 -2.666829
-0.499468 -2.690994
-0.067274 -3.059910
-0.097826 -3.068041
-0.095180 -3.044250
-0.605617 -2.619009
-0.559549 -2.614282
5.285719 1.943081
-0.573856 -2.615409
0.006085 -3.121283
-0.065161 -3.058483
-0.022950 -3.115153
0.382062 -2.748734
0.228899 -3.004406
0.267766 -3.054349
0.212177 -2.986483
0.470479 -2.537397
0.492739 -2.568009
5.507350 1.711647
0.466476 -2.576070
0.194089 -3.061051
0.192695 -3.018635
0.213467 -3.052515
0.482948 -2.512277
0.464190 -2.501376
0.486052 -2.500359
-0.442144 -2.157341
-0.607622 -2.353945
-0.597059 -2.325931
5.530035 1.754545
-0.607058 -2.376661
-0.321751 -2.064005
-0.342123 -2.017696
-0.304675 -2.050465
-0.651590 -2.382184
-0.623423 -2.386532
-0.655634 -2.400846
-0.264888 -2.020822
-0.273955 -2.063598
-0.286129 -2.012889
5.724242 1.580155
-4.932138 -3.571097
5.482450 1.760846
0.048494 -2.796139
0.063084 -2.903439
0.085181 -2.909389
0.107839 -2.913133
-0.098374 -2.225308
-0.082099 -2.195981
-0.071464 -2.213446
0.056193 -2.996158
0.072296 -2.980676
0.122390 -2.992296
5.171138 2.024106
-0.110003 -2.166803
-0.101211 -2.192259
-0.080645 -2.152356
0.172800 -2.129182
0.335559 -2.273824
0.340959 -2.242032
0.350584 -2.291962
0.004443 -2.045797
0.037693 -2.008875
0.013648 -2.054644
5.169862 2.061690
0.450337 -2.338028
0.403258 -2.350229
0.456008 -2.360985
-0.085056 -1.951320
-0.036494 -2.026858
-0.040362 -2.005001
-0.750350 -2.504386
-0.712140 -2.446818
-0.544389 -2.573861
-0.745767 -2.384334
5.154186 2.047183
-0.587520 -2.426094
-0.591996 -2.483706
0.243037 -3.146931
0.109351 -3.219371
0.080608 -3.074501
0.160984 -3.114505
-0.007995 -3.012808
0.167265 -2.987852
0.601507 -2.413263
0.513502 -2.384441
5.561195 1.694595
0.405392 -2.483899
0.512967 -2.343124
0.341084 -2.363451
0.441703 -2.439265
-0.142515 -1.929505
-0.270357 -1.926498
-0.242820 -2.080759
-0.090072 -1.865401
-0.157055 -1.999523
-0.051926 -2.116916
5.503654 1.674080
5.536107 1.714193
5.140955 2.100257
5.089888 2.057283
5.087679 2.104980
1.831214 -4.914572
5.045780 1.744973
4.981632 1.964714
4.984096 1.945838
4.985961 1.922865
5.287364 0.843614
5.267004 0.808160
5.246758 0.893440
4.949579 2.027897
4.987644 1.997297
4.942502 2.004460
1.850395 -4.889726
5.297011 0.762486
5.296923 0.810771
5.280748 0.756565
5.177695 1.441329
5.418635 1.521961
5.435113 1.516946
5.420904 1.565543
4.869009 1.374761
4.862915 1.367243
4.905995 1.341287
1.824459 -4.914097
5.458195 1.542865
5.483974 1.555064
5.477496 1.559969
4.828519 1.361877
4.854218 1.361598
4.827313 1.317249
4.828898 1.784541
4.900766 1.932618
4.876949 1.952592
4.878231 1.909282
1.812716 -4.911019
4.745161 1.488399
4.693755 1.447963
4.715173 1.439019
4.897988 1.998561
4.913730 1.962062
4.879570 1.955340
4.747525 1.398270
4.726807 1.380543
4.684424 1.374402
4.977442 0.994255
1.827387 -4.899792
5.222479 0.787174
5.190397 0.754455
5.149269 0.844901
4.851862 1.108897
4.792329 1.122958
4.832196 1.118078
5.238187 0.735972
5.208171 0.819081
5.213106 0.764471
4.741340 1.159249
1.821762 -4.917089
4.800077 1.180802
4.761488 1.153330
5.617801 1.674341
5.675303 1.520118
5.539599 1.521875
5.576553 1.557035
5.523736 1.464552
5.482499 1.634009
4.877684 2.123039
4.971414 2.193023
1.809311 -4.910547
5.073456 2.045477
4.840506 2.124527
5.046480 2.040309
4.925993 1.947854
5.297009 0.670417
5.372208 0.648676
5.347468 0.830157
5.249358 0.646351
5.317876 0.799473
5.243011 0.814049
-1.082719 -4.487555
4.586596 1.317881
4.676028 1.275934
4.811950 1.397707
4.640872 1.162978
4.823812 1.247173
4.747068 1.303367
4.448342 -1.222020
4.414530 -1.395842
4.408296 -1.369321
4.403558 -1.355549
4.253047 -1.798862
4.510905 -0.934131
4.491601 -0.841718
4.503405 -0.834690
4.389747 -1.514209
4.391628 -1.522320
4.366969 -1.520988
4.519015 -0.789386
4.510167 -0.797401
4.498158 -0.783222
4.740316 -1.393958
5.713599 1.577718
4.258132 -1.785627
4.597428 -1.528506
4.524624 -1.591162
4.555350 -1.551075
4.977916 -1.141132
5.005793 -1.104680
4.992775 -1.117183
4.490662 -1.602764
4.539288 -1.593202
4.485499 -1.632513
5.035074 -1.042376
4.240132 -1.772738
5.009159 -1.098633
5.043219 -1.036742
4.827125 -0.721581
5.021742 -0.861053
5.063332 -0.814380
5.024140 -0.831564
4.720527 -0.670616
4.715865 -0.640124
4.696741 -0.663074
5.066231 -0.832096
-1.300565 -4.568713
5.042539 -0.876630
5.074497 -0.827673
4.680122 -0.648149
4.650995 -0.658391
4.624084 -0.613316
4.090111 -1.295107
4.207851 -1.471308
4.183528 -1.529917
4.207415 -1.516775
4.023974 -1.099424
-1.293512 -4.576282
3.993366 -1.088520
4.017763 -1.085967
4.232879 -1.548345
4.259538 -1.529550
4.241150 -1.581728
3.979542 -1.022002
4.025921 -1.032916
3.982943 -1.026472
4.556685 -0.959767
4.881849 -1.006463
-1.237210 -4.551744
4.854393 -0.940134
4.897752 -0.962513
4.091388 -0.939922
4.134011 -0.913622
4.181495 -0.921095
4.953053 -0.954296
4.946860 -0.990763
4.948704 -0.937044
4.052246 -0.914945
4.095114 -0.934912
4.269423 -1.798557
4.118087 -0.883581
4.204222 -0.746936
4.401386 -0.706220
4.395871 -0.634921
4.411340 -0.670068
4.117755 -0.808330
4.112099 -0.769681
4.117088 -0.773418
4.433376 -0.675846
4.469853 -0.652385
4.249047 -1.778744
4.422034 -0.602327
4.043417 -0.822871
4.052874 -0.846851
4.043929 -0.763617
4.394364 -1.695340
4.313038 -1.681661
4.471423 -1.548420
4.214408 -1.687753
4.327627 -1.480095
4.351758 -1.570229
4.276394 -1.751966
5.097617 -0.765498
5.101519 -0.889988
5.046506 -0.940708
5.035511 -0.825020
4.965590 -1.072643
5.008365 -0.904826
4.617751 -0.564186
4.506675 -0.677369
4.610519 -0.728403
4.467286 -0.557266
-1.317791 -4.579798
4.459520 -0.756458
4.560468 -0.641510
3.957257 -0.801454
3.854311 -0.819914
4.031215 -1.018509
3.904625 -0.714097
4.038723 -0.950137
4.104128 -0.845473
2.946703 3.047562
2.814460 3.198112
-1.301709 -4.565778
2.776953 3.221257
2.823161 3.158093
3.245859 2.733541
3.256001 2.696845
3.257947 2.689766
2.779662 3.259350
2.782184 3.214174
2.774670 3.227268
3.317113 2.656123
3.309593 2.647965
5.685496 1.582946
-1.297618 -4.570365
3.324390 2.612765
3.284126 3.311965
2.944084 3.391516
2.880808 3.438178
2.890302 3.403891
3.590659 3.195400
3.622515 3.195946
3.553824 3.218038
2.812505 3.419098
2.812484 3.378730
2.074219 3.654381
2.797565 3.455480
3.668165 3.170866
3.633768 3.168569
3.656667 3.174456
3.674055 2.712858
3.761142 2.921031
3.775175 2.917177
3.765678 2.923444
3.563970 2.591094
3.601451 2.547086
2.369219 3.520624
3.583505 2.575922
3.802288 2.990402
3.768239 2.985304
3.783832 2.958971
3.574390 2.542894
3.550096 2.564069
3.574553 2.532195
2.700952 2.957863
2.681981 3.207213
2.636867 3.236313
2.443150 3.524379
2.682646 3.233674
2.746750 2.731914
2.727415 2.641148
2.746656 2.697462
2.654665 3.260885
2.711178 3.287821
2.655032 3.313945
2.743184 2.626339
2.767733 2.644035
2.751118 2.609636
2.369582 3.532169
3.235088 2.796152
3.586683 3.011991
3.590892 2.961478
3.589171 2.940496
3.019808 2.696365
2.955955 2.612098
3.016190 2.652850
3.635512 3.024507
3.623648 3.021456
3.651067 2.972550
1.267594 3.902085
2.919102 2.607897
2.916207 2.640004
2.932905 2.563246
3.120476 2.404178
3.287494 2.415040
3.329473 2.391174
3.317065 2.414111
2.952183 2.420526
2.934936 2.398659
2.960563 2.417146
1.196356 3.945059
3.385690 2.375804
3.359876 2.421088
3.394439 2.384602
2.876313 2.410836
2.901463 2.453931
2.925883 2.396030
2.655162 3.480408
2.580551 3.371736
2.818719 3.260416
2.504542 3.416208
1.186275 3.916945
2.731440 3.206485
2.754924 3.360596
3.888820 2.979276
3.776869 3.113468
3.718145 3.062627
3.794050 2.973265
3.620421 3.125192
3.666194 2.955847
3.594504 2.422991
3.482046 2.386990
2.517688 3.481913
3.432619 2.620348
3.459037 2.324357
3.324636 2.504554
3.481119 2.509463
2.819605 2.471182
2.737624 2.489525
2.836612 2.674475
2.835112 2.372111
2.821455 2.524822
2.941658 2.508103
2.449149 3.481462
2.901269 0.110988
2.727802 0.146602
2.739585 0.118910
2.705363 0.166961
3.075499 0.101766
3.090845 0.076406
3.053476 0.115344
2.700054 0.189792
2.642716 0.221159
2.644197 0.130032
5.676093 1.566518
2.483210 3.485508
3.102015 0.087070
3.123372 0.146313
3.102417 0.088940
2.975659 0.536907
2.799924 0.409082
2.761674 0.364074
2.772816 0.409037
3.324840 0.768004
3.369335 0.824619
3.266795 0.779977
1.165001 3.962808
2.698846 0.319293
2.685985 0.360168
2.680130 0.363802
3.422669 0.834106
3.390797 0.838965
3.377183 0.841994
3.400766 0.478351
3.461418 0.701438
3.493450 0.749529
3.462135 0.766174
1.125091 3.922723
3.313678 0.260106
3.366429 0.290104
3.339147 0.286618
3.504612 0.830541
3.491339 0.827972
3.515967 0.854264
3.303551 0.255422
3.297691 0.245751
3.315626 0.256825
2.570033 0.882766
1.132299 3.939612
2.539524 0.403257
2.524487 0.334072
2.553480 0.425810
2.576323 0.990779
2.579020 1.048956
2.582742 0.990056
2.545125 0.302855
2.556262 0.353243
2.540491 0.333559
2.600630 1.078180
-4.095222 1.020313
2.607517 1.046681
2.594794 1.074881
3.109556 1.088889
3.349448 1.014261
3.375755 1.032514
3.361342 1.014406
2.920039 1.123925
2.884012 1.159140
2.927157 1.131105
3.402181 1.010720
-3.909884 1.552915
3.405552 0.982499
3.437447 1.018809
2.845024 1.166684
2.825239 1.141291
2.833529 1.172099
2.950062 0.727694
3.130536 0.359831
3.193550 0.316544
3.147825 0.365860
2.801137 0.947434
-3.934372 1.523039
2.777220 1.019917
2.807935 0.958471
3.205552 0.273954
3.197482 0.283310
3.211233 0.281822
2.740842 1.053673
2.764200 0.996477
2.761067 1.061283
2.639720 0.206525
2.593641 0.067886
-3.884433 1.512506
2.713089 0.308539
2.510419 0.152134
2.600525 0.248228
2.626940 0.393264
3.581010 0.873601
3.582503 0.921460
3.408568 0.798143
3.530680 1.010330
3.372764 0.917252
3.460165 0.922116
-4.326187 0.300817
3.372111 0.090555
3.231869 0.029602
3.238834 0.205472
3.291634 0.111114
3.144427 0.224983
3.250288 0.272908
2.731696 1.306162
2.594356 1.252624
2.714040 1.090096
2.731696 1.228985
-4.324252 0.382154
2.650146 1.024800
2.799573 1.058452
-3.252829 3.466807
-3.016597 3.942056
-3.006172 3.946485
-3.020328 3.912403
-3.420075 3.139617
-3.403493 3.168972
-3.428179 3.086283
-2.948365 4.042897
5.701945 1.594986
-4.316699 0.306722
-2.978052 3.972940
-2.953466 3.991913
-3.455380 3.069539
-3.470953 3.039134
-3.441302 3.055629
-1.171884 4.711242
-1.378637 4.749377
-1.417157 4.735295
-1.324032 4.725977
-0.156711 4.580902
-3.912638 1.600001
-0.243636 4.562392
-0.180746 4.592424
-1.455453 4.740835
-1.447428 4.737022
-1.430724 4.736381
-0.096339 4.553031
-0.111738 4.567176
-0.145026 4.554996
-1.830142 3.073745
-0.651010 3.697131
-3.862844 1.609155
-0.725535 3.675549
-0.681707 3.674822
-2.487836 2.805736
-2.503961 2.797592
-2.488013 2.789899
-0.642364 3.722043
-0.603231 3.702560
-0.668401 3.694663
-2.565679 2.776617
-2.592861 2.741298
-3.905997 1.589375
-2.576816 2.762678
-1.559598 3.093469
-1.892777 3.840231
-1.924534 3.846653
-1.868571 3.805592
-1.421556 2.805798
-1.419670 2.808396
-1.443475 2.821057
-1.966883 3.919223
-1.929756 3.919486
-4.354591 0.263566
-1.916332 3.885450
-1.397738 2.775495
-1.405036 2.757715
-1.415653 2.755482
-0.172405 2.776949
0.059919 3.179385
0.082788 3.213474
0.067823 3.203969
-0.388557 2.476517
-0.406441 2.498937
-4.326601 0.267910
-0.395588 2.492074
0.118778 3.276320
0.110741 3.261483
0.108834 3.273402
-0.437454 2.446774
-0.416969 2.451164
-0.437255 2.457790
-2.340286 1.886519
-2.729757 1.891030
-2.708631 1.915334
-4.339501 0.264866
-2.684476 1.932823
-1.843749 1.845101
-1.848795 1.886264
-1.811664 1.862464
-2.795744 1.928208
-2.776592 1.914232
-2.786908 1.945988
-1.764146 1.871333
-1.741001 1.828357
-1.752899 1.882958
2.459818 -0.669594
-2.059348 4.925834
-2.292055 4.923983
-2.205619 4.961141
-2.243628 4.950243
-1.811150 4.865634
-1.751632 4.874490
-1.761870 4.844442
-2.313769 4.966317
-2.327555 4.918474
-2.284510 4.939710
2.540308 -0.040990
-1.719312 4.831145
-1.730273 4.804527
-1.711919 4.812308
-2.717211 4.557962
-2.577768 4.768277
-2.586760 4.796305
-2.600935 4.759961
-2.832825 4.330254
-2.851298 4.351330
-2.841788 4.343456
2.548619 -0.010143
-2.564495 4.822593
-2.530706 4.802686
-2.560978 4.794947
-2.851803 4.311719
-2.841797 4.287161
-2.887387 4.294621
-2.087045 4.509596
-2.633644 4.300962
-2.591916 4.303484
-2.636645 4.267893
-2.463684 5.030847
2.510211 -0.039655
-1.788098 4.669957
-1.798665 4.652956
-1.795232 4.639604
-2.706136 4.245463
-2.691158 4.252389
-2.693069 4.229726
-1.759537 4.692327
-1.757836 4.662617
-1.759636 4.655620
-2.253643 4.530616
2.382991 -1.116008
-2.306275 4.688112
-2.338933 4.719072
-2.351324 4.712583
-2.142285 4.281929
-2.092146 4.250937
-2.115680 4.287696
-2.356899 4.780373
-2.360316 4.771440
-2.394965 4.812832
-2.117927 4.218253
2.414703 -1.090285
-2.094758 4.245573
-2.062503 4.235938
-2.463309 4.067253
-2.703316 4.105868
-2.703718 4.082254
-2.667259 4.102487
-2.201989 4.073369
-2.183060 4.028972
-2.173929 4.040724
-2.777533 4.109870
2.396206 -1.135612
-2.747497 4.130085
-2.759227 4.107364
-2.139780 4.049572
-2.118482 4.076667
-2.128865 4.033543
-1.789371 4.373713
-1.695780 4.532769
-1.679330 4.506040
-1.709143 4.535412
-1.900225 4.245021
2.554423 0.030708
-1.864690 4.219725
-1.882338 4.253520
-1.628981 4.618738
-1.668968 4.623962
-1.657729 4.609500
-1.925858 4.176290
-1.936078 4.196597
-1.915814 4.158539
-2.529934 4.886288
-2.391599 5.005831
2.533814 0.047295
-2.457899 4.869284
-2.435264 4.914547
-2.305987 4.886551
-2.455201 4.779841
-2.824944 4.128509
-2.913527 4.194925
-2.741803 4.271808
-2.882410 4.025022
-2.799868 4.182112
-2.706913 4.179827
2.517091 0.033636
-1.536052 4.726305
-1.527162 4.789876
-1.759026 4.753088
-1.519701 4.666156
-1.700755 4.747862
-1.712829 4.622689
-2.029251 3.933103
-2.018096 4.098532
-2.139188 4.184511
-1.888196 4.032172
2.388879 -1.226264
-1.981894 4.220551
-2.036609 4.125264
-0.019937 3.896999
0.791062 4.027402
0.884815 4.018630
0.785556 3.990927
-0.274046 3.845614
-0.279466 3.831224
-0.243429 3.840371
0.873042 4.028378
2.353106 -1.205592
0.842260 4.016316
0.905514 4.018539
-0.384781 3.817512
-0.342697 3.816833
-0.332581 3.806272
0.406256 4.347162
0.762856 4.160930
0.774129 4.159852
0.728288 4.181921
0.235312 4.425478
2.396486 -1.217085
0.245337 4.440732
0.266780 4.407505
0.904531 4.091033
0.799691 4.126057
0.843176 4.108535
0.182104 4.450905
0.196613 4.440215
0.169969 4.478135
-0.250337 4.169254
-0.104685 4.329315
-2.439774 5.023761
-0.583995 1.086956
-0.130312 4.354736
-0.142450 4.299929
-0.404222 3.975106
-0.431045 3.976034
-0.397874 3.973982
-0.072177 4.374505
-0.088659 4.345982
-0.097814 4.376896
-0.443062 3.913077
-0.419227 3.900506
-0.695981 1.298729
-0.454568 3.904955
0.575524 3.651378
0.827366 3.878093
0.809927 3.832461
0.771209 3.834729
0.451102 3.578543
0.450186 3.546865
0.438843 3.549034
0.846292 3.885891
0.812196 3.897090
-0.695382 1.271962
0.820095 3.874411
0.377203 3.527874
0.360531 3.525013
0.345518 3.487931
0.150898 3.856807
0.064973 4.312519
0.026509 4.333662
0.073680 4.266763
0.202479 3.714207
0.189101 3.656145
-0.706267 1.267624
0.184944 3.661723
0.031949 4.397643
0.051459 4.359278
0.011807 4.384449
0.214954 3.591339
0.222150 3.628029
0.180766 3.602098
-0.071479 3.543465
-0.303942 3.682091
-0.368162 3.646210
-0.230233 0.448744
-0.327843 3.693004
0.111611 3.465696
0.083831 3.449264
0.087667 3.495636
-0.365236 3.670477
-0.339489 3.707154
-0.404508 3.686907
0.132906 3.471235
0.161570 3.485815
0.111940 3.471729
-0.256214 0.453811
1.056527 4.013414
1.052286 3.984608
0.820131 4.093015
0.989060 3.881687
0.838417 3.955610
0.793630 4.013322
-0.136818 4.476454
0.026591 4.531096
0.101569 4.425106
-0.074713 4.493527
-0.310992 0.496990
0.141776 4.406354
-0.063179 4.350879
-0.605955 3.776057
-0.458357 3.770777
-0.388654 3.882683
-0.495056 3.674023
-0.299410 3.730232
-0.389233 3.783462
0.134615 3.342339
0.219080 3.340785
-0.724466 1.395098
0.290895 3.579388
0.102712 3.294439
0.270844 3.489345
0.157738 3.579333
-3.405168 2.147086
-3.590722 1.998974
-3.592062 1.968079
-3.570385 1.988596
-2.967021 2.535333
-2.937668 2.513028
-0.745633 1.337963
-2.918374 2.515739
-3.720955 1.866457
-3.656515 1.920748
-3.666402 1.888273
-2.907194 2.551517
-2.895713 2.545993
-2.882535 2.544273
-3.742811 2.346048
-3.774212 2.024720
-3.829954 1.941256
-0.738729 1.332704
-3.800878 2.050281
-3.638973 2.683326
-3.652225 2.673338
-3.629939 2.693127
-3.799649 1.931088
-3.793369 1.945508
-3.820761 1.928254
-3.603676 2.767521
-3.593226 2.739232
-3.607340 2.755576
-2.470011 4.995997
-0.185266 0.390996
-3.120975 2.804730
-3.369246 2.820528
-3.329095 2.866170
-3.368475 2.824785
-2.958485 2.758757
-2.869219 2.780593
-2.924157 2.763624
-3.399436 2.851765
-3.396524 2.800682
-3.396010 2.849113
-0.234653 0.419438
-2.860639 2.730827
-2.882823 2.713536
-2.812315 2.737346
-3.400570 1.840679
-3.631834 1.789325
-3.634857 1.773047
-3.625776 1.814933
-3.139648 1.897457
-3.151144 1.876727
-3.151425 1.907479
-0.262724 0.424738
-3.692071 1.754940
-3.656715 1.813085
-3.698706 1.763851
-3.078656 1.899996
-3.076603 1.921844
-3.057799 1.901455
-3.256872 2.419174
-3.422784 2.647027
-3.412595 2.683509
-3.421126 2.686943
-1.223337 -2.235320
-3.074063 2.109204
-3.042246 2.123206
-3.085651 2.189686
-3.469376 2.720662
-3.465925 2.719749
-3.455210 2.748597
-3.023880 2.077691
-3.031997 2.081967
-2.986879 2.098808
-2.797136 2.303636
-1.702534 -2.030797
-2.719244 2.481339
-2.678345 2.512533
-2.695947 2.544993
-2.904650 2.097828
-2.870210 2.079798
-2.885583 2.125748
-2.689473 2.553496
-2.721727 2.571858
-2.689212 2.565388
-2.895201 2.087499
-1.726695 -2.013207
-2.921162 2.090046
-2.908721 2.086833
-3.885880 1.708118
-3.777440 1.750788
-3.726079 1.944652
-3.773789 1.684069
-3.676871 1.864648
-3.736574 1.864658
-3.412599 2.952044
-3.535455 2.949778
-1.641742 -2.021524
-3.528021 2.772857
-3.455275 2.929367
-3.560027 2.705436
-3.424938 2.777223
-2.688501 2.772661
-2.747052 2.643878
-2.916255 2.661278
-2.588901 2.664526
-2.817153 2.541374
-2.758199 2.649156
-0.876249 -2.395181
-2.881751 1.997096
-2.949069 1.876234
-3.077769 1.961531
-2.803843 2.000099
-3.002310 2.026183
-2.974113 2.105016
-0.624822 1.867164
-0.690654 1.662686
-0.680722 1.636563
-0.730010 1.677973
-0.940112 -2.374690
-0.561125 2.132804
-0.538659 2.139900
-0.543165 2.118741
-0.688853 1.622465
-0.739400 1.625541
-0.715480 1.594123
-0.540371 2.213467
-0.552545 2.197585
-0.515409 2.204436
-1.024454 1.952535
-0.937369 -2.354970
-0.913621 1.728749
-0.886930 1.677740
-0.922690 1.712719
-1.160135 2.337767
-1.209685 2.414071
-1.164593 2.302889
-0.839721 1.650123
-0.878724 1.684676
-0.877192 1.621994
-1.205188 2.490429
