2050 2
1.334908 -1.913224
1.322412 -1.920232
-2.184666 5.860143
2.774362 -3.156287
-3.601546 2.945095
-3.577143 3.006567
-3.520501 2.826001
-3.558328 3.052612
-3.517299 3.009288
-3.527126 3.037417
-3.492790 2.612975
-3.491564 2.676502
-3.504888 2.640999
-3.544203 3.112146
2.737123 -3.125791
-3.545182 3.062041
-3.524843 3.088998
-3.466769 2.588520
-3.495406 2.575718
-3.467426 2.580524
-3.422031 1.793468
-3.585660 1.714756
-3.587920 1.660547
-3.579644 1.721598
-3.105858 1.995052
2.770385 -3.148775
-3.079162 1.964900
-3.051917 2.020938
-3.640475 1.636029
-3.629687 1.695745
-3.616684 1.674541
-3.013476 2.049040
-3.043858 2.058939
-2.992225 2.033725
-3.117738 2.527249
-3.395858 2.936825
0.903839 -4.306068
-3.365013 2.978863
-3.393477 2.966541
-3.026619 2.369174
-2.999242 2.372100
-3.023962 2.359237
-3.429050 3.026533
-3.446496 3.047072
-3.422262 3.043936
-2.967281 2.323924
-3.008213 2.281996
0.916293 -4.292217
-2.980506 2.302777
-3.172796 2.260627
-3.392917 2.395511
-3.376201 2.386941
-3.401041 2.416539
-3.045758 2.182786
-3.044585 2.195588
-3.074712 2.234024
-3.402183 2.378753
-3.431224 2.453347
0.920367 -4.288453
-3.401901 2.402971
-2.972188 2.203558
-3.004061 2.201974
-2.989558 2.190831
-3.794680 1.603160
-3.794458 1.634057
-3.763445 1.844341
-3.686457 1.558133
-3.688031 1.704257
-3.674192 1.818523
-0.481661 -0.104653
-3.497439 3.222955
-3.498777 3.260794
-3.594846 3.026379
-3.423464 3.196332
-3.494792 2.983691
-3.466991 3.046324
-3.341788 2.638113
-3.428789 2.432188
-3.520410 2.470911
-3.358176 2.444710
0.388933 -0.984718
-3.508390 2.317259
-3.450899 2.505262
-2.853662 2.281870
-2.929905 2.080613
-3.021085 2.166998
-2.913945 2.168596
-3.031228 2.116984
-3.023526 2.243717
4.724761 1.623419
5.042822 1.141039
0.391314 -0.966269
4.969980 1.209752
5.006793 1.165199
4.473315 2.088854
4.450932 2.110790
4.450255 2.083286
5.064766 1.090621
5.069252 1.086964
5.040863 1.091730
4.401096 2.208338
4.371763 2.200863
0.356527 -0.957118
4.359334 2.185345
4.190832 0.108205
4.649634 0.115414
4.613932 0.115494
4.617360 0.095406
3.926800 0.122222
3.922902 0.128210
3.943724 0.089740
4.702901 0.126252
4.704786 0.098688
-2.128336 5.837739
-0.633512 0.047395
4.674210 0.105754
3.873950 0.145797
3.865762 0.105733
3.855455 0.107397
3.450512 1.343022
3.397914 1.117051
3.424482 1.167657
3.420726 1.167564
3.534267 2.164475
3.567657 2.154606
-0.656191 0.092260
3.541443 2.164084
3.411318 1.102637
3.396120 1.066838
3.417561 1.096775
3.556756 2.216021
3.534237 2.227046
3.556942 2.227634
4.360640 -1.843499
5.109063 -0.775795
5.092648 -0.766188
-0.622886 0.029706
5.068296 -0.768071
4.211414 -2.071653
4.207796 -2.065073
4.175178 -2.070917
5.155324 -0.706210
5.128733 -0.706650
5.121199 -0.705006
4.167834 -2.124843
4.163554 -2.126394
4.143519 -2.113364
0.421640 -1.008539
3.267026 -1.126046
3.176867 -0.582383
3.211590 -0.601695
3.186960 -0.620440
3.391531 -2.075070
3.416189 -2.062945
3.391246 -2.026479
3.203821 -0.538713
3.166530 -0.584255
3.208007 -0.572415
0.409405 -1.030188
3.407013 -2.146953
3.365146 -2.107196
3.389231 -2.081849
3.116066 1.794735
3.136968 1.908188
3.146915 1.878821
3.149280 1.900111
3.032289 -1.675535
3.065055 -1.641855
3.060808 -1.673363
0.412960 -1.018186
3.165791 1.950235
3.148203 1.956099
3.191995 1.945360
3.075536 -1.718239
3.052319 -1.726444
3.069824 -1.706476
5.281511 0.140844
5.501945 0.169415
5.534465 0.154588
5.511044 0.147312
-0.712892 0.135254
5.042637 0.158706
5.009600 0.134909
5.051685 0.140001
5.537883 0.168629
5.536810 0.162995
5.565455 0.143554
4.956389 0.135400
4.983215 0.147187
4.968011 0.102125
5.489472 0.613349
-0.715798 0.109956
5.641203 0.343539
5.660648 0.374642
5.627944 0.398788
5.340833 0.814166
5.321824 0.872914
5.383694 0.770176
5.651230 0.336595
5.655594 0.323221
5.684931 0.318309
5.294262 0.873238
-0.714247 0.134909
5.335342 0.831235
5.278840 0.862612
4.955067 0.466351
5.053733 0.851650
5.051178 0.875092
5.071036 0.867152
4.915881 0.284640
4.875722 0.293695
4.900575 0.272778
5.077603 0.921649
1.219817 -0.525763
5.108469 0.895835
5.070759 0.931654
4.869910 0.268823
4.900041 0.249496
4.871164 0.246380
5.564019 -0.246749
5.641776 -0.059940
5.679568 -0.092569
5.670994 -0.043246
5.372119 -0.500213
-2.145640 5.813709
1.243135 -0.725091
5.369067 -0.521873
5.361076 -0.455868
5.675845 -0.047155
5.661405 0.011372
5.686588 -0.037952
5.323283 -0.577948
5.330464 -0.525378
5.283607 -0.565789
5.235804 -0.273560
5.219895 0.792204
1.212893 -0.761523
5.172949 0.851196
5.188141 0.779469
5.237381 -0.409898
5.214366 -0.478502
5.208147 -0.442182
5.168373 0.876231
5.200068 0.803378
5.162714 0.863737
5.215927 -0.500306
5.214788 -0.485427
1.208768 -0.805553
5.191254 -0.526237
4.991125 -0.321343
4.924779 -0.074947
4.875691 -0.104513
4.896018 -0.033395
5.103275 -0.471518
5.059214 -0.502898
5.074852 -0.498270
4.889580 -0.026858
4.891878 -0.022070
1.208133 0.024367
4.867816 -0.014687
5.098200 -0.532347
5.114907 -0.514011
5.077564 -0.538839
5.736582 0.285811
5.636342 0.161878
5.599989 0.256667
5.742315 0.058610
5.599178 0.065508
5.672267 0.203822
1.182077 0.064809
5.056523 1.025780
5.198538 1.000392
5.177268 0.901567
5.101921 0.995427
5.256306 0.842486
5.133708 0.863336
4.736564 0.181103
4.849343 0.121208
4.951982 0.227271
4.780465 0.018551
1.185713 0.038255
4.934992 0.011313
4.883061 0.104802
5.184793 -0.609177
5.227422 -0.652374
5.327361 -0.506005
5.095113 -0.650584
5.220749 -0.506074
5.168828 -0.496130
3.014035 0.696108
2.829831 0.563487
1.212666 -0.861711
2.771949 0.569717
2.825457 0.557813
3.235292 0.835442
3.205692 0.851314
3.203560 0.802570
2.732144 0.546646
2.761984 0.482415
2.747499 0.518909
3.265639 0.874359
3.276418 0.831312
1.217555 -0.881763
3.268986 0.874256
3.013914 0.287946
2.798615 0.358985
2.815005 0.349495
2.809075 0.330211
3.458440 0.216317
3.519598 0.193525
3.528235 0.169465
2.744691 0.389085
2.767502 0.358416
1.206372 -0.861216
2.770683 0.343560
3.570527 0.190950
3.581234 0.188582
3.624910 0.161568
3.600962 0.574004
3.663239 0.310527
3.733935 0.353758
3.665428 0.304996
3.505090 0.713414
3.545214 0.723760
1.175039 0.126998
3.491083 0.728843
3.711857 0.291973
3.666932 0.270311
3.723725 0.314231
3.480058 0.805473
3.461544 0.764021
3.462195 0.796132
2.861465 -0.008243
2.731499 0.248753
2.712983 0.201937
-2.144551 5.853314
1.172616 0.119313
2.757987 0.236576
3.034140 -0.248964
3.000392 -0.246828
3.012067 -0.245802
2.663342 0.301613
2.707602 0.276648
2.678293 0.269035
3.062577 -0.324469
3.053687 -0.281485
3.043239 -0.315762
1.134859 0.140297
3.475678 -0.183450
3.605690 -0.036553
3.654454 -0.018643
3.606046 -0.020684
3.321836 -0.308211
3.318613 -0.364706
3.324157 -0.349309
3.640375 0.017873
3.632027 0.034153
3.693334 0.053141
-0.458572 1.091771
3.278942 -0.366345
3.301440 -0.350414
3.301907 -0.377953
3.282224 0.266634
3.319982 0.660564
3.331360 0.639693
3.354422 0.685571
3.207237 -0.200616
3.260282 -0.168923
3.236385 -0.244493
0.221490 1.119763
3.339764 0.701912
3.332023 0.719773
3.350751 0.732673
3.194492 -0.295768
3.176649 -0.264078
3.204331 -0.283239
2.588565 0.427944
2.557929 0.541873
2.765995 0.449369
2.580527 0.362144
0.168749 1.100252
2.751136 0.366301
2.745702 0.286638
3.812953 0.214501
3.722662 0.145468
3.637932 0.258347
3.789118 0.054943
3.590016 0.100910
3.640293 0.099975
3.449986 1.003980
3.323362 1.004462
0.218335 1.115377
3.348055 0.803282
3.383174 0.943022
3.277580 0.779723
3.446285 0.742182
3.273476 -0.477329
3.137485 -0.500743
3.159834 -0.304872
3.196522 -0.425655
3.110411 -0.268895
3.270034 -0.326372
-0.663491 1.099096
3.413056 2.732989
3.282676 3.049908
3.192428 3.116698
3.263015 3.078729
3.475542 2.639972
3.471582 2.587154
3.422876 2.617524
3.241074 3.113259
3.258132 3.094358
3.203601 3.119318
-0.664873 1.070873
3.532821 2.614376
3.528509 2.578035
3.467643 2.589879
3.965252 2.742990
3.434475 3.067539
3.335093 3.154688
3.412380 3.045084
4.163188 2.584984
4.210797 2.538457
4.161018 2.566800
-0.622931 1.078128
3.350644 3.149081
3.335512 3.138202
3.342447 3.134453
4.226691 2.514822
4.202137 2.536076
4.214375 2.520767
4.015791 2.385651
4.183661 2.344943
4.182158 2.324260
4.172915 2.311629
0.281160 1.110384
3.816820 2.432407
3.779826 2.403199
3.760654 2.407825
4.215562 2.330445
4.193969 2.325382
4.199117 2.307548
3.723852 2.432729
3.705005 2.439231
3.720929 2.401736
3.119624 2.480457
5.768325 0.188095
0.271403 1.119558
3.129438 2.974352
3.111294 2.928477
3.168675 3.030675
3.174841 2.223803
3.130605 2.163435
3.112658 2.270561
3.105512 3.046825
3.133769 3.020438
3.131105 3.043748
3.150355 2.122375
0.265831 1.095411
3.187031 2.148186
3.132151 2.160232
3.821540 2.098255
4.019593 2.180546
4.069857 2.155058
4.050939 2.150221
3.452749 2.014269
3.451518 1.979586
3.463950 1.991062
4.159172 2.207043
-0.720910 1.077052
4.131263 2.236895
4.162209 2.201871
3.391828 2.008916
3.400282 2.027288
3.381480 1.978245
3.378241 2.266928
3.449696 2.346638
3.478798 2.315241
3.463807 2.332439
3.267919 2.201917
-0.739780 1.071362
3.270709 2.157126
3.311362 2.137999
3.495904 2.393538
3.493163 2.405401
3.509911 2.357324
3.242570 2.127084
3.257705 2.149174
3.264056 2.103805
3.178904 3.224639
3.073590 3.202061
-0.727234 1.045145
3.324377 3.102691
2.991743 3.173714
3.172621 3.041766
3.264446 3.072137
4.282532 2.268252
4.363488 2.296467
4.204566 2.447977
4.255584 2.175031
4.157387 2.378500
4.173922 2.267381
-0.201431 -1.883821
3.679771 2.329105
3.514870 2.325032
3.617735 2.530058
3.508198 2.256569
3.473803 2.518781
3.626780 2.384517
3.275660 1.940301
3.128784 2.027560
3.277947 2.104874
3.212711 2.030032
0.317022 -1.933415
3.216325 2.147839
3.340513 2.069232
3.138216 -2.687980
3.007156 -2.900565
2.987837 -2.913056
2.976836 -2.903600
3.272250 -2.506564
3.272906 -2.480018
3.266998 -2.467866
2.942430 -2.975814
0.323436 -1.922812
2.971021 -2.917235
2.937149 -2.950391
3.331766 -2.415793
3.290778 -2.443099
3.306484 -2.424153
3.407609 -2.838153
3.122867 -3.005281
3.137581 -3.019218
3.130313 -2.998081
3.869313 -2.509306
0.297371 -1.915635
3.954233 -2.425599
3.937022 -2.462845
3.061039 -3.040166
3.064681 -2.983155
3.029829 -3.047546
3.992613 -2.409323
3.941199 -2.440204
3.974141 -2.408968
3.721818 -2.292927
3.915444 -2.290162
-0.438329 -1.855328
3.945280 -2.277476
3.922920 -2.269590
3.566097 -2.304048
3.550488 -2.261849
3.558288 -2.293508
3.995694 -2.316984
3.980995 -2.298010
4.017019 -2.257951
3.502932 -2.270979
3.494647 -2.300002
5.760490 0.188608
-0.459040 -1.807865
3.520333 -2.265275
2.949784 -2.389607
2.913995 -2.816576
2.892603 -2.799778
2.932592 -2.739300
2.995028 -2.088404
2.976907 -2.092480
2.982671 -2.096670
2.886692 -2.862033
2.932333 -2.839499
-0.502173 -1.807861
2.897712 -2.872062
2.993404 -1.987644
3.002411 -2.039248
2.985844 -2.017287
3.597226 -1.994022
3.875299 -2.142132
3.915381 -2.122649
3.884946 -2.148793
3.294281 -1.887202
3.318580 -1.875118
0.397823 -1.920599
3.305563 -1.900468
3.919428 -2.154606
3.923440 -2.183243
3.933752 -2.134783
3.238192 -1.863218
3.216574 -1.894864
3.262794 -1.879690
3.238620 -2.105465
3.305848 -2.204789
3.312816 -2.181131
0.395946 -1.943471
3.341187 -2.188102
3.085067 -1.939699
3.103623 -1.911552
3.132934 -1.918120
3.303699 -2.224153
3.338841 -2.212402
3.349592 -2.178702
3.055226 -1.904156
3.107794 -1.910394
3.084337 -1.880748
0.356939 -1.920664
2.879148 -3.116789
2.832036 -3.069488
3.038948 -2.973182
2.778187 -3.061538
2.937868 -2.896421
3.015209 -2.909273
4.138155 -2.163482
4.082067 -2.283746
3.942959 -2.371097
4.050480 -2.128155
-0.494794 -1.822988
3.939445 -2.278504
3.927665 -2.217599
3.459976 -2.167161
3.342219 -2.288804
3.422570 -2.373796
3.351770 -2.118542
3.294288 -2.413960
3.407921 -2.231103
3.168633 -1.719721
3.015482 -1.856608
-0.541247 -1.807838
3.125650 -1.955334
3.064501 -1.782500
3.024314 -1.973313
3.201020 -1.900587
-4.365099 -2.567546
-4.300610 -3.273248
-4.289455 -3.196625
-4.307800 -3.282166
-4.440365 -1.861252
-4.428708 -1.852920
-0.546250 -1.791324
-4.431666 -1.895834
-4.269243 -3.318480
-4.287141 -3.339854
-4.271738 -3.333200
-4.437377 -1.789992
-4.436886 -1.791240
-4.426375 -1.813097
-2.956723 -3.838883
-3.310139 -3.884771
-3.362052 -3.846536
0.006141 -0.191458
-3.354479 -3.887670
-2.778570 -3.808198
-2.784529 -3.802433
-2.776169 -3.821873
-3.390379 -3.869105
-3.373656 -3.891439
-3.405637 -3.884722
-2.693540 -3.770846
-2.704012 -3.819331
-2.741791 -3.803902
0.251159 0.095202
-3.207412 -2.296430
-2.780918 -2.735377
-2.817742 -2.746609
-2.774720 -2.767788
-3.532400 -1.980969
-3.516742 -2.013314
-3.384446 -2.126657
-2.743432 -2.820914
-2.682451 -2.823862
-2.713516 -2.842016
5.760345 0.210217
0.253186 0.066016
-3.592444 -1.945554
-3.566142 -1.941903
-3.574637 -1.961200
-1.527325 -4.880970
-3.288083 -4.752487
-3.284568 -4.751717
-3.272790 -4.729711
-1.085873 -4.896742
-1.145049 -4.899686
-1.118382 -4.888780
0.241273 0.103398
-3.331699 -4.747399
-3.345471 -4.724432
-3.342171 -4.707820
-1.026672 -4.908340
-1.018165 -4.885066
-1.029677 -4.883767
-0.991716 -4.319259
-1.493455 -4.007331
-1.496378 -4.043984
-1.471523 -4.022057
-0.493964 -0.780469
-0.420807 -4.605136
-0.381833 -4.608053
-0.378353 -4.603134
-1.531394 -3.989965
-1.519168 -3.969046
-1.568132 -4.004116
-0.328335 -4.661512
-0.305985 -4.644779
-0.321007 -4.640376
-3.368189 -1.270763
-0.531057 -0.833367
-3.458595 -1.201275
-3.457375 -1.232192
-3.461076 -1.203642
-0.306732 -4.025076
-0.341432 -4.001935
-0.338235 -4.004007
-3.501540 -1.167369
-3.486171 -1.189405
-3.509001 -1.185814
-0.302969 -4.033515
-0.541703 -0.796027
-0.294867 -4.038784
-0.324322 -4.026917
-3.963109 -4.143660
-4.151663 -4.202113
-4.138989 -4.214573
-4.091233 -4.219573
-3.708242 -3.988993
-3.639313 -3.978596
-3.730720 -4.036948
-4.217240 -4.222174
0.294989 0.113805
-4.189460 -4.233299
-4.204406 -4.264839
-3.671540 -3.951786
-3.702686 -3.966478
-3.654644 -3.978971
-4.371673 -3.821278
-4.368566 -4.069713
-4.390475 -4.089408
-4.365245 -4.135801
-4.326094 -3.642726
0.296999 0.166646
-4.353181 -3.645722
-4.352254 -3.692721
-4.362484 -4.163174
-4.343822 -4.154405
-4.354252 -4.202799
-4.314631 -3.582203
-4.315934 -3.624182
-4.325186 -3.617034
-3.877623 -3.643652
-4.088143 -3.519610
0.312703 0.179851
-4.134594 -3.432107
-4.069409 -3.539503
-3.737853 -3.740913
-3.697108 -3.741073
-3.705541 -3.763916
-4.129121 -3.462585
-4.112665 -3.512072
-4.132395 -3.469411
-3.647756 -3.799563
-3.645255 -3.836566
-0.554162 -0.865121
-3.637174 -3.799495
-4.015291 -4.560935
-4.180799 -4.474463
-4.187993 -4.472903
-4.187320 -4.448955
-3.690844 -4.699394
-3.695759 -4.699683
-3.679355 -4.697522
-4.245168 -4.429147
-4.246403 -4.390765
-0.559238 -0.859717
-4.254505 -4.425079
-3.621701 -4.710217
-3.650239 -4.708169
-3.626003 -4.708654
-3.921087 -4.053044
-4.134368 -3.729975
-4.164799 -3.687216
-4.087738 -3.750805
-3.667485 -4.532742
-3.664452 -4.471529
5.766193 0.164737
-0.608313 -0.832098
-3.715863 -4.402973
-4.173120 -3.663958
-4.143924 -3.669806
-4.164800 -3.628280
-3.601923 -4.558856
-3.620039 -4.552249
-3.619134 -4.535548
-3.474033 -4.344457
-3.516585 -4.135523
-3.492899 -4.090945
-1.603719 -0.516466
-3.515834 -4.107902
-3.476386 -4.511220
-3.422692 -4.565034
-3.476290 -4.507398
-3.511641 -4.061914
-3.549886 -4.042825
-3.525978 -4.041739
-3.425403 -4.582863
-3.492561 -4.570981
-3.435478 -4.569965
-1.649268 0.030898
-4.378289 -4.244856
-4.272353 -4.272457
-4.226650 -4.194644
-4.342924 -4.408460
-4.204555 -4.355410
-4.290454 -4.308608
-4.206391 -3.352355
-4.324415 -3.457880
-4.210093 -3.553847
-4.218695 -3.534786
-1.651653 0.094302
-4.272491 -3.622097
-4.109822 -3.574817
-3.518769 -3.804110
-3.485255 -3.927207
-3.687603 -3.921292
-3.450078 -3.977560
-3.597544 -4.046221
-3.616019 -3.878411
-3.489129 -4.630579
-3.435670 -4.735058
-1.645513 0.155350
-3.651076 -4.658536
-3.371011 -4.650366
-3.584755 -4.650930
-3.515831 -4.541678
-2.323597 -2.890211
-1.932906 -3.019571
-1.921631 -2.995164
-1.917958 -3.002774
-2.435680 -2.874563
-2.433311 -2.857967
-1.583474 -0.790616
-2.406256 -2.889972
-1.917871 -2.995940
-1.872587 -3.052220
-1.881698 -3.025139
-2.484964 -2.867781
-2.438771 -2.916847
-2.472769 -2.878631
-2.168983 -3.428467
-1.947773 -3.163112
-1.988303 -3.219640
-1.565004 -0.789472
-1.986736 -3.253955
-2.359226 -3.632992
-2.377267 -3.653620
-2.344265 -3.649537
-1.937290 -3.140261
-1.928205 -3.202409
-1.930322 -3.189111
-2.396378 -3.687375
-2.380662 -3.675114
-2.440143 -3.699213
-1.563688 -0.759524
-2.602232 -3.384080
-2.579210 -3.475353
-2.593053 -3.581389
-2.581470 -3.570493
-2.613405 -3.139587
-2.659501 -3.109566
-2.622594 -3.149809
-2.565422 -3.606091
-2.537268 -3.613404
-2.568491 -3.638331
-1.655481 0.162465
-2.644799 -3.075288
-2.627376 -3.087902
-2.652129 -3.057246
-1.691336 -3.399477
-1.723213 -3.214841
-1.721844 -3.206465
-1.744718 -3.251264
-1.642101 -3.784955
-1.629638 -3.747607
-1.637199 -3.747649
-1.693832 0.149329
-1.737993 -3.169866
-1.761778 -3.217949
-1.730815 -3.176959
-1.605811 -3.817618
-1.640761 -3.795251
-1.615648 -3.796909
-2.048245 -3.899181
-2.378641 -3.840588
-2.376502 -3.866113
-2.355790 -3.825910
5.746616 0.220502
-1.658319 0.147464
-1.797685 -3.932251
-1.799681 -3.949187
-1.845485 -3.919535
-2.423506 -3.828768
-2.409373 -3.801935
-2.450562 -3.840659
-1.762026 -3.945728
-1.746109 -3.925227
-1.790917 -3.939838
-2.150016 -3.390783
-1.545010 -0.878049
-2.375530 -3.124765
-2.434265 -3.070838
-2.416722 -3.109473
-1.777686 -3.746299
-1.795382 -3.749732
-1.827707 -3.723047
-2.467184 -3.022324
-2.442675 -3.053402
-2.465160 -3.035956
-1.718201 -3.804341
-1.552065 -0.880936
-1.761453 -3.788159
-1.730352 -3.824212
-1.859544 -3.021425
-1.867133 -2.968121
-1.930060 -3.084996
-1.736596 -3.064694
-1.812467 -3.093109
-1.858579 -3.211500
-2.675070 -3.705547
-2.581086 -3.743195
-1.540861 -0.855866
-2.467018 -3.620840
-2.587101 -3.852588
-2.387640 -3.754873
-2.437457 -3.770424
-2.707742 -2.964704
-2.587168 -2.836944
-2.514631 -2.953198
-2.595114 -2.908532
-2.416478 -2.961891
-2.546334 -3.077789
1.321966 -1.407100
-1.649265 -3.987676
-1.535782 -3.920673
-1.719579 -3.884099
-1.610424 -3.918933
-1.705334 -3.778263
-1.775335 -3.855097
-3.909765 -0.993202
-4.007657 -0.716216
-3.996717 -0.684084
-4.000241 -0.702319
1.313783 -1.677042
-3.769003 -1.660771
-3.739635 -1.644216
-3.760907 -1.594496
-4.015390 -0.638188
-4.030425 -0.665117
-4.021892 -0.633540
-3.745131 -1.690692
-3.746137 -1.699000
-3.715880 -1.701401
-4.304537 -0.924259
1.341429 -1.712635
-4.184567 -0.651617
-4.182648 -0.586939
-4.170389 -0.625167
-4.428677 -1.421718
-4.427857 -1.437178
-4.400378 -1.446090
-4.170851 -0.574067
-4.160479 -0.599793
-4.159352 -0.518768
-4.464519 -1.521468
1.297169 -1.686998
-4.407948 -1.500722
-4.428676 -1.497558
-4.026029 -1.798982
-4.256989 -1.728127
-4.290894 -1.737126
-4.256652 -1.713688
-3.854179 -1.821690
-3.844744 -1.860109
-3.839750 -1.843368
-4.332432 -1.748606
1.303548 -1.219935
-4.318308 -1.683519
-4.325878 -1.710069
-3.824334 -1.860542
-3.839067 -1.841224
-3.796545 -1.846392
-3.801296 -0.817140
-3.966949 -0.595557
-3.920498 -0.584084
-3.983390 -0.577736
-3.699915 -1.012616
1.308578 -1.226172
-3.651909 -1.029362
-3.672308 -1.036925
-3.943494 -0.552241
-3.977023 -0.563166
-3.958074 -0.543092
-3.661517 -1.095163
-3.662680 -1.073898
-3.640909 -1.081233
-4.013048 -1.364578
-4.270761 -1.516198
5.737045 0.160775
1.301859 -1.241864
-4.274352 -1.553060
-4.265380 -1.540821
-3.827044 -1.233440
-3.821627 -1.239617
-3.828113 -1.259669
-4.318474 -1.561723
-4.303205 -1.538864
-4.322642 -1.596023
-3.770418 -1.222645
-3.792458 -1.224080
1.358015 -1.774320
-3.751316 -1.243538
-3.624816 -1.452311
-3.657163 -1.703838
-3.632859 -1.746948
-3.656975 -1.713219
-3.621822 -1.315037
-3.613959 -1.356160
-3.635216 -1.351998
-3.650886 -1.748202
-3.653024 -1.722715
1.291306 -1.734290
-3.640607 -1.779059
-3.618862 -1.312067
-3.642385 -1.325979
-3.636261 -1.329122
-4.123321 -0.426731
-4.026721 -0.466065
-4.092525 -0.643143
-3.959357 -0.412457
-3.989032 -0.614509
-4.092574 -0.566002
1.320803 -1.765144
-4.384988 -1.777256
-4.456820 -1.633849
-4.396314 -1.585039
-4.404806 -1.686147
-4.385199 -1.481274
-4.299016 -1.643412
-3.638524 -1.958392
-3.644771 -1.829973
-3.800518 -1.778315
-3.591316 -1.861287
1.303202 -1.142211
-3.691229 -1.717768
-3.725202 -1.796067
-3.609960 -1.218789
-3.552908 -1.131211
-3.721642 -1.131502
-3.564610 -1.284028
-3.633101 -1.196249
-3.695078 -1.291822
0.399811 -4.609547
0.547621 -4.543005
1.262820 -1.146213
0.630910 -4.487894
0.550828 -4.532040
-0.015062 -4.736189
-0.021508 -4.722607
-0.001448 -4.712234
0.684012 -4.474658
0.623791 -4.493523
0.646803 -4.452197
-0.087276 -4.727869
-0.075243 -4.728639
1.293613 -1.162520
-0.071972 -4.719235
-0.061833 -4.687650
0.497485 -4.497226
0.515607 -4.481172
0.494441 -4.494752
-0.458833 -4.774064
-0.623969 -4.817598
-0.526506 -4.780327
0.529871 -4.488530
0.562087 -4.472714
0.876323 -1.481074
0.595260 -4.441648
-0.651478 -4.850651
-0.591972 -4.799124
-0.675548 -4.806859
-0.483381 -4.900284
-0.663117 -4.935196
-0.676647 -4.937491
-0.687900 -4.923997
-0.305754 -4.881135
-0.364673 -4.843414
1.097384 -1.705584
-0.317776 -4.860279
-0.769477 -4.940138
-0.747121 -4.930087
-0.799376 -4.906016
-0.311570 -4.852874
-0.273247 -4.856570
-0.289904 -4.828690
0.318641 -4.208092
0.582941 -4.304476
0.572735 -4.295965
1.082341 -1.709310
0.519779 -4.291134
0.028907 -4.126093
0.093691 -4.132905
0.052408 -4.119287
0.652397 -4.326362
0.590944 -4.324233
0.601802 -4.323665
-0.041454 -4.114103
-0.036220 -4.135049
0.014984 -4.119768
1.324981 -1.905660
5.764959 0.197107
1.046374 -1.701706
-0.594557 -4.510823
-0.722087 -4.663053
-0.781088 -4.710378
-0.741376 -4.685416
-0.353760 -4.252938
-0.352381 -4.156842
-0.392056 -4.227871
-0.797956 -4.731515
-0.772750 -4.732828
-0.830324 -4.742169
0.718806 -1.304677
-0.314691 -4.173657
-0.317431 -4.198499
-0.322522 -4.155985
-0.163992 -4.440450
-0.125852 -4.570059
-0.167097 -4.525667
-0.166079 -4.555603
-0.161767 -4.177652
-0.134745 -4.149022
-0.171478 -4.176439
0.675456 -1.277891
-0.145721 -4.607616
-0.132440 -4.609056
-0.196079 -4.637269
-0.169522 -4.130835
-0.168071 -4.153356
-0.183277 -4.145071
0.693593 -4.391722
0.803802 -4.381632
0.562387 -4.526288
0.776382 -4.307450
0.705213 -1.328245
0.642711 -4.390478
0.576352 -4.399809
-0.887925 -4.932437
-0.782678 -4.851580
-0.692556 -4.924238
-0.912435 -4.801954
-0.676034 -4.759943
-0.788373 -4.820092
-0.330253 -4.739431
-0.172517 -4.694397
1.122912 -1.758012
-0.135225 -4.802803
-0.203059 -4.605585
-0.088744 -4.664526
-0.240939 -4.779585
-0.339757 -4.108451
-0.100257 -4.088640
-0.165738 -4.160408
-0.277877 -4.052262
-0.060459 -4.124478
-0.253528 -4.167641
1.127479 -1.760891
1.094618 -1.767356
0.633716 -1.220976
0.650235 -1.254807
0.609470 -1.234491
-4.385909 -4.323211
0.885545 -1.026875
0.710104 -1.084890
0.700350 -1.053443
0.699499 -1.075039
1.061707 -1.029386
1.061441 -0.976699
1.055433 -1.018256
0.623589 -1.075267
0.652622 -1.148266
0.634999 -1.081898
-4.380739 -4.314630
1.109738 -1.007496
1.096049 -1.025635
1.101092 -1.010147
0.925803 -1.982726
1.071588 -1.950022
1.071262 -1.967198
1.049476 -1.954588
0.691322 -2.002476
0.632613 -2.021080
0.688931 -1.962974
-4.408137 -4.314766
1.101262 -1.955876
1.071095 -1.944285
1.109735 -1.955354
0.627358 -1.995031
0.657753 -1.995844
0.629886 -1.974162
0.493925 -1.594680
0.503494 -1.359931
0.464983 -1.322389
0.489045 -1.316055
-4.391029 -4.331784
0.532376 -1.785547
0.490148 -1.775610
0.502788 -1.766077
0.482351 -1.303321
0.506309 -1.285496
0.480656 -1.257719
0.542666 -1.838731
0.554428 -1.826912
0.510581 -1.777876
0.905135 -1.402822
-4.367573 -4.319944
1.090182 -1.199722
1.081171 -1.183919
1.067754 -1.207047
0.698123 -1.677642
0.688356 -1.664389
0.729239 -1.624072
1.119195 -1.145051
1.105596 -1.148777
1.104825 -1.151414
0.656923 -1.753454
-4.334970 -4.348814
0.666444 -1.723589
0.616527 -1.732473
1.237729 -1.844695
1.352518 -1.818831
1.265584 -1.745820
1.231889 -1.941372
1.182336 -1.811806
1.062205 -1.886817
0.513605 -1.024960
0.565586 -1.173059
-4.369203 -4.325244
0.674665 -1.163872
0.422298 -1.130746
0.560799 -1.305635
0.570801 -1.185612
1.137700 -0.902820
1.280459 -1.037109
1.176799 -1.103436
1.177774 -0.974829
1.152949 -1.162997
1.079476 -1.062587
2.178426 0.643587
0.395208 -1.849603
0.520911 -1.987122
0.586062 -1.886883
0.489419 -1.843078
0.665652 -1.838866
0.588366 -1.747044
0.890824 1.093383
1.213255 1.045206
1.258347 1.048362
1.222199 1.038016
1.686660 0.831929
0.672785 1.112563
0.654641 1.128778
0.670642 1.118298
1.292748 1.003336
1.271824 1.011381
1.269145 1.015152
0.599000 1.118846
0.608296 1.101468
0.549016 1.119972
1.321101 0.580158
1.295150 -1.930210
1.665548 0.821090
1.389650 0.767552
1.404402 0.763913
1.403737 0.776127
1.241492 0.458670
1.258476 0.444898
1.230199 0.417130
1.449007 0.815118
1.405997 0.814879
1.439447 0.784423
1.227691 0.409036
1.692806 0.813223
1.186948 0.394222
1.206394 0.380867
0.827954 0.687559
1.009554 0.485565
1.001914 0.471553
1.003180 0.439830
0.652467 0.909088
0.544427 0.968893
0.618991 0.896515
1.061808 0.401504
2.373450 0.568781
1.039494 0.429542
1.036703 0.397832
0.548100 0.997749
0.560998 0.989754
0.505012 0.992772
0.780239 0.537920
1.269729 0.827625
1.314484 0.830867
1.244417 0.809013
0.650489 0.402890
2.389848 0.528283
0.649131 0.444248
0.651623 0.452691
1.319466 0.854271
1.301418 0.851378
1.337952 0.831002
0.565044 0.361109
0.580239 0.387981
0.579136 0.392595
0.827802 0.212422
0.919186 0.186681
2.377907 0.533652
0.945325 0.187931
0.914922 0.231643
0.594734 0.273004
0.552411 0.234177
0.569251 0.242638
1.000581 0.212021
0.971212 0.250235
0.981386 0.232173
0.533360 0.235449
0.542964 0.296754
1.592158 0.870823
0.515817 0.264963
0.383423 0.678607
0.421394 0.962600
0.387759 0.914926
0.408277 0.932007
0.385432 0.485720
0.364631 0.469804
0.381513 0.493256
0.409293 0.981234
0.422016 0.969480
1.594089 0.854848
0.407262 0.972339
0.363459 0.437070
0.395421 0.432520
0.371238 0.417722
1.570867 0.832983
1.491623 0.950214
1.313862 0.959047
1.461689 0.843417
1.282277 0.950272
1.378309 0.816930
1.589446 0.847856
1.116807 0.270394
1.232937 0.272107
1.165781 0.434365
1.098289 0.134214
1.102429 0.287162
0.993825 0.346804
0.387553 1.037237
0.426918 1.139574
0.600836 1.058260
0.323618 1.051395
2.490428 0.484071
0.473573 1.041826
0.483361 0.984142
0.423812 0.180822
0.334368 0.169489
0.593119 0.307558
0.320091 0.282363
0.468094 0.429429
0.446576 0.366541
-1.214980 1.168500
-1.363679 1.187368
2.443405 0.519536
-1.355548 1.208631
-1.398580 1.207126
-1.007593 1.072552
-1.021316 1.127641
-1.032789 1.108084
-1.431475 1.230993
-1.450088 1.193428
-1.473442 1.203928
-0.968819 1.096692
-0.999081 1.065730
1.341510 -1.902106
2.471574 0.484067
-0.979158 1.109900
-1.167519 0.613857
-1.435808 1.020488
-1.455999 1.037299
-1.445771 0.992426
-0.996671 0.434533
-0.986593 0.383168
-1.004050 0.383390
-1.479851 1.093943
-1.470395 1.037517
-1.576087 1.904125
-1.486809 1.042695
-0.931923 0.366820
-0.946275 0.351386
-0.957664 0.324235
-0.818588 0.717879
-0.807375 0.407975
-0.776932 0.400191
-0.795616 0.393439
-0.858597 0.837010
-0.803715 0.793458
-1.579476 1.515428
-0.873060 0.834821
-0.802331 0.397790
-0.802002 0.398979
-0.797987 0.362172
-0.856877 0.869297
-0.877285 0.866598
-0.885154 0.883653
-1.679261 0.735875
-1.638849 0.993794
-1.658128 1.010061
-1.573241 1.445131
-1.646720 0.969882
-1.674012 0.443082
-1.702422 0.470394
-1.700886 0.516671
-1.638536 1.039010
-1.636965 1.032478
-1.640706 1.042831
-1.684707 0.392472
-1.684975 0.421545
-1.682499 0.426605
-1.588990 1.480765
-1.243553 0.204766
-1.046155 0.186964
-1.009421 0.161256
-1.014007 0.203610
-1.508390 0.240271
-1.480642 0.214633
-1.510525 0.245588
-0.952372 0.195345
-0.961863 0.205325
-0.902402 0.173039
-1.542284 2.485274
-1.556923 0.236294
-1.526974 0.277037
-1.537232 0.263652
-1.334320 0.615540
-1.050441 0.874231
-1.031930 0.863920
-1.016828 0.861222
-1.497092 0.477353
-1.487697 0.468597
-1.490938 0.458460
-1.551995 2.491502
-1.021605 0.911080
-0.992946 0.913374
-0.956693 0.900999
-1.529825 0.443469
-1.510975 0.454462
-1.513499 0.397782
-1.522445 1.205577
-1.508471 1.327265
-1.440151 1.118564
-1.633623 1.274747
-1.576596 2.495632
-1.529063 1.113841
-1.570683 1.026663
-0.719710 0.185343
-0.818044 0.241021
-0.870617 0.397902
-0.813080 0.127080
-0.986073 0.286261
-0.860751 0.291559
-0.767150 0.949284
-0.819792 1.109024
-1.558784 1.366980
-0.906034 0.937439
-0.843166 0.982728
-0.999297 1.001267
-0.938731 0.881914
-1.587646 0.190595
-1.684660 0.267369
-1.602873 0.320858
-1.576953 0.302645
-1.596972 0.462622
-1.504151 0.367474
-1.576892 1.393097
-1.048273 -1.449007
-1.221527 -1.688913
-1.244543 -1.724846
-1.246262 -1.682614
-0.828820 -1.210431
-0.820881 -1.161079
-0.864852 -1.197265
-1.268377 -1.753041
-1.285554 -1.725535
-1.299938 -1.746624
1.281928 -1.941759
-1.588732 1.369495
-0.768916 -1.163172
-0.815818 -1.173235
-0.784338 -1.122193
-0.984702 -1.897137
-1.260755 -1.913775
-1.306966 -1.974591
-1.274137 -1.938439
-0.859865 -1.840632
-0.807409 -1.873082
-0.802057 -1.853075
-1.542273 2.530977
-1.318792 -1.934882
-1.328472 -1.905129
-1.315477 -1.946940
-0.740323 -1.822680
-0.772927 -1.805941
-0.730509 -1.852632
-0.653005 -1.430057
-0.629205 -1.544877
-0.605570 -1.580517
-0.658080 -1.562712
-1.544629 2.546352
-0.699713 -1.186556
-0.670043 -1.132152
-0.689403 -1.176507
-0.622214 -1.622893
-0.651293 -1.605002
-0.627272 -1.604386
-0.692365 -1.138278
-0.716109 -1.138246
-0.657244 -1.055910
-1.510870 -1.486886
-1.556174 2.555284
-1.461425 -1.695619
-1.480214 -1.765661
-1.485304 -1.709197
-1.522840 -1.224648
-1.531094 -1.270397
-1.527029 -1.250041
-1.458488 -1.735521
-1.440873 -1.765453
-1.457169 -1.796517
-1.554160 -1.182076
2.213422 3.616513
-1.516846 -1.188164
-1.531447 -1.158384
-1.063966 -1.394843
-0.840088 -1.622809
-0.865313 -1.578971
-0.840772 -1.589454
-1.291822 -1.199349
-1.294203 -1.164592
-1.314536 -1.178065
-0.763592 -1.668124
1.760036 3.828205
-0.776701 -1.655481
-0.748900 -1.672594
-1.369627 -1.129718
-1.342841 -1.132674
-1.366109 -1.115687
-1.140719 -0.993635
-0.841279 -0.964073
-0.810543 -0.914235
-0.894458 -0.967929
-1.326126 -1.020803
1.769455 3.833105
-1.324190 -1.004735
-1.317740 -1.014240
-0.821571 -0.962753
-0.832757 -1.002798
-0.793249 -0.937639
-1.374216 -0.998794
-1.369909 -1.056545
-1.383000 -1.019408
-1.374600 -2.013176
-1.390985 -1.926153
1.777798 3.806199
-1.292378 -1.821634
-1.504799 -1.938740
-1.382681 -1.724936
-1.403518 -1.842528
-0.557057 -1.689592
-0.638346 -1.848020
-0.695721 -1.712392
-0.640906 -1.736821
-0.785056 -1.759770
-0.737305 -1.609849
2.891826 3.322620
-0.596383 -0.950329
-0.663270 -0.994152
-0.766473 -1.177822
-0.697551 -0.867625
-0.842901 -1.081160
-0.771048 -1.038823
-1.482893 -0.938993
-1.571149 -1.005360
-1.483692 -1.171167
-1.480598 -0.896504
2.832234 3.362408
-1.478771 -1.145225
-1.353388 -1.101091
-0.400247 5.109923
-1.097308 5.344688
-1.082201 5.317475
-1.083802 5.321488
0.395967 4.887523
0.409197 4.842676
0.375303 4.866874
-1.155171 5.351933
1.294948 -1.924363
2.892516 3.288894
-1.156089 5.352783
-1.138544 5.338568
0.475940 4.819311
0.498583 4.833162
0.459801 4.824261
-1.828613 4.350142
-1.909346 4.819207
-1.892712 4.810175
-1.934261 4.828724
-1.763680 4.098405
1.704956 3.868224
-1.752773 4.098333
-1.796989 4.126467
-1.913188 4.867534
-1.940965 4.882014
-1.950704 4.888324
-1.751245 4.052559
-1.781387 4.030988
-1.765245 4.073806
-0.362068 3.850653
-0.727323 3.691637
1.696714 3.854113
-0.759221 3.702802
-0.769579 3.678024
0.020215 3.997799
-0.034559 3.981728
-0.018483 3.978001
-0.826005 3.639902
-0.831922 3.635039
-0.880509 3.639526
0.129488 4.059569
0.078985 4.014519
1.672762 3.872578
0.099584 4.037550
-3.365171 3.525984
-2.804056 4.775460
-2.810619 4.727362
-2.794469 4.744563
-3.435475 3.361123
-3.434163 3.370955
-3.422247 3.341424
-2.773209 4.805779
-2.764489 4.815621
3.018483 3.272739
-2.741958 4.808858
-3.466583 3.309363
-3.458734 3.296796
-3.443561 3.303074
-2.711993 2.892713
-2.386404 3.070456
-2.420077 3.098965
-2.387784 3.098604
-3.251703 2.578814
-3.217887 2.645524
2.922735 3.297763
-3.263569 2.561654
-2.333112 3.138717
-2.327816 3.115720
-2.344043 3.141136
-3.264729 2.608024
-3.321484 2.512611
-3.282809 2.585954
-2.379575 2.333480
0.367931 3.435118
0.375516 3.452192
2.943742 3.297321
0.326633 3.447716
-2.780358 2.181352
-2.725376 2.251452
-2.755594 2.199539
0.454273 3.502024
0.406508 3.480796
0.388523 3.475652
-2.837144 2.166229
-2.803565 2.168856
-2.823164 2.196287
-1.559143 -2.262027
-2.033201 5.422503
-2.074579 5.650010
-2.089856 5.681258
-2.093083 5.645454
-1.955780 5.227615
-1.982257 5.215833
-2.006922 5.259769
-2.094979 5.711935
-2.081766 5.691600
-2.129994 5.687716
-1.477831 -2.076977
-1.940935 5.180574
-1.949649 5.186298
-1.981655 5.198936
-1.699910 5.674874
-1.963699 5.780708
-1.921172 5.782607
-1.935990 5.760884
-1.407817 5.511400
-1.417692 5.527179
-1.460617 5.547307
-1.469389 -2.098468
-1.981919 5.808162
-2.027181 5.775759
-2.022541 5.787230
-1.378409 5.483816
-1.395960 5.475733
-1.377813 5.498779
-1.609696 5.183940
-1.458707 5.298799
-1.387489 5.289475
-1.453560 5.305294
-2.152334 5.881446
-1.503375 -2.054247
-1.730368 5.124050
-1.721731 5.104602
-1.715590 5.113058
-1.371150 5.334519
-1.407146 5.322434
-1.406481 5.307427
-1.786804 5.055773
-1.809999 5.072582
-1.803067 5.047783
-2.441837 5.446667
-1.744876 -2.876566
-2.306646 5.631675
-2.292372 5.678558
-2.286051 5.653125
-2.600175 5.192172
-2.645436 5.155105
-2.604613 5.148089
-2.273756 5.702096
-2.259766 5.675288
-2.253761 5.701187
-2.651485 5.102669
-1.760808 -2.874732
-2.642946 5.130339
-2.649255 5.092027
-2.122129 5.166736
-1.512817 5.333572
-1.470916 5.295613
-1.485129 5.311185
-2.414437 5.051817
-2.402066 5.045504
-2.397240 5.050833
-1.420413 5.363696
-1.733414 -2.897741
-1.461699 5.347020
-1.443430 5.328827
-2.480373 5.052375
-2.475386 5.014880
-2.496898 5.011953
-2.353752 4.945565
-2.091632 5.010773
-2.099946 4.972152
-2.084374 4.993402
-2.508397 4.922205
-1.446553 -2.049818
-2.519214 4.906530
-2.506439 4.928471
-2.072522 4.982503
-2.047389 5.006931
-2.034333 4.988794
-2.574576 4.919084
-2.545659 4.945384
-2.571178 4.902691
-2.050329 5.834710
-2.110135 5.788482
-1.487805 -2.029843
-2.023238 5.747409
-2.212355 5.788594
-2.228677 5.658861
-2.153863 5.718767
-1.274240 5.330940
-1.262608 5.441728
-1.418411 5.412555
-1.222965 5.345191
-1.414049 5.450829
-1.429556 5.316921
-1.499635 -2.032451
-1.878137 4.896838
-1.953149 5.089941
-1.859173 5.151691
-1.983169 4.888747
-2.014961 5.120905
-1.939342 5.029807
-2.666306 4.870597
-2.725324 4.962391
-2.516590 5.048892
-2.668671 4.842906
-1.772667 -2.914032
-2.599686 5.055117
-2.493668 4.972337
-1.204838 3.099675
-1.328366 2.866292
-1.303229 2.904328
-1.377100 2.863724
-1.092374 3.334681
-1.095519 3.328023
-1.106541 3.355715
-1.403127 2.791135
-1.737974 -2.965473
-1.422759 2.821944
-1.413605 2.790173
-1.035624 3.403569
-1.070019 3.411362
-1.082943 3.399326
-1.628188 3.370251
-1.552341 2.969114
-1.572621 2.936734
-1.581593 2.998113
-1.695794 3.736917
-1.748173 -2.940669
-1.711119 3.752376
-1.717376 3.708469
-1.544678 2.883378
-1.549860 2.877731
-1.566382 2.897210
-1.716750 3.822360
-1.722967 3.745867
-1.745118 3.785119
-1.333523 3.762376
-1.536199 3.852557
-2.148178 5.855807
-3.995264 0.035242
-1.582875 3.885463
-1.563764 3.847755
-1.203763 3.703653
-1.149272 3.690495
-1.158281 3.655017
-1.623802 3.913615
-1.642841 3.868609
-1.622469 3.885683
-1.121301 3.638924
-1.137615 3.631629
-3.804646 1.429079
-1.112531 3.663274
-1.898482 2.890241
-1.732642 2.803232
-1.724074 2.744376
-1.701457 2.785760
-2.057252 3.016156
-2.081787 3.010160
-2.041367 3.027052
-1.654659 2.709296
-1.672236 2.783689
-3.812159 1.458324
-1.660125 2.729108
-2.113467 3.053371
-2.074147 3.064752
-2.079833 3.046905
-2.081520 3.480467
-1.884650 3.771735
-1.868974 3.807992
-1.861211 3.780306
-2.157287 3.356245
-2.208838 3.321155
-3.753840 1.469525
-2.157714 3.359916
-1.840864 3.838460
-1.838307 3.807479
-1.819060 3.843772
-2.189125 3.283956
-2.174494 3.314823
-2.200660 3.301481
-1.610940 3.371029
-1.200014 3.455814
-1.170216 3.483805
-4.018291 -0.291938
-1.222070 3.461291
-1.951256 3.243364
-2.062935 3.232904
-2.018089 3.280054
-1.146879 3.485707
-1.190187 3.471081
-1.127655 3.511828
-2.086567 3.218102
-2.039791 3.242301
-2.067384 3.256988
-4.043411 -0.262690
-1.573613 2.666139
-1.445105 2.685801
-1.485370 2.853342
-1.620161 2.616716
-1.532815 2.793217
-1.638224 2.813254
-1.685157 4.002287
-1.739963 3.952955
-1.654372 3.820426
-1.836024 3.928311
-4.017706 -0.254678
-1.832180 3.783756
-1.718352 3.852278
-0.942596 3.673665
-0.916669 3.537755
-1.107013 3.495531
-0.976531 3.568295
-1.140840 3.426647
-1.153005 3.562009
-2.300592 3.212539
-2.246949 3.077528
-3.796975 1.513491
-2.155152 3.164640
-2.238768 3.177996
-2.048053 3.110058
-2.104651 3.288138
0.667881 4.084520
1.336478 3.983999
1.387591 3.961341
1.317664 3.948493
0.478411 4.122393
0.487268 4.119551
-3.778656 1.501734
0.482652 4.098863
1.434011 3.961949
1.401953 3.960241
1.429299 3.940648
0.407814 4.129927
0.419229 4.124464
0.424657 4.100665
1.187640 4.300270
1.364127 4.119188
1.409375 4.103711
-3.782294 1.511415
1.343042 4.144189
0.847396 4.593982
0.826158 4.628117
0.818730 4.603876
1.418231 4.078279
1.370905 4.118622
1.424023 4.065954
0.788405 4.661792
0.741970 4.619971
0.764899 4.660706
-2.144341 5.863033
-4.038817 -0.313343
0.444397 4.480234
0.536209 4.594306
0.503736 4.634001
0.536881 4.616677
0.402245 4.348936
0.321541 4.288446
0.322238 4.264227
0.537760 4.655993
0.579946 4.632020
0.539404 4.645261
-4.020023 -0.296962
0.282636 4.244171
0.309195 4.211896
0.279186 4.216913
1.044063 3.730342
1.308320 3.824398
1.322498 3.812539
1.303113 3.818945
0.790729 3.654600
0.756391 3.623591
0.738160 3.638970
-4.059347 -0.314845
1.434328 3.864249
1.398907 3.863796
1.413090 3.867571
0.699824 3.612741
0.703603 3.629324
0.706887 3.596955
0.611319 4.018918
0.644083 4.533131
0.624087 4.504336
0.591689 4.591447
1.919756 -3.675407
0.625955 3.761168
0.593995 3.770396
0.581297 3.815463
0.636362 4.583031
0.609391 4.615283
0.584888 4.636417
0.603866 3.717232
0.597909 3.732074
0.548181 3.731230
0.321882 3.845091
2.675667 -3.207343
0.281290 3.969006
0.240029 3.959052
0.259677 3.985513
0.462385 3.650907
0.374201 3.681128
0.421281 3.711863
0.246359 3.993901
0.256683 4.033575
0.229674 4.000300
0.450424 3.624948
2.693655 -3.207144
0.475233 3.651196
0.411068 3.667608
1.558244 4.001546
1.555736 3.910351
1.383696 4.047959
1.562999 3.847491
1.397469 3.915324
1.407024 3.994006
0.478350 4.748896
0.677476 4.752546
2.685586 -3.183917
0.630489 4.632812
0.526432 4.740619
0.709434 4.592967
0.574618 4.631611
0.189534 4.194692
0.286637 4.096821
0.409005 4.164557
0.156351 3.984573
0.349095 4.051268
0.272042 4.145461
0.971874 -4.263603
0.541506 3.656151
0.506996 3.515836
0.694243 3.674259
0.390287 3.509739
0.562810 3.628231
0.530928 3.704212
-3.650528 2.104817
-3.760708 1.823223
-3.788738 1.778932
-3.793722 1.774799
0.972492 -4.264709
-3.567896 2.337494
-3.573863 2.269353
-3.569695 2.263930
-3.786101 1.717514
-3.777023 1.779294
-3.786201 1.681804
-3.529991 2.363154
-3.555093 2.310153
-3.531075 2.318887
-3.676408 2.571447
1.018371 -4.224823
-3.752357 1.910396
-3.779794 1.818678
-3.746112 1.891662
-3.631532 2.897328
-3.622934 2.911241
-3.623519 2.841146
-3.776689 1.812154
-3.743188 1.880314
-3.748076 1.833034
-3.600793 2.987638
