2050 2
1.540671 0.785165
1.512549 0.758371
-4.855705 -2.882002
4.518951 0.529533
-4.261344 -0.131710
-4.303470 -0.181683
-3.928793 -0.023485
-4.071473 -0.177448
-4.079903 -0.209966
-4.076139 -0.174245
-3.738264 0.219079
-3.750368 0.148775
-3.802779 0.142438
-4.113027 -0.232322
4.523199 0.461714
-4.099103 -0.193761
-4.134209 -0.247067
-3.709432 0.215945
-3.718244 0.243051
-3.712277 0.204511
-4.236970 0.830376
-4.065671 1.103321
-4.084086 1.108386
-4.072239 1.096659
-4.325213 0.673449
4.505859 0.507160
-4.335573 0.627757
-4.343027 0.641759
-4.036970 1.142628
-4.037662 1.129047
-4.036784 1.148836
-4.375625 0.517025
-4.378323 0.538178
-4.361683 0.552194
-4.457118 -0.010297
-4.435318 -0.179795
4.079123 2.677241
-4.435287 -0.252753
-4.382497 -0.194205
-4.477615 0.186986
-4.457595 0.185213
-4.480681 0.206677
-4.434056 -0.268644
-4.410874 -0.235273
-4.387993 -0.245272
-4.458728 0.261678
-4.455924 0.266136
4.041190 2.706486
-4.431946 0.268616
-3.997759 0.418415
-3.800830 0.415734
-3.785703 0.392217
-3.830450 0.369869
-4.203017 0.440501
-4.273432 0.421243
-4.251571 0.423568
-3.713796 0.363855
-3.733991 0.393505
4.067779 2.668984
-3.714967 0.321495
-4.281640 0.444796
-4.312398 0.419916
-4.286963 0.412167
-3.883137 1.288170
-3.798970 1.280167
-3.935801 1.090948
-3.978136 1.226221
-3.879288 1.093743
-4.014600 1.132183
-0.165076 0.746042
-4.222616 -0.380209
-4.314239 -0.350948
-4.157135 -0.164622
-4.393826 -0.356958
-4.388612 -0.182603
-4.316450 -0.243205
-3.627375 0.157524
-3.529932 0.342819
-3.701244 0.342035
-3.574320 0.257821
0.229660 0.769090
-3.722239 0.441386
-3.737911 0.266093
-4.404857 0.275034
-4.360643 0.464080
-4.427223 0.377849
-4.303583 0.371393
-4.325971 0.499222
-4.373052 0.354305
1.871147 -4.524931
2.381629 -4.702131
0.177478 0.734070
2.362266 -4.657423
2.403506 -4.677153
1.387164 -4.405273
1.415704 -4.377808
1.399059 -4.387183
2.437713 -4.724652
2.409082 -4.692503
2.420286 -4.679368
1.286397 -4.350579
1.272051 -4.356950
0.235537 0.781801
1.328577 -4.345788
3.258031 -3.478354
3.178513 -4.083980
3.157216 -4.088148
3.186905 -4.057600
3.299129 -3.230564
3.296959 -3.257664
3.319149 -3.279696
3.161811 -4.139638
3.181292 -4.132476
-4.827693 -2.879033
-0.569746 0.740994
3.162920 -4.127754
3.288954 -3.179288
3.300473 -3.191992
3.293226 -3.201560
2.148751 -3.080442
2.300290 -2.965947
2.287702 -2.989034
2.312558 -2.958205
1.545655 -3.407354
1.576868 -3.418313
-0.496934 0.726533
1.522853 -3.390858
2.375306 -2.933536
2.359693 -2.909331
2.373297 -2.938320
1.515912 -3.439916
1.498396 -3.435634
1.512933 -3.427409
4.016752 -3.728080
3.950834 -4.011332
3.929783 -4.010918
-0.508144 0.751167
3.960048 -3.973585
4.548221 -1.396207
4.567430 -1.412243
4.533673 -1.421830
3.913136 -4.085891
3.945293 -4.052279
3.909482 -4.081381
4.573077 -1.359446
4.538774 -1.381528
4.570918 -1.378219
0.264847 0.730136
4.451684 -1.292427
3.907717 -1.946912
3.895898 -1.986464
3.856752 -2.016993
4.817163 -0.807641
4.798003 -0.855017
4.776107 -0.806726
3.802203 -2.066346
3.812553 -2.054178
3.848406 -2.037459
0.251313 0.780268
4.857233 -0.796753
4.824524 -0.764687
4.835951 -0.777502
0.893564 -3.009973
0.791690 -3.107141
0.821642 -3.091734
0.871356 -3.091347
4.079949 -0.451870
4.072378 -0.504614
4.084400 -0.491842
0.235538 0.765130
0.789882 -3.136031
0.807319 -3.126809
0.821507 -3.136494
4.099154 -0.450688
4.128047 -0.475365
4.127683 -0.488938
3.269697 -4.564743
3.348004 -4.854904
3.379589 -4.875381
3.382983 -4.829325
-0.577096 0.733758
3.196431 -4.432867
3.213565 -4.409796
3.216625 -4.420540
3.355561 -4.945523
3.409590 -4.877228
3.412906 -4.915264
3.163105 -4.377325
3.161996 -4.370738
3.190190 -4.322588
2.922708 -4.967895
-0.599647 0.747405
3.168746 -5.025767
3.256109 -5.073628
3.222940 -5.063765
2.659331 -4.866772
2.661372 -4.866241
2.684465 -4.869445
3.279968 -5.059412
3.257369 -5.038253
3.278713 -5.079505
2.615664 -4.833501
-0.594987 0.744308
2.657008 -4.861480
2.621197 -4.835929
2.810150 -4.445076
2.673436 -4.568389
2.598816 -4.587498
2.661616 -4.580814
2.991461 -4.352208
2.946484 -4.339772
2.987635 -4.339145
2.599572 -4.632074
1.380419 -0.275403
2.640356 -4.623878
2.604289 -4.633623
2.998064 -4.317445
3.047422 -4.312271
3.018133 -4.274614
3.685439 -4.720087
3.611521 -4.874092
3.596167 -4.923405
3.584540 -4.900923
3.809706 -4.418911
-4.828097 -2.856751
1.123309 0.046378
3.827714 -4.410932
3.844881 -4.393952
3.558619 -4.937225
3.545998 -4.897681
3.539344 -4.970930
3.841961 -4.348726
3.846591 -4.371138
3.844212 -4.351421
3.204295 -4.486765
2.812536 -4.643402
1.114790 0.029346
2.779000 -4.633699
2.785755 -4.637109
3.635285 -4.343349
3.637420 -4.319885
3.601684 -4.329125
2.754317 -4.669988
2.738319 -4.680466
2.715787 -4.649298
3.678316 -4.303661
3.660338 -4.326149
1.098448 0.081287
3.673329 -4.287660
3.525479 -4.166489
3.311451 -4.214905
3.303406 -4.161857
3.291531 -4.189608
3.730933 -4.167132
3.729484 -4.146940
3.681406 -4.164475
3.272159 -4.205452
3.229796 -4.238679
1.565077 -0.484498
3.293177 -4.165791
3.777572 -4.155093
3.747226 -4.183237
3.732858 -4.146906
3.347501 -5.108759
3.418163 -5.035127
3.317274 -4.950451
3.532830 -5.029603
3.523497 -4.894832
3.361086 -5.030443
1.550887 -0.483910
2.474590 -4.652130
2.512410 -4.778503
2.636729 -4.816014
2.634903 -4.657509
2.695871 -4.791431
2.664431 -4.625620
3.093107 -4.174265
3.179902 -4.278814
3.086158 -4.390839
3.226962 -4.131575
1.557341 -0.445881
3.238562 -4.286691
3.151184 -4.252284
3.790057 -4.183925
3.917070 -4.158249
3.715182 -4.350051
3.856009 -4.076049
3.847458 -4.286565
3.683903 -4.228643
2.664247 -2.415641
2.712646 -2.265935
1.030420 0.100831
2.707414 -2.241361
2.742353 -2.225881
2.598229 -2.655672
2.545208 -2.698986
2.586170 -2.669137
2.714978 -2.211481
2.763508 -2.191492
2.759148 -2.180922
2.543500 -2.765828
2.579649 -2.751702
1.066631 0.120249
2.534956 -2.738967
3.130558 -2.555266
3.005677 -2.283825
2.933488 -2.175952
2.988764 -2.226437
3.224316 -2.833910
3.217666 -2.790233
3.288067 -2.862058
2.916380 -2.142848
3.000890 -2.205988
1.049666 0.111993
2.966625 -2.155914
3.235908 -2.943914
3.282318 -2.901356
3.298732 -2.908156
2.899776 -2.998008
3.066069 -3.035160
3.139266 -3.085336
3.127493 -3.061930
2.694834 -2.914657
2.682875 -2.943366
1.577397 -0.513320
2.714792 -2.930761
3.174663 -3.059833
3.151931 -3.051432
3.177734 -3.053553
2.647020 -2.909022
2.677404 -2.896534
2.661904 -2.927656
3.267781 -2.098988
3.106364 -2.096237
3.057038 -2.039267
-4.824771 -2.873960
1.599889 -0.493113
3.051830 -2.080339
3.521273 -2.171987
3.544739 -2.121663
3.490418 -2.144116
2.974093 -2.078427
3.005426 -2.089707
2.999488 -2.059079
3.547267 -2.141906
3.511382 -2.152031
3.571702 -2.105684
1.577015 -0.499618
3.561807 -2.640853
3.470341 -2.837407
3.460055 -2.876409
3.426656 -2.891804
3.647941 -2.415536
3.685923 -2.332093
3.645108 -2.390930
3.417059 -2.921188
3.400795 -2.939397
3.404299 -2.951966
0.142628 -0.398326
3.683313 -2.288330
3.656474 -2.317666
3.679368 -2.332822
3.077998 -2.528000
2.738693 -2.695495
2.720677 -2.727933
2.794300 -2.705141
3.407966 -2.328893
3.479944 -2.333757
3.498494 -2.314893
0.810839 -0.727769
2.667688 -2.742146
2.694131 -2.738133
2.700578 -2.744209
3.544106 -2.243958
3.515382 -2.246877
3.562002 -2.276056
2.872550 -2.080669
2.726196 -2.135715
2.844034 -2.187352
2.898549 -1.976831
0.815589 -0.717545
2.852993 -2.120003
3.004201 -2.132616
3.260650 -3.181772
3.292542 -3.041863
3.197667 -2.991760
3.382685 -3.095494
3.366292 -2.893985
3.320441 -2.974946
2.531710 -2.940814
2.448234 -2.828504
0.839638 -0.660720
2.594839 -2.814423
2.613679 -2.784684
2.631550 -2.716754
2.714705 -2.796382
3.753639 -2.216118
3.683274 -2.059405
3.598308 -2.255281
3.731002 -2.126586
3.488574 -2.189624
3.613473 -2.327243
-0.313120 -0.177895
0.746890 -3.731330
0.514625 -3.846420
0.452421 -3.875280
0.501934 -3.826696
1.164748 -3.591923
1.206224 -3.577744
1.111138 -3.619547
0.390655 -3.904294
0.427267 -3.872168
0.384508 -3.884946
-0.268296 -0.184690
1.258900 -3.578037
1.236636 -3.597703
1.237255 -3.547450
0.713777 -4.144430
0.430862 -4.010292
0.380593 -4.005193
0.430879 -4.002919
0.981643 -4.245888
0.962414 -4.260131
0.946872 -4.237939
-0.257045 -0.166027
0.337617 -3.982451
0.383248 -3.979657
0.308076 -3.958137
0.999369 -4.262033
0.983202 -4.253787
0.957823 -4.254502
1.309397 -3.927156
1.231037 -4.099760
1.264771 -4.084914
1.237495 -4.090230
0.859683 -0.737925
1.359564 -3.712036
1.400528 -3.705199
1.372415 -3.732277
1.230351 -4.152265
1.203598 -4.142947
1.226581 -4.164308
1.377473 -3.646006
1.364611 -3.633052
1.389934 -3.631435
0.485243 -3.509832
3.430542 -5.146294
0.869317 -0.723912
0.325614 -3.730786
0.323354 -3.698581
0.330102 -3.722774
0.618282 -3.387671
0.606099 -3.360787
0.626119 -3.367018
0.274804 -3.765158
0.310165 -3.786065
0.290164 -3.785700
0.656713 -3.323009
0.871931 -0.712158
0.683651 -3.336870
0.673632 -3.306346
0.982089 -3.949880
1.035282 -4.076444
1.065802 -4.099376
1.077515 -4.100637
0.793748 -3.423585
0.812895 -3.365154
0.841572 -3.442492
1.089766 -4.181257
-0.345897 -0.142533
1.086855 -4.150003
1.108573 -4.159650
0.779316 -3.331706
0.780843 -3.387647
0.822407 -3.344878
1.092627 -3.321127
1.270691 -3.423230
1.271488 -3.394310
1.255199 -3.405398
0.926885 -3.262998
-0.336317 -0.119568
0.984259 -3.256855
0.970285 -3.285341
1.321774 -3.427824
1.305643 -3.431116
1.330825 -3.432409
0.910136 -3.257311
0.905188 -3.274849
0.908852 -3.231357
0.218276 -3.970910
0.234426 -3.924590
-0.324982 -0.117908
0.399935 -3.939885
0.142819 -3.840089
0.375449 -3.819589
0.325483 -3.863560
1.326184 -4.250509
1.131671 -4.326940
1.056091 -4.220833
1.225802 -4.268578
1.003865 -4.199735
1.144103 -4.150087
1.290076 1.644975
1.482689 -3.515613
1.383664 -3.513979
1.294680 -3.641851
1.451553 -3.413607
1.259107 -3.452756
1.342007 -3.527916
0.800038 -3.267542
0.699857 -3.235877
0.688047 -3.374187
0.875480 -3.176336
1.148729 1.443313
0.808039 -3.300217
0.886302 -3.302816
4.836496 -0.156546
4.719878 0.131439
4.726876 0.164240
4.691072 0.126352
4.949119 -0.429697
4.918374 -0.437858
4.925539 -0.386398
4.683188 0.276664
1.061882 1.392370
4.682651 0.192106
4.650454 0.258854
4.956484 -0.480184
4.954404 -0.469759
4.944214 -0.471150
4.529643 -0.478099
4.559242 0.144940
4.540359 0.130100
4.525046 0.108326
4.587625 -0.964371
1.070195 1.337096
4.532808 -0.927905
4.561555 -0.890221
4.570762 0.221816
4.550881 0.176775
4.540102 0.211349
4.594274 -1.001383
4.566982 -0.986084
4.549809 -1.003579
4.864458 -0.952349
4.755322 -1.114338
1.432424 1.842760
4.741304 -1.129871
4.739259 -1.100392
4.976755 -0.767957
4.966570 -0.795275
4.968897 -0.769867
4.691637 -1.142317
4.696694 -1.133293
4.707076 -1.178589
4.986591 -0.753144
4.995509 -0.709308
3.446028 -5.129017
1.419110 1.793035
4.978971 -0.751095
4.376849 0.021543
4.481483 0.166783
4.477440 0.203303
4.457114 0.154518
4.207660 -0.277100
4.247743 -0.216945
4.263803 -0.238339
4.498196 0.257533
4.481902 0.188222
1.407930 1.814560
4.479893 0.207689
4.223207 -0.265232
4.242005 -0.300469
4.236212 -0.258175
4.374453 -0.944869
4.431204 -1.053714
4.455755 -1.141976
4.440642 -1.103024
4.239435 -0.593481
4.223943 -0.619854
1.030676 1.344962
4.276338 -0.606178
4.457047 -1.111774
4.483893 -1.136084
4.479707 -1.165806
4.197265 -0.579866
4.257967 -0.495621
4.223588 -0.557111
4.608249 -0.528232
4.793811 -0.551290
4.792526 -0.568195
1.070375 1.332996
4.788537 -0.565642
4.385072 -0.472197
4.396769 -0.494631
4.356363 -0.494031
4.822050 -0.554788
4.862974 -0.576006
4.836875 -0.582893
4.340126 -0.481087
4.332040 -0.475236
4.331256 -0.485074
1.031894 1.334749
4.525422 0.361078
4.595207 0.435135
4.659805 0.201153
4.506593 0.423823
4.620137 0.210227
4.501014 0.163491
4.632967 -1.308363
4.563754 -1.177299
4.666474 -1.038780
4.493055 -1.263214
1.471206 1.869964
4.486289 -1.066555
4.587834 -1.145254
4.902651 -0.795344
4.908981 -0.533049
4.982084 -0.550322
4.809810 -0.688339
4.890153 -0.508242
4.944404 -0.668125
4.160307 -0.564512
4.172017 -0.335662
1.484009 1.918714
4.246227 -0.416231
4.231290 -0.472400
4.299540 -0.345907
4.284362 -0.525948
-1.742433 4.540878
-1.515064 4.852825
-1.474110 4.855277
-1.513657 4.817950
-2.047098 4.057142
-2.000601 4.067117
1.458631 1.853199
-2.030151 4.074396
-1.464504 4.920248
-1.459228 4.887817
-1.411329 4.908319
-2.068724 3.987558
-2.092050 3.967438
-2.054665 3.968704
0.412821 5.340920
0.111945 5.512433
0.102670 5.476683
2.247603 0.818804
0.034406 5.516406
0.771637 5.157332
0.716854 5.176174
0.738572 5.193630
0.007504 5.557799
0.023409 5.544294
-0.000073 5.507619
0.793583 5.142386
0.846976 5.118977
0.837006 5.124362
2.245322 0.143886
-0.151856 4.004986
0.308116 4.147719
0.291553 4.176018
0.285812 4.156105
-1.201094 3.664496
-1.192498 3.681450
-1.169573 3.674393
0.346052 4.194889
0.368743 4.180891
0.357048 4.206784
3.421369 -5.141311
2.242409 0.127173
-1.289569 3.644237
-1.306227 3.594908
-1.264760 3.632109
3.485595 4.134597
-0.562490 5.280194
-0.591147 5.262095
-0.573440 5.297411
3.588677 4.090292
3.574091 4.101327
3.547199 4.096793
2.213972 0.140296
-0.613952 5.301703
-0.595068 5.314602
-0.597641 5.309889
3.626745 4.060864
3.622411 4.041984
3.593319 4.068722
2.389918 4.248137
2.083707 4.398585
2.076694 4.411996
2.033105 4.417143
2.231747 1.534526
2.818436 4.018619
2.780649 4.038690
2.778809 4.008842
1.960251 4.479673
1.958935 4.452171
1.955269 4.470433
2.897059 3.991947
2.885930 3.951067
2.887097 3.970567
-1.446954 2.802729
2.208768 1.511795
-1.571483 2.789928
-1.579184 2.822831
-1.558960 2.808002
3.169968 3.042495
3.134252 3.042858
3.126987 3.053084
-1.613060 2.820114
-1.594590 2.804121
-1.615296 2.851234
3.207509 3.056337
2.197659 1.526901
3.175141 3.075119
3.171598 3.069133
-0.662741 5.869496
-0.940366 5.921643
-0.969831 5.947363
-0.960457 5.920399
-0.278312 5.743552
-0.204147 5.742912
-0.230487 5.748620
-1.023090 5.937677
2.249691 0.068369
-1.000737 5.926663
-0.995406 5.929644
-0.164817 5.696066
-0.198148 5.720876
-0.169613 5.734181
-1.322626 5.512004
-1.272232 5.698551
-1.298548 5.704959
-1.265692 5.710725
-1.323316 5.209579
2.256954 0.041689
-1.394662 5.180872
-1.358375 5.220817
-1.276095 5.765815
-1.220682 5.768310
-1.255184 5.750356
-1.389311 5.131799
-1.323469 5.149334
-1.374586 5.135228
-0.707647 5.215605
-1.051187 5.103233
2.226739 0.063448
-1.097458 5.057845
-1.118297 5.062720
-0.290125 5.387013
-0.280111 5.386742
-0.306430 5.385935
-1.165200 5.062148
-1.139368 5.096050
-1.140780 5.052578
-0.239392 5.436215
-0.243476 5.454877
2.206349 1.599664
-0.211510 5.424767
-0.915770 5.650607
-1.007470 5.761298
-1.067799 5.807449
-1.056720 5.776692
-0.817171 5.513721
-0.803517 5.511310
-0.803204 5.530418
-1.075885 5.846321
-1.077709 5.821438
2.230275 1.594056
-1.116490 5.815608
-0.768533 5.476572
-0.776487 5.491478
-0.743090 5.482504
-0.983163 5.186357
-1.221593 5.032165
-1.246651 5.018746
-1.172599 5.057842
-0.816809 5.317618
-0.802951 5.272067
3.468938 -5.122009
2.201647 1.569667
-0.780885 5.299787
-1.270376 5.022909
-1.227248 5.056336
-1.229120 5.008818
-0.796240 5.312356
-0.775254 5.353480
-0.770428 5.311167
-0.382669 5.526634
-0.234361 5.579634
-0.227749 5.564330
-0.208790 1.648815
-0.274271 5.548409
-0.550723 5.487901
-0.549766 5.457121
-0.547918 5.469425
-0.167558 5.580105
-0.204842 5.567181
-0.198071 5.555313
-0.577597 5.451839
-0.578755 5.455623
-0.580651 5.426307
-0.454249 1.498098
-1.266041 5.899852
-1.098585 5.988885
-1.109241 5.847663
-1.173878 5.913270
-1.009333 5.892232
-1.167755 5.774827
-1.298132 4.968890
-1.472747 4.991878
-1.206682 5.126562
-1.351610 4.951495
-0.452552 1.499246
-1.303388 5.087962
-1.160239 5.055405
-0.074973 5.465057
-0.074474 5.656918
-0.231491 5.575447
-0.111720 5.557038
-0.190476 5.710366
-0.234315 5.470285
-0.686589 5.260570
-0.687645 5.402026
-0.425838 1.503908
-0.808016 5.412156
-0.557508 5.376536
-0.683838 5.488591
-0.699825 5.378467
0.897235 4.131609
1.108336 4.087348
1.157628 4.036365
1.086582 4.087999
0.695299 4.203913
0.683232 4.181619
0.766532 2.206385
0.742854 4.174950
1.195111 4.030323
1.217571 4.071156
1.221363 4.043498
0.619693 4.212483
0.670765 4.208907
0.642161 4.195583
1.108822 4.564764
1.225992 4.191771
1.244590 4.174756
0.746535 2.157885
1.242928 4.212778
0.996820 4.844130
1.024647 4.856021
1.037262 4.876912
1.242309 4.119550
1.261731 4.177699
1.264522 4.148288
0.954842 4.953392
0.995968 4.921979
1.030982 4.935015
0.755359 2.168402
0.717937 4.694609
0.806596 4.855167
0.802218 4.885085
0.815436 4.871871
0.592855 4.439724
0.541501 4.420043
0.605885 4.456418
0.828196 4.921607
0.859360 4.898748
0.846859 4.932979
-0.505262 1.470479
0.568344 4.395242
0.590400 4.401499
0.567018 4.391097
1.578216 4.266903
1.411760 4.113520
1.461349 4.127103
1.467759 4.166668
1.710937 4.433887
1.737245 4.414361
1.700338 4.410559
-0.497413 1.476020
1.403688 4.069760
1.407579 4.116248
1.405715 4.094824
1.754647 4.471382
1.728599 4.468073
1.752816 4.450140
1.308223 4.925046
1.209611 4.962280
1.174118 5.029747
1.157117 4.970362
3.428686 -5.116882
-0.481842 1.464658
1.627793 4.726494
1.662171 4.740900
1.653904 4.705513
1.076795 5.019087
1.085451 4.982719
1.104187 5.026462
1.691049 4.694729
1.676204 4.682108
1.695650 4.707519
0.983878 4.397388
0.818552 2.229479
0.757104 4.302570
0.756137 4.322930
0.770923 4.337534
1.598664 4.490863
1.673602 4.511107
1.522011 4.530004
0.657913 4.296488
0.686143 4.309000
0.681701 4.317678
1.677421 4.513200
0.853317 2.242141
1.643579 4.510908
1.624860 4.543790
1.330622 3.951830
1.282685 3.929698
1.210923 4.124015
1.407515 3.995785
1.307866 4.070506
1.346308 4.157417
0.801742 5.011054
0.867264 5.064348
0.809186 2.195430
0.889127 4.913395
1.007478 5.084913
1.065067 4.943901
1.009754 4.965040
0.436716 4.297885
0.495581 4.183348
0.622034 4.287899
0.441442 4.220836
0.689756 4.216627
0.621635 4.383327
1.279987 0.452406
1.839971 4.608874
1.871560 4.451328
1.725603 4.540052
1.842718 4.485033
1.683872 4.484790
1.641973 4.621318
-1.968774 3.263355
-2.455007 2.998662
-2.452865 2.975452
-2.404948 2.980635
1.380144 0.569163
-1.677314 3.430512
-1.639137 3.441624
-1.702053 3.410731
-2.513935 2.973583
-2.450670 2.925370
-2.494956 2.923677
-1.587298 3.493422
-1.580969 3.487550
-1.572386 3.477421
-2.463365 3.471127
1.394805 0.582032
-2.602316 3.063681
-2.653239 3.024658
-2.599710 3.067455
-2.332767 3.667471
-2.345624 3.676330
-2.343560 3.651525
-2.664109 2.984031
-2.605872 3.008858
-2.631375 2.982517
-2.280138 3.743420
1.390922 0.590007
-2.296978 3.688650
-2.278984 3.729411
-1.765334 3.735845
-1.998548 3.796859
-1.967099 3.792968
-1.948701 3.766767
-1.613666 3.641586
-1.597672 3.669733
-1.580872 3.659942
-2.053490 3.796378
1.052432 0.302317
-2.087148 3.748572
-2.044638 3.772863
-1.572059 3.639436
-1.590142 3.654117
-1.523943 3.638600
-2.194633 2.809270
-2.441256 2.800402
-2.420722 2.791477
-2.460390 2.818196
-2.015447 2.829549
1.132545 0.295561
-1.955290 2.813350
-1.984757 2.821444
-2.550862 2.778983
-2.529922 2.785581
-2.537764 2.790735
-1.906297 2.827579
-1.957855 2.827130
-1.886757 2.820685
-1.935288 3.244493
-2.086874 3.564611
3.460973 -5.102160
1.107762 0.302922
-2.059112 3.632645
-2.074964 3.594553
-1.887595 3.073384
-1.828605 3.061241
-1.852970 3.085286
-2.116918 3.630505
-2.102245 3.648125
-2.074400 3.656642
-1.800381 2.998025
-1.837339 3.003847
1.433574 0.624907
-1.802974 3.032316
-1.490741 3.264632
-1.462069 3.368372
-1.413292 3.366576
-1.462357 3.411477
-1.652341 3.008805
-1.586167 2.999298
-1.638177 3.034747
-1.411063 3.433467
-1.434252 3.429398
1.400625 0.623451
-1.410303 3.443908
-1.662254 2.964240
-1.693530 2.982667
-1.658695 2.995471
-2.737250 2.841957
-2.604461 2.848499
-2.526299 2.983572
-2.685138 2.709759
-2.465103 2.873643
-2.568489 2.913464
1.422573 0.619367
-2.031096 3.890734
-2.205615 3.854293
-2.243162 3.725272
-2.066722 3.808974
-2.243811 3.666277
-2.068099 3.688174
-1.423909 3.646068
-1.453447 3.541850
-1.586044 3.542974
-1.344873 3.508883
1.087546 0.233328
-1.509680 3.437117
-1.502204 3.557909
-1.727261 2.932929
-1.757127 2.797094
-1.899137 2.966482
-1.582867 2.889227
-1.752091 2.929357
-1.724825 3.014977
3.532949 3.418947
3.810360 3.091133
1.073240 0.276121
3.860604 3.037119
3.792315 3.098412
3.210646 3.732388
3.185057 3.739262
3.239557 3.684850
3.879287 3.001799
3.859846 3.028362
3.863973 3.021119
3.182233 3.776044
3.187268 3.756213
1.102023 0.246384
3.158054 3.771717
3.949591 3.571964
4.034293 3.091203
4.035135 3.060250
4.032915 3.071411
3.898390 3.780593
3.863611 3.801159
3.879147 3.764435
4.037007 3.011222
4.053200 3.025915
1.009561 0.763958
4.033497 2.973619
3.846372 3.867417
3.858964 3.816269
3.823580 3.843565
3.360079 4.012938
3.680485 4.036084
3.584608 4.058471
3.667810 4.029655
3.204437 3.975164
3.161987 3.992437
1.258994 0.728459
3.202453 3.977728
3.695859 4.042134
3.701354 4.002903
3.652781 4.028883
3.100478 3.962911
3.127403 3.923448
3.105803 3.957201
3.638515 2.963401
3.824760 2.914482
3.837837 2.892698
1.240326 0.758488
3.836939 2.918243
3.434921 3.053051
3.438409 3.030644
3.431813 3.052045
3.891323 2.872097
3.877657 2.920901
3.892677 2.879748
3.406141 3.077884
3.408176 3.083203
3.384385 3.062872
1.522802 0.761102
3.439840 -5.135324
1.273173 0.763976
3.544436 3.644696
3.613021 3.759207
3.603694 3.770398
3.609641 3.759694
3.409986 3.347592
3.396814 3.335120
3.381867 3.341631
3.640001 3.848902
3.654637 3.838183
3.632330 3.851169
0.581470 0.760230
3.370839 3.277469
3.392792 3.273504
3.376192 3.307636
3.116345 3.488775
3.030481 3.692272
3.006695 3.694664
3.038563 3.695630
3.191184 3.310629
3.181081 3.305083
3.187997 3.348305
0.544569 0.760230
3.000844 3.743036
2.998304 3.786674
2.996061 3.762207
3.200996 3.261880
3.214642 3.302027
3.193320 3.282805
4.073021 2.782912
3.986356 2.785156
3.959188 3.044086
3.979841 2.750998
0.592368 0.790147
3.855719 2.950603
3.960904 2.932552
3.602581 4.084250
3.751745 3.950678
3.797756 3.969419
3.593926 3.993302
3.713037 3.797235
3.660073 3.919264
2.997640 3.986490
3.010388 3.902128
1.316833 0.769656
3.173471 3.809282
2.921787 3.861224
3.144776 3.717498
3.058194 3.847048
3.308613 3.216104
3.284811 3.030391
3.419585 3.132776
3.171410 3.180767
3.312428 3.184726
3.299708 3.317751
1.317202 0.751886
1.330290 0.788202
0.512442 0.738161
0.537713 0.793037
0.512150 0.799410
-1.250404 6.023574
0.635434 0.449172
0.507902 0.586936
0.431266 0.617034
0.484627 0.610408
0.783066 0.326800
0.844597 0.240165
0.814766 0.277277
0.425600 0.633275
0.441784 0.683004
0.430316 0.653551
-1.200647 6.019495
0.845800 0.256684
0.847503 0.289476
0.854305 0.238767
1.225789 1.071761
1.385633 0.885433
1.408291 0.899240
1.374724 0.896874
1.087020 1.162238
1.124550 1.184305
1.111515 1.143511
-1.240156 5.993091
1.436847 0.867361
1.384942 0.845322
1.414579 0.888618
1.102605 1.181284
1.081449 1.165201
1.077137 1.140621
0.620468 1.032672
0.490375 0.939358
0.466732 0.918316
0.491049 0.907948
-1.205420 5.996117
0.824941 1.161407
0.778869 1.142727
0.810986 1.120538
0.463441 0.922285
0.451636 0.880556
0.450308 0.889857
0.861419 1.192991
0.851351 1.150387
0.842004 1.176413
0.970216 0.778896
-1.218459 5.988740
0.970920 0.459521
0.979476 0.410034
0.954901 0.437106
0.969986 0.949862
0.976185 0.982169
0.936809 0.989802
0.970935 0.383299
0.953699 0.376630
0.984723 0.358973
0.988056 1.058017
-1.193867 5.988547
0.967066 1.020674
0.950738 1.032577
1.404698 0.779430
1.480098 0.696503
1.338910 0.698997
1.473917 0.840518
1.408073 0.734598
1.375195 0.835345
0.310850 0.681718
0.348008 0.767500
-1.230989 5.958584
0.499382 0.696544
0.308680 0.821832
0.504361 0.848912
0.459231 0.777259
0.923907 0.166298
1.112288 0.138463
0.911473 0.295454
1.029961 0.257772
1.043007 0.328904
0.888419 0.319430
2.552478 -1.593273
0.903742 1.252245
1.098608 1.308445
0.991755 1.169328
1.015505 1.172619
1.015222 1.072014
0.864052 1.077670
1.469803 -1.075477
2.057108 -1.195647
2.119696 -1.227964
2.086971 -1.188003
2.422735 -1.397992
1.194379 -0.988698
1.163830 -0.965498
1.197272 -0.962011
2.165488 -1.244242
2.130725 -1.214177
2.149332 -1.226104
1.114317 -0.946695
1.148446 -0.940114
1.125740 -0.916990
2.018475 -0.968381
1.519969 0.786799
2.408886 -1.376858
2.095900 -1.064979
2.142923 -1.079102
2.139371 -1.069035
1.806138 -0.774011
1.794250 -0.743126
1.834630 -0.760882
2.165298 -1.119970
2.160401 -1.092053
2.203203 -1.131729
1.730107 -0.694210
2.397049 -1.333533
1.796627 -0.744539
1.782101 -0.728692
1.342528 -0.740250
1.472351 -0.694511
1.491481 -0.669928
1.543569 -0.679960
1.169797 -0.807042
1.114690 -0.790626
1.191312 -0.792522
1.563827 -0.660620
2.773443 -1.951093
1.610464 -0.690688
1.552949 -0.627416
1.080571 -0.816755
1.141792 -0.824191
1.065560 -0.789581
2.294696 -0.629771
2.296177 -0.999122
2.318966 -1.026484
2.286183 -1.031075
2.283397 -0.348729
2.745415 -1.906226
2.275132 -0.326094
2.253209 -0.319420
2.288279 -1.099172
2.276832 -1.069009
2.308316 -1.112252
2.268447 -0.227596
2.255796 -0.281198
2.211971 -0.199469
1.986363 -0.356381
1.825959 -0.533067
2.767185 -1.902150
1.787205 -0.489332
1.814737 -0.518045
2.139832 -0.261491
2.116810 -0.255393
2.120800 -0.255612
1.778793 -0.531486
1.789799 -0.583183
1.764535 -0.515727
2.173992 -0.165810
2.124680 -0.200757
2.334348 -1.319424
2.178467 -0.147805
1.432239 -0.479337
1.298455 -0.581620
1.209536 -0.603667
1.305605 -0.578681
1.969451 -0.222877
1.947230 -0.202748
1.940473 -0.239961
1.209982 -0.617074
1.252879 -0.630549
2.380988 -1.332843
1.170876 -0.629806
2.064426 -0.182756
2.042421 -0.210472
2.047449 -0.184235
2.313608 -1.254166
2.255307 -1.297926
2.125043 -1.166439
2.350173 -1.201259
2.220239 -1.152624
2.262766 -1.078715
2.372776 -1.292115
1.556114 -0.580046
1.701612 -0.616975
1.719176 -0.719464
1.677174 -0.491992
1.824494 -0.656361
1.700031 -0.638467
0.948287 -0.748305
1.001621 -0.858118
1.144056 -0.930848
0.986557 -0.666195
2.785874 -1.998245
1.230346 -0.674831
1.155451 -0.732989
2.211897 -0.014027
2.265864 -0.106635
2.206856 -0.239706
2.133735 -0.037258
2.104367 -0.211671
2.034744 -0.202256
-0.976604 0.107236
-1.145350 0.210644
2.783583 -1.954422
-1.138560 0.157541
-1.138574 0.193023
-0.758988 0.013683
-0.659837 -0.042495
-0.728508 0.014278
-1.197493 0.218620
-1.181961 0.232717
-1.206127 0.205816
-0.668494 -0.038553
-0.692727 -0.005683
1.519147 0.765843
2.795717 -1.946632
-0.653638 -0.019952
-1.103099 0.501740
-1.201116 0.408679
-1.233312 0.375411
-1.228049 0.417175
-0.922564 0.613682
-0.925226 0.627218
-0.909026 0.671950
-1.286825 0.329800
-1.260923 0.384777
-1.755392 -0.317016
-1.300271 0.343608
-0.819436 0.662950
-0.857452 0.662138
-0.859786 0.695162
-0.605659 0.336275
-0.686871 0.519163
-0.666580 0.504108
-0.674004 0.540640
-0.551343 0.172399
-0.528185 0.151991
-1.530208 0.033548
-0.541913 0.179606
-0.699396 0.566167
-0.711075 0.577089
-0.672323 0.627342
-0.533306 0.073189
-0.537999 0.140942
-0.501074 0.097923
-1.100278 0.903657
-1.239998 0.614384
-1.250448 0.685036
-1.513951 0.075457
-1.269700 0.596494
-0.899512 1.222757
-0.820412 1.259953
-0.895016 1.168219
-1.304552 0.477722
-1.298907 0.515912
-1.343536 0.509627
-0.795297 1.293682
-0.826591 1.252905
-0.785789 1.273335
-1.527035 0.069726
-0.744272 1.076756
-0.758807 0.912827
-0.727064 0.913537
-0.747491 0.872920
-0.732742 1.241071
-0.702409 1.256300
-0.698805 1.254023
-0.723518 0.832546
-0.773139 0.832057
-0.733250 0.817353
-1.901901 -0.564455
-0.692002 1.325944
-0.704286 1.284375
-0.681168 1.294840
-0.459588 0.378850
-0.454627 0.188444
-0.403033 0.109686
-0.465553 0.189156
-0.582270 1.190342
-0.479978 1.206854
-0.550030 1.170315
-1.890070 -0.512393
-0.402855 0.068014
-0.483815 0.117016
-0.429557 0.111276
-0.495440 1.262952
-0.566003 1.249311
-0.528050 1.271743
-1.404392 0.226416
-1.337291 0.102064
-1.183134 0.291238
-1.417423 0.311533
-1.904400 -0.524669
-1.259377 0.440118
-1.280602 0.453441
-0.585165 0.693874
-0.694714 0.718502
-0.790009 0.594295
-0.669433 0.808646
-0.835645 0.767327
-0.741674 0.749889
-0.421011 -0.027042
-0.470672 -0.117561
-1.472384 0.114630
-0.693368 0.015815
-0.349247 -0.038162
-0.648414 0.038015
-0.506070 0.142788
-0.628366 1.372882
-0.604412 1.412166
-0.787116 1.285600
-0.477621 1.369654
-0.686646 1.218648
-0.653626 1.267523
-1.464794 0.169887
2.008400 2.347502
1.826692 2.738166
1.826566 2.727067
1.782019 2.721342
2.147099 1.972597
2.140149 1.991327
2.130910 1.994689
1.798373 2.806121
1.790484 2.791540
1.755199 2.811600
1.533435 0.767539
-1.460226 0.171766
2.174152 1.881391
2.152668 1.914134
2.152975 1.907740
1.613664 2.547482
1.633682 2.706574
1.620893 2.702408
1.603077 2.718326
1.601205 2.251008
1.597784 2.252280
1.583732 2.235560
-1.939732 -0.628627
1.640599 2.795202
1.619389 2.770093
1.615412 2.783266
1.596559 2.195649
1.601983 2.178374
1.583334 2.187304
1.849890 1.894543
1.716753 1.945734
1.651616 1.925800
1.704300 1.947320
-1.948514 -0.630164
2.102648 1.847839
2.065559 1.834938
2.075223 1.837675
1.643031 1.961970
1.649402 1.975879
1.635905 1.933349
2.148022 1.833279
2.133811 1.832502
2.108112 1.788210
1.291865 2.671000
-1.941134 -0.575074
1.437067 2.774452
1.428822 2.804981
1.468148 2.799353
1.044659 2.424883
1.027832 2.424043
1.045443 2.413085
1.505906 2.797135
1.488081 2.807664
1.477121 2.817907
0.977925 2.397120
-0.304061 -3.931725
1.017202 2.389361
0.993071 2.379293
1.344443 2.141165
1.481651 2.111205
1.458427 2.068280
1.503674 2.080918
1.035227 2.261609
0.981816 2.253534
1.043061 2.232548
1.491983 2.084024
-1.340667 -3.880023
1.512174 2.092540
1.501764 2.073310
0.988678 2.275115
1.018342 2.276894
1.047148 2.200394
1.704680 1.946036
1.953270 1.820110
1.935909 1.781323
1.898597 1.818501
1.154121 2.145460
-1.306655 -3.905221
1.147352 2.121799
1.162134 2.148088
2.031886 1.757285
2.045897 1.796117
2.011007 1.747930
1.067415 2.185921
1.098278 2.190862
1.076992 2.181015
1.602773 2.901455
1.710374 2.915695
-1.291879 -3.892165
1.718557 2.775086
1.503754 2.941280
1.585225 2.781325
1.545445 2.787348
1.581015 1.901680
1.537532 2.051409
1.637454 2.081530
1.453161 1.980245
1.536254 2.141426
1.606483 2.009986
-0.015691 -3.929790
2.156107 1.707182
2.215590 1.751027
2.156012 1.864440
2.129169 1.631309
2.100269 1.855969
2.067996 1.806610
0.869746 2.207661
0.904590 2.314903
1.021818 2.352217
0.916337 2.205717
-0.058257 -3.941123
1.042729 2.332851
1.104065 2.166861
-3.142627 -3.584237
-3.788758 -3.333408
-3.793058 -3.310571
-3.772734 -3.330132
-2.821660 -3.743222
-2.844881 -3.718587
-2.813136 -3.731118
-3.841931 -3.294394
1.513856 0.771252
-0.054152 -3.923598
-3.856960 -3.291847
-3.836241 -3.279463
-2.794806 -3.765449
-2.765863 -3.775679
-2.767853 -3.738759
-3.301244 -1.895275
-3.662252 -2.188107
-3.671803 -2.203406
-3.670247 -2.176759
-2.990145 -1.609484
-1.410976 -3.877900
-3.050484 -1.694868
-3.039994 -1.653851
-3.723008 -2.239959
-3.731265 -2.217487
-3.718783 -2.237229
-2.962183 -1.606900
-2.969153 -1.585094
-2.997333 -1.607371
-1.876564 -2.316161
-1.955112 -1.887671
-1.401964 -3.869387
-1.984375 -1.895041
-1.976114 -1.903282
-1.746369 -2.887625
-1.789549 -2.835655
-1.797302 -2.841369
-2.000341 -1.799818
-2.003179 -1.770979
-2.023611 -1.790406
-1.752544 -2.949300
-1.752757 -2.906684
-1.399766 -3.881674
-1.780958 -2.871455
-4.472920 -1.514676
-4.521649 -1.736796
-4.505894 -1.734174
-4.488038 -1.755010
-4.337536 -0.480396
-4.330956 -0.547157
-4.359993 -0.543101
-4.522533 -1.817119
-4.510611 -1.814654
0.024968 -3.948632
-4.498160 -1.804434
-4.306230 -0.445513
-4.336175 -0.459714
-4.316996 -0.469804
-3.219497 -0.147715
-2.935715 -0.457819
-2.974129 -0.477151
-2.929953 -0.488813
-3.474834 0.216336
-3.447726 0.110308
0.061627 -3.921086
-3.479141 0.186854
-2.904779 -0.549112
-2.872405 -0.510980
-2.916060 -0.532005
-3.478383 0.202179
-3.487602 0.212746
-3.513030 0.193498
-2.601420 -2.845216
-2.506869 -2.971711
-2.541315 -2.976135
0.031536 -3.928968
-2.528523 -2.940069
-4.347330 0.313943
-4.346441 0.273894
-4.325419 0.293947
-2.520930 -3.022677
-2.498177 -2.987556
-2.518636 -2.973270
-4.367300 0.292910
-4.340451 0.351000
-4.358556 0.303033
1.441327 3.593340
-4.467848 -2.696624
-4.591577 -2.794204
-4.586411 -2.779896
-4.564878 -2.733233
-4.038959 -2.475507
-4.046591 -2.460094
-4.045049 -2.438254
-4.629837 -2.822490
-4.616181 -2.799936
-4.625154 -2.796738
1.584595 3.083533
-3.957238 -2.439689
-4.014584 -2.413720
-3.994915 -2.388399
-4.393893 -3.106542
-4.562517 -3.012771
-4.601053 -3.012514
-4.601898 -2.999399
-4.126864 -3.234124
-4.137467 -3.229613
-4.099883 -3.220301
1.576062 3.057399
-4.611710 -3.001306
-4.641847 -2.971570
-4.653459 -2.989348
-4.053902 -3.237050
-4.089680 -3.221442
-4.036953 -3.242221
-3.836487 -2.693498
-3.923535 -3.081586
-3.868088 -3.085369
-3.922392 -3.081290
-4.856424 -2.883621
1.552168 3.129725
-3.848099 -2.527714
-3.830044 -2.495820
-3.840286 -2.583023
-3.895748 -3.095666
-3.935013 -3.079824
-3.875530 -3.116206
-3.850713 -2.460744
-3.882473 -2.481982
-3.865846 -2.448533
-4.691821 -2.311388
1.367074 3.797535
-4.740938 -2.657202
-4.781209 -2.642594
-4.741961 -2.685554
-4.637462 -2.193999
-4.644557 -2.169433
-4.639287 -2.190532
-4.767014 -2.694421
-4.724923 -2.711652
-4.778329 -2.715963
-4.571179 -2.068740
1.354697 3.808467
-4.583049 -2.120243
-4.599038 -2.100496
-4.288906 -2.516217
-4.101094 -3.043945
-4.048900 -3.063904
-4.063092 -3.037575
-4.452795 -2.195429
-4.449934 -2.169597
-4.445580 -2.166601
-4.072954 -3.113163
1.409143 3.752820
-4.058031 -3.079674
-4.036283 -3.083802
-4.463532 -2.122207
-4.471476 -2.140719
-4.458430 -2.117116
-4.176485 -2.154176
-4.023170 -2.271650
-3.991774 -2.241580
-4.010484 -2.259709
-4.376318 -2.060845
1.617255 3.014419
-4.387098 -1.986633
-4.378170 -2.047344
-3.978213 -2.270695
-3.984114 -2.290641
-3.920931 -2.275082
-4.428860 -1.995725
-4.406405 -2.054845
-4.405890 -1.957664
-4.713726 -2.949843
-4.726261 -2.842095
1.602692 3.050153
-4.606840 -2.919492
-4.823563 -2.750481
-4.671782 -2.727007
-4.682393 -2.893537
-3.828806 -3.221874
-3.914162 -3.297064
-4.010822 -3.167141
-3.965016 -3.163630
-4.078621 -3.158579
-3.980710 -3.087586
1.563947 3.031626
-3.765311 -2.362113
-3.852371 -2.343829
-3.911947 -2.487558
-3.874187 -2.238990
-4.024225 -2.364162
-3.906136 -2.405916
-4.488006 -2.003206
-4.553681 -1.890397
-4.543522 -2.141285
-4.449235 -1.889248
1.342028 3.850117
-4.486729 -2.084374
-4.412117 -2.101236
-2.002321 -1.179107
-2.008546 -0.925404
-1.998544 -0.887958
-2.007084 -0.883125
-2.015782 -1.501541
-1.985821 -1.511260
-2.009820 -1.423496
-2.015674 -0.875077
1.363698 3.890934
-2.022042 -0.872634
-2.013028 -0.825509
-2.008352 -1.568776
-2.028821 -1.505791
-2.004791 -1.515409
-2.400438 -1.111753
-2.200231 -0.932190
-2.148968 -0.859265
-2.215780 -0.921534
-2.657685 -1.364931
1.360441 3.903848
-2.694489 -1.371595
-2.714435 -1.355156
-2.133580 -0.878424
-2.146001 -0.868069
-2.129065 -0.817430
-2.739843 -1.423051
-2.757409 -1.403805
-2.775015 -1.419237
-2.504503 -1.615653
-2.697246 -1.559356
-4.822898 -2.880195
-3.069702 2.323110
-2.738163 -1.591307
-2.721275 -1.558259
-2.201777 -1.636412
-2.214350 -1.678816
-2.248287 -1.638491
-2.770776 -1.546110
-2.761615 -1.533428
-2.798170 -1.554333
-2.149279 -1.649250
-2.170256 -1.631917
-3.756048 1.440084
-2.171191 -1.676954
-2.382271 -0.642521
-2.212517 -0.665907
-2.175524 -0.656133
-2.199697 -0.695256
-2.622929 -0.635727
-2.609684 -0.615923
-2.574474 -0.632893
-2.094045 -0.709178
-2.130687 -0.731539
-3.794883 1.401188
-2.118695 -0.689515
-2.667417 -0.622997
-2.631444 -0.637109
-2.631758 -0.607206
-2.888563 -1.069119
-2.899144 -1.270728
-2.934838 -1.361982
-2.905268 -1.300719
-2.863824 -0.865712
-2.889961 -0.839640
-3.792153 1.403098
-2.844269 -0.859998
-2.915238 -1.352462
-2.893145 -1.347743
-2.933050 -1.374426
-2.887889 -0.731414
-2.832407 -0.809601
-2.852193 -0.782448
-2.404794 -1.130576
-2.202594 -1.435363
-2.174096 -1.490260
-2.850787 2.605428
-2.193550 -1.463880
-2.607721 -0.813512
-2.637793 -0.823608
-2.634907 -0.842447
-2.116100 -1.556408
-2.175633 -1.468196
-2.157562 -1.539948
-2.624867 -0.797004
-2.630197 -0.802064
-2.691266 -0.794030
-2.877684 2.587155
-2.054453 -0.738217
-1.961357 -0.748464
-2.114203 -0.897291
-2.032693 -0.646356
-2.058727 -0.771999
-2.162219 -0.770029
-2.873451 -1.618393
-2.891599 -1.514718
-2.727749 -1.468632
-2.963376 -1.450538
-2.872100 2.564261
-2.798682 -1.367258
-2.808408 -1.482144
-2.101495 -1.742009
-1.984670 -1.678604
-2.092246 -1.594112
-2.062187 -1.676972
-2.078597 -1.473198
-2.189607 -1.565258
-2.908258 -0.651065
-2.757056 -0.552747
-3.792145 1.397677
-2.815911 -0.744179
-2.794349 -0.649815
-2.615100 -0.729986
-2.756316 -0.811420
-1.633139 -3.465654
-1.614036 -3.674034
-1.566271 -3.661851
-1.588652 -3.635003
-1.709549 -3.265378
-1.681057 -3.250262
-3.810776 1.361861
-1.710945 -3.218649
-1.566824 -3.768583
-1.593941 -3.746984
-1.540490 -3.727919
-1.723055 -3.179403
-1.740906 -3.186446
-1.722990 -3.150635
-1.957319 -3.904899
-1.808368 -3.906358
-1.812435 -3.920094
-3.823309 1.372314
-1.812032 -3.910120
-2.415559 -3.856565
-2.483415 -3.863059
-2.452382 -3.849848
-1.720683 -3.921752
-1.763777 -3.896409
-1.734191 -3.908651
-2.501419 -3.855628
-2.474858 -3.832267
-2.522185 -3.855004
-4.830341 -2.898331
-2.795450 2.674448
-2.094741 -3.337718
-2.439648 -3.666817
-2.492108 -3.673338
-2.483195 -3.690225
-1.971558 -3.241958
-1.965760 -3.212729
-1.931002 -3.195799
-2.513072 -3.711480
-2.496253 -3.734104
-2.527257 -3.717640
-2.774879 2.682660
-1.894172 -3.167831
-1.915421 -3.193565
-1.916845 -3.181325
-1.896438 -3.578825
-1.746969 -3.694914
-1.714774 -3.732271
-1.771820 -3.704962
-2.275154 -3.280804
-2.280375 -3.272835
-2.266675 -3.261122
-2.809047 2.656602
-1.646679 -3.775416
-1.696524 -3.771549
-1.676882 -3.799359
-2.334394 -3.219078
-2.303760 -3.245403
-2.309989 -3.207566
-2.564074 -3.429281
-2.583965 -3.663083
-2.641502 -3.635330
-2.605246 -3.642453
4.471617 0.775159
-2.495992 -3.267366
-2.545616 -3.276300
-2.523425 -3.267876
-2.626193 -3.689246
-2.597926 -3.675614
-2.617552 -3.700663
-2.510277 -3.226216
-2.479543 -3.217779
-2.530396 -3.210688
-2.069619 -3.023118
4.516822 0.596662
-1.933416 -3.031783
-1.882182 -2.976793
-1.910002 -3.052649
-2.246543 -3.044570
-2.262169 -3.024010
-2.259002 -3.039005
-1.857233 -3.008269
-1.880060 -3.061933
-1.872857 -3.014273
-2.294235 -3.042104
4.500279 0.617288
-2.254930 -3.057449
-2.353467 -3.035979
-1.526909 -3.920714
-1.461215 -3.802676
-1.700783 -3.836982
-1.540166 -3.824343
-1.633219 -3.741919
-1.759933 -3.858148
-2.653469 -3.712252
-2.637651 -3.839376
4.496380 0.594228
-2.470673 -3.778183
-2.709194 -3.710126
-2.533267 -3.773052
-2.552610 -3.716074
-1.841781 -3.044334
-1.697937 -2.999007
-1.843069 -3.230065
-1.832590 -2.937344
-1.776836 -3.147880
-1.904798 -3.088794
4.056926 2.647899
-2.528303 -3.067320
-2.403847 -3.098242
-2.393043 -3.262706
-2.426934 -2.988878
-2.282808 -3.154736
-2.357088 -3.108894
-3.750404 0.826980
-3.846395 1.042633
-3.795451 1.096627
-3.839056 1.028146
4.103902 2.618117
-3.679405 0.530777
-3.654148 0.520635
-3.682049 0.582105
-3.851353 1.132537
-3.841080 1.097241
-3.832539 1.094617
-3.645039 0.455837
-3.673311 0.485502
-3.633101 0.507757
-4.117301 0.643893
4.058850 2.649632
-4.017223 1.036459
-4.024117 1.028335
-4.038227 1.017503
-4.247817 -0.088732
-4.277744 -0.100228
-4.294018 -0.104883
-3.976878 1.144634
-3.989937 1.121879
-3.983863 1.144929
-4.265123 -0.150576
