2050 2
5.510184 0.639039
5.487292 0.663447
-5.621609 -0.935586
-0.349414 1.058719
-4.125618 -2.615713
-4.125494 -2.651354
-3.804968 -2.400584
-4.008328 -2.453724
-4.061107 -2.424141
-4.015696 -2.458645
-3.160745 -2.268259
-3.137966 -2.254169
-3.189516 -2.267004
-4.098001 -2.490453
-0.378233 1.022345
-4.080354 -2.501107
-4.113369 -2.440854
-3.098703 -2.269387
-3.125424 -2.251649
-3.118392 -2.223706
-3.535354 -2.575718
-3.435960 -2.849575
-3.426963 -2.867169
-3.452796 -2.864946
-3.595379 -2.369570
-0.381604 1.037084
-3.614892 -2.251882
-3.610924 -2.187043
-3.388398 -2.929813
-3.445556 -2.888408
-3.391384 -2.941452
-3.670455 -2.168406
-3.697405 -2.149086
-3.639128 -2.101347
-3.978949 -2.216376
-4.074387 -2.320804
0.243419 -1.197697
-4.126752 -2.361734
-4.081275 -2.367677
-3.885225 -2.138234
-3.866509 -2.078521
-3.874028 -2.115006
-4.138821 -2.416292
-4.093800 -2.424129
-4.122415 -2.408755
-3.855187 -2.053607
-3.815867 -2.092470
0.223694 -1.228136
-3.821783 -2.049594
-3.431118 -2.062655
-3.229428 -2.134570
-3.204471 -2.101933
-3.197618 -2.118103
-3.581671 -2.015501
-3.603335 -1.962049
-3.576778 -2.033008
-3.147208 -2.128045
-3.192725 -2.157501
0.202638 -1.168750
-3.166824 -2.103484
-3.617645 -1.975804
-3.630100 -2.014843
-3.601871 -2.006852
-3.357512 -3.114784
-3.200797 -3.102633
-3.420955 -2.984715
-3.296387 -3.043218
-3.361810 -2.908937
-3.500567 -2.952178
3.497399 0.927682
-4.244330 -2.400668
-4.293860 -2.468470
-4.115437 -2.590967
-4.273684 -2.368595
-4.128216 -2.555244
-4.071033 -2.437649
-3.008606 -2.183646
-2.901450 -2.164185
-3.073212 -2.333375
-2.950701 -2.057057
4.168627 0.900307
-3.127692 -2.256558
-3.152768 -2.198241
-3.804377 -1.920717
-3.676919 -1.881328
-3.791915 -2.127178
-3.646739 -1.889100
-3.598191 -2.030707
-3.712981 -2.052193
-2.326728 4.483396
-1.834233 4.908752
4.091405 0.928141
-1.805508 4.918746
-1.777148 4.928587
-2.504128 4.321981
-2.504258 4.310154
-2.507033 4.303892
-1.738355 4.991589
-1.763878 4.968394
-1.742687 4.961874
-2.558784 4.260817
-2.568443 4.246647
4.085536 0.886097
-2.559774 4.251337
0.123070 4.877093
-0.132949 5.074717
-0.092451 5.029692
-0.068503 5.005102
0.486021 4.633502
0.417123 4.656263
0.408361 4.652520
-0.203298 5.115779
-0.207092 5.080921
-5.570181 -0.879910
3.025504 0.940937
-0.185071 5.063420
0.544143 4.571395
0.547578 4.563396
0.507235 4.566518
-1.067310 3.644702
0.019570 3.757934
-0.029603 3.735898
-0.084439 3.719560
-2.000405 3.555063
-1.952938 3.579140
3.054254 0.958105
-1.955734 3.561306
0.073528 3.790159
0.103859 3.746961
0.050353 3.741559
-2.070849 3.574501
-2.049492 3.520726
-2.050565 3.582752
-0.829600 4.044486
-0.871806 4.319388
-0.884352 4.286453
3.033875 0.921371
-0.855348 4.290101
-0.678975 2.820041
-0.631989 2.837022
-0.676962 2.779129
-0.910332 4.399864
-0.869930 4.376563
-0.871120 4.346809
-0.609077 2.652080
-0.632288 2.634504
-0.624932 2.687305
4.155428 0.914795
0.470862 2.754671
0.691303 3.060672
0.690745 3.084064
0.669340 3.068962
0.142214 2.194578
0.131483 2.204253
0.099443 2.166110
0.727734 3.124339
0.718391 3.108679
0.696274 3.127496
4.164997 0.885534
0.079658 2.121066
0.098508 2.140648
0.080388 2.149832
-1.621741 2.347769
-2.144112 2.628998
-2.099128 2.645852
-2.057515 2.650876
-1.359422 2.154346
-1.341096 2.145121
-1.343886 2.154500
4.149547 0.894857
-2.201433 2.745198
-2.188890 2.695107
-2.177765 2.751032
-1.251552 2.091151
-1.243623 2.086269
-1.243616 2.100200
-0.571255 5.445546
-0.799385 5.603548
-0.749068 5.616194
-0.716858 5.543641
2.953070 0.970884
-0.420784 5.299491
-0.404275 5.341714
-0.442130 5.309378
-0.820472 5.624510
-0.819855 5.601683
-0.804756 5.616131
-0.385181 5.256768
-0.382564 5.286797
-0.344791 5.262452
-1.244696 5.442013
2.950194 0.928442
-1.097965 5.532459
-1.119395 5.562207
-1.107328 5.529398
-1.470788 5.249245
-1.487629 5.240741
-1.452162 5.258940
-1.072305 5.559511
-1.056422 5.562179
-1.089780 5.588708
-1.502035 5.219220
3.008855 0.950501
-1.483813 5.220201
-1.505989 5.209824
-1.053434 5.127563
-1.457078 5.117907
-1.502786 5.091131
-1.437970 5.105975
-0.486996 5.180226
-0.519567 5.158167
-0.489306 5.140499
-1.536174 5.103409
4.587224 2.103718
-1.487533 5.108000
-1.524748 5.070372
-0.442203 5.171760
-0.464711 5.144323
-0.435812 5.141754
-0.915517 5.036994
-0.885078 5.435236
-0.932145 5.441674
-0.939191 5.428418
-0.915238 4.788941
-5.575090 -0.927669
4.824702 1.669556
-0.905580 4.758734
-0.900050 4.764596
-0.907413 5.478762
-0.915620 5.466233
-0.964073 5.490393
-0.928458 4.676998
-0.906085 4.722588
-0.909091 4.676438
-1.294355 4.819003
-1.433289 4.943012
4.832982 1.628700
-1.461572 4.912805
-1.445866 4.935782
-1.084075 4.682143
-1.075054 4.645788
-1.107933 4.687587
-1.495110 4.944121
-1.486682 4.958815
-1.489025 4.941237
-1.031131 4.626795
-1.009555 4.644834
4.802886 1.701205
-1.000228 4.592530
-0.538455 4.820979
-0.370705 4.987381
-0.387507 4.949831
-0.401925 4.977652
-0.727904 4.689464
-0.712433 4.638852
-0.740664 4.675369
-0.332801 5.025765
-0.383178 5.050574
4.305726 2.641897
-0.341415 5.026576
-0.775375 4.638170
-0.832813 4.634129
-0.801337 4.600132
-1.029225 5.658463
-0.863613 5.704440
-0.946733 5.574466
-0.954839 5.602109
-0.838211 5.527951
-0.975733 5.472806
4.342821 2.599887
-1.636073 5.031624
-1.659347 5.094651
-1.483530 5.195577
-1.623512 4.944856
-1.474427 5.139585
-1.476155 4.989223
-0.309156 5.155117
-0.272212 5.209918
-0.427634 5.236149
-0.253425 5.027031
4.288111 2.638545
-0.386763 5.173689
-0.417996 5.066243
-0.956392 4.464988
-0.893458 4.553464
-1.004476 4.674479
-0.803581 4.481483
-0.828090 4.708008
-0.903120 4.626347
0.614955 3.833930
1.202858 3.874092
4.853117 1.588934
1.219006 3.844610
1.169957 3.833668
0.388045 3.821171
0.385965 3.812552
0.432738 3.801426
1.276846 3.868792
1.237745 3.858172
1.261217 3.833002
0.353085 3.809643
0.369390 3.796502
4.859813 1.594797
0.398698 3.811239
1.125175 4.207301
1.263848 4.085731
1.298316 4.069533
1.264378 4.079863
0.892304 4.370707
0.879025 4.393797
0.876449 4.390782
1.341437 4.030857
1.303816 4.055392
4.857973 1.562621
1.348033 4.041055
0.829574 4.417548
0.856878 4.399446
0.838488 4.427602
0.374009 4.134933
0.543749 4.357629
0.522195 4.362989
0.514299 4.292347
0.268108 3.941104
0.255871 3.968019
4.219079 2.748790
0.272222 3.941700
0.566938 4.402103
0.553204 4.346747
0.548243 4.408771
0.259066 3.913959
0.253057 3.902620
0.243261 3.888615
1.101837 3.525497
1.278002 3.716489
1.336362 3.743493
-5.592557 -0.903515
4.235436 2.709074
1.307117 3.757734
0.959057 3.387738
0.933422 3.347198
0.945631 3.370048
1.338262 3.775884
1.330488 3.799211
1.363862 3.811352
0.907077 3.341814
0.888954 3.360589
0.904048 3.313340
4.221955 2.712871
0.712764 3.780489
0.691605 4.165621
0.648909 4.243740
0.664808 4.192933
0.750507 3.541077
0.742490 3.514643
0.727596 3.483454
0.666529 4.313692
0.677464 4.311858
0.642998 4.307782
2.567926 2.136768
0.762386 3.432476
0.740264 3.463170
0.734111 3.434143
0.465757 3.506343
0.345824 3.619979
0.303131 3.623541
0.348933 3.597025
0.680439 3.307463
0.607482 3.338820
0.631294 3.369704
2.848469 2.571964
0.293789 3.656689
0.278421 3.668560
0.266378 3.635368
0.705709 3.292020
0.673871 3.323970
0.669783 3.292707
1.454854 3.964953
1.483204 3.844786
1.243512 3.939367
1.462395 3.804582
2.840136 2.507154
1.249891 3.794719
1.318652 3.943822
0.519970 4.484647
0.672989 4.510530
0.631652 4.394521
0.553818 4.429912
0.765916 4.352484
0.597607 4.303274
0.106657 3.816280
0.173115 3.788592
2.866625 2.525048
0.289950 3.881399
0.180885 3.684369
0.344932 3.702273
0.267108 3.787176
0.728930 3.221319
0.790727 3.177922
0.844986 3.402173
0.683649 3.209231
0.839288 3.320329
0.740320 3.428984
2.273255 1.709134
-2.790428 3.266846
-3.101291 3.151575
-3.112139 3.085072
-3.091755 3.103631
-2.526465 3.408545
-2.537144 3.396445
-2.517585 3.394492
-3.160411 3.086161
-3.140674 3.092973
-3.145008 3.054103
2.276517 1.671922
-2.462640 3.453619
-2.453925 3.459464
-2.460110 3.451647
-2.997512 3.689913
-3.231407 3.213027
-3.277452 3.162963
-3.232580 3.177373
-2.793826 3.977899
-2.811599 4.017331
-2.811121 3.935006
2.295540 1.724662
-3.262741 3.145974
-3.225556 3.148117
-3.277279 3.101161
-2.767344 4.039419
-2.749588 4.025171
-2.745602 4.027893
-2.498078 3.902617
-2.584329 3.997486
-2.560163 4.005985
-2.581004 3.999580
2.880001 2.575862
-2.364716 3.691209
-2.300331 3.708058
-2.346625 3.691259
-2.630119 4.052010
-2.614387 4.019937
-2.587851 4.052589
-2.330596 3.665353
-2.325151 3.638851
-2.300424 3.659126
-2.886055 2.871519
-0.953747 5.768083
2.881030 2.619901
-3.104022 2.942801
-3.101971 2.906532
-3.074950 2.935026
-2.575745 2.804491
-2.504202 2.764554
-2.536330 2.788456
-3.165694 2.938602
-3.131850 2.959136
-3.158620 2.931818
-2.502508 2.751510
2.919118 2.582985
-2.508120 2.792043
-2.467023 2.764850
-2.490617 3.304891
-2.634555 3.920911
-2.625720 3.932974
-2.628586 3.871594
-2.424694 3.049550
-2.403756 3.076017
-2.400172 3.109408
-2.671889 3.965444
2.226151 1.628226
-2.672063 3.959922
-2.632874 4.008328
-2.407956 3.048175
-2.405879 3.039831
-2.375716 3.038497
-2.237197 3.228596
-2.248029 3.364133
-2.196933 3.403249
-2.222099 3.421263
-2.257973 2.991641
2.240153 1.674866
-2.229859 2.964501
-2.253818 3.025698
-2.225201 3.424180
-2.242008 3.441953
-2.208104 3.434914
-2.259123 2.919733
-2.331018 2.938328
-2.248521 2.942883
-3.335080 2.999576
-3.310295 2.904020
2.255843 1.625954
-3.225011 3.155560
-3.263353 2.885519
-3.110366 3.020205
-3.166606 3.038130
-2.560313 4.195531
-2.688146 4.152822
-2.729092 4.034827
-2.584642 4.151770
-2.710559 3.970842
-2.607786 3.984993
4.416786 -0.532060
-2.142189 3.629867
-2.220817 3.499965
-2.406139 3.569008
-2.106702 3.481601
-2.359521 3.420940
-2.298598 3.550876
-2.318607 2.915944
-2.367547 2.705605
-2.484914 2.857738
-2.190394 2.849628
4.721807 -0.072125
-2.355660 2.879862
-2.339764 3.025893
-0.135409 1.643635
-0.295724 1.267837
-0.277197 1.258102
-0.293678 1.262705
-0.060026 1.842941
-0.038469 1.837734
-0.073581 1.840109
-0.309880 1.205371
4.709874 -0.036003
-0.317765 1.241969
-0.305159 1.187098
-0.033677 1.905792
-0.068324 1.882468
-0.043750 1.888110
-0.551093 2.136388
-0.423850 1.359391
-0.427465 1.294261
-0.454625 1.319255
-0.562289 2.273650
4.706253 -0.056000
-0.564944 2.336026
-0.605616 2.271484
-0.407325 1.281917
-0.460744 1.301323
-0.435987 1.284757
-0.552534 2.393896
-0.565891 2.337637
-0.589367 2.388608
-0.271480 2.362192
-0.405632 2.471322
4.273573 -0.711660
-0.416779 2.506330
-0.408007 2.483287
-0.090502 2.159629
-0.066026 2.155600
-0.131529 2.182300
-0.463568 2.519976
-0.472680 2.472117
-0.461660 2.508617
-0.047928 2.103787
-0.080904 2.099888
-0.914225 5.741907
4.283687 -0.673302
-0.093576 2.133663
-0.719232 1.449742
-0.557483 1.279676
-0.556642 1.238071
-0.602565 1.317086
-1.001080 1.813000
-0.985849 1.770416
-1.010455 1.803422
-0.511681 1.164758
-0.540816 1.264466
4.284192 -0.681803
-0.532424 1.199665
-1.039919 1.833907
-1.020268 1.842374
-1.009826 1.801360
-0.888459 2.284552
-0.794927 2.368459
-0.818183 2.366861
-0.784595 2.397604
-1.040966 2.161111
-1.025002 2.169761
4.771589 0.020422
-0.999346 2.161217
-0.749661 2.410920
-0.742047 2.400282
-0.723893 2.454053
-1.063228 2.111344
-1.043971 2.110231
-1.062015 2.121766
-0.450523 1.972914
-0.224575 1.969519
-0.204631 2.005486
4.778498 -0.007202
-0.284313 1.990397
-0.858017 1.919884
-0.913894 1.973914
-0.855825 1.972098
-0.147865 1.994655
-0.180737 1.985225
-0.139877 2.010264
-1.001167 1.937356
-0.963584 1.919893
-0.971710 1.972735
4.733047 0.032139
-0.383041 1.130294
-0.316859 1.121977
-0.350443 1.255007
-0.455107 1.112440
-0.419813 1.237157
-0.508808 1.250977
-0.492446 2.578500
-0.586901 2.501287
-0.509209 2.372394
-0.717219 2.514946
4.211257 -0.758519
-0.689173 2.364953
-0.584603 2.457271
0.003811 2.138265
0.040696 2.003925
-0.053392 2.010252
-0.006889 2.091410
-0.127065 1.915013
-0.156914 2.088769
-1.201644 2.137283
-1.195745 1.950299
4.228275 -0.763637
-1.034077 1.933122
-1.134666 2.036339
-0.992819 1.873025
-0.953181 2.044230
-0.809590 -4.760695
-0.223957 -5.076222
-0.290287 -4.974907
-0.234649 -5.016384
-1.061581 -4.596853
-1.079565 -4.552430
4.233043 -0.708139
-1.060960 -4.585237
-0.186351 -5.082643
-0.190016 -5.051855
-0.175413 -5.053290
-1.099527 -4.555745
-1.140190 -4.557056
-1.126683 -4.507727
1.696020 -4.607564
1.360853 -4.929814
1.368595 -4.894162
3.628350 1.433581
1.352204 -4.908439
2.077301 -4.256439
2.066586 -4.253852
2.057030 -4.249117
1.279619 -4.986344
1.314230 -4.966710
1.313377 -4.941143
2.125468 -4.194238
2.128506 -4.183110
2.114045 -4.204591
3.635282 2.114432
1.066087 -3.627929
1.265511 -3.613264
1.306671 -3.610469
1.275913 -3.578162
-0.516471 -3.789938
-0.539334 -3.810664
-0.542627 -3.778419
1.411988 -3.597981
1.444273 -3.570385
1.410787 -3.598042
-0.958167 5.745762
3.666983 2.099799
-0.598534 -3.820292
-0.585064 -3.791878
-0.587549 -3.809166
0.519142 -4.240138
0.532496 -4.378901
0.523487 -4.397404
0.535327 -4.364256
0.380174 -2.973342
0.394641 -2.932876
0.374207 -2.963929
3.629040 2.050898
0.531588 -4.478800
0.558879 -4.489111
0.539894 -4.461531
0.364411 -2.870084
0.343711 -2.844870
0.362910 -2.895017
1.507162 -2.510143
1.744658 -2.683560
1.767005 -2.713079
1.684280 -2.663083
3.583134 -0.068562
1.146621 -2.268915
1.116248 -2.294385
1.120308 -2.267657
1.852214 -2.774168
1.819265 -2.767671
1.805884 -2.772612
1.058595 -2.238718
1.050302 -2.199224
1.077357 -2.231841
-0.810695 -2.762591
3.601078 -0.004159
-1.045608 -2.969376
-1.025507 -2.970130
-1.054257 -3.004280
-0.481941 -2.445256
-0.428010 -2.442653
-0.416792 -2.425686
-1.106006 -3.025769
-1.083511 -3.022696
-1.086655 -3.046707
-0.390850 -2.367792
3.558859 -0.043639
-0.384264 -2.362688
-0.382503 -2.398598
0.933561 -5.410925
0.676602 -5.621242
0.681777 -5.620935
0.697196 -5.584415
1.065559 -5.261440
1.133937 -5.244759
1.084190 -5.270015
0.637944 -5.646685
3.646269 2.165536
0.619231 -5.635299
0.664125 -5.620199
1.147016 -5.216399
1.139102 -5.196255
1.165207 -5.229737
0.220244 -5.507644
0.311038 -5.573533
0.326584 -5.603730
0.251062 -5.536218
0.035426 -5.266093
3.639076 2.151847
-0.033596 -5.284661
0.036390 -5.305550
0.341314 -5.600365
0.393114 -5.587546
0.339926 -5.586044
-0.039548 -5.237453
-0.005261 -5.230706
-0.045323 -5.220484
0.782352 -5.137484
0.116981 -5.195620
3.652854 2.123717
0.141148 -5.156520
0.163275 -5.153049
0.932261 -5.137762
0.992600 -5.102750
0.978923 -5.101977
0.075412 -5.165478
0.077138 -5.154478
0.058854 -5.156417
1.020524 -5.151038
1.020599 -5.109542
3.604395 -0.141653
1.033569 -5.090377
0.552638 -5.084399
0.578706 -5.485092
0.534483 -5.470876
0.530494 -5.467561
0.550278 -4.874060
0.559714 -4.822522
0.568184 -4.843195
0.547335 -5.544980
0.564906 -5.525176
3.566292 -0.106968
0.513116 -5.557149
0.551295 -4.770221
0.549731 -4.795739
0.580405 -4.770182
0.203000 -4.838656
0.032307 -4.991066
0.005648 -4.978501
0.045840 -4.978770
0.378305 -4.723086
0.367182 -4.696011
-0.973985 5.720018
3.587364 -0.096680
0.420103 -4.682367
-0.014336 -5.019111
0.020169 -5.003152
0.002376 -4.991560
0.426178 -4.673362
0.448024 -4.676975
0.424173 -4.662817
0.895449 -4.746751
1.134841 -4.890805
1.155796 -4.907516
2.537369 -0.116589
1.097707 -4.909041
0.693641 -4.658575
0.717385 -4.616031
0.716922 -4.650192
1.163885 -4.953835
1.132740 -4.940382
1.130846 -4.930050
0.671010 -4.633924
0.677748 -4.649815
0.694708 -4.613105
2.393339 0.101081
0.376000 -5.687788
0.606154 -5.693378
0.489176 -5.613734
0.504916 -5.674012
0.606716 -5.547991
0.479086 -5.540640
-0.086465 -5.110619
-0.148166 -5.147184
0.053394 -5.210298
-0.137328 -5.020421
2.412495 0.107758
-0.001392 -5.110106
0.057475 -5.073679
1.157229 -5.007000
1.253869 -5.111539
1.050292 -5.185981
1.269896 -4.920807
1.161066 -5.091650
1.083753 -4.985410
0.486523 -4.514777
0.554702 -4.627823
2.372783 0.164063
0.474221 -4.770195
0.637180 -4.537398
0.631384 -4.708308
0.533396 -4.665993
1.886811 -3.424481
2.512746 -3.224006
2.534900 -3.185951
2.510800 -3.192242
1.725945 -3.535082
1.667431 -3.510239
2.799926 -0.611333
1.702051 -3.487975
2.586686 -3.180526
2.552249 -3.193608
2.561923 -3.177381
1.626456 -3.519046
1.692505 -3.531600
1.665586 -3.502695
2.508707 -3.703558
2.716083 -3.272797
2.737081 -3.272464
2.806656 -0.598343
2.714556 -3.267237
2.304426 -3.984442
2.322893 -3.986485
2.328007 -3.903186
2.729234 -3.221733
2.710614 -3.244097
2.741530 -3.189657
2.270149 -4.027473
2.278558 -3.979879
2.256690 -4.049288
2.837162 -0.609221
1.913129 -3.901325
2.057232 -3.996907
2.053294 -4.033261
2.071889 -3.985233
1.698964 -3.720326
1.646542 -3.724781
1.696641 -3.732802
2.103803 -4.060005
2.110544 -4.019810
2.053495 -4.069481
2.363834 0.176209
1.646757 -3.695332
1.676128 -3.715678
1.634505 -3.705818
2.277628 -2.907115
2.564674 -2.998032
2.533327 -2.975182
2.550675 -2.994459
2.121894 -2.878584
2.109816 -2.839845
2.142922 -2.880551
2.341711 0.210674
2.601960 -3.005507
2.625477 -3.039123
2.628901 -3.030174
2.072831 -2.839002
2.080849 -2.881206
2.045580 -2.872896
2.103604 -3.436412
2.204754 -3.812783
2.184826 -3.852741
2.176647 -3.799495
-0.955094 5.730954
2.374685 0.193426
2.026285 -3.026551
2.015606 -3.049156
1.987079 -3.059293
2.201111 -3.871030
2.193558 -3.893874
2.165425 -3.913286
1.988437 -2.941186
1.994226 -2.977106
1.931007 -2.944512
1.746493 -3.123738
2.849018 -0.656332
1.625740 -3.390773
1.611660 -3.355577
1.620578 -3.433038
1.831604 -3.029584
1.782899 -3.012979
1.857847 -3.012196
1.604427 -3.412051
1.613696 -3.406133
1.602211 -3.418214
1.827276 -2.968341
2.836158 -0.645183
1.869851 -2.978251
1.830676 -2.973283
2.757771 -3.159674
2.663378 -3.096177
2.655323 -3.214761
2.702714 -2.961952
2.592331 -3.069864
2.703091 -3.139876
2.091806 -4.155527
2.189220 -4.132011
2.865812 -0.644528
2.216741 -4.021658
2.136794 -4.122919
2.276010 -3.890970
2.129413 -3.949241
1.503154 -3.652958
1.553726 -3.557339
1.693251 -3.629473
1.485092 -3.480192
1.650236 -3.450155
1.667284 -3.677684
5.246920 1.052795
1.896368 -2.856749
1.942829 -2.799856
2.071295 -2.902673
1.779420 -2.850671
1.989389 -2.921041
1.908461 -2.989001
-1.531374 -3.738032
-1.834309 -3.716445
-1.791428 -3.709864
-1.790724 -3.692247
5.330135 0.856335
-0.962773 -3.776854
-0.973352 -3.782076
-0.997843 -3.728902
-1.897140 -3.710796
-1.871031 -3.730119
-1.892926 -3.684568
-0.937695 -3.793990
-0.921339 -3.783903
-0.860490 -3.790659
-1.697028 -4.101441
5.351878 0.875734
-1.848171 -3.933018
-1.879509 -3.910769
-1.828613 -3.947395
-1.443634 -4.327223
-1.515356 -4.300185
-1.457886 -4.315221
-1.913876 -3.849209
-1.916461 -3.820650
-1.940939 -3.812883
-1.361242 -4.393290
5.324918 0.829658
-1.379345 -4.360534
-1.416143 -4.370573
-0.982464 -4.165739
-1.092675 -4.286538
-1.045165 -4.286292
-1.039478 -4.240533
-0.881815 -3.994348
-0.824867 -3.955328
-0.847529 -3.907670
-1.109380 -4.337936
5.078127 1.310680
-1.118186 -4.312576
-1.077320 -4.340533
-0.819781 -3.933025
-0.836794 -3.889915
-0.813274 -3.905573
-1.587467 -3.356309
-1.825495 -3.511801
-1.862746 -3.516484
-1.843098 -3.536245
-1.349696 -3.251811
5.066936 1.357393
-1.346619 -3.209903
-1.391701 -3.256445
-1.885273 -3.549312
-1.865425 -3.583080
-1.898826 -3.565099
-1.307634 -3.208884
-1.340250 -3.225379
-1.302878 -3.206236
-1.225175 -3.574266
-1.298796 -4.253893
-0.931267 5.713544
5.116858 1.314601
-1.242148 -4.271832
-1.250389 -4.273279
-1.232882 -3.345256
-1.223370 -3.431626
-1.205930 -3.421292
-1.270323 -4.328326
-1.261810 -4.293227
-1.240103 -4.317694
-1.218751 -3.310092
-1.214482 -3.329665
5.384197 0.815974
-1.188293 -3.335686
-0.967564 -3.459955
-0.846670 -3.663264
-0.850122 -3.624216
-0.859463 -3.628550
-1.083821 -3.314584
-1.057061 -3.275177
-1.093654 -3.300137
-0.802708 -3.666421
-0.850151 -3.682218
5.332070 0.751639
-0.807798 -3.676498
-1.104199 -3.244427
-1.128163 -3.278171
-1.093338 -3.261368
-2.093186 -3.702864
-2.022504 -3.653830
-1.895084 -3.779444
-2.074375 -3.560810
-1.863666 -3.622038
-1.887878 -3.705123
5.371569 0.766925
-1.110277 -4.459198
-1.343357 -4.432275
-1.217403 -4.352721
-1.175397 -4.440895
-1.364316 -4.328235
-1.183399 -4.291563
-0.665058 -3.866973
-0.788604 -3.820225
-0.900229 -3.818928
-0.678566 -3.728620
5.072963 1.368106
-0.881435 -3.705787
-0.831991 -3.826413
-1.116187 -3.119462
-1.191281 -3.073991
-1.271414 -3.277647
-1.075998 -3.132259
-1.196236 -3.262578
-1.143003 -3.317376
0.674153 -1.739443
0.403995 -1.431821
5.092649 1.357512
0.416366 -1.418782
0.395692 -1.416053
0.789601 -1.909362
0.857504 -1.944551
0.817432 -1.936706
0.356914 -1.392196
0.327529 -1.413614
0.345964 -1.383361
0.892092 -1.987784
0.824405 -2.011862
5.069915 1.372179
0.872602 -2.003835
0.283778 -2.060694
0.263527 -1.535850
0.257888 -1.518155
0.256010 -1.607608
0.351490 -2.475653
0.320358 -2.474373
0.295378 -2.486718
0.255892 -1.453953
0.248826 -1.470777
5.009017 0.772304
0.216974 -1.456963
0.370488 -2.535020
0.327835 -2.546340
0.298894 -2.553540
0.637050 -2.455986
0.511469 -2.590960
0.515547 -2.605787
0.517566 -2.588592
0.753119 -2.271836
0.774899 -2.316051
5.202335 0.743720
0.770913 -2.293551
0.475094 -2.624687
0.479343 -2.620070
0.475323 -2.666599
0.814416 -2.238158
0.792373 -2.231310
0.826444 -2.286806
-0.023724 -1.755823
0.133659 -1.473155
0.110862 -1.466869
5.208081 0.730881
0.111788 -1.511004
-0.121290 -1.992529
-0.190670 -2.051547
-0.146994 -2.016071
0.151061 -1.421912
0.139140 -1.437499
0.152783 -1.399125
-0.199605 -2.096543
-0.177687 -2.087617
-0.190539 -2.114927
5.512028 0.645616
-0.968647 5.733886
5.200813 0.710066
0.015654 -2.492769
0.198707 -2.673583
0.194280 -2.699865
0.232806 -2.678843
-0.103351 -2.346054
-0.122006 -2.380437
-0.092245 -2.372161
0.224712 -2.672024
0.244197 -2.658711
0.265719 -2.676731
4.621154 0.857416
-0.137447 -2.358915
-0.120397 -2.292629
-0.136629 -2.346595
0.241773 -2.207080
0.754215 -2.139093
0.843476 -2.167909
0.791948 -2.178394
-0.022064 -2.228301
-0.015753 -2.248832
-0.040501 -2.250535
4.550398 0.860174
0.875718 -2.144587
0.825673 -2.156362
0.834795 -2.167462
-0.082442 -2.228060
-0.083682 -2.249202
-0.081502 -2.267689
0.230982 -1.290670
0.317746 -1.311318
0.337833 -1.410701
0.160989 -1.342269
4.612219 0.830876
0.235267 -1.418660
0.177450 -1.449160
0.424092 -2.802194
0.351105 -2.773022
0.417385 -2.573351
0.268112 -2.766280
0.253372 -2.607334
0.313777 -2.660195
0.954709 -2.266746
0.958942 -2.074004
5.241882 0.732667
0.802721 -2.124434
0.957087 -2.172028
0.842847 -2.019550
0.816025 -2.197450
-0.279441 -2.397842
-0.326146 -2.246880
-0.129214 -2.131286
-0.249897 -2.334296
-0.126647 -2.151722
-0.091156 -2.303448
5.221066 0.733915
5.267323 0.685234
4.525732 0.870983
4.539659 0.848550
4.526209 0.847955
0.498883 -5.812375
4.632497 1.183560
4.518625 1.038310
4.415534 1.020173
4.493604 1.027508
4.828856 1.362468
4.784889 1.362545
4.825702 1.315591
4.424284 0.985865
4.475531 0.986788
4.439640 0.983927
0.496500 -5.805427
4.867937 1.436702
4.879828 1.350671
4.850201 1.408678
5.189335 0.294322
5.332587 0.521720
5.297769 0.417918
5.322023 0.488861
5.033970 0.216194
5.087273 0.210730
5.049054 0.206159
0.473478 -5.801712
5.331014 0.547027
5.329429 0.566277
5.348621 0.529089
4.992510 0.152248
4.976663 0.205344
5.007695 0.171714
4.555666 0.493399
4.446961 0.696019
4.427962 0.651668
4.427047 0.756443
0.498557 -5.812124
4.729004 0.291245
4.680421 0.274811
4.701665 0.297237
4.383996 0.740838
4.433319 0.761313
4.364952 0.773249
4.724554 0.256859
4.732154 0.261981
4.702795 0.223185
4.912580 0.895438
0.486559 -5.770988
4.957034 1.200994
4.948609 1.234549
4.945820 1.205933
4.883835 0.415234
4.852931 0.321515
4.843195 0.371781
4.972736 1.276085
4.970251 1.260133
4.951435 1.285628
4.862579 0.247050
0.506224 -5.761477
4.874451 0.292234
4.837681 0.291199
5.395784 0.669152
5.419945 0.771838
5.231581 0.775806
5.416067 0.542798
5.340120 0.666941
5.300486 0.593865
4.272125 0.979416
4.318838 0.879026
0.464945 -5.746964
4.514239 0.926374
4.273851 0.794718
4.507838 0.762608
4.439231 0.919568
4.856850 1.508631
4.948383 1.501210
4.970532 1.369340
4.902792 1.462703
5.061340 1.318201
4.885343 1.296564
2.353843 3.686483
4.711420 0.082267
4.901987 0.057229
4.869788 0.235607
4.805437 0.160285
4.951667 0.253228
4.768784 0.301509
3.022328 3.011615
3.136449 3.285099
3.108355 3.309951
3.172098 3.306363
2.901258 3.552261
2.982369 2.895836
2.959587 2.901797
2.972226 2.885796
3.147093 3.380595
3.194499 3.358931
3.181944 3.342064
2.941370 2.871633
2.970560 2.864088
2.948415 2.810950
3.770611 3.208507
5.478757 0.613902
2.933734 3.553323
3.464849 3.368100
3.429388 3.403617
3.458534 3.380553
3.930898 3.090489
4.002831 3.030334
3.957816 3.051267
3.318475 3.433544
3.377133 3.385784
3.373462 3.415472
4.042824 2.969507
2.952428 3.531072
4.012376 2.965106
4.062609 2.967799
3.642550 2.800526
3.916066 2.874099
3.919273 2.841912
3.892315 2.836943
3.178707 2.765211
3.256877 2.756976
3.239982 2.758614
3.951375 2.873734
1.653879 3.827635
3.980123 2.864751
4.019379 2.813039
3.129572 2.734832
3.162014 2.735960
3.145644 2.705548
3.385206 3.077029
3.308694 3.247553
3.270109 3.267977
3.334569 3.230411
3.581257 2.552672
1.635638 3.854420
3.577013 2.500116
3.563844 2.500839
3.240798 3.325166
3.291781 3.312129
3.243585 3.308731
3.611930 2.463102
3.611830 2.489469
3.585003 2.452386
3.887721 2.508559
4.070462 2.678579
1.645761 3.824926
4.094715 2.644004
4.073080 2.713133
3.811811 2.449898
3.801905 2.376920
3.816072 2.450571
4.103702 2.739342
4.059020 2.778050
4.073542 2.742346
3.767833 2.407706
3.768544 2.423042
2.984883 3.516503
3.760442 2.366223
3.267910 2.493820
3.072337 2.610940
3.103862 2.596141
3.132732 2.594006
3.490592 2.371740
3.494286 2.334990
3.466332 2.378068
3.016514 2.626523
3.096403 2.634300
3.006648 3.508754
3.096264 2.622631
3.538560 2.302676
3.550211 2.327730
3.552555 2.340161
3.170430 3.486150
3.007646 3.479615
3.287471 3.371401
3.115912 3.410178
3.252212 3.298874
3.393657 3.358483
3.016543 3.528675
4.066501 2.796250
4.146083 2.881812
3.960477 2.927739
4.169349 2.663815
4.065689 2.845066
4.025895 2.795997
3.023600 2.639724
2.909031 2.732434
3.025655 2.849464
2.934470 2.553931
1.560521 3.853976
2.983542 2.714395
3.151004 2.669973
3.710974 2.212110
3.611534 2.322202
3.705974 2.449475
3.553841 2.255707
3.551925 2.412526
3.606529 2.369016
1.746632 1.100826
1.608658 0.919850
1.550313 3.844446
1.576645 0.916339
1.596268 0.877603
1.938951 1.305025
1.965674 1.344609
1.914534 1.296651
1.549826 0.850660
1.548193 0.867354
1.534024 0.848963
2.044574 1.395040
1.988281 1.346995
5.467942 0.670213
1.574252 3.862218
1.981878 1.375416
1.906157 0.796697
1.726020 0.776330
1.731467 0.745058
1.775271 0.750266
2.588555 0.926432
2.605687 0.911919
2.607360 0.883692
1.669835 0.746245
1.654949 0.784879
-0.897050 -0.179603
1.651175 0.730409
2.647666 0.939937
2.624086 0.911360
2.652029 0.914837
2.443965 1.243645
2.622368 1.093040
2.674502 1.105177
2.652988 1.065328
2.265975 1.337022
2.339145 1.356429
1.312021 0.667525
2.275812 1.343919
2.686434 1.074631
2.686177 1.023191
2.734397 1.039245
2.243407 1.452511
2.229671 1.333326
2.263147 1.400262
1.873063 0.458155
1.612556 0.611671
1.578610 0.556806
1.271565 0.608062
1.619856 0.606659
2.080916 0.381415
2.027886 0.368623
2.079706 0.375469
1.508423 0.583364
1.563724 0.620284
1.519065 0.603588
2.108621 0.326586
2.125437 0.377193
2.123583 0.341172
1.296651 0.614273
2.581213 0.593724
2.721036 0.774191
2.763291 0.796981
2.694954 0.746211
2.426931 0.409897
2.432403 0.400829
2.387895 0.444826
2.813154 0.818702
2.722929 0.820395
2.773057 0.823675
-1.050170 -0.214788
2.387928 0.379055
2.374490 0.429583
2.383050 0.399605
2.218717 0.890086
2.114761 1.282137
2.190235 1.194746
2.155255 1.255872
2.221420 0.493848
2.278021 0.494634
2.263360 0.519145
-1.089544 -0.239638
2.108145 1.321232
2.120732 1.302233
2.161300 1.281205
2.243602 0.450491
2.228734 0.458384
2.282228 0.460321
1.419785 0.637105
1.465814 0.802238
1.634447 0.811697
1.406172 0.613253
-1.115389 -0.271672
1.563908 0.742430
1.656607 0.695807
2.887531 1.016680
2.759047 0.915151
2.630103 0.994949
2.903750 0.863878
2.698956 0.838727
2.688062 0.943585
2.257929 1.543943
2.156444 1.577767
1.336203 0.660774
2.132372 1.348472
2.192536 1.483156
2.026135 1.320621
2.205831 1.314604
2.400319 0.266563
2.279835 0.224090
2.307742 0.403885
2.324755 0.312370
2.138005 0.387734
2.332138 0.454064
1.362749 0.671886
3.555862 -0.661099
3.488876 -1.402231
3.467888 -1.428124
3.428669 -1.404259
3.597029 -0.454888
3.574710 -0.450682
3.580953 -0.450701
3.473887 -1.475614
3.449597 -1.451254
3.415543 -1.480909
5.463431 0.646782
1.351337 0.636435
3.601622 -0.375230
3.619619 -0.409501
3.599424 -0.365896
3.722520 -1.282313
3.552436 -1.464027
3.571563 -1.462706
3.542476 -1.461494
3.957342 -1.047607
3.968566 -1.054077
3.887359 -1.106258
-1.192110 -0.256401
3.520030 -1.508460
3.513992 -1.482530
3.513363 -1.506733
3.981142 -1.034597
3.987913 -1.002887
4.009974 -0.989164
3.848779 -0.561706
3.956797 -0.736607
4.003438 -0.704573
3.941061 -0.704693
-1.178175 -0.269950
3.687919 -0.392587
3.696848 -0.374675
3.680102 -0.406755
4.015885 -0.769221
3.971651 -0.792326
4.001199 -0.742476
3.674036 -0.309277
3.640589 -0.373352
3.634590 -0.316927
3.103659 -1.160879
-1.192875 -0.283050
3.217858 -1.346127
3.245721 -1.436502
3.230712 -1.353429
3.016736 -0.961717
2.957970 -0.936647
2.992750 -0.991891
3.273205 -1.428360
3.259740 -1.398000
3.273111 -1.473275
2.971808 -0.901448
-3.647387 2.326693
2.986146 -0.867745
2.940620 -0.875688
3.400814 -0.826649
3.818663 -0.918461
3.919125 -0.865343
3.874265 -0.834922
3.201464 -0.795889
3.162973 -0.780878
3.175075 -0.777905
3.916097 -0.918501
-3.769665 2.103065
3.892122 -0.888089
3.943870 -0.851043
3.133218 -0.785727
3.114855 -0.807593
3.105153 -0.757869
3.213012 -0.532400
3.446229 -0.342042
3.420052 -0.304100
3.401377 -0.407946
3.064536 -0.683805
-3.821604 2.017587
3.073548 -0.611979
3.129212 -0.617511
3.486348 -0.285153
3.481671 -0.340166
3.462131 -0.313416
3.009966 -0.682185
3.097536 -0.684945
3.046366 -0.649717
3.495613 -1.571380
3.410330 -1.606311
-3.781708 2.067969
3.513282 -1.478601
3.291723 -1.600527
3.365356 -1.440275
3.421636 -1.450556
4.153554 -0.721113
4.092525 -0.913315
3.979059 -0.923749
4.099269 -0.788547
3.919615 -0.988690
3.921936 -0.785314
-3.427742 2.759430
3.626577 -0.150147
3.611309 -0.272051
3.648592 -0.397557
3.516989 -0.144884
3.514489 -0.352516
3.580848 -0.366514
2.965358 -0.694299
2.881013 -0.821183
3.038458 -0.879380
2.921544 -0.634050
-3.418215 2.807439
3.032672 -0.796215
3.125378 -0.741065
-4.945357 0.430380
-5.072845 0.098946
-5.035935 0.122184
-5.050378 0.119172
-4.780714 0.822396
-4.749529 0.848387
-4.767426 0.821095
-5.100340 0.024917
5.468801 0.602287
-3.404696 2.773706
-5.089877 0.035999
-5.069108 0.042887
-4.730041 0.897748
-4.735346 0.888092
-4.716588 0.893258
-3.332772 -0.588797
-4.268768 -0.653882
-4.290296 -0.637105
-4.244792 -0.670516
-2.771268 -0.524879
-3.852044 1.957126
-2.775139 -0.530130
-2.835887 -0.554956
-4.373919 -0.638980
-4.310378 -0.698213
-4.327917 -0.635677
-2.711247 -0.515762
-2.700093 -0.534723
-2.727260 -0.531870
-2.747345 0.532111
-2.393523 0.307590
-3.837190 1.996795
-2.463270 0.340523
-2.416390 0.311780
-3.255362 0.838391
-3.292711 0.844437
-3.218827 0.790038
-2.370419 0.282569
-2.336184 0.299257
-2.384080 0.273747
-3.306204 0.872096
-3.308013 0.877892
-3.836668 1.989346
-3.350051 0.874766
-4.572406 -2.011586
-4.857436 -1.555047
-4.801721 -1.583031
-4.826785 -1.554787
-4.403771 -2.284383
-4.386979 -2.282460
-4.386920 -2.286080
-4.854839 -1.527849
-4.857991 -1.519926
-3.378481 2.876484
-4.832981 -1.526328
-4.319172 -2.399049
-4.339636 -2.381223
-4.318307 -2.365079
-2.567740 -1.705860
-2.229070 -1.244342
-2.256003 -1.261412
-2.235963 -1.230235
-2.846588 -2.065809
-2.844934 -2.026808
-3.365014 2.837278
-2.859744 -2.015459
-2.185851 -1.162631
-2.150631 -1.155923
-2.208598 -1.192266
-2.885227 -2.088639
-2.881390 -2.079135
-2.884148 -2.056803
-3.767355 -1.399024
-3.979382 0.358132
-4.006105 0.317691
-3.362301 2.864557
-3.965548 0.311739
-3.724547 -1.721920
-3.752388 -1.653317
-3.730563 -1.683941
-4.000553 0.399335
-3.964198 0.389023
-3.999069 0.377373
-3.730866 -1.760316
-3.700292 -1.764508
-3.745496 -1.774389
3.293250 -1.861740
-5.058982 -0.775733
-5.297142 -0.812254
-5.297541 -0.843632
-5.250246 -0.827976
-4.693327 -0.656343
-4.793279 -0.724631
-4.700886 -0.717404
-5.390750 -0.823357
-5.374666 -0.837553
-5.381139 -0.865885
3.340882 -1.766700
-4.631441 -0.670903
-4.671961 -0.688570
-4.616630 -0.708266
-5.447502 -0.539974
-5.502897 -0.671871
-5.538977 -0.706453
-5.533314 -0.693372
-5.244630 -0.249274
-5.266649 -0.219658
-5.254428 -0.244432
3.342685 -1.779529
-5.530863 -0.733578
-5.521103 -0.736754
-5.536502 -0.720231
-5.215047 -0.177751
-5.225045 -0.202547
-5.229186 -0.196743
-4.731008 -0.429813
-4.925992 -0.239488
-4.922727 -0.223941
-4.923522 -0.269870
-5.641743 -0.923577
3.323090 -1.744497
-4.621124 -0.545526
-4.549269 -0.559992
-4.605683 -0.564897
-4.945927 -0.176452
-4.996169 -0.231052
-4.966513 -0.188014
-4.584615 -0.566615
-4.597588 -0.567419
-4.564228 -0.573609
-5.338261 -1.195034
2.780803 -2.973341
-5.430937 -1.117379
-5.471282 -1.074369
-5.470787 -1.103570
-5.139518 -1.307423
-5.148733 -1.355214
-5.143479 -1.305610
-5.490741 -1.037001
-5.463693 -1.020872
-5.481462 -1.041174
-5.120532 -1.346427
2.803308 -3.000517
-5.115290 -1.316140
-5.095012 -1.362830
-5.048872 -0.525503
-5.122235 -0.302709
-5.084238 -0.293372
-5.068528 -0.308176
-4.997532 -1.140733
-4.952782 -1.152686
-4.943533 -1.137047
-5.116505 -0.234025
2.756231 -2.966308
-5.078758 -0.262318
-5.057828 -0.246781
-4.966091 -1.204001
-4.950523 -1.174690
-4.925336 -1.183402
-4.658996 -1.009734
-4.573066 -0.875918
-4.520196 -0.837610
-4.545574 -0.827232
-4.800807 -1.188346
3.393696 -1.695677
-4.790650 -1.224383
-4.789657 -1.168589
-4.527102 -0.833846
-4.565724 -0.837050
-4.492327 -0.782352
-4.838732 -1.273474
-4.847417 -1.215464
-4.823474 -1.233701
-5.582634 -0.800547
-5.477643 -0.879457
3.389681 -1.686233
-5.446783 -0.774818
-5.543960 -0.988549
-5.428283 -0.987582
-5.507682 -0.847657
-5.002495 -0.042568
-5.178181 -0.059259
-5.135728 -0.207339
-5.078962 -0.058674
-5.183004 -0.224340
-5.025692 -0.269566
3.360641 -1.724853
-4.437171 -0.587678
-4.527428 -0.682657
-4.637981 -0.610631
-4.369837 -0.723071
-4.623344 -0.750238
-4.571761 -0.686214
-4.869176 -1.389567
-5.040497 -1.431412
-5.067549 -1.250713
-4.822291 -1.433410
2.768288 -3.037369
-4.988896 -1.283728
-4.879701 -1.193742
-1.761489 -0.023284
-1.524811 -0.193021
-1.408006 -0.191815
-1.488823 -0.205849
-2.010710 0.084412
-2.076768 0.163610
-1.961272 0.100267
-1.395260 -0.237750
2.743043 -2.993944
-1.454774 -0.241486
-1.416120 -0.226034
-2.109687 0.161223
-2.088094 0.116305
-2.081194 0.151597
-2.074782 -0.419818
-1.462631 -0.298773
-1.460595 -0.321184
-1.461768 -0.346412
-2.249949 -0.433573
2.773618 -2.977089
-2.345059 -0.477673
-2.272412 -0.492015
-1.418556 -0.282116
-1.469929 -0.300491
-1.430670 -0.327748
-2.444061 -0.467997
-2.388149 -0.457835
-2.417865 -0.501621
-2.427698 -0.121764
-2.450494 -0.323860
-5.595438 -0.916081
-2.665956 -3.374733
-2.506945 -0.324834
-2.493849 -0.322833
-2.312740 0.061321
-2.371229 0.045926
-2.355112 0.026450
-2.487627 -0.364375
-2.474674 -0.374275
-2.524202 -0.368363
-2.356285 0.120645
-2.300087 0.086769
-3.092873 -3.193475
-2.321035 0.096773
-1.715963 -0.763087
-1.405279 -0.475320
-1.425538 -0.535236
-1.435548 -0.490370
-1.923528 -0.921014
-1.869535 -0.915481
-1.873063 -0.882440
-1.363702 -0.444559
-1.399423 -0.459848
-3.156328 -3.193825
-1.378581 -0.460799
-1.946669 -0.958837
-1.940561 -0.919718
-1.945000 -0.946938
-2.358908 -0.837701
-2.499628 -0.672098
-2.507978 -0.675200
-2.467643 -0.673490
-2.236804 -0.943094
-2.285166 -0.936965
-3.015850 -3.244445
-2.234956 -0.947259
-2.557312 -0.613895
-2.497265 -0.613300
-2.548763 -0.581021
-2.206101 -0.987903
-2.173231 -0.924622
-2.235540 -0.963263
-2.076429 -0.571533
-2.144265 -0.061152
-2.183414 -0.054758
-2.160900 -3.604971
-2.166252 -0.093774
-2.041207 -0.740300
-2.039016 -0.728101
-2.075692 -0.788182
-2.193240 -0.002937
-2.171333 -0.011137
-2.202577 0.008135
-2.041749 -0.851499
-2.040622 -0.838450
-2.062149 -0.890149
-2.202676 -3.603068
-1.342418 -0.281184
-1.293411 -0.219516
-1.456429 -0.263232
-1.276417 -0.390204
-1.415291 -0.345725
-1.437099 -0.443009
-2.621732 -0.427630
-2.607027 -0.504280
-2.385504 -0.401503
-2.662707 -0.583023
-2.199935 -3.568243
-2.439938 -0.589416
-2.512638 -0.497647
-2.381357 0.224377
-2.253815 0.265977
-2.195022 0.096044
-2.274172 0.110550
-2.076028 0.076914
-2.248007 0.024840
-2.220122 -1.124421
-2.057362 -1.083816
-3.222705 -3.136443
-2.061404 -0.970088
-2.139930 -1.095732
-1.970642 -0.870220
-2.133706 -0.882419
-3.588910 1.322384
-3.835623 1.626862
-3.808797 1.684454
-3.793180 1.629452
-3.497523 1.166665
-3.471043 1.143880
-3.216475 -3.138847
-3.489127 1.149976
-3.879221 1.683133
-3.814106 1.641848
-3.819614 1.686395
-3.451856 1.092603
-3.475204 1.102619
-3.453727 1.078888
-4.325976 1.439022
-4.139752 1.611203
-4.072369 1.697623
-3.236960 -3.142268
-4.114480 1.634985
-4.499441 1.231310
-4.493651 1.252100
-4.488068 1.259690
-4.050491 1.716958
-4.061600 1.665065
-4.071027 1.694074
-4.556271 1.165057
-4.528224 1.179688
-4.563905 1.159795
-5.623010 -0.890466
-2.166588 -3.619486
-3.800668 0.986926
-4.459716 0.995256
-4.518073 0.973152
-4.432270 0.964944
-3.561851 1.017973
-3.601686 0.966377
-3.619649 0.968069
-4.547863 0.984685
-4.512714 1.009873
-4.537035 0.968704
-2.156902 -3.592785
-3.522586 1.028335
-3.523723 1.034833
-3.527809 0.965267
-3.975600 1.154672
-3.954444 1.489194
-3.957778 1.566988
-3.969186 1.534541
-4.019649 0.761677
-3.983359 0.787118
-3.973571 0.800865
-2.156924 -3.617552
-3.943754 1.674001
-3.960854 1.620381
-3.964159 1.675883
-4.001124 0.729516
-4.002253 0.719333
-3.971893 0.672287
-4.374129 0.779912
-4.511403 0.907328
-4.545062 0.893890
-4.513430 0.897024
-0.276454 0.697761
-4.174316 0.642471
-4.171035 0.607386
-4.192025 0.635951
-4.601845 0.960239
-4.536569 0.938510
-4.577655 0.938025
-4.115090 0.617004
-4.115650 0.629473
-4.105322 0.569755
-3.687341 0.716746
-0.343512 1.003063
-3.497495 0.852686
-3.463343 0.851633
-3.517306 0.855842
-3.849773 0.619051
-3.812930 0.573621
-3.841321 0.594767
-3.419294 0.872395
-3.486509 0.911033
-3.464000 0.869648
-3.849693 0.566545
-0.348012 0.955810
-3.863019 0.613393
-3.862827 0.541077
-3.949636 1.850712
-3.824910 1.800729
-3.962487 1.665381
-3.880551 1.871074
-3.878443 1.639862
-4.024396 1.641163
-4.629140 0.939090
-4.710127 0.979117
-0.389248 0.966815
-4.528624 1.105337
-4.684263 0.897245
-4.575491 1.059240
-4.507854 0.946347
-3.456378 0.919426
-3.370956 1.004902
-3.514226 1.075685
-3.355927 0.849189
-3.479568 1.004680
-3.494886 0.905898
0.187989 -1.033150
-4.084010 0.449744
-4.008029 0.500848
-4.085400 0.667863
-3.889377 0.481914
-3.930666 0.675351
-3.940088 0.578408
-3.148335 -2.704687
-3.274982 -2.917506
-3.233944 -2.927800
-3.264127 -2.944657
0.204387 -1.134714
-3.051749 -2.424049
-3.005697 -2.379038
-3.069345 -2.378428
-3.273069 -2.972116
-3.311275 -2.960980
-3.264799 -2.980893
-2.997036 -2.358806
-3.053034 -2.371330
-3.011200 -2.322851
-3.778856 -2.887548
0.169928 -1.072771
-3.604433 -2.997313
-3.604010 -2.993743
-3.614979 -2.960302
-4.097305 -2.670923
-4.086345 -2.696887
-4.105168 -2.651239
-3.549266 -3.038729
-3.540938 -2.989584
-3.519714 -3.037232
-4.130054 -2.656625
