2050 2
5.676645 -0.811613
5.638258 -0.804947
-2.674738 -5.641460
-2.456412 2.123142
-3.901191 -3.088628
-3.893859 -3.124116
-3.585713 -3.170056
-3.721372 -3.201908
-3.686824 -3.212550
-3.687981 -3.182926
-3.368918 -3.083500
-3.336445 -3.092931
-3.378866 -3.093824
-3.780195 -3.239049
-2.444724 2.137255
-3.757793 -3.198085
-3.744325 -3.236012
-3.306589 -3.085612
-3.337786 -3.065866
-3.266450 -3.073656
-3.470337 -2.199001
-3.644975 -2.105033
-3.662102 -2.089822
-3.621607 -2.151932
-3.246904 -2.306642
-2.440855 2.139335
-3.155851 -2.328995
-3.207861 -2.313365
-3.701347 -2.071939
-3.690113 -2.104261
-3.709335 -2.083150
-3.136123 -2.330229
-3.174381 -2.328193
-3.109434 -2.346104
-3.465964 -2.827320
-3.712512 -3.062558
-1.308927 2.585984
-3.729074 -3.130245
-3.667573 -3.035286
-3.247214 -2.558935
-3.243097 -2.605450
-3.226261 -2.592515
-3.800729 -3.163958
-3.759069 -3.121255
-3.745285 -3.171658
-3.197769 -2.554933
-3.176675 -2.519785
-1.315218 2.570956
-3.193840 -2.567543
-3.103278 -2.762414
-3.155187 -2.867579
-3.141427 -2.888007
-3.185491 -2.917442
-3.064961 -2.549559
-3.033037 -2.609125
-3.065411 -2.579497
-3.158942 -2.910417
-3.212218 -2.935774
-1.346403 2.592543
-3.179195 -2.943256
-2.998450 -2.506103
-3.087229 -2.522180
-3.039668 -2.546206
-3.900706 -2.102309
-3.806677 -2.090035
-3.816720 -2.256928
-3.769352 -1.983621
-3.716974 -2.134130
-3.753126 -2.175166
4.228987 -2.106783
-3.718138 -3.348308
-3.868524 -3.304669
-3.831401 -3.159190
-3.786557 -3.397058
-3.844959 -3.110733
-3.734554 -3.180472
-3.166010 -3.096110
-3.199216 -2.999160
-3.369774 -3.006314
-3.084976 -3.007545
4.659347 -1.620833
-3.257966 -2.866162
-3.241879 -2.986558
-2.976238 -2.537153
-2.984724 -2.394220
-3.195278 -2.421448
-2.914056 -2.534018
-3.098289 -2.415295
-3.146869 -2.553037
-1.693347 -0.994589
-1.984741 -0.896230
4.620051 -1.641091
-1.908583 -0.907993
-1.893977 -0.923935
-1.365426 -1.146196
-1.367961 -1.145297
-1.419099 -1.048572
-2.034245 -0.866171
-2.066851 -0.862985
-2.028756 -0.867526
-1.318509 -1.173542
-1.322112 -1.161443
4.677484 -1.584030
-1.331535 -1.130910
-1.068291 0.303253
-1.770796 0.088618
-1.799153 0.073404
-1.759605 0.106136
-0.698583 0.445069
-0.684179 0.451306
-0.681737 0.468199
-1.884747 0.017557
-1.882736 0.059235
-2.652389 -5.620095
4.034096 -2.322385
-1.865925 0.053766
-0.549189 0.504268
-0.583078 0.521173
-0.586171 0.517025
0.119204 -0.308236
0.205614 -0.010510
0.189993 -0.048267
0.185191 -0.023383
0.032367 -0.599779
0.006622 -0.635271
4.001720 -2.324535
0.021270 -0.618820
0.213943 0.010788
0.234789 0.092513
0.211873 0.017962
-0.038279 -0.751325
-0.021485 -0.724927
-0.020410 -0.710569
-3.155915 0.461985
-3.105351 0.249648
-3.065794 0.224566
4.039876 -2.294242
-3.071372 0.230022
-3.267175 1.069077
-3.256690 1.075202
-3.253472 1.036950
-3.029295 0.160036
-3.028142 0.140825
-3.021645 0.168719
-3.263361 1.112193
-3.280739 1.115588
-3.266610 1.089005
4.713201 -1.551684
-1.374375 1.387823
-0.609830 1.303652
-0.543070 1.277633
-0.563244 1.284543
-1.792254 1.447580
-1.738111 1.432293
-1.723928 1.418055
-0.464154 1.256580
-0.468607 1.286904
-0.483493 1.262679
4.729548 -1.543911
-1.863877 1.456076
-1.904098 1.454836
-1.837227 1.443456
-2.091988 0.610913
-1.012771 -0.442047
-1.025107 -0.445925
-1.018849 -0.421220
-2.300547 0.822310
-2.293462 0.771194
-2.260349 0.789652
4.689425 -1.564168
-0.971505 -0.507795
-0.972027 -0.462680
-0.962522 -0.478129
-2.359782 0.863223
-2.348981 0.893823
-2.383363 0.861222
-2.486302 -0.268039
-2.781380 -0.492876
-2.781385 -0.475103
-2.798276 -0.489217
3.964460 -2.374868
-2.254684 -0.154055
-2.224702 -0.104833
-2.309808 -0.140187
-2.843060 -0.548397
-2.818443 -0.514683
-2.852232 -0.526368
-2.164809 -0.091155
-2.191364 -0.118783
-2.171045 -0.075909
-2.558044 -0.765369
3.974239 -2.369754
-2.781499 -0.715914
-2.875242 -0.751043
-2.809868 -0.727187
-2.303344 -0.776830
-2.314183 -0.802842
-2.377376 -0.785026
-2.860656 -0.711430
-2.829422 -0.692802
-2.878129 -0.713007
-2.261726 -0.815662
3.955416 -2.358577
-2.312042 -0.784166
-2.302041 -0.800289
-2.079536 -0.405562
-2.108601 -0.574648
-2.096383 -0.588382
-2.130685 -0.578834
-2.037072 -0.193022
-2.014610 -0.198933
-2.049505 -0.191892
-2.096807 -0.633837
3.808357 -0.474324
-2.133249 -0.605909
-2.130759 -0.621572
-1.999996 -0.163160
-2.029794 -0.157847
-2.011300 -0.108968
-3.071529 -0.240263
-2.978699 -0.548005
-3.037897 -0.544500
-2.990467 -0.539016
-3.063600 -0.112061
-2.617918 -5.650728
4.319343 -0.548710
-3.091589 -0.088605
-3.072388 -0.037539
-2.973505 -0.586560
-2.975383 -0.579120
-2.992165 -0.597977
-3.087954 -0.046493
-3.058934 -0.050189
-3.073792 -0.017293
-2.642460 -0.275574
-2.360762 -0.623260
4.290568 -0.561901
-2.295667 -0.655038
-2.319220 -0.634436
-2.797566 -0.126486
-2.797228 -0.068210
-2.791397 -0.089484
-2.263183 -0.700586
-2.294467 -0.693451
-2.236186 -0.684004
-2.897410 -0.009782
-2.875196 -0.055540
4.323717 -0.520308
-2.868127 -0.007999
-2.597640 0.049245
-2.216010 0.020478
-2.178937 0.045875
-2.182219 0.018513
-2.859050 0.071298
-2.818595 0.077050
-2.798979 0.057575
-2.136032 0.010152
-2.138040 0.030635
3.349810 -0.404451
-2.147496 0.033395
-2.910986 0.079917
-2.917342 0.068047
-2.876868 0.070716
-2.986100 -0.718339
-2.905306 -0.589605
-2.820967 -0.633883
-3.020106 -0.621851
-2.865426 -0.526709
-2.898328 -0.666368
3.383957 -0.432451
-2.030954 -0.768723
-2.158625 -0.847943
-2.237285 -0.731483
-2.164658 -0.776175
-2.341014 -0.757817
-2.204278 -0.637036
-1.929448 -0.042522
-1.936623 0.014054
-2.128957 -0.144852
-2.020129 0.052815
3.382156 -0.415988
-2.218434 -0.056025
-2.086936 -0.080930
-2.981215 0.094730
-3.108555 0.061933
-2.969568 -0.072973
-2.952842 0.147526
-2.992202 0.032606
-2.863602 0.008112
0.613940 0.499060
0.690208 0.614485
4.403065 -0.595305
0.710620 0.603165
0.712907 0.612518
0.388358 0.320696
0.442897 0.313870
0.432537 0.344686
0.723633 0.629835
0.714414 0.651017
0.740640 0.646475
0.389011 0.290242
0.379852 0.320656
4.419600 -0.531160
0.388432 0.290991
0.153499 0.699458
0.539986 0.725760
0.530969 0.732986
0.525775 0.759061
-0.223907 0.611704
-0.200377 0.632813
-0.234320 0.627303
0.613856 0.752647
0.608771 0.768427
4.373112 -0.570136
0.641724 0.787919
-0.277816 0.551748
-0.298736 0.605277
-0.300309 0.630890
-0.053625 0.334890
-0.282099 0.420853
-0.374897 0.446812
-0.340208 0.453746
0.138684 0.276202
0.149111 0.230934
3.239966 -0.387469
0.134779 0.257179
-0.365428 0.448766
-0.358682 0.461191
-0.417691 0.446380
0.210459 0.218777
0.204398 0.256881
0.173875 0.246087
0.228600 1.068584
0.612785 0.928239
0.667594 0.908190
-2.670001 -5.617141
3.286411 -0.373566
0.567621 0.915041
-0.021190 1.174914
-0.099730 1.206398
-0.082287 1.193837
0.737116 0.878043
0.647129 0.861261
0.670301 0.883088
-0.176623 1.231210
-0.143146 1.212338
-0.171425 1.246135
3.312507 -0.407927
-0.419569 0.872848
-0.425016 0.786454
-0.494334 0.709581
-0.451685 0.737762
-0.349954 1.070790
-0.395779 1.108652
-0.367911 1.055246
-0.482384 0.700929
-0.473833 0.665786
-0.495937 0.659415
2.552337 -1.430834
-0.343022 1.120282
-0.308876 1.118304
-0.335937 1.116601
0.004594 0.688250
0.192742 0.381561
0.191216 0.368210
0.148119 0.403039
-0.181673 1.101660
-0.248586 1.121761
-0.178902 1.051810
2.474744 -1.058186
0.229585 0.372990
0.200665 0.335571
0.192726 0.296053
-0.251273 1.112636
-0.224736 1.107056
-0.241926 1.105235
0.768825 0.728557
0.804441 0.658919
0.650656 0.675588
0.820243 0.813918
2.528952 -1.064027
0.698772 0.713911
0.616295 0.827715
-0.521651 0.461513
-0.491267 0.519680
-0.292530 0.517167
-0.567346 0.603821
-0.362421 0.648009
-0.452853 0.592688
0.224167 0.158231
0.356535 0.188332
2.503221 -1.097151
0.296192 0.282429
0.200165 0.222849
0.317761 0.357292
0.175019 0.281986
-0.432632 1.184533
-0.281691 1.266362
-0.244356 1.159809
-0.315869 1.163710
-0.157546 1.178093
-0.254171 1.096297
2.632232 -2.041459
-0.202482 -1.316893
-0.321245 -1.532405
-0.322963 -1.582211
-0.330778 -1.512651
-0.103134 -1.102555
-0.063021 -1.016641
-0.126881 -1.098214
-0.372480 -1.610269
-0.372587 -1.568225
-0.343803 -1.564580
2.635423 -2.049400
-0.063603 -1.014381
-0.099605 -1.048082
-0.071400 -0.993207
-0.863660 -1.489350
-0.623423 -1.664885
-0.651993 -1.679896
-0.650824 -1.636092
-0.989082 -1.381715
-1.017951 -1.371721
-0.984913 -1.370031
2.641279 -2.031151
-0.606571 -1.681026
-0.600431 -1.651725
-0.600218 -1.688023
-1.022604 -1.365993
-1.002751 -1.337332
-1.032507 -1.339215
-0.616177 -1.033780
-0.915917 -1.136363
-0.959705 -1.140519
-0.895890 -1.109897
2.497687 -1.008325
-0.313616 -0.957665
-0.232787 -0.887574
-0.341158 -0.954612
-1.025233 -1.170409
-0.974093 -1.150554
-0.998865 -1.133943
-0.203435 -0.934001
-0.211442 -0.929249
-0.235612 -0.880787
-0.629940 -1.138832
-3.116509 -0.671792
2.460117 -0.990879
-0.519930 -1.416397
-0.541247 -1.474363
-0.561044 -1.407007
-0.747323 -0.822070
-0.762419 -0.799743
-0.707380 -0.887075
-0.513786 -1.486749
-0.515200 -1.464936
-0.524882 -1.492294
-0.798583 -0.741318
2.511444 -0.985052
-0.749131 -0.773536
-0.778783 -0.765108
-1.034220 -0.903503
-1.088278 -1.090499
-1.143584 -1.028958
-1.069995 -1.056549
-0.938398 -0.750283
-0.992182 -0.710188
-0.936956 -0.732585
-1.137532 -1.076334
2.651456 -2.131089
-1.079675 -1.115450
-1.136653 -1.069653
-0.934922 -0.720867
-0.908004 -0.716213
-0.947635 -0.703784
-0.362077 -0.729936
-0.228754 -0.801445
-0.230353 -0.765356
-0.251232 -0.777662
-0.649306 -0.636327
2.650923 -2.135266
-0.698069 -0.567705
-0.658205 -0.613287
-0.175841 -0.817792
-0.176396 -0.829143
-0.174771 -0.801144
-0.705037 -0.598385
-0.717981 -0.630917
-0.725445 -0.594404
-0.608836 -1.756129
-0.420379 -1.726773
2.667968 -2.093603
-0.455300 -1.635141
-0.550310 -1.798414
-0.399363 -1.519173
-0.577407 -1.585168
-1.095127 -1.163784
-1.252534 -1.217271
-0.996802 -1.279544
-1.231472 -1.067568
-1.061445 -1.186450
-0.992392 -1.130444
4.882439 0.500303
-0.104213 -0.787073
-0.037308 -0.885057
-0.133235 -1.003603
-0.105869 -0.759139
-0.140545 -0.929657
-0.235011 -0.871568
-0.975997 -0.577240
-0.849613 -0.662885
-0.854901 -0.730370
-0.803115 -0.531636
5.012737 0.233506
-0.685307 -0.700105
-0.828209 -0.664267
-2.361436 1.783959
-2.521501 1.899057
-2.511511 1.932923
-2.529617 1.940513
-2.210913 1.627926
-2.180574 1.631497
-2.189625 1.621425
-2.565969 1.972258
4.978748 0.255073
-2.573835 1.943570
-2.556216 1.979716
-2.146094 1.572350
-2.184888 1.574790
-2.130175 1.576632
-2.993672 1.688825
-2.855712 1.870649
-2.835768 1.882632
-2.823344 1.883916
-3.119250 1.518716
4.978891 0.248110
-3.111207 1.540744
-3.151559 1.463713
-2.768587 1.950993
-2.768133 1.932758
-2.773953 1.933923
-3.168852 1.444644
-3.164935 1.421515
-3.175515 1.413966
-2.582938 1.376014
-3.062605 1.320321
4.609650 1.345104
-3.040012 1.283882
-3.030162 1.280135
-2.360973 1.443954
-2.324609 1.435391
-2.334088 1.433294
-3.102437 1.269107
-3.066803 1.299789
-3.079176 1.264348
-2.254401 1.460940
-2.269047 1.468509
-3.065330 -0.687555
4.594208 1.324164
-2.265833 1.448655
-2.571225 1.562527
-2.608996 1.756524
-2.609386 1.803720
-2.628013 1.795397
-2.521457 1.168731
-2.502050 1.135024
-2.513056 1.225097
-2.601484 1.903177
-2.625638 1.892747
4.591773 1.330726
-2.610439 1.920203
-2.519170 1.091059
-2.498111 1.123943
-2.460076 1.093096
-2.921846 1.071471
-3.114744 1.177310
-3.114542 1.140862
-3.117331 1.148800
-2.709232 0.998813
-2.744890 1.000277
5.022726 0.182835
-2.728481 1.010259
-3.165372 1.154212
-3.141207 1.213300
-3.139983 1.172469
-2.621749 0.971588
-2.665403 1.021537
-2.646223 0.966350
-2.212769 1.236623
-2.134969 1.364600
-2.114408 1.342246
4.997118 0.200774
-2.155438 1.352341
-2.339568 1.120559
-2.334991 1.065263
-2.334479 1.112279
-2.075210 1.388766
-2.134151 1.409068
-2.084655 1.358130
-2.347275 1.052668
-2.371091 1.089161
-2.375928 1.035062
4.997364 0.165987
-2.612797 2.059741
-2.471852 2.083821
-2.696332 1.945286
-2.507768 2.045675
-2.599505 1.891996
-2.715273 1.903460
-3.210038 1.141294
-3.256613 1.218403
-3.127249 1.400995
-3.210163 1.121060
4.558236 1.401586
-3.163137 1.343225
-3.095564 1.221336
-1.890585 1.457774
-1.950295 1.505180
-2.236034 1.524676
-1.992625 1.395810
-2.127887 1.493275
-2.221741 1.408063
-2.509177 0.889359
-2.399836 0.963995
4.579945 1.396066
-2.596783 1.026049
-2.334725 0.950292
-2.414715 1.123104
-2.539634 1.027963
-1.572346 5.215609
-0.782280 5.529047
-0.753841 5.527745
-0.804195 5.488082
-2.159173 4.915868
-2.101433 4.934326
4.574244 1.369855
-2.141298 4.923312
-0.715596 5.574733
-0.703562 5.553393
-0.689352 5.543465
-2.160440 4.908093
-2.170764 4.905355
-2.141609 4.912217
1.337945 4.879422
1.039463 5.280886
1.017860 5.241295
3.152698 1.130228
1.030225 5.249287
1.576660 4.581949
1.554652 4.587354
1.519579 4.653279
0.950978 5.361897
1.032574 5.303986
0.936831 5.308426
1.604126 4.539768
1.630902 4.524319
1.571889 4.561073
2.914405 0.674862
-0.778460 4.189288
0.840251 3.990692
0.839664 4.016936
0.846105 3.998965
-1.524956 4.228613
-1.497464 4.235311
-1.465542 4.216782
0.917699 4.003375
0.932365 3.972976
0.888147 4.005337
-3.051387 -0.702283
2.944820 0.649683
-1.590019 4.252601
-1.539914 4.223961
-1.547389 4.224037
-0.195441 4.445068
-0.067475 4.927955
-0.094342 4.890775
-0.035639 4.926898
-0.358628 3.970495
-0.335136 3.987157
-0.360075 3.979807
2.927914 0.676142
-0.058814 4.990136
-0.037536 4.992999
-0.032401 4.980492
-0.394073 3.855420
-0.382897 3.925617
-0.373375 3.902184
0.854298 3.164133
1.158863 3.218984
1.128152 3.222008
1.125915 3.217583
3.267212 1.337818
0.146346 3.066951
0.147332 3.077388
0.132872 3.070985
1.253649 3.241484
1.214588 3.251459
1.212107 3.252695
0.083708 3.058210
0.067497 3.057580
0.092339 3.067454
-1.687624 3.522663
3.290347 1.348031
-2.063655 3.624292
-2.059467 3.643482
-2.028254 3.624862
-1.399486 3.408662
-1.392623 3.429853
-1.413348 3.435156
-2.159252 3.670029
-2.121440 3.647866
-2.131196 3.683481
-1.331510 3.386754
3.261760 1.305854
-1.307958 3.371025
-1.266969 3.426358
0.589937 5.816090
0.377349 5.991587
0.418660 5.977487
0.414905 5.954144
0.707941 5.658235
0.770785 5.643227
0.725060 5.660446
0.352132 6.038247
2.903530 0.599166
0.352486 6.003310
0.367580 6.036624
0.855423 5.546144
0.782192 5.589702
0.806332 5.588925
-0.214271 5.939122
0.004772 6.041209
-0.018259 6.094600
-0.020208 6.058326
-0.444886 5.780949
2.873381 0.628760
-0.448376 5.787432
-0.436134 5.769899
0.054715 6.112092
-0.003098 6.034419
0.013925 6.085429
-0.493655 5.731361
-0.482202 5.736142
-0.513991 5.715536
-0.165385 5.559414
-0.374375 5.605841
2.904067 0.604018
-0.366737 5.582016
-0.327798 5.546625
0.577727 5.516521
0.618696 5.489003
0.554599 5.494372
-0.432125 5.632506
-0.426798 5.614504
-0.445776 5.578498
0.669516 5.502092
0.606822 5.515959
3.317312 1.443534
0.630555 5.482643
0.128657 5.565094
0.225841 5.882353
0.198825 5.868723
0.185426 5.850806
0.080027 5.447513
0.073725 5.377345
0.110287 5.407653
0.220441 5.910284
0.214930 5.904831
3.318958 1.409583
0.189986 5.917774
0.030680 5.329599
0.080987 5.322804
0.083186 5.274127
-0.343727 5.354086
-0.461653 5.466117
-0.520370 5.465173
-0.482713 5.479019
-0.158039 5.258351
-0.164550 5.209595
-3.071473 -0.692625
3.293785 1.372101
-0.147432 5.242070
-0.530133 5.510746
-0.478608 5.516073
-0.501345 5.487934
-0.149090 5.222714
-0.119719 5.236542
-0.102338 5.194129
0.501316 5.257897
0.684034 5.320234
0.755087 5.291685
3.700227 -0.337794
0.653028 5.316585
0.245073 5.208735
0.262630 5.201947
0.227770 5.202417
0.807094 5.349562
0.757144 5.360255
0.750984 5.327512
0.160790 5.186944
0.164034 5.205385
0.160700 5.182867
3.397941 -1.842644
0.128465 6.167771
0.290011 6.113420
0.194570 6.036710
0.212722 5.990839
0.304987 5.936972
0.109908 5.978898
-0.579520 5.565876
-0.579452 5.689239
-0.452984 5.715894
-0.641330 5.505980
3.421969 -1.769358
-0.481525 5.598744
-0.441580 5.523386
0.817250 5.387031
0.935906 5.437672
0.664658 5.587041
0.873836 5.285664
0.790030 5.460585
0.625034 5.426036
-0.094200 5.044495
0.008823 5.130630
3.368843 -1.786867
-0.035658 5.292068
0.060122 5.033158
0.133362 5.258018
0.063205 5.220692
1.859912 3.716918
2.133327 3.634659
2.158409 3.595480
2.138634 3.582568
1.362293 3.896536
1.305810 3.899191
3.867193 0.869052
1.315523 3.874723
2.229309 3.580578
2.182905 3.589081
2.204433 3.571239
1.274552 3.924770
1.287981 3.909397
1.258187 3.905646
2.096951 3.908501
2.260190 3.680358
2.274438 3.696280
3.877044 0.851017
2.274311 3.665212
1.841115 4.236075
1.825656 4.280608
1.853709 4.226744
2.337066 3.610819
2.286279 3.612983
2.334215 3.614444
1.793575 4.302845
1.823163 4.250432
1.807815 4.287435
3.847915 0.842965
1.364815 4.205622
1.526792 4.322284
1.527143 4.362113
1.505243 4.286225
1.267274 4.107397
1.209509 4.118308
1.228705 4.086092
1.565897 4.361424
1.564640 4.332818
1.561035 4.358618
3.416761 -1.864667
1.215487 4.071296
1.230869 4.060740
1.158889 4.054423
1.973980 3.365822
2.190822 3.415247
2.223770 3.378819
2.196758 3.417637
1.700926 3.326503
1.653531 3.306724
1.658716 3.329194
3.365069 -1.855889
2.254138 3.420743
2.231428 3.428333
2.261183 3.399520
1.563621 3.322363
1.583661 3.337624
1.554187 3.316623
1.605069 3.737522
1.701293 4.119994
1.677050 4.218188
1.700866 4.168503
-3.026038 -0.708933
3.383325 -1.838013
1.555645 3.548814
1.515704 3.484482
1.541911 3.538474
1.705857 4.244148
1.718027 4.174734
1.676968 4.256966
1.525828 3.454754
1.530556 3.512877
1.499925 3.465434
1.235364 3.672870
3.880881 0.962396
1.182853 3.782309
1.145851 3.822112
1.171749 3.799829
1.357605 3.460150
1.288245 3.446104
1.336147 3.478886
1.113126 3.863083
1.160434 3.820813
1.141087 3.878119
1.323509 3.406606
3.852245 0.989602
1.356638 3.437093
1.332180 3.430371
2.426215 3.527804
2.416798 3.444743
2.245776 3.632194
2.374798 3.353511
2.210515 3.505411
2.265340 3.555527
1.571699 4.475217
1.701034 4.443913
3.871086 0.937733
1.743932 4.296316
1.657916 4.362608
1.768088 4.223083
1.597562 4.301630
1.006131 4.058782
1.085121 3.942523
1.269867 4.005530
1.010814 3.926115
1.225253 3.869623
1.184367 3.976413
5.018110 -0.691658
1.325989 3.323941
1.335567 3.248939
1.572225 3.396177
1.256071 3.334568
1.488312 3.389449
1.443333 3.473849
-2.678119 4.044578
-2.801315 4.018810
-2.854831 3.949379
-2.830533 3.981982
5.275383 -0.791169
-2.081433 4.185656
-2.035921 4.212364
-2.020334 4.188667
-2.894713 3.983783
-2.876935 3.977215
-2.885191 3.960449
-1.928516 4.219557
-1.999568 4.200248
-1.957527 4.207417
-2.697161 4.446584
5.342747 -0.763039
-2.904211 4.190121
-2.979234 4.130319
-2.919628 4.170093
-2.548023 4.596681
-2.538720 4.639972
-2.533747 4.628117
-2.959973 4.089208
-2.927850 4.098791
-2.960221 4.078166
-2.479963 4.676913
5.283636 -0.753878
-2.488889 4.661938
-2.472189 4.688937
-2.009982 4.546149
-2.208512 4.679260
-2.140769 4.759489
-2.193838 4.715949
-1.868205 4.377250
-1.855882 4.406055
-1.866826 4.375213
-2.223725 4.726381
4.809570 -0.646322
-2.239828 4.721051
-2.196043 4.753408
-1.829468 4.355507
-1.857489 4.324071
-1.815752 4.339754
-2.652341 3.735031
-2.823955 3.771416
-2.850410 3.767265
-2.827466 3.770569
-2.489375 3.734309
4.823993 -0.634357
-2.434215 3.705436
-2.458756 3.723886
-2.890072 3.784246
-2.875981 3.819412
-2.898354 3.788221
-2.421988 3.731877
-2.426060 3.747732
-2.382270 3.728688
-2.366873 4.142997
-2.385574 4.667034
-3.050538 -0.686503
4.819715 -0.619255
-2.318578 4.690454
-2.353249 4.681106
-2.362956 3.951358
-2.351969 3.924002
-2.331939 3.990621
-2.341703 4.743937
-2.365383 4.738678
-2.330994 4.734835
-2.375754 3.883138
-2.327182 3.937030
5.405974 -0.815703
-2.333822 3.902654
-2.005914 3.991437
-1.906836 4.099751
-1.906716 4.085394
-1.873786 4.166630
-2.147676 3.867137
-2.079504 3.849270
-2.153097 3.880515
-1.873414 4.129765
-1.867367 4.155959
5.390069 -0.768611
-1.841451 4.159399
-2.153101 3.801619
-2.184835 3.843326
-2.142714 3.848531
-3.031411 4.003836
-2.982084 3.879817
-2.901926 4.033337
-3.026146 3.773982
-2.870741 3.870488
-2.915269 3.991389
5.361176 -0.752319
-2.139713 4.869488
-2.355707 4.779147
-2.351535 4.679644
-2.217197 4.855326
-2.421236 4.702967
-2.278346 4.724314
-1.656118 4.300437
-1.669477 4.219603
-1.948821 4.276601
-1.639818 4.175232
4.723286 -0.628652
-1.942237 4.158387
-1.844367 4.261767
-2.235964 3.796721
-2.238281 3.658704
-2.419575 3.819731
-2.097435 3.729625
-2.292805 3.783284
-2.228107 3.910842
-0.604310 2.780979
-0.893171 2.696575
4.740098 -0.630184
-0.874016 2.667807
-0.900246 2.672760
-0.296888 2.919250
-0.284939 2.906238
-0.297821 2.912121
-0.958551 2.666847
-0.930601 2.693861
-0.951623 2.654610
-0.230933 2.940109
-0.247004 2.948115
4.760482 -0.593859
-0.238942 2.942569
-0.777090 3.281090
-0.970125 2.896309
-1.025961 2.871367
-1.028446 2.867061
-0.570203 3.576844
-0.587051 3.579512
-0.594191 3.575061
-1.071610 2.817321
-1.062332 2.814832
5.282009 -1.103480
-1.100800 2.823249
-0.536482 3.630938
-0.539898 3.619491
-0.564526 3.636498
-0.184250 3.499779
-0.259351 3.631270
-0.246764 3.664079
-0.250495 3.644405
-0.111589 3.241857
-0.050267 3.214653
5.421488 -0.976508
-0.099500 3.192917
-0.302600 3.694770
-0.326871 3.700470
-0.286752 3.722011
-0.018172 3.134314
-0.068433 3.154050
-0.062765 3.163386
-1.207125 3.021229
-1.218438 2.821004
-1.251770 2.756536
5.400800 -1.005438
-1.231116 2.782028
-1.152749 3.183965
-1.226589 3.170166
-1.190900 3.158719
-1.213097 2.732144
-1.192673 2.766385
-1.236683 2.741492
-1.245011 3.247511
-1.179873 3.199226
-1.197010 3.199861
5.643319 -0.823958
-3.048802 -0.723200
5.419509 -0.951583
-0.832693 3.581615
-0.614398 3.731588
-0.574220 3.750419
-0.551886 3.733661
-1.045325 3.451977
-1.063813 3.481377
-1.036639 3.441628
-0.549427 3.753707
-0.530033 3.726700
-0.486724 3.793358
5.008653 -1.306435
-1.099628 3.447230
-1.087710 3.388669
-1.072741 3.441021
-0.527062 3.149811
-0.268366 3.050204
-0.270505 3.096452
-0.231690 3.087810
-0.992867 3.237777
-0.978264 3.233339
-0.968801 3.220944
4.942004 -1.365597
-0.179534 3.075949
-0.189045 3.070446
-0.154756 3.073563
-1.052902 3.254116
-1.034397 3.244901
-1.016667 3.248699
-1.231367 2.676429
-1.143866 2.569702
-0.943339 2.735125
-1.289159 2.660434
4.982613 -1.313645
-1.041350 2.693281
-1.147843 2.783642
-0.297461 3.790729
-0.516323 3.707706
-0.435778 3.629355
-0.437119 3.867536
-0.566949 3.670022
-0.426138 3.732841
-0.022691 3.147635
-0.118033 2.973058
5.449675 -0.967151
-0.159424 3.055371
0.008588 3.066613
-0.229832 3.021724
-0.130522 3.134156
-1.241478 3.439261
-1.283553 3.309947
-1.146261 3.293530
-1.154679 3.313607
-1.111454 3.211777
-1.023852 3.310708
5.455811 -0.918727
5.458531 -0.941557
4.908162 -1.383353
4.921763 -1.345091
4.906618 -1.376032
0.202049 6.194905
4.620028 -0.923787
4.747281 -1.298605
4.704458 -1.353916
4.712896 -1.250843
4.599362 -0.777574
4.529876 -0.805765
4.586808 -0.786893
4.726383 -1.390899
4.788763 -1.305252
4.731516 -1.384323
0.223162 6.189939
4.556427 -0.741136
4.590852 -0.732113
4.553830 -0.737110
5.378244 -0.370940
5.466386 -0.576253
5.505314 -0.601557
5.473154 -0.628627
5.228718 -0.133022
5.258747 -0.130551
5.270654 -0.153345
0.188538 6.201367
5.508056 -0.640883
5.475155 -0.660653
5.515979 -0.652919
5.215764 -0.084911
5.244610 -0.112917
5.228640 -0.096364
4.988645 -0.488108
4.910097 -1.169665
4.884440 -1.168358
4.900682 -1.126230
0.205825 6.188970
5.056795 -0.272867
5.017817 -0.299845
5.020304 -0.314754
4.902240 -1.227190
4.914190 -1.208967
4.877548 -1.214754
5.057197 -0.134247
5.083946 -0.170232
5.017951 -0.131879
4.824168 -0.288785
0.230941 6.169858
4.724770 -0.435370
4.646779 -0.437167
4.681422 -0.469252
5.022294 -0.126356
4.988008 -0.078562
4.983316 -0.090548
4.669016 -0.500312
4.680668 -0.502098
4.635827 -0.493247
5.036861 -0.046565
0.214242 6.158916
5.024905 -0.072571
5.000130 -0.017530
5.579136 -0.872805
5.490298 -0.801948
5.426934 -0.916920
5.584229 -0.712439
5.429924 -0.664922
5.440549 -0.807635
4.699644 -1.489381
4.809845 -1.483119
0.188815 6.190577
4.835849 -1.349043
4.744016 -1.471991
4.929958 -1.263828
4.833399 -1.233753
4.446937 -0.682379
4.539433 -0.591245
4.673531 -0.696609
4.462642 -0.481297
4.721821 -0.523509
4.626502 -0.583285
1.304479 0.488270
5.020424 0.007939
5.166870 0.043173
5.165527 -0.165164
4.994579 0.085076
5.138144 -0.103055
5.003882 -0.092274
2.219007 -0.430949
2.100801 -0.125596
2.093426 -0.141864
2.106225 -0.138020
1.827411 0.221436
2.333005 -0.678778
2.291012 -0.602488
2.303049 -0.625658
2.073590 -0.077616
2.088875 -0.069849
2.071942 -0.029191
2.353599 -0.717087
2.298983 -0.685162
2.350351 -0.718410
2.605093 -0.141123
5.656013 -0.796480
1.857988 0.234131
2.316052 -0.027988
2.278339 -0.000018
2.309385 -0.006262
2.840699 -0.259596
2.812660 -0.222732
2.851172 -0.221542
2.222696 0.014350
2.239037 0.022671
2.205291 0.049972
2.934741 -0.271442
1.871497 0.229163
2.906798 -0.267233
2.925231 -0.256551
2.731763 -0.672148
2.958103 -0.481533
2.995382 -0.511194
2.961930 -0.477949
2.633164 -0.742120
2.625941 -0.749358
2.640727 -0.719614
3.017631 -0.469295
0.962484 0.646855
2.997745 -0.462171
3.045309 -0.462892
2.580292 -0.798590
2.561846 -0.743807
2.567366 -0.805472
2.436687 0.364127
2.181956 0.189356
2.176311 0.239871
2.279918 0.263208
2.648518 0.469976
0.900440 0.684433
2.704330 0.539396
2.622736 0.474167
2.156414 0.224373
2.193862 0.205777
2.159077 0.185397
2.693779 0.529382
2.653854 0.469476
2.672774 0.493284
3.012622 0.069701
3.039184 -0.136222
1.048501 0.643092
3.088031 -0.161620
3.074183 -0.155669
2.925010 0.294338
2.977885 0.306754
2.939345 0.272402
3.101498 -0.177362
3.050517 -0.240154
3.134903 -0.228946
2.928897 0.376933
2.888653 0.343352
1.932614 0.159265
2.914204 0.346303
2.659315 0.004818
2.507312 -0.607225
2.515583 -0.630575
2.550395 -0.630636
2.731011 0.284403
2.735406 0.286771
2.746732 0.246637
2.498892 -0.674308
2.496716 -0.666745
1.899165 0.173215
2.511633 -0.702640
2.743145 0.341431
2.764339 0.343122
2.757831 0.338186
2.097911 0.083991
1.955509 0.092179
2.154168 -0.058124
2.064361 0.225324
2.132962 0.107138
2.218772 0.144236
1.929552 0.206481
3.216581 -0.442991
3.070548 -0.326762
2.921684 -0.405674
3.205617 -0.277453
2.944276 -0.207585
3.038090 -0.359586
2.533180 -0.944539
2.411645 -0.865537
2.415638 -0.726785
2.495966 -0.778000
0.839564 0.688311
2.418160 -0.663411
2.547091 -0.731384
2.945722 0.520859
2.759922 0.570621
2.826371 0.393804
2.812490 0.484671
2.687041 0.425271
2.857346 0.313216
2.755807 -2.800748
2.790872 -3.079431
0.902037 0.687996
2.777334 -3.125875
2.800209 -3.127477
2.738090 -2.451098
2.723145 -2.441716
2.732535 -2.488390
2.801486 -3.157516
2.801453 -3.134377
2.795270 -3.152037
2.716125 -2.393281
2.724427 -2.416906
5.609813 -0.822096
0.879227 0.739870
2.726867 -2.391997
3.515895 -2.837191
3.091566 -3.092944
3.098395 -3.109693
3.138124 -3.073157
3.717940 -2.683010
3.767907 -2.636128
3.748618 -2.660379
3.034569 -3.134866
3.064823 -3.118232
2.228201 -3.773312
3.065297 -3.148545
3.782802 -2.615265
3.774466 -2.633291
3.767084 -2.638073
3.439331 -2.427495
3.600158 -2.480018
3.606306 -2.444283
3.605499 -2.454980
2.876934 -2.349086
2.938381 -2.347390
2.653977 -3.386773
2.884076 -2.318619
3.665129 -2.499571
3.666079 -2.506561
3.669778 -2.454164
2.838929 -2.328685
2.840001 -2.336827
2.853838 -2.311858
3.092122 -2.682071
2.979681 -2.969807
2.931933 -3.010073
2.647041 -3.411015
2.997134 -3.000087
3.278767 -2.219597
3.268166 -2.203163
3.276398 -2.170212
2.920048 -3.058898
2.970202 -3.053020
2.960129 -3.061114
3.315389 -2.144360
3.304045 -2.170967
3.297005 -2.144560
2.663369 -3.372480
3.679444 -2.294388
3.781283 -2.382426
3.779045 -2.357534
3.737811 -2.357943
3.543909 -2.166534
3.526974 -2.150757
3.497356 -2.153009
3.800392 -2.403210
3.783161 -2.422099
3.803112 -2.389103
1.530469 -4.317883
3.466415 -2.114245
3.422082 -2.104081
3.453444 -2.100307
2.987071 -2.103169
2.818092 -2.187261
2.812013 -2.146807
2.820719 -2.194307
3.173933 -2.064360
3.182728 -2.024269
3.168483 -2.032790
1.451108 -4.424669
2.771232 -2.200622
2.763960 -2.200993
2.753046 -2.173020
3.207711 -2.029442
3.220619 -2.060871
3.219179 -2.005476
2.836507 -3.274979
2.737474 -3.247154
2.900912 -3.153883
2.834373 -3.150029
1.507611 -4.345409
2.858210 -3.087679
3.051506 -3.098983
3.818024 -2.411770
3.868578 -2.516764
3.707516 -2.614204
3.899285 -2.370211
3.776429 -2.570071
3.693299 -2.420753
2.797267 -2.239036
2.651739 -2.223320
2.709910 -3.348411
2.795646 -2.386860
2.714539 -2.123725
2.748113 -2.311738
2.840295 -2.257101
3.470449 -1.979794
3.362011 -1.952099
3.355421 -2.160236
3.267895 -1.935211
3.258937 -2.101797
3.292179 -2.045559
2.710071 -3.322727
3.508274 2.013202
3.577283 2.222634
3.515519 2.280266
3.562030 2.212798
3.469939 1.768077
3.452786 1.758746
3.465117 1.778521
3.570108 2.329677
3.580698 2.264052
3.532606 2.295922
5.627892 -0.800073
2.712715 -3.343102
3.451281 1.711456
3.463957 1.720673
3.433413 1.711804
4.124581 2.012349
3.895378 2.228267
3.824924 2.300616
3.858781 2.248183
4.374900 1.748792
4.338820 1.797246
4.370938 1.741090
1.404436 -4.454531
3.744037 2.331421
3.788298 2.290063
3.784930 2.310406
4.458570 1.695181
4.438815 1.700940
4.438787 1.711807
4.080507 1.564795
4.290882 1.564707
4.354892 1.533003
4.347500 1.531903
1.431232 -4.411271
3.696263 1.586853
3.569146 1.551124
3.623090 1.538554
4.382017 1.545883
4.347292 1.553864
4.371181 1.529223
3.527593 1.567527
3.570666 1.589566
3.547618 1.529752
3.810055 1.570232
1.409059 -4.441775
3.704435 2.123169
3.678579 2.188243
3.729804 2.154107
3.848618 1.351887
3.843348 1.285632
3.831616 1.335705
3.660039 2.244120
3.678982 2.220057
3.684794 2.221550
3.857828 1.289545
-0.741496 -2.333744
3.834643 1.271302
3.838567 1.256098
4.265860 1.295392
4.381528 1.407557
4.389023 1.356487
4.376728 1.376900
4.025627 1.180493
4.050108 1.130111
4.055723 1.164488
4.418918 1.410939
-0.848050 -2.627803
4.397433 1.448873
4.422049 1.404961
3.993581 1.141996
4.005519 1.178244
3.994689 1.138373
3.619227 1.315628
3.515448 1.467033
3.534676 1.369165
3.527184 1.429755
3.725322 1.227155
-0.848110 -2.593158
3.730392 1.185718
3.725595 1.217827
3.484149 1.453494
3.531403 1.501614
3.529356 1.454242
3.762353 1.151544
3.752622 1.216538
3.795082 1.153347
3.568646 2.474205
3.499714 2.386482
-0.879229 -2.635792
3.679998 2.291420
3.520880 2.445172
3.627924 2.218357
3.782013 2.268023
4.462238 1.480083
4.538909 1.514264
4.390231 1.627170
4.495470 1.366400
4.401184 1.600598
4.384527 1.499889
-0.556395 -1.949938
3.421372 1.459707
3.346097 1.531733
3.550161 1.638380
3.382378 1.409853
3.492586 1.616502
3.564727 1.516455
3.946063 1.050508
3.851829 1.108241
3.935822 1.258466
3.803583 1.031731
-0.584550 -1.960565
3.775931 1.241170
3.917683 1.157818
-1.816049 -4.314952
-2.033874 -4.656750
-1.978325 -4.591581
-2.038377 -4.605204
-1.653983 -4.079062
-1.615468 -4.051348
-1.685432 -4.075898
-2.043562 -4.688035
5.644322 -0.819560
-0.596582 -2.009045
-2.077136 -4.676526
-2.020855 -4.669258
-1.601868 -4.031077
-1.645093 -4.029874
-1.589736 -3.998694
-1.232477 -5.434686
-1.412136 -5.469949
-1.393829 -5.433672
-1.361602 -5.455261
0.108161 -5.242853
-0.887751 -2.715887
0.144629 -5.194312
0.075731 -5.239266
-1.443717 -5.454013
-1.461802 -5.484555
-1.447808 -5.438701
0.134057 -5.238608
0.133805 -5.233715
0.123524 -5.218742
-0.027562 -3.742212
0.363912 -3.926471
-0.904140 -2.684520
0.312427 -3.923521
0.342539 -3.926672
-0.486231 -3.567206
-0.527827 -3.602497
-0.479683 -3.594884
0.408395 -3.974329
0.423838 -3.955799
0.376073 -3.973487
-0.559373 -3.568305
-0.543519 -3.560673
-0.905200 -2.690025
-0.576525 -3.584965
-3.514201 -3.943530
-3.240153 -4.488193
-3.246613 -4.431124
-3.267645 -4.411191
-3.751480 -3.552192
-3.751264 -3.527380
-3.772967 -3.513254
-3.183470 -4.546615
-3.187686 -4.570247
-0.549983 -1.899602
-3.169685 -4.524412
-3.781836 -3.468386
-3.797232 -3.460766
-3.779699 -3.450094
-2.819589 -3.219502
-0.019661 -4.516970
-0.044640 -4.544436
-0.060387 -4.508819
-3.047918 -3.100082
-3.068553 -3.130033
-0.554088 -1.912714
-3.016155 -3.104208
0.013553 -4.547397
0.010992 -4.501031
-0.025303 -4.551302
-3.085585 -3.109090
-3.098093 -3.064433
-3.078745 -3.082054
-2.440194 -2.714640
-1.993837 -2.941693
-1.967158 -2.975977
-0.566905 -1.924098
-1.949930 -2.966804
-2.786747 -2.535585
-2.847907 -2.530786
-2.773186 -2.564054
-1.934236 -2.981557
-1.900927 -2.995157
-1.903231 -3.010508
-2.866456 -2.487456
-2.865628 -2.497150
-2.870983 -2.514741
3.017247 2.941420
-2.094713 -5.589210
-2.382461 -5.591161
-2.385220 -5.620224
-2.399000 -5.603443
-1.839058 -5.554186
-1.811338 -5.556577
-1.829350 -5.552884
-2.447253 -5.605415
-2.433055 -5.599236
-2.424014 -5.627286
3.393629 2.578178
-1.761413 -5.530586
-1.806967 -5.535805
-1.753340 -5.537621
-2.366053 -5.170168
-2.522182 -5.390278
-2.506030 -5.359391
-2.537248 -5.357968
-2.215319 -4.982289
-2.257374 -5.004320
-2.243095 -4.943651
3.408885 2.593761
-2.567859 -5.462656
-2.567289 -5.414219
-2.594388 -5.441254
-2.190627 -4.925027
-2.193352 -4.917691
-2.213697 -4.893557
-1.828495 -5.121936
-1.981838 -4.974628
-1.967265 -4.944174
-1.984314 -4.972331
-2.674244 -5.646117
3.412493 2.574313
-1.677074 -5.321167
-1.631259 -5.304996
-1.680618 -5.281961
-2.030031 -4.914807
-2.050079 -4.927691
-2.026242 -4.887831
-1.635305 -5.352806
-1.685188 -5.375609
-1.604501 -5.349842
-2.966913 -5.125430
2.609506 3.290823
-2.772227 -5.455866
-2.823428 -5.392016
-2.809909 -5.403137
-3.058183 -4.911186
-3.105738 -4.887011
-3.088803 -4.868223
-2.771072 -5.491435
-2.749564 -5.481057
-2.772438 -5.475986
-3.135364 -4.822697
2.599666 3.337591
-3.063921 -4.832288
-3.115358 -4.791709
-2.589666 -4.729728
-2.332974 -4.776481
-2.307012 -4.739174
-2.344746 -4.773757
-2.808751 -4.684540
-2.884332 -4.682933
-2.839893 -4.704886
-2.295818 -4.782289
2.640207 3.247754
-2.284374 -4.799471
-2.282316 -4.762257
-2.878160 -4.669044
-2.902735 -4.723845
-2.903234 -4.697202
-2.165490 -5.179430
-1.765177 -5.433504
-1.738237 -5.402928
-1.765748 -5.411251
-2.913726 -4.811897
3.443371 2.545078
-2.898734 -4.808538
-2.869005 -4.830615
-1.701481 -5.459491
-1.688491 -5.443158
-1.664769 -5.426665
-2.978389 -4.763061
-2.948143 -4.772128
-2.957640 -4.799851
-2.629844 -5.564444
-2.508316 -5.638655
3.434065 2.547864
-2.496601 -5.488628
-2.738351 -5.555227
-2.559361 -5.560872
-2.666805 -5.421262
-2.001186 -4.778089
-2.123179 -4.783163
-2.107522 -4.941150
-2.178476 -4.685182
-2.274749 -4.860321
-2.178339 -4.851750
3.464336 2.542792
-1.521668 -5.378651
-1.609865 -5.511262
-1.761279 -5.479414
-1.587833 -5.447194
-1.734465 -5.500818
-1.687301 -5.352957
-2.999717 -4.620879
-3.185319 -4.632898
-2.952592 -4.768545
-3.122891 -4.585514
2.511135 3.408532
-3.050212 -4.823679
-2.904892 -4.765108
0.967063 -4.301890
1.104283 -4.399472
1.148338 -4.389660
1.108393 -4.415267
0.716535 -4.168175
0.692210 -4.134943
0.703662 -4.165820
1.198752 -4.444182
2.529923 3.351460
1.147270 -4.441506
1.185237 -4.440058
0.661250 -4.134522
0.663635 -4.147059
0.637191 -4.125447
0.673943 -5.003315
1.103990 -4.755281
1.189354 -4.684622
1.112924 -4.728148
0.459056 -5.144800
2.533259 3.356027
0.466565 -5.145179
0.461240 -5.142063
1.216355 -4.668112
1.151549 -4.687365
1.207219 -4.656442
0.396772 -5.173257
0.446557 -5.162222
0.408436 -5.189521
0.468775 -4.473310
0.378007 -5.013612
-2.666504 -5.646788
-3.862028 -1.741880
0.367714 -4.945575
0.347233 -4.942451
0.546012 -4.285540
0.503046 -4.257063
0.521702 -4.296296
0.330861 -5.022718
0.339312 -5.025796
0.312587 -5.005834
0.571732 -4.223114
0.565293 -4.232144
-3.858881 -1.933753
0.537612 -4.207733
0.485566 -4.614517
1.033136 -4.571623
1.121165 -4.557538
1.044867 -4.606946
0.277850 -4.615742
0.309034 -4.588069
0.357509 -4.600355
1.081967 -4.539410
1.076895 -4.581862
-3.873333 -1.950037
1.097466 -4.576089
0.251967 -4.586159
0.270232 -4.591393
0.276927 -4.573167
0.126307 -4.919133
0.177039 -5.082580
0.179621 -5.101712
0.184639 -5.055947
0.086294 -4.747882
0.071441 -4.737401
-3.855854 -1.922818
0.102684 -4.749105
0.206084 -5.120354
0.247757 -5.100356
0.198032 -5.115656
0.075997 -4.690336
0.114781 -4.680433
0.051491 -4.683927
0.257511 -4.282874
0.430672 -4.130407
0.356752 -4.141861
-3.069361 3.803686
0.401015 -4.186986
0.194055 -4.409962
0.164589 -4.397810
0.154951 -4.432946
0.454884 -4.108658
0.431870 -4.124176
0.402323 -4.130482
0.161645 -4.423544
0.159727 -4.455720
0.131657 -4.442294
-3.111153 3.791492
1.315651 -4.562429
1.289713 -4.415815
1.170750 -4.595253
1.294417 -4.479169
1.100405 -4.487117
1.128634 -4.667270
0.243453 -5.137335
0.228244 -5.243724
0.413937 -5.103395
0.201863 -5.136703
-3.087857 3.771041
0.359919 -5.140870
0.272481 -5.050767
0.447775 -4.097156
0.515381 -4.000034
0.627703 -4.191245
0.382906 -4.042884
0.541342 -4.122359
0.476439 -4.171963
-0.001700 -4.610944
0.127556 -4.556840
-3.858369 -1.991306
0.181104 -4.647826
0.038303 -4.474524
0.277436 -4.515869
0.109979 -4.607824
-0.751855 -3.121023
-0.837683 -3.009127
-0.810268 -2.944790
-0.840716 -2.952177
-0.668521 -3.339097
-0.639847 -3.370239
-3.820815 -1.962907
-0.674733 -3.342977
-0.883210 -2.889184
-0.892257 -2.928613
-0.878773 -2.904421
-0.651252 -3.417345
-0.688848 -3.392124
-0.666611 -3.393815
-1.204104 -3.300566
-1.085667 -3.080939
-1.072539 -3.027980
-3.838500 -1.974492
-1.078841 -3.012285
-1.373833 -3.669607
-1.391404 -3.682537
-1.408655 -3.646364
-1.016807 -2.976299
-1.027803 -2.987564
-1.044996 -2.965729
-1.405209 -3.734412
-1.418181 -3.707603
-1.459701 -3.732028
-2.667178 -5.630208
-3.097976 3.825730
-1.064842 -3.748978
-1.272583 -3.787380
-1.323842 -3.854222
-1.284626 -3.829362
-0.860725 -3.661051
-0.859645 -3.683046
-0.880486 -3.678113
-1.341268 -3.826964
-1.340575 -3.822231
-1.340810 -3.846048
-3.034109 3.830779
-0.732574 -3.645697
-0.800437 -3.593886
-0.779212 -3.637727
-1.312011 -2.884219
-1.144620 -2.854570
-1.153249 -2.805615
-1.164639 -2.828604
-1.604506 -2.985072
-1.597871 -2.973013
-1.580191 -2.984582
-3.090137 3.795710
-1.081963 -2.817374
-1.087837 -2.858052
-1.084302 -2.831274
-1.656086 -2.997782
-1.651624 -3.026289
-1.669109 -2.979982
-1.687706 -3.482602
-1.618346 -3.681911
-1.646933 -3.746326
-1.559522 -3.730443
-2.082762 2.315294
-1.736898 -3.298554
-1.748536 -3.248867
-1.707857 -3.274479
-1.608292 -3.732710
-1.545516 -3.709748
-1.613330 -3.775224
-1.750994 -3.193964
-1.708619 -3.217514
-1.698294 -3.215792
-1.257457 -3.315537
-2.369860 2.186647
-0.931953 -3.411126
-0.928314 -3.428254
-0.949402 -3.444967
-1.508142 -3.184309
-1.619620 -3.147195
-1.471871 -3.234232
-0.828485 -3.453847
-0.856131 -3.420592
-0.877915 -3.466358
-1.636595 -3.133542
-2.351271 2.197732
-1.588571 -3.169633
-1.652961 -3.149310
-0.970027 -2.834787
-0.872654 -2.767909
-0.964286 -2.987796
-0.987085 -2.738901
-0.975451 -2.884266
-1.092188 -2.908500
-1.510306 -3.965017
-1.526558 -3.860993
-2.378530 2.172599
-1.369636 -3.762221
-1.654577 -3.950555
-1.549782 -3.710461
-1.485385 -3.784756
-0.609724 -3.626132
-0.586346 -3.469795
-0.747520 -3.536149
-0.705041 -3.517100
-0.778363 -3.397306
-0.834367 -3.570091
-1.408589 2.529202
-1.867052 -3.080058
-1.873890 -2.972607
-1.671456 -3.075838
-1.786550 -3.056852
-1.595476 -3.059727
-1.632303 -3.229968
-3.596925 -2.495255
-3.748415 -2.278554
-3.753951 -2.219836
-3.731030 -2.249222
-1.377679 2.571244
-3.372217 -2.840200
-3.403113 -2.769022
-3.353889 -2.834227
-3.784731 -2.201242
-3.770382 -2.193739
-3.786896 -2.161609
-3.359319 -2.856968
-3.349709 -2.864240
-3.318678 -2.877949
-3.914995 -2.585635
-1.399986 2.570407
-3.894943 -2.319346
-3.902851 -2.266546
-3.887620 -2.284529
-3.897233 -3.099581
-3.913077 -3.117041
-3.907212 -3.040733
-3.901902 -2.212404
-3.892292 -2.260591
-3.905817 -2.202031
-3.893068 -3.121906
