2050 2
4.132531 -4.378815
4.128372 -4.437643
3.911020 4.514303
-3.020794 -0.318587
1.376892 4.704655
1.375344 4.695489
1.575977 4.278660
1.561517 4.614642
1.593077 4.601652
1.585026 4.590851
1.559474 4.140908
1.596764 4.129312
1.562532 4.136868
1.549513 4.645224
-2.981557 -0.302478
1.536647 4.638350
1.579236 4.638929
1.565640 4.117096
1.572595 4.094746
1.606192 4.078080
0.709699 4.102473
0.623247 4.326362
0.610336 4.295072
0.635891 4.326326
0.838358 3.904118
-2.987893 -0.322934
0.848417 3.824755
0.912080 3.797358
0.616038 4.403875
0.652491 4.418763
0.618592 4.405190
0.902649 3.810613
0.904419 3.817053
0.911776 3.779119
1.120916 4.033789
1.393891 4.531312
-3.524849 1.815722
1.429996 4.536309
1.414194 4.531257
1.043082 3.919905
1.075954 3.896513
1.072233 3.930570
1.433141 4.592053
1.416310 4.592580
1.453405 4.573844
1.021744 3.849558
1.042818 3.877074
-3.511977 1.816065
1.063267 3.876054
1.311967 3.780273
1.476016 3.921769
1.519169 3.902709
1.500008 3.917747
1.069880 3.716363
1.141939 3.699272
1.134059 3.733783
1.517376 3.935397
1.518739 3.943958
-3.529172 1.814774
1.579195 3.936271
1.019350 3.667440
1.049988 3.714267
1.055302 3.703252
0.446003 4.582156
0.527046 4.502328
0.708363 4.535571
0.519242 4.409448
0.667974 4.420356
0.687006 4.534227
4.529871 -2.548017
1.681237 4.679505
1.613365 4.714250
1.459250 4.686846
1.566389 4.615964
1.387210 4.652780
1.486968 4.608738
1.660102 4.045153
1.549585 3.992794
1.484679 4.109777
1.609662 3.898686
4.356585 -3.311955
1.448169 4.028838
1.556749 3.985212
1.051720 3.664088
0.953525 3.600118
0.944391 3.860192
1.047637 3.568911
0.945756 3.769572
1.069059 3.826596
-0.882457 -1.437601
-1.077660 -1.684496
4.316598 -3.285201
-1.055155 -1.689543
-1.076921 -1.677455
-0.571200 -1.034348
-0.613818 -1.107789
-0.612727 -1.068744
-1.131178 -1.780079
-1.152490 -1.754161
-1.125373 -1.741298
-0.535883 -1.008293
-0.530072 -0.963835
4.304473 -3.268764
-0.552313 -1.026874
-1.075073 -3.619475
-1.595503 -3.276178
-1.563366 -3.278857
-1.624519 -3.261236
-0.881178 -3.798864
-0.897705 -3.772287
-0.875283 -3.821584
-1.629526 -3.204951
-1.663173 -3.229762
3.920035 4.467411
4.621861 -2.201143
-1.637956 -3.214884
-0.818315 -3.833128
-0.831803 -3.845893
-0.873614 -3.793086
0.041431 -1.742192
-0.215886 -3.040927
-0.213785 -3.013083
-0.230422 -2.974496
0.134270 -1.348736
0.091758 -1.347216
4.607425 -2.233942
0.120465 -1.325334
-0.219039 -3.103128
-0.243401 -3.079623
-0.254211 -3.057646
0.109620 -1.290085
0.133787 -1.308705
0.122442 -1.303566
-2.792911 -1.873022
-2.509287 -2.221771
-2.516647 -2.207449
4.623164 -2.180101
-2.477910 -2.296042
-2.960357 -1.672600
-2.968443 -1.653933
-2.950559 -1.656259
-2.445373 -2.282391
-2.433092 -2.358701
-2.441072 -2.337787
-3.005180 -1.571205
-2.988615 -1.523687
-2.977337 -1.595114
4.317688 -3.341895
-2.041863 -2.117677
-1.434411 -3.451013
-1.398606 -3.471992
-1.397564 -3.463024
-2.249047 -1.799382
-2.260450 -1.812103
-2.238602 -1.826325
-1.372573 -3.566501
-1.358793 -3.568450
-1.363516 -3.554754
4.304556 -3.340114
-2.313410 -1.735944
-2.285959 -1.715747
-2.327014 -1.703578
-1.081517 -0.381181
-0.856706 -0.298603
-0.856367 -0.313851
-0.852109 -0.317523
-1.883720 -0.591619
-1.821660 -0.581931
-1.844537 -0.610521
4.275315 -3.307458
-0.804248 -0.287654
-0.775051 -0.255328
-0.794429 -0.307056
-1.930523 -0.622964
-1.908788 -0.622616
-1.937747 -0.651047
-1.681160 -2.840900
-1.628511 -2.670585
-1.602599 -2.643703
-1.630676 -2.660899
4.639111 -2.104244
-1.710157 -2.982005
-1.712974 -3.064375
-1.725133 -2.982350
-1.575629 -2.590265
-1.597301 -2.595278
-1.607113 -2.615031
-1.699490 -3.033673
-1.740485 -3.027275
-1.740083 -3.085119
-1.353107 -2.109887
4.646109 -2.125551
-1.445008 -2.330622
-1.430391 -2.284696
-1.463456 -2.310707
-1.301663 -1.996034
-1.291516 -1.979006
-1.316297 -1.990890
-1.461566 -2.373318
-1.514140 -2.394165
-1.485277 -2.367549
-1.258473 -1.950398
4.621150 -2.105968
-1.312079 -1.983797
-1.284707 -1.953948
-1.392633 -2.579399
-1.269256 -2.125927
-1.285574 -2.183638
-1.321553 -2.174565
-1.555565 -2.936559
-1.563147 -2.982895
-1.587454 -2.938012
-1.201496 -2.051311
2.609963 -4.538311
-1.278674 -2.080332
-1.288524 -2.086217
-1.609892 -3.001428
-1.617836 -2.968580
-1.593649 -2.970500
-1.918852 -2.456843
-1.775411 -2.467343
-1.781232 -2.447299
-1.780682 -2.440746
-2.166592 -2.430885
3.926982 4.487454
3.144846 -4.452965
-2.135818 -2.457005
-2.137866 -2.472462
-1.717465 -2.486941
-1.681974 -2.483027
-1.721642 -2.424729
-2.211161 -2.418611
-2.198496 -2.442569
-2.221835 -2.447511
-1.955558 -2.119095
-1.512356 -1.985935
3.157561 -4.437916
-1.538584 -1.973592
-1.496749 -1.996800
-2.135941 -2.229425
-2.196092 -2.251545
-2.172897 -2.233086
-1.451266 -1.959748
-1.487048 -1.976933
-1.446517 -1.952997
-2.231836 -2.271162
-2.221331 -2.285123
3.175487 -4.431722
-2.223251 -2.274317
-2.098284 -2.838265
-1.843639 -3.059275
-1.869371 -3.048851
-1.888204 -3.016672
-2.276351 -2.642622
-2.329343 -2.611744
-2.282260 -2.621869
-1.839297 -3.064141
-1.849359 -3.043498
2.352810 -4.588774
-1.803215 -3.073770
-2.330688 -2.599529
-2.313470 -2.601377
-2.357026 -2.586460
-1.472009 -2.396457
-1.535521 -2.588185
-1.539772 -2.498664
-1.602297 -2.485946
-1.648940 -2.557809
-1.598046 -2.399393
2.348246 -4.561166
-1.151756 -1.953862
-1.182144 -1.821995
-1.275731 -2.035540
-1.215219 -1.787813
-1.408594 -1.976532
-1.368841 -2.049652
-1.597911 -3.122739
-1.693112 -3.151000
-1.650687 -3.009526
-1.741707 -3.165387
2.353711 -4.579640
-1.797353 -3.073002
-1.726000 -2.998024
-2.334510 -2.285636
-2.326427 -2.383439
-2.218176 -2.363789
-2.397602 -2.489337
-2.264908 -2.564125
-2.248445 -2.319083
-0.154442 -3.910559
-0.119026 -4.142041
3.254059 -4.415373
-0.094806 -4.173214
-0.122615 -4.189559
-0.207764 -3.384879
-0.220241 -3.319855
-0.213235 -3.371988
-0.086771 -4.207872
-0.112589 -4.207086
-0.131229 -4.221083
-0.223857 -3.299785
-0.226459 -3.290030
3.252357 -4.428693
-0.235110 -3.291887
-0.412696 -4.198700
-0.283719 -4.295764
-0.230648 -4.331414
-0.293402 -4.300861
-0.545990 -4.073073
-0.628310 -4.043159
-0.592925 -4.077834
-0.210884 -4.321787
-0.269183 -4.333993
3.205891 -4.426817
-0.241762 -4.350742
-0.630430 -4.029162
-0.595864 -4.042879
-0.675551 -4.006676
-0.481279 -3.585604
-0.569225 -3.787543
-0.606145 -3.778347
-0.583771 -3.756589
-0.324966 -3.375984
-0.327040 -3.300322
2.297640 -4.605642
-0.359696 -3.355936
-0.614131 -3.823821
-0.604679 -3.824476
-0.615347 -3.798307
-0.301630 -3.279219
-0.326980 -3.318549
-0.342078 -3.291805
-0.634392 -4.209626
-0.383645 -4.329536
-0.355767 -4.352799
3.918998 4.473543
2.268810 -4.597783
-0.403407 -4.328540
-1.102118 -3.960422
-1.149073 -3.922679
-1.075059 -3.971876
-0.327710 -4.365390
-0.339489 -4.342727
-0.332240 -4.366532
-1.204103 -3.847117
-1.179440 -3.870192
-1.200216 -3.854236
2.270540 -4.581588
-0.888424 -3.935682
-0.814214 -3.943003
-0.814983 -3.923157
-0.796036 -3.925482
-1.159736 -3.822196
-1.196980 -3.788502
-1.163662 -3.754665
-0.804798 -3.917640
-0.762867 -3.971719
-0.782961 -3.925304
3.541122 -2.245894
-1.193208 -3.771508
-1.163796 -3.738631
-1.161856 -3.719910
-0.768866 -3.415757
-0.479310 -3.270683
-0.474927 -3.232029
-0.496737 -3.288039
-1.124014 -3.637544
-1.084493 -3.588990
-1.119874 -3.631575
2.220068 -3.600047
-0.421444 -3.236346
-0.419159 -3.285766
-0.434633 -3.248027
-1.131742 -3.641260
-1.132305 -3.652820
-1.132818 -3.639264
-0.111054 -4.372326
-0.023113 -4.308900
-0.170163 -4.256368
-0.213091 -4.383220
2.224947 -3.677336
-0.243833 -4.282807
-0.340164 -4.347442
-0.671579 -3.806500
-0.738933 -3.941685
-0.577656 -3.988694
-0.832571 -3.875393
-0.712332 -4.001397
-0.689932 -3.875737
-0.268105 -3.187702
-0.233232 -3.198865
2.250923 -3.574722
-0.258986 -3.312848
-0.372926 -3.160471
-0.345953 -3.264862
-0.398183 -3.294984
-1.297511 -3.664910
-1.299699 -3.720403
-1.178035 -3.839612
-1.243458 -3.577927
-1.162067 -3.723828
-1.141241 -3.665891
3.786384 -1.988781
0.316164 -0.469724
0.359781 -0.109831
0.430001 -0.011778
0.352251 -0.140309
0.218937 -0.975737
0.244044 -0.972516
0.252846 -0.933980
0.384919 -0.078633
0.360522 -0.087401
0.358184 -0.069793
3.742670 -2.035695
0.195254 -1.039789
0.204314 -0.994086
0.225378 -1.000720
0.044539 -0.293697
0.241341 -0.046737
0.262190 -0.008473
0.156961 -0.075059
-0.190335 -0.649809
-0.253598 -0.641788
-0.239128 -0.621631
3.802019 -1.959303
0.305768 0.011593
0.263791 -0.007998
0.287537 0.034628
-0.262108 -0.692969
-0.283633 -0.705750
-0.339223 -0.720585
-0.148118 -1.045208
-0.232990 -0.897297
-0.314971 -0.972156
-0.287334 -0.917202
2.182904 -3.688379
0.025402 -1.097136
-0.005492 -1.145512
0.013754 -1.104255
-0.331293 -0.899142
-0.298440 -0.873604
-0.338302 -0.922250
0.072928 -1.099361
0.088867 -1.084549
0.054165 -1.140790
-0.182122 0.026408
-1.486607 -2.512371
2.166653 -3.676825
0.127304 0.092808
0.125037 0.137005
0.122946 0.119561
-0.420232 -0.063126
-0.447096 -0.061581
-0.391189 -0.060107
0.171831 0.108717
0.180803 0.086596
0.192841 0.140971
-0.484726 -0.099774
2.196465 -3.698306
-0.457312 -0.076667
-0.471712 -0.082358
-0.573778 -0.585008
-0.546794 -0.635533
-0.568683 -0.730296
-0.536829 -0.671439
-0.603964 -0.300657
-0.640027 -0.317716
-0.626139 -0.327240
-0.547722 -0.748693
3.848246 -1.936742
-0.490067 -0.710446
-0.511411 -0.756907
-0.652932 -0.290168
-0.608547 -0.297391
-0.644871 -0.328294
-0.025613 -0.823410
0.104079 -0.940708
0.077460 -0.964736
0.063800 -0.929494
-0.483692 -0.363359
3.851681 -1.925862
-0.497591 -0.411942
-0.470423 -0.383188
0.120130 -0.999550
0.119435 -0.970505
0.099712 -0.971309
-0.539569 -0.306318
-0.515887 -0.296824
-0.579814 -0.353527
0.425387 0.154871
0.496943 0.165087
3.827510 -1.930887
0.351670 -0.088696
0.386113 0.243658
0.267162 -0.012776
0.209529 0.035239
-0.444650 -0.997646
-0.431647 -0.844496
-0.251862 -0.777762
-0.557570 -0.850652
-0.396052 -0.691654
-0.392750 -0.855944
3.097934 -3.070112
0.058569 -1.239655
0.206879 -1.156869
0.158497 -1.033979
0.133088 -1.172109
0.151073 -0.956630
0.108202 -1.002941
-0.768035 -0.305661
-0.641177 -0.177985
-0.520412 -0.143058
-0.682776 -0.321460
3.306896 -3.355634
-0.462792 -0.186992
-0.571156 -0.333915
-2.711145 -0.959822
-2.865351 -0.732079
-2.891981 -0.638233
-2.796421 -0.788124
-2.540869 -1.323097
-2.521392 -1.328637
-2.536329 -1.336635
-2.908414 -0.529724
3.298704 -3.331825
-2.898252 -0.616882
-2.911130 -0.593341
-2.491815 -1.404879
-2.517228 -1.377284
-2.487400 -1.398297
-3.084657 -1.014786
-3.031226 -0.706310
-3.077032 -0.700034
-3.029603 -0.669277
-3.091873 -1.233064
3.277441 -3.330504
-3.092688 -1.285235
-3.095826 -1.224240
-3.043058 -0.656759
-3.012001 -0.639706
-3.016205 -0.629731
-3.085118 -1.296366
-3.083463 -1.250607
-3.092412 -1.303128
-2.714389 -1.565397
-2.878275 -1.512677
2.636968 -2.323927
-2.907892 -1.528945
-2.901649 -1.505051
-2.536406 -1.558196
-2.553007 -1.592406
-2.505209 -1.564188
-2.934865 -1.489442
-2.931359 -1.481139
-2.928581 -1.489715
-2.486064 -1.590893
-2.480945 -1.570051
-1.502829 -2.526078
2.623295 -2.341427
-2.471322 -1.609344
-2.428168 -0.562168
-2.754545 -0.461708
-2.783993 -0.434644
-2.762674 -0.470886
-2.322870 -0.592182
-2.281557 -0.598629
-2.300970 -0.604710
-2.824737 -0.436128
-2.818844 -0.476386
2.660489 -2.353077
-2.848059 -0.449456
-2.261124 -0.606150
-2.246504 -0.644142
-2.254644 -0.615081
-2.596602 -1.026039
-2.886845 -1.212823
-2.869374 -1.250842
-2.847546 -1.262864
-2.354868 -0.854144
-2.360818 -0.862432
3.336891 -3.386233
-2.369447 -0.886382
-2.934676 -1.267232
-2.880446 -1.281966
-2.901827 -1.326688
-2.302933 -0.830298
-2.295238 -0.818297
-2.281964 -0.841326
-2.177792 -1.064342
-2.293097 -1.339380
-2.264316 -1.366545
3.326276 -3.407960
-2.286091 -1.368295
-2.096140 -0.853428
-2.117498 -0.888957
-2.132857 -0.888084
-2.291437 -1.405975
-2.303927 -1.401201
-2.281914 -1.405264
-2.098331 -0.799598
-2.118749 -0.846967
-2.135976 -0.850156
3.315048 -3.381851
-3.039105 -0.540559
-2.974309 -0.391618
-2.968368 -0.683571
-2.926519 -0.343247
-2.835924 -0.532991
-2.929678 -0.549072
-2.949852 -1.576453
-3.060440 -1.414456
-3.044347 -1.339586
-2.920820 -1.398864
2.568238 -2.262674
-3.030567 -1.255220
-2.907040 -1.413944
-2.423101 -1.661734
-2.344493 -1.645089
-2.537734 -1.430445
-2.277747 -1.492053
-2.391329 -1.366920
-2.401237 -1.504776
-2.102642 -0.733349
-2.093692 -0.576576
2.609930 -2.253295
-2.303542 -0.730584
-1.992075 -0.719772
-2.213893 -0.690269
-2.230088 -0.859628
-2.416862 3.130023
-3.935770 1.247394
-3.939601 1.225684
-3.949401 1.251484
-2.205167 3.411572
-2.220488 3.387476
2.587457 -2.277198
-2.213441 3.426154
-3.968313 1.197082
-3.966223 1.225836
-4.005689 1.177118
-2.130898 3.466958
-2.190068 3.459432
-2.201601 3.432817
-3.267489 0.677384
-3.707343 0.499634
-3.585476 0.557555
1.586020 -2.989347
-3.677571 0.525463
-2.378168 1.044119
-2.362613 1.080475
-2.399944 1.068471
-3.736228 0.486468
-3.745092 0.492381
-3.735328 0.505745
-2.324224 1.096788
-2.328014 1.086675
-2.325500 1.107806
1.478237 -3.389516
-1.314734 3.089792
-1.377823 2.391594
-1.395248 2.440079
-1.383609 2.475454
-1.260744 3.338920
-1.282680 3.316352
-1.315530 3.321805
-1.409100 2.357234
-1.388939 2.328876
-1.413403 2.393008
-1.481874 -2.494908
1.486410 -3.398214
-1.271232 3.409461
-1.275268 3.421062
-1.299025 3.428331
-4.538121 1.773770
-4.780941 1.214045
-4.729271 1.277351
-4.738841 1.272499
-4.376132 2.215276
-4.390568 2.195823
-4.402531 2.181086
1.497108 -3.372790
-4.774199 1.222438
-4.771569 1.198288
-4.753588 1.173501
-4.377023 2.253735
-4.354149 2.285300
-4.356529 2.303432
-2.695846 2.307757
-2.364059 2.069089
-2.468581 2.139224
-2.383894 2.107176
1.720583 -2.283015
-2.964906 2.467887
-2.936363 2.472840
-2.945165 2.502782
-2.309724 2.021551
-2.294307 2.046421
-2.335922 2.055565
-3.029150 2.497346
-3.025882 2.520610
-3.007000 2.525879
-3.042161 3.744518
1.736785 -2.287759
-2.464160 4.124156
-2.479707 4.111489
-2.493623 4.083451
-3.303903 3.530158
-3.281477 3.573027
-3.223860 3.600130
-2.444902 4.144080
-2.401809 4.149240
-2.423373 4.126087
-3.384963 3.472118
1.750800 -2.253618
-3.367207 3.463744
-3.367208 3.461094
-4.295457 0.235757
-4.476253 0.198420
-4.472126 0.174233
-4.459424 0.196994
-4.066741 0.312512
-4.103904 0.289992
-4.132764 0.293806
-4.542309 0.190377
1.444584 -3.468758
-4.556020 0.205257
-4.555940 0.178384
-4.061846 0.311716
-4.064301 0.317603
-4.069887 0.291632
-4.496398 0.513366
-4.603960 0.341261
-4.610928 0.337034
-4.645930 0.337267
-4.266069 0.809487
1.462691 -3.449875
-4.237530 0.843359
-4.272118 0.831808
-4.625329 0.286380
-4.635701 0.303759
-4.666387 0.288798
-4.199339 0.879131
-4.218650 0.887452
-4.219325 0.872538
-3.954538 0.716118
-4.041163 0.884727
1.497261 -3.476615
-4.021227 0.919846
-4.032292 0.905358
-3.907904 0.527608
-3.849518 0.550487
-3.922365 0.556155
-4.046452 0.923977
-4.079276 0.933815
-4.062146 0.971382
-3.871331 0.501141
-3.879983 0.491805
1.747041 -2.226206
-3.891086 0.494710
-4.836730 0.606882
-4.776263 0.314707
-4.815109 0.290711
-4.793048 0.339696
-4.857748 0.852331
-4.859262 0.907966
-4.872937 0.821973
-4.794690 0.273914
-4.747909 0.299601
1.743952 -2.207398
-4.818617 0.263443
-4.883586 0.951167
-4.870021 0.922049
-4.851123 0.958857
-4.597849 1.094119
-4.293422 1.054493
-4.218556 1.113649
-4.246078 1.060267
-4.689802 1.062192
-4.690902 1.120402
-1.484635 -2.491831
1.795454 -2.166687
-4.665474 1.072499
-4.221320 1.064628
-4.257328 1.042158
-4.203746 1.067793
-4.746061 1.069808
-4.706597 1.050607
-4.706911 1.089074
-4.469049 0.698761
-4.112166 0.465057
-4.052917 0.490665
3.198863 -1.146357
-4.109495 0.505042
-4.683556 0.876333
-4.683020 0.912419
-4.663456 0.877813
-4.031312 0.471197
-4.080825 0.477500
-4.023887 0.477801
-4.710338 0.930616
-4.701313 0.921843
-4.696112 0.935920
3.543489 -1.103397
-4.690367 0.220882
-4.600718 0.116251
-4.554541 0.238019
-4.829185 0.169137
-4.679937 0.258890
-4.754229 0.296811
-3.993779 1.089840
-4.160474 0.963471
-4.135781 0.900030
-4.053090 1.180186
3.575731 -1.133978
-4.247773 0.967285
-4.125471 0.995379
-3.773696 0.509826
-3.973596 0.324207
-3.975478 0.414348
-3.849072 0.499525
-4.086242 0.352146
-3.981152 0.516721
-4.728129 1.188228
-4.828431 1.085178
3.538437 -1.123445
-4.801412 0.986294
-4.743401 1.027328
-4.735236 0.880633
-4.681454 0.987908
-1.257051 1.776320
-1.225414 1.549372
-1.200842 1.579365
-1.243880 1.573984
-1.316612 1.989650
-1.294144 2.081357
2.814718 -1.174144
-1.328045 2.036066
-1.227622 1.498860
-1.246866 1.499636
-1.234666 1.501405
-1.349479 2.092367
-1.364094 2.028611
-1.316563 2.114925
-1.744203 1.195406
-1.434753 1.257844
-1.413340 1.239586
2.806815 -1.189242
-1.439308 1.246461
-1.972443 1.176496
-1.949839 1.153565
-1.975623 1.171599
-1.351104 1.252150
-1.364629 1.267371
-1.370046 1.271520
-2.054345 1.138833
-2.014857 1.173160
-2.031914 1.162215
2.805526 -1.198387
-1.837056 1.592237
-2.044844 1.320421
-2.074434 1.329555
-2.043019 1.357778
-1.537698 1.992633
-1.571597 1.983377
-1.603008 1.969635
-2.072199 1.304680
-2.088270 1.287579
-2.097553 1.298402
3.716882 -1.101443
-1.521004 2.019219
-1.528134 2.023235
-1.552284 2.064860
-1.662061 1.581053
-1.395478 1.440950
-1.427767 1.440181
-1.410662 1.428769
-2.049944 1.799840
-1.950151 1.757713
-1.987490 1.791677
3.675717 -1.096155
-1.360612 1.403653
-1.352669 1.426699
-1.363073 1.400871
-2.067394 1.834324
-2.067369 1.819160
-2.053595 1.833104
-2.240310 1.602390
-2.226958 1.375518
-2.248581 1.336009
-2.249677 1.361211
-1.513167 -2.519842
3.690256 -1.136340
-2.230865 1.773887
-2.268106 1.816298
-2.229695 1.795124
-2.242009 1.314365
-2.242839 1.351429
-2.270452 1.321205
-2.224334 1.831858
-2.215431 1.835450
-2.218642 1.862626
-1.797720 2.138494
2.724056 -1.208372
-1.609250 2.206009
-1.582584 2.224541
-1.609862 2.198305
-2.054332 2.027632
-2.067493 2.043942
-2.088969 2.022709
-1.502373 2.242269
-1.524023 2.181800
-1.548718 2.228837
-2.108725 2.028648
2.731800 -1.197822
-2.103206 1.999337
-2.112340 2.026173
-1.206020 1.236710
-1.164980 1.388880
-1.315317 1.357564
-1.220639 1.317899
-1.295133 1.485165
-1.376254 1.350811
-2.243559 1.174753
-2.188737 1.099260
2.731960 -1.221630
-2.046717 1.253931
-2.298595 1.253429
-2.120718 1.257084
-2.140607 1.324316
-1.474008 2.262291
-1.325377 2.224715
-1.432023 2.033281
-1.462897 2.324088
-1.436423 2.147913
-1.569657 2.113136
3.761940 -4.450275
-2.292501 1.916775
-2.212957 1.950117
-2.134028 1.813300
-2.174558 2.042962
-2.057099 1.900426
-2.176810 1.920787
-1.151726 3.986333
-1.116939 4.214344
-1.070034 4.253707
-1.119221 4.271812
3.976438 -4.438002
-1.220285 3.791080
-1.204592 3.808963
-1.214068 3.817494
-1.083025 4.294158
-1.146525 4.296978
-1.066601 4.303192
-1.223514 3.761719
-1.264571 3.782761
-1.258468 3.761138
-1.597123 4.037484
3.957253 -4.452703
-1.299643 4.258184
-1.314077 4.244288
-1.325169 4.272286
-1.862256 3.793940
-1.868331 3.788037
-1.800161 3.876878
-1.235394 4.309410
-1.262988 4.321585
-1.246381 4.311088
-1.893859 3.736275
3.967317 -4.455799
-1.916812 3.756179
-1.892046 3.777904
-1.741629 3.561186
-1.842779 3.589898
-1.827816 3.552616
-1.858231 3.571933
-1.371369 3.579290
-1.385363 3.545907
-1.395503 3.570630
-1.878392 3.579109
3.571800 -4.426437
-1.899319 3.598013
-1.928972 3.571369
-1.330557 3.572122
-1.352389 3.585043
-1.361764 3.550459
-1.693694 4.456017
-1.344408 4.488239
-1.391187 4.500113
-1.386244 4.488038
-2.069396 4.349381
3.551223 -4.439083
-2.076353 4.362653
-2.054830 4.371810
-1.261491 4.498163
-1.301710 4.470502
-1.282035 4.494451
-2.129271 4.331168
-2.107838 4.337932
-2.103372 4.355213
-2.218727 3.977692
-2.140933 3.795840
-1.520341 -2.528894
3.475807 -4.397574
-2.167663 3.787185
-2.113710 3.744781
-2.268517 4.145531
-2.275982 4.116992
-2.269213 4.106037
-2.113389 3.697402
-2.074452 3.730130
-2.109256 3.690465
-2.307855 4.165307
-2.234941 4.198515
4.035081 -4.412738
-2.310176 4.167616
-1.855872 4.013217
-1.456311 3.789174
-1.504795 3.764560
-1.493339 3.766242
-2.006959 4.141970
-2.091740 4.099911
-2.081622 4.113938
-1.448803 3.748851
-1.437770 3.773376
3.998670 -4.436619
-1.467150 3.721181
-2.105936 4.157737
-2.128772 4.162298
-2.149967 4.119478
-1.075940 4.399769
-1.009512 4.353815
-1.208470 4.272123
-1.161483 4.497843
-1.174851 4.352535
-1.290316 4.401283
3.997255 -4.456750
-2.030566 3.483571
-2.007733 3.625557
-1.877954 3.655375
-2.170836 3.602821
-1.989584 3.767875
-2.028185 3.664311
-1.323560 3.473637
-1.237447 3.516837
-1.290006 3.665205
-1.389312 3.581556
3.444474 -4.424646
-1.362305 3.802826
-1.410289 3.645893
-2.381562 4.145213
-2.281996 4.245879
-2.158131 4.291287
-2.225451 4.134683
-2.055897 4.317366
-2.208833 4.164022
-3.348363 2.330516
-3.476775 2.125350
3.484745 -4.395410
-3.486030 2.055722
-3.474902 2.089193
-3.301531 2.435172
-3.293148 2.406944
-3.283137 2.440506
-3.520385 2.009948
-3.547143 2.065005
-3.495565 2.015298
-3.267458 2.464572
-3.257981 2.467312
3.444914 -4.404415
-3.213630 2.477755
-3.990756 2.181033
-3.724859 2.034291
-3.712745 2.000591
-3.749026 2.047620
-4.081800 2.279636
-4.115962 2.242834
-4.090670 2.270709
-3.708530 2.022977
-3.721474 2.039650
4.259098 -3.959246
-3.722597 2.030434
-4.153049 2.274460
-4.105597 2.291065
-4.156406 2.285216
-3.795692 2.569141
-4.025730 2.519717
-4.046977 2.521714
-4.006931 2.559822
-3.381875 2.595234
-3.335102 2.579148
4.212575 -4.195836
-3.460157 2.605926
-4.069255 2.504449
-4.061535 2.514249
-4.092100 2.508054
-3.295317 2.584783
-3.358510 2.613380
-3.311542 2.606231
-3.587625 2.760115
-3.579083 2.145884
-3.593882 2.162807
4.210627 -4.166261
-3.615294 2.122833
-3.589904 3.136248
-3.583675 3.132650
-3.582881 3.088170
-3.579406 2.079705
-3.599510 2.097992
-3.609052 2.050038
-3.577117 3.228781
-3.598588 3.150868
-3.553449 3.274139
4.181686 -4.412748
-1.494926 -2.491944
4.211969 -4.168412
-3.850871 3.066570
-4.145466 2.568837
-4.144311 2.612189
-4.116614 2.648206
-3.722910 3.226776
-3.683892 3.288685
-3.742691 3.218410
-4.182189 2.519776
-4.161326 2.538695
-4.222062 2.516166
4.295285 -3.601966
-3.634653 3.304359
-3.631565 3.258881
-3.603616 3.290644
-3.283460 2.992575
-3.211646 2.763339
-3.169521 2.790597
-3.227889 2.786373
-3.408178 3.191717
-3.345003 3.178724
-3.414792 3.215935
4.318169 -3.586204
-3.158905 2.690639
-3.212853 2.746731
-3.195789 2.734768
-3.429831 3.231624
-3.437326 3.228971
-3.409857 3.255250
-3.619998 1.887159
-3.496992 1.893790
-3.622186 2.058565
-3.559496 1.953671
4.295796 -3.685340
-3.542077 2.084364
-3.663062 2.079458
-4.287314 2.338152
-4.271983 2.236614
-4.081824 2.430104
-4.274884 2.426403
-4.156273 2.423313
-4.086179 2.551344
-3.135069 2.533920
-3.109131 2.483714
4.180700 -4.238247
-3.300313 2.531375
-3.039467 2.603792
-3.208148 2.612442
-3.319671 2.659780
-3.531227 3.384753
-3.496355 3.327431
-3.618999 3.226854
-3.371267 3.363236
-3.479601 3.175338
-3.504085 3.255961
4.180777 -4.186033
4.182939 -4.196313
4.351927 -3.555721
4.275752 -3.557795
4.316405 -3.549906
-4.807971 0.043391
3.826118 -3.874216
4.124919 -3.585589
4.057759 -3.632069
4.060592 -3.631344
3.552418 -4.210976
3.483113 -4.255597
3.518056 -4.203259
4.172328 -3.536225
4.147794 -3.560510
4.118709 -3.555601
-4.778802 0.037114
3.480420 -4.281108
3.491376 -4.264987
3.446520 -4.268015
3.722974 -3.904934
3.980798 -4.215198
3.976245 -4.203463
4.000895 -4.188496
3.636177 -3.784513
3.599845 -3.756958
3.623082 -3.795666
-4.791915 0.065476
4.028273 -4.283372
4.028367 -4.228283
4.029077 -4.213211
3.577534 -3.700608
3.571853 -3.729260
3.554463 -3.714299
3.812308 -3.491037
4.076160 -3.465992
4.114952 -3.429347
4.092708 -3.482381
-4.817908 0.051530
3.674690 -3.510731
3.600867 -3.477018
3.621380 -3.505822
4.141702 -3.442178
4.112798 -3.474199
4.119917 -3.474579
3.569436 -3.478044
3.571970 -3.520427
3.547439 -3.507283
3.366132 -3.892124
-4.792788 0.046123
3.349417 -4.194587
3.298088 -4.221343
3.332221 -4.182446
3.400273 -3.746316
3.381696 -3.694042
3.408263 -3.710231
3.319409 -4.244523
3.357605 -4.241370
3.296760 -4.229498
3.394968 -3.662443
-4.818265 0.071545
3.416361 -3.684122
3.360219 -3.652502
4.186977 -4.299557
4.071151 -4.441709
4.119537 -4.309337
4.071630 -4.340144
4.002724 -4.349240
4.099199 -4.187461
4.201264 -3.434252
4.341748 -3.430416
-4.812058 0.076662
4.181301 -3.580393
4.222366 -3.359079
4.217907 -3.519834
4.135691 -3.524780
3.356492 -4.348529
3.295248 -4.436175
3.524514 -4.336823
3.220505 -4.359308
3.416842 -4.349987
3.419771 -4.253367
0.418492 -4.418597
3.432491 -3.417590
3.485374 -3.590280
3.635791 -3.622342
3.317947 -3.485236
3.535218 -3.749697
3.484685 -3.593766
1.424372 -4.146736
1.181908 -4.337529
1.160595 -4.305178
1.202476 -4.283969
0.846201 -4.422437
1.876153 -3.956243
1.875512 -3.905591
1.827749 -3.945369
1.126960 -4.381384
1.162541 -4.346263
1.138887 -4.294433
1.964508 -3.890190
1.930486 -3.894971
1.925515 -3.874292
1.341732 -4.577702
4.132661 -4.412654
0.810870 -4.438957
1.227008 -4.519965
1.163477 -4.563979
1.172401 -4.497339
1.924556 -4.613499
1.906700 -4.630859
1.899021 -4.603571
1.115872 -4.500406
1.146881 -4.479983
1.087088 -4.500275
2.008589 -4.613184
0.761778 -4.422746
1.966640 -4.605621
1.998724 -4.631194
2.142668 -4.207938
2.134984 -4.406014
2.152498 -4.399621
2.127618 -4.385944
2.100611 -4.066637
2.164354 -3.986262
2.128255 -4.025200
2.127360 -4.463215
0.057114 -4.395662
2.125638 -4.445062
2.136199 -4.449830
2.120210 -4.001576
2.107131 -3.980499
2.151117 -3.961715
1.223212 -3.966073
1.115557 -4.193856
1.091269 -4.216254
1.106694 -4.214922
1.368365 -3.767626
0.055190 -4.415547
1.305479 -3.678731
1.356152 -3.731997
1.088065 -4.263506
1.086527 -4.275095
1.034509 -4.276138
1.361987 -3.679101
1.353460 -3.738708
1.362072 -3.645654
1.823233 -4.211772
1.934255 -4.404041
0.039441 -4.409352
1.943785 -4.382815
1.936139 -4.422095
1.545500 -3.789291
1.588470 -3.792357
1.588708 -3.806737
2.009849 -4.498131
1.980786 -4.477686
1.988952 -4.452827
1.534419 -3.734995
1.532566 -3.738973
0.866065 -4.429338
1.558539 -3.741169
1.808356 -3.682490
1.951573 -3.721579
1.960008 -3.715012
1.982603 -3.765625
1.592880 -3.669100
1.639064 -3.624950
1.631877 -3.666193
2.011711 -3.706385
2.024255 -3.764341
0.884007 -4.408994
2.009109 -3.731277
1.584119 -3.634072
1.570072 -3.659094
1.604559 -3.655019
0.947260 -4.486490
0.983296 -4.415376
1.143254 -4.427429
0.919095 -4.367677
1.142266 -4.266358
1.078882 -4.390554
0.844591 -4.435822
2.225617 -4.509353
2.118411 -4.629575
2.105394 -4.484816
2.168446 -4.550211
1.982933 -4.544015
2.095030 -4.442097
2.223795 -3.750879
2.009814 -3.801953
2.002967 -4.017988
2.114690 -3.678973
-0.002206 -4.382652
1.922463 -3.848938
2.044056 -3.856359
1.493236 -3.601814
1.388978 -3.560606
1.456547 -3.733703
1.534176 -3.508878
1.498194 -3.680781
1.581488 -3.731357
4.300261 -1.383364
4.510923 -1.025557
-0.004929 -4.386223
4.505681 -1.021721
4.511668 -1.008093
4.164403 -1.592040
4.119802 -1.607544
4.157583 -1.565867
4.551733 -0.954738
4.545300 -0.972651
4.529006 -0.962632
4.121954 -1.642726
4.122368 -1.625806
4.151045 -4.439447
-0.009917 -4.409544
4.094350 -1.607077
4.736301 -1.444807
4.696431 -1.037045
4.700485 -0.996239
4.682792 -1.048338
4.741893 -1.670041
4.750582 -1.703238
4.730018 -1.685184
4.665222 -0.963995
4.655241 -0.962818
4.591461 0.057266
4.676853 -0.962637
4.733344 -1.777399
4.727909 -1.737129
4.746575 -1.746871
4.345115 -1.913625
4.540174 -1.919796
4.529104 -1.978765
4.511682 -1.912656
4.162132 -1.863606
4.087798 -1.901859
4.613048 -0.676121
4.087330 -1.860672
4.599391 -1.938741
4.549804 -1.865833
4.579474 -1.967947
4.078109 -1.862017
4.084625 -1.812662
4.045716 -1.888708
4.218749 -0.900882
4.424960 -0.861179
4.416378 -0.814678
4.629366 -0.629081
4.407671 -0.868424
3.949299 -0.972356
3.970987 -0.963212
3.948642 -0.962976
4.471769 -0.825592
4.494652 -0.876131
4.488562 -0.853908
3.923915 -0.971513
3.924452 -0.984472
3.886263 -0.983743
4.607013 -0.608740
4.299778 -1.521811
4.521427 -1.705498
4.486256 -1.730189
4.518608 -1.742176
4.035905 -1.269148
4.006633 -1.277287
3.956370 -1.257088
4.550108 -1.772672
4.553825 -1.768981
4.561240 -1.838062
4.543193 0.792289
3.965535 -1.179342
3.932912 -1.218683
3.941421 -1.247812
3.827111 -1.413178
3.883938 -1.652659
3.863142 -1.700785
3.876979 -1.614943
3.780061 -1.238066
3.769778 -1.245464
3.798760 -1.281083
4.568565 0.781872
3.870267 -1.674425
3.898971 -1.706753
3.883470 -1.720811
3.766881 -1.179613
3.802206 -1.216025
3.783668 -1.209513
4.664664 -0.863989
4.585055 -0.818541
4.587574 -0.989629
4.550815 -0.693819
4.559376 0.778787
4.495405 -0.901797
4.611106 -0.942934
4.594673 -2.016980
4.717467 -1.903608
4.682081 -1.824716
4.595766 -2.017384
4.614250 -1.717632
4.566834 -1.860390
3.997029 -1.909842
4.007787 -1.775478
4.624390 -0.714001
4.114336 -1.732094
3.830765 -1.837630
3.997417 -1.629984
3.958051 -1.754814
3.814534 -1.183153
3.799371 -1.019075
3.980561 -1.100759
3.715182 -1.164933
3.818902 -1.102912
3.889781 -1.237542
4.599487 -0.701391
1.678454 -1.516089
1.681387 -1.392630
1.647454 -1.383309
1.688262 -1.366972
1.731415 -1.938626
1.716236 -1.926788
1.720242 -1.872830
1.679208 -1.323609
1.706994 -1.331193
1.676169 -1.311351
4.112214 -4.435603
4.613018 -0.674832
1.720295 -1.959877
1.748098 -1.937160
1.727321 -1.949458
2.102198 -1.598170
1.892480 -1.364092
1.871742 -1.330079
1.932997 -1.349304
2.323766 -1.928972
2.305798 -1.878150
2.344929 -1.875924
4.552320 0.845360
1.840119 -1.254510
1.860476 -1.280722
1.857266 -1.266939
2.351127 -2.002539
2.410765 -1.940022
2.420898 -1.946959
2.020999 -2.152096
2.360706 -2.154724
2.340302 -2.182177
2.391948 -2.146270
4.527394 0.868253
1.904347 -2.103708
1.909002 -2.159114
1.904860 -2.120032
2.363219 -2.160503
2.380494 -2.120935
2.417414 -2.193365
1.868043 -2.148120
1.869723 -2.104215
1.892739 -2.124671
2.153274 -1.161578
4.566567 0.878525
1.955782 -1.174008
1.957384 -1.147655
1.980659 -1.167657
2.424642 -1.191211
2.437201 -1.181574
2.414609 -1.185324
1.885897 -1.145229
1.929971 -1.172913
1.892019 -1.135195
2.502547 -1.191920
0.862915 0.641889
2.452510 -1.213708
2.462132 -1.196426
2.613622 -1.723774
2.569926 -1.916439
2.595282 -1.942834
2.572397 -1.924630
2.611480 -1.385409
2.640077 -1.398716
2.632104 -1.375423
2.568968 -1.943406
1.282362 1.101461
2.518192 -1.966644
2.568542 -1.978408
2.633932 -1.338156
2.584027 -1.376502
2.647486 -1.348827
2.265028 -1.542276
1.938787 -1.885687
1.925894 -1.932992
1.914579 -1.962374
2.362211 -1.433038
1.261130 1.116668
2.375331 -1.444184
2.365509 -1.449038
1.916322 -1.920201
1.904250 -1.930854
1.912873 -1.974871
2.468039 -1.339840
2.438709 -1.397920
2.456995 -1.380123
1.716612 -1.139773
1.647000 -1.226626
1.249849 1.107490
1.792917 -1.347804
1.779682 -1.094553
1.826330 -1.242966
1.903540 -1.239349
2.550357 -2.283107
2.480817 -2.106671
2.344159 -2.051180
2.607630 -2.171542
2.457415 -1.924457
2.464857 -2.069137
0.579830 0.324841
1.806577 -2.207868
1.729095 -2.050970
1.794420 -2.019640
1.852751 -2.059973
1.868767 -1.885223
1.912700 -2.003328
2.709728 -1.264160
2.589308 -1.187587
2.536851 -1.230251
2.651565 -1.264970
0.583804 0.346236
2.430587 -1.282057
2.497429 -1.383397
2.844442 3.171867
2.999663 3.377815
3.020190 3.385848
3.020891 3.430901
2.532628 2.679852
2.519840 2.653086
2.495249 2.655896
3.099045 3.491820
4.148987 -4.407039
0.555825 0.331327
3.091932 3.522553
3.109589 3.495916
2.452047 2.542490
2.439864 2.560300
2.413985 2.530588
4.424714 2.656250
4.182054 3.468116
4.182639 3.450702
4.184005 3.454249
4.504705 2.436090
1.339416 1.191305
4.466779 2.496724
4.487854 2.467642
4.154588 3.499824
4.162917 3.507977
4.149489 3.498934
4.512360 2.373555
4.522395 2.419226
4.489408 2.418974
3.111314 1.467880
3.494844 1.420133
1.356012 1.209366
3.588525 1.440769
3.516443 1.427399
2.585398 1.500395
2.564457 1.525389
2.552916 1.543784
3.590699 1.419481
3.575148 1.418715
3.608240 1.448965
2.500629 1.544153
2.482651 1.537461
1.336319 1.210631
2.491312 1.549485
2.025483 4.635476
2.854291 4.525826
2.893380 4.490855
2.892099 4.504627
1.778502 4.683491
1.720647 4.685327
1.831257 4.665293
2.962273 4.479789
2.961179 4.502712
0.528727 0.257691
2.937551 4.464306
1.701605 4.691065
1.679186 4.660595
1.721175 4.676916
3.602647 2.324310
3.745606 2.194857
3.747025 2.230631
3.726244 2.216286
1.700742 3.870307
1.731601 3.870760
0.534092 0.296966
1.726588 3.833368
3.802762 2.141532
3.779331 2.148710
3.789983 2.198586
1.680319 3.916184
1.650260 3.899533
1.717477 3.875838
1.240684 3.067127
1.390487 2.620952
1.406285 2.634854
0.499371 0.269922
1.382673 2.653183
1.074039 3.413055
1.115656 3.367005
1.082834 3.435583
1.433102 2.519472
1.437613 2.467186
1.458749 2.522073
1.056920 3.473990
1.046758 3.491231
1.064557 3.512626
1.450471 -0.900545
4.072172 3.941865
3.967913 4.282730
4.003846 4.306609
3.966394 4.265773
4.080531 3.803647
4.120324 3.786150
4.078220 3.797776
3.969634 4.324693
3.935697 4.301573
3.959674 4.345349
1.597421 -1.044549
4.102894 3.708346
4.085966 3.774446
4.100922 3.743139
3.560590 4.063653
3.776973 4.283788
3.760062 4.292332
3.723533 4.282043
3.354974 3.817699
3.336213 3.829938
3.356639 3.853528
1.594794 -1.023867
3.791245 4.314101
3.765041 4.307062
3.773727 4.325423
3.313622 3.765387
3.323247 3.794593
3.306808 3.808958
3.523561 3.548996
3.392583 3.576219
3.418254 3.547742
3.362880 3.575505
3.940097 4.535041
1.585126 -1.002056
3.868616 3.598552
3.823386 3.560613
3.888436 3.598430
3.339778 3.562488
3.332938 3.593107
3.316161 3.554735
3.969462 3.601479
3.949260 3.612663
3.934406 3.602441
3.549427 4.546152
-1.089372 1.239757
3.708824 4.532647
3.669881 4.551008
3.703647 4.528207
3.300026 4.524468
3.281239 4.561024
3.306570 4.520725
3.782367 4.516586
3.749274 4.499983
3.773458 4.498831
3.192183 4.510491
-1.116419 1.224862
3.214798 4.475438
3.240331 4.532698
3.069954 4.022412
3.142139 3.772931
3.105769 3.752322
3.148081 3.726383
3.058432 4.265111
3.023460 4.240364
3.074489 4.245168
3.135585 3.721300
-1.104126 1.224966
3.175996 3.696374
3.126664 3.665995
3.039989 4.284020
3.067747 4.269165
3.055817 4.300426
3.683352 3.998104
3.891155 3.813346
3.890906 3.807893
3.871437 3.821596
3.314990 4.368738
1.634226 -1.076414
3.301865 4.349066
3.302029 4.327829
3.990752 3.719615
3.969323 3.728369
3.979672 3.650753
3.264102 4.412454
3.268347 4.393635
3.193162 4.400970
3.871964 4.414361
3.962688 4.398494
1.624787 -1.062166
3.893516 4.295245
3.858386 4.520486
3.857799 4.433734
3.742358 4.408280
3.252131 3.527861
3.172631 3.605941
3.357852 3.680466
3.086374 3.567916
3.218432 3.789973
3.275969 3.612210
1.662223 -1.065226
4.083917 3.505692
4.150816 3.604382
4.033527 3.695797
4.110568 3.554113
4.023068 3.751288
3.965823 3.668900
2.971809 4.364016
3.091479 4.537442
3.151389 4.384960
3.062784 4.458683
-1.140006 1.272907
3.277660 4.453593
3.146833 4.317124
4.228220 1.065630
4.357345 1.034863
4.363193 1.013196
4.304799 0.990365
3.931412 1.276705
3.906692 1.247418
3.900215 1.288045
4.421607 1.009978
-1.154270 1.290724
4.353436 1.022622
4.407994 0.995519
3.859432 1.294948
3.888100 1.306409
3.798644 1.339657
4.607759 1.636045
4.570748 1.184160
4.591875 1.171538
4.590909 1.229544
4.587158 1.976106
-1.151903 1.244821
4.597659 2.084517
4.600126 2.026277
4.557710 1.103745
4.573174 1.191483
4.589414 1.186830
4.590760 2.042103
4.604395 2.034672
4.602738 2.077674
4.235631 1.842420
4.381235 1.932780
3.946391 4.519696
-0.228078 4.521253
4.386152 1.976733
4.388846 1.970234
3.907248 1.529047
3.948453 1.594794
3.918598 1.569794
4.463048 1.990480
4.461822 1.997084
4.456915 2.029698
3.876181 1.519688
3.885313 1.545742
0.370283 4.532612
3.875175 1.554014
4.222867 1.624791
4.428675 1.173347
4.410933 1.217751
4.431812 1.218062
4.127101 1.875643
4.070058 1.834520
4.087121 1.812715
4.463395 1.124268
4.474263 1.138938
0.339052 4.554827
4.511558 1.145003
4.011461 1.968148
4.020272 1.892943
3.971736 1.924089
4.234445 2.156142
4.461832 2.183036
4.472945 2.244734
4.453265 2.190836
4.096911 2.112526
4.032319 2.163662
0.346131 4.535012
4.084200 2.140714
4.473999 2.246497
4.485328 2.182089
4.480113 2.255924
4.042013 2.125937
4.055728 2.108823
4.027907 2.157517
3.807635 1.792749
3.758756 1.546606
3.718136 1.546547
-0.873210 4.478298
3.779160 1.566504
3.850988 1.929035
3.820355 1.944914
3.847855 1.956325
3.709287 1.481461
3.778883 1.521925
3.733217 1.529745
3.863339 1.993853
3.908685 2.007588
3.821261 2.010915
-0.890187 4.474802
4.575696 0.976132
4.472689 0.913992
4.506519 1.114207
4.487742 1.048444
4.400648 1.055321
4.528528 1.185240
4.477611 2.259631
4.570831 2.220998
4.513051 1.983470
4.483631 2.324620
-0.888493 4.496092
4.562201 2.095650
4.470074 2.128172
3.771454 1.490090
3.656038 1.332522
3.897759 1.411479
3.650110 1.478260
3.816097 1.406423
3.818018 1.559070
3.921696 2.178689
3.889569 2.055369
0.422474 4.547795
4.119923 1.992255
3.783615 2.112345
3.920149 1.952448
3.999753 2.087194
1.970172 1.388776
1.615427 1.322153
1.584412 1.294775
1.585837 1.321574
2.169291 1.462153
2.175071 1.437925
0.455726 4.496716
2.182356 1.467589
1.579960 1.295063
1.554486 1.359080
1.546729 1.304457
2.241968 1.475971
2.209376 1.483705
2.225351 1.463906
1.844424 1.827088
1.617433 1.555842
1.650668 1.590056
0.379289 4.557643
1.594678 1.553428
2.195800 2.215227
2.180575 2.218277
2.172931 2.246106
1.523284 1.446371
1.555187 1.490000
1.551744 1.499259
2.223461 2.264372
2.200749 2.261363
2.229061 2.299090
3.921603 4.514576
-0.989022 4.437478
2.378691 1.905184
2.354275 2.195349
2.384023 2.242362
2.301770 2.224004
2.367742 1.712751
2.414489 1.706236
2.369384 1.747869
2.358709 2.269550
2.295702 2.270104
2.340872 2.279486
-0.951869 4.491332
2.392388 1.660911
2.370559 1.680088
2.378436 1.680841
1.431236 2.041311
1.447413 1.490949
1.421448 1.522739
1.427716 1.565343
1.458037 2.165316
1.432108 2.137903
1.474901 2.161307
-0.982146 4.470458
1.425351 1.421155
1.447614 1.453823
1.417893 1.454771
1.481610 2.227441
1.499531 2.193353
1.450004 2.174562
1.857030 2.416529
2.111757 2.424787
2.123958 2.441855
2.088780 2.425553
-3.269661 0.829063
1.706811 2.396904
1.706723 2.426749
1.746195 2.395226
2.165812 2.427699
2.153477 2.403489
2.189455 2.436765
1.659642 2.407032
1.656133 2.347107
1.674789 2.404280
1.914881 1.955123
-3.016182 -0.257328
2.152359 1.717175
2.209334 1.730905
2.195745 1.728272
1.648288 2.178235
1.698838 2.143549
1.674326 2.169589
2.237870 1.657425
2.225340 1.666552
2.246900 1.682266
1.619576 2.212603
-3.032299 -0.265870
1.633129 2.198849
1.642431 2.217756
1.420683 1.347075
1.472602 1.236764
1.555392 1.449597
1.354820 1.338692
1.535199 1.389182
1.502495 1.517184
2.434164 2.440558
2.326180 2.399810
-3.000908 -0.256849
2.280018 2.245459
2.301401 2.503359
2.146978 2.353055
2.212047 2.337531
2.480348 1.571619
2.370140 1.477807
2.282689 1.527967
2.367341 1.636402
2.198045 1.552733
2.289137 1.727480
-3.482668 1.773306
1.556260 2.482983
1.418844 2.381854
1.551277 2.279319
1.560990 2.348272
1.528021 2.179201
1.681677 2.253247
1.128583 4.266396
0.774283 4.438372
0.716780 4.448538
0.737341 4.442378
-3.514281 1.769605
1.338804 4.159695
1.378876 4.121803
1.366507 4.127084
0.658089 4.488847
0.713334 4.457431
0.685669 4.478117
1.435012 4.092837
1.428380 4.101713
1.431603 4.087582
0.994516 4.667050
-3.511038 1.763685
0.744110 4.602202
0.778808 4.651071
0.780846 4.633576
1.346405 4.718745
1.275179 4.706701
1.288913 4.689011
0.691860 4.600152
0.705365 4.590433
0.670436 4.596719
1.439711 4.711067
