2050 2
-3.137272 -4.632847
-3.101793 -4.628679
-4.298154 3.854560
4.141696 0.987432
-1.773859 1.845855
-1.779052 1.834005
-1.995860 1.545108
-1.986048 1.768503
-2.015012 1.809968
-1.969187 1.802700
-1.971093 1.372192
-1.997140 1.347792
-1.983523 1.425241
-1.986517 1.854753
4.115172 1.007086
-1.968207 1.842479
-1.996677 1.892290
-1.987032 1.283136
-1.964791 1.294909
-1.987594 1.325407
-0.945637 1.615322
-0.900543 1.410595
-0.853843 1.364876
-0.894589 1.441761
-1.058540 1.915746
4.152588 0.988866
-1.042601 1.929299
-1.074442 1.918121
-0.874386 1.332246
-0.900193 1.342490
-0.868967 1.343844
-1.064979 2.014445
-1.097160 1.966820
-1.075970 2.011855
-1.513889 2.090759
-1.688816 2.049539
4.365535 -0.267859
-1.716718 2.077286
-1.691069 2.052438
-1.328175 2.090242
-1.345382 2.119607
-1.332890 2.092098
-1.760699 2.059258
-1.735954 2.019804
-1.766206 2.044293
-1.213458 2.114487
-1.268973 2.081744
4.343668 -0.235336
-1.260085 2.122063
-1.608669 1.529929
-1.788058 1.320679
-1.777744 1.341394
-1.795098 1.371186
-1.296481 1.874314
-1.333097 1.851786
-1.304577 1.929460
-1.818848 1.272658
-1.818447 1.300716
4.364977 -0.245074
-1.853569 1.310012
-1.233819 1.963025
-1.253985 1.956483
-1.262293 1.976254
-0.847201 1.105404
-0.841905 1.043709
-1.020106 1.171167
-0.759631 1.148702
-0.935795 1.266062
-0.960149 1.313691
-3.585292 -3.328679
-2.052184 1.958170
-1.930610 1.958253
-1.851787 1.806978
-1.899612 2.103702
-1.744911 1.897886
-1.889788 1.912281
-2.076035 1.212126
-2.013752 1.113314
-1.895436 1.246877
-1.972044 1.205428
-3.518899 -3.514251
-1.799635 1.204724
-1.942314 1.338892
-1.192129 2.191839
-1.082473 2.128309
-1.135658 1.990866
-1.181416 2.158290
-1.170232 1.942633
-1.273099 1.991733
2.632933 4.634765
3.391146 4.452449
-3.481809 -3.531383
3.321933 4.452738
3.409799 4.415618
2.084862 4.780308
2.101658 4.776045
2.110480 4.762180
3.438056 4.415696
3.428601 4.427662
3.438015 4.399541
2.031284 4.796739
2.055681 4.782595
-3.496503 -3.490772
2.013827 4.783909
2.551937 2.839590
3.335628 3.442280
3.194270 3.354207
3.307251 3.400037
2.219610 2.573588
2.219562 2.582154
2.240890 2.578284
3.407998 3.509815
3.386284 3.463539
-4.284694 3.869470
-3.812867 -2.548268
3.384531 3.485746
2.164361 2.541794
2.161336 2.519898
2.147205 2.506911
1.126192 3.241618
1.130059 2.797472
1.150344 2.799725
1.139437 2.786547
1.103213 3.667351
1.115805 3.690323
-3.803145 -2.533257
1.129808 3.676544
1.149116 2.728547
1.144806 2.736870
1.158103 2.735926
1.097617 3.745320
1.117145 3.749534
1.137342 3.735003
4.233965 2.898852
4.294129 3.169948
4.277229 3.166953
-3.770041 -2.614688
4.271814 3.194024
4.165125 2.330041
4.171529 2.374350
4.147449 2.365087
4.268372 3.255310
4.281322 3.235839
4.270238 3.228983
4.147485 2.284978
4.134777 2.266434
4.111844 2.277809
-3.477576 -3.566211
2.765980 1.493027
2.164581 1.565446
2.200326 1.595823
2.215118 1.567053
3.095234 1.431987
3.089491 1.450827
3.055511 1.456107
2.103415 1.611942
2.084690 1.592332
2.103651 1.619936
-3.502241 -3.535430
3.149699 1.428472
3.136828 1.441392
3.114851 1.455610
2.327454 3.437385
2.012963 3.834341
2.067328 3.798550
2.039283 3.772665
3.187646 2.379617
3.172933 2.402827
3.150021 2.397149
-3.465508 -3.551129
1.987788 3.889208
1.958619 3.877789
1.975528 3.864411
3.249173 2.327687
3.236942 2.294938
3.233879 2.331589
3.905242 3.811759
4.222488 4.053324
4.264216 4.037282
4.255085 4.022833
-3.827000 -2.463639
3.730632 3.708521
3.723653 3.693141
3.736853 3.668734
4.322088 4.098154
4.345585 4.085607
4.341197 4.078341
3.605724 3.649094
3.658643 3.655129
3.642615 3.643223
4.116463 4.303807
-3.840947 -2.460744
4.264209 4.262606
4.273625 4.274868
4.246811 4.265203
3.775908 4.360050
3.777174 4.369583
3.778249 4.344649
4.323391 4.250602
4.324944 4.222803
4.353291 4.241769
3.685565 4.379070
-3.813215 -2.481757
3.753750 4.321553
3.728418 4.357572
3.534183 3.956566
3.601750 4.182029
3.558438 4.143286
3.562688 4.140230
3.515408 3.731540
3.489102 3.755995
3.515202 3.688372
3.590714 4.228616
-2.257397 -3.082217
3.627805 4.205147
3.573034 4.203789
3.489807 3.681031
3.504265 3.690539
3.486700 3.633239
4.439730 3.779174
4.457010 3.969134
4.457082 3.974168
4.439641 4.016429
4.384390 3.516835
-4.289163 3.847507
-2.418259 -3.383781
4.401847 3.473762
4.374948 3.506578
4.461766 4.013602
4.438883 4.029732
4.454656 4.049766
4.352300 3.466424
4.367284 3.496704
4.375132 3.456831
3.951491 3.862948
3.760743 4.141920
-2.431939 -3.368675
3.771633 4.106167
3.774300 4.095858
4.156657 3.577483
4.115264 3.604471
4.129338 3.573533
3.721852 4.186239
3.728729 4.164864
3.694250 4.159021
4.181824 3.525466
4.173478 3.546963
-2.403605 -3.373196
4.160581 3.525375
3.947991 3.394446
3.702079 3.470812
3.704483 3.440380
3.679184 3.484931
4.117206 3.363135
4.110490 3.341636
4.077011 3.384969
3.661219 3.486638
3.668066 3.510508
-1.883989 -2.260654
3.624450 3.483722
4.163094 3.316620
4.166038 3.393004
4.156180 3.368147
4.443798 4.255043
4.384895 4.141127
4.302437 4.122540
4.510313 4.200546
4.407557 4.041202
4.381451 4.116930
-1.861838 -2.189755
3.440808 4.381279
3.533648 4.422169
3.675068 4.281230
3.555464 4.300168
3.751808 4.257299
3.663033 4.161811
3.402678 3.553050
3.516027 3.576856
3.567955 3.689727
3.562114 3.457965
-1.850060 -2.215379
3.689867 3.564229
3.568819 3.592422
4.205515 3.387532
4.357348 3.390342
4.291608 3.531033
4.222583 3.263952
4.302076 3.445494
4.143548 3.459019
1.029022 2.080032
1.006498 1.832151
-2.455218 -3.413986
0.977126 1.802252
0.987890 1.834069
1.092687 2.360364
1.063139 2.345735
1.048927 2.277231
0.996065 1.754522
1.003860 1.757975
0.971906 1.752011
1.087723 2.454399
1.108407 2.404202
-2.459949 -3.493670
1.100350 2.417601
1.378158 1.921755
1.123977 1.728367
1.150827 1.731400
1.164701 1.703138
1.806441 2.258899
1.835003 2.276609
1.799612 2.238198
1.113264 1.701214
1.142389 1.694283
-2.443866 -3.407051
1.118681 1.667641
1.896631 2.342096
1.871062 2.290104
1.883166 2.298660
1.581688 2.526747
1.802182 2.473229
1.838014 2.500397
1.823881 2.486303
1.350322 2.544866
1.347264 2.575270
-1.853203 -2.166306
1.360829 2.545722
1.848242 2.486222
1.862841 2.466890
1.912798 2.496624
1.277775 2.594607
1.298426 2.544873
1.296395 2.591051
1.551213 1.568587
1.194413 1.558853
1.134156 1.539949
-4.267977 3.866615
-1.807618 -2.139432
1.149582 1.581192
1.694459 1.585375
1.724915 1.572829
1.724511 1.591537
1.092304 1.564197
1.100664 1.593915
1.092055 1.564052
1.758670 1.568988
1.765619 1.607515
1.771016 1.578034
-1.833521 -2.142073
2.017062 1.985472
2.021614 2.227593
2.052191 2.274054
2.028828 2.243006
1.971755 1.833536
2.016704 1.807516
1.961921 1.814554
2.037735 2.293373
2.012276 2.277363
2.016182 2.291810
-2.308478 -1.254982
1.959962 1.801841
1.960312 1.800020
1.984144 1.797057
1.546243 2.097287
1.273438 2.399084
1.299418 2.478208
1.307070 2.412299
1.770213 1.815363
1.822935 1.818321
1.797967 1.852847
-2.131218 -1.202062
1.255988 2.500281
1.236165 2.469732
1.278577 2.532416
1.845165 1.754327
1.827299 1.754057
1.855287 1.806566
1.004599 1.598521
0.926943 1.613402
1.072136 1.753951
1.038530 1.534389
-2.168641 -1.231686
1.037201 1.685883
1.140112 1.624142
2.044159 2.523427
2.019010 2.442717
1.836889 2.394536
2.113843 2.408386
1.932508 2.289072
1.997851 2.322488
1.234562 2.669916
1.097148 2.589986
-2.146986 -1.226256
1.225471 2.502084
1.195936 2.641766
1.162326 2.431340
1.287100 2.527462
2.090539 1.667124
1.990631 1.569683
1.853264 1.684292
1.961259 1.702959
1.788936 1.662777
1.912854 1.803719
-2.958835 -1.378151
0.854227 4.378201
0.800729 4.525883
0.753043 4.495347
0.821021 4.490378
1.036462 4.074561
1.012946 4.027415
1.039423 4.052091
0.775424 4.592384
0.811534 4.552553
0.752494 4.547669
-3.012584 -1.410120
1.032499 4.024615
1.062582 4.030687
1.037217 4.034027
1.530214 4.832403
0.856023 4.748062
0.876021 4.780219
0.861859 4.766521
1.724028 4.826855
1.734737 4.862389
1.708704 4.824596
-2.969160 -1.403201
0.841345 4.748993
0.855384 4.747939
0.839700 4.757558
1.758760 4.833041
1.739231 4.805937
1.796119 4.846853
1.386964 4.292320
1.698063 4.685503
1.714945 4.658820
1.743166 4.695195
-2.090778 -1.213774
1.254852 4.129014
1.277610 4.145291
1.299368 4.136114
1.756477 4.759019
1.756800 4.739582
1.786864 4.732406
1.196653 4.035815
1.237633 4.061445
1.236871 4.047238
1.230736 4.408852
4.521739 4.297180
-2.092744 -1.213179
0.936522 4.599681
0.883554 4.610540
0.912782 4.606523
1.689948 4.160087
1.650503 4.165780
1.586091 4.212056
0.799041 4.639822
0.868067 4.624969
0.818137 4.649547
1.738787 4.096932
-2.110357 -1.228050
1.692189 4.138432
1.706019 4.100893
1.915154 4.402686
1.897020 4.621288
1.942402 4.634358
1.901115 4.621389
1.903410 4.216134
1.944900 4.204739
1.893378 4.210589
1.916985 4.689423
-3.041813 -1.416115
1.908623 4.657920
1.929774 4.649747
1.918728 4.132545
1.882009 4.158280
1.939615 4.129207
1.486803 3.943119
1.315894 3.926267
1.344556 3.915643
1.334042 3.923006
1.694773 3.997879
-3.026818 -1.426856
1.707875 3.954216
1.666376 3.961055
1.222399 3.902795
1.276164 3.923316
1.274922 3.890226
1.776746 3.957498
1.732880 4.015066
1.782705 3.978357
0.681635 4.728662
0.633031 4.611897
-3.054966 -1.451792
0.823899 4.662256
0.676274 4.665318
0.830615 4.578643
0.842826 4.708688
1.915382 4.797559
1.953872 4.809794
1.720144 4.754659
2.030530 4.743376
1.825166 4.737356
1.844452 4.668603
-1.506179 -4.264158
1.135730 3.837416
1.050850 3.852386
1.110607 4.075673
1.181306 3.807933
1.133671 4.007044
1.285832 3.969663
1.956103 4.044234
1.862399 3.981325
1.761444 4.149872
1.859844 3.911278
-2.043882 -4.372386
1.710791 4.061285
1.836095 4.118242
3.675858 1.221409
3.864689 1.138005
3.913318 1.120966
3.887517 1.153465
3.443532 1.329387
3.412282 1.317699
3.423890 1.332777
3.987312 1.129028
-2.050164 -4.355048
3.960950 1.148558
3.942003 1.140733
3.350601 1.363361
3.389224 1.330207
3.362349 1.359685
4.194993 1.652319
4.189562 1.291184
4.193594 1.264182
4.176252 1.335845
4.161222 1.917718
-2.052352 -4.351718
4.215350 1.942843
4.166354 1.960090
4.158874 1.221993
4.139194 1.232982
4.175066 1.191189
4.197234 1.963766
4.175380 1.951924
4.173666 1.972286
3.732304 1.738523
3.958428 1.933484
-1.221897 -4.187050
3.970150 1.997699
3.962848 1.984298
3.520195 1.556455
3.488904 1.555185
3.484544 1.543533
3.999668 1.995609
3.990065 1.992187
3.969095 2.004278
3.418295 1.495809
3.447963 1.503425
4.482811 4.238710
-1.222609 -4.176095
3.425051 1.524389
3.714344 1.709006
3.949550 1.339358
3.964860 1.329967
3.991046 1.323354
3.491112 1.995682
3.506056 1.955705
3.489601 1.984027
4.001649 1.268089
3.986987 1.283719
-1.255557 -4.183364
4.015666 1.282813
3.440739 2.057792
3.439837 2.020704
3.422755 2.026360
3.734761 2.182355
3.976412 2.125301
3.916899 2.207987
3.935637 2.141526
3.535314 2.193471
3.514634 2.226377
-2.094093 -4.393649
3.521556 2.202521
3.992887 2.159735
3.972471 2.135208
4.010282 2.170406
3.474683 2.222827
3.476098 2.214984
3.442102 2.220555
3.262100 1.746985
3.274088 1.573899
3.232810 1.606389
-2.123535 -4.373118
3.288111 1.595269
3.291884 2.014076
3.283392 2.018339
3.310745 2.044872
3.251913 1.533566
3.277859 1.562225
3.256640 1.554456
3.299407 2.058413
3.327219 2.066813
3.304885 2.088413
-2.122795 -4.353004
4.166735 1.076095
4.057311 1.034684
4.106827 1.187454
4.053679 1.144295
3.953469 1.221064
4.078706 1.276931
4.058387 2.119249
4.215859 2.069217
4.090749 1.940367
4.056370 2.228941
-1.172513 -4.169602
4.106874 2.029908
3.969804 2.043253
3.269767 1.474503
3.206356 1.384841
3.433434 1.439879
3.168629 1.512575
3.335989 1.425353
3.358321 1.568312
3.342685 2.290895
3.301912 2.225504
-1.178396 -4.155782
3.504900 2.152714
3.250519 2.185218
3.373551 2.036479
3.380575 2.132855
2.296782 -1.494470
3.364535 -2.805229
3.320611 -2.773771
3.339003 -2.751284
2.141546 -1.307256
2.147626 -1.330571
-1.177326 -4.147945
2.172197 -1.325689
3.368951 -2.862774
3.406514 -2.832447
3.377154 -2.856585
2.103795 -1.284487
2.118505 -1.272629
2.135418 -1.293465
2.719897 -3.642781
3.138342 -3.752165
3.130697 -3.725421
-0.796979 -2.220142
3.154775 -3.729860
2.226115 -3.509161
2.237745 -3.492649
2.261811 -3.490773
3.202681 -3.758888
3.228451 -3.771459
3.227827 -3.734968
2.177229 -3.491707
2.186060 -3.481528
2.169650 -3.461046
-0.872423 -1.977434
1.318535 -1.576792
1.333208 -2.275565
1.359053 -2.263256
1.370708 -2.235550
1.301415 -1.364612
1.314396 -1.336720
1.308895 -1.387462
1.369982 -2.346789
1.343223 -2.303246
1.412091 -2.361789
4.487862 4.249949
-0.902865 -1.974023
1.328198 -1.256309
1.298859 -1.267158
1.295499 -1.299403
4.377322 -2.466297
4.350623 -2.756593
4.323236 -2.692914
4.318966 -2.747671
4.437034 -1.899217
4.422598 -1.894333
4.432209 -1.924333
-0.871995 -2.003042
4.320229 -2.773296
4.355915 -2.800884
4.307967 -2.785064
4.418355 -1.813586
4.433579 -1.815237
4.412709 -1.831640
2.672120 -2.232770
2.472645 -2.390267
2.445550 -2.419869
2.451401 -2.391223
-0.601959 -2.839227
3.373755 -1.757376
3.407478 -1.729737
3.390288 -1.731822
2.387927 -2.455479
2.374515 -2.448575
2.390992 -2.431244
3.496288 -1.676030
3.446595 -1.681947
3.464940 -1.674316
2.467399 -0.472098
-0.590797 -2.873078
2.167260 -0.395553
2.230173 -0.446381
2.227086 -0.426070
3.543757 -0.686211
3.533394 -0.709468
3.513560 -0.715486
2.151396 -0.407045
2.151438 -0.399180
2.169006 -0.430165
3.607492 -0.712500
-0.595900 -2.859994
3.563152 -0.720093
3.575010 -0.741659
3.762479 -3.889123
3.909994 -3.874792
3.922857 -3.890396
3.872501 -3.886855
3.486351 -3.811787
3.551857 -3.863684
3.505622 -3.840185
3.982597 -3.878778
-0.915252 -1.907116
3.965530 -3.838756
3.947967 -3.874161
3.425597 -3.843751
3.475853 -3.813129
3.446729 -3.835490
3.793584 -3.398923
3.931768 -3.577681
3.929480 -3.587737
3.929719 -3.578156
3.626342 -3.186872
-0.899373 -1.913463
3.624149 -3.157209
3.641125 -3.160190
3.965652 -3.669436
3.986095 -3.633769
3.988477 -3.665100
3.575072 -3.112231
3.572056 -3.146812
3.595666 -3.091777
3.365190 -3.338825
3.421414 -3.146783
-0.904695 -1.930048
3.359385 -3.119376
3.409264 -3.130504
3.341348 -3.513591
3.280685 -3.572571
3.344347 -3.503970
3.396678 -3.084206
3.436642 -3.121819
3.400836 -3.086939
3.321614 -3.594504
3.350540 -3.593675
-0.569307 -2.892333
3.330743 -3.575982
4.257720 -3.422958
4.171840 -3.649714
4.219916 -3.591121
4.181712 -3.626719
4.291420 -3.186821
4.303384 -3.212734
4.316796 -3.181167
4.180354 -3.702346
4.145378 -3.687846
-0.588178 -2.928613
4.202618 -3.664091
4.310683 -3.061911
4.295283 -3.155311
4.343103 -3.109825
3.938460 -2.927597
3.660677 -2.902237
3.612692 -2.896081
3.620701 -2.917264
4.139128 -2.974922
4.156329 -2.905982
4.501235 4.255767
-0.583600 -2.918320
4.126049 -2.976402
3.590735 -2.895613
3.619776 -2.925621
3.575071 -2.918944
4.166127 -2.969810
4.151469 -2.992400
4.160550 -2.956439
3.851345 -3.385635
3.566522 -3.633274
3.566094 -3.586147
-2.151780 -2.817394
3.626798 -3.550573
4.059712 -3.221591
4.074763 -3.197696
4.054155 -3.207350
3.518007 -3.684290
3.523456 -3.643771
3.506612 -3.604528
4.113050 -3.150103
4.149989 -3.145992
4.123081 -3.130415
-2.938460 -2.398002
4.027331 -3.734780
4.040689 -3.888166
3.916722 -3.750997
4.173474 -3.819406
4.085818 -3.744773
4.059970 -3.657741
3.374573 -2.940920
3.485800 -2.968237
3.465449 -3.142883
3.510033 -2.865220
-2.907255 -2.417485
3.637868 -2.990679
3.540329 -2.983567
3.266385 -3.641276
3.288471 -3.798857
3.407728 -3.741565
3.366074 -3.694051
3.516940 -3.758593
3.440921 -3.602635
4.232620 -2.842245
4.345482 -2.891196
-2.894999 -2.404460
4.238538 -3.038424
4.207602 -2.998112
4.232174 -3.153942
4.130606 -3.083455
1.225712 -2.930971
1.189043 -3.129160
1.149520 -3.173676
1.144919 -3.153941
1.338353 -2.679108
1.278196 -2.662630
-1.478081 -3.172223
1.342988 -2.627059
1.162646 -3.227394
1.169353 -3.214972
1.134292 -3.231939
1.304473 -2.598145
1.346659 -2.601359
1.322816 -2.549247
1.664416 -3.457338
1.395170 -3.446415
1.393180 -3.459364
-1.484467 -3.180906
1.371416 -3.426519
1.837518 -3.447993
1.877312 -3.472594
1.843494 -3.452791
1.351489 -3.448696
1.351815 -3.432785
1.338852 -3.450418
1.903877 -3.472356
1.897537 -3.423639
1.953651 -3.456124
-1.414827 -3.190769
1.710522 -2.950256
1.873633 -3.233645
1.872849 -3.219850
1.910591 -3.210566
1.586918 -2.790025
1.564442 -2.684291
1.565718 -2.697921
1.961711 -3.316509
1.958392 -3.316329
1.932399 -3.298335
-2.983171 -2.385288
1.537162 -2.635910
1.531086 -2.683873
1.530919 -2.625097
1.861644 -2.887255
1.338451 -3.244364
1.300314 -3.274927
1.322695 -3.285809
2.069132 -2.743299
2.115020 -2.679680
2.063745 -2.701517
-2.966819 -2.356859
1.290798 -3.268460
1.265724 -3.273909
1.271743 -3.314367
2.161324 -2.664992
2.129204 -2.658854
2.141377 -2.653995
2.183787 -3.092480
2.159358 -3.257311
2.169840 -3.248584
2.148475 -3.240123
4.486039 4.236279
-2.953916 -2.357036
2.232097 -2.777116
2.274897 -2.748097
2.223414 -2.757608
2.149630 -3.315124
2.096630 -3.317751
2.169683 -3.297258
2.254047 -2.729189
2.224097 -2.720599
2.257752 -2.669906
1.898090 -2.477751
-1.404501 -3.236063
1.576983 -2.495278
1.603488 -2.478197
1.585943 -2.533841
2.031509 -2.503026
2.056530 -2.471339
1.997984 -2.485529
1.547461 -2.481969
1.524474 -2.506852
1.557625 -2.488839
2.097671 -2.493365
-1.387664 -3.204458
2.064844 -2.502791
2.122042 -2.515599
1.089085 -3.499777
1.035557 -3.371693
1.259600 -3.308545
1.064571 -3.407898
1.199391 -3.220431
1.317184 -3.354406
2.083088 -3.412911
2.087162 -3.501994
-1.390436 -3.226826
1.893492 -3.373983
2.180769 -3.355317
1.989852 -3.399810
2.040214 -3.263529
1.474255 -2.522616
1.327563 -2.407314
1.447492 -2.702885
1.464389 -2.385499
1.433973 -2.541625
1.560957 -2.582457
-2.783113 -4.070491
2.340174 -2.594964
2.269464 -2.548262
2.218306 -2.739216
2.230859 -2.451526
2.086633 -2.591674
2.170444 -2.605291
1.100195 -0.668894
1.032727 -0.411853
0.983713 -0.358752
1.034349 -0.389851
-2.931808 -4.315688
1.234998 -1.001608
1.232463 -1.052560
1.222821 -0.957951
1.000606 -0.366472
1.028770 -0.358080
0.975859 -0.325565
1.263612 -1.079644
1.264627 -1.028208
1.233186 -1.013563
1.549585 -0.711440
-2.936944 -4.320541
1.212186 -0.417911
1.188048 -0.381510
1.251535 -0.421808
1.751300 -0.918802
1.761001 -0.902160
1.751886 -0.899315
1.117627 -0.371082
1.148962 -0.360913
1.139936 -0.325049
1.853874 -1.002211
-2.930382 -4.344052
1.848513 -1.016502
1.879281 -1.011553
1.736707 -1.214446
1.840924 -1.201076
1.872881 -1.234980
1.879104 -1.193497
1.475589 -1.163946
1.494265 -1.197548
1.480903 -1.168684
1.913416 -1.205772
-2.688211 -3.895860
1.889278 -1.190520
1.917146 -1.216572
1.422451 -1.182679
1.428597 -1.161355
1.446763 -1.195329
1.561503 -0.249313
1.257661 -0.210941
1.244238 -0.164868
1.288590 -0.176915
1.825857 -0.301206
-2.648723 -3.836487
1.879645 -0.309293
1.817100 -0.299883
1.190504 -0.185503
1.204685 -0.195416
1.175026 -0.174185
1.902109 -0.314160
1.881570 -0.350472
1.910630 -0.329504
2.082790 -0.781809
2.086007 -0.981528
4.508537 4.239748
-2.648860 -3.892060
2.103423 -0.972101
2.074734 -1.005815
2.055335 -0.530774
2.086349 -0.576235
2.068939 -0.570194
2.068233 -1.027891
2.074990 -1.025633
2.079449 -1.060611
2.055121 -0.491481
2.063554 -0.512398
-2.999341 -4.426944
2.091939 -0.498957
1.683619 -0.728621
1.412988 -0.965017
1.423609 -1.024454
1.419284 -0.998830
1.888148 -0.511235
1.957840 -0.501848
1.926203 -0.527441
1.354613 -1.049855
1.369523 -1.007987
-2.976820 -4.388271
1.389248 -1.069197
1.935112 -0.454094
1.923943 -0.478587
1.980977 -0.467171
0.914367 -0.179073
0.929238 -0.256774
1.085304 -0.410489
0.970447 -0.122782
1.059076 -0.279998
1.194782 -0.239003
-2.970986 -4.387589
2.026098 -1.277099
1.979351 -1.138782
1.875273 -1.140791
2.124285 -1.181425
1.954335 -0.998450
1.992038 -1.113740
1.376920 -1.260013
1.240703 -1.139248
1.368922 -1.135775
1.335862 -1.208338
-2.633643 -3.797513
1.280865 -0.983812
1.421895 -1.107538
2.118555 -0.490226
2.013880 -0.341914
1.898848 -0.354156
2.087671 -0.446113
1.908024 -0.429485
1.986902 -0.503181
4.179433 -0.730436
4.271939 -0.583851
-2.623893 -3.831685
4.274957 -0.549403
4.252314 -0.601418
3.819443 -1.345548
3.778604 -1.377115
3.793514 -1.351136
4.315121 -0.502913
4.304753 -0.522549
4.293604 -0.504028
3.722191 -1.475670
3.750494 -1.440370
-2.612928 -3.815196
3.719816 -1.453418
4.479465 -0.814787
4.456854 -0.587866
4.485456 -0.587816
4.460396 -0.624866
4.454868 -1.436548
4.482472 -1.450190
4.469012 -1.403393
4.447696 -0.545401
4.439910 -0.570334
-3.295638 -4.139887
4.443882 -0.555200
4.462127 -1.517886
4.446986 -1.495285
4.467257 -1.494231
4.125036 -1.643422
4.248660 -1.645478
4.229894 -1.658888
4.234698 -1.631457
3.792579 -1.607028
3.797130 -1.627273
-3.181403 -4.406466
3.773632 -1.591175
4.285867 -1.653842
4.279665 -1.637257
4.287127 -1.670579
3.727685 -1.611381
3.743537 -1.576506
3.742520 -1.567959
4.020895 -0.524903
4.193656 -0.433294
4.183865 -0.440054
-3.215086 -4.385245
4.261712 -0.446538
3.813990 -0.682887
3.812195 -0.630164
3.831762 -0.652549
4.264585 -0.407156
4.271282 -0.444731
4.283213 -0.424813
3.796199 -0.680401
3.813766 -0.687359
3.796144 -0.668248
-3.130713 -4.621227
4.492822 4.243525
-3.171854 -4.428702
4.039132 -1.148241
4.300267 -1.422329
4.267958 -1.426256
4.232440 -1.398897
3.894470 -0.970441
3.857656 -0.973144
3.848137 -0.979625
4.337108 -1.460743
4.303099 -1.475455
4.323781 -1.489460
-3.352094 -3.977109
3.821600 -0.895321
3.830070 -0.941715
3.814698 -0.931723
3.612713 -1.088763
3.614717 -1.354221
3.585470 -1.368985
3.588487 -1.417608
3.624304 -0.920372
3.615241 -0.931489
3.640275 -0.982718
-3.386516 -3.926684
3.605031 -1.432353
3.619108 -1.420856
3.577947 -1.447668
3.625206 -0.900022
3.652498 -0.945725
3.635897 -0.928017
4.411791 -0.355837
4.329661 -0.341871
4.388110 -0.553387
4.310027 -0.299486
-3.336688 -3.967620
4.263179 -0.479360
4.378278 -0.512123
4.366885 -1.778638
4.467159 -1.681917
4.337446 -1.584778
4.362091 -1.595203
4.408199 -1.455126
4.277293 -1.545632
3.627173 -1.642541
3.530358 -1.642553
-3.194529 -4.422209
3.770980 -1.523152
3.458743 -1.592291
3.695987 -1.408272
3.668484 -1.496254
3.681012 -0.805055
3.663489 -0.678208
3.833130 -0.769294
3.579157 -0.777510
3.765359 -0.739262
3.737521 -0.951215
-3.158887 -4.434200
-3.184452 -4.443012
-3.388169 -3.863826
-3.360011 -3.904648
-3.379528 -3.874876
4.144141 -3.852847
-2.963205 -3.645737
-3.214588 -3.686543
-3.275571 -3.649233
-3.204603 -3.684147
-2.723334 -3.617574
-2.699635 -3.576630
-2.693086 -3.594763
-3.321452 -3.716022
-3.316073 -3.744431
-3.304578 -3.689348
4.103192 -3.887586
-2.641929 -3.571189
-2.660983 -3.609461
-2.631764 -3.572662
-2.674363 -4.541005
-2.857311 -4.570760
-2.873411 -4.591957
-2.856794 -4.562419
-2.434582 -4.492176
-2.419569 -4.490317
-2.445545 -4.478067
4.113202 -3.850123
-2.937140 -4.609123
-2.931427 -4.570826
-2.950632 -4.594631
-2.401130 -4.489885
-2.377055 -4.432418
-2.325364 -4.449946
-2.841519 -4.045476
-3.153427 -3.834903
-3.224164 -3.759010
-3.189881 -3.787160
4.157395 -3.870224
-2.524148 -4.240450
-2.537713 -4.210396
-2.484786 -4.236485
-3.231263 -3.752485
-3.209476 -3.783557
-3.251657 -3.719562
-2.392783 -4.285186
-2.424165 -4.255130
-2.410913 -4.267920
-2.346807 -4.017811
4.088813 -3.862680
-2.452621 -3.781754
-2.428419 -3.749650
-2.444464 -3.777453
-2.298986 -4.192717
-2.268053 -4.190493
-2.286390 -4.175880
-2.459669 -3.716913
-2.492471 -3.720976
-2.472597 -3.712914
-2.224370 -4.263101
4.122328 -3.869066
-2.296221 -4.254740
-2.257237 -4.225478
-3.199581 -4.473499
-3.015129 -4.473790
-3.053364 -4.408967
-3.048798 -4.626858
-2.952585 -4.500772
-3.073604 -4.497094
-3.392134 -3.607246
-3.451806 -3.714243
4.127609 -3.858073
-3.345884 -3.833989
-3.358933 -3.623149
-3.285326 -3.860240
-3.267066 -3.726907
-2.547003 -3.452696
-2.519330 -3.612674
-2.681302 -3.664718
-2.440323 -3.563207
-2.531022 -3.793849
-2.591190 -3.631795
0.716627 1.288192
-2.313671 -4.296037
-2.222750 -4.422556
-2.444263 -4.349458
-2.186768 -4.272140
-2.331442 -4.349248
-2.361876 -4.264966
-1.504875 -0.950419
-1.333227 -0.874829
-1.275427 -0.848362
-1.321179 -0.877063
-0.950025 -0.687890
-1.764299 -1.091574
-1.754636 -1.058950
-1.729500 -1.074408
-1.257777 -0.839906
-1.292206 -0.846534
-1.226866 -0.839086
-1.845496 -1.134217
-1.797426 -1.121133
-1.826414 -1.100495
-1.357982 -1.264696
-3.121243 -4.649189
-0.948806 -0.692397
-1.238305 -1.045203
-1.222849 -1.039016
-1.234934 -1.071977
-1.607190 -1.774979
-1.583800 -1.773938
-1.604993 -1.808427
-1.148972 -0.949899
-1.201956 -0.977772
-1.177260 -0.977666
-1.630550 -1.823657
-0.913953 -0.659860
-1.623401 -1.822752
-1.616214 -1.845894
-1.886975 -1.592641
-1.777586 -1.830926
-1.841972 -1.856091
-1.796004 -1.812148
-1.910684 -1.358607
-1.948954 -1.362319
-1.909252 -1.361232
-1.778863 -1.875557
0.884773 1.510788
-1.768622 -1.865745
-1.820872 -1.910006
-1.949623 -1.308517
-1.903825 -1.322652
-1.964528 -1.337611
-0.985553 -1.314516
-1.036220 -1.002091
-1.006333 -0.992547
-1.023395 -1.013816
-0.978916 -1.653135
0.870202 1.460303
-0.953933 -1.620459
-0.950769 -1.610183
-1.037693 -0.895111
-1.068036 -0.916974
-1.043566 -0.920180
-0.972799 -1.690043
-0.980971 -1.665496
-0.967323 -1.655488
-1.221981 -1.861126
-1.566477 -1.939350
0.864628 1.448607
-1.607463 -1.965512
-1.589741 -1.938458
-1.121513 -1.814563
-1.108053 -1.855307
-1.184755 -1.822829
-1.621880 -1.973444
-1.599369 -1.939253
-1.630145 -1.960181
-1.101171 -1.829740
-1.105765 -1.786909
-1.002840 -0.744326
-1.126415 -1.803455
-1.455022 -1.459033
-1.732370 -1.287034
-1.697922 -1.328651
-1.750414 -1.304852
-1.167689 -1.605758
-1.200515 -1.618749
-1.198882 -1.649197
-1.776371 -1.244924
-1.783389 -1.257999
-1.007579 -0.753992
-1.786610 -1.278136
-1.098368 -1.661386
-1.132293 -1.659204
-1.130673 -1.693176
-1.058077 -0.829110
-1.108688 -0.772829
-1.235474 -0.919406
-1.003331 -0.829458
-1.136683 -0.885840
-1.126740 -0.975739
-0.989983 -0.755433
-1.834352 -2.014566
-1.669431 -1.926189
-1.685730 -1.823607
-1.688603 -2.055282
-1.599877 -1.865687
-1.724434 -1.925531
-2.030755 -1.287975
-1.982528 -1.150554
-1.864068 -1.210773
-1.990583 -1.227252
0.934163 1.537351
-1.771076 -1.188619
-1.818995 -1.299132
-0.983715 -1.917220
-0.913357 -1.800550
-1.041324 -1.742967
-0.976326 -1.828048
-1.025609 -1.640647
-1.151586 -1.733406
-3.557819 -1.321778
-3.735526 -1.296073
0.907207 1.526901
-3.757770 -1.250930
-3.717655 -1.282364
-3.332910 -1.375751
-3.299116 -1.374552
-3.309368 -1.391461
-3.797042 -1.268520
-3.769384 -1.281146
-3.809204 -1.234760
-3.271871 -1.398904
-3.250594 -1.392208
-3.119891 -4.615270
0.932721 1.507631
-3.242316 -1.407091
-3.967198 -1.784801
-3.981117 -1.438050
-3.989549 -1.413301
-3.969253 -1.550306
-3.929060 -2.038281
-3.940621 -2.050565
-3.930146 -2.022029
-3.969720 -1.389568
-3.952728 -1.451418
-3.939088 -0.518255
-3.964059 -1.416134
-3.898684 -2.153775
-3.905154 -2.107495
-3.909564 -2.134619
-3.510652 -1.858924
-3.695367 -2.064647
-3.742059 -2.133809
-3.707262 -2.108894
-3.384751 -1.693990
-3.360407 -1.664948
-3.929226 -0.984032
-3.355475 -1.670634
-3.785026 -2.195182
-3.779250 -2.145980
-3.748489 -2.166398
-3.324030 -1.618196
-3.318953 -1.630761
-3.285778 -1.615005
-3.611224 -1.697675
-3.780506 -1.444470
-3.754651 -1.498348
-3.954070 -1.087987
-3.782585 -1.484777
-3.336180 -2.107669
-3.329451 -2.089744
-3.286176 -2.072114
-3.836070 -1.382413
-3.837101 -1.383794
-3.864331 -1.385111
-3.295554 -2.185740
-3.272155 -2.135912
-3.244433 -2.129319
-3.948912 -1.025560
-3.498382 -2.339522
-3.642372 -2.344391
-3.656504 -2.363559
-3.705135 -2.351293
-3.305891 -2.292646
-3.301001 -2.338136
-3.269562 -2.279754
-3.709909 -2.371427
-3.707947 -2.358527
-3.720014 -2.382226
-3.929340 0.293651
-3.220468 -2.308560
-3.234117 -2.270623
-3.187271 -2.303523
-3.067630 -1.875862
-3.109112 -1.635445
-3.068978 -1.688118
-3.080372 -1.670081
-3.086460 -2.096947
-3.057370 -2.081511
-3.091045 -2.116830
-3.932680 0.240068
-3.136550 -1.566831
-3.137343 -1.592875
-3.128139 -1.612257
-3.076078 -2.146973
-3.100989 -2.120172
-3.086315 -2.139232
-3.969953 -1.215215
-3.858695 -1.169077
-3.892560 -1.359695
-3.894543 -1.235364
-3.916838 0.249696
-3.780575 -1.347686
-3.886348 -1.453465
-3.805662 -2.310608
-3.888880 -2.318358
-3.859057 -2.115863
-3.731503 -2.450731
-3.850556 -2.193353
-3.748138 -2.285106
-3.172996 -1.526507
-3.188730 -1.383113
-3.941509 -1.122808
-3.327952 -1.472543
-3.041436 -1.526268
-3.192607 -1.489682
-3.242918 -1.620475
-3.132472 -2.349818
-3.122698 -2.261657
-3.272996 -2.257498
-2.998757 -2.242268
-3.156988 -2.111119
-3.167691 -2.212459
-3.922907 -1.118401
-0.312669 -3.372926
-0.216013 -3.640955
-0.182913 -3.563707
-0.182960 -3.583412
-0.404365 -3.226063
-0.426360 -3.173981
-0.397219 -3.210183
-0.152453 -3.647476
-0.184836 -3.621387
-0.128572 -3.629842
-3.084081 -4.611591
-3.939492 -1.142851
-0.455939 -3.146045
-0.446887 -3.177002
-0.433093 -3.137299
-0.523146 -4.021000
-0.283101 -3.890552
-0.275926 -3.903906
-0.299407 -3.894925
-0.785177 -4.103447
-0.819309 -4.128227
-0.795474 -4.108971
-3.929486 0.351460
-0.242594 -3.882510
-0.280799 -3.871290
-0.254405 -3.871245
-0.843797 -4.129445
-0.851231 -4.101836
-0.865480 -4.122196
-0.721057 -3.496331
-0.883433 -3.909461
-0.980630 -3.981785
-0.981255 -3.969479
-3.920231 0.336565
-0.630739 -3.294924
-0.650064 -3.333201
-0.651923 -3.290199
-0.970729 -4.013694
-0.947020 -4.013544
-1.001110 -4.013004
-0.585796 -3.220885
-0.612907 -3.262577
-0.629647 -3.233964
-0.688679 -3.574946
-3.920968 0.331401
-0.391929 -3.658452
-0.326592 -3.679194
-0.369104 -3.712023
-0.967955 -3.483915
-0.982482 -3.458680
-0.954540 -3.451450
-0.292537 -3.690048
-0.326342 -3.718126
-0.300312 -3.737097
-1.091684 -3.424216
-0.031793 4.575887
-1.033913 -3.440143
-1.009632 -3.403496
-1.123358 -3.761240
-1.053362 -3.929740
-1.093196 -3.914807
-1.087215 -3.925211
-1.171218 -3.564116
-1.205440 -3.507448
-1.171187 -3.525250
-1.061523 -4.006769
-0.646982 4.459715
-1.019071 -3.993196
-1.071994 -4.020375
-1.187662 -3.506414
-1.170130 -3.504643
-1.182233 -3.486583
-0.886578 -3.167364
-0.695554 -3.105911
-0.704019 -3.072274
-0.741194 -3.114742
-1.027720 -3.246418
-0.676681 4.474242
-1.029523 -3.205761
-1.057316 -3.233884
-0.652194 -3.075440
-0.672196 -3.083830
-0.695363 -3.090239
-1.071345 -3.247477
-1.080265 -3.270677
-1.097274 -3.234441
-0.167743 -3.852576
-0.032379 -3.664769
-0.662400 4.446705
-0.207132 -3.733711
-0.122806 -3.707750
-0.222301 -3.636859
-0.319228 -3.800064
-1.093943 -4.089316
-1.059866 -4.167378
-0.870764 -4.059500
-1.127109 -4.081306
-0.936895 -4.036246
-1.027948 -3.987973
0.447496 4.642384
-0.590002 -3.032040
-0.504653 -3.038606
-0.528233 -3.208977
-0.656722 -3.023923
-0.532827 -3.127214
-0.684803 -3.159817
-1.316724 -3.364934
-1.231100 -3.329013
-1.116021 -3.501088
-1.262542 -3.212762
0.530538 4.677328
-1.023652 -3.340148
-1.116978 -3.348861
-2.895919 4.191365
-3.135114 4.135091
-3.117991 4.123725
-3.133917 4.113840
-2.125756 4.359788
-2.146857 4.338359
-2.181307 4.327964
-3.229033 4.103514
-3.128349 -4.642669
0.543779 4.676836
-3.220017 4.103227
-3.225854 4.074409
-2.080054 4.354726
-2.062812 4.375721
-2.063900 4.340054
-4.159280 2.322582
-4.161217 2.798394
-4.154220 2.767883
-4.117156 2.771081
-4.159115 1.764098
-0.754823 4.448243
-4.152924 1.771691
-4.152593 1.749076
-4.140326 2.881907
-4.135001 2.874572
-4.110785 2.833233
-4.143706 1.714261
-4.162186 1.692864
-4.165153 1.744340
-2.487486 2.861163
-3.121999 2.043433
-0.718243 4.437153
-3.095809 2.098512
-3.100821 2.035559
-2.135155 3.308842
-2.145520 3.330545
-2.083747 3.336906
-3.135457 2.037166
-3.131266 1.997741
-3.108760 2.038233
-2.014659 3.468697
-2.026304 3.415629
-0.744565 4.438990
-2.058570 3.412695
-2.654056 2.600768
-3.039834 2.946335
-3.048452 2.969483
-3.064135 2.924286
-2.155337 2.167743
-2.182948 2.204283
-2.144143 2.191381
-3.097963 3.026458
-3.090951 2.985440
0.599712 4.667777
-3.078879 2.979212
-2.090792 2.116609
-2.051600 2.108704
-2.100935 2.136812
-2.816748 1.043733
-3.093426 0.969350
-3.044084 1.025272
-3.080585 0.997523
-2.189983 1.109049
-2.158605 1.128671
0.577431 4.677884
-2.124671 1.151275
-3.125219 0.981379
-3.130790 0.964729
-3.130265 1.022871
-2.122371 1.128095
-2.083608 1.129805
-2.119408 1.166438
-1.123758 2.943799
-1.126238 3.380744
-1.121250 3.371896
0.608034 4.688667
-1.135791 3.393229
-1.099872 2.304849
-1.132973 2.327058
-1.111746 2.328595
-1.121416 3.449461
-1.121201 3.449648
-1.175653 3.456988
-1.114403 2.264322
-1.106407 2.231268
-1.122628 2.252509
0.565638 -3.599930
-4.222540 3.483332
-4.220786 3.612581
-4.243386 3.625452
-4.227277 3.605942
-4.187535 3.171759
-4.195744 3.134344
-4.183766 3.192049
-4.228937 3.679719
-4.221495 3.656277
-4.236570 3.667677
0.084122 -3.682245
-4.185251 3.111341
-4.162063 3.124359
-4.177230 3.119269
-3.781903 4.023680
-4.069014 3.916216
-4.039488 3.960893
-4.000347 3.965363
-3.586805 4.054667
-3.600350 4.084169
-3.610242 4.052496
0.153449 -3.698853
-4.119386 3.912805
-4.129370 3.879570
-4.104606 3.924670
-3.539185 4.050854
-3.562341 4.040247
-3.540171 4.065089
-3.704341 3.581375
-3.550341 3.803372
-3.513608 3.812061
-3.506708 3.811544
-4.312020 3.851803
0.153709 -3.682902
-3.971278 3.248337
-4.022178 3.165277
-3.976595 3.190747
-3.485876 3.875395
-3.490066 3.852833
-3.437609 3.882372
-4.068634 3.136490
-4.016619 3.148538
-4.037816 3.102146
-3.840422 3.545092
0.927292 -3.484104
-4.049318 3.666411
-4.050197 3.685760
-3.994228 3.677642
-3.415820 3.325774
-3.403956 3.267352
-3.430369 3.264934
-4.086700 3.698397
-4.059952 3.731847
-4.055520 3.709498
-3.353916 3.245412
0.953888 -3.515638
-3.374208 3.257474
-3.382665 3.243495
-3.309158 3.673415
-3.386474 3.872222
-3.343338 3.864336
-3.366070 3.849030
-3.255708 3.309197
-3.235012 3.325062
-3.259599 3.278491
-3.387148 3.937819
0.883283 -3.514651
-3.429530 3.899978
-3.349392 3.905567
-3.232165 3.279737
-3.267912 3.260783
-3.199981 3.241566
-3.599325 3.039107
-3.930894 2.987521
-3.949728 2.938545
-3.899651 3.010450
-3.438070 3.079831
0.016265 -3.721788
-3.403009 3.043284
-3.466375 3.077306
-4.003291 2.921326
-3.949100 2.979407
-3.957516 2.981592
-3.382101 3.065567
-3.420653 3.111939
-3.367840 3.065454
-4.187082 3.917069
-4.283237 3.780958
0.019780 -3.698292
-4.156624 3.806588
-4.220830 3.819735
-4.136927 3.660098
-4.055130 3.844680
-3.332495 3.982247
-3.280566 4.104897
-3.547169 3.981875
-3.289834 3.985399
-3.464128 3.972799
-3.434499 3.855150
0.078813 -3.711700
-4.094320 2.981933
-4.177126 2.940460
-4.112368 3.124278
-4.046113 2.871253
-4.052909 3.065301
-3.961831 3.050252
-3.126554 3.119993
-3.225983 3.133876
-3.317419 3.289507
-3.271032 3.000210
1.003726 -3.460688
-3.420798 3.157016
-3.346817 3.177503
-3.546658 1.388773
-3.830244 0.720987
-3.853601 0.696252
-3.799171 0.689352
-3.411805 1.675704
-3.399383 1.690252
-3.406283 1.661475
-3.864475 0.652976
0.956535 -3.480989
-3.804642 0.677349
-3.845045 0.647064
-3.369579 1.754659
-3.369379 1.744565
-3.357130 1.732936
-4.038721 1.014501
-3.958619 0.697557
-3.969677 0.653746
-3.990053 0.701859
-4.099211 1.322180
0.981882 -3.496088
-4.116158 1.316638
-4.128091 1.311641
-3.947297 0.631906
-3.943357 0.656520
-3.959064 0.594644
-4.127500 1.391985
-4.091182 1.399245
-4.117030 1.383819
-3.631963 1.789691
-3.956218 1.657394
-4.300981 3.856304
-0.042628 0.551185
-3.990634 1.705668
-3.895471 1.679326
-3.452681 1.843165
-3.434060 1.865869
-3.455187 1.834055
-4.041514 1.654299
-3.988703 1.602936
-4.060475 1.668136
-3.397754 1.869175
-3.411678 1.846047
-0.664562 0.964223
-3.390525 1.869151
-3.562544 0.702363
-3.714687 0.607047
-3.701856 0.602502
-3.731690 0.589460
-3.384731 0.857580
-3.366300 0.841372
-3.369946 0.865729
-3.780477 0.565079
-3.787582 0.582696
-0.647115 0.955567
-3.796900 0.548229
-3.354125 0.890608
-3.364576 0.895267
-3.333366 0.885113
-3.769640 1.314999
-3.952124 1.406472
-3.928133 1.430379
-3.953718 1.445402
-3.457751 1.095461
-3.459122 1.126883
-0.686620 1.003582
-3.428840 1.110340
-4.023183 1.440347
-4.008335 1.455996
-4.003604 1.479253
-3.417667 1.085502
-3.413564 1.098005
-3.369051 1.091455
-3.252593 1.481795
-3.273158 1.646059
-3.246990 1.669038
0.739235 -0.034084
-3.287086 1.654634
-3.240571 1.141505
-3.229394 1.146888
-3.253798 1.179227
-3.200081 1.740117
-3.292319 1.675680
-3.222805 1.719819
-3.251599 1.110750
-3.263015 1.135693
-3.238384 1.125870
0.749332 -0.034064
-3.941053 0.453939
-3.909352 0.426963
-3.875931 0.671206
-3.861323 0.436534
-3.778831 0.618629
-3.865445 0.568824
-4.098501 1.723505
-4.137312 1.529228
-4.071148 1.464251
-4.105830 1.630570
0.780853 -0.032753
-4.060843 1.387350
-3.976506 1.527458
-3.248892 1.981481
-3.205047 1.936603
-3.419207 1.826106
-3.157663 1.871724
-3.323089 1.701423
-3.363207 1.764276
-3.260570 1.078444
-3.207265 0.918869
-0.717419 1.002175
-3.409381 0.978202
-3.170750 1.068905
-3.331291 0.988543
-3.328680 1.134157
-1.330324 4.064053
-1.091609 4.267453
-1.034415 4.295814
-1.045640 4.293508
-1.762014 3.717529
-1.739972 3.727356
-0.723727 1.029202
-1.731206 3.728490
-1.028925 4.317740
-1.038589 4.297976
-0.997267 4.297191
-1.795739 3.681926
-1.761661 3.694882
-1.776874 3.713201
-1.305444 4.477955
-1.117854 4.469557
-1.093362 4.502860
-0.713974 1.029613
-1.127450 4.491340
-1.714545 4.425590
-1.681782 4.440750
-1.691243 4.445554
-1.025049 4.480444
-1.064713 4.449007
-1.021969 4.475488
-1.782117 4.415191
-1.738229 4.427791
-1.735845 4.429582
-4.296846 3.883120
0.871720 -0.144631
-1.949970 3.910822
-1.939170 4.172838
-1.945731 4.224710
-1.945553 4.201159
-1.945347 3.699265
-1.984202 3.677995
-1.941956 3.705260
-1.931709 4.253430
-1.921030 4.239999
-1.942311 4.267934
0.859324 -0.105579
-1.990663 3.610353
-1.921528 3.664592
-1.978287 3.634568
-1.071992 3.814965
-0.917764 4.259463
-0.884124 4.289840
-0.935679 4.278636
-1.094462 3.769735
-1.070673 3.709374
-1.112631 3.700623
0.866359 -0.117037
-0.882026 4.298974
-0.935666 4.293427
-0.896871 4.295583
-1.087679 3.681903
-1.144121 3.715986
-1.106025 3.681188
-1.509076 3.992188
-1.715129 4.263445
-1.765477 4.243622
-1.699454 4.205418
4.226906 0.722844
-1.363207 3.818414
-1.251887 3.666466
-1.327247 3.759846
-1.771971 4.332212
-1.768715 4.304469
-1.813789 4.276010
-1.248699 3.677496
-1.264769 3.701059
-1.247737 3.675835
-1.559943 3.530769
4.144385 0.939036
-1.730165 3.518213
-1.737731 3.493089
-1.748967 3.535192
-1.412106 3.547036
-1.385773 3.534150
-1.404031 3.552418
-1.787748 3.523623
-1.793257 3.556093
-1.828183 3.502296
-1.316432 3.546088
4.182787 0.939455
-1.310636 3.587509
-1.333547 3.564933
-0.817616 4.487765
-0.888746 4.381875
-1.058939 4.391329
-0.788134 4.369903
-0.972013 4.278227
-0.987995 4.387049
-2.035654 4.294317
-1.959674 4.393018
4.147029 0.986162
-1.849613 4.324553
-1.959049 4.321326
-1.733285 4.400749
-1.897849 4.236287
-2.050078 3.511554
-1.874393 3.604945
-1.847669 3.687650
-1.909124 3.442037
-1.765431 3.659998
-1.840094 3.597073
4.345476 -0.196203
-1.169267 3.513663
-1.098040 3.598698
-1.168973 3.733883
-1.302189 3.514753
-1.171096 3.675030
-1.305639 3.632461
-1.404209 1.112670
-1.107020 1.113772
-1.048264 1.104091
-1.022282 1.147058
4.365374 -0.177471
-1.782453 1.148894
-1.767387 1.114715
-1.743673 1.127216
-1.004074 1.109978
-1.010276 1.152994
-0.964652 1.118266
-1.831949 1.124835
-1.811619 1.169197
-1.809610 1.127266
-1.338150 1.487238
4.340392 -0.145039
-1.048138 1.253045
-1.088070 1.303336
-1.056556 1.303396
-1.739483 1.786340
-1.733546 1.784954
-1.698153 1.783321
-0.970911 1.206735
-0.999024 1.262024
-0.976500 1.257711
-1.826646 1.857140
