2050 2
3.791720 -4.017404
3.763681 -3.997064
3.318256 4.457312
-2.900522 0.115995
1.091132 2.724315
1.101861 2.753869
1.297666 2.500540
1.255081 2.731060
1.323080 2.737332
1.278718 2.730495
1.272451 2.195661
1.301531 2.199092
1.273411 2.199803
1.259399 2.781855
-2.875736 0.134593
1.257311 2.765317
1.284496 2.804725
1.276502 2.132833
1.263072 2.175382
1.287996 2.158018
0.398015 2.508252
0.406921 2.205058
0.371862 2.293881
0.422426 2.238092
0.429045 2.725735
-2.918947 0.136679
0.399032 2.817096
0.441182 2.739366
0.417853 2.140448
0.419363 2.169807
0.389823 2.193324
0.435139 2.821273
0.466062 2.780149
0.418459 2.809978
0.891182 2.943004
1.063192 2.918650
-2.843935 -3.001119
1.089316 2.941793
1.121842 2.917668
0.588640 2.947463
0.630922 2.974517
0.711490 2.968706
1.137835 2.902901
1.113616 2.915406
1.141654 2.916566
0.591624 2.948863
0.626045 2.957460
-2.827382 -2.971717
0.641695 2.987019
0.764095 2.605675
1.082450 2.239321
1.096005 2.246128
1.064607 2.276379
0.662880 2.722645
0.647223 2.784430
0.667793 2.750585
1.142451 2.170808
1.118580 2.211648
-2.881096 -3.018667
1.148146 2.189941
0.604405 2.799892
0.610305 2.773080
0.607993 2.844488
0.471517 2.110800
0.431355 1.976028
0.609876 2.120911
0.366914 2.116863
0.526720 2.086754
0.521864 2.221230
4.247681 -2.151143
1.365479 2.904472
1.240792 2.867912
1.191013 2.731407
1.294923 2.969484
1.096041 2.816934
1.215223 2.881130
1.376707 2.056206
1.257400 1.952669
1.238560 2.106281
1.313886 2.074653
4.045033 -2.919104
1.128254 2.109992
1.198376 2.211770
0.546215 3.102316
0.437380 2.985995
0.511980 2.859382
0.544759 2.970559
0.538781 2.761316
0.644576 2.824375
-3.275708 3.417674
-3.601283 3.259994
4.038337 -2.899188
-3.573722 3.279457
-3.551085 3.273855
-2.796530 3.597284
-2.767903 3.589155
-2.799104 3.563574
-3.623677 3.237001
-3.649773 3.210954
-3.643773 3.214962
-2.697524 3.630646
-2.711305 3.616913
4.040812 -2.888253
-2.703810 3.596881
-2.479478 1.686992
-3.340870 2.189413
-3.337665 2.234200
-3.334867 2.158640
-1.385609 0.893983
-1.336211 0.909620
-1.369080 0.883647
-3.384687 2.253411
-3.369013 2.189726
3.345136 4.387267
4.355635 -1.837513
-3.354532 2.213691
-1.256115 0.828515
-1.257016 0.810535
-1.279627 0.852089
-0.805360 1.663622
-0.670777 1.383574
-0.680673 1.376659
-0.674510 1.348938
-1.262884 2.695042
-1.295539 2.722614
4.333128 -1.870238
-1.292852 2.709992
-0.631572 1.285126
-0.638633 1.308709
-0.644864 1.284843
-1.308495 2.782605
-1.308514 2.769180
-1.313135 2.751482
-3.511445 1.325510
-3.955423 1.728923
-3.959912 1.744508
4.327288 -1.906684
-3.904982 1.698634
-3.393675 1.200602
-3.387551 1.217509
-3.401090 1.235872
-3.981214 1.746790
-3.968599 1.767752
-3.965271 1.766079
-3.350221 1.167496
-3.353867 1.162757
-3.352401 1.188337
4.010402 -2.981100
-1.712767 0.312863
-1.176900 0.083012
-1.149292 0.092105
-1.183329 0.111973
-1.993969 0.445785
-1.944028 0.439133
-1.990069 0.495911
-1.102876 0.062330
-1.072620 0.048707
-1.099221 0.071002
4.008076 -2.987108
-2.017649 0.482540
-2.042598 0.532272
-2.060659 0.541498
-2.265401 2.348771
-2.176172 2.799804
-2.193774 2.797621
-2.138858 2.831689
-2.378064 1.595400
-2.381470 1.663386
-2.371113 1.574984
3.995852 -2.959990
-2.172820 2.923744
-2.142049 2.869530
-2.153272 2.865517
-2.412677 1.501385
-2.393260 1.478466
-2.413684 1.511458
-4.086174 2.492427
-4.298685 2.558788
-4.411873 2.583184
-4.346995 2.562103
4.371101 -1.742914
-3.744182 2.426417
-3.724707 2.403057
-3.764672 2.406733
-4.409128 2.600315
-4.410550 2.589346
-4.409647 2.578703
-3.679618 2.401964
-3.700362 2.390393
-3.685534 2.363353
-4.205093 2.919224
4.373799 -1.785361
-4.372036 2.785537
-4.417577 2.789491
-4.411942 2.773393
-4.013550 3.030847
-3.905025 3.114622
-3.970410 3.053761
-4.426229 2.791839
-4.446374 2.755476
-4.472393 2.734236
-3.877114 3.103427
4.333121 -1.809261
-3.935052 3.059536
-3.921464 3.085647
-3.620993 2.851897
-3.678696 2.960192
-3.647910 2.980617
-3.678058 2.963294
-3.535285 2.470115
-3.502841 2.481807
-3.523559 2.446356
-3.678270 3.071829
2.709973 -2.216825
-3.725472 3.003943
-3.676510 3.013915
-3.517461 2.447472
-3.520174 2.422661
-3.497437 2.408199
-4.400063 2.281660
-4.473129 2.423318
-4.512650 2.440373
-4.492956 2.478367
-4.277096 2.106951
3.320558 4.411782
2.981990 -2.742239
-4.262684 2.051314
-4.256872 2.081510
-4.499053 2.491434
-4.503761 2.485727
-4.527612 2.480919
-4.221100 2.054079
-4.232055 2.074074
-4.196356 2.035045
-3.962810 2.458265
-3.874564 2.966407
3.001922 -2.755749
-3.839523 2.976035
-3.847787 2.939924
-4.063947 2.152555
-4.031507 2.108314
-4.042400 2.169645
-3.853398 3.026599
-3.857495 2.996373
-3.819585 3.003768
-4.073911 2.074836
-4.085202 2.123798
2.957670 -2.713367
-4.055407 2.088415
-3.770095 2.107329
-3.658374 2.199462
-3.590889 2.185913
-3.609103 2.208560
-3.945395 2.032487
-3.953138 2.002970
-3.940378 2.052235
-3.580812 2.219529
-3.599920 2.227592
2.565532 -1.928026
-3.567866 2.204552
-4.014744 1.989319
-3.979461 2.061911
-3.981416 2.018502
-4.569950 2.732961
-4.515699 2.646250
-4.389256 2.650979
-4.570152 2.541526
-4.438278 2.519061
-4.479881 2.623425
2.586256 -1.939268
-3.628601 3.160207
-3.784349 3.184863
-3.783323 3.039222
-3.726429 3.147415
-3.925821 3.027644
-3.793027 2.984166
-3.384987 2.308980
-3.552921 2.323238
-3.614008 2.441766
-3.450501 2.189143
2.540774 -1.898663
-3.652299 2.289294
-3.540159 2.320257
-4.002109 1.885748
-4.063723 1.825903
-4.149983 2.101758
-3.969757 1.873083
-4.094656 2.022462
-4.029826 2.104764
-0.162358 0.646687
-0.044674 0.410546
3.058171 -2.838241
-0.008923 0.377109
-0.035342 0.388235
-0.396080 0.978371
-0.354728 0.970416
-0.376254 0.963209
-0.001319 0.327467
-0.041025 0.327988
0.016869 0.359953
-0.408864 1.018616
-0.428953 0.987888
3.025643 -2.823382
-0.408161 1.009591
-0.465610 0.394733
-0.184079 0.279926
-0.121489 0.242916
-0.212757 0.259691
-0.955307 0.610692
-1.052116 0.676242
-0.994002 0.601628
-0.091679 0.218702
-0.144653 0.221025
3.055546 -2.846217
-0.099310 0.174948
-1.004180 0.694875
-0.998315 0.659474
-1.013592 0.645535
-0.827058 0.971429
-0.941924 0.889117
-0.990978 0.902528
-0.969449 0.869630
-0.650721 1.056159
-0.683901 1.082317
2.532083 -1.839612
-0.689665 1.048676
-1.001349 0.877369
-0.985533 0.856504
-1.020213 0.864581
-0.640556 1.096842
-0.641840 1.045349
-0.670569 1.072405
-0.491503 0.049918
-0.217445 0.087610
-0.187515 0.077474
3.303254 4.440424
2.508010 -1.846419
-0.200248 0.099426
-0.688470 0.033004
-0.660299 0.024727
-0.694620 0.028401
-0.136623 0.113886
-0.155946 0.113772
-0.135958 0.081381
-0.719084 0.020399
-0.725355 0.045104
-0.742476 0.031361
2.503360 -1.815607
-1.004338 0.353926
-1.106634 0.560335
-1.121429 0.555165
-1.099136 0.536352
-0.913176 0.173307
-0.942110 0.149988
-0.912243 0.216907
-1.144848 0.603073
-1.118499 0.575692
-1.130276 0.582893
3.308640 -0.728074
-0.908526 0.119793
-0.879688 0.138466
-0.923525 0.137011
-0.698270 0.454573
-0.556297 0.918334
-0.589765 0.895275
-0.608068 0.909599
-0.769329 0.232514
-0.791088 0.211494
-0.793707 0.215523
2.662855 -0.750921
-0.560722 1.007675
-0.543821 0.946043
-0.581074 0.984112
-0.830548 0.156628
-0.785417 0.194325
-0.818644 0.190148
0.104842 0.122096
0.077713 0.271192
-0.071665 0.298682
-0.035488 0.077828
2.690230 -0.764477
-0.130997 0.199736
-0.155120 0.131690
-1.104929 0.882103
-1.180335 0.759681
-0.978333 0.775751
-1.225652 0.720949
-1.055396 0.604378
-1.052413 0.745309
-0.660390 1.198343
-0.531426 1.184787
2.670865 -0.759592
-0.503057 1.031798
-0.608786 1.123222
-0.450075 0.950488
-0.636810 0.983212
-1.045864 0.086131
-0.856383 0.024611
-0.806275 0.088375
-1.003463 0.105432
-0.774445 0.122955
-0.835628 0.169795
3.592875 -0.693562
-1.461062 3.445956
-1.494407 3.837351
-1.484171 3.865277
-1.498856 3.845046
-1.463246 3.242466
-1.405446 3.175439
-1.443794 3.266228
-1.510940 3.927510
-1.535838 3.911111
-1.523499 3.937204
3.557597 -0.713334
-1.419079 3.155069
-1.451946 3.220390
-1.409517 3.158803
-2.018202 3.988170
-1.803656 4.072034
-1.747009 4.101655
-1.804681 4.060030
-2.347166 3.865940
-2.400016 3.857429
-2.356354 3.845508
3.548992 -0.727909
-1.717089 4.119599
-1.747923 4.068170
-1.736293 4.088658
-2.516026 3.773284
-2.441704 3.789319
-2.471263 3.784105
-1.910116 3.321526
-2.420711 3.611306
-2.336488 3.521492
-2.349810 3.521025
2.577605 -0.760114
-1.628063 3.169345
-1.633272 3.141626
-1.643634 3.158967
-2.459199 3.607736
-2.419042 3.590819
-2.422464 3.565769
-1.546677 3.107246
-1.585541 3.155261
-1.556887 3.093931
-1.801639 3.615452
-4.665732 2.699488
2.584502 -0.756246
-1.692638 3.844307
-1.661321 3.893120
-1.683650 3.887822
-1.964219 3.316173
-1.966787 3.311288
-1.990446 3.245372
-1.621264 3.945155
-1.642481 3.922813
-1.631926 3.950248
-2.039520 3.209874
2.601673 -0.782884
-2.028252 3.232378
-2.013554 3.210808
-2.392498 3.344046
-2.508188 3.559188
-2.545692 3.520088
-2.497550 3.515553
-2.275018 3.183146
-2.275402 3.129053
-2.285833 3.196861
-2.518890 3.566399
3.619709 -0.703871
-2.486247 3.567954
-2.511642 3.528593
-2.226332 3.123242
-2.203727 3.132701
-2.229154 3.097322
-1.736023 2.971380
-1.580186 2.995663
-1.585744 2.982705
-1.574277 3.001092
-1.922388 2.997908
3.616373 -0.690577
-1.926962 2.949012
-1.939930 2.993181
-1.519675 3.026053
-1.535909 3.004467
-1.544834 2.996816
-1.978825 2.964110
-1.988332 3.032538
-2.004909 2.961532
-1.589626 4.168098
-1.447341 4.061726
3.652763 -0.738210
-1.574798 3.944556
-1.540109 4.043736
-1.595994 3.931423
-1.736267 4.025588
-2.645395 3.605503
-2.616076 3.704090
-2.450251 3.723517
-2.653495 3.571836
-2.482362 3.696635
-2.428476 3.543920
2.535368 -3.856993
-1.459394 2.940779
-1.353878 2.984094
-1.519622 3.189185
-1.363843 2.797098
-1.481799 3.116918
-1.563070 3.043830
-2.216031 2.997464
-2.102095 3.073868
-2.122540 3.188480
-2.078925 2.876668
2.762215 -3.904558
-1.981920 3.119760
-2.088549 3.061955
-2.471953 0.395280
-2.692895 0.283736
-2.677265 0.254306
-2.673500 0.290754
-2.346316 0.470813
-2.283701 0.473924
-2.307879 0.486322
-2.738184 0.243060
2.714553 -3.882485
-2.716521 0.277717
-2.743304 0.279300
-2.272893 0.504733
-2.307818 0.510314
-2.249140 0.507925
-3.086937 0.675297
-2.970912 0.417757
-2.991195 0.396322
-2.983871 0.427263
-3.147008 0.879349
2.741070 -3.861321
-3.190774 0.867144
-3.155343 0.881466
-2.950772 0.362728
-2.946911 0.363272
-2.968309 0.364142
-3.214715 0.954695
-3.178726 0.933184
-3.211679 0.959140
-2.696100 0.802291
-2.964734 0.932382
1.819195 -3.789665
-2.995070 0.972754
-2.930609 0.922595
-2.401008 0.661494
-2.333145 0.645415
-2.376334 0.703305
-3.038916 0.963226
-3.015013 0.961541
-3.039280 1.004355
-2.282538 0.608926
-2.325461 0.676264
-4.639961 2.700289
1.809092 -3.764118
-2.283840 0.625046
-2.699390 0.705671
-2.771661 0.414926
-2.838238 0.369228
-2.786859 0.455965
-2.571514 1.139503
-2.523937 1.230778
-2.497997 1.206290
-2.839458 0.341714
-2.838315 0.353942
1.826643 -3.772879
-2.863873 0.341446
-2.499224 1.294060
-2.512790 1.224124
-2.503771 1.248794
-2.864881 1.309633
-3.082442 1.171132
-3.113603 1.220539
-3.062678 1.191086
-2.645026 1.390280
-2.687791 1.426444
2.788118 -3.912615
-2.643515 1.407320
-3.164207 1.164593
-3.108869 1.148516
-3.091534 1.172308
-2.593872 1.439150
-2.596030 1.389915
-2.581075 1.452157
-2.232764 0.954903
-2.212536 0.793505
-2.153831 0.767674
2.783821 -3.900208
-2.196928 0.847281
-2.349324 1.194543
-2.317926 1.190357
-2.321962 1.192157
-2.161114 0.749387
-2.186090 0.778089
-2.147365 0.765793
-2.352969 1.245436
-2.390062 1.220011
-2.346181 1.231925
2.761986 -3.889794
-2.951890 0.233010
-2.813518 0.160575
-2.877990 0.319741
-2.865704 0.257931
-2.770290 0.329719
-2.874329 0.369488
-3.148592 1.054457
-3.289207 1.036132
-3.075242 0.932873
-3.250686 1.198862
1.716276 -3.758727
-3.163831 1.036182
-3.060576 1.091469
-2.175394 0.568065
-2.105450 0.463838
-2.322603 0.565191
-2.088433 0.646075
-2.252795 0.652265
-2.286807 0.709174
-2.485022 1.520067
-2.438996 1.399078
1.746427 -3.770132
-2.577184 1.339168
-2.365787 1.389206
-2.451388 1.216882
-2.429840 1.282756
-3.815418 -1.304325
-4.377686 -1.361513
-4.343495 -1.363412
-4.297288 -1.348843
-3.464503 -1.270254
-3.380731 -1.278289
1.762792 -3.755220
-3.453490 -1.288524
-4.417255 -1.381270
-4.402879 -1.362865
-4.377459 -1.384289
-3.283388 -1.257786
-3.288692 -1.259879
-3.293005 -1.281948
-3.817720 -2.466597
-4.177928 -2.286400
-4.177514 -2.261852
1.317327 -2.164976
-4.214691 -2.272753
-1.978624 -3.511654
-1.984591 -3.484144
-1.996264 -3.518743
-4.280324 -2.215856
-4.236582 -2.245490
-4.258500 -2.213805
-1.899329 -3.511300
-1.922688 -3.560099
-1.918457 -3.561114
1.513211 -1.648820
-1.633383 -2.434567
-1.300277 -3.001076
-1.359890 -2.942647
-1.334320 -2.985660
-1.846801 -1.969421
-1.875946 -1.991191
-1.806572 -2.128938
-1.294430 -3.022884
-1.295949 -3.037213
-1.315289 -3.014662
-4.646197 2.705010
1.503202 -1.726456
-1.883175 -1.925843
-1.883034 -1.953681
-1.895321 -1.953200
-4.462962 -3.106591
-4.842887 -2.733503
-4.816535 -2.749517
-4.809554 -2.748848
-4.196959 -3.375108
-4.176414 -3.408476
-4.187022 -3.386407
1.527922 -1.648218
-4.878291 -2.685345
-4.892883 -2.679760
-4.877661 -2.655193
-4.070213 -3.483741
-4.156145 -3.406296
-4.148229 -3.422330
-2.036037 -4.251539
-1.804281 -4.287131
-1.829084 -4.279322
-1.823283 -4.280456
1.200601 -2.517892
-2.890872 -4.105201
-2.956059 -4.133408
-2.923855 -4.079134
-1.767541 -4.284581
-1.776674 -4.282634
-1.784601 -4.272928
-2.970320 -4.080443
-2.946342 -4.069365
-2.991574 -4.066349
-3.133800 -2.436834
1.215814 -2.532552
-2.954217 -2.145417
-2.973608 -2.141825
-2.941829 -2.136727
-3.351583 -2.923043
-3.360529 -2.915502
-3.333702 -2.882978
-2.910994 -2.062446
-2.894694 -2.065159
-2.952199 -2.111276
-3.378714 -2.957081
1.207269 -2.535072
-3.369379 -2.970682
-3.383315 -2.982271
-4.849897 -1.897191
-5.132220 -1.732952
-5.154128 -1.720714
-5.155381 -1.763124
-4.586499 -2.006166
-4.594144 -2.054739
-4.569888 -2.067048
-5.169607 -1.711405
1.537016 -1.615141
-5.163411 -1.752221
-5.196334 -1.717156
-4.487789 -2.090993
-4.498321 -2.070733
-4.467693 -2.130666
-4.969897 -1.486404
-5.153449 -1.560126
-5.201569 -1.556713
-5.195662 -1.617548
-4.730834 -1.425561
1.539745 -1.588016
-4.711339 -1.395575
-4.751001 -1.421712
-5.216684 -1.563614
-5.204344 -1.602954
-5.236674 -1.594038
-4.659179 -1.399877
-4.703684 -1.436015
-4.691226 -1.401197
-4.396097 -1.789762
-4.476728 -1.616558
1.553033 -1.591424
-4.431637 -1.604031
-4.436714 -1.654111
-4.389786 -1.933303
-4.353542 -1.965524
-4.372443 -1.947316
-4.447647 -1.582651
-4.471552 -1.595980
-4.454009 -1.543389
-4.359006 -1.970959
-4.374037 -1.974281
1.164439 -2.624948
-4.356916 -2.006899
-5.219489 -2.101559
-5.297458 -1.883814
-5.330269 -1.846749
-5.320133 -1.858567
-5.136247 -2.333075
-5.099267 -2.423544
-5.104499 -2.388601
-5.327706 -1.820195
-5.319267 -1.808362
1.167027 -2.608677
-5.340764 -1.813243
-5.077026 -2.459170
-5.093187 -2.418577
-5.100091 -2.454479
-4.808537 -1.909996
-4.675422 -1.571243
-4.672650 -1.548770
-4.670018 -1.554987
-4.922406 -2.272632
-4.904424 -2.267498
-4.650299 2.686967
1.191404 -2.616401
-4.904634 -2.321883
-4.645169 -1.481994
-4.647783 -1.473242
-4.613764 -1.486547
-4.929313 -2.346713
-4.912153 -2.360154
-4.898347 -2.328634
-4.641950 -2.361251
-4.539553 -2.276628
-4.489182 -2.276742
2.593428 -2.372635
-4.526438 -2.271794
-4.860972 -2.485712
-4.851331 -2.525860
-4.814430 -2.464325
-4.426010 -2.245149
-4.487633 -2.230005
-4.421570 -2.221489
-4.887609 -2.527583
-4.897227 -2.505052
-4.866446 -2.533488
3.574809 -1.578648
-5.301058 -1.575875
-5.286495 -1.657235
-5.177632 -1.643174
-5.376946 -1.764207
-5.261938 -1.786710
-5.296349 -1.753539
-4.409461 -1.448232
-4.545173 -1.363857
-4.556145 -1.542896
-4.507635 -1.416467
3.576145 -1.605098
-4.681269 -1.451389
-4.568755 -1.529404
-4.294621 -2.076385
-4.340420 -2.190762
-4.473518 -1.983568
-4.336560 -2.247717
-4.500127 -2.142071
-4.409104 -2.131154
-4.879030 -2.595374
-5.031156 -2.543560
3.540603 -1.607765
-5.042071 -2.368669
-4.878874 -2.618015
-4.964998 -2.493196
-4.889120 -2.440323
-0.856132 -3.554708
-0.768115 -3.756938
-0.748418 -3.727906
-0.769891 -3.734647
-1.017505 -3.333925
-1.008771 -3.314133
2.017885 -2.829814
-1.000579 -3.370589
-0.725956 -3.782601
-0.747089 -3.789369
-0.741601 -3.781058
-1.078136 -3.272485
-1.040626 -3.327070
-1.060948 -3.298275
-1.305460 -3.751291
-0.912850 -3.847694
-0.986472 -3.837638
2.057780 -2.785548
-0.976236 -3.868807
-1.500069 -3.688165
-1.559880 -3.682965
-1.532596 -3.707395
-0.846463 -3.861050
-0.874005 -3.868862
-0.881704 -3.881814
-1.636963 -3.646913
-1.616774 -3.660447
-1.634677 -3.676058
2.014992 -2.797422
-1.482680 -3.341397
-1.651837 -3.466635
-1.678779 -3.457424
-1.663026 -3.458916
-1.343145 -3.257258
-1.369780 -3.256438
-1.315454 -3.255605
-1.724222 -3.503665
-1.696235 -3.496171
-1.739583 -3.517150
3.633157 -1.563348
-1.287544 -3.211398
-1.282379 -3.252618
-1.302361 -3.210454
-1.247233 -4.173409
-0.838161 -3.982068
-0.807550 -3.997633
-0.872221 -3.991044
-1.420974 -4.242479
-1.449559 -4.245358
-1.423203 -4.227077
3.623305 -1.522225
-0.798505 -3.978207
-0.843512 -3.984968
-0.824395 -4.006113
-1.491654 -4.252620
-1.451905 -4.236037
-1.459787 -4.239275
-1.692516 -3.984871
-1.722837 -3.860840
-1.759654 -3.828668
-1.755114 -3.816179
-4.596687 2.691317
3.614962 -1.567231
-1.623163 -4.158538
-1.651799 -4.133177
-1.654008 -4.122226
-1.771915 -3.774928
-1.734528 -3.784084
-1.786406 -3.758871
-1.636111 -4.202487
-1.606175 -4.193131
-1.653164 -4.187823
-1.378282 -3.725245
1.981905 -2.849210
-1.220219 -3.396531
-1.274278 -3.342556
-1.261514 -3.404685
-1.457312 -3.999735
-1.516037 -4.041880
-1.506698 -4.056065
-1.215833 -3.354529
-1.200356 -3.379288
-1.270526 -3.340761
-1.528752 -4.119708
1.974056 -2.830604
-1.518103 -4.093921
-1.529263 -4.101025
-0.725947 -3.841912
-0.564954 -3.807943
-0.805461 -3.818532
-0.605728 -3.937493
-0.795637 -3.877623
-0.888274 -3.923371
-1.829877 -3.495600
-1.773748 -3.600480
1.959957 -2.846195
-1.610058 -3.613774
-1.890907 -3.635014
-1.672161 -3.753297
-1.738786 -3.636412
-1.316610 -3.075175
-1.175799 -3.146293
-1.214388 -3.255708
-1.284288 -3.254082
-1.071414 -3.347605
-1.271393 -3.299211
3.416458 -3.415393
-1.753363 -4.243473
-1.627800 -4.281991
-1.539261 -4.234503
-1.661178 -4.200992
-1.458194 -4.139438
-1.571662 -4.141964
-2.042192 -1.346865
-2.093011 -1.214667
-2.077120 -1.174686
-2.096807 -1.214906
3.611244 -3.704982
-1.979889 -1.650585
-1.971073 -1.665222
-1.980491 -1.699841
-2.109825 -1.178537
-2.129925 -1.189236
-2.105384 -1.188755
-1.976259 -1.708668
-1.998126 -1.702587
-1.978067 -1.714693
-2.755978 -1.069640
3.630869 -3.777176
-2.350134 -1.026324
-2.389844 -1.019758
-2.432671 -1.027537
-2.926829 -1.130261
-2.973689 -1.127827
-2.939393 -1.139314
-2.305987 -1.025621
-2.338321 -1.038988
-2.336103 -1.020024
-3.017262 -1.154445
3.624898 -3.793552
-3.006450 -1.175148
-3.043504 -1.150678
-2.703390 -1.490698
-2.956593 -1.328325
-2.995024 -1.346625
-2.951691 -1.360098
-2.186711 -1.688704
-2.131199 -1.743445
-2.189531 -1.738134
-3.000426 -1.301446
3.301260 -3.216866
-3.001665 -1.321262
-3.024858 -1.344540
-2.077334 -1.775017
-2.125962 -1.737693
-2.096521 -1.789955
-2.509388 -1.468428
-2.357214 -1.280474
-2.357095 -1.248157
-2.392195 -1.306774
-2.673177 -1.690258
3.275925 -3.209809
-2.647878 -1.682817
-2.638206 -1.693831
-2.313302 -1.215138
-2.345535 -1.248400
-2.351117 -1.211164
-2.700250 -1.734443
-2.695362 -1.743671
-2.687911 -1.766371
-3.043455 -1.591313
-3.079897 -1.364579
-4.609116 2.658786
3.289906 -3.237035
-3.107565 -1.420753
-3.091610 -1.416492
-2.917377 -1.775838
-2.955338 -1.802799
-2.954130 -1.803354
-3.114858 -1.351867
-3.084145 -1.371351
-3.117966 -1.377686
-2.925522 -1.816416
-2.893394 -1.812099
3.677816 -3.797610
-2.917671 -1.835607
-2.349144 -1.950847
-2.182347 -1.916020
-2.129743 -1.939452
-2.186879 -1.933338
-2.677955 -1.932411
-2.696316 -1.973134
-2.658541 -1.937395
-2.087044 -1.921043
-2.125919 -1.867664
3.645775 -3.824392
-2.105203 -1.941884
-2.740388 -1.940771
-2.713865 -1.899927
-2.730712 -1.938272
-2.246924 -0.984760
-2.104478 -1.060069
-2.245615 -1.069931
-2.274610 -1.096642
-2.229272 -1.216355
-2.368086 -1.152741
3.670832 -3.817312
-3.160012 -1.315315
-3.188079 -1.191514
-2.978254 -1.242674
-3.260913 -1.320619
-3.039331 -1.245322
-3.054251 -1.365788
-1.974295 -1.890153
-1.905008 -1.811023
-2.057543 -1.705263
-1.977751 -1.973369
3.252224 -3.148184
-2.070432 -1.814011
-2.149297 -1.853253
-2.941527 -1.932263
-2.778926 -1.951061
-2.784536 -1.759308
-2.855914 -2.055083
-2.686328 -1.837721
-2.779356 -1.888528
-2.930767 -3.775837
-2.875721 -3.365913
3.261098 -3.171675
-2.834814 -3.329547
-2.855436 -3.364741
-3.020404 -3.949454
-2.976658 -3.963080
-2.997473 -3.958338
-2.844265 -3.288224
-2.868317 -3.321694
-2.844169 -3.280919
-2.993574 -3.995039
-3.014772 -3.994580
3.235891 -3.169301
-2.981135 -4.000332
-3.454213 -3.384688
-3.098138 -3.292117
-3.102925 -3.266679
-3.078353 -3.265380
-3.838018 -3.484435
-3.864168 -3.436046
-3.782299 -3.436412
-3.037766 -3.259824
-3.015770 -3.282372
3.877975 -3.570898
-3.053704 -3.256680
-3.897596 -3.487688
-3.888031 -3.491375
-3.891333 -3.457470
-3.575491 -3.869432
-3.805804 -3.728840
-3.884312 -3.684334
-3.848083 -3.710624
-3.296686 -4.021000
-3.329052 -4.001865
3.825373 -3.751927
-3.380502 -3.962238
-3.923978 -3.637312
-3.916598 -3.640831
-3.931905 -3.641096
-3.256018 -4.042034
-3.267810 -4.005517
-3.282810 -3.998083
-3.049244 -3.058585
-2.955753 -3.081804
-2.951988 -3.057990
3.814541 -3.764844
-2.965451 -3.063855
-3.302069 -3.070111
-3.282798 -3.064564
-3.268450 -3.091377
-2.911257 -3.045760
-2.912485 -3.081325
-2.957673 -3.054974
-3.326736 -3.064561
-3.319204 -3.096440
-3.302521 -3.068540
3.771022 -3.992269
-4.619120 2.695670
3.802301 -3.742941
-3.722390 -3.273291
-3.898884 -3.395879
-3.946450 -3.425747
-3.944317 -3.450495
-3.576323 -3.169259
-3.574720 -3.154245
-3.600706 -3.197536
-3.977036 -3.432343
-3.989683 -3.484820
-3.964506 -3.484123
3.976792 -3.227665
-3.531619 -3.112047
-3.544414 -3.174570
-3.566206 -3.164996
-3.239152 -3.668083
-3.162351 -3.856333
-3.143397 -3.894755
-3.184890 -3.870266
-3.345939 -3.324529
-3.359716 -3.299067
-3.370314 -3.343597
3.980122 -3.245787
-3.105595 -3.930741
-3.140734 -3.897437
-3.146050 -3.917437
-3.367555 -3.266009
-3.392448 -3.271777
-3.385458 -3.284600
-2.986213 -3.146584
-2.823515 -3.124272
-2.937532 -3.299509
-2.888574 -3.004201
3.934092 -3.279349
-2.901747 -3.181438
-3.005276 -3.148218
-4.073826 -3.512385
-3.981133 -3.443063
-3.882208 -3.573632
-4.085676 -3.417457
-3.891876 -3.478072
-3.946055 -3.590367
-3.122077 -4.080488
-2.954158 -4.028115
3.793511 -3.799929
-3.203717 -4.027505
-3.066787 -3.982840
-3.046582 -3.938307
-3.231188 -3.944351
-3.462772 -3.025425
-3.335391 -2.997015
-3.471737 -3.111797
-3.368865 -3.154812
-3.339797 -3.219603
-3.454992 -3.270953
3.796933 -3.799182
3.782404 -3.855702
3.970680 -3.177352
3.951160 -3.216216
3.980697 -3.207929
-5.412403 -1.598360
3.541900 -3.019762
3.741817 -3.034451
3.768409 -3.024025
3.774558 -3.045655
3.333996 -3.021381
3.347204 -2.994329
3.338942 -3.031353
3.833268 -3.031556
3.795790 -3.056242
3.822242 -3.029532
-5.377017 -1.623316
3.291981 -3.023058
3.275019 -3.054760
3.303955 -3.027333
3.268688 -4.005346
3.522512 -4.006721
3.539178 -4.012377
3.523608 -4.023795
3.049661 -3.957705
3.082270 -3.983383
3.047347 -3.960175
-5.401018 -1.611682
3.568456 -4.005099
3.588186 -3.962017
3.579899 -3.988629
3.011596 -3.965152
3.010257 -3.946573
2.990450 -3.961635
3.508709 -3.468140
3.735617 -3.316122
3.688659 -3.328917
3.719304 -3.297697
-5.401021 -1.619714
3.142244 -3.726695
3.092552 -3.723084
3.152354 -3.688436
3.833388 -3.266315
3.779841 -3.265824
3.772810 -3.241536
3.058507 -3.748957
3.069765 -3.742718
3.009506 -3.753058
2.966526 -3.501307
-5.388076 -1.608308
3.038083 -3.172837
2.998352 -3.126744
3.030550 -3.168826
2.925379 -3.752016
2.897379 -3.710813
2.937377 -3.706677
3.029815 -3.091495
3.088683 -3.112490
3.041404 -3.088579
2.911359 -3.753670
-5.376489 -1.637988
2.927432 -3.753737
2.919007 -3.740868
3.777656 -3.916131
3.730019 -3.894352
3.743010 -3.784658
3.642573 -4.038485
3.601912 -3.883117
3.709021 -3.897046
3.930310 -2.990547
4.008876 -3.074342
-5.392655 -1.644659
3.926364 -3.148807
3.936165 -3.075928
3.867201 -3.289127
3.780740 -3.130378
3.123391 -2.874963
3.106595 -2.938335
3.280115 -3.121667
2.995670 -2.940050
3.152943 -3.157154
3.194381 -3.083503
0.504990 -0.109263
2.881897 -3.797127
2.879059 -3.959119
3.070597 -3.850709
2.816534 -3.785884
2.974067 -3.891689
3.003126 -3.740696
2.042301 -0.649774
1.801343 -0.630909
1.831004 -0.602697
1.801955 -0.620442
1.311983 -0.465496
2.301398 -0.722222
2.330980 -0.709752
2.301492 -0.744074
1.745920 -0.629861
1.736158 -0.634577
1.698271 -0.611282
2.356911 -0.720422
2.299284 -0.715702
2.320672 -0.746681
1.884470 -1.007991
3.749282 -4.028257
1.273176 -0.470587
1.715097 -0.791659
1.680071 -0.788551
1.688911 -0.805532
2.274098 -1.416121
2.295728 -1.501678
2.264267 -1.482061
1.650335 -0.723484
1.706659 -0.767677
1.655380 -0.762812
2.344168 -1.513460
1.273561 -0.497450
2.304368 -1.485619
2.341762 -1.545282
2.479782 -1.126968
2.477463 -1.459668
2.494991 -1.493432
2.505831 -1.444638
2.470301 -0.968341
2.503133 -0.980312
2.480511 -0.971755
2.475602 -1.493722
0.225010 0.066639
2.476027 -1.488266
2.478883 -1.528322
2.474557 -0.892511
2.456313 -0.905209
2.504610 -0.945550
1.522611 -1.024387
1.520948 -0.809351
1.495296 -0.825262
1.516646 -0.844999
1.575858 -1.337671
0.234603 0.046332
1.559549 -1.304874
1.572948 -1.290741
1.509382 -0.743690
1.517877 -0.788120
1.509263 -0.768356
1.571861 -1.399197
1.597069 -1.374214
1.582971 -1.359498
2.014489 -1.614820
2.196254 -1.671817
0.249954 0.030143
2.226444 -1.683295
2.212787 -1.663604
1.773556 -1.513079
1.751477 -1.565707
1.810938 -1.526785
2.249635 -1.649728
2.252510 -1.642867
2.264345 -1.666435
1.730715 -1.510309
1.739699 -1.493131
1.353933 -0.503507
1.725904 -1.530086
1.983567 -1.127500
2.256829 -0.887468
2.263594 -0.873521
2.234424 -0.935975
1.756129 -1.313385
1.746873 -1.341686
1.786492 -1.295959
2.339674 -0.847649
2.330243 -0.884473
1.343980 -0.513739
2.348103 -0.853479
1.725258 -1.328805
1.728654 -1.366343
1.715649 -1.370751
1.499305 -0.630581
1.465519 -0.514055
1.740504 -0.687291
1.378038 -0.598569
1.592576 -0.722387
1.602816 -0.782530
1.348758 -0.530560
2.521734 -1.679908
2.435930 -1.711173
2.414685 -1.472140
2.448581 -1.805956
2.262745 -1.578472
2.314775 -1.614518
2.595752 -0.846159
2.431628 -0.715424
2.404580 -0.814201
2.481679 -0.775607
0.169241 0.098691
2.277098 -0.792159
2.410130 -0.910870
1.626150 -1.633225
1.529303 -1.509850
1.671657 -1.432415
1.635473 -1.481713
1.681800 -1.315286
1.743367 -1.455134
4.031855 -0.490308
4.195007 -0.321858
0.196522 0.056793
4.175721 -0.261183
4.162055 -0.341846
3.954511 -0.584781
3.921484 -0.584268
3.933489 -0.600990
4.209201 -0.289411
4.220919 -0.306853
4.202961 -0.294314
3.910296 -0.618694
3.920675 -0.641924
3.767690 -3.988750
0.156443 0.079940
3.881620 -0.634632
4.456360 -0.946963
4.401296 -0.398247
4.392233 -0.414880
4.430945 -0.447165
4.471273 -1.325170
4.472672 -1.384524
4.469181 -1.369031
4.384175 -0.353779
4.395165 -0.394935
3.927344 0.756378
4.362971 -0.342358
4.461596 -1.430084
4.469054 -1.395725
4.457969 -1.474603
4.145899 -1.039526
4.339521 -1.359549
4.311661 -1.427260
4.319190 -1.429966
4.015696 -0.855644
3.979222 -0.845487
4.138613 0.097820
4.020420 -0.878634
4.334988 -1.416196
4.344121 -1.424030
4.334713 -1.458535
3.971859 -0.812739
3.972974 -0.842005
3.933954 -0.822390
4.012323 -0.983679
4.187970 -0.433417
4.194220 -0.359464
4.184090 0.066062
4.224984 -0.410233
3.928129 -1.203433
3.965004 -1.129338
3.888455 -1.213244
4.222443 -0.335878
4.243507 -0.373665
4.245777 -0.349992
3.862224 -1.312907
3.849015 -1.307693
3.826302 -1.293659
4.157116 0.064734
4.055573 -1.560684
4.302505 -1.586196
4.246638 -1.611652
4.300539 -1.601093
3.931626 -1.502668
3.913278 -1.547873
3.903903 -1.512014
4.337201 -1.615191
4.348734 -1.590137
4.330437 -1.635339
3.776308 1.125595
3.884633 -1.523574
3.882722 -1.503802
3.858888 -1.532642
3.727880 -1.015670
3.758677 -0.885862
3.704316 -0.890643
3.756062 -0.944745
3.713881 -1.288437
3.717332 -1.299657
3.718500 -1.278430
3.793544 1.134930
3.733253 -0.823519
3.797385 -0.835205
3.759059 -0.866404
3.718946 -1.347003
3.729750 -1.342440
3.730694 -1.366960
4.307302 -0.211090
4.189001 -0.148037
4.318594 -0.337663
4.192890 -0.113190
3.799430 1.066670
4.199136 -0.334727
4.331631 -0.379322
4.314748 -1.618426
4.429291 -1.586692
4.425382 -1.393823
4.333070 -1.773136
4.382529 -1.532650
4.329529 -1.521706
3.800326 -0.762464
3.708259 -0.660156
4.208855 -0.043951
3.992887 -0.750757
3.675956 -0.798919
3.851578 -0.723090
3.870254 -0.870808
3.736501 -1.573120
3.708769 -1.432309
3.893904 -1.395378
3.633744 -1.489260
3.779103 -1.301446
3.810373 -1.431569
4.188099 -0.017519
0.808784 -3.215309
0.750324 -3.409038
0.679920 -3.419055
0.745449 -3.353297
1.018907 -2.915028
0.955345 -2.947991
1.016373 -2.889180
0.699818 -3.445168
0.705209 -3.439029
0.672430 -3.444923
3.731457 -4.004829
4.200550 -0.018349
1.023406 -2.869680
1.058330 -2.871141
1.045144 -2.811944
1.107147 -3.738197
0.870595 -3.701755
0.853729 -3.721457
0.953043 -3.693557
1.365911 -3.758731
1.432348 -3.768903
1.413273 -3.763370
3.764528 1.207344
0.803037 -3.700171
0.861069 -3.677336
0.815569 -3.681350
1.480885 -3.748669
1.437178 -3.793220
1.472475 -3.778877
1.332798 -3.214994
1.453337 -3.500865
1.531814 -3.556723
1.476014 -3.515393
3.728094 1.175888
1.224942 -3.005404
1.251546 -3.001832
1.230762 -2.960544
1.540829 -3.609050
1.480549 -3.578881
1.546319 -3.597648
1.222796 -2.909377
1.191945 -2.944025
1.231401 -2.911194
1.103286 -3.365134
3.763311 1.192829
0.881597 -3.505568
0.863531 -3.520915
0.913584 -3.502378
1.632124 -3.103413
1.682839 -3.074343
1.550577 -3.099977
0.820259 -3.526741
0.856169 -3.534161
0.828748 -3.548150
1.727790 -3.047722
-0.844273 4.481110
1.661150 -3.052836
1.660761 -3.026154
1.745207 -3.315438
1.652819 -3.587725
1.672686 -3.568604
1.657314 -3.538563
1.798234 -3.136803
1.821054 -3.139448
1.788901 -3.104686
1.636908 -3.619493
-0.261337 4.735017
1.623088 -3.606276
1.640093 -3.609164
1.814416 -3.082766
1.794972 -3.077403
1.822491 -3.055227
1.480720 -2.804340
1.276963 -2.790761
1.314525 -2.757286
1.344686 -2.787836
1.656789 -2.868804
-0.271478 4.764864
1.671037 -2.846385
1.665887 -2.861679
1.237239 -2.754164
1.256240 -2.791637
1.250998 -2.752521
1.697062 -2.864273
1.684859 -2.918139
1.716985 -2.878841
0.616642 -3.683655
0.594674 -3.529601
-0.330515 4.709115
0.786560 -3.547432
0.709562 -3.576153
0.768057 -3.464873
0.859990 -3.590543
1.674895 -3.696829
1.614755 -3.770490
1.460133 -3.625433
1.746638 -3.726336
1.575454 -3.672561
1.587444 -3.611059
-1.368118 4.181718
1.219052 -2.757685
1.092668 -2.669047
1.107422 -2.915728
1.224988 -2.651805
1.116371 -2.822294
1.242567 -2.866755
1.913287 -2.972032
1.836109 -2.958948
1.747383 -3.059859
1.826055 -2.832269
-1.359802 4.241747
1.646960 -2.956677
1.763911 -2.985445
2.077731 4.867772
2.343190 4.765684
2.343445 4.730721
2.275848 4.768524
1.314029 5.084411
1.289064 5.082390
1.297699 5.087397
2.363710 4.732970
3.750100 -4.010719
-1.350724 4.211270
2.389392 4.728412
2.365740 4.703176
1.242449 5.110554
1.227522 5.113952
1.225479 5.087644
3.492014 3.117305
3.417968 3.468358
3.401165 3.446215
3.385002 3.466707
3.636843 2.610903
-0.170103 4.798840
3.624317 2.605782
3.595554 2.574662
3.391154 3.553265
3.391747 3.541343
3.367585 3.540015
3.640469 2.537913
3.648941 2.554265
3.617011 2.539173
2.616195 2.704175
2.753263 2.551871
-0.241974 4.741786
2.760265 2.578167
2.725209 2.579300
1.189863 4.241864
1.185067 4.278872
1.192202 4.238800
2.817985 2.477986
2.802500 2.469709
2.785095 2.517212
1.138340 4.317716
1.113756 4.282784
-0.228942 4.774990
1.145314 4.291353
1.876321 3.339396
2.214188 3.604813
2.192422 3.622459
2.235378 3.581598
1.451022 3.044141
1.493709 3.068125
1.422939 3.036039
2.249721 3.645744
2.274434 3.636200
-1.448013 4.146907
2.268861 3.648285
1.390938 2.972502
1.391925 3.005702
1.385220 2.972944
2.185343 1.778834
2.427130 1.706599
2.514662 1.708956
2.436758 1.715717
1.448931 1.924595
1.473192 1.969892
-1.444703 4.134899
1.466647 1.962967
2.581988 1.664867
2.509765 1.694191
2.529000 1.701930
1.428457 1.949500
1.415925 1.962634
1.413618 2.001657
0.372516 3.715637
0.312377 3.907535
0.343568 3.935546
-1.485166 4.141109
0.339231 3.903828
0.442826 3.188103
0.464647 3.263257
0.475363 3.163821
0.326658 4.010659
0.330866 4.036318
0.339833 4.004647
0.469475 3.135613
0.461530 3.114230
0.484396 3.137133
0.145268 -3.743143
3.367528 4.064436
3.346179 4.208575
3.352573 4.168025
3.336451 4.173051
3.383427 3.881631
3.391359 3.854892
3.381191 3.818749
3.346429 4.255515
3.313458 4.262264
3.319091 4.229296
0.456090 -3.655315
3.376609 3.812507
3.377293 3.770689
3.397863 3.767434
2.954666 4.569439
3.115303 4.493015
3.137820 4.494595
3.105393 4.492601
2.702043 4.664362
2.708436 4.682839
2.700454 4.650490
0.457707 -3.682957
3.205917 4.502811
3.145949 4.407183
3.160551 4.470182
2.635084 4.678775
2.638916 4.653924
2.627058 4.656540
2.953583 4.092544
2.697742 4.471655
2.657843 4.444107
2.611674 4.438361
3.348854 4.448518
0.453930 -3.675496
3.130447 3.924741
3.130280 3.893820
3.136263 3.872317
2.620777 4.492395
2.618981 4.494384
2.599656 4.483011
3.232513 3.808484
3.216176 3.851948
3.217909 3.813951
2.694947 4.009813
-0.448246 -3.837800
3.085462 4.271821
3.028899 4.232426
3.020525 4.255975
2.546325 3.899585
2.490778 3.829979
2.523990 3.822985
3.145582 4.304874
3.104807 4.309387
3.088464 4.284319
2.479934 3.823997
-0.474770 -3.837122
2.497592 3.831886
2.482363 3.810825
2.409835 4.196882
2.444910 4.401703
2.437628 4.423444
2.456279 4.424762
2.385447 3.941905
2.375066 3.931118
2.392147 3.938327
2.461751 4.482525
-0.419433 -3.843898
2.473973 4.449853
2.448599 4.483341
2.365002 3.869072
2.377687 3.882228
2.370944 3.867734
2.891765 3.658470
3.139179 3.666855
3.159346 3.628868
3.143343 3.652430
2.632497 3.700789
0.519777 -3.674520
2.647427 3.673662
2.654032 3.686963
3.226712 3.634700
3.207069 3.669972
3.178794 3.635309
2.542572 3.695956
2.565038 3.724056
2.550050 3.700921
3.254718 4.455619
3.357003 4.297197
0.548097 -3.629741
3.244146 4.373434
3.272056 4.391701
3.205118 4.252449
3.083893 4.344998
2.497041 4.620427
2.507068 4.720682
2.681382 4.603216
2.424858 4.564127
2.553253 4.559971
2.549313 4.445786
0.548689 -3.659371
3.312029 3.637867
3.399798 3.634639
3.283739 3.881717
3.288397 3.559597
3.293069 3.720053
3.170768 3.749933
2.296000 3.762073
2.331227 3.714643
2.451703 3.900289
2.418898 3.650176
-0.526939 -3.844274
2.547883 3.769749
2.498945 3.782255
3.321482 1.793472
3.561075 1.518743
3.574918 1.427815
3.541321 1.497164
3.061945 2.177888
3.051401 2.180892
3.031037 2.174974
3.620133 1.435677
-0.508027 -3.854066
3.592253 1.449455
3.586181 1.442325
2.999517 2.252044
3.013669 2.223965
3.003096 2.206925
3.731907 1.936767
3.738479 1.525667
3.741994 1.484896
3.734110 1.505676
3.708440 2.206362
-0.554047 -3.858458
3.716232 2.232318
3.729285 2.184808
3.740694 1.435406
3.698373 1.447699
3.727436 1.419596
3.715397 2.293673
3.704920 2.239326
3.719230 2.266857
3.288252 2.392931
3.471731 2.370825
3.333467 4.434226
-1.997472 -0.772554
3.477783 2.399707
3.486409 2.364067
3.148125 2.383650
3.102842 2.407139
3.111306 2.390669
3.527883 2.417551
3.527502 2.342665
3.539133 2.407374
3.053302 2.416711
3.072366 2.383152
0.342766 1.949135
3.012750 2.415744
3.129085 1.479285
3.466121 1.394863
3.444909 1.377726
3.486248 1.380368
2.932695 1.569981
2.861880 1.549879
2.907363 1.570801
3.524794 1.350303
3.537505 1.351680
0.334105 1.974209
3.531262 1.341394
2.843081 1.577844
2.871398 1.587692
2.837758 1.592265
3.147007 1.917777
3.497007 2.159935
3.495787 2.235903
3.493949 2.180515
2.996819 1.784903
2.963512 1.796770
0.312791 1.969605
2.945899 1.800737
3.528678 2.236936
3.518248 2.202802
3.533944 2.285434
2.937389 1.759062
2.920383 1.757355
2.862703 1.761413
2.784656 1.976776
2.877141 2.254258
2.855643 2.270193
-2.107733 -0.928951
2.874640 2.246253
2.751642 1.823189
2.721047 1.827540
2.776303 1.844414
2.865091 2.287615
2.886109 2.284569
2.859169 2.316523
2.684654 1.769134
2.795936 1.774051
2.700513 1.800437
-2.140148 -0.915158
3.764160 1.302203
3.720540 1.238419
3.695101 1.465250
3.608905 1.262658
3.545541 1.417235
3.616015 1.396536
3.584253 2.504354
3.693325 2.424087
3.622559 2.296704
3.567630 2.431340
-2.138863 -0.921701
3.597242 2.194975
3.517722 2.288734
2.959361 2.487700
2.856481 2.416890
3.039984 2.293067
2.809118 2.407107
2.947960 2.235353
2.952682 2.352718
2.710609 1.716144
2.678136 1.622967
0.360119 1.977650
2.922251 1.661149
2.580192 1.733425
2.811900 1.657370
2.834004 1.805232
0.443114 4.657873
0.192979 4.772483
0.134982 4.766276
0.171544 4.759521
0.803770 4.553338
0.785820 4.531808
0.365512 1.988445
0.787769 4.521355
0.102811 4.816391
0.132356 4.799571
0.075797 4.766959
0.881558 4.517815
0.850718 4.509542
0.878508 4.500018
0.447660 5.042645
0.183117 4.961583
0.170797 4.980790
0.357171 2.009249
0.136323 4.943983
0.798090 5.113355
0.859354 5.135769
0.814497 5.102489
0.060624 4.925497
0.100181 4.919973
0.069127 4.919170
0.897696 5.135737
0.887253 5.105431
0.891651 5.143380
3.331880 4.442890
-2.153639 -0.971267
1.054864 4.790540
1.051124 4.919199
1.134581 4.993523
1.076856 4.945982
1.030217 4.549048
1.059057 4.538418
1.033788 4.539494
1.112730 5.041781
1.071033 4.976082
1.099885 4.994062
-2.164159 -0.966072
1.042247 4.518840
1.055585 4.515747
1.065834 4.488531
0.113257 4.484812
0.017930 4.644623
0.006582 4.669028
0.041319 4.665665
0.198724 4.352128
0.194708 4.311567
0.217549 4.304173
-2.177084 -0.950347
-0.033716 4.728302
0.015849 4.749248
-0.001105 4.746295
0.230836 4.255093
0.249910 4.288663
0.251523 4.246110
0.737292 4.723141
0.910297 4.963611
0.938149 4.912596
0.946090 4.928789
-2.892155 -0.353974
0.508199 4.457705
0.513875 4.448171
0.523876 4.446832
0.960739 5.015899
0.963436 5.004448
1.000837 4.976001
0.382856 4.306511
0.470160 4.377078
0.463485 4.343208
0.644495 4.229688
-2.873463 0.028822
0.864840 4.304091
0.918995 4.279814
0.891368 4.288846
0.502503 4.215596
0.504776 4.184604
0.482728 4.200180
0.914554 4.300593
0.902111 4.300264
0.917972 4.285072
0.455136 4.171712
-2.915979 0.086946
0.450573 4.201450
0.456888 4.165370
-0.069915 4.885646
-0.075024 4.777375
0.131534 4.873481
-0.159508 4.747031
0.091017 4.784019
0.036522 4.823814
1.175619 5.040029
1.036934 5.143538
-2.892289 0.060420
1.036189 5.012843
1.106485 5.052074
0.898918 5.084706
1.028472 4.973060
1.107308 4.413078
0.991493 4.422185
0.955196 4.554127
1.038829 4.273696
0.886105 4.379045
0.960561 4.383666
-2.812027 -2.919481
0.381646 4.169218
0.259334 4.115782
0.333262 4.352992
0.390901 4.071937
0.357220 4.219972
0.464259 4.285837
0.826861 1.985546
0.676528 1.998505
0.680197 1.970720
0.649822 1.994522
-2.875107 -2.998384
1.130411 2.005958
1.128936 1.984013
1.119235 2.025152
0.571997 2.026625
0.618794 2.030225
0.602860 2.004103
1.186279 2.014591
1.154344 2.052242
1.183147 2.005211
0.832458 2.428382
-2.843057 -2.942726
0.620078 2.236717
0.579368 2.214768
0.595105 2.247808
1.080790 2.693563
1.059191 2.672022
1.067244 2.687854
0.564773 2.171266
0.570997 2.224339
0.555466 2.213390
1.131906 2.753224
