2050 2
-3.421399 -4.064054
-3.413439 -4.088783
1.608066 2.505694
1.709413 -1.162382
2.083902 4.341423
2.089088 4.330368
1.843719 3.987360
1.989236 4.105144
2.022730 4.047158
1.977618 4.056745
1.645656 3.908844
1.639341 3.875241
1.678740 3.910717
2.055760 4.117507
1.747596 -1.151574
2.068364 4.140615
2.063050 4.090394
1.601635 3.866213
1.630997 3.908783
1.635181 3.886915
2.062340 4.707307
1.875907 4.786184
1.830354 4.793499
1.882749 4.776448
2.698777 4.417739
1.732624 -1.132477
2.749149 4.384714
2.687392 4.419598
1.770668 4.800477
1.812823 4.794909
1.784473 4.805874
2.777625 4.382712
2.740268 4.378648
2.762127 4.374262
2.512943 4.211422
2.408224 4.233127
-0.815273 1.532878
2.361971 4.187082
2.342932 4.197798
2.809325 4.183727
2.833979 4.174766
2.749262 4.245562
2.344689 4.198250
2.346333 4.210791
2.316759 4.191622
2.843044 4.215344
2.814089 4.250853
-0.802853 1.544913
2.864001 4.188477
2.408427 4.051558
1.683689 3.943563
1.734380 3.881505
1.678416 3.924158
2.685940 4.156268
2.696444 4.122900
2.699348 4.144917
1.645917 3.901338
1.646013 3.934514
-0.814177 1.563143
1.660538 3.883882
2.766022 4.167417
2.721910 4.195039
2.770313 4.155885
1.597947 4.805890
1.482425 4.795619
1.632673 4.730525
1.637612 4.832839
1.713319 4.737944
1.777744 4.789726
-1.922261 -2.289630
2.115257 4.004560
2.141739 4.132295
2.040418 4.237369
2.276249 4.095871
2.296793 4.267234
2.264660 4.189226
1.536582 3.745842
1.449793 3.839031
1.576563 3.979953
1.569096 3.731066
-2.571620 -3.061577
1.610953 3.962677
1.653093 3.906345
2.926965 4.153440
2.914256 4.229256
2.795581 4.318049
2.881231 4.129124
2.719713 4.309315
2.757877 4.220962
4.865049 -1.788678
4.825948 -2.862084
-2.561223 -3.076434
4.820765 -2.825754
4.823158 -2.825617
4.881775 -1.599558
4.854292 -1.608400
4.856467 -1.490318
4.819598 -2.959608
4.816610 -2.891395
4.802891 -2.902704
4.895432 -1.537473
4.893504 -1.480949
-2.609330 -3.059479
4.856013 -1.511449
2.840681 -4.128033
3.631632 -3.998477
3.619174 -3.994367
3.586952 -3.988635
2.605864 -4.173982
2.624535 -4.169784
2.619673 -4.170888
3.681443 -3.984717
3.690106 -3.958900
1.628561 2.470353
-1.593122 -1.872424
3.694713 -3.954281
2.483984 -4.178477
2.449582 -4.189480
2.507279 -4.180747
3.701493 -1.997668
2.533403 -3.262904
2.556286 -3.274380
2.534025 -3.243202
3.910689 -1.768775
3.912357 -1.771038
-1.652413 -1.982553
3.902285 -1.754428
2.494462 -3.325928
2.496304 -3.280917
2.510758 -3.291908
3.973224 -1.705244
3.977784 -1.674497
3.956311 -1.707369
3.406614 -2.639782
3.792951 -2.960959
3.725426 -2.898814
-1.651366 -1.925066
3.711901 -2.899791
2.888386 -2.194067
2.974752 -2.305097
2.920360 -2.213494
3.802522 -2.973248
3.799230 -2.954215
3.787413 -2.960513
2.898570 -2.248307
2.860203 -2.160686
2.878566 -2.207293
-2.597514 -3.111503
1.782943 -2.602019
1.698852 -3.156035
1.711243 -3.170613
1.727695 -3.155681
1.828635 -2.314984
1.850181 -2.363544
1.854932 -2.340230
1.688514 -3.270970
1.680145 -3.206941
1.724104 -3.218549
-2.630329 -3.112980
1.875461 -2.261938
1.859097 -2.237431
1.887933 -2.273396
3.238308 -1.032321
3.736094 -0.856903
3.766727 -0.832610
3.769965 -0.866028
2.843663 -1.159627
2.919007 -1.158606
2.821064 -1.195684
-2.649832 -3.133781
3.828235 -0.828114
3.820011 -0.842742
3.801068 -0.845083
2.796103 -1.223188
2.758425 -1.222337
2.788760 -1.229370
4.302144 -3.925103
4.468859 -3.888256
4.461048 -3.906949
4.483123 -3.880953
-1.552162 -1.851802
4.107211 -3.946316
4.153472 -3.960773
4.089385 -3.952281
4.532033 -3.867647
4.559140 -3.832078
4.558647 -3.857219
4.082263 -3.970535
4.100006 -3.970617
4.046468 -3.966352
4.834781 -3.445911
-1.582603 -1.822072
4.803687 -3.610536
4.823441 -3.632776
4.836051 -3.630104
4.803067 -3.235757
4.832411 -3.216625
4.827287 -3.173667
4.809967 -3.654999
4.805796 -3.658470
4.814626 -3.657871
4.786043 -3.174178
-1.584416 -1.883945
4.788820 -3.149949
4.815054 -3.123491
4.406308 -3.408192
4.606281 -3.226937
4.646432 -3.158221
4.582671 -3.207854
4.106013 -3.719830
4.071870 -3.731023
4.114963 -3.700123
4.642614 -3.160704
-1.904312 -4.067667
4.642692 -3.169762
4.628339 -3.155931
3.979605 -3.798148
4.052442 -3.756570
3.953549 -3.787798
4.371338 -3.512420
4.541241 -3.687962
4.517492 -3.661144
4.556305 -3.665716
4.114000 -3.236541
1.636846 2.487121
-2.463804 -4.069283
4.054920 -3.211279
4.104489 -3.269754
4.584368 -3.722881
4.584829 -3.700029
4.599649 -3.732458
4.057580 -3.187197
4.063349 -3.227477
4.038760 -3.204881
4.315358 -3.014368
4.577297 -3.009349
-2.393220 -4.046871
4.592721 -3.007592
4.620209 -3.045670
4.112496 -3.026064
4.100764 -3.010958
4.115860 -3.018719
4.653679 -3.005791
4.675851 -3.058661
4.689450 -3.004495
4.063246 -3.016157
4.071567 -3.048595
-2.441233 -4.025582
4.032934 -3.001480
3.852201 -3.536235
3.870013 -3.756878
3.821077 -3.771188
3.871077 -3.756777
3.867481 -3.344359
3.849191 -3.321064
3.871022 -3.287420
3.851844 -3.830692
3.901149 -3.772340
-1.479612 -4.084792
3.832987 -3.792054
3.872898 -3.246391
3.874708 -3.262524
3.862300 -3.214477
4.791611 -3.762839
4.623864 -3.899482
4.721524 -3.684167
4.671191 -3.821743
4.561820 -3.773198
4.646402 -3.679586
-1.445225 -4.039243
4.760979 -3.001735
4.825556 -3.056031
4.723818 -3.191634
4.752944 -2.929720
4.767076 -3.099908
4.624650 -3.111953
3.804604 -3.896654
3.943353 -4.008744
4.077960 -3.862987
3.750432 -3.889026
-1.457609 -4.060425
3.971673 -3.882112
3.907544 -3.787046
3.934217 -2.968264
3.937186 -3.107731
4.088232 -3.131735
3.799896 -3.077199
3.984372 -3.249168
4.022969 -3.074678
1.929482 -3.734681
1.454497 -3.994967
-2.502542 -4.072298
1.467560 -3.967155
1.413425 -3.971228
2.244528 -3.565725
2.214892 -3.550356
2.207132 -3.548278
1.360865 -4.057132
1.370051 -4.004845
1.365478 -4.019427
2.298853 -3.525546
2.247053 -3.547457
-2.517603 -4.051112
2.258254 -3.500343
1.692540 -4.232649
1.494517 -4.201025
1.446113 -4.205178
1.477289 -4.188343
2.155813 -4.247298
2.117415 -4.254372
2.116339 -4.254638
1.439463 -4.194741
1.460955 -4.187050
-2.475949 -4.025488
1.396415 -4.189857
2.163522 -4.262292
2.156177 -4.239116
2.168760 -4.234234
2.384112 -3.893177
2.372091 -4.106380
2.389253 -4.033243
2.347862 -4.023694
2.413388 -3.603587
2.430334 -3.588119
-1.392969 -4.038611
2.397885 -3.599757
2.357671 -4.116532
2.322508 -4.089426
2.374507 -4.074688
2.423233 -3.559434
2.389460 -3.575980
2.427921 -3.543771
1.399909 -3.830703
1.358061 -3.922688
1.299194 -3.989185
1.638398 2.495917
-1.402621 -4.077952
1.340728 -3.956288
1.548799 -3.519058
1.538172 -3.490067
1.535735 -3.551635
1.289017 -4.017131
1.336505 -4.017828
1.308285 -4.013170
1.569477 -3.482337
1.597984 -3.488519
1.563972 -3.498441
-1.397370 -4.045692
1.984751 -3.801113
2.165364 -4.050811
2.135887 -4.017089
2.179316 -4.064538
1.741082 -3.524382
1.791118 -3.456838
1.854151 -3.579180
2.240398 -4.109506
2.232437 -4.079112
2.236397 -4.092751
-0.566431 -2.414755
1.731392 -3.481275
1.759494 -3.502342
1.784540 -3.477272
2.025507 -3.335297
2.218150 -3.355958
2.216399 -3.327411
2.269789 -3.348372
1.830979 -3.373214
1.853019 -3.318871
1.861354 -3.351974
-0.551110 -2.891531
2.320233 -3.350233
2.301076 -3.393614
2.317282 -3.336765
1.809665 -3.347023
1.813095 -3.396172
1.815517 -3.336163
1.239677 -4.150911
1.221197 -4.080171
1.430932 -4.147373
1.189466 -4.059596
-0.553934 -2.891315
1.353373 -3.995853
1.400473 -4.141678
2.447671 -4.134439
2.301928 -4.223820
2.220871 -4.208591
2.291435 -4.142006
2.167598 -4.183276
2.290404 -4.079701
2.486096 -3.408250
2.392669 -3.391213
-0.577092 -2.854917
2.333116 -3.565060
2.379431 -3.321639
2.250988 -3.487602
2.360691 -3.485833
1.740123 -3.367305
1.608187 -3.355016
1.634318 -3.504510
1.760115 -3.257745
1.686498 -3.446399
1.809119 -3.469523
-0.581731 -1.886400
4.511672 -0.666732
4.600816 -0.494801
4.611444 -0.452662
4.599816 -0.465192
4.229131 -1.366625
4.205837 -1.376369
4.200847 -1.357173
4.661989 -0.424955
4.633675 -0.465913
4.630838 -0.389969
-0.593474 -1.923967
4.172523 -1.465061
4.192472 -1.400864
4.149835 -1.436459
4.838812 -0.843962
4.770607 -0.472451
4.764656 -0.436673
4.750051 -0.393032
4.869779 -1.166130
4.892459 -1.161334
4.868042 -1.152406
-0.590229 -1.904187
4.733956 -0.365860
4.740217 -0.367168
4.713835 -0.318976
4.869267 -1.219152
4.859337 -1.192903
4.873695 -1.222618
4.477643 -1.491580
4.679760 -1.428330
4.661541 -1.477349
4.653939 -1.435971
-0.552901 -2.946816
4.304779 -1.504846
4.292290 -1.572181
4.282014 -1.488678
4.705522 -1.448502
4.695009 -1.424514
4.687546 -1.439463
4.214698 -1.518473
4.227233 -1.493390
4.222087 -1.552873
4.383225 -0.426197
4.743145 -3.913819
-0.579023 -2.930532
4.492038 -0.341641
4.503088 -0.307259
4.496793 -0.347368
4.160962 -0.631127
4.149971 -0.617834
4.142238 -0.631611
4.560188 -0.284525
4.559209 -0.339452
4.575897 -0.292957
4.091754 -0.683363
-0.584578 -2.933998
4.099514 -0.690055
4.086782 -0.681146
4.427241 -1.056081
4.668444 -1.189515
4.672580 -1.217717
4.685111 -1.227203
4.265549 -0.925997
4.208355 -0.939297
4.215617 -0.949323
4.734667 -1.274328
-0.601197 -1.867055
4.731855 -1.260973
4.748632 -1.288844
4.173626 -0.895989
4.169348 -0.914061
4.164086 -0.923458
3.990149 -1.174912
4.021400 -1.392533
3.995763 -1.387413
4.011891 -1.368399
3.991509 -0.949226
-0.580062 -1.841889
3.974522 -0.960213
3.990283 -1.004778
4.033835 -1.444465
4.054537 -1.421691
4.008366 -1.452408
3.995899 -0.906942
4.008968 -0.925433
3.997736 -0.950975
4.701810 -0.178240
4.663698 -0.246477
-0.612128 -1.866710
4.694514 -0.430822
4.608858 -0.169790
4.572110 -0.397906
4.689378 -0.352288
4.796555 -1.533250
4.907204 -1.342525
4.823117 -1.261684
4.800279 -1.350341
4.802372 -1.212129
4.698131 -1.368228
-3.692042 -2.637043
4.056716 -1.663351
4.032613 -1.625300
4.219537 -1.448968
3.968687 -1.563327
4.109305 -1.421867
4.128278 -1.461055
3.951381 -0.863091
3.972486 -0.723534
4.187482 -0.784221
3.924830 -0.909457
-3.668460 -2.916844
4.044235 -0.755126
4.094468 -0.950274
1.808330 -1.698786
1.805474 -1.446428
1.774169 -1.362846
1.799133 -1.433357
1.829160 -1.901754
1.823117 -1.946674
1.835551 -1.915589
1.791627 -1.380642
-3.637191 -2.960393
1.832487 -1.398243
1.799118 -1.350140
1.842570 -1.976338
1.854408 -1.954100
1.839611 -1.980200
2.186183 -1.573855
2.003617 -1.415461
1.959867 -1.362708
2.047378 -1.412455
2.462597 -1.859424
-3.643322 -2.892861
2.565423 -1.941433
2.461154 -1.803619
1.899062 -1.329733
1.942509 -1.349141
1.978668 -1.335260
2.592362 -1.984600
2.581238 -1.947343
2.615625 -1.925173
2.261940 -2.181439
2.489586 -2.146807
-3.781914 -2.017442
2.509095 -2.185959
2.516164 -2.169353
2.101580 -2.160699
2.076706 -2.182225
2.101943 -2.140677
2.558583 -2.168684
2.531298 -2.134085
2.542080 -2.173352
2.051410 -2.188392
2.032011 -2.139148
4.692220 -3.908540
-3.760407 -2.016009
2.039438 -2.164082
2.296855 -1.194507
1.977722 -1.198652
1.963756 -1.173283
2.036415 -1.184214
2.437333 -1.232407
2.501338 -1.188437
2.474082 -1.207282
1.923937 -1.176140
1.969217 -1.201920
-3.773880 -1.985872
1.954582 -1.170881
2.509174 -1.196395
2.508586 -1.227575
2.548872 -1.170747
2.745627 -1.685773
2.742007 -1.888446
2.773232 -1.904993
2.741579 -1.914528
2.692322 -1.423444
2.718714 -1.410842
-3.643532 -2.991924
2.700984 -1.462166
2.759925 -1.941114
2.724377 -1.945583
2.745266 -1.953190
2.695431 -1.367064
2.692446 -1.399277
2.700629 -1.383967
2.271780 -1.714706
2.059701 -1.919106
2.104147 -1.949088
-3.636117 -2.977825
2.090354 -1.925356
2.504346 -1.434160
2.516264 -1.463261
2.530931 -1.465232
2.019279 -1.990706
2.019337 -1.979628
2.058320 -1.986216
2.579709 -1.371709
2.581669 -1.406872
2.606357 -1.378322
-3.619216 -2.990294
1.790382 -1.202996
1.752590 -1.267968
1.869714 -1.384276
1.852926 -1.134617
1.891830 -1.281122
1.953544 -1.251173
2.763662 -2.224023
2.744565 -2.078945
2.529689 -2.040805
2.843454 -2.070838
-3.778789 -1.962241
2.663658 -1.908809
2.662081 -2.027193
1.943852 -2.246538
1.813019 -2.130379
1.900185 -2.035141
2.024921 -2.054117
1.935599 -1.957483
2.062652 -2.031993
2.737511 -1.335808
2.583235 -1.182980
-3.805450 -1.944222
2.588342 -1.303156
2.644619 -1.343425
2.496217 -1.238030
2.655374 -1.421737
-2.296087 4.757751
-2.592192 4.703986
-2.613607 4.688022
-2.569757 4.692516
-1.427937 4.920300
-1.439903 4.909154
-3.771113 -1.931102
-1.417031 4.912504
-2.686833 4.679683
-2.651892 4.689649
-2.667751 4.657225
-1.375517 4.917034
-1.385392 4.923664
-1.377094 4.902060
-3.806114 2.875051
-3.715461 3.451550
-3.710245 3.432762
-2.667089 -2.072456
-3.697717 3.409969
-3.887530 2.451336
-3.865413 2.456747
-3.871880 2.415665
-3.706762 3.470548
-3.690682 3.494139
-3.668981 3.504581
-3.900437 2.361128
-3.882842 2.396966
-3.866782 2.393459
-1.477121 -3.134210
-1.816637 3.595361
-3.022350 2.361139
-3.048542 2.361335
-3.017248 2.360866
-1.558720 3.867998
-1.569506 3.877944
-1.510411 3.892008
-3.082021 2.312794
-3.084030 2.277498
-3.059762 2.326427
4.736104 -3.895031
-1.505716 -3.154029
-1.512153 3.969956
-1.462356 3.960798
-1.470557 3.965575
-2.410567 3.271827
-2.637276 3.517082
-2.604614 3.487868
-2.660540 3.495916
-1.957434 2.782090
-2.015774 2.793514
-1.993805 2.819705
-1.463524 -3.110697
-2.671021 3.558106
-2.650706 3.524799
-2.675488 3.531341
-1.922082 2.722221
-1.919728 2.747292
-1.939464 2.710250
-2.685313 1.508760
-2.908055 1.462213
-2.901397 1.478241
-2.911114 1.473807
-2.873408 -1.886765
-1.940324 1.642445
-1.998187 1.639272
-1.942618 1.658679
-2.991028 1.470613
-2.956391 1.451961
-2.963563 1.493608
-1.916500 1.648438
-1.896564 1.662334
-1.905041 1.673825
-0.843663 3.062472
-2.873392 -1.900942
-0.705869 3.703897
-0.739709 3.693260
-0.759245 3.617727
-0.905317 2.758111
-0.918676 2.817908
-0.929871 2.733268
-0.703840 3.796397
-0.704530 3.763422
-0.732960 3.799333
-0.930914 2.735050
-2.875507 -1.878743
-0.945470 2.646195
-0.953822 2.704708
-3.639538 4.200270
-3.617420 4.333953
-3.644022 4.405900
-3.632313 4.351208
-3.657431 3.855109
-3.671788 3.824455
-3.662031 3.823298
-3.621472 4.414196
-1.453499 -3.189029
-3.584421 4.399960
-3.620415 4.419872
-3.676915 3.768633
-3.651290 3.815209
-3.672791 3.767976
-3.061370 4.625381
-3.403312 4.586940
-3.388282 4.589743
-3.368838 4.574643
-2.933234 4.637540
-1.411423 -3.161973
-2.885290 4.669515
-2.938529 4.622312
-3.438400 4.581916
-3.417324 4.560185
-3.398395 4.546480
-2.862260 4.652690
-2.917965 4.622645
-2.851926 4.655227
-3.313052 4.064379
-2.975258 4.496796
-1.439298 -3.176606
-2.972775 4.474373
-2.944686 4.466804
-3.547213 3.858506
-3.530282 3.831805
-3.485093 3.874690
-2.966675 4.494816
-2.932111 4.493567
-2.941948 4.486111
-3.571349 3.804668
-3.557709 3.814864
-2.939139 -1.837952
-3.543297 3.809386
-3.209038 4.118918
-3.380246 4.282284
-3.338334 4.265983
-3.339057 4.287802
-2.943812 3.871256
-2.976701 3.884857
-2.988600 3.870733
-3.442850 4.382127
-3.433170 4.371102
-2.898329 -1.861947
-3.407879 4.390848
-2.905907 3.831502
-2.923672 3.845625
-2.958263 3.852898
-2.733164 4.157973
-2.728668 4.392611
-2.711121 4.435042
-2.727167 4.388953
-2.765947 3.843251
-2.730658 3.771880
4.727522 -3.900141
-2.917660 -1.879811
-2.751133 3.838462
-2.706423 4.513151
-2.732764 4.471566
-2.745101 4.460482
-2.763069 3.778469
-2.775625 3.805401
-2.747460 3.766632
-3.240092 3.622915
-3.441807 3.632838
-3.481129 3.603472
-2.286923 -0.943477
-3.442690 3.637455
-2.957457 3.624791
-2.937939 3.576354
-3.009702 3.647877
-3.510434 3.607579
-3.509782 3.664453
-3.502203 3.637047
-2.902061 3.604908
-2.919650 3.667609
-2.894796 3.617175
-1.931446 -0.917212
-3.503919 4.608728
-3.651629 4.460874
-3.512028 4.494336
-3.489234 4.479903
-3.490219 4.359730
-3.385453 4.450427
-2.836319 4.582049
-2.760427 4.675845
-2.939181 4.558179
-2.646979 4.619626
-1.942054 -0.935084
-2.809831 4.547688
-2.813362 4.443435
-3.601474 3.701857
-3.694285 3.627626
-3.624192 3.832167
-3.587153 3.534678
-3.558367 3.706988
-3.494317 3.716383
-2.685393 3.651391
-2.792486 3.685070
-1.891440 -0.937473
-2.842483 3.847077
-2.796549 3.553807
-2.940309 3.751565
-2.838818 3.735455
-3.511859 1.695852
-3.741771 1.289863
-3.701481 1.303127
-3.692925 1.274148
-3.379553 1.978446
-3.361088 1.975186
-2.704284 -0.955715
-3.394242 1.943343
-3.753133 1.226798
-3.753647 1.222006
-3.749171 1.188042
-3.295046 2.087392
-3.326269 2.039484
-3.301630 2.053050
-3.962833 1.574962
-3.947206 1.280159
-3.949770 1.221088
-2.654438 -0.971972
-3.906598 1.228539
-3.957526 2.008681
-3.966140 2.043680
-3.956517 1.994603
-3.912789 1.174814
-3.906351 1.205245
-3.917478 1.186760
-3.956597 2.097430
-3.952359 2.046533
-3.965789 2.043295
-2.708835 -0.982717
-3.543275 2.255398
-3.802633 2.206081
-3.774225 2.266644
-3.717185 2.237189
-3.336152 2.269726
-3.292908 2.300903
-3.307742 2.259717
-3.832120 2.226349
-3.839611 2.192334
-3.809391 2.238430
-1.872598 -0.922152
-3.268077 2.253104
-3.280264 2.237388
-3.278886 2.258590
-3.417056 1.245286
-3.690836 1.138568
-3.710995 1.089873
-3.697926 1.154684
-3.286561 1.331893
-3.271486 1.307340
-3.287100 1.307344
-1.810799 -0.920024
-3.739414 1.082038
-3.739016 1.115953
-3.770092 1.074867
-3.234801 1.331975
-3.225044 1.393861
-3.254209 1.322269
-3.504691 1.748827
-3.787949 1.979866
-3.741531 1.981811
-3.716624 1.943802
4.716332 -3.877925
-1.875029 -0.938100
-3.328583 1.552924
-3.254046 1.570466
-3.330473 1.606357
-3.782491 2.013362
-3.810070 2.017871
-3.803450 2.078598
-3.254341 1.520799
-3.281005 1.516204
-3.233296 1.541577
-3.095332 1.842752
-2.790585 -0.950151
-3.146846 2.014478
-3.106771 2.074868
-3.126597 2.041687
-3.086539 1.593025
-3.052989 1.644430
-3.080601 1.626329
-3.165082 2.067363
-3.175089 2.063837
-3.132268 2.102717
-3.053566 1.574114
-2.774255 -0.975840
-3.101767 1.588282
-3.042592 1.597593
-3.906207 1.088838
-3.800769 1.003392
-3.833869 1.244083
-3.779461 0.982709
-3.720665 1.183272
-3.842202 1.176264
-3.834576 2.306304
-3.931618 2.256545
-2.766181 -1.012990
-3.912232 2.118454
-3.829888 2.226215
-3.933503 2.013713
-3.773231 2.116288
-3.181895 2.314036
-3.220958 2.150546
-3.299129 2.177786
-3.093834 2.200152
-3.226351 2.050528
-3.211814 2.204319
-3.035508 -4.089589
-3.096987 1.510878
-3.008958 1.421701
-3.287344 1.451714
-2.975357 1.538549
-3.168995 1.479262
-3.221617 1.572205
-0.601884 4.516652
-0.430806 4.679503
-0.389915 4.651007
-0.420945 4.646139
-3.176501 -4.034405
-1.238444 4.218405
-1.213556 4.213239
-1.194936 4.200463
-0.367561 4.688564
-0.391272 4.673044
-0.349039 4.668277
-1.273436 4.185179
-1.252071 4.185087
-1.253397 4.165098
-0.687149 4.903602
-3.232467 -4.077368
-0.463166 4.841990
-0.488215 4.867962
-0.473679 4.867869
-1.072297 4.934679
-1.054799 4.953482
-1.010100 4.942976
-0.422988 4.826040
-0.396517 4.792623
-0.392042 4.844180
-1.102357 4.951138
-3.221417 -4.066739
-1.069872 4.936911
-1.090147 4.954019
-1.384478 4.531695
-1.305512 4.766101
-1.349455 4.764613
-1.373212 4.642457
-1.399028 4.303919
-1.417452 4.218947
-1.387713 4.230895
-1.291132 4.798968
-2.820703 -4.068156
-1.283817 4.776509
-1.316085 4.776955
-1.423178 4.201332
-1.368452 4.229208
-1.412541 4.186681
-0.399018 4.334754
-0.255290 4.582587
-0.245145 4.567130
-0.299953 4.531933
-0.544550 4.142963
-2.745114 -4.094272
-0.530868 4.109008
-0.564275 4.102125
-0.215011 4.621202
-0.265487 4.627615
-0.241074 4.621199
-0.556093 4.052156
-0.577379 4.093683
-0.577325 4.053804
-0.984755 4.562747
-1.070619 4.746609
4.688448 -3.875348
-2.840486 -4.083903
-1.095903 4.724270
-1.107098 4.727058
-0.760140 4.187146
-0.777817 4.189198
-0.781629 4.187542
-1.099120 4.843957
-1.142159 4.810425
-1.149992 4.803811
-0.730406 4.133966
-0.745528 4.149710
-3.270235 -4.031027
-0.749156 4.101597
-0.999648 3.999960
-1.198493 4.038150
-1.231323 4.014337
-1.228262 4.047041
-0.820767 3.995903
-0.872662 3.975965
-0.873300 3.988940
-1.262039 4.043717
-1.251349 4.043343
-3.245953 -4.044125
-1.270465 4.045930
-0.800145 3.958860
-0.767714 3.995071
-0.807142 3.961576
-0.305627 4.828055
-0.217035 4.696754
-0.434383 4.770334
-0.114011 4.679507
-0.286921 4.628839
-0.314264 4.715215
-3.265627 -4.063389
-1.354981 4.835128
-1.213350 4.954026
-1.197601 4.859936
-1.266492 4.862343
-1.075763 4.874517
-1.220874 4.781658
-1.467926 4.093062
-1.378698 4.035762
-1.310809 4.216440
-1.331741 3.992795
-2.717830 -4.074096
-1.248397 4.127408
-1.319517 4.116237
-0.736987 3.924676
-0.607721 3.876747
-0.651914 4.137149
-0.777415 3.839248
-0.655015 4.044762
-0.766682 4.121807
-1.260994 1.602779
-1.056818 1.573009
-2.794423 -4.063834
-1.021453 1.565804
-1.081433 1.591450
-1.552861 1.640358
-1.597680 1.636021
-1.546661 1.662793
-0.966692 1.567174
-0.988426 1.592044
-0.946032 1.564754
-1.642563 1.630594
-1.641232 1.687000
-2.733746 -4.072369
-1.631337 1.670842
-1.328584 2.091781
-1.104079 1.808826
-1.086119 1.818391
-1.123798 1.866118
-1.581671 2.309943
-1.623131 2.394267
-1.600325 2.387550
-1.056467 1.758392
-1.082132 1.798956
-2.987541 -3.509081
-1.053122 1.792921
-1.652828 2.423383
-1.645840 2.408059
-1.653679 2.465251
-1.841507 2.135846
-1.845118 2.340784
-1.890146 2.390007
-1.859030 2.450548
-1.827314 1.920917
-1.837100 1.904031
-3.252880 -3.814924
-1.802645 1.930303
-1.877108 2.431253
-1.849362 2.457300
-1.876293 2.494217
-1.836463 1.867672
-1.776371 1.838298
-1.811524 1.821338
-0.855956 1.916013
-0.849298 1.799545
-0.836951 1.782802
-3.266927 -3.830762
-0.870555 1.800286
-0.917054 2.354851
-0.933793 2.421131
-0.920421 2.384284
-0.839997 1.726225
-0.871419 1.744024
-0.840024 1.735139
-0.949556 2.448684
-0.959484 2.427329
-0.947158 2.465330
-3.413589 -4.048185
4.738508 -3.872991
-3.287108 -3.844112
-1.492212 2.613113
-1.606172 2.613722
-1.664704 2.644704
-1.716016 2.573217
-1.198580 2.569634
-1.185688 2.607316
-1.242362 2.566644
-1.687647 2.623949
-1.720751 2.604803
-1.730854 2.633020
-2.861186 -3.389085
-1.128816 2.573226
-1.182772 2.560025
-1.185959 2.558655
-1.367337 2.113667
-1.605406 1.849159
-1.623462 1.835888
-1.613995 1.863147
-1.111335 2.386212
-1.154597 2.369874
-1.155234 2.368204
-2.891562 -3.391964
-1.605819 1.805000
-1.655653 1.831020
-1.685378 1.820940
-1.068110 2.444862
-1.111836 2.417818
-1.077327 2.462027
-0.926843 1.630791
-0.893316 1.538243
-1.054903 1.710264
-0.791254 1.607794
-2.890018 -3.406356
-0.922241 1.640222
-0.929521 1.791538
-1.937546 2.586246
-1.788582 2.598186
-1.715770 2.378554
-1.821052 2.708641
-1.663276 2.524233
-1.811998 2.511174
-1.900289 1.723755
-1.799340 1.641228
-3.304190 -3.876436
-1.738982 1.795774
-1.822326 1.731816
-1.613550 1.774417
-1.736160 1.842820
-1.048261 2.677116
-0.932710 2.585217
-1.009773 2.453896
-1.004623 2.560371
-0.977412 2.429324
-1.157747 2.483213
-3.305485 -3.861824
-3.321918 -3.865139
-2.817585 -3.327479
-2.847866 -3.336268
-2.862549 -3.306536
-3.620861 4.612049
-2.621798 -3.621285
-2.657761 -3.399909
-2.615927 -3.399226
-2.653068 -3.407565
-2.635725 -3.858782
-2.578059 -3.829423
-2.613387 -3.792343
-2.662970 -3.364006
-2.676685 -3.376419
-2.661455 -3.324270
-3.606386 4.587853
-2.613207 -3.899069
-2.612347 -3.879096
-2.578465 -3.867898
-3.571569 -3.509495
-3.497611 -3.769851
-3.497964 -3.785477
-3.485083 -3.754994
-3.604385 -3.336727
-3.614253 -3.308077
-3.611763 -3.351491
-3.586390 4.594050
-3.462812 -3.865353
-3.459753 -3.831583
-3.461576 -3.833195
-3.617931 -3.247639
-3.603341 -3.266309
-3.620862 -3.270877
-3.118100 -3.134773
-2.917028 -3.147880
-2.906508 -3.146963
-2.878293 -3.166090
-3.556218 4.550924
-3.470051 -3.110195
-3.472491 -3.113085
-3.464942 -3.142874
-2.839745 -3.158518
-2.811329 -3.192366
-2.836375 -3.182944
-3.474685 -3.110327
-3.491895 -3.141412
-3.481062 -3.138503
-2.876287 -3.756812
-3.612056 4.569434
-2.766132 -3.886518
-2.737637 -3.890166
-2.746020 -3.871340
-3.420041 -3.304136
-3.413754 -3.263093
-3.408766 -3.297009
-2.692474 -3.942425
-2.720873 -3.914662
-2.684072 -3.933217
-3.449523 -3.279119
-3.601300 4.550072
-3.454728 -3.298584
-3.430846 -3.267215
-3.332804 -3.919847
-3.352170 -4.079238
-3.269325 -3.930888
-3.457722 -3.929542
-3.340442 -3.956596
-3.386837 -3.821685
-2.617468 -3.204979
-2.676663 -3.166559
-3.572501 4.570262
-2.729138 -3.370733
-2.722144 -3.112624
-2.848721 -3.257177
-2.745252 -3.269829
-2.488719 -3.954960
-2.610246 -4.096473
-2.690217 -3.996876
-2.599731 -3.976714
-2.787371 -4.019766
-2.666190 -3.885092
0.241410 -4.055928
-3.563887 -3.046777
-3.644582 -3.079568
-3.545759 -3.200177
-3.542609 -3.069345
-3.552737 -3.258232
-3.453837 -3.228838
-0.390176 -3.529939
-0.331664 -3.794722
-0.282659 -3.804478
-0.325902 -3.808736
0.004710 -4.023571
-0.463873 -3.307258
-0.467607 -3.230008
-0.493037 -3.252956
-0.294179 -3.843845
-0.327440 -3.845190
-0.283551 -3.841007
-0.488191 -3.215271
-0.480795 -3.253490
-0.483944 -3.212021
-0.559414 -4.089798
-3.439387 -4.031893
-0.012625 -4.039575
-0.465165 -4.076424
-0.404403 -4.059143
-0.411863 -4.044550
-1.057201 -4.140466
-1.076062 -4.161972
-1.055345 -4.159374
-0.396944 -4.006275
-0.395075 -3.995378
-0.361843 -4.045551
-1.111567 -4.111091
0.013124 -4.031170
-1.087756 -4.137946
-1.105732 -4.148901
-0.866023 -3.577845
-1.040282 -3.838397
-1.053542 -3.832438
-1.037525 -3.810946
-0.647944 -3.282141
-0.635968 -3.217156
-0.659561 -3.233330
-1.112519 -3.901612
1.003080 -4.104945
-1.086269 -3.895961
-1.116967 -3.873553
-0.601813 -3.200530
-0.629101 -3.224932
-0.621918 -3.185919
-0.881285 -3.616740
-0.503449 -3.818003
-0.416565 -3.891654
-0.502130 -3.874164
-1.137221 -3.436039
1.052029 -4.120056
-1.171462 -3.407177
-1.111344 -3.418784
-0.381211 -3.901452
-0.440640 -3.869731
-0.406566 -3.906816
-1.180363 -3.398886
-1.176733 -3.385306
-1.227733 -3.333734
-1.315586 -3.747060
-1.243284 -3.941144
1.046034 -4.098165
-1.291904 -3.899196
-1.262239 -3.919811
-1.299878 -3.431776
-1.354075 -3.405711
-1.346529 -3.409603
-1.265743 -4.004089
-1.226852 -3.962424
-1.279986 -3.974240
-1.338678 -3.379002
-1.328264 -3.378916
-0.099469 -4.029685
-1.349892 -3.356725
-0.914617 -3.124828
-0.770455 -3.101981
-0.735004 -3.062684
-0.735094 -3.087815
-1.209637 -3.170284
-1.203067 -3.167312
-1.203393 -3.187062
-0.700265 -3.070847
-0.702592 -3.089731
-0.119252 -3.990672
-0.715672 -3.055498
-1.224139 -3.181916
-1.234680 -3.190042
-1.276892 -3.178271
-0.238846 -4.038883
-0.210703 -3.901445
-0.382387 -3.938320
-0.261148 -3.943091
-0.362948 -3.837674
-0.413608 -3.941199
-0.095562 -4.021499
-1.330268 -3.971901
-1.318867 -4.110881
-1.076657 -4.068372
-1.358355 -4.026765
-1.134346 -4.078643
-1.179986 -3.922980
-0.605254 -3.072206
-0.506860 -3.070268
-0.567219 -3.242832
-0.659230 -2.994366
1.145736 -4.119598
-0.648779 -3.124890
-0.693950 -3.136726
-1.409289 -3.280713
-1.303862 -3.298813
-1.213416 -3.406090
-1.354015 -3.149392
-1.214118 -3.258545
-1.307357 -3.291231
-0.559143 -1.190543
-0.590729 -0.951742
1.147056 -4.099280
-0.551966 -0.942557
-0.567251 -0.999403
-0.586330 -1.526129
-0.558106 -1.560744
-0.582352 -1.490400
-0.591176 -0.912070
-0.589815 -0.932593
-0.582463 -0.900212
-0.592673 -1.639895
-0.605120 -1.586462
-3.385090 -4.037217
1.133462 -4.109980
-0.567435 -1.589826
-1.040147 -1.256142
-0.789050 -0.984174
-0.786929 -0.957748
-0.848222 -1.013476
-1.196314 -1.471787
-1.224477 -1.490608
-1.221444 -1.462643
-0.729775 -0.908370
-0.768196 -0.934283
-0.058698 -0.261698
-0.750491 -0.891669
-1.282816 -1.561591
-1.283942 -1.552647
-1.291148 -1.539865
-1.013721 -1.773172
-1.215631 -1.738159
-1.292432 -1.765290
-1.263100 -1.746187
-0.785410 -1.711252
-0.778692 -1.800501
-0.527125 -0.674624
-0.811284 -1.771331
-1.310381 -1.726923
-1.304104 -1.711253
-1.323930 -1.728299
-0.701112 -1.796854
-0.739345 -1.759670
-0.729351 -1.776187
-1.133390 -0.775033
-0.876371 -0.754097
-0.790481 -0.732869
-0.486474 -0.605441
-0.850751 -0.750191
-1.428266 -0.863528
-1.391083 -0.806933
-1.466691 -0.841361
-0.758311 -0.731942
-0.794085 -0.772430
-0.783615 -0.770051
-1.531193 -0.877454
-1.490328 -0.860355
-1.521199 -0.853021
-0.510683 -0.623438
-1.592025 -1.333027
-1.538896 -1.465028
-1.557945 -1.465021
-1.533470 -1.476484
-1.635526 -1.122022
-1.704330 -1.092838
-1.622750 -1.164489
-1.516173 -1.576668
-1.489815 -1.537387
-1.528848 -1.590151
0.388880 0.040631
-1.646618 -1.045163
-1.623614 -1.100283
-1.656968 -1.084999
-0.987954 -1.366449
-0.793138 -1.509032
-0.796979 -1.598269
-0.834145 -1.479690
-1.458452 -1.061611
-1.498171 -1.050511
-1.471720 -1.081067
0.419623 0.125454
-0.736813 -1.572034
-0.728446 -1.589318
-0.748928 -1.614192
-1.544769 -1.004885
-1.492215 -1.053986
-1.540195 -1.040190
-0.695013 -0.817388
-0.547638 -0.788562
-0.680416 -0.943903
-0.663880 -0.691672
0.395204 0.116849
-0.724283 -0.826980
-0.789517 -0.837832
-1.453079 -1.832276
-1.380015 -1.630982
-1.246431 -1.641591
-1.584476 -1.731452
-1.400686 -1.539258
-1.400230 -1.646753
-0.661638 -1.840283
-0.568482 -1.716610
-0.564848 -0.702234
-0.661734 -1.662093
-0.724394 -1.725441
-0.656167 -1.542409
-0.751400 -1.719398
-1.804121 -0.984713
-1.692267 -0.882196
-1.552818 -0.948774
-1.678047 -0.979338
-1.488460 -0.916795
-1.544188 -1.079484
-0.575942 -0.670920
-3.339860 -1.122935
-3.507104 -0.908469
-3.527569 -0.830703
-3.496134 -0.859081
-3.116626 -1.572993
-3.148404 -1.477129
-3.107156 -1.531713
-3.549325 -0.813814
-3.511842 -0.844968
-3.516481 -0.829183
-3.445293 -4.066213
-0.563864 -0.658502
-3.077016 -1.636504
-3.070929 -1.603301
-3.062766 -1.627062
-3.791450 -1.138819
-3.765656 -0.881131
-3.764692 -0.821505
-3.763937 -0.777692
-3.807081 -1.551769
-3.818121 -1.582925
-3.820257 -1.603780
0.469585 0.153047
-3.738533 -0.776882
-3.721082 -0.803311
-3.725588 -0.748693
-3.828989 -1.654286
-3.817430 -1.648976
-3.820988 -1.662012
-3.419028 -1.793140
-3.623277 -1.775282
-3.634847 -1.815669
-3.661838 -1.784578
0.482765 0.157087
-3.166986 -1.783007
-3.172925 -1.822332
-3.176603 -1.792218
-3.660699 -1.808287
-3.677240 -1.737728
-3.690403 -1.804558
-3.128337 -1.806464
-3.136192 -1.776171
-3.128000 -1.780293
-3.255960 -0.785446
0.467505 0.171373
-3.472819 -0.714825
-3.503680 -0.671811
-3.511437 -0.714065
-3.079662 -0.908673
-3.106688 -0.860944
-3.100773 -0.884537
-3.544517 -0.675281
-3.548936 -0.725208
-3.581381 -0.671988
-3.042659 -0.902730
4.634437 0.398631
-3.063990 -0.927555
-3.057907 -0.890055
-3.305849 -1.345598
-3.613589 -1.613909
-3.664854 -1.673609
-3.637899 -1.651334
-3.137429 -1.185046
-3.083279 -1.154970
-3.126072 -1.174551
-3.686474 -1.679822
4.562436 1.186008
-3.678108 -1.668165
-3.693280 -1.726355
-3.060292 -1.105776
-3.084363 -1.120143
-3.041410 -1.075306
-2.942739 -1.412266
-2.964780 -1.599768
-2.948455 -1.636307
-2.963418 -1.694409
-2.957049 -1.158997
4.562212 1.188654
-2.907651 -1.256445
-2.946464 -1.204430
-2.976531 -1.655288
-2.974538 -1.646561
-2.946714 -1.688431
-2.949094 -1.083236
-2.947370 -1.138047
-2.931686 -1.143155
-3.738512 -0.638176
-3.653659 -0.631720
4.583241 1.204980
-3.630082 -0.824632
-3.602022 -0.622180
-3.509391 -0.767039
-3.652442 -0.722518
-3.711882 -1.887142
-3.815012 -1.840052
-3.731233 -1.707766
-3.740896 -1.824943
-3.755530 -1.652883
-3.661224 -1.721915
4.668694 -0.031937
-2.991818 -1.870649
-3.019148 -1.727121
-3.125934 -1.697694
-2.896177 -1.791782
-3.023813 -1.613854
-3.071574 -1.751312
-2.865774 -1.036684
-2.901368 -0.910224
-3.072575 -1.040588
-2.836432 -1.075179
4.674137 -0.011382
-3.040972 -0.965405
-2.995003 -1.146713
3.328049 2.278929
2.905039 2.389089
2.895326 2.390041
2.923003 2.401401
3.525623 2.170805
3.518642 2.177513
3.529921 2.205482
2.822119 2.383708
-3.415521 -4.010815
4.663974 -0.033120
2.872245 2.437096
2.839363 2.417384
3.591948 2.123446
3.607491 2.154310
3.602981 2.150028
1.657446 1.378834
1.871254 1.710750
1.885510 1.664874
1.871753 1.678491
1.375814 1.027786
4.535832 1.281070
1.439563 1.018199
1.402096 1.077581
1.920524 1.726117
1.921017 1.761875
1.946097 1.754260
1.411625 0.987680
1.362976 1.024730
1.404132 1.052164
2.970863 1.048217
2.287491 0.771912
4.546817 1.298135
2.278188 0.778688
2.306457 0.834610
3.338967 1.228765
3.342864 1.253989
3.356048 1.246531
2.157100 0.726904
2.178353 0.754033
2.116136 0.792150
3.409820 1.277879
3.403421 1.265013
4.556255 1.270501
3.417006 1.290582
2.178692 3.663777
2.140336 3.237203
2.182097 3.265948
2.162747 3.235388
2.162053 3.970283
2.169922 3.942142
2.208695 3.979678
2.151941 3.204955
2.147939 3.164460
4.679663 -0.114155
2.205702 3.154294
2.167143 4.014995
2.164726 4.017259
2.164249 4.009131
1.352061 3.318251
0.909643 1.565041
0.933710 1.565153
0.966220 1.611774
1.416925 3.548662
1.422344 3.546244
4.661719 -0.109796
1.418503 3.536614
0.898540 1.516024
0.936951 1.500246
0.937679 1.533311
1.444563 3.613398
1.446257 3.609531
1.467586 3.618952
3.711996 3.292250
4.040176 2.826904
4.027443 2.813864
4.673666 -0.071311
4.044735 2.790387
3.044090 4.080637
3.031478 4.091131
3.053539 4.046495
4.090318 2.766703
4.080694 2.772060
4.049314 2.784140
2.979081 4.145133
2.986192 4.114000
2.990560 4.109854
-3.803470 0.498538
1.832696 2.173086
1.800865 2.351418
1.759277 2.323064
1.759479 2.349865
1.874308 1.979619
1.880548 1.958901
1.887006 1.972070
1.775642 2.374234
1.793546 2.401501
1.752576 2.380112
-3.712553 -0.438229
1.932918 1.928322
1.932174 1.952951
1.903820 1.936491
2.229239 2.472984
1.888334 2.476516
1.874354 2.478027
1.941676 2.499857
2.497354 2.454264
2.554921 2.461648
2.531901 2.472796
-3.739500 -0.439984
1.831141 2.467205
1.869922 2.489720
1.867551 2.508893
2.625691 2.464986
2.586888 2.496423
2.614531 2.483589
2.389783 2.107159
2.550012 2.249444
2.591056 2.261876
2.541523 2.233177
1.619088 2.476524
-3.690288 -0.505974
2.203419 1.956545
2.186935 1.944478
2.197829 1.964205
2.618870 2.284510
2.596509 2.265531
2.625067 2.303575
2.133448 1.917996
2.132648 1.934161
2.129763 1.920061
1.894468 2.818737
-3.828562 0.808105
1.774649 2.662189
1.772042 2.672778
1.798532 2.688540
2.007981 2.939362
2.001720 2.962612
2.003019 2.953890
1.749302 2.630492
1.806851 2.614600
1.758883 2.654341
2.050303 2.989180
-3.851151 0.840714
2.026045 2.955194
2.038550 3.009527
2.496324 2.753282
2.600778 2.635869
2.652648 2.607095
2.605675 2.585376
2.305784 2.904785
2.361660 2.931672
2.342248 2.939811
2.669596 2.574788
-3.830247 0.864389
2.639720 2.563891
2.672847 2.562320
2.304482 2.992227
2.264314 2.976654
2.287445 2.985196
2.074858 2.183874
2.028598 2.067684
2.048361 2.025603
2.075489 2.011123
2.121832 2.819825
-3.706810 -0.553639
2.116496 2.920603
2.117549 2.832515
2.022067 2.025879
2.052937 1.983228
2.053452 1.952858
2.123475 2.949183
2.136072 2.900999
2.134606 2.980667
1.720679 2.481134
1.708798 2.403606
-3.682184 -0.550647
1.833508 2.416599
1.647378 2.567587
1.765463 2.523398
1.844980 2.575602
2.741277 2.346593
2.725717 2.435628
2.596792 2.337870
2.764955 2.512121
2.600424 2.546592
2.599909 2.440484
-3.709644 -0.554742
2.008940 1.776736
1.898977 1.829918
2.053243 1.932981
1.975719 1.850441
1.964872 1.991789
2.108049 1.962444
2.279566 3.089503
2.074779 3.120186
2.128745 2.955013
2.156454 3.125693
-3.850937 0.909036
2.062551 2.936419
2.194659 2.912904
1.319943 0.396992
0.832927 0.297023
0.832941 0.272326
0.864774 0.307504
1.731972 0.502554
1.736597 0.532580
1.704999 0.548528
0.780081 0.269931
-3.822632 0.892548
0.794539 0.283083
0.806531 0.273057
1.770295 0.532518
1.724916 0.518936
1.777234 0.554532
0.829872 0.498065
0.673829 0.352539
0.670555 0.353159
0.682284 0.403580
1.159115 0.700396
-3.839573 0.912364
1.151378 0.736079
1.089739 0.728909
0.616132 0.286303
0.665305 0.342125
0.613981 0.329582
1.185711 0.746423
1.153022 0.749138
1.174535 0.757215
1.616084 0.687001
1.487044 0.718905
1.630196 2.475566
0.489293 4.818718
1.468992 0.761269
1.452948 0.735699
1.784839 0.637014
1.864640 0.650908
1.802483 0.708831
1.424887 0.765417
1.395652 0.750009
1.422460 0.779007
1.892828 0.625702
1.842754 0.641345
1.342543 4.861855
1.881213 0.648587
0.684852 0.882737
0.639258 0.535927
0.554480 0.438154
0.598848 0.490307
0.748488 1.085088
0.734949 1.134797
0.751117 1.120102
0.562661 0.438258
0.584425 0.444733
1.355814 4.874100
0.555187 0.384697
0.811102 1.231640
0.832697 1.231002
0.812473 1.225490
1.081941 1.073992
1.181326 0.917666
1.229077 0.948513
1.236480 0.920486
0.945772 1.219889
0.991117 1.218841
1.352670 4.873762
0.973267 1.251694
1.243663 0.933848
1.248479 0.883613
1.244401 0.926918
0.922567 1.268767
0.949943 1.255471
0.968108 1.265307
1.597091 0.968478
1.711385 0.836341
1.818949 0.819677
0.009526 4.764801
1.751401 0.861468
1.110160 1.261825
1.134781 1.279386
1.083032 1.268276
1.837537 0.776980
1.821139 0.782094
1.868346 0.833641
1.068408 1.338022
1.028794 1.299641
1.044470 1.352994
0.035357 4.794342
0.555784 0.248604
0.592399 0.163646
0.741674 0.298672
0.498390 0.308878
0.683753 0.411285
0.615260 0.381243
1.456815 0.886825
1.229241 0.828172
1.320161 0.711795
1.323961 1.017585
0.068775 4.775125
1.174535 0.827560
1.343211 0.816024
2.013376 0.686025
2.025384 0.662620
1.799508 0.573128
2.010461 0.811677
1.766459 0.715373
1.818620 0.770643
0.938899 1.423997
0.815232 1.361303
1.428753 4.859384
0.856526 1.219904
1.017336 1.445527
0.899649 1.232440
1.018730 1.302630
4.106680 1.374740
4.321375 1.362453
4.311361 1.397978
4.285117 1.397274
3.800978 1.390909
3.797859 1.343657
1.431746 4.849328
3.794646 1.374272
4.370489 1.378422
4.353660 1.419432
4.355298 1.382947
3.715490 1.363591
3.748117 1.390556
3.745634 1.355968
4.152605 1.775967
4.355058 1.624101
4.379701 1.571313
1.421807 4.862711
4.354843 1.605062
3.916703 1.969844
3.898779 1.992963
3.910797 2.009497
4.398532 1.525187
4.393836 1.574894
4.378527 1.548187
3.811626 2.026791
3.868175 2.034994
3.821548 2.073091
1.628041 2.480826
-0.076484 4.747882
3.630398 1.734641
3.673851 1.871636
3.652892 1.915053
3.668629 1.990203
3.625284 1.576880
3.533162 1.507255
3.597186 1.505320
3.675149 1.933829
3.709609 1.962822
3.665075 1.985191
-0.046053 4.744669
3.558164 1.466473
3.602040 1.483154
3.544473 1.479259
4.443439 1.942806
4.477553 1.704731
4.497661 1.748014
4.489986 1.735429
4.325625 2.405699
4.306982 2.428797
4.303614 2.393289
-0.084851 4.749689
4.502899 1.587622
4.484177 1.630631
4.501248 1.615385
4.285119 2.480673
4.298151 2.445426
4.279539 2.481411
3.960045 2.424288
3.811595 2.211908
3.775349 2.197814
3.807601 2.205464
-0.626068 1.347434
4.128042 2.541224
4.060194 2.539094
4.098765 2.520767
3.795240 2.171636
3.778841 2.177517
3.760445 2.169907
4.104448 2.561441
4.130483 2.538625
4.089422 2.567709
3.992307 2.141133
1.667143 -1.124509
3.758438 1.561478
3.722770 1.564877
3.709928 1.563152
4.138003 2.394820
4.080846 2.430720
4.114798 2.395229
3.675855 1.473284
3.676947 1.499306
3.660329 1.489324
4.136239 2.455284
1.706225 -1.126674
4.138798 2.423117
4.113519 2.443434
4.455103 1.441488
4.438772 1.339240
4.376139 1.502394
4.554313 1.435948
4.449661 1.526061
4.481184 1.630233
3.616143 2.032939
3.712076 2.090214
1.718163 -1.107088
3.748049 1.948354
3.655616 2.180884
3.845758 2.106879
3.734834 2.051210
3.441319 1.357401
3.530557 1.279912
3.680052 1.438270
3.595385 1.417821
3.754056 1.397801
3.640038 1.495711
-0.773622 1.490038
4.062180 2.722615
4.225010 2.607322
4.230041 2.490025
4.078993 2.612555
4.214222 2.440852
4.121567 2.452851
1.551683 4.555871
1.572251 4.692134
1.545586 4.718448
1.588314 4.687207
-0.778581 1.512741
1.519011 4.073356
1.484184 4.021643
1.524655 4.034785
1.566216 4.731415
1.601269 4.700485
1.575999 4.729354
1.473725 3.991611
1.557169 4.042585
1.486542 3.983428
1.948137 4.523915
-0.749016 1.482091
1.794075 4.700513
1.754083 4.723814
1.795021 4.711100
2.044830 4.394350
2.053884 4.362064
2.058380 4.400412
1.712437 4.759479
1.734242 4.767179
1.715152 4.771662
2.056717 4.326742
