4.769768699996347894e-01
1.769785629399848403e+00
5.070156865199533236e+00
9.644605317599779681e+00
1.550051540040003673e+01
2.420755204620072476e+01
3.771630753620119947e+01
4.906655181139940680e+01
6.439666903519973573e+01
7.924578705000021728e+01
9.774354808800053718e+01
1.170994342588004713e+02
1.450703453844005821e+02
1.688347320003987875e+02
1.848968840271976717e+02
2.124513349952001704e+02
2.419520410988043295e+02
2.753216451054002505e+02
3.087418250577990193e+02
3.503306477272009829e+02
